0
0
0
0
0
0
0
0
0
0
0
0
0
0
0
0
0
0
0
0
0
0

0
0
0
0
0
0
0
0
0
0
0
0
0
0
0
0
0
0
0
0
0
0

0
0
0
0
0
0
0
0
0
0
0
0
0
0
0
0
0
0
0
0
0
0

0
0
0
0
0
0
0
0
0
0
0
0
0
0
0
0
0
0
0
0
0
0

0
0
0
0
0
0
0
0
0
0
0
0
0
0
0
0
0
0
0
0
0
0

0
0
0
0
0
0
0
0
0
0
0
0
0
0
0
0
0
0
0
0
0
0

0
0
0
0
0
0
0
0
0
0
0
0
0
0
0
0
0
0
0
0
0
0

0
0
0
0
0
0
0
0
0
0
0
0
0
0
0
0
0
0
0
0
0
0

0
0
0
0
0
0
0
0
0
0
0
0
0
0
0
0
0
0
0
0
0
0

0
0
0
0
0
0
0
0
0
0
0
0
0
0
0
0
0
0
0
0
0
0

0
0
0
0
0
0
0
0
0
0
0
0
0
0
0
0
0
0
0
0
0
0

0
0
0
0
0
0
0
0
0
0
0
0
0
0
0
0
0
0
0
0
0
0

0
0
0
0
0
0
0
0
0
0
0
0
0
0
0
0
0
0
0
0
0
0

0
0
0
0
0
0
0
0
0
0
0
0
0
0
0
0
0
0
0
0
0
0

0
0
0
0
0
0
0
0
0
0
0
0
0
0
0
0
0
0
0
0
0
0

0
0
0
0
0
0
0
0
0
0
0
0
0
0
0
0
0
0
0
0
0
0

0
0
0
0
0
0
0
0
0
0
0
0
0
0
0
0
0
0
0
0
0
0


0
0
0
0
0
0
0
0
0
0
0
0
0
0
0
0
0
0
0
0
0
0

0
-0.774811
-0.444012
-0.788812
-0.759792
-0.754669
-0.689862
-0.790287
-0.657069
-4.1811
-0.864862
-0.847638
-1.40305
-0.885966
-0.64735
-0.703154
1.75084
0.0338175
-0.552743
-0.66748
-0.791017
0

0
-0.314521
0.148722
-0.297388
-0.317383
-0.201333
0.286537
-0.344151
-0.260379
1.85756
-0.361844
-0.368631
-2.38116
-0.382369
-0.202466
-0.132136
10.4753
0.272198
-0.117986
-0.202633
-0.321194
0

0
-0.323753
-0.0355801
-0.354051
-0.311691
0.130378
-0.884944
-0.312102
0.153606
-0.26045
-0.36186
-0.389381
1.51297
-0.312396
-0.226915
0.149738
-7.91221
0.408585
-0.11849
-0.215343
-0.329975
0

0
-0.326379
-0.267996
-0.576091
-0.327604
-0.721265
-0.393078
-0.336497
-0.702682
-0.282958
-0.356593
-0.37023
-0.232761
-0.332789
-0.222184
-0.258508
-0.081328
0.0394789
-0.169918
-0.220865
-0.33005
0

0
-0.326957
-0.289153
-0.0545074
-0.340147
-0.286615
-0.351805
-0.329274
-0.298887
-0.301211
-0.36234
-0.363534
-0.103878
-0.37696
-0.239874
-0.702385
-0.275273
0.0959899
-1.09527
-0.233148
-0.330299
0

0
-0.327288
-0.310205
-0.282463
-0.323616
-0.26477
-0.337079
-0.328679
-0.209577
-0.31726
-0.357824
-0.365715
-0.278706
-0.131749
-0.182006
0.333591
-0.214498
0.135866
1.19461
-0.274324
-0.332536
0

0
-0.327239
-0.318404
-0.303863
-0.328946
-0.27801
-0.325848
-0.331594
0.9989
-0.314341
-0.357766
-0.3685
-0.319452
-0.297548
-0.14583
-0.396624
-0.178683
0.267256
0.100554
-0.304609
-0.331172
0

0
-0.326998
-0.321761
-0.311503
-0.333731
-0.278295
-0.289713
-0.319975
-1.66436
-0.350231
-0.35957
-0.371871
-0.34552
-0.299667
0.0736621
-0.0947059
-0.144718
0.465482
0.211084
-1.22421
-0.33163
0

0
-0.326685
-0.323171
-0.314029
-0.289056
-0.626372
-0.148228
-0.326443
-0.509847
-0.361001
-0.362217
-0.376506
-0.359689
-0.256676
0.0171779
0.0949778
-0.183731
0.371488
0.188209
0.857535
-0.349301
0

0
-0.326362
-0.323774
-0.317194
-0.215052
-0.191112
-0.374705
-0.33507
-0.430673
-0.360185
-0.363518
-0.382223
-0.371972
0.0640538
-0.0382983
0.488378
0.0386353
1.01814
0.360991
-0.0720036
-0.345985
0

0
-0.326016
-0.325504
-0.315442
-0.290452
-0.0949053
-0.306223
-0.331141
-0.418043
-0.361636
-0.355512
-0.397853
-0.382157
-0.367024
0.153769
1.101
0.271147
4.58586
0.509922
-0.141135
-0.343651
0

0
-0.325216
-0.343119
-0.312833
-0.302766
-0.171548
-0.280193
-0.33005
-0.654015
-0.365771
-0.368134
-0.393155
-0.396809
-0.138083
0.659215
5.67384
0.617956
-0.0917625
0.291832
-0.188567
-0.340355
0

0
-0.326247
-0.305599
-0.331464
-0.297585
-0.202965
-0.288873
-0.331769
-0.0761704
-0.359234
-0.365314
-0.40399
-0.409781
-0.220053
4.45831
-7.71834
-0.465396
1.4647
0.441185
-0.250993
-0.337873
0

0
-0.319959
-0.316785
-0.310477
-0.282491
-0.175485
-0.280452
-0.320444
-0.30892
-0.353381
-0.36968
-0.397137
-0.417918
-0.366273
-5.29878
-0.571634
5.97966
7.4417
0.794618
-0.0139267
-0.334526
0

0
-0.0336588
-0.0145523
0.012866
0.0846627
0.484786
0.0906344
0.0111373
-0.0386085
-0.0637472
-0.10571
-0.150074
-0.244141
-0.416781
0.257236
0.622096
-4.19527
9.61052
1.57484
-0.244647
0.0241382
0

0
0
0
0
0
0
0
0
0
0
0
0
0
0
0
0
0
0
0
0
0
0


0
0
0
0
0
0
0
0
0
0
0
0
0
0
0
0
0
0
0
0
0
0

0
-0.853725
-0.92268
-0.853445
-0.88243
-0.875714
-0.866886
-0.843017
-0.982652
0.761023
-0.828229
-0.852308
-0.165044
-0.826383
-0.868029
-0.944342
-4.14364
-1.8337
-0.845357
-0.847206
-0.866384
0

0
-0.390426
-2.03398
-0.379678
-0.393008
-0.443826
-0.376976
-0.350817
-0.416137
-0.435705
-0.394717
-0.379697
-0.297127
-0.416674
-0.383916
-0.487245
4.52159
-0.843178
-0.404866
-0.381885
-0.397353
0

0
-0.402141
-0.471315
-0.398562
-0.38885
-0.4227
-0.358611
-0.351227
-0.395874
-0.373116
-0.392991
-0.393532
-0.645908
-0.405258
-0.391058
-0.432221
-1.7217
-0.323659
-0.381057
-0.39181
-0.406537
0

0
-0.402625
-0.41646
-0.377234
-0.389005
-0.445942
-0.416563
-0.396581
-0.354721
-0.37984
-0.389122
-0.392481
-0.303762
-0.291394
-0.382054
-0.491361
-1.07836
-0.463708
-0.412959
-0.39259
-0.406615
0

0
-0.402004
-0.383762
-0.427861
-0.40077
-0.41306
-0.401503
-0.392753
-0.412974
-0.389723
-0.388102
-0.390031
-0.382695
-0.434949
-0.413464
0.468185
-0.451454
-0.425748
-0.284368
-0.392196
-0.406941
0

0
-0.40178
-0.386609
-0.37992
-0.392954
-0.446141
-0.404726
-0.392132
-0.438995
-0.390944
-0.389205
-0.387365
-0.442841
-0.353839
-0.427862
0.554774
-0.410723
-0.399993
-0.5118
-0.424537
-0.408142
0

0
-0.401692
-0.387956
-0.384589
-0.392757
-0.538165
-0.417566
-0.392783
-0.360134
-0.390111
-0.388729
-0.389028
-0.395049
-0.378239
-0.400741
-0.764927
-0.464939
-0.417367
-0.412376
-0.407423
-0.408419
0

0
-0.401643
-0.388505
-0.387337
-0.399103
-0.246961
-0.415054
-0.391564
-0.323297
-0.381085
-0.387953
-0.388914
-0.394815
-0.399248
-0.425165
-0.547632
-0.468538
-0.462634
-0.367133
-0.361867
-0.410991
0

0
-0.401613
-0.388526
-0.388126
-0.41383
0.829129
-0.303587
-0.385929
-0.44628
-0.391825
-0.38851
-0.388783
-0.392894
-0.40602
-0.396789
-0.7551
-0.525664
-1.00843
-0.507125
-0.544261
-0.422419
0

0
-0.401604
-0.387934
-0.389292
-0.389487
-0.941196
-0.445775
-0.382036
-0.399208
-0.389769
-0.388583
-0.38851
-0.39263
-0.315043
-0.530156
-0.872604
-0.35351
-2.79712
-0.389945
-0.424477
-0.420203
0

0
-0.401612
-0.38709
-0.38938
-0.378033
-0.28729
-0.440118
-0.392011
-0.387855
-0.38873
-0.388852
-0.38805
-0.383879
-1.78486
-0.755153
0.318037
-0.106289
-0.680779
-0.484653
-0.465425
-0.419769
0

0
-0.401267
-0.397247
-0.384986
-0.390368
-0.379085
-0.390488
-0.38964
-0.392085
-0.389966
-0.388628
-0.388382
-0.387537
-0.511259
-0.61249
3.55219
-0.267654
-1.05734
-0.477342
-0.470371
-0.418037
0

0
-0.40125
-0.381392
-0.360321
-0.390929
-0.402982
-0.392744
-0.390027
-0.421969
-0.392524
-0.389112
-0.387916
-0.389053
-0.382777
1.20502
-2.80875
-1.14167
-1.06212
-0.492808
-0.480485
-0.415998
0

0
-0.397307
-0.352815
-0.392055
-0.386688
-0.395204
-0.386484
-0.384552
-0.367138
-0.382203
-0.382973
-0.383844
-0.384319
-0.399764
-1.21265
-0.274186
-0.602057
-0.798971
-0.640847
-0.52539
-0.408181
0

0
-0.110999
-0.083643
-0.063784
-0.0320719
0.0633167
-0.0237108
-0.057595
-0.0690075
-0.0905641
-0.110796
-0.130951
-0.186381
-0.291091
-0.232335
0.116928
0.0556849
3.32833
-0.607248
-0.21528
-0.0930595
0

0
0
0
0
0
0
0
0
0
0
0
0
0
0
0
0
0
0
0
0
0
0


0
0
0
0
0
0
0
0
0
0
0
0
0
0
0
0
0
0
0
0
0
0

0
-0.852496
-0.880678
-0.847088
-0.843453
-0.886035
-0.867559
-0.848888
-0.840684
-0.875985
-0.845463
-0.848608
-0.8517
-0.843905
-0.863632
-0.884733
-2.24743
-0.835917
-0.830424
-0.843692
-0.861242
0

0
-0.394568
-0.43353
-0.377013
-0.386964
-0.293037
-0.369622
-0.395357
-0.39183
-0.393449
-0.382862
-0.38129
-0.413329
-0.396541
-0.382893
-0.395039
-0.94459
-0.487045
-0.376884
-0.376751
-0.392005
0

0
-0.401776
-0.442454
-0.389114
-0.393184
-0.372394
-0.375483
-0.380398
-0.396986
-0.387647
-0.390537
-0.389474
-0.478692
-0.402811
-0.390919
-0.396902
-2.05555
-0.339365
-0.376475
-0.388231
-0.401421
0

0
-0.401854
-0.401257
-0.386769
-0.389236
-0.432275
-0.396988
-0.386549
-0.378124
-0.384064
-0.389119
-0.389066
-0.402002
-0.382355
-0.388558
-0.392574
-0.754657
-0.386402
-0.368962
-0.388502
-0.401652
0

0
-0.401625
-0.390541
-0.403224
-0.392434
-0.443021
-0.399363
-0.389648
-0.393383
-0.386687
-0.388423
-0.388921
-0.379208
-0.411021
-0.39099
-0.930199
-0.452314
-0.397497
-0.344024
-0.389835
-0.402125
0

0
-0.401431
-0.388102
-0.39101
-0.391261
-0.455269
-0.400012
-0.389975
-0.402705
-0.38813
-0.388379
-0.387786
-0.411476
-0.395682
-0.403654
-0.323415
-0.416697
-0.395783
-0.451043
-0.399119
-0.402986
0

0
-0.401316
-0.387783
-0.387243
-0.389839
-0.482989
-0.402986
-0.389479
-0.404413
-0.38782
-0.388208
-0.388516
-0.392697
-0.383817
-0.402434
-0.337905
-0.430713
-0.413438
-0.4083
-0.395912
-0.404075
0

0
-0.401249
-0.387826
-0.387114
-0.390991
-0.433941
-0.401994
-0.388798
-0.36103
-0.384007
-0.387896
-0.388564
-0.39146
-0.389243
-0.406738
-0.480753
-0.454705
-0.455298
-0.392649
-0.391396
-0.405959
0

0
-0.401208
-0.387818
-0.387403
-0.396757
-0.163925
-0.373524
-0.386587
-0.394063
-0.387484
-0.388047
-0.388499
-0.390781
-0.390557
-0.413633
-0.566549
-0.488063
-0.609557
-0.392413
-0.455842
-0.409553
0

0
-0.401186
-0.387711
-0.387768
-0.397047
-1.03387
-0.403723
-0.38408
-0.394062
-0.388474
-0.388185
-0.388382
-0.39017
-0.373027
-0.451583
-0.650637
-0.462239
-0.257655
-0.285588
-0.431464
-0.410436
0

0
-0.401179
-0.387824
-0.387919
-0.38476
-0.390252
-0.422804
-0.389348
-0.390058
-0.38847
-0.388283
-0.388275
-0.389349
-0.435119
-0.511659
-0.357582
-0.169791
-0.718753
-0.394174
-0.43667
-0.410111
0

0
-0.40114
-0.390032
-0.387049
-0.387859
-0.377521
-0.391636
-0.388851
-0.391013
-0.388783
-0.388306
-0.388297
-0.388638
-0.434785
-0.511966
0.437855
0.0890825
-0.682207
-0.405833
-0.451818
-0.408938
0

0
-0.400975
-0.397993
-0.38632
-0.388672
-0.388286
-0.390489
-0.388964
-0.401413
-0.389947
-0.38841
-0.388282
-0.388801
-0.394849
-0.254604
-2.82799
-0.570701
-0.806678
-0.464845
-0.458826
-0.407195
0

0
-0.396145
-0.375666
-0.385001
-0.383761
-0.386597
-0.384609
-0.383387
-0.382052
-0.383324
-0.383162
-0.383528
-0.384094
-0.387917
-1.03142
-0.597028
-0.678329
-1.5243
-0.660729
-0.444177
-0.399974
0

0
-0.110816
-0.0774944
-0.0634033
-0.036116
0.0343262
-0.0280898
-0.0593088
-0.0627569
-0.089278
-0.107004
-0.127064
-0.174515
-0.253135
-0.258954
-0.06132
-2.18926
-0.273129
-0.468117
-0.25085
-0.0867987
0

0
0
0
0
0
0
0
0
0
0
0
0
0
0
0
0
0
0
0
0
0
0


0
0
0
0
0
0
0
0
0
0
0
0
0
0
0
0
0
0
0
0
0
0

0
-0.852423
-0.846216
-0.84547
-0.844973
-0.23656
-0.869586
-0.853026
-0.848313
-0.85209
-0.84649
-0.847009
-0.838031
-0.848815
-0.86137
-0.876776
-1.19934
-0.859107
-0.832556
-0.844944
-0.857464
0

0
-0.393557
-0.372598
-0.379268
-0.383466
-0.573647
-0.376866
-0.381333
-0.382696
-0.383212
-0.381668
-0.381929
-0.397986
-0.386879
-0.382541
-0.383445
-0.529658
-0.385429
-0.37022
-0.376109
-0.387967
0

0
-0.401655
-0.397187
-0.388485
-0.394866
-0.310531
-0.377027
-0.387203
-0.391127
-0.389367
-0.389402
-0.389138
-0.406019
-0.394783
-0.391271
-0.394592
-0.320586
-0.368894
-0.379068
-0.388385
-0.397504
0

0
-0.401689
-0.395116
-0.389316
-0.391693
-0.292302
-0.386762
-0.38728
-0.387277
-0.38723
-0.388944
-0.388759
-0.392392
-0.391228
-0.39102
-0.405009
-0.45656
-0.377485
-0.374128
-0.388932
-0.397748
0

0
-0.401581
-0.391478
-0.392628
-0.391037
-0.349049
-0.392352
-0.388572
-0.389834
-0.387212
-0.38853
-0.388461
-0.375948
-0.393567
-0.392776
-0.415394
-0.437654
-0.389311
-0.376159
-0.390735
-0.398196
0

0
-0.401442
-0.389406
-0.390879
-0.390343
-0.399327
-0.394081
-0.388989
-0.391839
-0.387544
-0.388332
-0.388156
-0.394247
-0.394226
-0.39649
-0.412008
-0.420398
-0.396334
-0.393955
-0.39364
-0.398846
0

0
-0.401333
-0.388548
-0.388812
-0.389413
-0.419119
-0.394135
-0.388659
-0.388475
-0.387256
-0.388185
-0.388387
-0.391928
-0.389108
-0.398787
-0.377808
-0.422986
-0.404156
-0.393714
-0.395951
-0.399773
0

0
-0.401259
-0.388237
-0.387964
-0.388864
-0.413981
-0.39161
-0.387916
-0.378184
-0.386334
-0.388055
-0.388459
-0.390551
-0.388106
-0.401454
-0.42227
-0.439257
-0.410656
-0.387845
-0.400971
-0.400989
0

0
-0.401212
-0.388132
-0.387728
-0.389131
-0.329
-0.379599
-0.386802
-0.385678
-0.387128
-0.388072
-0.38843
-0.389851
-0.387254
-0.405781
-0.461909
-0.462845
-0.384055
-0.373606
-0.415899
-0.402363
0

0
-0.401184
-0.388144
-0.387713
-0.38942
-0.750302
-0.377568
-0.385624
-0.389373
-0.387933
-0.388148
-0.388362
-0.389333
-0.382842
-0.415926
-0.485471
-0.463519
-0.302038
-0.37172
-0.42051
-0.403075
0

0
-0.401171
-0.388393
-0.387746
-0.386731
-0.474572
-0.400701
-0.388003
-0.389619
-0.388304
-0.388215
-0.388301
-0.38894
-0.388793
-0.426587
-0.375712
-0.330999
-0.563377
-0.39738
-0.423602
-0.40288
0

0
-0.401159
-0.38918
-0.387569
-0.387849
-0.394051
-0.393368
-0.388622
-0.390242
-0.3886
-0.388252
-0.388285
-0.388785
-0.400364
-0.411803
-0.0670892
-0.0588482
-0.70766
-0.430036
-0.430408
-0.401994
0

0
-0.401131
-0.39006
-0.387451
-0.388482
-0.390777
-0.390899
-0.388834
-0.392226
-0.388919
-0.388273
-0.388287
-0.388734
-0.393076
-0.338474
-1.36248
-0.269832
-0.955994
-0.489019
-0.437976
-0.40053
0

0
-0.39597
-0.381738
-0.383026
-0.383101
-0.385608
-0.384509
-0.383296
-0.38397
-0.383473
-0.383219
-0.383393
-0.383901
-0.386473
-0.499167
-0.634036
-0.746099
-1.27848
-0.559419
-0.441248
-0.393604
0

0
-0.110955
-0.0744815
-0.0639963
-0.0407959
0.0144909
-0.0341814
-0.061725
-0.0650176
-0.0887086
-0.10377
-0.12255
-0.163215
-0.229265
-0.339301
-0.262612
-2.66035
-0.74163
-0.269127
-0.203128
-0.0841944
0

0
0
0
0
0
0
0
0
0
0
0
0
0
0
0
0
0
0
0
0
0
0


0
0
0
0
0
0
0
0
0
0
0
0
0
0
0
0
0
0
0
0
0
0

0
-0.852445
-0.843437
-0.846299
-0.881716
-0.364235
-0.789473
-0.854183
-0.849685
-0.851168
-0.846987
-0.846575
-0.840876
-0.850594
-0.859525
-0.872451
-0.965524
-0.855607
-0.835809
-0.846501
-0.853545
0

0
-0.393323
-0.37826
-0.38009
-0.413098
-0.715897
-0.31184
-0.379775
-0.380693
-0.381051
-0.381202
-0.38186
-0.387751
-0.383796
-0.382416
-0.382906
-0.407436
-0.373826
-0.369039
-0.375762
-0.383794
0

0
-0.401464
-0.390513
-0.388732
-0.40081
-0.670857
-0.379914
-0.388843
-0.389613
-0.389078
-0.388939
-0.388949
-0.394497
-0.392061
-0.391335
-0.393589
-0.326877
-0.381462
-0.381448
-0.38846
-0.393393
0

0
-0.401525
-0.391477
-0.389354
-0.391567
-0.592918
-0.39372
-0.388374
-0.388731
-0.388125
-0.388746
-0.388699
-0.390146
-0.391386
-0.391495
-0.396842
-0.376204
-0.380859
-0.379988
-0.389097
-0.393571
0

0
-0.401495
-0.390589
-0.390185
-0.390282
-0.45185
-0.391521
-0.388438
-0.388911
-0.387732
-0.388511
-0.38844
-0.383928
-0.391079
-0.392365
-0.400562
-0.405859
-0.387168
-0.382251
-0.390423
-0.393893
0

0
-0.401415
-0.389566
-0.389875
-0.389762
-0.394463
-0.390844
-0.388501
-0.388943
-0.387621
-0.388334
-0.388306
-0.388987
-0.391289
-0.393919
-0.40244
-0.410923
-0.392669
-0.386283
-0.392302
-0.394338
0

0
-0.401332
-0.388892
-0.389013
-0.389003
-0.393962
-0.390191
-0.388256
-0.387283
-0.387419
-0.388209
-0.388356
-0.390073
-0.389651
-0.395269
-0.39434
-0.4155
-0.396992
-0.388107
-0.394935
-0.394921
0

0
-0.401264
-0.388531
-0.388362
-0.388115
-0.391652
-0.388212
-0.387764
-0.384474
-0.387156
-0.388126
-0.38839
-0.389722
-0.388355
-0.396562
-0.404425
-0.425643
-0.398555
-0.387079
-0.399005
-0.39558
0

0
-0.401217
-0.388368
-0.388014
-0.387194
-0.367901
-0.383249
-0.387182
-0.385844
-0.38738
-0.38811
-0.388373
-0.38928
-0.387383
-0.398053
-0.417664
-0.439631
-0.397328
-0.386024
-0.404929
-0.396169
0

0
-0.401186
-0.38834
-0.387864
-0.386824
-0.405956
-0.379475
-0.386739
-0.387796
-0.387812
-0.388142
-0.38833
-0.38892
-0.386224
-0.399911
-0.419067
-0.444234
-0.432118
-0.395775
-0.409502
-0.396442
0

0
-0.401169
-0.388442
-0.387838
-0.3872
-0.42476
-0.389811
-0.387624
-0.388734
-0.388151
-0.388183
-0.388289
-0.388692
-0.387785
-0.399539
-0.372472
-0.390445
-0.532849
-0.410151
-0.412519
-0.396202
0

0
-0.401159
-0.388659
-0.387823
-0.387907
-0.400403
-0.391243
-0.388314
-0.389346
-0.388397
-0.388212
-0.388268
-0.388623
-0.391543
-0.389938
-0.273975
-0.231574
-0.656114
-0.435031
-0.415946
-0.395469
0

0
-0.401143
-0.388706
-0.387874
-0.388411
-0.393259
-0.390525
-0.38863
-0.389871
-0.388551
-0.388222
-0.388266
-0.388618
-0.390703
-0.370837
-0.652827
-0.23504
-0.778652
-0.464536
-0.419295
-0.394294
0

0
-0.395966
-0.382673
-0.382745
-0.382974
-0.385889
-0.3844
-0.38325
-0.383877
-0.383402
-0.38321
-0.383314
-0.383741
-0.385968
-0.407599
-0.554045
-0.670974
-0.90602
-0.486362
-0.418787
-0.387797
0

0
-0.111092
-0.073693
-0.0645063
-0.0451911
-0.00213005
-0.0405662
-0.063966
-0.0688767
-0.088065
-0.100774
-0.117781
-0.152572
-0.210343
-0.33715
-0.379293
-2.29568
-0.658222
-0.196279
-0.170306
-0.0805871
0

0
0
0
0
0
0
0
0
0
0
0
0
0
0
0
0
0
0
0
0
0
0


0
0
0
0
0
0
0
0
0
0
0
0
0
0
0
0
0
0
0
0
0
0

0
-0.852595
-0.844149
-0.845905
-0.84218
-1.10839
-0.860395
-0.852486
-0.8497
-0.850101
-0.847151
-0.846503
-0.843923
-0.850814
-0.857743
-0.868244
-0.902818
-0.855135
-0.840237
-0.848264
-0.84951
0

0
-0.393157
-0.379841
-0.379884
-0.385438
-0.348235
-0.362348
-0.378651
-0.380148
-0.380502
-0.380974
-0.381669
-0.384025
-0.382722
-0.382273
-0.382709
-0.386904
-0.372661
-0.369292
-0.375535
-0.379507
0

0
-0.401343
-0.389116
-0.388672
-0.391834
-0.433478
-0.38685
-0.388377
-0.389021
-0.388828
-0.388739
-0.388811
-0.391011
-0.390725
-0.391068
-0.392924
-0.373078
-0.385282
-0.383041
-0.388466
-0.389142
0

0
-0.401396
-0.389843
-0.389066
-0.390224
-0.437833
-0.392131
-0.388529
-0.388745
-0.388352
-0.388619
-0.388651
-0.3895
-0.390551
-0.391181
-0.393865
-0.37708
-0.384671
-0.382853
-0.38908
-0.389224
0

0
-0.401403
-0.389752
-0.389358
-0.389765
-0.415145
-0.391627
-0.388484
-0.388559
-0.388021
-0.388474
-0.388474
-0.387346
-0.390221
-0.391579
-0.395603
-0.392542
-0.387706
-0.3842
-0.390109
-0.389394
0

0
-0.401364
-0.389342
-0.389273
-0.389382
-0.400013
-0.390338
-0.388371
-0.388254
-0.387823
-0.38834
-0.38837
-0.388257
-0.390002
-0.392195
-0.3967
-0.401678
-0.392061
-0.385975
-0.391567
-0.389621
0

0
-0.401309
-0.388944
-0.388891
-0.388783
-0.391943
-0.389148
-0.388146
-0.387471
-0.387663
-0.388237
-0.388353
-0.389004
-0.389281
-0.392725
-0.39521
-0.407669
-0.396858
-0.387823
-0.393611
-0.389891
0

0
-0.401257
-0.388663
-0.388487
-0.38803
-0.386634
-0.387623
-0.387823
-0.386542
-0.387553
-0.38817
-0.38835
-0.389057
-0.388441
-0.393081
-0.397213
-0.414442
-0.403448
-0.389651
-0.396325
-0.390153
0

0
-0.401215
-0.388499
-0.388195
-0.38726
-0.377337
-0.385352
-0.387499
-0.386749
-0.387631
-0.388144
-0.38833
-0.38886
-0.387741
-0.393199
-0.400046
-0.42196
-0.417317
-0.393306
-0.399531
-0.390317
0

0
-0.401184
-0.38843
-0.38803
-0.386906
-0.37471
-0.383709
-0.387333
-0.387568
-0.387851
-0.38815
-0.388298
-0.388643
-0.387289
-0.392821
-0.396516
-0.424172
-0.450027
-0.401394
-0.402487
-0.390274
0

0
-0.401165
-0.38843
-0.387973
-0.38736
-0.395273
-0.387086
-0.387678
-0.388256
-0.388081
-0.38817
-0.388266
-0.388499
-0.387772
-0.390969
-0.375766
-0.400899
-0.496748
-0.412106
-0.40474
-0.389925
0

0
-0.401151
-0.388455
-0.387973
-0.387911
-0.395652
-0.389233
-0.38814
-0.388734
-0.388264
-0.388189
-0.388246
-0.388456
-0.389011
-0.386348
-0.346093
-0.326014
-0.555107
-0.42564
-0.406714
-0.389254
0

0
-0.401135
-0.388386
-0.388023
-0.388332
-0.392831
-0.389693
-0.388445
-0.389002
-0.388373
-0.388194
-0.388242
-0.38849
-0.389392
-0.382312
-0.452089
-0.295383
-0.613182
-0.437681
-0.408489
-0.38828
0

0
-0.395984
-0.382904
-0.382781
-0.382986
-0.385814
-0.384128
-0.383206
-0.383638
-0.383319
-0.383187
-0.383254
-0.383588
-0.385313
-0.39374
-0.480405
-0.572458
-0.683939
-0.444718
-0.406315
-0.382113
0

0
-0.111272
-0.073708
-0.06511
-0.0494255
-0.0175575
-0.0467741
-0.0659078
-0.0720534
-0.0871714
-0.0979066
-0.112918
-0.142353
-0.192467
-0.303169
-0.399639
-1.7568
-0.538854
-0.157736
-0.145749
-0.0761664
0

0
0
0
0
0
0
0
0
0
0
0
0
0
0
0
0
0
0
0
0
0
0


0
0
0
0
0
0
0
0
0
0
0
0
0
0
0
0
0
0
0
0
0
0

0
-0.852804
-0.845157
-0.846315
-0.844323
-0.852064
-0.858271
-0.850679
-0.849313
-0.849291
-0.847193
-0.846509
-0.845458
-0.85041
-0.855992
-0.864316
-0.880149
-0.856195
-0.845058
-0.850096
-0.845394
0

0
-0.392991
-0.38004
-0.379883
-0.380928
-0.371937
-0.376459
-0.379458
-0.380019
-0.380286
-0.380814
-0.381482
-0.382639
-0.382228
-0.382064
-0.382329
-0.382771
-0.372962
-0.369624
-0.375384
-0.375147
0

0
-0.401263
-0.388732
-0.388598
-0.390275
-0.385155
-0.385593
-0.38832
-0.388782
-0.388698
-0.388644
-0.388718
-0.389669
-0.389992
-0.390671
-0.392237
-0.386706
-0.38694
-0.384405
-0.38845
-0.38481
0

0
-0.401302
-0.389132
-0.388824
-0.389995
-0.394554
-0.38841
-0.388375
-0.388613
-0.388414
-0.388549
-0.388608
-0.389136
-0.389888
-0.390663
-0.392429
-0.38513
-0.38703
-0.384785
-0.389004
-0.38479
0

0
-0.401321
-0.389215
-0.388966
-0.389613
-0.397505
-0.389618
-0.388394
-0.388418
-0.388178
-0.388448
-0.388488
-0.388339
-0.389649
-0.390773
-0.393106
-0.390612
-0.388915
-0.385685
-0.389837
-0.384807
0

0
-0.401307
-0.389078
-0.388935
-0.389209
-0.394878
-0.389466
-0.388312
-0.388146
-0.388
-0.388346
-0.388399
-0.388344
-0.389367
-0.390927
-0.393587
-0.396651
-0.392311
-0.387107
-0.390971
-0.38483
0

0
-0.401275
-0.388873
-0.388748
-0.388718
-0.390895
-0.38876
-0.388147
-0.387743
-0.38787
-0.388263
-0.388354
-0.388588
-0.388921
-0.390993
-0.393264
-0.401555
-0.397138
-0.38907
-0.392462
-0.384843
0

0
-0.401238
-0.388688
-0.388507
-0.388156
-0.387065
-0.387775
-0.387935
-0.387363
-0.387797
-0.388204
-0.388327
-0.38865
-0.388388
-0.390882
-0.393312
-0.406066
-0.404541
-0.391724
-0.394283
-0.384812
0

0
-0.401204
-0.388555
-0.388297
-0.387627
-0.38277
-0.386627
-0.387743
-0.387362
-0.387821
-0.388172
-0.3883
-0.388564
-0.387917
-0.390514
-0.393015
-0.410025
-0.417026
-0.395692
-0.396284
-0.384689
0

0
-0.401177
-0.388473
-0.388157
-0.387369
-0.380714
-0.385941
-0.387666
-0.387692
-0.387929
-0.388164
-0.38827
-0.388439
-0.38764
-0.389744
-0.389651
-0.410608
-0.436659
-0.40124
-0.398189
-0.38442
0

0
-0.401156
-0.388428
-0.388091
-0.387578
-0.38753
-0.386991
-0.387816
-0.388085
-0.388067
-0.388168
-0.388243
-0.38835
-0.387766
-0.388339
-0.380453
-0.399854
-0.460833
-0.407185
-0.399766
-0.383958
0

0
-0.401141
-0.388392
-0.388078
-0.387943
-0.390874
-0.388301
-0.388086
-0.388405
-0.388191
-0.388177
-0.388226
-0.388328
-0.388249
-0.386438
-0.371715
-0.367931
-0.488808
-0.413149
-0.401067
-0.383292
0

0
-0.401123
-0.388313
-0.3881
-0.388263
-0.39107
-0.388978
-0.388316
-0.388593
-0.388271
-0.388177
-0.388219
-0.388381
-0.388775
-0.386403
-0.404932
-0.35123
-0.518923
-0.418174
-0.402177
-0.38243
0

0
-0.396003
-0.383029
-0.382881
-0.383036
-0.385206
-0.383808
-0.383177
-0.383451
-0.38325
-0.383162
-0.383203
-0.383454
-0.384745
-0.389973
-0.434323
-0.503732
-0.559622
-0.419261
-0.399074
-0.376468
0

0
-0.111501
-0.0740039
-0.0658242
-0.0534251
-0.0313684
-0.0523914
-0.0675053
-0.0741506
-0.0860356
-0.0951318
-0.108059
-0.132411
-0.174456
-0.262756
-0.368944
-1.26539
-0.443055
-0.140326
-0.130216
-0.0709699
0

0
0
0
0
0
0
0
0
0
0
0
0
0
0
0
0
0
0
0
0
0
0


0
0
0
0
0
0
0
0
0
0
0
0
0
0
0
0
0
0
0
0
0
0

0
-0.853035
-0.84597
-0.846657
-0.846107
-0.846403
-0.851935
-0.8496
-0.848903
-0.848727
-0.847199
-0.846533
-0.846105
-0.849802
-0.854314
-0.860812
-0.86965
-0.857773
-0.849803
-0.851924
-0.841238
0

0
-0.392813
-0.379947
-0.37979
-0.379872
-0.378359
-0.379296
-0.379663
-0.379904
-0.380137
-0.380665
-0.381303
-0.382052
-0.381905
-0.381808
-0.381894
-0.38151
-0.373402
-0.370004
-0.375293
-0.37075
0

0
-0.401206
-0.388578
-0.38853
-0.389176
-0.38723
-0.38765
-0.388522
-0.388685
-0.388633
-0.388594
-0.388657
-0.389109
-0.389555
-0.390264
-0.391572
-0.390434
-0.387852
-0.385207
-0.388446
-0.380445
0

0
-0.401231
-0.388798
-0.388659
-0.389329
-0.390306
-0.388176
-0.388414
-0.388541
-0.388442
-0.388512
-0.388572
-0.388898
-0.389439
-0.390154
-0.391485
-0.389272
-0.388313
-0.385778
-0.388941
-0.380329
0

0
-0.401252
-0.388897
-0.388744
-0.389244
-0.391999
-0.388779
-0.388375
-0.388383
-0.388274
-0.388434
-0.388485
-0.388563
-0.389246
-0.390092
-0.391645
-0.391106
-0.389775
-0.386688
-0.389627
-0.380203
0

0
-0.401252
-0.38887
-0.388735
-0.389015
-0.39158
-0.38887
-0.388304
-0.388186
-0.388133
-0.388354
-0.388408
-0.388429
-0.388993
-0.390019
-0.391751
-0.394262
-0.39242
-0.387974
-0.390513
-0.380044
0

0
-0.401235
-0.388776
-0.388639
-0.388688
-0.389937
-0.388551
-0.388188
-0.387957
-0.388027
-0.388284
-0.388353
-0.388439
-0.38867
-0.389869
-0.391542
-0.397449
-0.396415
-0.389708
-0.391615
-0.379844
0

0
-0.401212
-0.388666
-0.388497
-0.388309
-0.387879
-0.388004
-0.388049
-0.387766
-0.387964
-0.388231
-0.388313
-0.388432
-0.388307
-0.38959
-0.391157
-0.400358
-0.402278
-0.391965
-0.392896
-0.379586
0

0
-0.401187
-0.388569
-0.388357
-0.38796
-0.385791
-0.387402
-0.387928
-0.387727
-0.387959
-0.388196
-0.388279
-0.388372
-0.387981
-0.389147
-0.390309
-0.402668
-0.410718
-0.394826
-0.394262
-0.379247
0

0
-0.401164
-0.388495
-0.388249
-0.387767
-0.384776
-0.387058
-0.387879
-0.387853
-0.388006
-0.388178
-0.388249
-0.388294
-0.38778
-0.388513
-0.388119
-0.403154
-0.421873
-0.398138
-0.395582
-0.378804
0

0
-0.401146
-0.388438
-0.388185
-0.387823
-0.386713
-0.387379
-0.387943
-0.388053
-0.388081
-0.388172
-0.388224
-0.38824
-0.387795
-0.38773
-0.384184
-0.399051
-0.434966
-0.401465
-0.396739
-0.378236
0

0
-0.401131
-0.388385
-0.388159
-0.388018
-0.388731
-0.388026
-0.388089
-0.388245
-0.388156
-0.388171
-0.388208
-0.388236
-0.388043
-0.387152
-0.381835
-0.387978
-0.44997
-0.404408
-0.397717
-0.37754
0

0
-0.401112
-0.388311
-0.388155
-0.388223
-0.389578
-0.388532
-0.388238
-0.388374
-0.388208
-0.388165
-0.3882
-0.388299
-0.388521
-0.38811
-0.39402
-0.385797
-0.467736
-0.406615
-0.398547
-0.37672
0

0
-0.396019
-0.383129
-0.382995
-0.383104
-0.384464
-0.383551
-0.383169
-0.383322
-0.383196
-0.383135
-0.383155
-0.383344
-0.384364
-0.388307
-0.410291
-0.465038
-0.491548
-0.404545
-0.394831
-0.370859
0

0
-0.111787
-0.0744193
-0.0666137
-0.0571082
-0.0430821
-0.0572638
-0.0687918
-0.0753586
-0.0847429
-0.0924559
-0.103273
-0.122676
-0.156161
-0.222542
-0.31542
-0.875382
-0.366301
-0.133168
-0.12034
-0.0651609
0

0
0
0
0
0
0
0
0
0
0
0
0
0
0
0
0
0
0
0
0
0
0


0
0
0
0
0
0
0
0
0
0
0
0
0
0
0
0
0
0
0
0
0
0

0
-0.850676
-0.844386
-0.84492
-0.844905
-0.844308
-0.848049
-0.847168
-0.846773
-0.846489
-0.845049
-0.8443
-0.844197
-0.847258
-0.851739
-0.857923
-0.865131
-0.865
-0.860574
-0.856017
-0.835804
0

0
-0.389901
-0.377494
-0.377495
-0.377432
-0.3775
-0.37762
-0.377649
-0.377833
-0.377982
-0.378225
-0.378752
-0.379493
-0.379609
-0.380362
-0.381423
-0.382208
-0.37901
-0.376399
-0.377261
-0.364872
0

0
-0.398478
-0.38624
-0.38635
-0.386601
-0.386032
-0.386528
-0.386703
-0.386718
-0.386608
-0.386297
-0.386264
-0.386643
-0.387279
-0.388768
-0.390982
-0.392787
-0.393846
-0.392075
-0.390558
-0.37464
0

0
-0.398509
-0.386415
-0.386451
-0.386785
-0.386908
-0.386438
-0.386558
-0.386573
-0.38644
-0.386209
-0.386186
-0.386541
-0.387138
-0.388559
-0.390692
-0.392046
-0.394607
-0.393115
-0.391087
-0.374419
0

0
-0.398553
-0.386562
-0.386551
-0.386868
-0.387692
-0.386587
-0.386474
-0.386423
-0.386283
-0.386128
-0.386109
-0.386375
-0.386957
-0.388359
-0.390491
-0.392384
-0.395993
-0.394549
-0.391813
-0.374154
0

0
-0.398586
-0.386644
-0.38661
-0.386851
-0.387833
-0.386667
-0.386398
-0.386253
-0.386132
-0.386041
-0.386025
-0.38623
-0.386725
-0.388124
-0.390259
-0.393533
-0.398142
-0.396373
-0.39271
-0.373826
0

0
-0.39861
-0.386674
-0.386623
-0.386762
-0.387393
-0.386594
-0.386315
-0.386076
-0.385999
-0.385954
-0.385943
-0.386126
-0.38645
-0.387833
-0.389891
-0.394985
-0.401144
-0.398592
-0.393771
-0.373436
0

0
-0.398625
-0.386674
-0.386604
-0.386632
-0.386622
-0.386402
-0.386232
-0.385924
-0.385894
-0.385874
-0.385863
-0.386027
-0.386158
-0.387477
-0.389386
-0.396451
-0.405087
-0.401153
-0.394955
-0.372981
0

0
-0.398636
-0.38666
-0.386574
-0.386511
-0.385781
-0.386173
-0.386166
-0.385843
-0.385826
-0.385804
-0.385785
-0.385915
-0.385901
-0.387079
-0.3887
-0.397792
-0.410011
-0.403931
-0.396195
-0.372456
0

0
-0.398645
-0.386644
-0.386551
-0.386461
-0.385332
-0.386049
-0.386144
-0.385851
-0.385796
-0.385744
-0.385708
-0.385805
-0.385743
-0.386703
-0.387723
-0.398851
-0.415824
-0.406699
-0.397404
-0.371856
0

0
-0.398655
-0.386627
-0.386546
-0.386528
-0.38586
-0.386183
-0.386185
-0.385923
-0.385793
-0.385694
-0.385637
-0.385721
-0.385753
-0.386504
-0.386727
-0.399506
-0.422475
-0.409184
-0.398508
-0.371176
0

0
-0.398666
-0.386607
-0.38656
-0.386686
-0.386811
-0.38652
-0.386281
-0.38602
-0.385805
-0.38565
-0.385574
-0.385685
-0.38598
-0.386818
-0.387322
-0.400839
-0.43048
-0.411178
-0.399472
-0.37042
0

0
-0.39867
-0.38657
-0.386582
-0.386873
-0.387559
-0.386884
-0.386394
-0.386105
-0.385809
-0.385602
-0.385518
-0.385714
-0.386494
-0.388485
-0.393599
-0.410591
-0.441159
-0.412549
-0.400275
-0.369587
0

0
-0.39362
-0.381479
-0.381528
-0.381933
-0.382887
-0.382071
-0.381421
-0.381108
-0.380778
-0.380521
-0.380398
-0.380699
-0.382353
-0.387549
-0.401603
-0.455766
-0.454485
-0.408669
-0.396093
-0.363733
0

0
-0.109686
-0.0731221
-0.0658365
-0.0592377
-0.0519927
-0.0602003
-0.0680784
-0.0738331
-0.0809614
-0.0872497
-0.0958371
-0.110547
-0.136091
-0.184117
-0.256573
-0.58971
-0.303285
-0.143186
-0.117205
-0.0572368
0

0
0
0
0
0
0
0
0
0
0
0
0
0
0
0
0
0
0
0
0
0
0


0
0
0
0
0
0
0
0
0
0
0
0
0
0
0
0
0
0
0
0
0
0

0
-0.774585
-0.737184
-0.746148
-0.749907
-0.752298
-0.765452
-0.759789
-0.757903
-0.752336
-0.730899
-0.717697
-0.71798
-0.743475
-0.796373
-0.855335
-0.907316
-0.997681
-0.987724
-0.886708
-0.756781
0

0
-0.315669
-0.272514
-0.280625
-0.283492
-0.285129
-0.297241
-0.292236
-0.290485
-0.285245
-0.265471
-0.253582
-0.254595
-0.277266
-0.326873
-0.381488
-0.430312
-0.515193
-0.504717
-0.408809
-0.287211
0

0
-0.325198
-0.283238
-0.290556
-0.29281
-0.290621
-0.305479
-0.30126
-0.298842
-0.293206
-0.273309
-0.260985
-0.261667
-0.283919
-0.333926
-0.389481
-0.442985
-0.535335
-0.524576
-0.422822
-0.296686
0

0
-0.326304
-0.285929
-0.291988
-0.293704
-0.288188
-0.303549
-0.300527
-0.297505
-0.29166
-0.272537
-0.260344
-0.261084
-0.281676
-0.330857
-0.38558
-0.441659
-0.542615
-0.531631
-0.424193
-0.295679
0

0
-0.327553
-0.288954
-0.293728
-0.295244
-0.288093
-0.302016
-0.299598
-0.29566
-0.289572
-0.271392
-0.259202
-0.259605
-0.278103
-0.326117
-0.379569
-0.438005
-0.550999
-0.540644
-0.425968
-0.294302
0

0
-0.328836
-0.291977
-0.29566
-0.297343
-0.290351
-0.301439
-0.298655
-0.293407
-0.287059
-0.269872
-0.257456
-0.256824
-0.27289
-0.319358
-0.370981
-0.431945
-0.559692
-0.550934
-0.427925
-0.292593
0

0
-0.330069
-0.294754
-0.297658
-0.299874
-0.294185
-0.30192
-0.297838
-0.290902
-0.284274
-0.268005
-0.255075
-0.252639
-0.265783
-0.310154
-0.358973
-0.422655
-0.56764
-0.561708
-0.429825
-0.290614
0

0
-0.331191
-0.297147
-0.299608
-0.302696
-0.298807
-0.303281
-0.297227
-0.288329
-0.281373
-0.265839
-0.252087
-0.247149
-0.256613
-0.297998
-0.342364
-0.408199
-0.573323
-0.571998
-0.431397
-0.288431
0

0
-0.332171
-0.299115
-0.301425
-0.305682
-0.303684
-0.305232
-0.29685
-0.285905
-0.278501
-0.263436
-0.248564
-0.240528
-0.245336
-0.28234
-0.31975
-0.385396
-0.574848
-0.580794
-0.432374
-0.286112
0

0
-0.332999
-0.300683
-0.303066
-0.308739
-0.308592
-0.307491
-0.296712
-0.283858
-0.275787
-0.260867
-0.244601
-0.232967
-0.232074
-0.262643
-0.28932
-0.349403
-0.57045
-0.587324
-0.432543
-0.283728
0

0
-0.333686
-0.301909
-0.304518
-0.311832
-0.31378
-0.309928
-0.296811
-0.282354
-0.273327
-0.258204
-0.240308
-0.224669
-0.217097
-0.238452
-0.248851
-0.292925
-0.559022
-0.591342
-0.431804
-0.28134
0

0
-0.33426
-0.302872
-0.305794
-0.314965
-0.319841
-0.312637
-0.29716
-0.28145
-0.271176
-0.25552
-0.2358
-0.215833
-0.200764
-0.209578
-0.19671
-0.205662
-0.540343
-0.59325
-0.430191
-0.279007
0

0
-0.334759
-0.303647
-0.306916
-0.318138
-0.326896
-0.315724
-0.297761
-0.281105
-0.269348
-0.252881
-0.231198
-0.206666
-0.183467
-0.176686
-0.135048
-0.0771641
-0.515174
-0.59399
-0.427856
-0.276767
0

0
-0.330234
-0.299337
-0.302949
-0.316384
-0.329717
-0.314232
-0.29363
-0.276224
-0.262836
-0.245339
-0.221549
-0.192259
-0.160685
-0.137288
-0.069479
0.0937786
-0.481854
-0.589632
-0.420031
-0.269721
0

0
-0.0483356
0.00688317
0.0101691
-0.000437156
-0.0160489
-0.00037223
0.0170138
0.029256
0.0383843
0.0514708
0.0707812
0.0956933
0.12261
0.141838
0.199548
0.423388
-0.257824
-0.337162
-0.137326
0.0374042
0

0
0
0
0
0
0
0
0
0
0
0
0
0
0
0
0
0
0
0
0
0
0


0
0
0
0
0
0
0
0
0
0
0
0
0
0
0
0
0
0
0
0
0
0

0
0
0
0
0
0
0
0
0
0
0
0
0
0
0
0
0
0
0
0
0
0

0
0
0
0
0
0
0
0
0
0
0
0
0
0
0
0
0
0
0
0
0
0

0
0
0
0
0
0
0
0
0
0
0
0
0
0
0
0
0
0
0
0
0
0

0
0
0
0
0
0
0
0
0
0
0
0
0
0
0
0
0
0
0
0
0
0

0
0
0
0
0
0
0
0
0
0
0
0
0
0
0
0
0
0
0
0
0
0

0
0
0
0
0
0
0
0
0
0
0
0
0
0
0
0
0
0
0
0
0
0

0
0
0
0
0
0
0
0
0
0
0
0
0
0
0
0
0
0
0
0
0
0

0
0
0
0
0
0
0
0
0
0
0
0
0
0
0
0
0
0
0
0
0
0

0
0
0
0
0
0
0
0
0
0
0
0
0
0
0
0
0
0
0
0
0
0

0
0
0
0
0
0
0
0
0
0
0
0
0
0
0
0
0
0
0
0
0
0

0
0
0
0
0
0
0
0
0
0
0
0
0
0
0
0
0
0
0
0
0
0

0
0
0
0
0
0
0
0
0
0
0
0
0
0
0
0
0
0
0
0
0
0

0
0
0
0
0
0
0
0
0
0
0
0
0
0
0
0
0
0
0
0
0
0

0
0
0
0
0
0
0
0
0
0
0
0
0
0
0
0
0
0
0
0
0
0

0
0
0
0
0
0
0
0
0
0
0
0
0
0
0
0
0
0
0
0
0
0

0
0
0
0
0
0
0
0
0
0
0
0
0
0
0
0
0
0
0
0
0
0


