0
0
0
0
0
0
0
0
0
0
0
0
0
0
0
0
0
0
0
0
0
0

0
0
0
0
0
0
0
0
0
0
0
0
0
0
0
0
0
0
0
0
0
0

0
0
0
0
0
0
0
0
0
0
0
0
0
0
0
0
0
0
0
0
0
0

0
0
0
0
0
0
0
0
0
0
0
0
0
0
0
0
0
0
0
0
0
0

0
0
0
0
0
0
0
0
0
0
0
0
0
0
0
0
0
0
0
0
0
0

0
0
0
0
0
0
0
0
0
0
0
0
0
0
0
0
0
0
0
0
0
0

0
0
0
0
0
0
0
0
0
0
0
0
0
0
0
0
0
0
0
0
0
0

0
0
0
0
0
0
0
0
0
0
0
0
0
0
0
0
0
0
0
0
0
0

0
0
0
0
0
0
0
0
0
0
0
0
0
0
0
0
0
0
0
0
0
0

0
0
0
0
0
0
0
0
0
0
0
0
0
0
0
0
0
0
0
0
0
0

0
0
0
0
0
0
0
0
0
0
0
0
0
0
0
0
0
0
0
0
0
0

0
0
0
0
0
0
0
0
0
0
0
0
0
0
0
0
0
0
0
0
0
0

0
0
0
0
0
0
0
0
0
0
0
0
0
0
0
0
0
0
0
0
0
0

0
0
0
0
0
0
0
0
0
0
0
0
0
0
0
0
0
0
0
0
0
0

0
0
0
0
0
0
0
0
0
0
0
0
0
0
0
0
0
0
0
0
0
0

0
0
0
0
0
0
0
0
0
0
0
0
0
0
0
0
0
0
0
0
0
0

0
0
0
0
0
0
0
0
0
0
0
0
0
0
0
0
0
0
0
0
0
0


0
0
0
0
0
0
0
0
0
0
0
0
0
0
0
0
0
0
0
0
0
0

0
8.30624e-26
-8.95131e-23
7.24348e-20
-4.36806e-17
1.50981e-14
1.1524e-16
5.44211e-19
1.92417e-21
5.77384e-24
1.19586e-26
1.88862e-29
6.77601e-33
1.87982e-35
1.30073e-38
4.19776e-42
0
0
0
0
0
0

0
1.33358e-28
-1.73721e-25
2.25691e-22
-2.05589e-19
1.42674e-17
2.90114e-19
2.41029e-21
6.73094e-24
1.45066e-26
2.01919e-29
2.027e-32
6.94229e-35
7.0104e-38
1.86961e-41
0
0
0
0
0
0
0

0
7.98584e-31
-1.5493e-27
2.20331e-24
-2.33401e-21
1.02226e-18
6.11546e-21
1.65698e-23
3.61021e-26
5.7062e-29
5.97008e-32
4.19553e-35
3.26524e-38
2.42507e-41
0
0
0
0
0
0
0
0

0
3.05984e-33
-8.84805e-30
1.87987e-26
-2.95139e-23
2.756e-20
7.0325e-23
1.28346e-25
1.79547e-28
1.90371e-31
1.33868e-34
5.61223e-38
1.74307e-41
0
0
0
0
0
0
0
0
0

0
2.96101e-36
-1.26713e-32
3.78226e-29
-9.05434e-26
1.14408e-22
2.00731e-25
2.66496e-28
2.72076e-31
1.94755e-34
8.53699e-38
1.61286e-41
0
0
0
0
0
0
0
0
0
0

0
2.12774e-39
-1.49837e-35
6.58799e-32
-1.93457e-28
3.49467e-25
3.97448e-28
3.77787e-31
2.67958e-34
1.17533e-37
2.4023e-41
0
0
0
0
0
0
0
0
0
0
0

0
7.15631e-43
-1.08336e-38
7.73489e-35
-3.33935e-31
8.44149e-28
5.86202e-31
3.82442e-34
1.69314e-37
3.48486e-41
0
0
0
0
0
0
0
0
0
0
0
0

0
0
-4.27023e-42
6.62442e-38
-4.74773e-34
1.70237e-30
6.50729e-34
2.62529e-37
5.43047e-41
0
0
0
0
0
0
0
0
0
0
0
0
0

0
0
0
3.79353e-41
-6.01879e-37
3.39773e-33
1.09834e-36
2.12305e-40
0
0
0
0
0
0
0
0
0
0
0
0
0
0

0
0
0
0
-2.40737e-40
6.6409e-36
1.87089e-39
0
0
0
0
0
0
0
0
0
0
0
0
0
0
0

0
0
0
0
0
3.25212e-39
0
0
0
0
0
0
0
0
0
0
0
0
0
0
0
0

0
0
0
0
0
0
0
0
0
0
0
0
0
0
0
0
0
0
0
0
0
0

0
0
0
0
0
0
0
0
0
0
0
0
0
0
0
0
0
0
0
0
0
0

0
0
0
0
0
0
0
0
0
0
0
0
0
0
0
0
0
0
0
0
0
0

0
0
0
0
0
0
0
0
0
0
0
0
0
0
0
0
0
0
0
0
0
0

0
0
0
0
0
0
0
0
0
0
0
0
0
0
0
0
0
0
0
0
0
0


0
0
0
0
0
0
0
0
0
0
0
0
0
0
0
0
0
0
0
0
0
0

0
2.66303e-22
-2.16794e-19
1.36242e-16
-6.23354e-14
1.62443e-11
1.71928e-13
1.15004e-15
5.53752e-18
2.07243e-20
5.73017e-23
1.2178e-25
1.24419e-28
3.07875e-31
3.26748e-34
2.20514e-37
1.29905e-40
0
0
0
0
0

0
1.50769e-24
-1.61901e-21
1.40873e-18
-8.85687e-16
2.92176e-13
2.31793e-15
1.22884e-17
4.41554e-20
1.25266e-22
2.54529e-25
3.88164e-28
6.4991e-31
9.64163e-34
5.8446e-37
1.70198e-40
0
0
0
0
0
0

0
6.43395e-27
-9.37554e-24
1.04627e-20
-8.79439e-18
4.36814e-15
2.44847e-17
8.58243e-20
2.32537e-22
4.86969e-25
7.34645e-28
7.96652e-31
6.88103e-34
6.37981e-37
1.74197e-40
0
0
0
0
0
0
0

0
1.80772e-29
-3.6534e-26
5.61566e-23
-6.49643e-20
4.86614e-17
1.71528e-19
4.28315e-22
8.36054e-25
1.26296e-27
1.36221e-30
9.87378e-34
4.01849e-37
1.37377e-40
0
0
0
0
0
0
0
0

0
2.18683e-32
-6.1917e-29
1.29873e-25
-2.01946e-22
2.04755e-19
4.98664e-22
9.18872e-25
1.3367e-27
1.44934e-30
1.07343e-33
4.71528e-37
3.55119e-41
0
0
0
0
0
0
0
0
0

0
1.38957e-35
-5.6519e-32
1.60858e-28
-3.30556e-25
4.57036e-22
7.65838e-25
1.05375e-27
1.13665e-30
8.60805e-34
4.03809e-37
8.59123e-41
0
0
0
0
0
0
0
0
0
0

0
3.50292e-39
-2.19235e-35
8.59696e-32
-2.36179e-28
4.67034e-25
4.98271e-28
5.07632e-31
3.96343e-34
1.98045e-37
4.69349e-41
0
0
0
0
0
0
0
0
0
0
0

0
-4.82643e-45
5.3611e-40
-6.10157e-36
2.70943e-32
-6.39047e-30
-7.18906e-32
-5.48259e-35
-2.31567e-38
-3.00586e-42
0
0
0
0
0
0
0
0
0
0
0
0

0
0
1.76921e-43
-1.64399e-39
4.82454e-36
-4.92825e-33
-7.6744e-36
-9.68798e-39
-3.48953e-42
0
0
0
0
0
0
0
0
0
0
0
0
0

0
0
0
9.76089e-43
-1.05285e-38
4.71497e-35
4.24919e-38
1.22421e-41
0
0
0
0
0
0
0
0
0
0
0
0
0
0

0
0
0
0
1.93613e-42
-1.88814e-38
-8.11258e-42
0
0
0
0
0
0
0
0
0
0
0
0
0
0
0

0
0
0
0
0
2.54621e-43
0
0
0
0
0
0
0
0
0
0
0
0
0
0
0
0

0
0
0
0
0
0
0
0
0
0
0
0
0
0
0
0
0
0
0
0
0
0

0
0
0
0
0
0
0
0
0
0
0
0
0
0
0
0
0
0
0
0
0
0

0
0
0
0
0
0
0
0
0
0
0
0
0
0
0
0
0
0
0
0
0
0

0
0
0
0
0
0
0
0
0
0
0
0
0
0
0
0
0
0
0
0
0
0


0
0
0
0
0
0
0
0
0
0
0
0
0
0
0
0
0
0
0
0
0
0

0
5.59262e-19
-3.48236e-16
1.66051e-13
-5.74555e-11
1.22276e-08
1.72598e-10
1.54633e-12
9.95195e-15
4.8989e-17
1.81077e-19
5.15369e-22
9.86232e-25
2.43895e-27
3.57877e-30
3.75609e-33
3.10066e-36
9.81396e-40
0
0
0
0

0
5.26236e-21
-4.36465e-18
2.84073e-15
-1.37921e-12
4.31812e-10
4.11169e-12
2.60481e-14
1.22334e-16
4.48745e-19
1.23795e-21
2.61587e-24
4.71605e-27
8.31793e-30
8.18539e-33
5.19291e-36
1.76145e-39
0
0
0
0
0

0
2.45673e-23
-2.6901e-20
2.30056e-17
-1.48919e-14
6.1805e-12
4.28027e-14
1.9809e-16
7.03866e-19
1.95392e-21
4.05931e-24
6.29659e-27
7.4984e-30
9.21496e-33
5.44006e-36
1.60116e-39
0
0
0
0
0
0

0
6.54122e-26
-9.5371e-23
1.07823e-19
-9.28974e-17
5.31209e-14
2.55907e-16
8.7109e-19
2.32894e-21
4.8596e-24
7.5202e-27
8.32964e-30
5.76823e-33
4.21321e-36
1.09224e-39
0
0
0
0
0
0
0

0
8.55828e-29
-1.6664e-25
2.48464e-22
-2.8257e-19
2.189e-16
7.50889e-19
1.91317e-21
3.88144e-24
6.05993e-27
6.86738e-30
5.22328e-33
1.77732e-36
6.4379e-40
0
0
0
0
0
0
0
0

0
5.02069e-32
-1.30485e-28
2.51115e-25
-3.66242e-22
3.79168e-19
9.25026e-22
1.8141e-24
2.86725e-27
3.3915e-30
2.77217e-33
1.36504e-36
2.83865e-40
0
0
0
0
0
0
0
0
0

0
4.88345e-36
-1.25033e-32
1.8565e-29
-2.22289e-26
5.64754e-23
2.56825e-26
5.83854e-29
1.75425e-31
2.61497e-34
1.9851e-37
6.1938e-41
0
0
0
0
0
0
0
0
0
0

0
-9.74064e-40
5.61988e-36
-1.84982e-32
3.62312e-29
-3.7564e-26
-9.11491e-29
-1.41873e-31
-1.37674e-34
-7.45824e-38
-1.70032e-41
0
0
0
0
0
0
0
0
0
0
0

0
7.74795e-44
-1.1123e-39
7.03184e-36
-2.39957e-32
3.97449e-29
6.92836e-32
6.30291e-35
3.13026e-38
6.68581e-42
0
0
0
0
0
0
0
0
0
0
0
0

0
0
1.42456e-43
-2.16465e-39
1.40048e-35
-4.6848e-32
-4.83126e-35
-2.33476e-38
-4.74682e-42
0
0
0
0
0
0
0
0
0
0
0
0
0

0
0
0
2.05421e-43
-2.97976e-39
1.561e-35
1.07932e-38
2.39515e-42
0
0
0
0
0
0
0
0
0
0
0
0
0
0

0
0
0
0
1.39732e-43
-1.12838e-39
-4.78496e-43
0
0
0
0
0
0
0
0
0
0
0
0
0
0
0

0
0
0
0
0
1.01246e-44
0
0
0
0
0
0
0
0
0
0
0
0
0
0
0
0

0
0
0
0
0
0
0
0
0
0
0
0
0
0
0
0
0
0
0
0
0
0

0
0
0
0
0
0
0
0
0
0
0
0
0
0
0
0
0
0
0
0
0
0

0
0
0
0
0
0
0
0
0
0
0
0
0
0
0
0
0
0
0
0
0
0


0
0
0
0
0
0
0
0
0
0
0
0
0
0
0
0
0
0
0
0
0
0

0
6.02309e-16
-2.87119e-13
1.02807e-10
-2.64818e-08
4.72125e-06
9.16789e-08
1.11021e-09
9.57234e-12
6.19687e-14
3.03293e-16
1.14538e-18
3.25112e-21
9.08381e-24
1.75004e-26
2.54933e-29
2.80548e-32
1.85953e-35
5.54129e-39
0
0
0

0
8.90273e-18
-5.65927e-15
2.78413e-12
-1.02398e-09
2.6538e-07
3.40216e-09
2.82529e-11
1.74806e-13
8.37083e-16
3.0649e-18
8.6887e-21
1.94262e-23
4.17388e-26
5.87109e-29
5.92112e-32
3.89678e-35
1.25375e-38
0
0
0
0

0
5.69903e-20
-4.75707e-17
3.10582e-14
-1.54348e-11
5.22015e-09
4.67005e-11
2.83842e-13
1.32296e-15
4.8214e-18
1.34305e-20
2.86057e-23
4.58445e-26
7.28122e-29
6.95059e-32
4.3042e-35
1.15205e-38
0
0
0
0
0

0
1.76062e-22
-1.91289e-19
1.62656e-16
-1.06339e-13
4.7752e-11
3.04578e-13
1.38042e-15
4.92004e-18
1.37861e-20
2.93997e-23
4.67496e-26
5.14363e-29
5.51586e-32
3.09593e-35
8.7443e-39
0
0
0
0
0
0

0
2.51327e-25
-3.51718e-22
3.84075e-19
-3.26278e-16
1.97031e-13
9.11884e-16
3.13974e-18
8.65859e-21
1.87359e-23
3.05662e-26
3.58666e-29
2.54829e-32
1.63815e-35
3.93937e-39
0
0
0
0
0
0
0

0
1.41857e-28
-2.51817e-25
3.41578e-22
-3.62637e-19
2.84317e-16
9.64893e-19
2.62705e-21
5.88178e-24
1.02152e-26
1.29759e-29
1.11334e-32
5.43569e-36
1.40855e-39
0
0
0
0
0
0
0
0

0
2.72561e-33
8.54337e-30
-3.59823e-26
5.17947e-23
-1.38438e-20
-1.79347e-22
-4.22857e-25
-4.65026e-28
-6.60613e-32
4.50816e-34
5.00704e-37
2.08292e-40
0
0
0
0
0
0
0
0
0

0
-2.49124e-36
6.65916e-33
-9.11164e-30
5.21538e-27
-3.45769e-24
-3.93362e-27
-5.57552e-29
-1.54898e-31
-1.92102e-34
-1.14857e-37
-2.62626e-41
0
0
0
0
0
0
0
0
0
0

0
3.6667e-40
-2.09807e-36
6.48901e-33
-1.08596e-29
8.9595e-27
3.13004e-29
5.95649e-32
6.12373e-35
3.28757e-38
7.23428e-42
0
0
0
0
0
0
0
0
0
0
0

0
-2.64003e-44
3.74432e-40
-2.27032e-36
7.09082e-33
-1.06215e-29
-2.31864e-32
-2.34373e-35
-1.20532e-38
-2.57592e-42
0
0
0
0
0
0
0
0
0
0
0
0

0
0
-2.46668e-44
3.60829e-40
-2.0716e-36
4.98578e-33
7.02427e-36
3.91803e-39
8.35376e-43
0
0
0
0
0
0
0
0
0
0
0
0
0

0
0
0
-1.65872e-44
2.13961e-40
-7.59866e-37
-7.1082e-40
-1.79531e-43
0
0
0
0
0
0
0
0
0
0
0
0
0
0

0
0
0
0
-5.80032e-45
3.24568e-41
1.78661e-44
0
0
0
0
0
0
0
0
0
0
0
0
0
0
0

0
0
0
0
0
-3.00141e-46
0
0
0
0
0
0
0
0
0
0
0
0
0
0
0
0

0
0
0
0
0
0
0
0
0
0
0
0
0
0
0
0
0
0
0
0
0
0

0
0
0
0
0
0
0
0
0
0
0
0
0
0
0
0
0
0
0
0
0
0


0
0
0
0
0
0
0
0
0
0
0
0
0
0
0
0
0
0
0
0
0
0

0
2.18746e-13
-7.62958e-11
1.90368e-08
-3.17065e-06
0.000640216
1.52187e-05
2.8192e-07
3.48825e-09
3.09583e-11
2.04728e-13
1.03575e-15
4.07684e-18
1.35008e-20
3.31961e-23
6.34616e-26
9.18778e-29
9.34445e-32
5.68459e-35
1.53194e-38
0
0

0
7.84147e-15
-3.82515e-12
1.41496e-09
-3.86525e-07
8.40084e-05
1.46081e-06
1.6203e-08
1.33113e-10
8.37303e-13
4.07518e-15
1.5487e-17
4.65305e-20
1.16216e-22
2.12321e-25
2.93111e-28
2.87852e-31
1.82368e-34
5.24286e-38
0
0
0

0
7.85421e-17
-5.09225e-14
2.56941e-11
-9.95975e-09
2.95138e-06
3.2339e-08
2.51323e-10
1.51845e-12
7.2112e-15
2.6858e-17
7.82465e-20
1.78477e-22
3.32201e-25
4.35432e-28
4.07741e-31
2.38411e-34
7.31566e-38
0
0
0
0

0
3.02046e-19
-2.5282e-16
1.66358e-13
-8.56013e-11
3.34584e-08
2.55597e-10
1.47866e-12
6.85174e-15
2.52803e-17
7.33195e-20
1.64487e-22
2.78817e-25
3.74356e-28
3.28726e-31
1.83759e-34
4.76719e-38
0
0
0
0
0

0
4.74745e-22
-4.99129e-19
4.13845e-16
-2.72927e-13
1.39509e-10
7.92026e-13
3.53015e-15
1.28574e-17
3.75179e-20
8.57862e-23
1.48625e-25
1.82712e-28
1.66051e-31
8.51336e-35
2.0301e-38
0
0
0
0
0
0

0
2.71223e-25
-3.48434e-22
3.49378e-19
-2.82357e-16
1.79938e-13
7.78198e-16
2.81058e-18
8.57255e-21
2.08716e-23
3.89074e-26
5.25601e-29
4.71363e-32
2.45102e-35
5.01709e-39
0
0
0
0
0
0
0

0
4.07286e-30
1.63643e-26
-4.34596e-23
4.46554e-20
-1.1262e-17
-1.61574e-19
-5.23422e-22
-8.11657e-25
-1.98295e-28
1.69032e-30
3.27568e-33
2.7209e-36
5.12289e-40
0
0
0
0
0
0
0
0

0
-5.05184e-33
8.44058e-30
-6.86472e-27
1.16375e-24
-4.91593e-22
6.2335e-24
-3.41521e-26
-2.00081e-28
-4.10183e-31
-4.16507e-34
-2.01941e-37
-2.96676e-41
0
0
0
0
0
0
0
0
0

0
7.96372e-37
-2.71792e-33
5.34936e-30
-5.76815e-27
3.07e-24
1.66462e-26
5.04488e-29
8.26519e-32
7.43479e-35
3.48617e-38
6.6028e-42
0
0
0
0
0
0
0
0
0
0

0
-7.03723e-41
4.68939e-37
-1.69836e-33
3.30927e-30
-2.97795e-27
-1.07337e-29
-1.76086e-32
-1.52646e-35
-6.90668e-39
-1.2649e-42
0
0
0
0
0
0
0
0
0
0
0

0
2.49029e-45
-4.13734e-41
2.84291e-37
-9.58546e-34
1.35453e-30
3.18192e-33
3.02875e-36
1.37494e-39
2.47229e-43
0
0
0
0
0
0
0
0
0
0
0
0

0
0
1.22244e-45
-2.05677e-41
1.24433e-37
-2.59916e-34
-4.07053e-37
-2.17909e-40
-4.02622e-44
0
0
0
0
0
0
0
0
0
0
0
0
0

0
0
0
4.50392e-46
-6.27403e-42
1.89491e-38
1.96246e-41
4.62329e-45
0
0
0
0
0
0
0
0
0
0
0
0
0
0

0
0
0
0
9.32398e-47
-4.86716e-43
-2.70649e-46
0
0
0
0
0
0
0
0
0
0
0
0
0
0
0

0
0
0
0
0
3.61644e-48
0
0
0
0
0
0
0
0
0
0
0
0
0
0
0
0

0
0
0
0
0
0
0
0
0
0
0
0
0
0
0
0
0
0
0
0
0
0


0
0
0
0
0
0
0
0
0
0
0
0
0
0
0
0
0
0
0
0
0
0

0
5.12242e-16
-2.38972e-13
8.30464e-11
-2.07998e-08
3.75567e-06
7.59804e-08
9.35492e-10
8.25397e-12
5.46268e-14
2.79006e-16
1.13545e-18
3.79924e-21
9.35406e-24
1.71682e-26
2.36585e-29
2.30215e-32
1.40948e-35
3.89054e-39
0
0
0

0
6.29241e-18
-3.87981e-15
1.83506e-12
-6.5977e-10
1.8171e-07
2.21908e-09
1.8819e-11
1.2188e-13
6.12253e-16
2.42827e-18
7.84584e-21
2.09861e-23
3.8567e-26
5.12792e-29
4.83271e-32
2.87156e-35
8.19962e-39
0
0
0
0

0
2.90355e-20
-2.26928e-17
1.3665e-14
-6.34761e-12
2.25802e-09
1.96396e-11
1.2773e-13
6.521e-16
2.60457e-18
8.25344e-21
2.14662e-23
4.54358e-26
6.04719e-29
5.48058e-32
3.13479e-35
8.57886e-39
0
0
0
0
0

0
5.53046e-23
-5.39489e-20
4.03357e-17
-2.34093e-14
1.08549e-11
6.93139e-14
3.5403e-16
1.45295e-18
4.68183e-21
1.19726e-23
2.5194e-26
4.19265e-29
3.79958e-32
2.07632e-35
5.33883e-39
0
0
0
0
0
0

0
4.21986e-26
-4.97233e-23
4.42466e-20
-3.07746e-17
1.8652e-14
9.0798e-17
3.84663e-19
1.32588e-21
3.53908e-24
7.4073e-27
1.26797e-29
1.63113e-32
8.94989e-36
2.17817e-39
0
0
0
0
0
0
0

0
8.68663e-30
-1.06326e-26
8.40584e-24
-4.39429e-21
3.66877e-18
1.14173e-20
6.39346e-23
2.70505e-25
7.52897e-28
1.48984e-30
2.2354e-33
2.13105e-36
5.10127e-40
0
0
0
0
0
0
0
0

0
-7.54365e-34
1.88437e-30
-2.6008e-27
1.75843e-24
-4.57606e-22
-5.80655e-24
-2.63455e-26
-5.95463e-29
-6.93662e-32
-2.21939e-35
4.69766e-38
4.49137e-41
0
0
0
0
0
0
0
0
0

0
4.16568e-38
-2.30125e-34
5.85362e-31
-7.28798e-28
3.58449e-25
2.35305e-27
5.92239e-30
6.84292e-33
2.89575e-36
-8.11701e-40
-8.67371e-43
0
0
0
0
0
0
0
0
0
0

0
-1.67828e-42
2.03189e-38
-9.88011e-35
2.21862e-31
-1.91249e-28
-6.60098e-31
-8.79576e-34
-4.45965e-37
-1.40688e-41
4.74764e-44
0
0
0
0
0
0
0
0
0
0
0

0
-5.45247e-47
4.11943e-43
-6.94356e-40
1.12356e-36
-3.5204e-32
-8.04645e-35
-7.98435e-38
-5.38311e-41
-1.4596e-44
0
0
0
0
0
0
0
0
0
0
0
0

0
0
-1.76769e-46
3.00909e-42
-2.13277e-38
6.92045e-35
8.83717e-38
4.09751e-41
7.76745e-45
0
0
0
0
0
0
0
0
0
0
0
0
0

0
0
0
-1.85153e-46
3.0819e-42
-1.49566e-38
-1.14456e-41
-2.2877e-45
0
0
0
0
0
0
0
0
0
0
0
0
0
0

0
0
0
0
-9.39875e-47
8.92375e-43
3.27529e-46
0
0
0
0
0
0
0
0
0
0
0
0
0
0
0

0
0
0
0
0
-1.31995e-47
0
0
0
0
0
0
0
0
0
0
0
0
0
0
0
0

0
0
0
0
0
0
0
0
0
0
0
0
0
0
0
0
0
0
0
0
0
0

0
0
0
0
0
0
0
0
0
0
0
0
0
0
0
0
0
0
0
0
0
0


0
0
0
0
0
0
0
0
0
0
0
0
0
0
0
0
0
0
0
0
0
0

0
3.82129e-19
-2.27493e-16
1.02202e-13
-3.39622e-11
8.09445e-09
1.11407e-10
1.02165e-12
6.93745e-15
3.59481e-17
1.45823e-19
4.82772e-22
1.323e-24
2.42915e-27
3.25065e-30
3.07676e-33
1.83337e-36
5.11107e-40
0
0
0
0

0
2.55642e-21
-1.96347e-18
1.15676e-15
-5.20212e-13
1.75404e-10
1.64954e-12
1.11517e-14
5.79263e-17
2.335e-19
7.43233e-22
1.95229e-24
4.22907e-27
5.6617e-30
5.21711e-33
3.0393e-36
8.42265e-40
0
0
0
0
0

0
6.71408e-24
-6.50593e-21
4.81303e-18
-2.72622e-15
1.15153e-12
8.26244e-15
4.40379e-17
1.82871e-19
5.89745e-22
1.49519e-24
3.13178e-27
5.29244e-30
4.86752e-33
2.74164e-36
7.32764e-40
0
0
0
0
0
0

0
7.14745e-27
-8.52563e-24
7.654e-21
-5.30478e-18
2.88419e-15
1.57758e-17
6.76016e-20
2.30465e-22
6.0677e-25
1.23877e-27
2.07746e-30
2.70081e-33
1.52365e-36
3.92303e-40
0
0
0
0
0
0
0

0
2.92069e-30
-4.41981e-27
4.99361e-24
-4.39077e-21
3.06168e-18
1.27605e-20
4.33068e-23
1.19268e-25
2.52437e-28
4.07274e-31
5.36295e-34
5.0984e-37
1.30112e-40
0
0
0
0
0
0
0
0

0
3.43077e-34
-6.15971e-31
8.13127e-28
-9.07362e-25
8.45557e-22
2.39477e-24
6.18143e-27
1.51343e-29
2.9083e-32
4.0498e-35
4.32936e-38
2.48271e-41
0
0
0
0
0
0
0
0
0

0
-1.29932e-38
4.07767e-35
-7.63467e-32
7.92305e-29
-2.82383e-26
-2.87926e-28
-8.63628e-31
-1.47644e-33
-1.41749e-36
-5.30169e-40
2.38417e-43
0
0
0
0
0
0
0
0
0
0

0
5.52011e-44
-5.1693e-40
6.50453e-37
2.09532e-33
-5.4266e-30
5.95973e-33
3.46612e-35
4.41579e-38
1.4967e-41
-4.95954e-45
0
0
0
0
0
0
0
0
0
0
0

0
7.33641e-48
-4.81295e-44
2.8463e-40
-1.2475e-36
1.99552e-33
2.09465e-36
6.31776e-40
5.48331e-43
6.52993e-46
0
0
0
0
0
0
0
0
0
0
0
0

0
0
3.81393e-48
-4.23651e-44
2.52953e-40
-7.54224e-37
-1.09211e-39
-6.08996e-43
-1.76227e-46
0
0
0
0
0
0
0
0
0
0
0
0
0

0
0
0
1.23821e-47
-2.11856e-43
1.24292e-39
8.86793e-43
1.67948e-46
0
0
0
0
0
0
0
0
0
0
0
0
0
0

0
0
0
0
1.87702e-47
-2.31666e-43
-7.22582e-47
0
0
0
0
0
0
0
0
0
0
0
0
0
0
0

0
0
0
0
0
7.87827e-48
0
0
0
0
0
0
0
0
0
0
0
0
0
0
0
0

0
0
0
0
0
0
0
0
0
0
0
0
0
0
0
0
0
0
0
0
0
0

0
0
0
0
0
0
0
0
0
0
0
0
0
0
0
0
0
0
0
0
0
0

0
0
0
0
0
0
0
0
0
0
0
0
0
0
0
0
0
0
0
0
0
0


0
0
0
0
0
0
0
0
0
0
0
0
0
0
0
0
0
0
0
0
0
0

0
1.28839e-22
-9.72965e-20
5.56305e-17
-2.38068e-14
7.30622e-12
7.37443e-14
5.20092e-16
2.77085e-18
1.13606e-20
3.66112e-23
9.79924e-26
2.13787e-28
2.84254e-31
2.60876e-34
1.51217e-37
4.15008e-41
0
0
0
0
0

0
5.26192e-25
-5.05348e-22
3.69763e-19
-2.06042e-16
8.47364e-14
6.31443e-16
3.42367e-18
1.42952e-20
4.61687e-23
1.16989e-25
2.4667e-28
4.15285e-31
3.83205e-34
2.17903e-37
5.89577e-41
0
0
0
0
0
0

0
7.93785e-28
-9.62707e-25
8.78819e-22
-6.09329e-19
3.11956e-16
1.83531e-18
7.98368e-21
2.68672e-23
6.93687e-26
1.38536e-28
2.28941e-31
2.8918e-34
1.65032e-37
4.35649e-41
0
0
0
0
0
0
0

0
4.48844e-31
-6.80143e-28
7.58415e-25
-6.35989e-22
3.89604e-19
1.87276e-21
6.7524e-24
1.88687e-26
3.97119e-29
6.27637e-32
8.05062e-35
7.19057e-38
1.89727e-41
0
0
0
0
0
0
0
0

0
7.51464e-35
-1.39285e-31
1.87287e-28
-1.98027e-25
1.67327e-22
5.55763e-25
1.56576e-27
3.74712e-30
6.81856e-33
8.96237e-36
9.07241e-39
4.80335e-42
0
0
0
0
0
0
0
0
0

0
2.93997e-40
2.40438e-36
-9.29471e-33
1.41775e-29
-5.67238e-27
-4.8918e-29
-1.03751e-31
-8.23006e-35
6.44948e-38
2.0692e-40
2.07376e-43
0
0
0
0
0
0
0
0
0
0

0
-8.54866e-44
2.64794e-40
-3.72942e-37
1.49356e-34
-1.62734e-31
1.36572e-34
-2.57598e-36
-8.09975e-39
-8.71999e-42
-3.21767e-45
0
0
0
0
0
0
0
0
0
0
0

0
2.00747e-48
-1.50887e-44
5.7317e-41
-1.18987e-37
1.16509e-34
3.46772e-37
5.70101e-40
4.91989e-43
1.80207e-46
0
0
0
0
0
0
0
0
0
0
0
0

0
0
3.41772e-49
-2.47973e-45
9.03885e-42
-1.31697e-38
-2.807e-41
-2.57213e-44
-1.01606e-47
0
0
0
0
0
0
0
0
0
0
0
0
0

0
0
0
5.52459e-51
3.57848e-46
-3.31992e-42
-2.62167e-45
-3.98441e-49
0
0
0
0
0
0
0
0
0
0
0
0
0
0

0
0
0
0
-5.76574e-49
8.02185e-45
2.49961e-48
0
0
0
0
0
0
0
0
0
0
0
0
0
0
0

0
0
0
0
0
-9.36998e-49
0
0
0
0
0
0
0
0
0
0
0
0
0
0
0
0

0
0
0
0
0
0
0
0
0
0
0
0
0
0
0
0
0
0
0
0
0
0

0
0
0
0
0
0
0
0
0
0
0
0
0
0
0
0
0
0
0
0
0
0

0
0
0
0
0
0
0
0
0
0
0
0
0
0
0
0
0
0
0
0
0
0

0
0
0
0
0
0
0
0
0
0
0
0
0
0
0
0
0
0
0
0
0
0


0
0
0
0
0
0
0
0
0
0
0
0
0
0
0
0
0
0
0
0
0
0

0
2.2849e-26
-2.19247e-23
1.58414e-20
-8.57956e-18
3.29773e-15
2.56325e-17
1.41926e-19
5.99339e-22
1.94783e-24
4.92887e-27
1.0435e-29
1.74021e-32
1.57947e-35
8.84552e-39
2.35686e-42
0
0
0
0
0
0

0
5.97154e-29
-7.27001e-26
6.64969e-23
-4.59157e-20
2.27626e-17
1.36874e-19
5.97094e-22
1.99931e-24
5.13034e-27
1.01194e-29
1.65173e-32
2.0235e-35
1.14726e-38
3.01906e-42
0
0
0
0
0
0
0

0
5.08332e-32
-7.89457e-29
9.03228e-26
-7.70222e-23
4.66176e-20
2.27449e-22
8.07238e-25
2.18819e-27
4.46267e-30
6.79721e-33
8.40258e-36
7.07118e-39
1.8828e-42
0
0
0
0
0
0
0
0

0
1.38253e-35
-2.70401e-32
3.71922e-29
-3.7237e-26
2.59184e-23
1.0721e-25
3.24483e-28
7.4723e-31
1.25119e-33
1.47499e-36
1.33692e-39
6.25715e-43
0
0
0
0
0
0
0
0
0

0
5.85406e-40
-1.05506e-36
8.55653e-34
-4.85486e-31
1.19701e-27
7.7665e-32
4.16387e-33
2.77614e-35
5.9672e-38
6.60804e-41
4.49209e-44
0
0
0
0
0
0
0
0
0
0

0
-2.86662e-44
1.1122e-40
-2.1859e-37
2.05349e-34
-8.71479e-32
-6.10155e-34
-2.04866e-36
-3.20257e-39
-2.30154e-42
-4.98017e-46
0
0
0
0
0
0
0
0
0
0
0

0
3.08404e-49
-2.91579e-45
1.11703e-41
-1.83929e-38
9.74439e-36
6.09954e-38
1.16144e-40
8.68871e-44
2.1786e-47
0
0
0
0
0
0
0
0
0
0
0
0

0
0
3.08727e-50
-2.50402e-46
7.90837e-43
-7.20663e-40
-2.62989e-42
-2.6244e-45
-8.13075e-49
0
0
0
0
0
0
0
0
0
0
0
0
0

0
0
0
2.47463e-51
-1.29914e-47
1.64846e-44
3.71063e-47
1.94358e-50
0
0
0
0
0
0
0
0
0
0
0
0
0
0

0
0
0
0
6.8646e-52
-8.46536e-48
-3.31618e-51
0
0
0
0
0
0
0
0
0
0
0
0
0
0
0

0
0
0
0
0
1.58554e-50
0
0
0
0
0
0
0
0
0
0
0
0
0
0
0
0

0
0
0
0
0
0
0
0
0
0
0
0
0
0
0
0
0
0
0
0
0
0

0
0
0
0
0
0
0
0
0
0
0
0
0
0
0
0
0
0
0
0
0
0

0
0
0
0
0
0
0
0
0
0
0
0
0
0
0
0
0
0
0
0
0
0

0
0
0
0
0
0
0
0
0
0
0
0
0
0
0
0
0
0
0
0
0
0

0
0
0
0
0
0
0
0
0
0
0
0
0
0
0
0
0
0
0
0
0
0


0
0
0
0
0
0
0
0
0
0
0
0
0
0
0
0
0
0
0
0
0
0

0
2.52259e-30
-3.11845e-27
2.86387e-24
-1.9556e-21
9.32317e-19
5.68724e-21
2.48749e-23
8.29478e-26
2.1078e-28
4.07018e-31
6.44088e-34
7.62224e-37
4.20856e-40
1.08105e-43
0
0
0
0
0
0
0

0
4.23609e-33
-6.70022e-30
7.77582e-27
-6.70421e-24
4.04278e-21
1.95631e-23
6.81221e-26
1.80174e-28
3.58362e-31
5.27355e-34
6.13129e-37
4.8095e-40
1.25662e-43
0
0
0
0
0
0
0
0

0
1.9095e-36
-3.92401e-33
5.73585e-30
-6.09612e-27
4.46453e-24
1.77519e-26
5.04657e-29
1.074e-31
1.66763e-34
1.82507e-37
1.48614e-40
6.23027e-44
0
0
0
0
0
0
0
0
0

0
2.00701e-40
-5.31631e-37
9.2912e-34
-1.14186e-30
9.67579e-28
3.25267e-30
8.05485e-33
1.48622e-35
1.88478e-38
1.50092e-41
7.32471e-45
0
0
0
0
0
0
0
0
0
0

0
-5.24338e-46
7.84216e-42
-3.17717e-38
6.05501e-35
-5.10384e-32
-1.93739e-34
-3.16098e-37
-2.1244e-40
3.72905e-44
1.04195e-46
0
0
0
0
0
0
0
0
0
0
0

0
-2.56912e-50
1.75883e-46
-2.75497e-43
-3.22767e-40
6.88947e-37
1.60686e-39
-2.21372e-42
-6.62625e-45
-3.64459e-48
0
0
0
0
0
0
0
0
0
0
0
0

0
0
-4.92977e-51
3.93273e-47
-9.46306e-44
8.32161e-41
2.99797e-43
4.03097e-46
1.70917e-49
0
0
0
0
0
0
0
0
0
0
0
0
0

0
0
0
-6.17953e-52
4.12606e-48
-6.1912e-45
-1.38943e-47
-6.73541e-51
0
0
0
0
0
0
0
0
0
0
0
0
0
0

0
0
0
0
-5.14993e-53
1.80747e-49
1.78287e-52
0
0
0
0
0
0
0
0
0
0
0
0
0
0
0

0
0
0
0
0
-9.30901e-54
0
0
0
0
0
0
0
0
0
0
0
0
0
0
0
0

0
0
0
0
0
0
0
0
0
0
0
0
0
0
0
0
0
0
0
0
0
0

0
0
0
0
0
0
0
0
0
0
0
0
0
0
0
0
0
0
0
0
0
0

0
0
0
0
0
0
0
0
0
0
0
0
0
0
0
0
0
0
0
0
0
0

0
0
0
0
0
0
0
0
0
0
0
0
0
0
0
0
0
0
0
0
0
0

0
0
0
0
0
0
0
0
0
0
0
0
0
0
0
0
0
0
0
0
0
0

0
0
0
0
0
0
0
0
0
0
0
0
0
0
0
0
0
0
0
0
0
0


0
0
0
0
0
0
0
0
0
0
0
0
0
0
0
0
0
0
0
0
0
0

0
0
0
0
0
0
0
0
0
0
0
0
0
0
0
0
0
0
0
0
0
0

0
0
0
0
0
0
0
0
0
0
0
0
0
0
0
0
0
0
0
0
0
0

0
0
0
0
0
0
0
0
0
0
0
0
0
0
0
0
0
0
0
0
0
0

0
0
0
0
0
0
0
0
0
0
0
0
0
0
0
0
0
0
0
0
0
0

0
0
0
0
0
0
0
0
0
0
0
0
0
0
0
0
0
0
0
0
0
0

0
0
0
0
0
0
0
0
0
0
0
0
0
0
0
0
0
0
0
0
0
0

0
0
0
0
0
0
0
0
0
0
0
0
0
0
0
0
0
0
0
0
0
0

0
0
0
0
0
0
0
0
0
0
0
0
0
0
0
0
0
0
0
0
0
0

0
0
0
0
0
0
0
0
0
0
0
0
0
0
0
0
0
0
0
0
0
0

0
0
0
0
0
0
0
0
0
0
0
0
0
0
0
0
0
0
0
0
0
0

0
0
0
0
0
0
0
0
0
0
0
0
0
0
0
0
0
0
0
0
0
0

0
0
0
0
0
0
0
0
0
0
0
0
0
0
0
0
0
0
0
0
0
0

0
0
0
0
0
0
0
0
0
0
0
0
0
0
0
0
0
0
0
0
0
0

0
0
0
0
0
0
0
0
0
0
0
0
0
0
0
0
0
0
0
0
0
0

0
0
0
0
0
0
0
0
0
0
0
0
0
0
0
0
0
0
0
0
0
0

0
0
0
0
0
0
0
0
0
0
0
0
0
0
0
0
0
0
0
0
0
0


