0
0
0
0
0
0
0
0
0
0
0
0
0
0
0
0
0
0
0
0
0
0

0
0
0
0
0
0
0
0
0
0
0
0
0
0
0
0
0
0
0
0
0
0

0
0
0
0
0
0
0
0
0
0
0
0
0
0
0
0
0
0
0
0
0
0

0
0
0
0
0
0
0
0
0
0
0
0
0
0
0
0
0
0
0
0
0
0

0
0
0
0
0
0
0
0
0
0
0
0
0
0
0
0
0
0
0
0
0
0

0
0
0
0
0
0
0
0
0
0
0
0
0
0
0
0
0
0
0
0
0
0

0
0
0
0
0
0
0
0
0
0
0
0
0
0
0
0
0
0
0
0
0
0

0
0
0
0
0
0
0
0
0
0
0
0
0
0
0
0
0
0
0
0
0
0

0
0
0
0
0
0
0
0
0
0
0
0
0
0
0
0
0
0
0
0
0
0

0
0
0
0
0
0
0
0
0
0
0
0
0
0
0
0
0
0
0
0
0
0

0
0
0
0
0
0
0
0
0
0
0
0
0
0
0
0
0
0
0
0
0
0

0
0
0
0
0
0
0
0
0
0
0
0
0
0
0
0
0
0
0
0
0
0

0
0
0
0
0
0
0
0
0
0
0
0
0
0
0
0
0
0
0
0
0
0

0
0
0
0
0
0
0
0
0
0
0
0
0
0
0
0
0
0
0
0
0
0

0
0
0
0
0
0
0
0
0
0
0
0
0
0
0
0
0
0
0
0
0
0

0
0
0
0
0
0
0
0
0
0
0
0
0
0
0
0
0
0
0
0
0
0

0
0
0
0
0
0
0
0
0
0
0
0
0
0
0
0
0
0
0
0
0
0


0
0
0
0
0
0
0
0
0
0
0
0
0
0
0
0
0
0
0
0
0
0

0
-12.9235
6.62652
-13.6238
-12.8302
-11.9449
-10.8046
-14.1139
-6.33233
-65.6833
-12.4666
-12.9065
-29.8459
-12.5488
-12.4552
-13.2028
-6.73062
-8.13991
-12.1585
-14.5275
-13.5765
0

0
-3.40418
-2.61895
-3.33254
-5.24781
1.59821
10.0648
-3.62861
-5.88023
41.9063
-5.15573
-3.79673
-21.9526
-4.83115
-1.41073
-4.8729
34.2745
-7.84949
-3.94142
-4.41075
-4.04503
0

0
-4.88
17.1459
-6.40417
-4.84195
-0.861328
-16.0488
-4.95064
3.20293
-5.56111
-5.40641
-5.94781
15.742
-8.46655
-3.86632
-1.63155
-24.0511
1.24156
-4.94497
-5.92141
-5.34556
0

0
-4.90192
-6.27223
-6.50821
-4.77526
-11.7413
-7.65129
-4.86991
-7.91573
-4.67202
-5.12944
-5.67874
-3.04406
-9.0546
-4.14832
-0.176371
-6.07261
-5.21537
-4.56904
-6.04868
-5.23405
0

0
-5.15644
4.54836
-2.47832
-5.19003
-5.8772
-5.81087
-5.204
-4.65514
-5.45948
-5.09902
-5.30357
8.47306
4.5095
-3.83411
-1.8929
3.38766
-3.35701
-4.29627
-6.38251
-5.18027
0

0
-4.98407
-1.30724
-3.73078
-5.25373
-4.76879
-5.02141
-5.2858
-1.38651
-5.16819
-5.21103
-4.847
-2.58024
-7.00883
-3.36685
-2.33698
-4.61695
-3.5882
-6.15415
-6.87712
-5.1187
0

0
-4.90534
-4.33928
-4.54056
-5.13326
-4.51251
-4.92054
-4.798
15.6177
-4.745
-5.07562
-4.8585
-4.77571
-3.25482
-2.04719
-3.74916
-6.97357
-3.83893
-3.72907
-8.95655
-5.04721
0

0
-4.90308
-4.82592
-5.0068
-4.91049
-4.63536
-4.87337
-4.12586
-30.9372
-4.42033
-4.99737
-4.89063
-4.83435
-1.53427
-1.78246
-2.51483
-6.42655
-3.92139
-3.03227
-14.0751
-5.01924
0

0
-4.90473
-4.82979
-5.00323
-4.54512
-4.54322
-5.01555
-5.10545
-9.95103
-5.53719
-5.00861
-4.90423
-4.47794
1.48404
-0.52674
-1.09236
-5.72159
-3.65403
-3.09717
7.93894
-5.35668
0

0
-4.89509
-4.8095
-4.92726
-4.46518
-6.21909
-5.2986
-5.51762
-5.45612
-5.36614
-5.03348
-4.91017
-4.03271
15.5117
-1.70801
-2.21704
-4.52504
2.6912
-2.44404
-0.0988534
-5.36821
0

0
-4.87423
-4.7441
-4.81166
-5.06123
-4.00194
-5.12678
-5.38685
-6.23805
-5.22141
-4.9604
-4.97193
-3.9554
-32.8208
-1.9872
1.15149
-3.68799
-12.5523
-9.26751
-4.86791
-5.23515
0

0
-4.82778
-4.4101
-4.33278
-5.05251
-2.7795
-4.43213
-5.14225
-8.37795
-5.1738
-4.8875
-4.99683
-4.82544
11.9248
1.16417
25.9324
-3.77078
-8.49798
-5.44917
-6.37706
-5.09424
0

0
-4.69661
-4.75262
-4.978
-4.66848
-4.10036
-4.76326
-5.05672
1.23762
-5.05923
-4.83456
-4.87463
-4.77397
27.3836
19.4929
-50.7612
-5.65573
-2.35805
-5.34987
-5.2057
-4.94231
0

0
-3.58098
-3.78992
-3.76828
-3.5248
-2.23968
-3.65484
-3.72578
-2.77659
-3.76836
-3.76065
-3.79862
-3.45007
-5.80528
-36.5652
0.0934722
4.03489
2.65081
-6.0219
-3.06795
-3.84774
0

0
0.78616
0.988774
1.31778
1.78788
6.3159
1.74668
1.34988
0.381772
0.88787
0.614888
0.602931
0.558916
-3.54574
4.64895
5.94054
0.663462
5.62173
-2.74019
2.01961
0.736413
0

0
0
0
0
0
0
0
0
0
0
0
0
0
0
0
0
0
0
0
0
0
0


0
0
0
0
0
0
0
0
0
0
0
0
0
0
0
0
0
0
0
0
0
0

0
-13.5959
-20.6247
-13.7827
-15.024
-17.8146
-19.2902
-14.4484
-19.2915
8.56647
-13.6757
-13.5462
-0.455673
-12.191
-15.0773
-13.2426
-35.4122
-18.0923
-12.8127
-14.1873
-13.6166
0

0
-3.43613
-22.7973
-1.67503
-5.19176
-0.355328
-1.39267
-3.84365
-9.61188
-14.8421
-3.43121
-3.61949
7.32138
-2.69903
-3.87808
-5.33509
34.4508
-9.21806
-4.18263
-3.91538
-3.71728
0

0
-5.97135
-5.00452
-7.24473
-5.72602
-9.32065
1.42563
-5.49846
-6.92812
-0.839808
-5.74376
-5.50326
-22.0185
-7.25893
-5.20013
-7.96201
-22.3942
-4.4425
-5.59355
-5.47137
-5.32412
0

0
-5.6073
-19.3116
-5.99254
-5.04727
-3.89771
-8.00843
-5.11342
-1.43142
-2.94695
-5.46298
-5.98952
-7.86824
-3.49811
-5.84632
-6.53802
-18.4316
-6.33408
-4.74831
-5.20181
-5.23111
0

0
-5.61855
-5.11989
-7.17171
-5.19572
-7.33934
-7.34484
-5.42412
-8.50707
-5.38965
-5.22947
-5.77875
-4.29127
3.86894
-6.57898
-10.195
-1.09541
-5.68782
-4.90057
-4.96302
-5.21648
0

0
-5.53755
-1.24867
-4.63111
-5.42316
-5.55226
-5.76091
-5.52771
-6.25947
-5.73189
-5.26492
-5.34418
-1.8129
-5.78444
-8.05039
-2.67917
2.17142
-5.06983
-6.74561
-4.6859
-5.20798
0

0
-5.44062
-3.84301
-4.38275
-5.50107
-4.02923
-5.04902
-5.45295
1.57044
-5.1594
-5.36466
-5.23231
-4.68477
-6.6865
-7.46087
-5.39592
-4.66498
-5.58395
-7.48432
-4.87526
-5.1932
0

0
-5.42362
-5.21928
-5.15693
-5.55678
-4.04138
-4.59398
-4.85943
0.488417
-4.81562
-5.30287
-5.2702
-5.66996
-2.71177
-5.63036
-9.47454
-6.13141
-6.78075
-5.68861
-8.065
-5.17702
0

0
-5.43672
-5.46815
-5.44311
-5.31622
-5.40615
-4.75906
-4.80113
-14.4718
-5.48445
-5.29673
-5.27844
-5.53811
3.34877
-2.03823
0.149351
-5.23745
-7.14675
-4.70225
-14.0784
-5.21419
0

0
-5.44887
-5.5028
-5.47828
-4.92579
-7.32874
-6.01622
-5.41917
-7.10001
-5.67707
-5.33108
-5.28143
-4.64881
-3.66895
1.28144
-2.78971
-6.06426
-6.13905
-3.67905
0.202493
-5.42648
0

0
-5.45479
-5.4956
-5.47682
-5.20077
-7.49753
-6.59849
-5.65827
-5.206
-5.46926
-5.37122
-5.25283
-5.63424
-37.0908
-5.84102
-1.89363
-8.17165
-6.70471
-6.80606
-0.494289
-5.4425
0

0
-5.44576
-5.27993
-5.43223
-5.71644
-2.34008
-4.96669
-5.46927
-6.49662
-5.44741
-5.29885
-5.29008
-7.21617
-38.4437
-6.78408
3.22165
-10.9097
-6.97835
-6.83114
-5.59662
-5.33763
0

0
-5.3646
-5.26885
-5.97061
-5.43903
-6.2569
-5.18892
-5.3688
-6.85741
-5.2977
-5.19055
-5.22837
-5.17673
14.5413
0.160117
-9.04475
-7.88135
-4.12816
-4.64463
-6.31427
-5.18931
0

0
-4.30962
-4.28597
-4.47446
-4.308
-4.99362
-4.35984
-4.27455
-1.67751
-4.11883
-4.18169
-4.18151
-4.03327
4.93011
-9.69175
-17.3479
-4.0758
-3.44481
-3.89113
-4.81036
-4.13466
0

0
-0.356814
-0.178531
0.139751
0.306684
1.45033
0.322041
0.296572
-0.0959277
0.0672478
-0.148075
-0.198754
-0.178315
-4.70179
-1.87806
5.53087
2.4825
3.11331
-0.759291
-0.58733
0.0111554
0

0
0
0
0
0
0
0
0
0
0
0
0
0
0
0
0
0
0
0
0
0
0


0
0
0
0
0
0
0
0
0
0
0
0
0
0
0
0
0
0
0
0
0
0

0
-13.214
-19.057
-12.9324
-12.5382
-16.8574
-15.6224
-13.8066
-11.877
-15.9448
-13.5844
-13.4047
-15.1547
-13.4702
-14.2777
-15.0736
-28.7005
-10.828
-12.3488
-13.6505
-13.355
0

0
-3.85763
-11.5668
-3.46483
-3.01791
-2.29404
-4.40319
-3.48657
-2.38249
-6.66679
-3.46112
-3.44675
-4.0767
-2.86288
-3.35616
-2.28051
-3.35334
-0.357946
-2.75316
-3.40017
-3.41413
0

0
-5.58385
-16.261
-5.02628
-6.03987
3.20956
-2.86079
-5.32766
-7.76416
-7.00022
-5.33174
-5.1342
-3.89643
-5.22259
-5.38157
-5.87937
9.058
-6.6453
-5.37786
-5.18159
-5.13039
0

0
-5.46767
-10.0166
-5.9722
-5.2889
-5.28364
-2.67648
-4.84251
-5.41978
-3.34321
-5.29298
-5.28132
-11.5207
-10.2963
-5.35258
-5.53951
-28.1484
-3.99401
-5.07527
-4.97895
-5.06212
0

0
-5.45592
-9.40017
-5.77562
-4.88762
-7.09569
-6.27285
-5.01057
-3.85884
-3.80125
-5.14207
-5.5033
-6.44135
-9.01608
-5.55997
-6.23601
-16.3309
-6.06176
-4.97324
-4.82347
-5.04689
0

0
-5.4184
-4.55804
-6.02807
-5.07928
-7.45465
-6.1216
-5.18329
-6.72198
-4.97186
-5.05564
-5.29813
-3.69904
-2.5687
-5.89684
-7.38681
-1.30884
-4.68903
-3.58669
-4.78814
-5.0323
0

0
-5.32329
-3.3019
-4.69182
-5.17248
-5.09551
-5.36261
-5.18364
-4.84556
-5.16159
-5.07914
-5.03753
-3.69278
-5.62399
-7.1007
1.77621
0.13402
-3.0286
-6.00356
-4.8808
-5.02107
0

0
-5.27241
-4.23905
-4.5738
-5.18428
-3.40657
-4.78635
-4.97051
0.257428
-4.75063
-5.08034
-5.0186
-4.63496
-5.409
-6.40741
-7.48804
-3.47746
-2.07182
-6.01728
-5.34572
-5.00901
0

0
-5.26955
-4.88756
-4.94021
-5.15122
-3.51233
-4.38032
-4.7274
-4.7473
-4.74213
-5.05596
-5.03107
-5.07067
-1.37352
-5.30724
-5.05958
-3.99535
-2.69813
-5.35291
-7.50577
-5.02439
0

0
-5.281
-5.09041
-5.10559
-4.94486
-6.2233
-4.84508
-4.9042
-8.75327
-5.36335
-5.08332
-5.03618
-4.84113
1.99439
-0.995896
-1.43161
-3.35681
-3.67431
-4.44074
-9.43281
-5.07618
0

0
-5.28571
-5.16286
-5.12199
-4.84849
-9.40679
-5.96688
-5.26066
-6.04482
-5.32555
-5.10205
-5.03577
-4.89905
-24.9793
0.447982
-6.66262
-4.03275
9.62139
-0.13083
-2.04196
-5.14884
0

0
-5.26131
-5.19933
-5.08702
-5.17079
-3.14258
-5.53061
-5.3217
-5.48365
-5.20307
-5.0813
-5.03369
-5.93444
-25.9051
-3.99057
-4.75474
-5.27903
-3.03108
-5.15847
-2.41549
-5.11169
0

0
-5.16471
-4.88453
-4.7284
-5.09863
-3.70397
-4.69676
-5.07464
-6.13114
-5.11508
-4.96966
-4.9929
-5.56485
-12.6939
-3.66573
-1.73393
-5.35539
-6.35128
-5.59363
-4.96595
-4.96494
0

0
-4.15311
-3.8349
-3.97686
-3.99746
-4.68322
-3.94145
-4.00656
-4.27493
-4.021
-3.97926
-3.99866
-3.9057
5.43353
-3.82655
-7.14088
-4.45381
-6.73362
-4.27984
-4.48235
-3.93485
0

0
-0.427158
-0.166685
0.046787
0.306167
0.890201
0.302959
0.244362
0.829927
0.0761128
-0.143666
-0.190416
0.0418157
-0.839525
-4.29681
2.09921
-1.14052
-1.70895
-1.28316
-0.477316
-0.0108593
0

0
0
0
0
0
0
0
0
0
0
0
0
0
0
0
0
0
0
0
0
0
0


0
0
0
0
0
0
0
0
0
0
0
0
0
0
0
0
0
0
0
0
0
0

0
-13.1751
-12.3815
-13.0618
-13.564
-5.38195
-14.1881
-13.749
-14.3058
-13.4164
-13.6647
-13.546
-12.4595
-14.0661
-14.4927
-15.3346
-14.6108
-13.4153
-13.1211
-13.7376
-13.457
0

0
-3.74397
-2.77347
-3.59348
-2.88892
-16.0572
-4.2399
-3.58508
-3.03665
-3.50392
-3.44229
-3.45661
-3.90987
-3.20081
-3.33783
-3.05837
-10.1914
-3.06484
-2.68092
-3.28682
-3.39464
0

0
-5.36636
-5.4804
-4.97892
-5.21481
-1.97099
-5.4757
-5.18582
-5.349
-6.41194
-5.17918
-5.15106
-4.69456
-5.16914
-5.34063
-5.24763
6.57825
-4.47776
-5.06475
-5.15594
-5.10324
0

0
-5.40111
-7.35269
-5.27057
-5.54298
2.52932
-3.45387
-5.11742
-5.88581
-5.50832
-5.21277
-5.15648
-6.08615
-5.27841
-5.29457
-5.51758
0.285195
-3.86806
-5.21895
-5.08868
-5.05562
0

0
-5.43231
-7.59116
-5.52581
-5.27031
-1.2425
-4.16187
-4.91819
-4.88618
-4.42532
-5.18458
-5.29785
-7.29511
-6.88049
-5.38583
-5.75344
-15.5287
-4.96426
-4.88429
-5.07533
-5.05556
0

0
-5.42718
-6.47208
-5.59411
-5.02634
-5.96783
-5.50239
-5.06202
-4.92605
-4.57065
-5.10835
-5.30914
-5.3647
-5.63502
-5.45267
-7.2204
-9.24466
-5.41124
-5.01847
-5.06386
-5.04617
0

0
-5.36979
-4.79473
-5.41541
-5.09779
-6.65392
-5.60081
-5.14101
-5.41302
-4.97026
-5.07877
-5.15421
-4.45195
-4.88106
-5.86831
-6.69822
-3.00132
-5.04137
-4.62717
-5.04015
-5.03712
0

0
-5.31015
-4.40512
-4.91021
-5.15203
-4.88385
-5.22898
-5.08127
-3.81196
-4.97701
-5.07981
-5.05598
-4.53308
-5.12942
-6.53794
-1.18221
-1.44738
-4.82437
-6.14178
-5.11515
-5.03418
0

0
-5.2855
-4.70264
-4.87516
-5.15796
-3.48112
-4.76213
-4.92863
-3.16162
-4.82793
-5.07058
-5.04124
-4.78347
-3.96067
-6.29873
-5.03698
-2.38553
-3.90737
-6.25164
-5.53652
-5.04152
0

0
-5.28656
-4.95735
-5.01337
-5.06543
-4.41267
-4.61946
-4.899
-5.6994
-5.01607
-5.07423
-5.04225
-4.84303
-1.38312
-4.6796
-1.17396
-2.23676
-4.19899
-5.88215
-6.78865
-5.06365
0

0
-5.29073
-5.0651
-5.08288
-4.95937
-7.52888
-5.28284
-5.08362
-6.37297
-5.25913
-5.09354
-5.04191
-4.76735
-4.21767
-1.24732
-3.0066
-2.46595
-4.03267
-5.4303
-6.42318
-5.09934
0

0
-5.26711
-5.08909
-5.06586
-5.08192
-7.11458
-5.79497
-5.24391
-5.56137
-5.20782
-5.0746
-5.02979
-5.17642
-11.6693
-0.96309
-7.5209
-3.80203
0.314639
-2.91967
-3.64308
-5.07824
0

0
-5.15983
-5.01156
-4.97108
-5.06684
-3.52343
-5.01618
-5.11133
-5.31181
-5.06952
-4.97252
-4.96602
-5.42071
-12.2151
-3.22624
-5.85934
-6.08409
-6.21557
-4.65692
-3.83439
-4.95062
0

0
-4.13582
-3.96234
-3.95024
-3.97445
-3.56907
-3.83599
-3.99733
-4.24942
-4.02268
-3.97566
-3.99403
-4.11579
-3.83395
-4.04168
-3.68627
-6.07478
-6.81383
-4.55187
-3.94138
-3.92204
0

0
-0.510071
-0.152732
-0.0408525
0.174489
0.410588
0.200717
0.104382
0.664348
-0.0283576
-0.207651
-0.25272
0.0203185
2.40884
-3.54754
-0.121398
-3.05718
-2.93677
-1.27729
-0.73184
-0.0797715
0

0
0
0
0
0
0
0
0
0
0
0
0
0
0
0
0
0
0
0
0
0
0


0
0
0
0
0
0
0
0
0
0
0
0
0
0
0
0
0
0
0
0
0
0

0
-13.2316
-12.1636
-13.3138
-13.7225
-5.02674
-13.4928
-13.7398
-13.9582
-13.8284
-13.6938
-13.6337
-13.4874
-14.1212
-14.4794
-14.9285
-13.2776
-14.1214
-13.8686
-13.8658
-13.5161
0

0
-3.70131
-3.54986
-3.40549
-3.4081
-10.6906
-3.08695
-3.46517
-3.4927
-3.40736
-3.47538
-3.45813
-3.23277
-3.36105
-3.40822
-3.45629
-5.41379
-2.68216
-2.59354
-3.23721
-3.38593
0

0
-5.32555
-4.90543
-5.13036
-4.86767
-11.3219
-6.06356
-5.22891
-5.1105
-5.39484
-5.16224
-5.15297
-5.22089
-5.13245
-5.27058
-5.28855
-6.98424
-5.33667
-5.047
-5.15424
-5.09274
0

0
-5.33235
-5.59823
-5.1042
-5.112
-8.47921
-5.35369
-5.15503
-5.29672
-5.51037
-5.146
-5.1328
-5.19754
-5.26744
-5.23642
-5.3296
1.54718
-4.85342
-5.12752
-5.11258
-5.04563
0

0
-5.38741
-6.23443
-5.3073
-5.32218
-2.09321
-4.3857
-5.05362
-5.2812
-5.10416
-5.16757
-5.20078
-5.95981
-5.59961
-5.29505
-5.42677
-5.49336
-4.79994
-5.19501
-5.12477
-5.05358
0

0
-5.40703
-6.20329
-5.37824
-5.20781
-2.07099
-4.69648
-5.01595
-4.97612
-4.80631
-5.13533
-5.23962
-5.77777
-5.71078
-5.38378
-6.02371
-9.31073
-6.38707
-5.33538
-5.1011
-5.05219
0

0
-5.38551
-5.52441
-5.37976
-5.10725
-4.857
-5.22522
-5.08168
-5.0312
-4.87259
-5.09999
-5.18882
-5.04761
-5.20731
-5.54277
-6.98062
-6.28699
-7.12951
-5.37512
-5.07892
-5.04842
0

0
-5.34241
-4.93945
-5.18814
-5.11799
-5.65074
-5.31371
-5.09509
-4.79186
-4.97288
-5.08617
-5.10607
-4.80011
-4.97402
-5.9403
-5.57319
-3.09217
-6.66531
-5.58787
-5.13498
-5.04726
0

0
-5.30994
-4.81893
-5.01388
-5.13584
-4.76419
-5.07692
-5.03203
-4.20225
-4.95362
-5.08052
-5.0656
-4.79482
-4.48034
-6.22024
-3.88149
-1.32623
-5.2441
-5.98452
-5.31345
-5.05028
0

0
-5.29813
-4.91827
-5.00804
-5.11456
-4.04966
-4.78605
-4.97767
-4.6391
-4.97043
-5.07845
-5.05412
-4.83432
-3.35987
-5.98622
-2.65421
-0.782011
-3.04812
-5.78921
-5.59177
-5.06199
0

0
-5.29428
-5.01068
-5.05409
-5.05124
-5.22739
-4.92485
-5.02976
-5.5391
-5.11517
-5.0839
-5.04872
-4.84275
-3.18407
-4.51884
-1.10374
-1.29079
-2.47086
-5.41024
-5.98255
-5.07611
0

0
-5.26631
-5.027
-5.0518
-5.03998
-7.15989
-5.44642
-5.13271
-5.57214
-5.16558
-5.06358
-5.02667
-4.9717
-6.24526
-2.77298
-4.92219
-3.36081
-3.36993
-4.63486
-5.21378
-5.05072
0

0
-5.1535
-4.93624
-4.94593
-5.02336
-5.34297
-5.27439
-5.08141
-5.23857
-5.04787
-4.96196
-4.94678
-5.14268
-8.2002
-3.04076
-7.75153
-6.37291
-6.59829
-4.17948
-4.27222
-4.92423
0

0
-4.1274
-3.94614
-3.93752
-3.97025
-3.40133
-3.92028
-4.0083
-4.063
-4.00982
-3.97254
-3.98153
-4.13053
-5.33069
-4.02851
-5.74808
-7.47244
-7.43882
-4.1894
-3.59689
-3.90622
0

0
-0.575319
-0.222863
-0.118069
0.0701441
0.401085
0.14113
-0.017246
0.273147
-0.141677
-0.26328
-0.307313
-0.143393
1.97984
-2.89159
-1.10521
-4.66544
-2.94466
-1.19203
-0.682285
-0.139072
0

0
0
0
0
0
0
0
0
0
0
0
0
0
0
0
0
0
0
0
0
0
0


0
0
0
0
0
0
0
0
0
0
0
0
0
0
0
0
0
0
0
0
0
0

0
-13.3161
-12.8582
-13.4764
-13.4455
-17.1034
-14.2295
-13.8005
-13.8703
-13.8262
-13.7206
-13.6877
-13.711
-14.0716
-14.3832
-14.7156
-14.1788
-14.8807
-14.3717
-13.9937
-13.5628
0

0
-3.67212
-3.30944
-3.37256
-3.55256
-1.99049
-2.96781
-3.43524
-3.49786
-3.47715
-3.47528
-3.46431
-3.34949
-3.4519
-3.45872
-3.50519
-3.47817
-2.66915
-2.68079
-3.21659
-3.37205
0

0
-5.31318
-5.08378
-5.10906
-5.18403
-5.51643
-4.78387
-5.13547
-5.1614
-5.2164
-5.16077
-5.14854
-5.12518
-5.1606
-5.24806
-5.32612
-6.43387
-5.37695
-5.04622
-5.13574
-5.07858
0

0
-5.30435
-5.19486
-5.109
-5.02172
-7.6259
-5.48838
-5.1385
-5.14917
-5.26035
-5.12597
-5.12332
-5.16942
-5.1789
-5.21151
-5.27309
-4.2004
-5.60573
-5.17494
-5.11148
-5.042
0

0
-5.34815
-5.55512
-5.19129
-5.12809
-7.35824
-5.296
-5.13089
-5.20105
-5.20975
-5.14478
-5.16087
-5.39932
-5.31757
-5.25419
-5.36956
-2.98747
-5.46903
-5.30959
-5.12317
-5.05088
0

0
-5.37685
-5.73033
-5.27023
-5.21077
-4.4417
-4.91726
-5.07329
-5.10508
-5.03614
-5.13823
-5.18963
-5.5274
-5.42309
-5.31867
-5.63474
-6.33176
-5.94801
-5.34444
-5.11707
-5.05347
0

0
-5.37821
-5.56483
-5.29021
-5.17121
-3.84373
-4.97146
-5.06626
-5.01751
-4.95654
-5.11598
-5.17892
-5.26996
-5.27773
-5.41593
-6.10678
-6.98285
-6.63022
-5.41673
-5.11523
-5.05342
0

0
-5.35628
-5.2356
-5.23573
-5.13061
-4.79253
-5.13878
-5.08266
-4.94909
-4.9782
-5.09804
-5.13256
-5.01689
-5.05715
-5.57848
-6.40588
-5.24055
-6.74496
-5.41692
-5.13631
-5.05312
0

0
-5.32959
-5.02326
-5.12754
-5.12226
-5.07863
-5.14179
-5.07012
-4.74369
-4.99578
-5.08886
-5.09146
-4.91845
-4.76258
-5.77522
-5.54064
-2.66877
-6.23949
-5.5582
-5.20615
-5.05533
0

0
-5.31205
-4.98119
-5.06487
-5.11698
-4.64556
-4.99422
-5.03901
-4.71146
-5.00422
-5.08452
-5.07012
-4.89274
-4.27723
-5.81862
-4.24012
-0.41776
-4.72879
-5.6255
-5.33187
-5.06117
0

0
-5.30013
-5.00786
-5.05804
-5.09136
-4.67913
-4.92456
-5.03934
-5.07715
-5.05902
-5.08082
-5.05682
-4.89781
-3.99239
-5.40163
-2.32935
-0.300486
-2.50522
-5.35566
-5.46367
-5.06377
0

0
-5.26532
-5.00654
-5.03965
-5.04966
-5.73361
-5.1209
-5.07051
-5.32051
-5.1008
-5.05328
-5.026
-4.94236
-4.87477
-4.42755
-3.08019
-3.23382
-2.52151
-4.93879
-5.33708
-5.03157
0

0
-5.14595
-4.90863
-4.93031
-4.97414
-5.8324
-5.2015
-5.0211
-5.1955
-5.01559
-4.94906
-4.93357
-4.99556
-6.08811
-3.87018
-6.37942
-6.93016
-5.49353
-4.38972
-4.77276
-4.90319
0

0
-4.11923
-3.92783
-3.92897
-3.96019
-3.92521
-4.02585
-4.00203
-4.05536
-4.00251
-3.9666
-3.97028
-4.07369
-4.88865
-3.78061
-6.48996
-7.27757
-7.10461
-3.88059
-3.66432
-3.89105
0

0
-0.637066
-0.278984
-0.17831
-0.0264244
0.430658
0.0456929
-0.1306
0.0318753
-0.237705
-0.314401
-0.353883
-0.303571
0.77725
-2.1818
-1.54787
-4.45969
-2.64136
-1.11392
-0.509213
-0.192933
0

0
0
0
0
0
0
0
0
0
0
0
0
0
0
0
0
0
0
0
0
0
0


0
0
0
0
0
0
0
0
0
0
0
0
0
0
0
0
0
0
0
0
0
0

0
-13.3994
-13.2804
-13.5782
-13.6098
-13.486
-13.7926
-13.7683
-13.8341
-13.8225
-13.7475
-13.7277
-13.781
-14.0196
-14.2769
-14.5417
-14.488
-15.1473
-14.661
-14.0977
-13.6037
0

0
-3.65142
-3.28055
-3.39258
-3.3393
-3.40443
-3.72881
-3.49979
-3.4896
-3.4804
-3.47446
-3.47166
-3.43139
-3.49305
-3.49977
-3.5365
-3.37469
-2.99884
-2.83994
-3.22422
-3.36068
0

0
-5.29659
-5.05474
-5.08145
-5.16773
-4.48415
-4.84953
-5.12286
-5.15621
-5.1718
-5.14228
-5.13298
-5.10594
-5.16244
-5.22034
-5.29367
-5.52897
-5.26415
-5.01932
-5.09219
-5.0492
0

0
-5.29269
-5.12943
-5.10023
-5.14337
-5.00609
-4.90334
-5.09211
-5.12886
-5.17215
-5.12282
-5.12027
-5.13748
-5.15313
-5.20054
-5.27488
-5.48256
-5.53885
-5.16484
-5.10458
-5.0383
0

0
-5.32627
-5.28917
-5.15291
-5.12258
-6.07576
-5.22388
-5.12414
-5.15
-5.17911
-5.1358
-5.14482
-5.23583
-5.21748
-5.23043
-5.32618
-4.44001
-5.60099
-5.26293
-5.12227
-5.05046
0

0
-5.35156
-5.43037
-5.20449
-5.15575
-5.97858
-5.20472
-5.11439
-5.12731
-5.11617
-5.135
-5.16202
-5.32242
-5.27242
-5.26805
-5.44178
-5.04782
-5.5984
-5.28582
-5.12319
-5.05329
0

0
-5.36241
-5.43282
-5.23117
-5.17158
-4.98388
-5.08577
-5.09193
-5.06814
-5.04599
-5.12313
-5.16202
-5.26784
-5.23876
-5.31947
-5.69063
-6.29763
-5.91049
-5.29104
-5.12333
-5.05428
0

0
-5.35576
-5.30136
-5.21861
-5.1511
-4.68507
-5.07825
-5.08591
-5.0145
-5.02086
-5.10812
-5.139
-5.12392
-5.11512
-5.38811
-5.96249
-6.22989
-6.27584
-5.30692
-5.13156
-5.05459
0

0
-5.33908
-5.15053
-5.16769
-5.12986
-4.88354
-5.1045
-5.08216
-4.93752
-5.02322
-5.09673
-5.10821
-5.02089
-4.93797
-5.46576
-5.88538
-4.6707
-6.36172
-5.35751
-5.16099
-5.0557
0

0
-5.32239
-5.06547
-5.11308
-5.11702
-4.89294
-5.06954
-5.06944
-4.88467
-5.03041
-5.08924
-5.08432
-4.96888
-4.69746
-5.48702
-5.24229
-1.946
-5.69479
-5.40165
-5.21482
-5.05781
0

0
-5.30574
-5.03837
-5.07991
-5.09972
-4.80881
-5.00521
-5.059
-4.98351
-5.04959
-5.07975
-5.06463
-4.95047
-4.51699
-5.33969
-3.99195
-0.185731
-4.0206
-5.30012
-5.25924
-5.05389
0

0
-5.26491
-5.0074
-5.0391
-5.05823
-5.09234
-5.0212
-5.04867
-5.12978
-5.05879
-5.04527
-5.02616
-4.9519
-4.72352
-4.92879
-3.35094
-2.32851
-2.80258
-4.98345
-5.20158
-5.01565
0

0
-5.13972
-4.89636
-4.91985
-4.94938
-5.42176
-5.04483
-4.9728
-5.0928
-4.97709
-4.93667
-4.92418
-4.93433
-5.24344
-4.49576
-4.91466
-6.7703
-4.24643
-4.5788
-4.90727
-4.88558
0

0
-4.11258
-3.91701
-3.92234
-3.94483
-4.1549
-4.02952
-3.98285
-4.04155
-3.98928
-3.95966
-3.96128
-4.02362
-4.4336
-3.83123
-5.66898
-7.16672
-5.84238
-3.78751
-3.78492
-3.87869
0

0
-0.700087
-0.327725
-0.23421
-0.120145
0.244218
-0.0908379
-0.231711
-0.155937
-0.32155
-0.363757
-0.396269
-0.414114
0.000980209
-1.54589
-1.81395
-3.39949
-2.66971
-1.04102
-0.436528
-0.245988
0

0
0
0
0
0
0
0
0
0
0
0
0
0
0
0
0
0
0
0
0
0
0


0
0
0
0
0
0
0
0
0
0
0
0
0
0
0
0
0
0
0
0
0
0

0
-13.4795
-13.5269
-13.6615
-13.6943
-13.4892
-13.7323
-13.7784
-13.8188
-13.8193
-13.7669
-13.7544
-13.8055
-13.965
-14.1667
-14.3628
-14.4301
-15.1116
-14.7858
-14.1615
-13.6342
0

0
-3.62871
-3.31787
-3.40456
-3.38862
-3.43158
-3.51996
-3.46985
-3.48271
-3.4786
-3.47795
-3.48029
-3.47181
-3.5161
-3.52621
-3.56371
-3.50659
-3.23101
-3.00795
-3.26175
-3.35211
0

0
-5.29064
-5.03396
-5.07788
-5.07774
-5.07098
-5.18841
-5.14627
-5.14744
-5.15155
-5.13198
-5.12641
-5.11537
-5.16458
-5.21141
-5.27679
-5.32676
-5.20475
-5.00051
-5.0673
-5.02957
0

0
-5.28119
-5.08894
-5.08478
-5.11705
-4.91594
-4.97632
-5.09865
-5.12092
-5.13754
-5.11424
-5.1118
-5.11602
-5.14115
-5.18438
-5.25345
-5.41001
-5.32636
-5.08689
-5.07642
-5.02129
0

0
-5.31244
-5.18581
-5.13158
-5.14343
-5.18879
-5.04376
-5.11023
-5.13472
-5.15401
-5.13155
-5.13591
-5.17346
-5.17714
-5.21069
-5.29321
-5.20297
-5.43981
-5.18276
-5.11239
-5.04408
0

0
-5.33388
-5.27415
-5.16776
-5.15023
-5.53727
-5.15527
-5.11745
-5.12772
-5.13384
-5.13295
-5.14746
-5.2213
-5.20439
-5.2311
-5.34897
-5.13049
-5.44606
-5.21181
-5.12056
-5.05004
0

0
-5.34721
-5.31281
-5.19225
-5.1599
-5.40787
-5.15682
-5.11049
-5.0987
-5.09481
-5.12646
-5.1495
-5.21981
-5.1982
-5.25529
-5.46466
-5.72075
-5.56235
-5.21551
-5.12208
-5.05201
0

0
-5.3491
-5.27663
-5.19483
-5.15527
-5.07454
-5.11938
-5.10001
-5.06101
-5.06429
-5.11526
-5.13789
-5.15642
-5.13813
-5.28143
-5.61022
-6.19882
-5.81796
-5.22636
-5.1247
-5.05241
0

0
-5.34087
-5.19684
-5.1725
-5.13881
-4.95151
-5.10278
-5.09187
-5.01966
-5.0514
-5.10339
-5.11659
-5.08251
-5.03568
-5.3014
-5.65319
-5.831
-6.01928
-5.24509
-5.13414
-5.05188
0

0
-5.32705
-5.12256
-5.13526
-5.12043
-4.94929
-5.08533
-5.08179
-4.98453
-5.0483
-5.09202
-5.09348
-5.02836
-4.90251
-5.28838
-5.4124
-4.08834
-5.88145
-5.25654
-5.15038
-5.04953
0

0
-5.30685
-5.0708
-5.09541
-5.09782
-4.91789
-5.04695
-5.06698
-4.99648
-5.04814
-5.07566
-5.06794
-4.99368
-4.78788
-5.20037
-4.79924
-1.65041
-5.04225
-5.19313
-5.15479
-5.03828
0

0
-5.25891
-5.01233
-5.03744
-5.05003
-4.95705
-5.00878
-5.03475
-5.03975
-5.03056
-5.03273
-5.02066
-4.96449
-4.80516
-5.00216
-4.1664
-1.67765
-3.8272
-4.98214
-5.09524
-4.99241
0

0
-5.12762
-4.88582
-4.9071
-4.92769
-5.06948
-4.94813
-4.93564
-4.9935
-4.93822
-4.9188
-4.91027
-4.90288
-4.96622
-4.75197
-4.53301
-5.39119
-3.89051
-4.67094
-4.89542
-4.86063
0

0
-4.10409
-3.91057
-3.91686
-3.93186
-4.09561
-3.98498
-3.96105
-4.00648
-3.97011
-3.94999
-3.9511
-3.9872
-4.17014
-3.9216
-4.79824
-6.78467
-4.68385
-3.78091
-3.8425
-3.86518
0

0
-0.772848
-0.382391
-0.297036
-0.21652
-0.0273597
-0.229323
-0.324837
-0.308817
-0.399994
-0.418456
-0.443289
-0.489883
-0.396479
-1.14548
-1.82945
-2.78298
-2.53183
-0.96728
-0.462848
-0.307134
0

0
0
0
0
0
0
0
0
0
0
0
0
0
0
0
0
0
0
0
0
0
0


0
0
0
0
0
0
0
0
0
0
0
0
0
0
0
0
0
0
0
0
0
0

0
-13.4775
-13.7403
-13.8585
-13.9155
-13.8404
-13.9814
-13.9653
-13.9697
-13.9729
-13.9129
-13.8984
-13.9544
-14.074
-14.2715
-14.4215
-14.5394
-15.4171
-15.3622
-14.4828
-13.7553
0

0
-3.07119
-2.8782
-2.97159
-2.99343
-2.97766
-3.01752
-3.01891
-3.0264
-3.026
-3.03712
-3.05134
-3.06813
-3.08588
-3.07246
-3.05649
-3.06581
-2.88908
-2.77533
-2.83896
-2.8459
0

0
-4.95182
-4.79368
-4.89966
-4.93669
-4.94983
-5.03469
-4.98852
-4.98651
-4.98625
-4.95794
-4.95366
-4.96833
-5.02311
-5.09026
-5.14403
-5.1815
-5.20264
-5.11882
-4.97648
-4.8066
0

0
-4.89074
-4.75264
-4.83024
-4.87498
-4.85143
-4.91712
-4.90423
-4.9051
-4.90953
-4.87908
-4.87581
-4.89096
-4.93458
-4.99677
-5.04575
-5.11189
-5.04391
-4.96647
-4.86203
-4.73008
0

0
-4.91625
-4.81811
-4.8637
-4.91229
-4.88335
-4.89206
-4.90966
-4.91781
-4.92666
-4.89296
-4.89201
-4.91892
-4.95095
-5.01285
-5.06871
-5.11268
-5.05953
-4.98604
-4.87674
-4.74978
0

0
-4.94249
-4.89081
-4.89935
-4.93812
-5.02896
-4.92724
-4.91558
-4.92142
-4.9291
-4.90027
-4.90486
-4.95064
-4.96765
-5.02698
-5.09848
-5.06754
-5.05427
-4.99167
-4.88369
-4.76284
0

0
-4.96953
-4.95826
-4.9367
-4.96293
-5.1306
-4.9663
-4.92122
-4.91519
-4.91892
-4.90454
-4.91596
-4.97246
-4.97585
-5.04367
-5.15538
-5.24621
-5.07995
-4.99312
-4.89029
-4.77493
0

0
-4.99342
-4.99872
-4.96802
-4.98373
-5.08919
-4.97751
-4.92353
-4.89912
-4.90329
-4.90576
-4.92152
-4.96655
-4.95859
-5.06008
-5.23609
-5.62486
-5.18936
-4.99951
-4.89915
-4.78701
0

0
-5.01156
-5.00711
-4.98677
-4.99664
-5.01099
-4.97733
-4.92433
-4.87686
-4.89029
-4.90484
-4.91993
-4.93875
-4.90964
-5.06882
-5.28591
-5.86949
-5.3434
-5.01128
-4.91181
-4.79894
0

0
-5.02247
-4.99422
-4.99001
-5.0019
-4.97112
-4.97376
-4.92246
-4.85222
-4.88058
-4.90091
-4.91149
-4.90347
-4.83196
-5.05446
-5.2016
-5.45136
-5.40675
-5.01211
-4.92417
-4.80781
0

0
-5.01862
-4.9643
-4.97243
-4.99236
-4.93963
-4.95398
-4.9088
-4.83199
-4.86496
-4.88464
-4.88981
-4.86306
-4.74299
-4.99517
-4.90431
-3.9829
-5.13361
-4.9533
-4.9145
-4.801
0

0
-4.96808
-4.88907
-4.90473
-4.9345
-4.8925
-4.89244
-4.85313
-4.79716
-4.81226
-4.82448
-4.82677
-4.79879
-4.67655
-4.87081
-4.49013
-2.71871
-4.41138
-4.76369
-4.82915
-4.74039
0

0
-4.79777
-4.70263
-4.71991
-4.75683
-4.79101
-4.73392
-4.68951
-4.66636
-4.65712
-4.66004
-4.66576
-4.66168
-4.62626
-4.67806
-4.38772
-3.9409
-3.91051
-4.43223
-4.59799
-4.5574
0

0
-3.69644
-3.63395
-3.63873
-3.67045
-3.75616
-3.67418
-3.62886
-3.62021
-3.61087
-3.61097
-3.6247
-3.65387
-3.70644
-3.7246
-3.97857
-5.20138
-3.56263
-3.39096
-3.49688
-3.47977
0

0
-0.377195
-0.0900612
-0.0112875
0.0178498
0.0434313
-0.000380433
-0.0201848
-0.0121689
-0.0572609
-0.0701462
-0.0984299
-0.158365
-0.184207
-0.57246
-1.14291
-2.02408
-1.37923
-0.430109
-0.111939
0.0698566
0

0
0
0
0
0
0
0
0
0
0
0
0
0
0
0
0
0
0
0
0
0
0


0
0
0
0
0
0
0
0
0
0
0
0
0
0
0
0
0
0
0
0
0
0

0
-11.652
-11.4065
-11.5563
-11.6485
-11.6279
-11.7181
-11.6546
-11.6343
-11.6457
-11.59
-11.5858
-11.6535
-11.7323
-11.8994
-11.9697
-12.0551
-12.9697
-13.1079
-12.1391
-11.3715
0

0
-1.39002
-0.665785
-0.790595
-0.843202
-0.870206
-0.849651
-0.819574
-0.807604
-0.815531
-0.845251
-0.87782
-0.915523
-0.887025
-0.817536
-0.697238
-0.691112
-0.527655
-0.581044
-0.572879
-0.573845
0

0
-3.57533
-2.91029
-3.09714
-3.18963
-3.18808
-3.25747
-3.20102
-3.18881
-3.19063
-3.15866
-3.16177
-3.20401
-3.24567
-3.30502
-3.29364
-3.30807
-3.44921
-3.54189
-3.21842
-2.94029
0

0
-3.51368
-2.82806
-3.01112
-3.10674
-3.12185
-3.1996
-3.13222
-3.1223
-3.1247
-3.08368
-3.08408
-3.12178
-3.17031
-3.23391
-3.21665
-3.19589
-3.18486
-3.28836
-3.06841
-2.86078
0

0
-3.54931
-2.87291
-3.04067
-3.1413
-3.15473
-3.22756
-3.16676
-3.16183
-3.16705
-3.11312
-3.11079
-3.14906
-3.20301
-3.27718
-3.26271
-3.22229
-3.11221
-3.22907
-3.064
-2.89007
0

0
-3.59076
-2.93946
-3.07762
-3.17915
-3.20837
-3.24506
-3.19184
-3.19276
-3.2009
-3.13763
-3.13626
-3.18437
-3.23634
-3.31589
-3.30751
-3.22353
-3.05334
-3.17835
-3.05816
-2.91495
0

0
-3.64146
-3.0304
-3.12714
-3.22367
-3.30102
-3.27386
-3.21582
-3.21824
-3.22713
-3.16236
-3.16616
-3.23224
-3.27574
-3.35983
-3.37059
-3.24813
-3.02014
-3.14451
-3.05828
-2.94164
0

0
-3.69893
-3.1329
-3.18615
-3.27297
-3.38937
-3.3073
-3.239
-3.23549
-3.24402
-3.18717
-3.19901
-3.28159
-3.31304
-3.4112
-3.46519
-3.38959
-3.03501
-3.12635
-3.06528
-2.97131
0

0
-3.75993
-3.23037
-3.24922
-3.32407
-3.44773
-3.34113
-3.26217
-3.24402
-3.25436
-3.21227
-3.23221
-3.31999
-3.33682
-3.46951
-3.58567
-3.63871
-3.11248
-3.12201
-3.08072
-3.00501
0

0
-3.8211
-3.31113
-3.3096
-3.37466
-3.48899
-3.37623
-3.28571
-3.24447
-3.26139
-3.23701
-3.26286
-3.34312
-3.33899
-3.53057
-3.6968
-3.84687
-3.22197
-3.11927
-3.10227
-3.04176
0

0
-3.87358
-3.36431
-3.35493
-3.41585
-3.51517
-3.40347
-3.3019
-3.23367
-3.2603
-3.25328
-3.2826
-3.34804
-3.31577
-3.58544
-3.75523
-3.80987
-3.28163
-3.08463
-3.1126
-3.07071
0

0
-3.88554
-3.36072
-3.35162
-3.41355
-3.49034
-3.38693
-3.27976
-3.19072
-3.22406
-3.23157
-3.26386
-3.31674
-3.26243
-3.61421
-3.74793
-3.64386
-3.21263
-2.97522
-3.06865
-3.05539
0

0
-3.79229
-3.25195
-3.24399
-3.30679
-3.35937
-3.26839
-3.16462
-3.06975
-3.10404
-3.12239
-3.15946
-3.21066
-3.15969
-3.57034
-3.69559
-3.8834
-3.08171
-2.79703
-2.9311
-2.93981
0

0
-2.83949
-2.34088
-2.32446
-2.38508
-2.43175
-2.3433
-2.2433
-2.1521
-2.18251
-2.20536
-2.2447
-2.29825
-2.26426
-2.67846
-2.80806
-3.31641
-2.24714
-1.96255
-2.05153
-2.01881
0

0
0.00280136
0.736245
0.816365
0.775744
0.709242
0.79905
0.886196
0.957204
0.930654
0.911542
0.87623
0.820754
0.829741
0.452569
0.33236
0.816697
0.665331
0.616833
0.793914
1.05448
0

0
0
0
0
0
0
0
0
0
0
0
0
0
0
0
0
0
0
0
0
0
0


0
0
0
0
0
0
0
0
0
0
0
0
0
0
0
0
0
0
0
0
0
0

0
0
0
0
0
0
0
0
0
0
0
0
0
0
0
0
0
0
0
0
0
0

0
0
0
0
0
0
0
0
0
0
0
0
0
0
0
0
0
0
0
0
0
0

0
0
0
0
0
0
0
0
0
0
0
0
0
0
0
0
0
0
0
0
0
0

0
0
0
0
0
0
0
0
0
0
0
0
0
0
0
0
0
0
0
0
0
0

0
0
0
0
0
0
0
0
0
0
0
0
0
0
0
0
0
0
0
0
0
0

0
0
0
0
0
0
0
0
0
0
0
0
0
0
0
0
0
0
0
0
0
0

0
0
0
0
0
0
0
0
0
0
0
0
0
0
0
0
0
0
0
0
0
0

0
0
0
0
0
0
0
0
0
0
0
0
0
0
0
0
0
0
0
0
0
0

0
0
0
0
0
0
0
0
0
0
0
0
0
0
0
0
0
0
0
0
0
0

0
0
0
0
0
0
0
0
0
0
0
0
0
0
0
0
0
0
0
0
0
0

0
0
0
0
0
0
0
0
0
0
0
0
0
0
0
0
0
0
0
0
0
0

0
0
0
0
0
0
0
0
0
0
0
0
0
0
0
0
0
0
0
0
0
0

0
0
0
0
0
0
0
0
0
0
0
0
0
0
0
0
0
0
0
0
0
0

0
0
0
0
0
0
0
0
0
0
0
0
0
0
0
0
0
0
0
0
0
0

0
0
0
0
0
0
0
0
0
0
0
0
0
0
0
0
0
0
0
0
0
0

0
0
0
0
0
0
0
0
0
0
0
0
0
0
0
0
0
0
0
0
0
0


