0.5
0.5
0.103267
0.5
0.5
0.5
0.5
0.237939
0.5
0.5
0.292623
0.5
0.5
0.5
0.5
0.5
0.5
0.5
0.5
0.5
0.5
0.5

0.5
0.0424878
0.653408
0.58214
0.721918
0.0492121
-0.26842
0.209366
-0.787542
0.242007
-0.176187
-0.548147
0.609418
-1.03555
0.249317
0.583466
-0.0518566
-0.291236
-1.01117
-0.590102
-0.590102
0.5

0.5
0.29359
0.190142
0.538382
0.648477
0.206636
-0.333978
0.105723
0.256991
-0.753634
-0.217099
-0.498839
0.495002
0.420678
0.147135
1.2678
-0.904423
-0.397469
-0.993826
-0.603558
-0.603558
0.5

0.5
0.0604535
0.514614
0.534539
0.555868
-0.00895826
0.0383417
0.212074
0.0227848
-0.625612
-0.224986
0.132556
-0.14682
0.371357
0.245972
-0.153683
1.20417
-0.526139
-1.01323
-0.586351
-0.586351
0.5

0.5
0.0861602
0.530606
0.514538
0.374964
0.0879715
0.108959
0.136455
0.0304121
-0.491433
-0.213607
0.28887
-0.0149594
0.218968
0.305827
-0.432568
0.653506
-0.46309
-1.05225
-0.560467
-0.560467
0.5

0.5
0.358212
0.363421
0.438577
0.359335
0.0596713
0.0861077
0.145631
-0.0803004
-0.163923
-0.183496
0.413516
0.898332
0.101216
0.382525
-0.269245
0.485152
-0.507416
-1.10338
-0.523388
-0.523388
0.5

0.5
0.429792
0.35404
0.369516
0.406099
0.0173394
0.0297007
0.213196
-0.224336
-0.351024
-0.156989
0.285627
-0.18155
0.211065
0.51962
-0.312522
0.428497
-0.570239
-1.1601
-0.482207
-0.482207
0

0.5
0.425712
0.378541
0.379284
0.453949
-0.0214806
-0.0286199
0.153912
-0.229698
-0.269073
-0.149203
0.15699
-0.0235164
0.316482
0.456552
-0.220586
0.457973
-0.56929
-1.26429
-0.465561
-0.465561
0.5

0.5
0.413115
0.397927
0.412771
0.426257
-0.00936735
-0.07955
-0.710473
0.572358
-0.189226
-0.148929
0.0503508
0.0303106
0.499386
1.2678
-0.246636
0.50429
-0.559599
-1.28853
-0.567685
-0.567685
0.5

0.5
0.406444
0.415239
0.453622
0.269677
0.0596713
-0.0762673
-0.656227
0.435059
-0.125697
-0.148812
-0.0366826
-0.107057
0.934325
0.304317
-0.498288
0.630967
-0.58676
-0.992518
-0.852725
-0.852725
0.5

0.5
0.407365
0.432084
0.482253
0.127565
0.150675
0.0861077
-0.523115
0.280269
-0.103863
-0.132209
-0.119837
-0.576789
1.64389
-0.0634519
-0.67656
0.953963
-0.661969
-0.882579
-0.978201
-0.978201
0.5

0.5
0.416491
0.447469
0.491008
0.333065
-0.0673289
-0.163164
-0.428154
0.156112
-0.106162
-0.0366826
-0.209345
-1.03555
2.09595
-0.493105
-0.583164
1.44606
-0.587662
-0.789931
-0.943719
-0.943719
0.5

0.5
0.431587
0.458766
0.509637
0.509752
-0.19928
-0.21547
-0.328321
0.0141225
-0.127072
-0.204931
-0.257841
-0.473942
0.63495
-1.02636
0.0896229
2.80054
-0.424486
-0.799274
-0.864007
-0.864007
0.5

0.5
0.437982
0.463438
0.538382
0.599771
-0.292004
-0.256889
-0.17389
-0.184358
-0.163923
-0.156989
-0.280021
0.0254638
-0.672942
-2.81676
1.33843
4.22814
-0.161596
-0.752889
-0.816053
-0.816053
0.5

0.5
0.427784
0.461576
0.546394
0.690245
-0.416914
-0.297558
-0.186761
-0.228548
-0.203697
-0.267038
-0.301002
-0.261666
-1.50035
0.633682
0.248776
3.18319
-0.000503634
-0.712078
-0.793171
-0.793171
0.5

0.5
0.396364
0.438577
0.52609
0.726255
-0.52076
-0.320468
-0.224637
-0.226584
-0.223295
-0.264906
-0.310563
-0.365897
-0.578565
-0.0217531
0.304317
0.228457
-0.166311
-1.10338
-0.764643
-0.764643
0.5

0.5
0.5
0.5
0.5
0.5
0.5
0.5
0.5
0.5
0.5
0.5
0.5
0.5
0.5
0.5
0.5
0.5
0.5
0.5
0.5
0.5
0.5


0.5
-0.0424878
-0.653408
-0.58214
-0.721918
-0.0492121
0.26842
-0.209366
0.787542
-0.242007
0.176187
0.548147
-0.609418
1.03555
-0.249317
-0.583466
0.0518566
0.291236
1.01117
0.590102
0.590102
0.5

0.5
0.0424878
0.653408
0.58214
0.721918
0.0492121
-0.26842
0.209366
-0.787542
0.242007
-0.176187
-0.548147
0.609418
-1.03555
0.249317
0.583466
-0.0518566
-0.291236
-1.01117
-0.590102
-0.590102
0.5

0.5
0.29359
0.190142
0.538382
0.648477
0.206636
-0.333978
0.105723
0.256991
-0.753634
-0.217099
-0.498839
0.495002
0.420678
0.147135
1.2678
-0.904423
-0.397469
-0.993826
-0.603558
-0.603558
0.5

0.5
0.0604535
0.514614
0.534539
0.555868
-0.00895826
0.0383417
0.212074
0.0227848
-0.625612
-0.224986
0.132556
-0.14682
0.371357
0.245972
-0.153683
1.20417
-0.526139
-1.01323
-0.586351
-0.586351
0.5

0.5
0.0861602
0.530606
0.514538
0.374964
0.0879715
0.108959
0.136455
0.0304121
-0.491433
-0.213607
0.28887
-0.0149594
0.218968
0.305827
-0.432568
0.653506
-0.46309
-1.05225
-0.560467
-0.560467
0.5

0.5
0.358212
0.363421
0.438577
0.359335
0.0596713
0.0861077
0.145631
-0.0803004
-0.163923
-0.183496
0.413516
0.898332
0.101216
0.382525
-0.269245
0.485152
-0.507416
-1.10338
-0.523388
-0.523388
0.5

0.5
0.429792
0.35404
0.369516
0.406099
0.0173394
0.0297007
0.213196
-0.224336
-0.351024
-0.156989
0.285627
-0.18155
0.211065
0.51962
-0.312522
0.428497
-0.570239
-1.1601
-0.482207
-0.482207
0.556998

0.5
0.425712
0.378541
0.379284
0.453949
-0.0214806
-0.0286199
0.153912
-0.229698
-0.269073
-0.149203
0.15699
-0.0235164
0.316482
0.456552
-0.220586
0.457973
-0.56929
-1.26429
-0.465561
-0.465561
0.5

0.5
0.413115
0.397927
0.412771
0.426257
-0.00936735
-0.07955
-0.710473
0.572358
-0.189226
-0.148929
0.0503508
0.0303106
0.499386
1.2678
-0.246636
0.50429
-0.559599
-1.28853
-0.567685
-0.567685
0.5

0.5
0.406444
0.415239
0.453622
0.269677
0.0596713
-0.0762673
-0.656227
0.435059
-0.125697
-0.148812
-0.0366826
-0.107057
0.934325
0.304317
-0.498288
0.630967
-0.58676
-0.992518
-0.852725
-0.852725
0.5

0.5
0.407365
0.432084
0.482253
0.127565
0.150675
0.0861077
-0.523115
0.280269
-0.103863
-0.132209
-0.119837
-0.576789
1.64389
-0.0634519
-0.67656
0.953963
-0.661969
-0.882579
-0.978201
-0.978201
0.5

0.5
0.416491
0.447469
0.491008
0.333065
-0.0673289
-0.163164
-0.428154
0.156112
-0.106162
-0.0366826
-0.209345
-1.03555
2.09595
-0.493105
-0.583164
1.44606
-0.587662
-0.789931
-0.943719
-0.943719
0.5

0.5
0.431587
0.458766
0.509637
0.509752
-0.19928
-0.21547
-0.328321
0.0141225
-0.127072
-0.204931
-0.257841
-0.473942
0.63495
-1.02636
0.0896229
2.80054
-0.424486
-0.799274
-0.864007
-0.864007
0.5

0.5
0.437982
0.463438
0.538382
0.599771
-0.292004
-0.256889
-0.17389
-0.184358
-0.163923
-0.156989
-0.280021
0.0254638
-0.672942
-2.81676
1.33843
4.22814
-0.161596
-0.752889
-0.816053
-0.816053
0.5

0.5
0.427784
0.461576
0.546394
0.690245
-0.416914
-0.297558
-0.186761
-0.228548
-0.203697
-0.267038
-0.301002
-0.261666
-1.50035
0.633682
0.248776
3.18319
-0.000503634
-0.712078
-0.793171
-0.793171
0.5

0.5
0.396364
0.438577
0.52609
0.726255
-0.52076
-0.320468
-0.224637
-0.226584
-0.223295
-0.264906
-0.310563
-0.365897
-0.578565
-0.0217531
0.304317
0.228457
-0.166311
-1.10338
-0.764643
-0.764643
0.5

0.5
0.396364
0.438577
0.52609
0.726255
-0.52076
-0.320468
-0.224637
-0.226584
-0.223295
-0.264906
-0.310563
-0.365897
-0.578565
-0.0217531
0.304317
0.260955
-0.764643
-1.10338
-0.764643
-0.764643
0.5


0.5
0.516666
-1.25775
-0.593345
-0.514383
0.141423
0.0467059
-0.0506858
-0.280077
0.478722
0.160289
-0.0406398
0.0256687
-0.580516
-0.199239
0.171876
-0.54308
0.102806
0.840681
0.499392
0.499392
0.5

0.5
-0.516666
1.25775
0.593345
0.514383
-0.141423
-0.0467059
0.0506858
0.280077
-0.478722
-0.160289
0.0406398
-0.0256687
0.580516
0.199239
-0.171876
0.54308
-0.102806
-0.840681
-0.499392
-0.499392
0.5

0.5
-0.675844
1.33228
0.481355
0.403674
0.174922
-0.126782
-0.0146225
-0.0433035
-0.260539
-0.199964
-0.101577
0.0150384
0.171355
0.0898857
0.314207
-0.0649733
-0.266852
-0.837513
-0.527862
-0.527862
0.5

0.5
-0.439479
1.06227
0.522564
0.433281
0.260049
-0.114976
0.0400705
0.0450509
-0.428163
-0.198752
-0.271645
0.229601
0.212921
0.0913041
-0.217614
0.626435
-0.360717
-0.833423
-0.519844
-0.519844
0.5

0.5
-0.185796
0.841108
0.512819
0.429848
0.100582
0.0341185
0.0977007
-0.0192155
-0.430263
-0.200033
-0.0275928
0.0412087
0.106531
0.13222
-0.445735
0.700702
-0.337883
-0.848151
-0.511418
-0.511418
0.5

0.5
0.157119
0.538803
0.484793
0.361591
0.0937376
0.0680146
0.0401679
-0.0100312
-0.403236
-0.185149
0.117159
-0.156342
0.0410749
0.184553
-0.214208
0.478353
-0.366812
-0.851168
-0.500049
-0.500049
0.5

0.5
0.343796
0.427247
0.431688
0.370734
0.0652619
0.0399475
0.0363277
-0.0647326
-0.285954
-0.163055
0.144498
-0.130974
0.0992703
0.296266
-0.109078
0.281316
-0.446093
-0.829039
-0.486997
-0.486997
0.5

0.5
0.401464
0.414707
0.407446
0.409416
0.0285562
-0.00823428
0.0258049
-0.106206
-0.247852
-0.151761
0.0775988
-0.120384
0.197465
0.23482
-0.0765942
0.224062
-0.495267
-0.843445
-0.469956
-0.469956
0.5

0.5
0.414518
0.421705
0.417138
0.403997
0.0332459
-0.0557164
-0.136953
-0.00014598
-0.200487
-0.151102
-0.000325206
-0.134468
0.380451
-0.0258763
-0.025921
0.214213
-0.499221
-0.89487
-0.444971
-0.444971
0.5

0.5
0.419005
0.433277
0.441464
0.307711
0.0993829
-0.0900648
-0.414725
0.230819
-0.145441
-0.159106
-0.0760136
-0.314032
0.756502
0.122695
-0.170618
0.262432
-0.511869
-0.924618
-0.47479
-0.47479
0.5

0.5
0.424714
0.447398
0.467292
0.198779
0.135373
-0.113955
-0.390892
0.172025
-0.117637
-0.180016
-0.154627
-0.867212
1.44169
-0.330526
-0.310103
0.529173
-0.517017
-0.717551
-0.677534
-0.677534
0.5

0.5
0.434589
0.46179
0.48402
0.259176
0.0447948
-0.0986637
-0.330985
0.0888218
-0.114418
-0.211856
-0.244278
-1.69801
2.23643
-0.741428
-0.262986
0.987041
-0.45991
-0.566445
-0.747069
-0.747069
0.5

0.5
0.448889
0.47221
0.498941
0.442659
-0.110255
-0.159782
-0.290024
0.0131013
-0.127119
-0.204149
-0.280528
-1.01612
0.921702
-0.967824
0.153221
1.80187
-0.207598
-0.49381
-0.708365
-0.708365
0.5

0.5
0.460202
0.475269
0.519119
0.499525
-0.169885
-0.203143
-0.238504
-0.0844958
-0.155816
-0.238389
-0.286468
-0.318811
-0.244484
-0.811616
0.821337
2.756
0.209512
-0.437487
-0.65938
-0.65938
0.5

0.5
0.452994
0.464969
0.515381
0.540428
-0.249444
-0.241386
-0.184446
-0.192492
-0.191754
-0.241716
-0.297254
-0.259931
-0.795467
-0.223438
-0.0933188
4.05407
0.760526
-0.371381
-0.626355
-0.626355
0.5

0.5
0.420674
0.439324
0.490137
0.548431
-0.31564
-0.262778
-0.199379
-0.210533
-0.210526
-0.254269
-0.300332
-0.358889
-0.621855
-0.127975
-0.0354682
3.89898
0.878961
-0.306715
-0.599044
-0.599044
0.5

0.5
0.420674
0.439324
0.490137
0.548431
-0.31564
-0.262778
-0.199379
-0.210533
-0.210526
-0.254269
-0.300332
-0.358889
-0.621855
-0.127975
-0.0354682
3.89898
0.878961
-0.306715
-0.599044
-0.599044
0.5


0.5
0.219145
-1.00348
-0.565208
-0.420612
0.177628
0.000273329
-0.0848644
0.123296
0.0983865
0.131758
0.109761
-0.122371
-0.0498558
-0.0713107
0.171849
-0.546307
0.184343
0.689713
0.422473
0.422473
0.5

0.5
-0.219145
1.00348
0.565208
0.420612
-0.177628
-0.000273329
0.0848644
-0.123296
-0.0983865
-0.131758
-0.109761
0.122371
0.0498558
0.0713107
-0.171849
0.546307
-0.184343
-0.689713
-0.422473
-0.422473
0.5

0.5
-0.319347
0.936318
0.472932
0.22741
0.205036
-0.0511589
0.0149952
-0.0794019
-0.245117
-0.184677
-0.136592
0.0205805
0.0979358
0.0333969
-0.0330363
0.184027
-0.290855
-0.711387
-0.465918
-0.465918
0.5

0.5
-0.254409
0.904325
0.480292
0.402513
0.186612
-0.0408097
0.00708814
-0.0319305
-0.276432
-0.183838
-0.127291
-0.0096462
0.125638
0.0432778
0.0328192
0.106757
-0.301034
-0.689033
-0.458975
-0.458975
0.5

0.5
-0.0961676
0.768926
0.489483
0.405367
0.1675
-0.00971978
0.0221197
-0.0142284
-0.312206
-0.184549
-0.12746
-0.0314782
0.149217
0.0619537
-0.425659
0.579411
-0.31886
-0.685075
-0.452768
-0.452768
0.5

0.5
0.0938081
0.619262
0.475964
0.383861
0.105471
0.0339913
0.0349431
-0.0381044
-0.290714
-0.17884
-0.0246053
-0.0763848
0.0865351
0.0829897
-0.30172
0.470784
-0.318843
-0.683508
-0.443289
-0.443289
0.5

0.5
0.269367
0.485468
0.452147
0.365794
0.0873279
0.0313246
0.0143285
-0.0536568
-0.26277
-0.1666
0.0248749
-0.0990927
0.0551638
0.158756
-0.0815191
0.232772
-0.336814
-0.699041
-0.429343
-0.429343
0.5

0.5
0.365571
0.438131
0.424161
0.388458
0.0533405
0.000418769
-0.0045109
-0.0754644
-0.224508
-0.155805
0.00813875
-0.133413
0.0945996
0.309405
-0.0324627
0.0917545
-0.401602
-0.682092
-0.412646
-0.412646
0.5

0.5
0.404521
0.431882
0.418565
0.410762
0.0250906
-0.0386953
-0.0717265
-0.047533
-0.191354
-0.152364
-0.0385205
-0.152429
0.188726
0.255777
0.0673831
0.0405828
-0.436178
-0.678108
-0.406815
-0.406815
0.5

0.5
0.421136
0.437879
0.430034
0.375023
0.0410415
-0.0680814
-0.204441
0.0408042
-0.157475
-0.154041
-0.0954616
-0.234354
0.361955
0.119896
0.0164718
0.0776067
-0.436931
-0.649273
-0.42237
-0.42237
0.5

0.5
0.432772
0.448581
0.447546
0.267487
0.105642
-0.0726134
-0.282725
0.0830707
-0.12951
-0.158905
-0.156008
-0.48879
0.687508
-0.060426
-0.148675
0.40609
-0.406991
-0.595692
-0.45977
-0.45977
0.5

0.5
0.44536
0.461376
0.462864
0.225279
0.107052
-0.0796335
-0.265612
0.0412681
-0.122033
-0.169292
-0.219844
-0.921024
1.08397
-0.493827
-0.295877
1.22162
-0.305507
-0.479584
-0.548633
-0.548633
0.5

0.5
0.459404
0.47272
0.475193
0.363915
-0.0317115
-0.117696
-0.237316
-0.016787
-0.130886
-0.191521
-0.268824
-0.898845
0.863795
-0.83253
-0.355187
2.14793
0.113922
-0.359816
-0.562608
-0.562608
0.5

0.5
0.469966
0.475676
0.485552
0.435136
-0.105865
-0.162699
-0.214121
-0.0831821
-0.153151
-0.211588
-0.287549
-0.561007
0.116223
-0.831286
-0.488197
3.13122
0.697541
-0.270642
-0.530421
-0.530421
0.5

0.5
0.464618
0.462719
0.483
0.455971
-0.164575
-0.200832
-0.194669
-0.154001
-0.183549
-0.236891
-0.295648
-0.342117
-0.48723
-0.53235
-1.00445
3.77888
1.08333
-0.18217
-0.501876
-0.501876
0.5

0.5
0.436675
0.433868
0.457307
0.45093
-0.214784
-0.222197
-0.184035
-0.195999
-0.202002
-0.244899
-0.294694
-0.349251
-0.608277
-0.304873
-0.933911
3.80334
1.09884
-0.123729
-0.481185
-0.481185
0.5

0.5
0.436675
0.433868
0.457307
0.45093
-0.214784
-0.222197
-0.184035
-0.195999
-0.202002
-0.244899
-0.294694
-0.349251
-0.608277
-0.304873
-0.933911
3.80334
1.09884
-0.123729
-0.481185
-0.481185
0.5


0.5
-0.0365557
-0.796028
-0.531473
-0.444717
0.0407031
-0.0567256
-0.0527342
0.00298874
0.16277
0.119447
0.0587753
0.0213422
-0.0733825
-0.0157961
0.0632377
-0.332356
0.109841
0.51633
0.325849
0.325849
0.5

0.5
0.0365557
0.796028
0.531473
0.444717
-0.0407031
0.0567256
0.0527342
-0.00298874
-0.16277
-0.119447
-0.0587753
-0.0213422
0.0733825
0.0157961
-0.0632377
0.332356
-0.109841
-0.51633
-0.325849
-0.325849
0.5

0.5
-0.0247673
0.704509
0.451172
0.113789
0.335333
0.000933619
0.00351009
-0.0723919
-0.198038
-0.169774
-0.130189
-0.0444335
0.0153338
-0.0260921
-0.0879104
0.177741
-0.218294
-0.565173
-0.386409
-0.386409
0.5

0.5
-0.00980321
0.706019
0.455392
0.24428
0.281795
0.00939171
0.00185178
-0.0578856
-0.211776
-0.169645
-0.129117
-0.0392394
0.0365653
-0.0086371
0.0505795
0.0198985
-0.24996
-0.545023
-0.380263
-0.380263
0.5

0.5
0.0417436
0.66994
0.458605
0.349961
0.192938
0.00737108
0.00271359
-0.0436782
-0.233943
-0.170838
-0.127456
-0.0403793
0.0413011
0.000574321
-0.0849084
0.139078
-0.2722
-0.532645
-0.374293
-0.374293
0.5

0.5
0.139514
0.596387
0.456992
0.392581
0.116637
0.0196954
0.00746794
-0.0445555
-0.241393
-0.169082
-0.0970079
-0.0717537
0.0395492
0.0140059
-0.226145
0.250468
-0.259689
-0.524903
-0.364923
-0.364923
0.5

0.5
0.251766
0.516161
0.447082
0.374988
0.0965077
0.0255822
0.000449481
-0.0527278
-0.224724
-0.163108
-0.0580285
-0.111477
0.0241985
0.0322923
-0.124773
0.127073
-0.260946
-0.509501
-0.352395
-0.352395
0.5

0.5
0.341343
0.462901
0.432718
0.367361
0.0822956
0.0121161
-0.018184
-0.0616577
-0.201715
-0.156237
-0.0528212
-0.136811
0.0355386
0.0696342
0.0018757
-0.041637
-0.271074
-0.491779
-0.339162
-0.339162
0.5

0.5
0.394424
0.444807
0.423056
0.380142
0.0584138
-0.0134825
-0.0491853
-0.0623919
-0.178765
-0.153055
-0.0750898
-0.165671
0.0816844
0.11698
0.064683
-0.154586
-0.289206
-0.458103
-0.328512
-0.328512
0.5

0.5
0.42304
0.444821
0.424697
0.376711
0.0498041
-0.0397205
-0.109344
-0.033948
-0.156554
-0.154801
-0.112269
-0.220628
0.174095
0.0727464
0.0852784
-0.118386
-0.290311
-0.427294
-0.326094
-0.326094
0.5

0.5
0.441643
0.452299
0.434154
0.323873
0.0774465
-0.055614
-0.173993
-0.000491328
-0.137055
-0.160979
-0.156973
-0.339655
0.321418
-0.0707487
-0.0883436
0.197601
-0.248543
-0.385922
-0.339203
-0.339203
0.5

0.5
0.458097
0.46293
0.445796
0.260356
0.10701
-0.0616961
-0.195688
-0.00509392
-0.127713
-0.171146
-0.204567
-0.526854
0.476003
-0.377033
-0.437285
0.956773
-0.076932
-0.317331
-0.370131
-0.370131
0.5

0.5
0.47397
0.473032
0.455583
0.299625
0.0492781
-0.0808268
-0.188268
-0.0394291
-0.132374
-0.185138
-0.24736
-0.628413
0.420091
-0.729507
-0.928238
2.0599
0.301242
-0.237
-0.399493
-0.399493
0.5

0.5
0.48439
0.475717
0.461768
0.371646
-0.0341733
-0.119587
-0.179673
-0.0871534
-0.150086
-0.205146
-0.275165
-0.542666
0.0632232
-0.858729
-1.51275
3.04368
0.78975
-0.155696
-0.396834
-0.396834
0.5

0.5
0.478842
0.461975
0.454667
0.391382
-0.0910182
-0.158241
-0.175595
-0.140912
-0.176051
-0.226061
-0.288746
-0.406367
-0.355369
-0.745872
-1.99103
3.53096
1.07193
-0.11646
-0.382093
-0.382093
0.5

0.5
0.451358
0.430985
0.428298
0.377878
-0.130024
-0.180712
-0.170727
-0.176619
-0.192478
-0.235822
-0.288084
-0.347164
-0.547955
-0.594069
-2.01413
3.47471
1.08782
-0.121851
-0.368101
-0.368101
0.5

0.5
0.451358
0.430985
0.428298
0.377878
-0.130024
-0.180712
-0.170727
-0.176619
-0.192478
-0.235822
-0.288084
-0.347164
-0.547955
-0.594069
-2.01413
3.47471
1.08782
-0.121851
-0.368101
-0.368101
0.5


0.5
-0.189509
-0.664369
-0.503998
-0.368551
-0.248239
-0.0980717
-0.0506937
0.0182386
0.109659
0.106297
0.0742167
0.0518409
0.00670737
0.035748
0.0423724
-0.153068
0.0990751
0.357077
0.226105
0.226105
0.5

0.5
0.189509
0.664369
0.503998
0.368551
0.248239
0.0980717
0.0506937
-0.0182386
-0.109659
-0.106297
-0.0742167
-0.0518409
-0.00670737
-0.035748
-0.0423724
0.153068
-0.0990751
-0.357077
-0.226105
-0.226105
0.5

0.5
0.112038
0.588075
0.418584
0.197405
0.329144
0.022899
-0.00453668
-0.0675798
-0.169787
-0.158009
-0.128895
-0.0924258
-0.0464556
-0.078319
-0.115891
0.0705131
-0.188612
-0.429992
-0.302876
-0.302876
0.5

0.5
0.133476
0.589546
0.429545
0.162982
0.341819
0.0360735
-0.00186683
-0.0623904
-0.175052
-0.157941
-0.130715
-0.0834263
-0.0296994
-0.0610964
-0.0724399
0.015391
-0.19931
-0.412366
-0.297966
-0.297966
0.5

0.5
0.161504
0.578544
0.433017
0.216985
0.284907
0.0361526
-0.00279686
-0.0570341
-0.185401
-0.159673
-0.130813
-0.0864212
-0.0203151
-0.0520105
-0.035885
-0.0382025
-0.213339
-0.39779
-0.292761
-0.292761
0.5

0.5
0.211013
0.549003
0.433847
0.314319
0.179752
0.0311074
-0.00327666
-0.0547519
-0.192554
-0.159699
-0.121827
-0.0983294
-0.0195772
-0.0429982
-0.110784
0.00887518
-0.209976
-0.38182
-0.284056
-0.284056
0.5

0.5
0.276769
0.508317
0.43135
0.358159
0.117116
0.0278448
-0.00703769
-0.0578593
-0.190169
-0.157529
-0.104348
-0.11841
-0.0245979
-0.029761
-0.116368
-0.0304641
-0.192126
-0.361428
-0.272931
-0.272931
0.5

0.5
0.341633
0.472556
0.425621
0.358499
0.0967286
0.0198727
-0.0185271
-0.0625783
-0.178943
-0.154151
-0.0961718
-0.141419
-0.0241303
-0.0083521
-0.0352739
-0.150801
-0.181864
-0.335803
-0.260654
-0.260654
0.5

0.5
0.391633
0.453655
0.419808
0.355558
0.0850524
0.00425211
-0.0384398
-0.0647668
-0.164694
-0.152148
-0.105601
-0.165931
-0.00807252
0.0162187
0.0515905
-0.255975
-0.187911
-0.306303
-0.24907
-0.24907
0.5

0.5
0.425376
0.449977
0.41859
0.352861
0.0759539
-0.0151788
-0.0699119
-0.0581891
-0.150496
-0.15322
-0.12812
-0.20323
0.0286243
0.00506928
0.0910141
-0.249183
-0.201642
-0.276284
-0.241194
-0.241194
0.5

0.5
0.449172
0.454955
0.422976
0.33284
0.0804585
-0.031676
-0.108867
-0.0443751
-0.137996
-0.157665
-0.159046
-0.268713
0.0864579
-0.0748686
-0.0215992
-0.00891791
-0.183175
-0.244635
-0.240357
-0.240357
0.5

0.5
0.469082
0.463908
0.430514
0.296525
0.0944204
-0.0418818
-0.136048
-0.0412413
-0.130788
-0.165707
-0.194295
-0.36506
0.142753
-0.280435
-0.408807
0.582873
-0.0585827
-0.200592
-0.248075
-0.248075
0.5

0.5
0.486981
0.47265
0.437696
0.285107
0.0828505
-0.0546259
-0.144593
-0.0585464
-0.133276
-0.178334
-0.229383
-0.446801
0.114941
-0.594385
-1.07533
1.49663
0.229095
-0.139539
-0.261516
-0.261516
0.5

0.5
0.498293
0.474286
0.439806
0.320332
0.0258725
-0.08308
-0.147498
-0.091945
-0.147474
-0.196451
-0.258865
-0.453842
-0.0687437
-0.829734
-1.84133
2.37846
0.617276
-0.0701543
-0.269428
-0.269428
0.5

0.5
0.492698
0.460094
0.429182
0.338655
-0.0317323
-0.119455
-0.153506
-0.133129
-0.169918
-0.217372
-0.278223
-0.401186
-0.325906
-0.850978
-2.34613
2.80893
0.868929
-0.0172743
-0.270769
-0.270769
0.5

0.5
0.465034
0.429166
0.402398
0.325276
-0.0690668
-0.143087
-0.156211
-0.161032
-0.184349
-0.227266
-0.280916
-0.350373
-0.47782
-0.767735
-2.41993
2.78551
0.898188
-0.00261838
-0.268063
-0.268063
0.5

0.5
0.465034
0.429166
0.402398
0.325276
-0.0690668
-0.143087
-0.156211
-0.161032
-0.184349
-0.227266
-0.280916
-0.350373
-0.47782
-0.767735
-2.41993
2.78551
0.898188
-0.00261838
-0.268063
-0.268063
0.5


0.5
-0.285025
-0.589056
-0.486023
-0.336831
-0.356772
-0.117016
-0.04803
0.0134045
0.0904057
0.0978685
0.0843845
0.0855785
0.0564847
0.0756335
0.0585592
-0.0266505
0.0728045
0.214823
0.129422
0.129422
0.5

0.5
0.285025
0.589056
0.486023
0.336831
0.356772
0.117016
0.04803
-0.0134045
-0.0904057
-0.0978685
-0.0843845
-0.0855785
-0.0564847
-0.0756335
-0.0585592
0.0266505
-0.0728045
-0.214823
-0.129422
-0.129422
0.5

0.5
0.213006
0.508912
0.397274
0.260799
0.24843
0.0396093
-0.00791993
-0.0661746
-0.145605
-0.149479
-0.136216
-0.12653
-0.0984434
-0.119762
-0.121464
-0.0339655
-0.160807
-0.306908
-0.220473
-0.220473
0.5

0.5
0.229153
0.516748
0.404289
0.250043
0.250276
0.0399009
-0.00533113
-0.0630734
-0.148847
-0.14905
-0.135912
-0.117063
-0.0845569
-0.104849
-0.106037
-0.0634539
-0.164495
-0.294387
-0.21781
-0.21781
0.5

0.5
0.248484
0.514685
0.409172
0.236908
0.245201
0.0459164
-0.00563474
-0.0617195
-0.155262
-0.151079
-0.137241
-0.11629
-0.0768185
-0.0958826
-0.0838211
-0.109222
-0.169307
-0.280852
-0.21445
-0.21445
0.5

0.5
0.277265
0.504567
0.412176
0.258543
0.215015
0.0456007
-0.00679217
-0.060641
-0.160585
-0.152144
-0.134937
-0.121613
-0.0734357
-0.0892223
-0.0900486
-0.129485
-0.167109
-0.263645
-0.2073
-0.2073
0.5

0.5
0.316335
0.487029
0.412845
0.304646
0.160144
0.0393621
-0.0100641
-0.0618447
-0.161908
-0.152039
-0.128725
-0.133595
-0.0746493
-0.0835428
-0.104653
-0.147788
-0.15385
-0.243156
-0.197593
-0.197593
0.5

0.5
0.359809
0.468363
0.411762
0.330165
0.122857
0.0307498
-0.0174568
-0.0647266
-0.158105
-0.151123
-0.124389
-0.14966
-0.0766024
-0.0753933
-0.0724277
-0.209418
-0.14091
-0.219773
-0.186291
-0.186291
0.5

0.5
0.399688
0.455954
0.409932
0.334277
0.106526
0.0194106
-0.0301477
-0.0673585
-0.150921
-0.150666
-0.128726
-0.168829
-0.0737017
-0.0663066
-0.0053554
-0.284552
-0.137153
-0.194857
-0.174661
-0.174661
0.5

0.5
0.431953
0.452593
0.409475
0.331559
0.0982723
0.0054846
-0.048829
-0.0671476
-0.142757
-0.152002
-0.142382
-0.194935
-0.0633189
-0.0711787
0.050813
-0.311019
-0.137837
-0.168731
-0.164461
-0.164461
0.5

0.5
0.457708
0.456408
0.411914
0.323128
0.0952043
-0.00850797
-0.0723273
-0.0636128
-0.135403
-0.15582
-0.163269
-0.234623
-0.0473266
-0.12067
0.00919171
-0.188391
-0.122101
-0.140737
-0.157622
-0.157622
0.5

0.5
0.479947
0.464184
0.416725
0.305157
0.0980545
-0.0200268
-0.0940692
-0.0626322
-0.131117
-0.162592
-0.188985
-0.290004
-0.0384307
-0.248629
-0.26567
0.207937
-0.0465672
-0.10752
-0.155464
-0.155464
0.5

0.5
0.499554
0.471876
0.421295
0.288893
0.094408
-0.0321248
-0.108386
-0.07234
-0.133382
-0.173471
-0.217119
-0.347126
-0.0691941
-0.470694
-0.839259
0.892534
0.144487
-0.0644606
-0.158539
-0.158539
0.5

0.5
0.511768
0.472623
0.420278
0.293012
0.0632793
-0.0538996
-0.11931
-0.0955783
-0.14541
-0.190132
-0.244948
-0.378371
-0.173652
-0.699305
-1.54904
1.61195
0.42327
-0.0182478
-0.166077
-0.166077
0.5

0.5
0.506431
0.45787
0.406586
0.298214
0.0152772
-0.0857226
-0.132267
-0.127626
-0.165262
-0.210235
-0.267378
-0.372862
-0.32556
-0.79604
-2.01748
1.98262
0.631315
0.0139491
-0.176724
-0.176724
0.5

0.5
0.47884
0.427078
0.379204
0.284809
-0.0214684
-0.109229
-0.140157
-0.149794
-0.17809
-0.220281
-0.273526
-0.347299
-0.424923
-0.764874
-2.08331
1.97644
0.667537
0.0186823
-0.183858
-0.183858
0.5

0.5
0.47884
0.427078
0.379204
0.284809
-0.0214684
-0.109229
-0.140157
-0.149794
-0.17809
-0.220281
-0.273526
-0.347299
-0.424923
-0.764874
-2.08331
1.97644
0.667537
0.0186823
-0.183858
-0.183858
0.5


0.5
-0.349256
-0.541172
-0.467024
-0.32486
-0.219026
-0.112639
-0.0456025
0.0135358
0.0745015
0.0933563
0.0962238
0.110165
0.0984827
0.105993
0.0808094
0.0662497
0.0579991
0.101311
0.0478747
0.0478747
0.5

0.5
0.349256
0.541172
0.467024
0.32486
0.219026
0.112639
0.0456025
-0.0135358
-0.0745015
-0.0933563
-0.0962238
-0.110165
-0.0984827
-0.105993
-0.0808094
-0.0662497
-0.0579991
-0.101311
-0.0478747
-0.0478747
0.5

0.5
0.28014
0.457605
0.380111
0.246202
0.183628
0.0513398
-0.00955036
-0.066252
-0.129735
-0.145085
-0.146324
-0.152801
-0.1403
-0.15142
-0.139006
-0.114915
-0.14165
-0.206012
-0.149553
-0.149553
0.5

0.5
0.296448
0.46708
0.384907
0.259249
0.20134
0.050069
-0.00708815
-0.0638763
-0.131188
-0.144167
-0.144403
-0.144386
-0.128638
-0.13881
-0.129154
-0.127465
-0.14201
-0.199447
-0.149782
-0.149782
0.5

0.5
0.311447
0.469889
0.387972
0.259865
0.204803
0.0500322
-0.00782742
-0.0640967
-0.135782
-0.146193
-0.145696
-0.142326
-0.12235
-0.131393
-0.117636
-0.156456
-0.144043
-0.190503
-0.149199
-0.149199
0.5

0.5
0.330795
0.468842
0.391475
0.261613
0.196543
0.0512686
-0.00888935
-0.0642914
-0.139869
-0.147808
-0.145838
-0.144347
-0.119075
-0.125921
-0.109345
-0.184252
-0.142303
-0.177081
-0.144523
-0.144523
0.5

0.5
0.35574
0.463816
0.39398
0.277057
0.174201
0.0483819
-0.0114011
-0.0653757
-0.142353
-0.148904
-0.144532
-0.150926
-0.119373
-0.122294
-0.110692
-0.204109
-0.135198
-0.160904
-0.137044
-0.137044
0.5

0.5
0.384923
0.45698
0.395375
0.297367
0.146739
0.0415312
-0.0164404
-0.0675238
-0.14222
-0.149584
-0.143714
-0.161605
-0.122132
-0.119699
-0.0986457
-0.234948
-0.124698
-0.142559
-0.127649
-0.127649
0.5

0.5
0.414857
0.451986
0.396156
0.308652
0.127347
0.0324184
-0.0247729
-0.0700397
-0.13973
-0.150458
-0.146909
-0.175797
-0.125053
-0.119011
-0.0611386
-0.28029
-0.115194
-0.122636
-0.117295
-0.117295
0.5

0.5
0.442636
0.451481
0.397232
0.310646
0.116836
0.021869
-0.0366584
-0.0718681
-0.136065
-0.152364
-0.155896
-0.194727
-0.126909
-0.127279
-0.0149066
-0.312928
-0.106237
-0.101142
-0.107074
-0.107074
0.5

0.5
0.467622
0.455712
0.399554
0.307035
0.111444
0.0107792
-0.051583
-0.0725586
-0.132571
-0.155975
-0.170347
-0.221254
-0.129438
-0.161343
-0.0129331
-0.270126
-0.0881623
-0.0775082
-0.0981769
-0.0981769
0.5

0.5
0.490666
0.46307
0.40311
0.29824
0.109153
7.18098e-05
-0.0673569
-0.0741814
-0.130936
-0.161956
-0.189263
-0.256895
-0.139808
-0.244666
-0.158691
-0.054366
-0.0367983
-0.0500412
-0.0918724
-0.0918724
0.5

0.5
0.511341
0.470089
0.40583
0.286853
0.104205
-0.0118853
-0.0817574
-0.0815489
-0.133963
-0.171699
-0.211791
-0.297423
-0.172755
-0.392204
-0.541992
0.389461
0.0806593
-0.017747
-0.0899957
-0.0899957
0.5

0.5
0.524332
0.470047
0.402419
0.278721
0.0846339
-0.030745
-0.0965482
-0.099017
-0.145053
-0.187207
-0.23698
-0.331398
-0.242381
-0.568617
-1.07883
0.924166
0.261246
0.015144
-0.0955511
-0.0955511
0.5

0.5
0.519423
0.454689
0.38625
0.270232
0.0479812
-0.0585685
-0.113896
-0.124741
-0.163188
-0.206562
-0.260232
-0.346993
-0.335047
-0.681178
-1.46386
1.23989
0.415495
0.0373621
-0.109562
-0.109562
0.5

0.5
0.492163
0.424113
0.35828
0.25322
0.0148208
-0.0807376
-0.125152
-0.142728
-0.174738
-0.216422
-0.268468
-0.340009
-0.394095
-0.687004
-1.52742
1.25256
0.456053
0.0407156
-0.122228
-0.122228
0.5

0.5
0.492163
0.424113
0.35828
0.25322
0.0148208
-0.0807376
-0.125152
-0.142728
-0.174738
-0.216422
-0.268468
-0.340009
-0.394095
-0.687004
-1.52742
1.25256
0.456053
0.0407156
-0.122228
-0.122228
0.5


0.5
-0.39279
-0.509647
-0.449748
-0.348239
-0.245849
-0.121038
-0.0446427
0.0147863
0.066509
0.0931504
0.107641
0.127835
0.126995
0.123817
0.0960604
0.124824
0.0496515
0.022583
-0.00839097
-0.00839097
0.5

0.5
0.39279
0.509647
0.449748
0.348239
0.245849
0.121038
0.0446427
-0.0147863
-0.066509
-0.0931504
-0.107641
-0.127835
-0.126995
-0.123817
-0.0960604
-0.124824
-0.0496515
-0.022583
0.00839097
0.00839097
0.5

0.5
0.324871
0.42299
0.362456
0.258851
0.17422
0.05584
-0.0121547
-0.0681832
-0.12147
-0.145084
-0.157417
-0.172189
-0.170395
-0.171714
-0.153039
-0.167198
-0.131872
-0.134945
-0.0998701
-0.0998701
0.5

0.5
0.342531
0.432409
0.367908
0.261308
0.178989
0.0571059
-0.00916903
-0.0658929
-0.121558
-0.143667
-0.154577
-0.1649
-0.160612
-0.160904
-0.1434
-0.168073
-0.130631
-0.13396
-0.102891
-0.102891
0.5

0.5
0.355913
0.437498
0.370281
0.262627
0.180273
0.0550702
-0.00996134
-0.066713
-0.124998
-0.145538
-0.155508
-0.162741
-0.155844
-0.154929
-0.135689
-0.182457
-0.132359
-0.131163
-0.105622
-0.105622
0.5

0.5
0.370793
0.441075
0.373386
0.263565
0.178122
0.054443
-0.0111426
-0.0676236
-0.128294
-0.147381
-0.156494
-0.163348
-0.153453
-0.150687
-0.127108
-0.200708
-0.131563
-0.123435
-0.104062
-0.104062
0.5

0.5
0.388459
0.442785
0.376472
0.267974
0.169676
0.0527824
-0.0132157
-0.0689833
-0.131004
-0.149153
-0.15738
-0.167333
-0.154084
-0.148713
-0.121425
-0.216908
-0.127467
-0.112722
-0.0994999
-0.0994999
0.5

0.5
0.4091
0.443296
0.379153
0.277061
0.155811
0.0484298
-0.0168594
-0.0709682
-0.132548
-0.150857
-0.158807
-0.174816
-0.157688
-0.149226
-0.113812
-0.234272
-0.119403
-0.0997051
-0.09274
-0.09274
0.5

0.5
0.431659
0.444194
0.381503
0.285612
0.141886
0.0417732
-0.022581
-0.0734032
-0.132791
-0.152767
-0.162364
-0.185725
-0.163632
-0.153175
-0.0956693
-0.258017
-0.108095
-0.0845613
-0.0845287
-0.0845287
0.5

0.5
0.454764
0.447103
0.383887
0.289696
0.131754
0.0337267
-0.030548
-0.0758811
-0.132173
-0.155358
-0.169408
-0.200495
-0.171636
-0.164539
-0.0694831
-0.280835
-0.0931179
-0.0671634
-0.0756148
-0.0756148
0.5

0.5
0.477737
0.452714
0.386763
0.289414
0.125306
0.0249452
-0.0405462
-0.0782075
-0.131497
-0.15914
-0.18032
-0.220333
-0.183007
-0.192729
-0.0590838
-0.27447
-0.0696169
-0.0470231
-0.0668227
-0.0668227
0.5

0.5
0.500484
0.460324
0.39005
0.285651
0.120712
0.015612
-0.0519537
-0.0813294
-0.132025
-0.164821
-0.194998
-0.246254
-0.201833
-0.251795
-0.123583
-0.181771
-0.0260886
-0.0235494
-0.0593289
-0.0593289
0.5

0.5
0.521586
0.467034
0.391799
0.278627
0.11411
0.00421695
-0.0646425
-0.0882233
-0.136137
-0.173933
-0.213626
-0.277379
-0.235177
-0.352135
-0.337766
0.0550284
0.0526036
0.00246295
-0.0555393
-0.0555393
0.5

0.5
0.535032
0.466327
0.386727
0.267883
0.0980775
-0.0134031
-0.08053
-0.102906
-0.147124
-0.188696
-0.236396
-0.309244
-0.288069
-0.478811
-0.687291
0.39272
0.164638
0.0259805
-0.0598458
-0.0598458
0.5

0.5
0.530403
0.450277
0.368599
0.25128
0.0687077
-0.0387942
-0.100173
-0.124759
-0.164328
-0.207398
-0.25927
-0.332706
-0.349572
-0.577441
-0.979646
0.634293
0.263536
0.0384427
-0.0744352
-0.0744352
0.5

0.5
0.503601
0.419832
0.340037
0.229757
0.0401238
-0.0593814
-0.113408
-0.139808
-0.17491
-0.216849
-0.26821
-0.335435
-0.383684
-0.59991
-1.04707
0.664611
0.294426
0.0375573
-0.0888063
-0.0888063
0.5

0.5
0.503601
0.419832
0.340037
0.229757
0.0401238
-0.0593814
-0.113408
-0.139808
-0.17491
-0.216849
-0.26821
-0.335435
-0.383684
-0.59991
-1.04707
0.664611
0.294426
0.0375573
-0.0888063
-0.0888063
0.5


0.5
-0.420024
-0.490617
-0.439016
-0.3404
-0.224775
-0.121149
-0.0434594
0.0165719
0.0640136
0.095244
0.116086
0.136917
0.140845
0.129631
0.102511
0.153656
0.0476594
-0.0202718
-0.0364354
-0.0364354
0.5

0.5
0.420024
0.490617
0.439016
0.3404
0.224775
0.121149
0.0434594
-0.0165719
-0.0640136
-0.095244
-0.116086
-0.136917
-0.140845
-0.129631
-0.102511
-0.153656
-0.0476594
0.0202718
0.0364354
0.0364354
0.5

0.5
0.35151
0.400007
0.348568
0.253995
0.158359
0.0557087
-0.0148994
-0.070978
-0.119287
-0.147739
-0.166481
-0.183258
-0.186453
-0.180119
-0.160308
-0.194313
-0.130517
-0.096309
-0.0754403
-0.0754403
0.5

0.5
0.370454
0.409125
0.354128
0.257967
0.164785
0.0589833
-0.0116262
-0.0684863
-0.118231
-0.145802
-0.163135
-0.176987
-0.178142
-0.170509
-0.149444
-0.187646
-0.128348
-0.0988086
-0.0799772
-0.0799772
0.5

0.5
0.383748
0.415007
0.35643
0.258972
0.166374
0.0578699
-0.0122421
-0.0694611
-0.120797
-0.147453
-0.163783
-0.175324
-0.174665
-0.165546
-0.141887
-0.191848
-0.130326
-0.101286
-0.0855514
-0.0855514
0.5

0.5
0.396935
0.420811
0.359386
0.260278
0.165931
0.0565401
-0.0134521
-0.0706725
-0.12343
-0.149308
-0.165031
-0.175727
-0.173309
-0.16224
-0.133506
-0.200455
-0.130341
-0.0986735
-0.0868512
-0.0868512
0.5

0.5
0.411288
0.426031
0.362645
0.262294
0.162653
0.0547067
-0.0154376
-0.0722562
-0.125962
-0.151394
-0.166938
-0.178848
-0.174745
-0.161418
-0.12543
-0.210218
-0.127637
-0.0925765
-0.0849861
-0.0849861
0.5

0.5
0.427501
0.430772
0.365955
0.266063
0.156286
0.0514953
-0.0184901
-0.0742663
-0.128084
-0.15369
-0.169749
-0.185044
-0.17935
-0.163898
-0.117383
-0.220056
-0.121018
-0.0836062
-0.0806716
-0.0806716
0.5

0.5
0.445617
0.435629
0.369239
0.270573
0.148301
0.0466183
-0.022901
-0.0766741
-0.129646
-0.156316
-0.17413
-0.194533
-0.187333
-0.171054
-0.107216
-0.231016
-0.109442
-0.0718537
-0.0745258
-0.0745258
0.5

0.5
0.465317
0.441409
0.372596
0.273816
0.140828
0.0404223
-0.0287829
-0.0793599
-0.130775
-0.159521
-0.180841
-0.207596
-0.199087
-0.185854
-0.0959736
-0.240926
-0.0912762
-0.0570868
-0.0671093
-0.0671093
0.5

0.5
0.486353
0.448638
0.376194
0.274912
0.134771
0.033309
-0.0360603
-0.0823138
-0.131906
-0.163658
-0.190341
-0.224757
-0.215787
-0.213996
-0.0942049
-0.239091
-0.0627659
-0.0388712
-0.0590529
-0.0590529
0.5

0.5
0.508417
0.456916
0.37977
0.273877
0.129335
0.0251626
-0.0447218
-0.0861901
-0.133988
-0.169395
-0.202949
-0.246615
-0.239911
-0.263484
-0.129509
-0.201125
-0.0177965
-0.0171285
-0.0514682
-0.0514682
0.5

0.5
0.529524
0.463633
0.381257
0.269841
0.121589
0.0143414
-0.0556844
-0.0931916
-0.139127
-0.178321
-0.219425
-0.27332
-0.274812
-0.339652
-0.243306
-0.0952888
0.0480008
0.00621235
-0.0470254
-0.0470254
0.5

0.5
0.543003
0.462329
0.375174
0.259542
0.106015
-0.00280172
-0.0714354
-0.106828
-0.150457
-0.192758
-0.240594
-0.303165
-0.321014
-0.433433
-0.442825
0.0726602
0.125687
0.0250567
-0.0506389
-0.0506389
0.5

0.5
0.538133
0.445304
0.355421
0.239443
0.0797627
-0.0270868
-0.0919819
-0.126698
-0.167333
-0.211026
-0.262752
-0.328893
-0.367533
-0.51149
-0.632732
0.210849
0.18427
0.0317416
-0.0647935
-0.0647935
0.5

0.5
0.511528
0.414648
0.326104
0.214641
0.0545485
-0.0464556
-0.106144
-0.139899
-0.177292
-0.220027
-0.271565
-0.335547
-0.387742
-0.534972
-0.690688
0.237015
0.197337
0.0275661
-0.0788574
-0.0788574
0.5

0.5
0.511528
0.414648
0.326104
0.214641
0.0545485
-0.0464556
-0.106144
-0.139899
-0.177292
-0.220027
-0.271565
-0.335547
-0.387742
-0.534972
-0.690688
0.237015
0.197337
0.0275661
-0.0788574
-0.0788574
0.5


0.5
-0.434544
-0.483788
-0.435321
-0.341136
-0.226334
-0.122902
-0.0434165
0.0174339
0.0640826
0.0967689
0.119356
0.138859
0.143563
0.129182
0.103726
0.161128
0.0482549
-0.0331438
-0.0429089
-0.0429089
0.5

0.5
0.434544
0.483788
0.435321
0.341136
0.226334
0.122902
0.0434165
-0.0174339
-0.0640826
-0.0967689
-0.119356
-0.138859
-0.143563
-0.129182
-0.103726
-0.161128
-0.0482549
0.0331438
0.0429089
0.0429089
0.5

0.5
0.362579
0.387423
0.339907
0.250263
0.154031
0.0550817
-0.0164658
-0.0726043
-0.119432
-0.149319
-0.169934
-0.185877
-0.19005
-0.180525
-0.161958
-0.201972
-0.132301
-0.0849412
-0.0701992
-0.0701992
0.5

0.5
0.382318
0.396705
0.345955
0.254563
0.159406
0.0589201
-0.0130178
-0.069868
-0.117752
-0.147073
-0.166416
-0.180202
-0.182487
-0.171406
-0.150309
-0.192874
-0.12984
-0.0882226
-0.0747151
-0.0747151
0.5

0.5
0.395945
0.402714
0.348308
0.255193
0.160524
0.0583413
-0.013591
-0.0708307
-0.119839
-0.148566
-0.166951
-0.179023
-0.179704
-0.166858
-0.142206
-0.193033
-0.131992
-0.0929528
-0.0814395
-0.0814395
0.5

0.5
0.408962
0.409274
0.351338
0.256568
0.160311
0.0570745
-0.0148114
-0.0721039
-0.122049
-0.150348
-0.168244
-0.179659
-0.178929
-0.163902
-0.133491
-0.19724
-0.132293
-0.0927196
-0.0840943
-0.0840943
0.5

0.5
0.422529
0.41588
0.354768
0.258497
0.158296
0.0550509
-0.0168474
-0.0737665
-0.124315
-0.152495
-0.170515
-0.182758
-0.180848
-0.16351
-0.124429
-0.203492
-0.129935
-0.0887172
-0.0835569
-0.0835569
0.5

0.5
0.43742
0.422484
0.358439
0.261142
0.154402
0.0519981
-0.0198263
-0.0758055
-0.126449
-0.154998
-0.173964
-0.188749
-0.185979
-0.166774
-0.115107
-0.21024
-0.123676
-0.0814449
-0.0804536
-0.0804536
0.5

0.5
0.453989
0.429317
0.362263
0.264129
0.149145
0.0477006
-0.0238944
-0.0782043
-0.128355
-0.157937
-0.178954
-0.197974
-0.194872
-0.175437
-0.105763
-0.216477
-0.111966
-0.0709778
-0.0753425
-0.0753425
0.5

0.5
0.472335
0.436785
0.366252
0.266557
0.143547
0.0422774
-0.0290928
-0.0809335
-0.130095
-0.161471
-0.18592
-0.210739
-0.208313
-0.192522
-0.0989515
-0.219588
-0.0924641
-0.0570554
-0.0687091
-0.0687091
0.5

0.5
0.492498
0.445206
0.370456
0.267843
0.138283
0.0359363
-0.0353574
-0.0840782
-0.131967
-0.165867
-0.195213
-0.227359
-0.227639
-0.222802
-0.103302
-0.212435
-0.0612369
-0.0392567
-0.0610894
-0.0610894
0.5

0.5
0.514194
0.454179
0.374491
0.267798
0.132833
0.0283977
-0.042848
-0.0882637
-0.134776
-0.171745
-0.20724
-0.248178
-0.254894
-0.271882
-0.136487
-0.18211
-0.0133531
-0.0176643
-0.0535373
-0.0535373
0.5

0.5
0.535166
0.46109
0.376116
0.265132
0.124573
0.0178785
-0.052864
-0.0954673
-0.140492
-0.180685
-0.222937
-0.273445
-0.292014
-0.341767
-0.219798
-0.11662
0.0519663
0.00531642
-0.0487879
-0.0487879
0.5

0.5
0.548175
0.459255
0.369489
0.255467
0.108576
0.000821694
-0.0682287
-0.108908
-0.152109
-0.19498
-0.243297
-0.302128
-0.33731
-0.422638
-0.350471
-0.0276072
0.12056
0.0228607
-0.0519258
-0.0519258
0.5

0.5
0.542112
0.440897
0.348334
0.234131
0.0828663
-0.0231255
-0.0888096
-0.127997
-0.168812
-0.212831
-0.264644
-0.327666
-0.378602
-0.487538
-0.468851
0.0339022
0.161642
0.0271422
-0.0654896
-0.0654896
0.5

0.5
0.514713
0.409318
0.317946
0.207622
0.0590706
-0.0417678
-0.103021
-0.14019
-0.178292
-0.221279
-0.272786
-0.334838
-0.392425
-0.505568
-0.501061
0.0343209
0.160727
0.0210223
-0.0788577
-0.0788577
0.5

0.5
0.514713
0.409318
0.317946
0.207622
0.0590706
-0.0417678
-0.103021
-0.14019
-0.178292
-0.221279
-0.272786
-0.334838
-0.392425
-0.505568
-0.501061
0.0343209
0.160727
0.0210223
-0.0788577
-0.0788577
0.5


0.5
0.5
0.5
0.5
0.5
0.5
0.5
0.5
0.5
0.5
0.5
0.5
0.5
0.5
0.5
0.5
0.5
0.5
0.5
0.5
0.5
0.5

0.5
0.434544
0.483788
0.435321
0.341136
0.226334
0.122902
0.0434165
-0.0174339
-0.0640826
-0.0967689
-0.119356
-0.138859
-0.143563
-0.129182
-0.103726
-0.161128
-0.0482549
0.0331438
0.0429089
0.0429089
0.5

0.5
0.362579
0.387423
0.339907
0.250263
0.154031
0.0550817
-0.0164658
-0.0726043
-0.119432
-0.149319
-0.169934
-0.185877
-0.19005
-0.180525
-0.161958
-0.201972
-0.132301
-0.0849412
-0.0701992
-0.0701992
0.5

0.5
0.382318
0.396705
0.345955
0.254563
0.159406
0.0589201
-0.0130178
-0.069868
-0.117752
-0.147073
-0.166416
-0.180202
-0.182487
-0.171406
-0.150309
-0.192874
-0.12984
-0.0882226
-0.0747151
-0.0747151
0.5

0.5
0.395945
0.402714
0.348308
0.255193
0.160524
0.0583413
-0.013591
-0.0708307
-0.119839
-0.148566
-0.166951
-0.179023
-0.179704
-0.166858
-0.142206
-0.193033
-0.131992
-0.0929528
-0.0814395
-0.0814395
0.5

0.5
0.408962
0.409274
0.351338
0.256568
0.160311
0.0570745
-0.0148114
-0.0721039
-0.122049
-0.150348
-0.168244
-0.179659
-0.178929
-0.163902
-0.133491
-0.19724
-0.132293
-0.0927196
-0.0840943
-0.0840943
0.5

0.5
0.422529
0.41588
0.354768
0.258497
0.158296
0.0550509
-0.0168474
-0.0737665
-0.124315
-0.152495
-0.170515
-0.182758
-0.180848
-0.16351
-0.124429
-0.203492
-0.129935
-0.0887172
-0.0835569
-0.0835569
0.5

0.5
0.43742
0.422484
0.358439
0.261142
0.154402
0.0519981
-0.0198263
-0.0758055
-0.126449
-0.154998
-0.173964
-0.188749
-0.185979
-0.166774
-0.115107
-0.21024
-0.123676
-0.0814449
-0.0804536
-0.0804536
0.5

0.5
0.453989
0.429317
0.362263
0.264129
0.149145
0.0477006
-0.0238944
-0.0782043
-0.128355
-0.157937
-0.178954
-0.197974
-0.194872
-0.175437
-0.105763
-0.216477
-0.111966
-0.0709778
-0.0753425
-0.0753425
0.5

0.5
0.472335
0.436785
0.366252
0.266557
0.143547
0.0422774
-0.0290928
-0.0809335
-0.130095
-0.161471
-0.18592
-0.210739
-0.208313
-0.192522
-0.0989515
-0.219588
-0.0924641
-0.0570554
-0.0687091
-0.0687091
0.5

0.5
0.492498
0.445206
0.370456
0.267843
0.138283
0.0359363
-0.0353574
-0.0840782
-0.131967
-0.165867
-0.195213
-0.227359
-0.227639
-0.222802
-0.103302
-0.212435
-0.0612369
-0.0392567
-0.0610894
-0.0610894
0.5

0.5
0.514194
0.454179
0.374491
0.267798
0.132833
0.0283977
-0.042848
-0.0882637
-0.134776
-0.171745
-0.20724
-0.248178
-0.254894
-0.271882
-0.136487
-0.18211
-0.0133531
-0.0176643
-0.0535373
-0.0535373
0.5

0.5
0.535166
0.46109
0.376116
0.265132
0.124573
0.0178785
-0.052864
-0.0954673
-0.140492
-0.180685
-0.222937
-0.273445
-0.292014
-0.341767
-0.219798
-0.11662
0.0519663
0.00531642
-0.0487879
-0.0487879
0.5

0.5
0.548175
0.459255
0.369489
0.255467
0.108576
0.000821694
-0.0682287
-0.108908
-0.152109
-0.19498
-0.243297
-0.302128
-0.33731
-0.422638
-0.350471
-0.0276072
0.12056
0.0228607
-0.0519258
-0.0519258
0.5

0.5
0.542112
0.440897
0.348334
0.234131
0.0828663
-0.0231255
-0.0888096
-0.127997
-0.168812
-0.212831
-0.264644
-0.327666
-0.378602
-0.487538
-0.468851
0.0339022
0.161642
0.0271422
-0.0654896
-0.0654896
0.5

0.5
0.514713
0.409318
0.317946
0.207622
0.0590706
-0.0417678
-0.103021
-0.14019
-0.178292
-0.221279
-0.272786
-0.334838
-0.392425
-0.505568
-0.501061
0.0343209
0.160727
0.0210223
-0.0788577
-0.0788577
0.5

0.5
0.514654
0.417211
0.331727
0.228075
0.088972
-0.00596815
-0.0636131
-0.0985268
-0.133206
-0.171533
-0.217171
-0.272929
-0.327645
-0.432904
-0.431486
0.0871089
0.213712
0.0816075
-0.0135015
-0.0135015
0.5


