0
0
0
0
0
0
0
0
0
0
0
0
0
0
0
0
0
0
0
0
0
0

0
6.19241e+113
6.19101e+113
6.19243e+113
6.1925e+113
6.19255e+113
6.19268e+113
6.19303e+113
6.194e+113
6.19664e+113
6.20392e+113
6.22408e+113
6.2807e+113
6.443e+113
6.9222e+113
8.3391e+113
1.17178e+114
2.25014e+114
3.18585e+114
-5.12922e+114
-1.06157e+115
0

0
6.19243e+113
6.19192e+113
6.19244e+113
6.1925e+113
6.19255e+113
6.19267e+113
6.19301e+113
6.19393e+113
6.19646e+113
6.20342e+113
6.22272e+113
6.27687e+113
6.43192e+113
6.8881e+113
8.23122e+113
1.14043e+114
2.1268e+114
2.88444e+114
-5.06637e+114
-1.0304e+115
0

0
6.19244e+113
6.19224e+113
6.19245e+113
6.1925e+113
6.19254e+113
6.19265e+113
6.19296e+113
6.1938e+113
6.19611e+113
6.20245e+113
6.22005e+113
6.26941e+113
6.41038e+113
6.82198e+113
8.01342e+113
1.08215e+114
1.8804e+114
2.31012e+114
-4.86127e+114
-9.54845e+114
0

0
6.19245e+113
6.19236e+113
6.19246e+113
6.19249e+113
6.19253e+113
6.19263e+113
6.19289e+113
6.19362e+113
6.1956e+113
6.20106e+113
6.2162e+113
6.25866e+113
6.37956e+113
6.72864e+113
7.71232e+113
9.98073e+113
1.57472e+114
1.56224e+114
-4.63387e+114
-8.77813e+114
0

0
6.19246e+113
6.19241e+113
6.19247e+113
6.19249e+113
6.19252e+113
6.1926e+113
6.19281e+113
6.19338e+113
6.19495e+113
6.19929e+113
6.21134e+113
6.24515e+113
6.34111e+113
6.61448e+113
7.35903e+113
8.9904e+113
1.25202e+114
8.75344e+113
-4.35036e+114
-7.91835e+114
0

0
6.19246e+113
6.19244e+113
6.19247e+113
6.19248e+113
6.19251e+113
6.19256e+113
6.19271e+113
6.1931e+113
6.1942e+113
6.19723e+113
6.20569e+113
6.22949e+113
6.29696e+113
6.48627e+113
6.97877e+113
7.95008e+113
9.45043e+113
2.95051e+113
-4.0457e+114
-7.11252e+114
0

0
6.19247e+113
6.19245e+113
6.19247e+113
6.19248e+113
6.19249e+113
6.19252e+113
6.19259e+113
6.1928e+113
6.19338e+113
6.19498e+113
6.19951e+113
6.21242e+113
6.24922e+113
6.3506e+113
6.59178e+113
6.92253e+113
6.69796e+113
-1.66654e+113
-3.79314e+114
-6.40532e+114
0

0
6.19247e+113
6.19246e+113
6.19247e+113
6.19247e+113
6.19248e+113
6.19248e+113
6.19248e+113
6.19249e+113
6.19251e+113
6.19263e+113
6.19306e+113
6.19468e+113
6.20009e+113
6.21364e+113
6.21427e+113
5.95326e+113
4.31989e+113
-5.20987e+113
-3.58512e+114
-5.81692e+114
0

0
6.19247e+113
6.19247e+113
6.19247e+113
6.19247e+113
6.19246e+113
6.19243e+113
6.19236e+113
6.19217e+113
6.19165e+113
6.19027e+113
6.18663e+113
6.17706e+113
6.1517e+113
6.08104e+113
5.85941e+113
5.07231e+113
2.32246e+113
-7.89888e+113
-3.41726e+114
-5.34067e+114
0

0
6.19247e+113
6.19247e+113
6.19247e+113
6.19246e+113
6.19245e+113
6.19239e+113
6.19225e+113
6.19187e+113
6.19083e+113
6.18803e+113
6.1805e+113
6.16031e+113
6.10606e+113
5.95784e+113
5.53782e+113
4.2988e+113
6.79042e+112
-9.94146e+113
-3.28144e+114
-4.96199e+114
0

0
6.19247e+113
6.19247e+113
6.19247e+113
6.19246e+113
6.19243e+113
6.19236e+113
6.19215e+113
6.19159e+113
6.19008e+113
6.18598e+113
6.17493e+113
6.14515e+113
6.065e+113
5.84841e+113
5.25803e+113
3.64455e+113
-6.36628e+112
-1.14236e+114
-3.17443e+114
-4.66659e+114
0

0
6.19247e+113
6.19247e+113
6.19247e+113
6.19245e+113
6.19242e+113
6.19233e+113
6.19207e+113
6.19136e+113
6.18944e+113
6.18423e+113
6.17016e+113
6.1322e+113
6.03012e+113
5.75642e+113
5.02677e+113
3.11643e+113
-1.65641e+113
-1.24899e+114
-3.09261e+114
-4.44287e+114
0

0
6.19247e+113
6.19247e+113
6.19247e+113
6.19245e+113
6.19241e+113
6.1923e+113
6.192e+113
6.19117e+113
6.18893e+113
6.18285e+113
6.16639e+113
6.122e+113
6.00277e+113
5.68484e+113
4.84912e+113
2.71814e+113
-2.41383e+113
-1.32237e+114
-3.03332e+114
-4.28214e+114
0

0
6.19247e+113
6.19247e+113
6.19246e+113
6.19245e+113
6.1924e+113
6.19228e+113
6.19195e+113
6.19104e+113
6.18858e+113
6.18189e+113
6.16379e+113
6.11496e+113
5.98395e+113
5.63588e+113
4.72874e+113
2.45139e+113
-2.9537e+113
-1.36832e+114
-2.99472e+114
-4.17816e+114
0

0
6.19247e+113
6.19247e+113
6.19246e+113
6.19245e+113
6.1924e+113
6.19227e+113
6.19193e+113
6.19098e+113
6.1884e+113
6.1814e+113
6.16246e+113
6.11137e+113
5.97437e+113
5.61102e+113
4.66799e+113
2.31653e+113
-3.3568e+113
-1.3901e+114
-2.97568e+114
-4.12744e+114
0

0
0
0
0
0
0
0
0
0
0
0
0
0
0
0
0
0
0
0
0
0
0


0
6.19241e+113
6.19101e+113
6.19243e+113
6.1925e+113
6.19255e+113
6.19268e+113
6.19303e+113
6.194e+113
6.19664e+113
6.20392e+113
6.22408e+113
6.2807e+113
6.443e+113
6.9222e+113
8.3391e+113
1.17178e+114
2.25014e+114
3.18585e+114
-5.12922e+114
-1.06157e+115
0

-6.19241e+113
6.19241e+113
6.19101e+113
6.19243e+113
6.1925e+113
6.19255e+113
6.19268e+113
6.19303e+113
6.194e+113
6.19664e+113
6.20392e+113
6.22408e+113
6.2807e+113
6.443e+113
6.9222e+113
8.3391e+113
1.17178e+114
2.25014e+114
3.18585e+114
-5.12922e+114
-1.06157e+115
-1.06157e+115

-6.19243e+113
6.19243e+113
6.19192e+113
6.19244e+113
6.1925e+113
6.19255e+113
6.19267e+113
6.19301e+113
6.19393e+113
6.19646e+113
6.20342e+113
6.22272e+113
6.27687e+113
6.43192e+113
6.8881e+113
8.23122e+113
1.14043e+114
2.1268e+114
2.88444e+114
-5.06637e+114
-1.0304e+115
-1.0304e+115

-6.19244e+113
6.19244e+113
6.19224e+113
6.19245e+113
6.1925e+113
6.19254e+113
6.19265e+113
6.19296e+113
6.1938e+113
6.19611e+113
6.20245e+113
6.22005e+113
6.26941e+113
6.41038e+113
6.82198e+113
8.01342e+113
1.08215e+114
1.8804e+114
2.31012e+114
-4.86127e+114
-9.54845e+114
-9.54845e+114

-6.19245e+113
6.19245e+113
6.19236e+113
6.19246e+113
6.19249e+113
6.19253e+113
6.19263e+113
6.19289e+113
6.19362e+113
6.1956e+113
6.20106e+113
6.2162e+113
6.25866e+113
6.37956e+113
6.72864e+113
7.71232e+113
9.98073e+113
1.57472e+114
1.56224e+114
-4.63387e+114
-8.77813e+114
-8.77813e+114

-6.19246e+113
6.19246e+113
6.19241e+113
6.19247e+113
6.19249e+113
6.19252e+113
6.1926e+113
6.19281e+113
6.19338e+113
6.19495e+113
6.19929e+113
6.21134e+113
6.24515e+113
6.34111e+113
6.61448e+113
7.35903e+113
8.9904e+113
1.25202e+114
8.75344e+113
-4.35036e+114
-7.91835e+114
-7.91835e+114

-6.19246e+113
6.19246e+113
6.19244e+113
6.19247e+113
6.19248e+113
6.19251e+113
6.19256e+113
6.19271e+113
6.1931e+113
6.1942e+113
6.19723e+113
6.20569e+113
6.22949e+113
6.29696e+113
6.48627e+113
6.97877e+113
7.95008e+113
9.45043e+113
2.95051e+113
-4.0457e+114
-7.11252e+114
-7.11252e+114

-6.19247e+113
6.19247e+113
6.19245e+113
6.19247e+113
6.19248e+113
6.19249e+113
6.19252e+113
6.19259e+113
6.1928e+113
6.19338e+113
6.19498e+113
6.19951e+113
6.21242e+113
6.24922e+113
6.3506e+113
6.59178e+113
6.92253e+113
6.69796e+113
-1.66654e+113
-3.79314e+114
-6.40532e+114
-6.40532e+114

-6.19247e+113
6.19247e+113
6.19246e+113
6.19247e+113
6.19247e+113
6.19248e+113
6.19248e+113
6.19248e+113
6.19249e+113
6.19251e+113
6.19263e+113
6.19306e+113
6.19468e+113
6.20009e+113
6.21364e+113
6.21427e+113
5.95326e+113
4.31989e+113
-5.20987e+113
-3.58512e+114
-5.81692e+114
-5.81692e+114

-6.19247e+113
6.19247e+113
6.19247e+113
6.19247e+113
6.19247e+113
6.19246e+113
6.19243e+113
6.19236e+113
6.19217e+113
6.19165e+113
6.19027e+113
6.18663e+113
6.17706e+113
6.1517e+113
6.08104e+113
5.85941e+113
5.07231e+113
2.32246e+113
-7.89888e+113
-3.41726e+114
-5.34067e+114
-5.34067e+114

-6.19247e+113
6.19247e+113
6.19247e+113
6.19247e+113
6.19246e+113
6.19245e+113
6.19239e+113
6.19225e+113
6.19187e+113
6.19083e+113
6.18803e+113
6.1805e+113
6.16031e+113
6.10606e+113
5.95784e+113
5.53782e+113
4.2988e+113
6.79042e+112
-9.94146e+113
-3.28144e+114
-4.96199e+114
-4.96199e+114

-6.19247e+113
6.19247e+113
6.19247e+113
6.19247e+113
6.19246e+113
6.19243e+113
6.19236e+113
6.19215e+113
6.19159e+113
6.19008e+113
6.18598e+113
6.17493e+113
6.14515e+113
6.065e+113
5.84841e+113
5.25803e+113
3.64455e+113
-6.36628e+112
-1.14236e+114
-3.17443e+114
-4.66659e+114
-4.66659e+114

-6.19247e+113
6.19247e+113
6.19247e+113
6.19247e+113
6.19245e+113
6.19242e+113
6.19233e+113
6.19207e+113
6.19136e+113
6.18944e+113
6.18423e+113
6.17016e+113
6.1322e+113
6.03012e+113
5.75642e+113
5.02677e+113
3.11643e+113
-1.65641e+113
-1.24899e+114
-3.09261e+114
-4.44287e+114
-4.44287e+114

-6.19247e+113
6.19247e+113
6.19247e+113
6.19247e+113
6.19245e+113
6.19241e+113
6.1923e+113
6.192e+113
6.19117e+113
6.18893e+113
6.18285e+113
6.16639e+113
6.122e+113
6.00277e+113
5.68484e+113
4.84912e+113
2.71814e+113
-2.41383e+113
-1.32237e+114
-3.03332e+114
-4.28214e+114
-4.28214e+114

-6.19247e+113
6.19247e+113
6.19247e+113
6.19246e+113
6.19245e+113
6.1924e+113
6.19228e+113
6.19195e+113
6.19104e+113
6.18858e+113
6.18189e+113
6.16379e+113
6.11496e+113
5.98395e+113
5.63588e+113
4.72874e+113
2.45139e+113
-2.9537e+113
-1.36832e+114
-2.99472e+114
-4.17816e+114
-4.17816e+114

-6.19247e+113
6.19247e+113
6.19247e+113
6.19246e+113
6.19245e+113
6.1924e+113
6.19227e+113
6.19193e+113
6.19098e+113
6.1884e+113
6.1814e+113
6.16246e+113
6.11137e+113
5.97437e+113
5.61102e+113
4.66799e+113
2.31653e+113
-3.3568e+113
-1.3901e+114
-2.97568e+114
-4.12744e+114
-4.12744e+114

0
6.19247e+113
6.19247e+113
6.19246e+113
6.19245e+113
6.1924e+113
6.19227e+113
6.19193e+113
6.19098e+113
6.1884e+113
6.1814e+113
6.16246e+113
6.11137e+113
5.97437e+113
5.61102e+113
4.66799e+113
2.31653e+113
-3.3568e+113
-1.3901e+114
-2.97568e+114
-4.12744e+114
0


0
6.19245e+113
6.19296e+113
6.19247e+113
6.1925e+113
6.19255e+113
6.19268e+113
6.19303e+113
6.194e+113
6.19664e+113
6.20389e+113
6.22399e+113
6.28029e+113
6.44139e+113
6.91862e+113
8.36871e+113
1.17296e+114
2.37816e+114
3.83932e+114
-5.3363e+114
-1.11682e+115
0

-6.19245e+113
6.19245e+113
6.19296e+113
6.19247e+113
6.1925e+113
6.19255e+113
6.19268e+113
6.19303e+113
6.194e+113
6.19664e+113
6.20389e+113
6.22399e+113
6.28029e+113
6.44139e+113
6.91862e+113
8.36871e+113
1.17296e+114
2.37816e+114
3.83932e+114
-5.3363e+114
-1.11682e+115
-1.11682e+115

-6.19245e+113
6.19245e+113
6.19248e+113
6.19246e+113
6.1925e+113
6.19255e+113
6.19267e+113
6.19301e+113
6.19393e+113
6.19646e+113
6.2034e+113
6.22263e+113
6.27647e+113
6.43034e+113
6.88467e+113
8.26761e+113
1.13954e+114
2.25612e+114
3.47146e+114
-5.62447e+114
-1.10172e+115
-1.10172e+115

-6.19246e+113
6.19246e+113
6.19241e+113
6.19247e+113
6.1925e+113
6.19254e+113
6.19265e+113
6.19296e+113
6.1938e+113
6.1961e+113
6.20243e+113
6.21996e+113
6.26902e+113
6.40883e+113
6.81794e+113
8.0315e+113
1.0864e+114
1.95357e+114
2.75885e+114
-5.0595e+114
-9.86678e+114
-9.86678e+114

-6.19246e+113
6.19246e+113
6.19242e+113
6.19247e+113
6.19249e+113
6.19253e+113
6.19263e+113
6.19289e+113
6.19361e+113
6.19559e+113
6.20104e+113
6.21611e+113
6.25829e+113
6.37806e+113
6.72401e+113
7.71316e+113
9.98478e+113
1.61336e+114
1.75821e+114
-4.81009e+114
-9.01096e+114
-9.01096e+114

-6.19246e+113
6.19246e+113
6.19244e+113
6.19247e+113
6.19249e+113
6.19252e+113
6.1926e+113
6.19281e+113
6.19338e+113
6.19495e+113
6.19927e+113
6.21126e+113
6.2448e+113
6.33969e+113
6.60963e+113
7.35009e+113
8.97019e+113
1.26499e+114
9.63133e+113
-4.40254e+114
-8.0223e+114
-8.0223e+114

-6.19247e+113
6.19247e+113
6.19245e+113
6.19247e+113
6.19248e+113
6.19251e+113
6.19256e+113
6.19271e+113
6.1931e+113
6.1942e+113
6.19722e+113
6.20562e+113
6.22917e+113
6.29564e+113
6.48156e+113
6.96598e+113
7.91722e+113
9.45174e+113
3.25976e+113
-4.06141e+114
-7.13609e+114
-7.13609e+114

-6.19247e+113
6.19247e+113
6.19246e+113
6.19247e+113
6.19248e+113
6.19249e+113
6.19252e+113
6.19259e+113
6.1928e+113
6.19337e+113
6.19496e+113
6.19944e+113
6.21212e+113
6.24804e+113
6.34625e+113
6.57844e+113
6.88663e+113
6.6483e+113
-1.59119e+113
-3.79631e+114
-6.39598e+114
-6.39598e+114

-6.19247e+113
6.19247e+113
6.19246e+113
6.19247e+113
6.19247e+113
6.19248e+113
6.19248e+113
6.19248e+113
6.19249e+113
6.19251e+113
6.19261e+113
6.19299e+113
6.19441e+113
6.19903e+113
6.20976e+113
6.20192e+113
5.91951e+113
4.25794e+113
-5.23556e+113
-3.5838e+114
-5.80017e+114
-5.80017e+114

-6.19247e+113
6.19247e+113
6.19247e+113
6.19247e+113
6.19247e+113
6.19246e+113
6.19243e+113
6.19236e+113
6.19217e+113
6.19165e+113
6.19026e+113
6.18657e+113
6.17682e+113
6.15076e+113
6.07766e+113
5.84862e+113
5.04291e+113
2.26268e+113
-7.95824e+113
-3.41379e+114
-5.3252e+114
-5.3252e+114

-6.19247e+113
6.19247e+113
6.19247e+113
6.19247e+113
6.19246e+113
6.19245e+113
6.19239e+113
6.19225e+113
6.19187e+113
6.19083e+113
6.18801e+113
6.18044e+113
6.16009e+113
6.10523e+113
5.95492e+113
5.52865e+113
4.27431e+113
6.29897e+112
-9.98295e+113
-3.2782e+114
-4.94958e+114
-4.94958e+114

-6.19247e+113
6.19247e+113
6.19247e+113
6.19247e+113
6.19246e+113
6.19243e+113
6.19236e+113
6.19215e+113
6.19159e+113
6.19008e+113
6.18597e+113
6.17488e+113
6.14495e+113
6.06426e+113
5.8459e+113
5.25033e+113
3.62467e+113
-6.73234e+112
-1.14615e+114
-3.17169e+114
-4.65706e+114
-4.65706e+114

-6.19247e+113
6.19247e+113
6.19247e+113
6.19247e+113
6.19245e+113
6.19242e+113
6.19233e+113
6.19207e+113
6.19136e+113
6.18943e+113
6.18422e+113
6.17011e+113
6.13202e+113
6.02947e+113
5.75424e+113
5.02028e+113
3.1006e+113
-1.67739e+113
-1.25202e+114
-3.09038e+114
-4.43559e+114
-4.43559e+114

-6.19247e+113
6.19247e+113
6.19247e+113
6.19247e+113
6.19245e+113
6.19241e+113
6.1923e+113
6.192e+113
6.19117e+113
6.18893e+113
6.18284e+113
6.16635e+113
6.12183e+113
6.00217e+113
5.68291e+113
4.84356e+113
2.70603e+113
-2.40587e+113
-1.32474e+114
-3.03151e+114
-4.2764e+114
-4.2764e+114

-6.19247e+113
6.19247e+113
6.19247e+113
6.19246e+113
6.19245e+113
6.1924e+113
6.19228e+113
6.19195e+113
6.19104e+113
6.18858e+113
6.18188e+113
6.16375e+113
6.1148e+113
5.9834e+113
5.63412e+113
4.72384e+113
2.44361e+113
-2.86402e+113
-1.37037e+114
-2.99324e+114
-4.17342e+114
-4.17342e+114

-6.19247e+113
6.19247e+113
6.19247e+113
6.19246e+113
6.19245e+113
6.1924e+113
6.19227e+113
6.19193e+113
6.19098e+113
6.1884e+113
6.18139e+113
6.16242e+113
6.11121e+113
5.97383e+113
5.60935e+113
4.66347e+113
2.31599e+113
-2.99973e+113
-1.39309e+114
-2.97445e+114
-4.12308e+114
-4.12308e+114

0
6.19247e+113
6.19247e+113
6.19246e+113
6.19245e+113
6.1924e+113
6.19227e+113
6.19193e+113
6.19098e+113
6.1884e+113
6.18139e+113
6.16242e+113
6.11121e+113
5.97383e+113
5.60935e+113
4.66347e+113
2.31599e+113
-2.99973e+113
-1.39309e+114
-2.97445e+114
-4.12308e+114
0


0
6.19248e+113
6.19289e+113
6.19249e+113
6.1925e+113
6.19255e+113
6.19268e+113
6.19303e+113
6.19399e+113
6.19663e+113
6.20386e+113
6.22381e+113
6.27951e+113
6.43817e+113
6.90998e+113
8.42203e+113
1.17223e+114
2.6086e+114
5.2847e+114
-5.51638e+114
-1.24996e+115
0

-6.19248e+113
6.19248e+113
6.19289e+113
6.19249e+113
6.1925e+113
6.19255e+113
6.19268e+113
6.19303e+113
6.19399e+113
6.19663e+113
6.20386e+113
6.22381e+113
6.27951e+113
6.43817e+113
6.90998e+113
8.42203e+113
1.17223e+114
2.6086e+114
5.2847e+114
-5.51638e+114
-1.24996e+115
-1.24996e+115

-6.19247e+113
6.19247e+113
6.19262e+113
6.19248e+113
6.1925e+113
6.19255e+113
6.19267e+113
6.19301e+113
6.19393e+113
6.19645e+113
6.20336e+113
6.22245e+113
6.27571e+113
6.42718e+113
6.87676e+113
8.36739e+113
1.12062e+114
2.55236e+114
4.77816e+114
-6.23043e+114
-1.28188e+115
-1.28188e+115

-6.19247e+113
6.19247e+113
6.19251e+113
6.19248e+113
6.1925e+113
6.19254e+113
6.19265e+113
6.19296e+113
6.1938e+113
6.19609e+113
6.20239e+113
6.21979e+113
6.26828e+113
6.40576e+113
6.80885e+113
8.0659e+113
1.09788e+114
2.05654e+114
3.73152e+114
-5.81724e+114
-1.09423e+115
-1.09423e+115

-6.19247e+113
6.19247e+113
6.19247e+113
6.19248e+113
6.19249e+113
6.19253e+113
6.19263e+113
6.19289e+113
6.19361e+113
6.19558e+113
6.201e+113
6.21595e+113
6.25758e+113
6.37512e+113
6.71405e+113
7.70664e+113
9.97346e+113
1.67317e+114
2.05753e+114
-4.96554e+114
-9.51894e+114
-9.51894e+114

-6.19247e+113
6.19247e+113
6.19247e+113
6.19248e+113
6.19249e+113
6.19252e+113
6.1926e+113
6.19281e+113
6.19338e+113
6.19494e+113
6.19924e+113
6.2111e+113
6.24414e+113
6.33693e+113
6.5996e+113
7.32644e+113
8.91181e+113
1.27558e+114
1.08698e+114
-4.45137e+114
-8.10453e+114
-8.10453e+114

-6.19247e+113
6.19247e+113
6.19247e+113
6.19247e+113
6.19249e+113
6.19251e+113
6.19256e+113
6.1927e+113
6.1931e+113
6.19419e+113
6.19718e+113
6.20547e+113
6.22855e+113
6.29311e+113
6.47208e+113
6.93754e+113
7.84065e+113
9.36763e+113
3.59958e+113
-4.07819e+114
-7.11062e+114
-7.11062e+114

-6.19247e+113
6.19247e+113
6.19247e+113
6.19247e+113
6.19248e+113
6.19249e+113
6.19252e+113
6.19259e+113
6.1928e+113
6.19336e+113
6.19493e+113
6.1993e+113
6.21156e+113
6.24575e+113
6.33767e+113
6.55075e+113
6.80936e+113
6.50611e+113
-1.59088e+113
-3.79495e+114
-6.35419e+114
-6.35419e+114

-6.19247e+113
6.19247e+113
6.19247e+113
6.19247e+113
6.19247e+113
6.19248e+113
6.19248e+113
6.19248e+113
6.19248e+113
6.1925e+113
6.19258e+113
6.19287e+113
6.1939e+113
6.197e+113
6.20221e+113
6.17717e+113
5.84995e+113
4.11349e+113
-5.34137e+113
-3.57713e+114
-5.76136e+114
-5.76136e+114

-6.19247e+113
6.19247e+113
6.19247e+113
6.19247e+113
6.19247e+113
6.19246e+113
6.19243e+113
6.19236e+113
6.19217e+113
6.19164e+113
6.19023e+113
6.18645e+113
6.17635e+113
6.14896e+113
6.07113e+113
5.82739e+113
4.98393e+113
2.13678e+113
-8.08131e+113
-3.40617e+114
-5.29356e+114
-5.29356e+114

-6.19247e+113
6.19247e+113
6.19247e+113
6.19247e+113
6.19246e+113
6.19245e+113
6.19239e+113
6.19225e+113
6.19187e+113
6.19082e+113
6.18799e+113
6.18034e+113
6.15967e+113
6.10364e+113
5.94932e+113
5.51083e+113
4.22593e+113
5.2875e+112
-1.00871e+114
-3.27142e+114
-4.92513e+114
-4.92513e+114

-6.19247e+113
6.19247e+113
6.19247e+113
6.19247e+113
6.19246e+113
6.19243e+113
6.19236e+113
6.19215e+113
6.19159e+113
6.19007e+113
6.18595e+113
6.17478e+113
6.14457e+113
6.06286e+113
5.84108e+113
5.23546e+113
3.58565e+113
-7.50271e+112
-1.15439e+114
-3.16616e+114
-4.63855e+114
-4.63855e+114

-6.19247e+113
6.19247e+113
6.19247e+113
6.19247e+113
6.19245e+113
6.19242e+113
6.19233e+113
6.19206e+113
6.19136e+113
6.18943e+113
6.1842e+113
6.17002e+113
6.13167e+113
6.02822e+113
5.75007e+113
5.00779e+113
3.06922e+113
-1.73233e+113
-1.25828e+114
-3.08597e+114
-4.42154e+114
-4.42154e+114

-6.19247e+113
6.19247e+113
6.19247e+113
6.19247e+113
6.19245e+113
6.19241e+113
6.1923e+113
6.192e+113
6.19117e+113
6.18892e+113
6.18281e+113
6.16626e+113
6.12151e+113
6.00104e+113
5.67922e+113
4.83285e+113
2.68047e+113
-2.44044e+113
-1.32944e+114
-3.02796e+114
-4.26546e+114
-4.26546e+114

-6.19247e+113
6.19247e+113
6.19247e+113
6.19247e+113
6.19245e+113
6.1924e+113
6.19228e+113
6.19195e+113
6.19104e+113
6.18857e+113
6.18186e+113
6.16366e+113
6.1145e+113
5.98234e+113
5.63075e+113
4.71431e+113
2.42162e+113
-2.88614e+113
-1.37393e+114
-2.99026e+114
-4.16441e+114
-4.16441e+114

-6.19247e+113
6.19247e+113
6.19247e+113
6.19246e+113
6.19245e+113
6.1924e+113
6.19227e+113
6.19193e+113
6.19097e+113
6.18839e+113
6.18137e+113
6.16234e+113
6.11092e+113
5.97282e+113
5.60615e+113
4.65451e+113
2.29342e+113
-3.06967e+113
-1.39547e+114
-2.97178e+114
-4.11497e+114
-4.11497e+114

0
6.19247e+113
6.19247e+113
6.19246e+113
6.19245e+113
6.1924e+113
6.19227e+113
6.19193e+113
6.19097e+113
6.18839e+113
6.18137e+113
6.16234e+113
6.11092e+113
5.97282e+113
5.60615e+113
4.65451e+113
2.29342e+113
-3.06967e+113
-1.39547e+114
-2.97178e+114
-4.11497e+114
0


0
6.19248e+113
6.19269e+113
6.19249e+113
6.1925e+113
6.19255e+113
6.19268e+113
6.19303e+113
6.19399e+113
6.19661e+113
6.2038e+113
6.22357e+113
6.27842e+113
6.4334e+113
6.8928e+113
8.45689e+113
1.16525e+114
2.75543e+114
7.29631e+114
-4.18421e+114
-1.4181e+115
0

-6.19248e+113
6.19248e+113
6.19269e+113
6.19249e+113
6.1925e+113
6.19255e+113
6.19268e+113
6.19303e+113
6.19399e+113
6.19661e+113
6.2038e+113
6.22357e+113
6.27842e+113
6.4334e+113
6.8928e+113
8.45689e+113
1.16525e+114
2.75543e+114
7.29631e+114
-4.18421e+114
-1.4181e+115
-1.4181e+115

-6.19248e+113
6.19248e+113
6.1926e+113
6.19249e+113
6.1925e+113
6.19255e+113
6.19267e+113
6.19301e+113
6.19393e+113
6.19643e+113
6.20331e+113
6.22221e+113
6.27463e+113
6.42252e+113
6.86172e+113
8.6507e+113
1.15009e+114
3.27761e+114
7.6569e+114
-6.7285e+113
-1.28465e+115
-1.28465e+115

-6.19248e+113
6.19248e+113
6.19253e+113
6.19249e+113
6.1925e+113
6.19254e+113
6.19265e+113
6.19296e+113
6.1938e+113
6.19608e+113
6.20234e+113
6.21956e+113
6.26724e+113
6.40127e+113
6.79236e+113
8.08933e+113
1.11915e+114
2.13426e+114
4.66679e+114
-6.56486e+114
-1.32924e+115
-1.32924e+115

-6.19247e+113
6.19247e+113
6.1925e+113
6.19248e+113
6.1925e+113
6.19253e+113
6.19263e+113
6.19289e+113
6.19361e+113
6.19557e+113
6.20095e+113
6.21573e+113
6.2566e+113
6.37088e+113
6.69749e+113
7.66872e+113
9.94442e+113
1.69719e+114
2.5235e+114
-5.0556e+114
-9.40891e+114
-9.40891e+114

-6.19247e+113
6.19247e+113
6.19248e+113
6.19248e+113
6.19249e+113
6.19252e+113
6.1926e+113
6.19281e+113
6.19337e+113
6.19493e+113
6.19919e+113
6.21089e+113
6.24321e+113
6.333e+113
6.58402e+113
7.27634e+113
8.78488e+113
1.26093e+114
1.10662e+114
-4.45922e+114
-7.97714e+114
-7.97714e+114

-6.19247e+113
6.19247e+113
6.19248e+113
6.19248e+113
6.19249e+113
6.19251e+113
6.19256e+113
6.1927e+113
6.1931e+113
6.19418e+113
6.19714e+113
6.20527e+113
6.2277e+113
6.28953e+113
6.45799e+113
6.88899e+113
7.69992e+113
9.07475e+113
3.51258e+113
-4.06545e+114
-7.00025e+114
-7.00025e+114

-6.19247e+113
6.19247e+113
6.19247e+113
6.19248e+113
6.19248e+113
6.19249e+113
6.19252e+113
6.19259e+113
6.1928e+113
6.19335e+113
6.19489e+113
6.19912e+113
6.21077e+113
6.24254e+113
6.32526e+113
6.50772e+113
6.68189e+113
6.20965e+113
-1.83846e+113
-3.7784e+114
-6.26778e+114
-6.26778e+114

-6.19247e+113
6.19247e+113
6.19247e+113
6.19247e+113
6.19248e+113
6.19248e+113
6.19248e+113
6.19248e+113
6.19248e+113
6.19249e+113
6.19254e+113
6.1927e+113
6.19318e+113
6.19415e+113
6.19147e+113
6.14051e+113
5.74246e+113
3.86044e+113
-5.61317e+113
-3.56093e+114
-5.69592e+114
-5.69592e+114

-6.19247e+113
6.19247e+113
6.19247e+113
6.19247e+113
6.19247e+113
6.19246e+113
6.19243e+113
6.19236e+113
6.19217e+113
6.19163e+113
6.19019e+113
6.18629e+113
6.17571e+113
6.14646e+113
6.06193e+113
5.79679e+113
4.8963e+113
1.9352e+113
-8.31323e+113
-3.39258e+114
-5.24473e+114
-5.24473e+114

-6.19247e+113
6.19247e+113
6.19247e+113
6.19247e+113
6.19246e+113
6.19245e+113
6.19239e+113
6.19225e+113
6.19186e+113
6.19081e+113
6.18795e+113
6.18019e+113
6.15909e+113
6.10144e+113
5.94148e+113
5.48553e+113
4.15572e+113
3.73762e+112
-1.0265e+114
-3.2607e+114
-4.88907e+114
-4.88907e+114

-6.19247e+113
6.19247e+113
6.19247e+113
6.19247e+113
6.19246e+113
6.19243e+113
6.19236e+113
6.19215e+113
6.19159e+113
6.19006e+113
6.18591e+113
6.17464e+113
6.14405e+113
6.06093e+113
5.83439e+113
5.21454e+113
3.52969e+113
-8.67253e+112
-1.16749e+114
-3.15789e+114
-4.61196e+114
-4.61196e+114

-6.19247e+113
6.19247e+113
6.19247e+113
6.19247e+113
6.19246e+113
6.19242e+113
6.19233e+113
6.19206e+113
6.19135e+113
6.18942e+113
6.18416e+113
6.16989e+113
6.13119e+113
6.0265e+113
5.74428e+113
4.99031e+113
3.02428e+113
-1.82035e+113
-1.26782e+114
-3.07958e+114
-4.40169e+114
-4.40169e+114

-6.19247e+113
6.19247e+113
6.19247e+113
6.19247e+113
6.19245e+113
6.19241e+113
6.1923e+113
6.192e+113
6.19117e+113
6.18891e+113
6.18278e+113
6.16614e+113
6.12107e+113
5.99948e+113
5.67411e+113
4.81789e+113
2.64336e+113
-2.50933e+113
-1.33647e+114
-3.0229e+114
-4.25016e+114
-4.25016e+114

-6.19247e+113
6.19247e+113
6.19247e+113
6.19247e+113
6.19245e+113
6.1924e+113
6.19228e+113
6.19195e+113
6.19104e+113
6.18856e+113
6.18183e+113
6.16355e+113
6.11408e+113
5.98089e+113
5.62609e+113
4.70099e+113
2.38915e+113
-2.95079e+113
-1.37933e+114
-2.98605e+114
-4.15191e+114
-4.15191e+114

-6.19247e+113
6.19247e+113
6.19247e+113
6.19246e+113
6.19245e+113
6.1924e+113
6.19227e+113
6.19192e+113
6.19097e+113
6.18838e+113
6.18134e+113
6.16223e+113
6.11051e+113
5.97142e+113
5.60171e+113
4.64198e+113
2.26237e+113
-3.15856e+113
-1.39997e+114
-2.96797e+114
-4.10379e+114
-4.10379e+114

0
6.19247e+113
6.19247e+113
6.19246e+113
6.19245e+113
6.1924e+113
6.19227e+113
6.19192e+113
6.19097e+113
6.18838e+113
6.18134e+113
6.16223e+113
6.11051e+113
5.97142e+113
5.60171e+113
4.64198e+113
2.26237e+113
-3.15856e+113
-1.39997e+114
-2.96797e+114
-4.10379e+114
0


0
6.19249e+113
6.1926e+113
6.1925e+113
6.1925e+113
6.19255e+113
6.19268e+113
6.19303e+113
6.19399e+113
6.1966e+113
6.20374e+113
6.22328e+113
6.27711e+113
6.42733e+113
6.86224e+113
8.22652e+113
1.09546e+114
2.37969e+114
4.80334e+114
-5.53967e+114
-1.19992e+115
0

-6.19249e+113
6.19249e+113
6.1926e+113
6.1925e+113
6.1925e+113
6.19255e+113
6.19268e+113
6.19303e+113
6.19399e+113
6.1966e+113
6.20374e+113
6.22328e+113
6.27711e+113
6.42733e+113
6.86224e+113
8.22652e+113
1.09546e+114
2.37969e+114
4.80334e+114
-5.53967e+114
-1.19992e+115
-1.19992e+115

-6.19249e+113
6.19249e+113
6.19257e+113
6.19249e+113
6.1925e+113
6.19255e+113
6.19267e+113
6.19301e+113
6.19392e+113
6.19642e+113
6.20324e+113
6.22193e+113
6.27334e+113
6.41658e+113
6.83035e+113
8.17784e+113
1.03947e+114
2.33078e+114
4.29831e+114
-5.92296e+114
-1.20423e+115
-1.20423e+115

-6.19248e+113
6.19248e+113
6.19253e+113
6.19249e+113
6.1925e+113
6.19254e+113
6.19265e+113
6.19296e+113
6.19379e+113
6.19607e+113
6.20228e+113
6.21928e+113
6.266e+113
6.39562e+113
6.76497e+113
7.88847e+113
1.02204e+114
1.86249e+114
3.08479e+114
-6.20914e+114
-1.15082e+115
-1.15082e+115

-6.19248e+113
6.19248e+113
6.19251e+113
6.19249e+113
6.1925e+113
6.19253e+113
6.19263e+113
6.19289e+113
6.19361e+113
6.19556e+113
6.20089e+113
6.21546e+113
6.25542e+113
6.36562e+113
6.67366e+113
7.54767e+113
9.42452e+113
1.50007e+114
1.85724e+114
-4.98147e+114
-9.03674e+114
-9.03674e+114

-6.19248e+113
6.19248e+113
6.19249e+113
6.19248e+113
6.19249e+113
6.19252e+113
6.1926e+113
6.1928e+113
6.19337e+113
6.19491e+113
6.19913e+113
6.21064e+113
6.24211e+113
6.32819e+113
6.56329e+113
7.18746e+113
8.45595e+113
1.14163e+114
8.70412e+113
-4.38552e+114
-7.69918e+114
-7.69918e+114

-6.19248e+113
6.19248e+113
6.19248e+113
6.19248e+113
6.19249e+113
6.19251e+113
6.19256e+113
6.1927e+113
6.1931e+113
6.19416e+113
6.19708e+113
6.20503e+113
6.22668e+113
6.2852e+113
6.44006e+113
6.81854e+113
7.46114e+113
8.30842e+113
2.0025e+113
-4.01171e+114
-6.80463e+114
-6.80463e+114

-6.19248e+113
6.19248e+113
6.19248e+113
6.19248e+113
6.19248e+113
6.19249e+113
6.19252e+113
6.19259e+113
6.19279e+113
6.19334e+113
6.19483e+113
6.19889e+113
6.20984e+113
6.23869e+113
6.30988e+113
6.45061e+113
6.49853e+113
5.67961e+113
-2.7585e+113
-3.74009e+114
-6.1331e+114
-6.1331e+114

-6.19248e+113
6.19248e+113
6.19248e+113
6.19248e+113
6.19248e+113
6.19248e+113
6.19248e+113
6.19248e+113
6.19248e+113
6.19248e+113
6.19249e+113
6.19249e+113
6.19234e+113
6.19076e+113
6.17838e+113
6.09404e+113
5.59945e+113
3.47973e+113
-6.19681e+113
-3.53356e+114
-5.60327e+114
-5.60327e+114

-6.19247e+113
6.19247e+113
6.19247e+113
6.19247e+113
6.19247e+113
6.19246e+113
6.19243e+113
6.19236e+113
6.19216e+113
6.19162e+113
6.19015e+113
6.18611e+113
6.17495e+113
6.14348e+113
6.05085e+113
5.759e+113
4.78454e+113
1.65779e+113
-8.69901e+113
-3.37277e+114
-5.18007e+114
-5.18007e+114

-6.19247e+113
6.19247e+113
6.19247e+113
6.19247e+113
6.19246e+113
6.19245e+113
6.19239e+113
6.19225e+113
6.19186e+113
6.1908e+113
6.18791e+113
6.18001e+113
6.15841e+113
6.09884e+113
5.9321e+113
5.45477e+113
4.06836e+113
1.70485e+112
-1.05257e+114
-3.24628e+114
-4.8433e+114
-4.8433e+114

-6.19247e+113
6.19247e+113
6.19247e+113
6.19247e+113
6.19246e+113
6.19243e+113
6.19236e+113
6.19215e+113
6.19159e+113
6.19005e+113
6.18587e+113
6.17448e+113
6.14343e+113
6.05864e+113
5.82641e+113
5.18936e+113
3.46106e+113
-1.01723e+113
-1.18535e+114
-3.14729e+114
-4.57909e+114
-4.57909e+114

-6.19247e+113
6.19247e+113
6.19247e+113
6.19247e+113
6.19246e+113
6.19242e+113
6.19232e+113
6.19206e+113
6.19135e+113
6.18941e+113
6.18413e+113
6.16974e+113
6.13063e+113
6.02446e+113
5.73742e+113
4.96939e+113
2.96956e+113
-1.93315e+113
-1.28026e+114
-3.07164e+114
-4.37757e+114
-4.37757e+114

-6.19247e+113
6.19247e+113
6.19247e+113
6.19247e+113
6.19245e+113
6.19241e+113
6.1923e+113
6.192e+113
6.19117e+113
6.1889e+113
6.18275e+113
6.166e+113
6.12054e+113
5.99763e+113
5.66806e+113
4.80005e+113
2.59831e+113
-2.5987e+113
-1.34542e+114
-3.01673e+114
-4.2318e+114
-4.2318e+114

-6.19247e+113
6.19247e+113
6.19247e+113
6.19247e+113
6.19245e+113
6.1924e+113
6.19228e+113
6.19195e+113
6.19104e+113
6.18855e+113
6.18179e+113
6.16341e+113
6.11358e+113
5.97917e+113
5.62058e+113
4.68514e+113
2.34998e+113
-3.03005e+113
-1.38618e+114
-2.98096e+114
-4.13703e+114
-4.13703e+114

-6.19247e+113
6.19247e+113
6.19247e+113
6.19247e+113
6.19245e+113
6.1924e+113
6.19227e+113
6.19192e+113
6.19097e+113
6.18837e+113
6.1813e+113
6.16209e+113
6.11003e+113
5.96976e+113
5.59647e+113
4.62709e+113
2.22573e+113
-3.24008e+113
-1.40583e+114
-2.96339e+114
-4.09052e+114
-4.09052e+114

0
6.19247e+113
6.19247e+113
6.19247e+113
6.19245e+113
6.1924e+113
6.19227e+113
6.19192e+113
6.19097e+113
6.18837e+113
6.1813e+113
6.16209e+113
6.11003e+113
5.96976e+113
5.59647e+113
4.62709e+113
2.22573e+113
-3.24008e+113
-1.40583e+114
-2.96339e+114
-4.09052e+114
0


0
6.19249e+113
6.19256e+113
6.1925e+113
6.1925e+113
6.19255e+113
6.19268e+113
6.19303e+113
6.19398e+113
6.19658e+113
6.20367e+113
6.22298e+113
6.2757e+113
6.4206e+113
6.82623e+113
7.98746e+113
1.03632e+114
1.93718e+114
2.93396e+114
-5.22963e+114
-1.01935e+115
0

-6.19249e+113
6.19249e+113
6.19256e+113
6.1925e+113
6.1925e+113
6.19255e+113
6.19268e+113
6.19303e+113
6.19398e+113
6.19658e+113
6.20367e+113
6.22298e+113
6.2757e+113
6.4206e+113
6.82623e+113
7.98746e+113
1.03632e+114
1.93718e+114
2.93396e+114
-5.22963e+114
-1.01935e+115
-1.01935e+115

-6.19249e+113
6.19249e+113
6.19254e+113
6.1925e+113
6.1925e+113
6.19255e+113
6.19267e+113
6.19301e+113
6.19392e+113
6.1964e+113
6.20318e+113
6.22163e+113
6.27197e+113
6.41002e+113
6.79493e+113
7.89904e+113
1.00678e+114
1.84143e+114
2.62719e+114
-5.62322e+114
-1.01687e+115
-1.01687e+115

-6.19249e+113
6.19249e+113
6.19252e+113
6.19249e+113
6.1925e+113
6.19254e+113
6.19265e+113
6.19296e+113
6.19379e+113
6.19605e+113
6.20221e+113
6.21899e+113
6.26467e+113
6.38941e+113
6.73324e+113
7.68784e+113
9.61959e+113
1.57973e+114
1.90269e+114
-5.30794e+114
-9.59574e+114
-9.59574e+114

-6.19248e+113
6.19248e+113
6.19251e+113
6.19249e+113
6.1925e+113
6.19253e+113
6.19263e+113
6.19289e+113
6.1936e+113
6.19554e+113
6.20082e+113
6.21518e+113
6.25416e+113
6.35988e+113
6.64619e+113
7.40455e+113
8.92182e+113
1.28744e+114
1.16874e+114
-4.64188e+114
-8.35482e+114
-8.35482e+114

-6.19248e+113
6.19248e+113
6.1925e+113
6.19249e+113
6.19249e+113
6.19252e+113
6.1926e+113
6.1928e+113
6.19337e+113
6.1949e+113
6.19907e+113
6.21037e+113
6.24093e+113
6.32298e+113
6.53979e+113
7.08073e+113
8.0768e+113
9.98435e+113
5.0925e+113
-4.22753e+114
-7.35605e+114
-7.35605e+114

-6.19248e+113
6.19248e+113
6.19249e+113
6.19248e+113
6.19249e+113
6.19251e+113
6.19256e+113
6.1927e+113
6.19309e+113
6.19415e+113
6.19702e+113
6.20478e+113
6.2256e+113
6.28054e+113
6.42009e+113
6.73606e+113
7.17714e+113
7.34235e+113
-8.38379e+111
-3.91955e+114
-6.58393e+114
-6.58393e+114

-6.19248e+113
6.19248e+113
6.19248e+113
6.19248e+113
6.19248e+113
6.19249e+113
6.19252e+113
6.19259e+113
6.19279e+113
6.19333e+113
6.19478e+113
6.19866e+113
6.20886e+113
6.23457e+113
6.293e+113
6.38557e+113
6.28378e+113
5.01717e+113
-4.01508e+113
-3.68319e+114
-5.98022e+114
-5.98022e+114

-6.19248e+113
6.19248e+113
6.19248e+113
6.19248e+113
6.19248e+113
6.19248e+113
6.19248e+113
6.19248e+113
6.19248e+113
6.19247e+113
6.19244e+113
6.19228e+113
6.19145e+113
6.18714e+113
6.16418e+113
6.04226e+113
5.43578e+113
3.01804e+113
-6.97394e+113
-3.49683e+114
-5.49735e+114
-5.49735e+114

-6.19248e+113
6.19248e+113
6.19248e+113
6.19247e+113
6.19247e+113
6.19246e+113
6.19243e+113
6.19236e+113
6.19216e+113
6.19161e+113
6.1901e+113
6.18591e+113
6.17415e+113
6.14032e+113
6.03892e+113
5.71756e+113
4.6592e+113
1.33169e+113
-9.19137e+113
-3.34814e+114
-5.10686e+114
-5.10686e+114

-6.19248e+113
6.19248e+113
6.19248e+113
6.19247e+113
6.19246e+113
6.19245e+113
6.19239e+113
6.19225e+113
6.19186e+113
6.19079e+113
6.18786e+113
6.17983e+113
6.15769e+113
6.09608e+113
5.92208e+113
5.42142e+113
3.97189e+113
-6.25378e+111
-1.08445e+114
-3.22928e+114
-4.79231e+114
-4.79231e+114

-6.19247e+113
6.19247e+113
6.19247e+113
6.19247e+113
6.19246e+113
6.19243e+113
6.19236e+113
6.19215e+113
6.19158e+113
6.19004e+113
6.18583e+113
6.17431e+113
6.14278e+113
6.05621e+113
5.81793e+113
5.16228e+113
3.38614e+113
-1.18617e+113
-1.20643e+114
-3.13525e+114
-4.54302e+114
-4.54302e+114

-6.19247e+113
6.19247e+113
6.19247e+113
6.19247e+113
6.19246e+113
6.19242e+113
6.19232e+113
6.19206e+113
6.19135e+113
6.1894e+113
6.18409e+113
6.16958e+113
6.13003e+113
6.02231e+113
5.73013e+113
4.94703e+113
2.91028e+113
-2.05878e+113
-1.29455e+114
-3.06285e+114
-4.35143e+114
-4.35143e+114

-6.19247e+113
6.19247e+113
6.19247e+113
6.19247e+113
6.19245e+113
6.19241e+113
6.1923e+113
6.19199e+113
6.19116e+113
6.18889e+113
6.18271e+113
6.16585e+113
6.11999e+113
5.99569e+113
5.66166e+113
4.78106e+113
2.54981e+113
-2.69686e+113
-1.35551e+114
-3.01002e+114
-4.21208e+114
-4.21208e+114

-6.19247e+113
6.19247e+113
6.19247e+113
6.19247e+113
6.19245e+113
6.1924e+113
6.19228e+113
6.19195e+113
6.19103e+113
6.18854e+113
6.18175e+113
6.16327e+113
6.11306e+113
5.97736e+113
5.61475e+113
4.6683e+113
2.30811e+113
-3.11348e+113
-1.39384e+114
-2.97549e+114
-4.12115e+114
-4.12115e+114

-6.19247e+113
6.19247e+113
6.19247e+113
6.19247e+113
6.19245e+113
6.1924e+113
6.19227e+113
6.19192e+113
6.19097e+113
6.18836e+113
6.18127e+113
6.16195e+113
6.10952e+113
5.96802e+113
5.59093e+113
4.6113e+113
2.18695e+113
-3.31859e+113
-1.41236e+114
-2.95849e+114
-4.07644e+114
-4.07644e+114

0
6.19247e+113
6.19247e+113
6.19247e+113
6.19245e+113
6.1924e+113
6.19227e+113
6.19192e+113
6.19097e+113
6.18836e+113
6.18127e+113
6.16195e+113
6.10952e+113
5.96802e+113
5.59093e+113
4.6113e+113
2.18695e+113
-3.31859e+113
-1.41236e+114
-2.95849e+114
-4.07644e+114
0


0
6.19249e+113
6.19253e+113
6.1925e+113
6.19251e+113
6.19255e+113
6.19268e+113
6.19303e+113
6.19398e+113
6.19657e+113
6.2036e+113
6.22268e+113
6.27435e+113
6.41402e+113
6.7912e+113
7.78622e+113
9.79796e+113
1.56656e+114
1.71245e+114
-4.68678e+114
-8.82489e+114
0

-6.19249e+113
6.19249e+113
6.19253e+113
6.1925e+113
6.19251e+113
6.19255e+113
6.19268e+113
6.19303e+113
6.19398e+113
6.19657e+113
6.2036e+113
6.22268e+113
6.27435e+113
6.41402e+113
6.7912e+113
7.78622e+113
9.79796e+113
1.56656e+114
1.71245e+114
-4.68678e+114
-8.82489e+114
-8.82489e+114

-6.19249e+113
6.19249e+113
6.19253e+113
6.1925e+113
6.1925e+113
6.19255e+113
6.19267e+113
6.19301e+113
6.19392e+113
6.19639e+113
6.20311e+113
6.22134e+113
6.27064e+113
6.40361e+113
6.76105e+113
7.69769e+113
9.55438e+113
1.4816e+114
1.52349e+114
-4.6005e+114
-8.63025e+114
-8.63025e+114

-6.19249e+113
6.19249e+113
6.19252e+113
6.19249e+113
6.1925e+113
6.19254e+113
6.19265e+113
6.19296e+113
6.19379e+113
6.19604e+113
6.20215e+113
6.21871e+113
6.26339e+113
6.38335e+113
6.70237e+113
7.51886e+113
9.10566e+113
1.30608e+114
1.08276e+114
-4.59209e+114
-8.28783e+114
-8.28783e+114

-6.19249e+113
6.19249e+113
6.19251e+113
6.19249e+113
6.1925e+113
6.19253e+113
6.19263e+113
6.19289e+113
6.1936e+113
6.19553e+113
6.20076e+113
6.21491e+113
6.25295e+113
6.35428e+113
6.61913e+113
7.27087e+113
8.47308e+113
1.08775e+114
6.10845e+113
-4.31616e+114
-7.6443e+114
-7.6443e+114

-6.19248e+113
6.19248e+113
6.1925e+113
6.19249e+113
6.19249e+113
6.19252e+113
6.1926e+113
6.1928e+113
6.19336e+113
6.19489e+113
6.19901e+113
6.21012e+113
6.23981e+113
6.31791e+113
6.51658e+113
6.97617e+113
7.71539e+113
8.57847e+113
1.63347e+113
-4.0491e+114
-6.95091e+114
-6.95091e+114

-6.19248e+113
6.19248e+113
6.19249e+113
6.19248e+113
6.19249e+113
6.19251e+113
6.19256e+113
6.1927e+113
6.19309e+113
6.19414e+113
6.19697e+113
6.20454e+113
6.22456e+113
6.27602e+113
6.40043e+113
6.65405e+113
6.89646e+113
6.36399e+113
-2.20498e+113
-3.81595e+114
-6.33813e+114
-6.33813e+114

-6.19248e+113
6.19248e+113
6.19248e+113
6.19248e+113
6.19248e+113
6.19249e+113
6.19252e+113
6.19259e+113
6.19279e+113
6.19332e+113
6.19473e+113
6.19844e+113
6.20791e+113
6.23058e+113
6.27647e+113
6.32094e+113
6.06892e+113
4.33725e+113
-5.32609e+113
-3.61989e+114
-5.82169e+114
-5.82169e+114

-6.19248e+113
6.19248e+113
6.19248e+113
6.19248e+113
6.19248e+113
6.19248e+113
6.19248e+113
6.19248e+113
6.19247e+113
6.19246e+113
6.19239e+113
6.19207e+113
6.1906e+113
6.18365e+113
6.15034e+113
5.99111e+113
5.27214e+113
2.54396e+113
-7.79318e+113
-3.45679e+114
-5.39095e+114
-5.39095e+114

-6.19248e+113
6.19248e+113
6.19248e+113
6.19248e+113
6.19247e+113
6.19246e+113
6.19243e+113
6.19236e+113
6.19216e+113
6.1916e+113
6.19005e+113
6.18572e+113
6.17338e+113
6.13728e+113
6.02736e+113
5.6769e+113
4.53462e+113
9.99136e+112
-9.70963e+113
-3.322e+114
-5.03412e+114
-5.03412e+114

-6.19248e+113
6.19248e+113
6.19248e+113
6.19247e+113
6.19247e+113
6.19245e+113
6.19239e+113
6.19225e+113
6.19186e+113
6.19078e+113
6.18782e+113
6.17966e+113
6.157e+113
6.09343e+113
5.9124e+113
5.38892e+113
3.8767e+113
-2.97902e+112
-1.1177e+114
-3.21171e+114
-4.74197e+114
-4.74197e+114

-6.19248e+113
6.19248e+113
6.19247e+113
6.19247e+113
6.19246e+113
6.19243e+113
6.19236e+113
6.19215e+113
6.19158e+113
6.19003e+113
6.18579e+113
6.17415e+113
6.14216e+113
6.0539e+113
5.80977e+113
5.13604e+113
3.31271e+113
-1.35515e+113
-1.22813e+114
-3.12308e+114
-4.50765e+114
-4.50765e+114

-6.19247e+113
6.19247e+113
6.19247e+113
6.19247e+113
6.19246e+113
6.19242e+113
6.19232e+113
6.19206e+113
6.19135e+113
6.18939e+113
6.18405e+113
6.16943e+113
6.12947e+113
6.02026e+113
5.72315e+113
4.92545e+113
2.85254e+113
-2.18325e+113
-1.30907e+114
-3.05411e+114
-4.32597e+114
-4.32597e+114

-6.19247e+113
6.19247e+113
6.19247e+113
6.19247e+113
6.19245e+113
6.19241e+113
6.1923e+113
6.19199e+113
6.19116e+113
6.18888e+113
6.18267e+113
6.16571e+113
6.11947e+113
5.99383e+113
5.65553e+113
4.76279e+113
2.50283e+113
-2.79283e+113
-1.36564e+114
-3.00345e+114
-4.19299e+114
-4.19299e+114

-6.19247e+113
6.19247e+113
6.19247e+113
6.19247e+113
6.19245e+113
6.1924e+113
6.19228e+113
6.19195e+113
6.19103e+113
6.18853e+113
6.18172e+113
6.16314e+113
6.11256e+113
5.97563e+113
5.60919e+113
4.65214e+113
2.26779e+113
-3.19312e+113
-1.40145e+114
-2.97018e+114
-4.10586e+114
-4.10586e+114

-6.19247e+113
6.19247e+113
6.19247e+113
6.19247e+113
6.19245e+113
6.1924e+113
6.19227e+113
6.19192e+113
6.19097e+113
6.18836e+113
6.18123e+113
6.16182e+113
6.10904e+113
5.96636e+113
5.58564e+113
4.59618e+113
2.14979e+113
-3.39122e+113
-1.41883e+114
-2.95376e+114
-4.0629e+114
-4.0629e+114

0
6.19247e+113
6.19247e+113
6.19247e+113
6.19245e+113
6.1924e+113
6.19227e+113
6.19192e+113
6.19097e+113
6.18836e+113
6.18123e+113
6.16182e+113
6.10904e+113
5.96636e+113
5.58564e+113
4.59618e+113
2.14979e+113
-3.39122e+113
-1.41883e+114
-2.95376e+114
-4.0629e+114
0


0
6.19249e+113
6.19252e+113
6.1925e+113
6.19251e+113
6.19255e+113
6.19268e+113
6.19303e+113
6.19398e+113
6.19656e+113
6.20355e+113
6.22243e+113
6.27318e+113
6.40833e+113
6.76155e+113
7.63168e+113
9.31374e+113
1.29461e+114
9.33529e+113
-4.34402e+114
-7.92994e+114
0

-6.19249e+113
6.19249e+113
6.19252e+113
6.1925e+113
6.19251e+113
6.19255e+113
6.19268e+113
6.19303e+113
6.19398e+113
6.19656e+113
6.20355e+113
6.22243e+113
6.27318e+113
6.40833e+113
6.76155e+113
7.63168e+113
9.31374e+113
1.29461e+114
9.33529e+113
-4.34402e+114
-7.92994e+114
-7.92994e+114

-6.19249e+113
6.19249e+113
6.19252e+113
6.1925e+113
6.1925e+113
6.19255e+113
6.19267e+113
6.193e+113
6.19391e+113
6.19638e+113
6.20306e+113
6.22109e+113
6.2695e+113
6.39808e+113
6.7325e+113
7.54882e+113
9.09506e+113
1.22646e+114
7.98572e+113
-4.28245e+114
-7.77432e+114
-7.77432e+114

-6.19249e+113
6.19249e+113
6.19251e+113
6.19249e+113
6.1925e+113
6.19254e+113
6.19265e+113
6.19296e+113
6.19378e+113
6.19603e+113
6.2021e+113
6.21847e+113
6.26229e+113
6.37811e+113
6.67611e+113
7.38756e+113
8.68029e+113
1.09622e+114
5.27532e+113
-4.23644e+114
-7.50187e+114
-7.50187e+114

-6.19249e+113
6.19249e+113
6.1925e+113
6.19249e+113
6.1925e+113
6.19253e+113
6.19263e+113
6.19289e+113
6.1936e+113
6.19552e+113
6.20071e+113
6.21468e+113
6.25191e+113
6.34945e+113
6.59587e+113
7.16143e+113
8.10301e+113
9.26739e+113
2.10035e+113
-4.08376e+114
-7.08599e+114
-7.08599e+114

-6.19248e+113
6.19248e+113
6.1925e+113
6.19249e+113
6.19249e+113
6.19252e+113
6.1926e+113
6.1928e+113
6.19336e+113
6.19488e+113
6.19896e+113
6.2099e+113
6.23884e+113
6.31354e+113
6.49649e+113
6.88757e+113
7.4109e+113
7.39754e+113
-1.0769e+113
-3.9026e+114
-6.59684e+114
-6.59684e+114

-6.19248e+113
6.19248e+113
6.19249e+113
6.19248e+113
6.19249e+113
6.19251e+113
6.19256e+113
6.1927e+113
6.19309e+113
6.19413e+113
6.19692e+113
6.20434e+113
6.22368e+113
6.27212e+113
6.38337e+113
6.58328e+113
6.65516e+113
5.51907e+113
-3.97263e+113
-3.72477e+114
-6.115e+114
-6.115e+114

-6.19248e+113
6.19248e+113
6.19249e+113
6.19248e+113
6.19248e+113
6.19249e+113
6.19252e+113
6.19259e+113
6.19279e+113
6.19331e+113
6.19468e+113
6.19825e+113
6.20711e+113
6.22715e+113
6.26214e+113
6.26476e+113
5.88195e+113
3.74036e+113
-6.46051e+113
-3.56267e+114
-5.67767e+114
-5.67767e+114

-6.19248e+113
6.19248e+113
6.19248e+113
6.19248e+113
6.19248e+113
6.19248e+113
6.19248e+113
6.19248e+113
6.19247e+113
6.19245e+113
6.19235e+113
6.1919e+113
6.18987e+113
6.18066e+113
6.13837e+113
5.94659e+113
5.12904e+113
2.12454e+113
-8.51751e+113
-3.42031e+114
-5.29568e+114
-5.29568e+114

-6.19248e+113
6.19248e+113
6.19248e+113
6.19248e+113
6.19247e+113
6.19246e+113
6.19243e+113
6.19236e+113
6.19216e+113
6.19159e+113
6.19001e+113
6.18556e+113
6.17273e+113
6.13468e+113
6.01739e+113
5.64159e+113
4.42566e+113
7.04429e+112
-1.01727e+114
-3.29828e+114
-4.96982e+114
-4.96982e+114

-6.19248e+113
6.19248e+113
6.19248e+113
6.19247e+113
6.19247e+113
6.19245e+113
6.19239e+113
6.19225e+113
6.19185e+113
6.19077e+113
6.18778e+113
6.17951e+113
6.15641e+113
6.09117e+113
5.90408e+113
5.36078e+113
3.79365e+113
-5.06043e+112
-1.14749e+114
-3.19591e+114
-4.69786e+114
-4.69786e+114

-6.19248e+113
6.19248e+113
6.19248e+113
6.19247e+113
6.19246e+113
6.19243e+113
6.19236e+113
6.19215e+113
6.19158e+113
6.19002e+113
6.18575e+113
6.17401e+113
6.14163e+113
6.05192e+113
5.80276e+113
5.11339e+113
3.24887e+113
-1.50395e+113
-1.24754e+114
-3.11226e+114
-4.47686e+114
-4.47686e+114

-6.19248e+113
6.19248e+113
6.19247e+113
6.19247e+113
6.19246e+113
6.19242e+113
6.19232e+113
6.19206e+113
6.19134e+113
6.18938e+113
6.18401e+113
6.16931e+113
6.12899e+113
6.0185e+113
5.71716e+113
4.90689e+113
2.80254e+113
-2.29219e+113
-1.32199e+114
-3.04644e+114
-4.30391e+114
-4.30391e+114

-6.19247e+113
6.19247e+113
6.19247e+113
6.19247e+113
6.19245e+113
6.19241e+113
6.1923e+113
6.19199e+113
6.19116e+113
6.18888e+113
6.18264e+113
6.16559e+113
6.11902e+113
5.99225e+113
5.65029e+113
4.7471e+113
2.4623e+113
-2.87611e+113
-1.3746e+114
-2.99773e+114
-4.17653e+114
-4.17653e+114

-6.19247e+113
6.19247e+113
6.19247e+113
6.19247e+113
6.19245e+113
6.1924e+113
6.19228e+113
6.19195e+113
6.19103e+113
6.18853e+113
6.18169e+113
6.16302e+113
6.11214e+113
5.97416e+113
5.60443e+113
4.6383e+113
2.23315e+113
-3.26134e+113
-1.40815e+114
-2.96559e+114
-4.09271e+114
-4.09271e+114

-6.19247e+113
6.19247e+113
6.19247e+113
6.19247e+113
6.19245e+113
6.1924e+113
6.19227e+113
6.19192e+113
6.19096e+113
6.18835e+113
6.1812e+113
6.16171e+113
6.10863e+113
5.96495e+113
5.58112e+113
4.58323e+113
2.11795e+113
-3.4526e+113
-1.4245e+114
-2.94969e+114
-4.0513e+114
-4.0513e+114

0
6.19247e+113
6.19247e+113
6.19247e+113
6.19245e+113
6.1924e+113
6.19227e+113
6.19192e+113
6.19096e+113
6.18835e+113
6.1812e+113
6.16171e+113
6.10863e+113
5.96495e+113
5.58112e+113
4.58323e+113
2.11795e+113
-3.4526e+113
-1.4245e+114
-2.94969e+114
-4.0513e+114
0


0
6.19249e+113
6.19251e+113
6.1925e+113
6.19251e+113
6.19255e+113
6.19268e+113
6.19303e+113
6.19398e+113
6.19655e+113
6.20351e+113
6.22225e+113
6.27233e+113
6.40417e+113
6.74023e+113
7.52686e+113
8.96456e+113
1.11798e+114
4.71317e+113
-4.14753e+114
-7.39064e+114
0

-6.19249e+113
6.19249e+113
6.19251e+113
6.1925e+113
6.19251e+113
6.19255e+113
6.19268e+113
6.19303e+113
6.19398e+113
6.19655e+113
6.20351e+113
6.22225e+113
6.27233e+113
6.40417e+113
6.74023e+113
7.52686e+113
8.96456e+113
1.11798e+114
4.71317e+113
-4.14753e+114
-7.39064e+114
-7.39064e+114

-6.19249e+113
6.19249e+113
6.19251e+113
6.1925e+113
6.1925e+113
6.19255e+113
6.19267e+113
6.193e+113
6.19391e+113
6.19637e+113
6.20302e+113
6.22091e+113
6.26866e+113
6.39404e+113
6.71198e+113
7.44865e+113
8.76239e+113
1.0619e+114
3.71598e+113
-4.10995e+114
-7.26932e+114
-7.26932e+114

-6.19249e+113
6.19249e+113
6.19251e+113
6.19249e+113
6.1925e+113
6.19254e+113
6.19265e+113
6.19296e+113
6.19378e+113
6.19602e+113
6.20206e+113
6.21829e+113
6.26149e+113
6.37428e+113
6.65715e+113
7.29752e+113
8.37654e+113
9.5646e+113
1.84888e+113
-4.05101e+114
-7.04552e+114
-7.04552e+114

-6.19249e+113
6.19249e+113
6.1925e+113
6.19249e+113
6.1925e+113
6.19253e+113
6.19263e+113
6.19289e+113
6.1936e+113
6.19551e+113
6.20067e+113
6.21451e+113
6.25115e+113
6.34591e+113
6.57895e+113
7.08444e+113
7.83905e+113
8.15928e+113
-4.64726e+112
-3.94139e+114
-6.72725e+114
-6.72725e+114

-6.19249e+113
6.19249e+113
6.1925e+113
6.19249e+113
6.19249e+113
6.19252e+113
6.1926e+113
6.1928e+113
6.19336e+113
6.19487e+113
6.19892e+113
6.20974e+113
6.23813e+113
6.31033e+113
6.4818e+113
6.82392e+113
7.19178e+113
6.56109e+113
-2.89134e+113
-3.80424e+114
-6.34669e+114
-6.34669e+114

-6.19248e+113
6.19248e+113
6.19249e+113
6.19249e+113
6.19249e+113
6.19251e+113
6.19256e+113
6.1927e+113
6.19309e+113
6.19412e+113
6.19689e+113
6.20419e+113
6.22303e+113
6.26927e+113
6.37086e+113
6.53175e+113
6.47965e+113
4.90775e+113
-5.20449e+113
-3.65986e+114
-5.94962e+114
-5.94962e+114

-6.19248e+113
6.19248e+113
6.19249e+113
6.19248e+113
6.19248e+113
6.19249e+113
6.19252e+113
6.19259e+113
6.19278e+113
6.1933e+113
6.19465e+113
6.19811e+113
6.20652e+113
6.22464e+113
6.25161e+113
6.22356e+113
5.74482e+113
3.30237e+113
-7.27513e+113
-3.52059e+114
-5.56934e+114
-5.56934e+114

-6.19248e+113
6.19248e+113
6.19248e+113
6.19248e+113
6.19248e+113
6.19248e+113
6.19248e+113
6.19248e+113
6.19247e+113
6.19244e+113
6.19232e+113
6.19177e+113
6.18934e+113
6.17847e+113
6.12959e+113
5.91385e+113
5.02357e+113
1.81421e+113
-9.04822e+113
-3.39306e+114
-5.22405e+114
-5.22405e+114

-6.19248e+113
6.19248e+113
6.19248e+113
6.19248e+113
6.19247e+113
6.19246e+113
6.19243e+113
6.19236e+113
6.19215e+113
6.19158e+113
6.18998e+113
6.18544e+113
6.17225e+113
6.13278e+113
6.01008e+113
5.61561e+113
4.34521e+113
4.8551e+112
-1.05163e+114
-3.28046e+114
-4.92176e+114
-4.92176e+114

-6.19248e+113
6.19248e+113
6.19248e+113
6.19247e+113
6.19247e+113
6.19245e+113
6.19239e+113
6.19225e+113
6.19185e+113
6.19076e+113
6.18776e+113
6.1794e+113
6.15599e+113
6.08951e+113
5.89798e+113
5.3401e+113
3.73234e+113
-6.60785e+112
-1.16974e+114
-3.18406e+114
-4.66509e+114
-4.66509e+114

-6.19248e+113
6.19248e+113
6.19248e+113
6.19247e+113
6.19246e+113
6.19243e+113
6.19236e+113
6.19215e+113
6.19158e+113
6.19002e+113
6.18573e+113
6.17391e+113
6.14124e+113
6.05047e+113
5.79764e+113
5.09677e+113
3.20182e+113
-1.61442e+113
-1.26205e+114
-3.10419e+114
-4.45408e+114
-4.45408e+114

-6.19248e+113
6.19248e+113
6.19247e+113
6.19247e+113
6.19246e+113
6.19242e+113
6.19232e+113
6.19206e+113
6.19134e+113
6.18938e+113
6.18399e+113
6.16921e+113
6.12863e+113
6.01723e+113
5.71279e+113
4.89329e+113
2.76576e+113
-2.37282e+113
-1.33165e+114
-3.04075e+114
-4.28767e+114
-4.28767e+114

-6.19248e+113
6.19248e+113
6.19247e+113
6.19247e+113
6.19245e+113
6.19241e+113
6.1923e+113
6.19199e+113
6.19116e+113
6.18887e+113
6.18262e+113
6.1655e+113
6.11869e+113
5.99109e+113
5.64647e+113
4.73564e+113
2.43258e+113
-2.93743e+113
-1.38128e+114
-2.9935e+114
-4.16444e+114
-4.16444e+114

-6.19247e+113
6.19247e+113
6.19247e+113
6.19247e+113
6.19245e+113
6.1924e+113
6.19228e+113
6.19195e+113
6.19103e+113
6.18852e+113
6.18167e+113
6.16294e+113
6.11183e+113
5.97309e+113
5.60096e+113
4.62819e+113
2.2078e+113
-3.31122e+113
-1.41312e+114
-2.96222e+114
-4.08308e+114
-4.08308e+114

-6.19247e+113
6.19247e+113
6.19247e+113
6.19247e+113
6.19245e+113
6.1924e+113
6.19227e+113
6.19192e+113
6.19096e+113
6.18834e+113
6.18118e+113
6.16163e+113
6.10833e+113
5.96392e+113
5.57783e+113
4.57378e+113
2.09469e+113
-3.49723e+113
-1.4287e+114
-2.94671e+114
-4.04281e+114
-4.04281e+114

0
6.19247e+113
6.19247e+113
6.19247e+113
6.19245e+113
6.1924e+113
6.19227e+113
6.19192e+113
6.19096e+113
6.18834e+113
6.18118e+113
6.16163e+113
6.10833e+113
5.96392e+113
5.57783e+113
4.57378e+113
2.09469e+113
-3.49723e+113
-1.4287e+114
-2.94671e+114
-4.04281e+114
0


0
6.19249e+113
6.19251e+113
6.1925e+113
6.19251e+113
6.19255e+113
6.19268e+113
6.19303e+113
6.19398e+113
6.19654e+113
6.20349e+113
6.22216e+113
6.27188e+113
6.40198e+113
6.7291e+113
7.4738e+113
8.78243e+113
1.03129e+114
2.55369e+113
-4.06126e+114
-7.14549e+114
0

-6.19249e+113
6.19249e+113
6.19251e+113
6.1925e+113
6.19251e+113
6.19255e+113
6.19268e+113
6.19303e+113
6.19398e+113
6.19654e+113
6.20349e+113
6.22216e+113
6.27188e+113
6.40198e+113
6.7291e+113
7.4738e+113
8.78243e+113
1.03129e+114
2.55369e+113
-4.06126e+114
-7.14549e+114
-7.14549e+114

-6.19249e+113
6.19249e+113
6.19251e+113
6.1925e+113
6.1925e+113
6.19255e+113
6.19267e+113
6.193e+113
6.19391e+113
6.19636e+113
6.203e+113
6.22082e+113
6.26822e+113
6.3919e+113
6.70127e+113
7.39799e+113
8.58873e+113
9.81102e+113
1.72639e+113
-4.03043e+114
-7.04046e+114
-7.04046e+114

-6.19249e+113
6.19249e+113
6.1925e+113
6.19249e+113
6.1925e+113
6.19254e+113
6.19265e+113
6.19296e+113
6.19378e+113
6.19601e+113
6.20204e+113
6.2182e+113
6.26107e+113
6.37226e+113
6.64722e+113
7.25162e+113
8.2184e+113
8.86846e+113
2.11472e+112
-3.97076e+114
-6.84029e+114
-6.84029e+114

-6.19249e+113
6.19249e+113
6.1925e+113
6.19249e+113
6.1925e+113
6.19253e+113
6.19263e+113
6.19289e+113
6.19359e+113
6.1955e+113
6.20065e+113
6.21443e+113
6.25075e+113
6.34404e+113
6.57006e+113
7.04473e+113
7.70159e+113
7.59767e+113
-1.71651e+113
-3.87559e+114
-6.55952e+114
-6.55952e+114

-6.19249e+113
6.19249e+113
6.1925e+113
6.19249e+113
6.19249e+113
6.19252e+113
6.1926e+113
6.1928e+113
6.19336e+113
6.19486e+113
6.1989e+113
6.20966e+113
6.23776e+113
6.30864e+113
6.47406e+113
6.79074e+113
7.07725e+113
6.13025e+113
-3.7964e+113
-3.75627e+114
-6.22293e+114
-6.22293e+114

-6.19248e+113
6.19248e+113
6.19249e+113
6.19249e+113
6.19249e+113
6.19251e+113
6.19256e+113
6.1927e+113
6.19308e+113
6.19412e+113
6.19687e+113
6.20411e+113
6.22269e+113
6.26776e+113
6.36425e+113
6.50469e+113
6.38745e+113
4.58883e+113
-5.8318e+113
-3.62699e+114
-5.86411e+114
-5.86411e+114

-6.19248e+113
6.19248e+113
6.19249e+113
6.19248e+113
6.19248e+113
6.19249e+113
6.19252e+113
6.19259e+113
6.19278e+113
6.19329e+113
6.19463e+113
6.19804e+113
6.20621e+113
6.22331e+113
6.24604e+113
6.20182e+113
5.67248e+113
3.07184e+113
-7.6971e+113
-3.49876e+114
-5.51198e+114
-5.51198e+114

-6.19248e+113
6.19248e+113
6.19248e+113
6.19248e+113
6.19248e+113
6.19248e+113
6.19248e+113
6.19247e+113
6.19247e+113
6.19244e+113
6.1923e+113
6.1917e+113
6.18906e+113
6.17731e+113
6.12494e+113
5.89653e+113
4.96779e+113
1.64995e+113
-9.32663e+113
-3.37873e+114
-5.18577e+114
-5.18577e+114

-6.19248e+113
6.19248e+113
6.19248e+113
6.19248e+113
6.19247e+113
6.19246e+113
6.19243e+113
6.19236e+113
6.19215e+113
6.19158e+113
6.18997e+113
6.18538e+113
6.172e+113
6.13177e+113
6.00621e+113
5.60186e+113
4.30259e+113
3.69285e+112
-1.0698e+114
-3.27103e+114
-4.89604e+114
-4.89604e+114

-6.19248e+113
6.19248e+113
6.19248e+113
6.19247e+113
6.19247e+113
6.19245e+113
6.19239e+113
6.19225e+113
6.19185e+113
6.19076e+113
6.18774e+113
6.17934e+113
6.15576e+113
6.08864e+113
5.89476e+113
5.32916e+113
3.69986e+113
-7.43032e+112
-1.18157e+114
-3.17778e+114
-4.64758e+114
-4.64758e+114

-6.19248e+113
6.19248e+113
6.19248e+113
6.19247e+113
6.19246e+113
6.19243e+113
6.19236e+113
6.19215e+113
6.19158e+113
6.19001e+113
6.18572e+113
6.17386e+113
6.14104e+113
6.04971e+113
5.79494e+113
5.08798e+113
3.1769e+113
-1.67313e+113
-1.2698e+114
-3.09991e+114
-4.44195e+114
-4.44195e+114

-6.19248e+113
6.19248e+113
6.19247e+113
6.19247e+113
6.19246e+113
6.19242e+113
6.19232e+113
6.19206e+113
6.19134e+113
6.18937e+113
6.18398e+113
6.16917e+113
6.12845e+113
6.01655e+113
5.71049e+113
4.88611e+113
2.74631e+113
-2.41561e+113
-1.3368e+114
-3.03773e+114
-4.27903e+114
-4.27903e+114

-6.19248e+113
6.19248e+113
6.19247e+113
6.19247e+113
6.19245e+113
6.19241e+113
6.1923e+113
6.19199e+113
6.19116e+113
6.18887e+113
6.1826e+113
6.16546e+113
6.11852e+113
5.99049e+113
5.64445e+113
4.72959e+113
2.41688e+113
-2.96989e+113
-1.38484e+114
-2.99128e+114
-4.15803e+114
-4.15803e+114

-6.19247e+113
6.19247e+113
6.19247e+113
6.19247e+113
6.19245e+113
6.1924e+113
6.19228e+113
6.19195e+113
6.19103e+113
6.18852e+113
6.18166e+113
6.16289e+113
6.11167e+113
5.97253e+113
5.59914e+113
4.62286e+113
2.19443e+113
-3.33755e+113
-1.41578e+114
-2.96044e+114
-4.07798e+114
-4.07798e+114

-6.19247e+113
6.19247e+113
6.19247e+113
6.19247e+113
6.19245e+113
6.1924e+113
6.19227e+113
6.19192e+113
6.19096e+113
6.18834e+113
6.18117e+113
6.16158e+113
6.10817e+113
5.96338e+113
5.5761e+113
4.5688e+113
2.08244e+113
-3.5207e+113
-1.43094e+114
-2.94514e+114
-4.03832e+114
-4.03832e+114

0
6.19247e+113
6.19247e+113
6.19247e+113
6.19245e+113
6.1924e+113
6.19227e+113
6.19192e+113
6.19096e+113
6.18834e+113
6.18117e+113
6.16158e+113
6.10817e+113
5.96338e+113
5.5761e+113
4.5688e+113
2.08244e+113
-3.5207e+113
-1.43094e+114
-2.94514e+114
-4.03832e+114
0


0
0
0
0
0
0
0
0
0
0
0
0
0
0
0
0
0
0
0
0
0
0

0
6.19249e+113
6.19251e+113
6.1925e+113
6.19251e+113
6.19255e+113
6.19268e+113
6.19303e+113
6.19398e+113
6.19654e+113
6.20349e+113
6.22216e+113
6.27188e+113
6.40198e+113
6.7291e+113
7.4738e+113
8.78243e+113
1.03129e+114
2.55369e+113
-4.06126e+114
-7.14549e+114
0

0
6.19249e+113
6.19251e+113
6.1925e+113
6.1925e+113
6.19255e+113
6.19267e+113
6.193e+113
6.19391e+113
6.19636e+113
6.203e+113
6.22082e+113
6.26822e+113
6.3919e+113
6.70127e+113
7.39799e+113
8.58873e+113
9.81102e+113
1.72639e+113
-4.03043e+114
-7.04046e+114
0

0
6.19249e+113
6.1925e+113
6.19249e+113
6.1925e+113
6.19254e+113
6.19265e+113
6.19296e+113
6.19378e+113
6.19601e+113
6.20204e+113
6.2182e+113
6.26107e+113
6.37226e+113
6.64722e+113
7.25162e+113
8.2184e+113
8.86846e+113
2.11472e+112
-3.97076e+114
-6.84029e+114
0

0
6.19249e+113
6.1925e+113
6.19249e+113
6.1925e+113
6.19253e+113
6.19263e+113
6.19289e+113
6.19359e+113
6.1955e+113
6.20065e+113
6.21443e+113
6.25075e+113
6.34404e+113
6.57006e+113
7.04473e+113
7.70159e+113
7.59767e+113
-1.71651e+113
-3.87559e+114
-6.55952e+114
0

0
6.19249e+113
6.1925e+113
6.19249e+113
6.19249e+113
6.19252e+113
6.1926e+113
6.1928e+113
6.19336e+113
6.19486e+113
6.1989e+113
6.20966e+113
6.23776e+113
6.30864e+113
6.47406e+113
6.79074e+113
7.07725e+113
6.13025e+113
-3.7964e+113
-3.75627e+114
-6.22293e+114
0

0
6.19248e+113
6.19249e+113
6.19249e+113
6.19249e+113
6.19251e+113
6.19256e+113
6.1927e+113
6.19308e+113
6.19412e+113
6.19687e+113
6.20411e+113
6.22269e+113
6.26776e+113
6.36425e+113
6.50469e+113
6.38745e+113
4.58883e+113
-5.8318e+113
-3.62699e+114
-5.86411e+114
0

0
6.19248e+113
6.19249e+113
6.19248e+113
6.19248e+113
6.19249e+113
6.19252e+113
6.19259e+113
6.19278e+113
6.19329e+113
6.19463e+113
6.19804e+113
6.20621e+113
6.22331e+113
6.24604e+113
6.20182e+113
5.67248e+113
3.07184e+113
-7.6971e+113
-3.49876e+114
-5.51198e+114
0

0
6.19248e+113
6.19248e+113
6.19248e+113
6.19248e+113
6.19248e+113
6.19248e+113
6.19247e+113
6.19247e+113
6.19244e+113
6.1923e+113
6.1917e+113
6.18906e+113
6.17731e+113
6.12494e+113
5.89653e+113
4.96779e+113
1.64995e+113
-9.32663e+113
-3.37873e+114
-5.18577e+114
0

0
6.19248e+113
6.19248e+113
6.19248e+113
6.19247e+113
6.19246e+113
6.19243e+113
6.19236e+113
6.19215e+113
6.19158e+113
6.18997e+113
6.18538e+113
6.172e+113
6.13177e+113
6.00621e+113
5.60186e+113
4.30259e+113
3.69285e+112
-1.0698e+114
-3.27103e+114
-4.89604e+114
0

0
6.19248e+113
6.19248e+113
6.19247e+113
6.19247e+113
6.19245e+113
6.19239e+113
6.19225e+113
6.19185e+113
6.19076e+113
6.18774e+113
6.17934e+113
6.15576e+113
6.08864e+113
5.89476e+113
5.32916e+113
3.69986e+113
-7.43032e+112
-1.18157e+114
-3.17778e+114
-4.64758e+114
0

0
6.19248e+113
6.19248e+113
6.19247e+113
6.19246e+113
6.19243e+113
6.19236e+113
6.19215e+113
6.19158e+113
6.19001e+113
6.18572e+113
6.17386e+113
6.14104e+113
6.04971e+113
5.79494e+113
5.08798e+113
3.1769e+113
-1.67313e+113
-1.2698e+114
-3.09991e+114
-4.44195e+114
0

0
6.19248e+113
6.19247e+113
6.19247e+113
6.19246e+113
6.19242e+113
6.19232e+113
6.19206e+113
6.19134e+113
6.18937e+113
6.18398e+113
6.16917e+113
6.12845e+113
6.01655e+113
5.71049e+113
4.88611e+113
2.74631e+113
-2.41561e+113
-1.3368e+114
-3.03773e+114
-4.27903e+114
0

0
6.19248e+113
6.19247e+113
6.19247e+113
6.19245e+113
6.19241e+113
6.1923e+113
6.19199e+113
6.19116e+113
6.18887e+113
6.1826e+113
6.16546e+113
6.11852e+113
5.99049e+113
5.64445e+113
4.72959e+113
2.41688e+113
-2.96989e+113
-1.38484e+114
-2.99128e+114
-4.15803e+114
0

0
6.19247e+113
6.19247e+113
6.19247e+113
6.19245e+113
6.1924e+113
6.19228e+113
6.19195e+113
6.19103e+113
6.18852e+113
6.18166e+113
6.16289e+113
6.11167e+113
5.97253e+113
5.59914e+113
4.62286e+113
2.19443e+113
-3.33755e+113
-1.41578e+114
-2.96044e+114
-4.07798e+114
0

0
6.19247e+113
6.19247e+113
6.19247e+113
6.19245e+113
6.1924e+113
6.19227e+113
6.19192e+113
6.19096e+113
6.18834e+113
6.18117e+113
6.16158e+113
6.10817e+113
5.96338e+113
5.5761e+113
4.5688e+113
2.08244e+113
-3.5207e+113
-1.43094e+114
-2.94514e+114
-4.03832e+114
0

0
0
0
0
0
0
0
0
0
0
0
0
0
0
0
0
0
0
0
0
0
0


