0
0
0
0
0
0
0
0
0
0
0
0
0
0
0
0
0
0
0
0
0
0

0
0
0
0
0
0
0
0
0
0
0
0
0
0
0
0
0
0
0
0
0
0

0
0
0
0
0
0
0
0
0
0
0
0
0
0
0
0
0
0
0
0
0
0

0
0
0
0
0
0
0
0
0
0
0
0
0
0
0
0
0
0
0
0
0
0

0
0
0
0
0
0
0
0
0
0
0
0
0
0
0
0
0
0
0
0
0
0

0
0
0
0
0
0
0
0
0
0
0
0
0
0
0
0
0
0
0
0
0
0

0
0
0
0
0
0
0
0
0
0
0
0
0
0
0
0
0
0
0
0
0
0

0
0
0
0
0
0
0
0
0
0
0
0
0
0
0
0
0
0
0
0
0
0

0
0
0
0
0
0
0
0
0
0
0
0
0
0
0
0
0
0
0
0
0
0

0
0
0
0
0
0
0
0
0
0
0
0
0
0
0
0
0
0
0
0
0
0

0
0
0
0
0
0
0
0
0
0
0
0
0
0
0
0
0
0
0
0
0
0

0
0
0
0
0
0
0
0
0
0
0
0
0
0
0
0
0
0
0
0
0
0

0
0
0
0
0
0
0
0
0
0
0
0
0
0
0
0
0
0
0
0
0
0

0
0
0
0
0
0
0
0
0
0
0
0
0
0
0
0
0
0
0
0
0
0

0
0
0
0
0
0
0
0
0
0
0
0
0
0
0
0
0
0
0
0
0
0

0
0
0
0
0
0
0
0
0
0
0
0
0
0
0
0
0
0
0
0
0
0

0
0
0
0
0
0
0
0
0
0
0
0
0
0
0
0
0
0
0
0
0
0


0
0
0
0
0
0
0
0
0
0
0
0
0
0
0
0
0
0
0
0
0
0

0
1.10496e+214
-3.35814e+217
1.12308e+214
1.67017e+211
4.6238e+210
1.50573e+212
1.01393e+213
7.63934e+213
5.79251e+214
-1.26731e+215
4.20523e+216
3.15924e+217
3.07147e+218
-2.54611e+219
3.17914e+220
-1.6032e+220
-9.48836e+221
3.26374e+221
6.33248e+222
3.10956e+223
0

0
1.79396e+213
3.38567e+217
1.82174e+213
1.35024e+211
3.10616e+211
2.24407e+212
1.67769e+213
1.27469e+214
9.67872e+214
7.70683e+215
6.18619e+216
5.46235e+217
5.38719e+218
5.44757e+219
-9.86243e+218
5.29216e+219
-3.19706e+222
-2.55197e+223
2.31e+223
-4.07762e+223
0

0
4.4167e+212
7.33235e+214
4.32149e+212
1.77472e+211
3.75239e+211
2.74358e+212
2.05489e+213
1.54392e+214
3.77876e+215
9.21378e+215
7.68573e+216
-1.88847e+218
9.141e+218
6.39407e+219
-3.72365e+219
5.54463e+221
-4.67105e+222
-3.49162e+223
1.71177e+223
-2.7988e+223
0

0
1.39152e+212
1.21718e+214
1.23493e+212
1.42583e+211
3.92646e+211
2.77466e+212
2.08254e+213
-2.47069e+214
3.47765e+215
9.9887e+215
7.91354e+216
-2.36562e+218
2.3288e+219
6.00841e+219
2.49534e+220
-8.77084e+220
-2.60854e+222
-2.5762e+223
1.33561e+223
6.82125e+222
0

0
5.04996e+211
2.3691e+213
4.05368e+211
-1.03903e+211
3.12944e+211
2.33411e+212
1.75805e+213
1.34117e+214
-3.77233e+215
8.30496e+215
1.68716e+217
-8.28304e+217
1.46802e+219
4.99558e+219
2.52898e+220
1.5541e+221
-6.00488e+221
-2.14845e+222
1.52341e+223
1.04808e+223
0

0
2.00664e+211
5.37916e+212
1.30422e+211
1.79125e+210
1.97807e+211
1.49992e+212
1.1395e+213
8.81459e+213
7.07858e+214
5.71043e+215
1.57634e+217
2.97925e+217
-1.86972e+219
3.41021e+219
2.04831e+220
1.05369e+221
6.44313e+221
4.52091e+222
1.2082e+223
1.84154e+223
0

0
8.46014e+210
1.39305e+212
3.7221e+210
-2.12711e+211
2.57421e+211
4.17652e+211
6.6947e+213
-3.53608e+213
2.70348e+214
2.31819e+215
2.2462e+216
1.80404e+218
2.19982e+218
1.948e+219
1.34234e+220
1.05575e+221
1.01181e+222
1.01524e+223
8.78957e+222
1.71264e+223
0

0
3.69445e+210
3.98318e+211
1.56761e+209
-2.099e+211
1.61536e+211
-1.76229e+211
5.78031e+213
-6.53479e+213
-5.26059e+213
3.42525e+215
6.45195e+215
8.75576e+217
1.25732e+218
1.20837e+219
1.29702e+220
1.05279e+221
1.17639e+222
6.12047e+222
4.24247e+222
1.30858e+223
0

0
1.63852e+210
1.57245e+211
6.23863e+210
-1.51149e+210
-2.30695e+210
-1.18491e+211
-7.16622e+211
-3.3734e+212
-1.73112e+212
3.1895e+215
2.1301e+215
-2.27406e+218
1.21423e+218
1.09248e+219
1.15378e+220
9.33482e+220
7.76274e+221
-2.34104e+222
4.11739e+222
9.25589e+222
0

0
5.15318e+209
-6.08841e+210
1.52397e+211
-1.20678e+210
-1.14122e+210
-3.32161e+210
-9.42643e+210
1.04819e+212
2.84555e+213
4.48852e+214
6.0489e+215
-2.84259e+218
8.94508e+217
9.96932e+218
9.82097e+219
7.70926e+220
5.18368e+221
1.79692e+222
2.79052e+222
6.34407e+222
0

0
3.17882e+209
7.41902e+210
-2.42479e+211
-8.16163e+209
2.46155e+209
6.42092e+210
6.62382e+211
3.17703e+214
6.23136e+213
1.88068e+216
-6.85766e+216
-2.35982e+218
1.45021e+218
8.70469e+218
8.06573e+219
5.99632e+220
3.78652e+221
1.1058e+222
1.86151e+222
4.24969e+222
0

0
1.36311e+209
3.01527e+209
-6.15308e+209
-4.30146e+209
1.5929e+210
-2.19146e+213
1.80814e+213
7.77986e+214
2.77561e+214
7.01618e+215
6.36686e+213
4.9149e+218
7.67417e+217
7.36155e+218
6.35437e+219
3.7564e+220
2.35481e+221
6.83659e+221
1.20564e+222
2.72104e+222
0

0
5.71475e+208
5.45302e+208
1.20802e+209
-7.67831e+208
-9.81045e+211
-2.24811e+213
9.89027e+212
2.82951e+214
-4.59403e+214
-1.64153e+216
8.26094e+215
5.64121e+216
6.67126e+217
5.89275e+218
4.69519e+219
2.14982e+220
1.09617e+221
4.1268e+221
7.20832e+221
1.64123e+222
0

0
2.0495e+208
3.71821e+207
1.44652e+208
-8.70126e+209
-4.99082e+210
3.71777e+213
-2.58987e+212
-1.86945e+213
-1.32731e+214
-9.18097e+214
-6.07408e+215
-3.68613e+216
-1.87736e+217
-5.59661e+217
3.18268e+219
1.097e+219
-2.16285e+221
2.61621e+221
2.47624e+221
4.62008e+221
0

0
-2.59992e+104
-1.89584e+104
1.68841e+105
5.79528e+105
1.62161e+106
4.43421e+106
1.20928e+107
3.29637e+107
8.9824e+107
2.44569e+108
6.64496e+108
1.79587e+109
4.79132e+109
1.24267e+110
3.03897e+110
6.72119e+110
2.02618e+111
1.10554e+111
-9.43865e+110
-2.50804e+111
0

0
0
0
0
0
0
0
0
0
0
0
0
0
0
0
0
0
0
0
0
0
0


0
0
0
0
0
0
0
0
0
0
0
0
0
0
0
0
0
0
0
0
0
0

0
4.94537e+213
-2.64744e+215
4.73608e+213
4.73783e+210
1.92624e+211
1.35443e+212
1.00508e+213
7.51471e+213
5.66343e+214
4.33536e+215
3.43303e+216
2.92596e+217
2.82537e+218
2.50953e+219
1.7845e+220
3.32645e+221
1.56935e+221
1.01201e+223
-3.54599e+222
5.02474e+222
0

0
-9.5438e+211
3.04216e+215
-8.19604e+211
7.57617e+210
3.11399e+211
2.23651e+212
1.66718e+213
1.25333e+214
9.52593e+214
7.38776e+215
5.96028e+216
5.20074e+217
5.25652e+218
6.3874e+219
1.87301e+220
7.78827e+221
3.55472e+222
6.42019e+223
7.83072e+223
4.68432e+223
0

0
-1.04478e+211
-1.10682e+214
-6.82452e+210
7.6689e+210
3.75946e+211
2.73486e+212
2.04338e+213
1.54062e+214
1.17599e+215
9.17343e+215
7.44763e+216
6.50268e+217
6.43776e+218
7.10458e+219
8.46436e+219
5.7262e+221
-9.3288e+222
-1.34228e+224
4.69595e+222
-6.14064e+223
0

0
1.96699e+211
-1.48021e+213
1.7857e+211
6.22212e+210
3.76136e+211
2.7653e+212
2.07072e+213
1.56606e+214
1.20071e+215
9.41762e+215
7.68032e+216
6.67968e+217
6.37695e+218
6.29674e+219
2.24425e+220
2.30558e+221
-2.72687e+222
-6.72051e+223
2.57163e+223
-3.91444e+223
0

0
1.69848e+211
1.67447e+212
1.23846e+211
4.14116e+210
3.12799e+211
2.32466e+212
1.74661e+213
1.32781e+214
1.02569e+215
8.12091e+215
6.68194e+216
5.81678e+217
5.38371e+218
4.92993e+219
2.68177e+220
1.75566e+221
-6.43398e+221
-3.84897e+222
1.95129e+223
2.48621e+223
0

0
1.01767e+211
1.42587e+212
5.82023e+210
1.80345e+210
1.97223e+211
1.49091e+212
1.12903e+213
8.69416e+213
6.84365e+214
5.55226e+215
4.69294e+216
4.16934e+217
3.84085e+218
3.39742e+219
2.22176e+220
1.24353e+221
9.5434e+221
5.06922e+222
1.32163e+223
2.75964e+223
0

0
5.40339e+210
6.14093e+211
1.5731e+210
-5.71378e+209
4.93364e+210
4.09551e+211
3.2633e+212
2.72135e+213
2.38305e+214
2.19218e+215
2.11039e+216
2.10187e+217
2.09686e+218
1.93276e+219
1.47119e+220
1.22552e+221
1.24831e+222
6.19906e+222
9.16012e+222
1.97431e+223
0

0
2.70801e+210
2.30495e+211
-6.58939e+209
-1.84461e+210
-3.10251e+210
-1.80444e+211
-1.18528e+212
-6.86106e+212
-2.70965e+213
8.42948e+213
4.03354e+215
7.054e+216
1.00797e+218
1.27994e+219
1.41397e+220
1.1836e+221
1.09326e+222
4.54358e+222
6.1923e+222
1.37476e+223
0

0
1.30528e+210
8.15743e+210
-1.22996e+210
-1.59025e+210
-2.38547e+210
-1.21423e+211
-7.43969e+211
-3.6509e+212
-4.43716e+212
2.34533e+214
4.88133e+215
7.28822e+216
9.66769e+217
1.17098e+219
1.24494e+220
1.03014e+221
8.37173e+221
2.98061e+222
4.16782e+222
9.48207e+222
0

0
6.06638e+209
2.72449e+210
-1.17091e+210
-1.27748e+210
-1.20697e+210
-3.48098e+210
-1.06277e+211
9.44743e+211
2.76865e+213
4.46093e+214
6.0884e+215
7.71774e+216
9.29141e+217
1.0525e+219
1.05545e+220
8.41721e+220
6.05733e+221
1.90273e+222
2.79457e+222
6.44843e+222
0

0
2.70757e+209
8.40217e+209
-9.58552e+209
-8.77337e+209
1.95947e+209
6.39393e+210
6.1424e+211
6.09577e+212
6.3261e+213
6.7598e+214
7.3594e+215
8.11274e+216
8.83005e+217
9.25256e+218
8.66386e+219
6.5533e+220
4.21012e+221
1.15841e+222
1.85772e+222
4.30363e+222
0

0
1.15389e+209
2.05478e+209
-6.8314e+209
-4.72677e+209
1.55809e+210
1.57045e+211
1.28717e+212
1.08459e+213
9.53447e+213
8.7463e+214
8.35267e+215
8.21842e+216
8.15581e+217
7.87532e+218
6.85528e+219
4.89026e+220
2.91157e+221
6.9679e+221
1.20126e+222
2.77359e+222
0

0
4.68206e+208
1.67384e+208
-4.27935e+209
-1.22059e+209
2.63079e+210
2.27517e+211
1.7881e+212
1.4284e+213
1.17361e+214
9.95569e+214
8.72634e+215
7.85011e+216
7.17444e+217
6.37365e+218
5.1577e+219
3.54847e+220
2.11254e+221
3.90932e+221
7.18575e+221
1.64347e+222
0

0
1.6845e+208
-1.86114e+208
-3.15971e+209
-9.21044e+209
-5.00941e+210
-3.52551e+211
-2.54957e+212
-1.82419e+213
-1.27758e+214
-8.64165e+214
-5.50274e+215
-3.11273e+216
-1.31631e+217
-5.61174e+216
7.33483e+218
1.51189e+220
7.54223e+220
1.08921e+221
2.99747e+221
4.82548e+221
0

0
-1.85626e+104
-6.00961e+103
1.74665e+105
5.81248e+105
1.62201e+106
4.43418e+106
1.20922e+107
3.29601e+107
8.98058e+107
2.44476e+108
6.64029e+108
1.79356e+109
4.78116e+109
1.23815e+110
3.01933e+110
6.39608e+110
6.80204e+110
1.1335e+111
-9.28413e+110
-2.48748e+111
0

0
0
0
0
0
0
0
0
0
0
0
0
0
0
0
0
0
0
0
0
0
0


0
0
0
0
0
0
0
0
0
0
0
0
0
0
0
0
0
0
0
0
0
0

0
2.87301e+213
-8.25731e+214
2.76001e+213
4.23059e+210
1.92388e+211
1.34743e+212
9.95592e+212
7.39995e+213
5.5238e+214
4.16344e+215
3.21923e+216
2.66185e+217
2.4546e+218
-1.22215e+218
2.02719e+219
3.36852e+220
-2.2568e+223
-3.72482e+224
-7.34939e+223
3.54464e+223
0

0
3.77107e+212
7.93543e+214
3.47093e+212
6.07624e+210
3.10542e+211
2.2263e+212
1.65411e+213
1.23755e+214
9.33413e+214
7.15176e+215
5.66928e+216
4.86673e+217
5.17532e+218
1.01119e+220
8.01086e+220
1.89907e+222
7.1488e+223
7.32348e+224
6.3463e+223
4.36487e+224
0

0
1.09542e+211
8.74283e+213
1.10545e+211
6.79206e+210
3.7529e+211
2.72216e+212
2.02758e+213
1.52167e+214
1.15308e+215
8.89352e+215
7.10543e+216
6.11652e+217
6.26416e+218
9.05834e+219
-7.70095e+220
9.75361e+221
-5.54273e+223
-2.43617e+224
6.93559e+223
-4.92763e+224
0

0
-1.23238e+211
-4.45988e+211
-7.15887e+210
6.08437e+210
3.75784e+211
2.75095e+212
2.0532e+213
1.54522e+214
1.17576e+215
9.11653e+215
7.31738e+216
6.26893e+217
6.07972e+218
6.98518e+219
3.31403e+220
1.86012e+220
4.0516e+222
-2.23669e+224
2.56648e+223
7.7212e+223
0

0
-3.38804e+210
-2.53082e+212
-2.4602e+210
4.37735e+210
3.12571e+211
2.30951e+212
1.72841e+213
1.30639e+214
1.0004e+215
7.82101e+215
6.32775e+216
5.4161e+217
5.04219e+218
5.05992e+219
3.84405e+220
2.03167e+221
6.50834e+221
1.10387e+222
2.63675e+223
6.35885e+223
0

0
3.59057e+209
-6.56792e+211
-8.71687e+209
2.13386e+210
1.96964e+211
1.4758e+212
1.11116e+213
8.48665e+213
6.60239e+214
5.27238e+215
4.37117e+216
3.81315e+217
3.51724e+218
3.32216e+219
2.78821e+220
1.8119e+221
1.90449e+222
1.50596e+223
1.60846e+223
3.63625e+223
0

0
1.00962e+210
-7.37428e+210
-1.05368e+210
-2.75314e+209
4.89927e+210
3.95235e+211
3.09651e+212
2.53073e+213
2.16581e+214
1.94613e+215
1.83677e+216
1.81014e+217
1.82684e+218
1.81162e+219
1.73674e+220
1.59989e+221
1.80237e+222
8.9356e+222
1.00325e+223
2.26855e+223
0

0
7.88285e+209
1.59915e+210
-1.51487e+210
-1.56595e+210
-3.11542e+210
-1.88392e+211
-1.27581e+212
-7.87192e+212
-3.82751e+213
-3.75006e+213
2.74523e+215
5.78976e+216
9.01935e+217
1.24733e+219
1.53138e+220
1.37378e+221
1.3567e+222
5.62126e+222
6.43705e+222
1.46877e+223
0

0
4.62789e+209
1.34959e+210
-1.42298e+210
-1.44221e+210
-2.39145e+210
-1.27953e+211
-8.17794e+211
-4.46296e+212
-1.32351e+213
1.41288e+214
3.92968e+215
6.39815e+216
8.95244e+217
1.14453e+219
1.29374e+220
1.12174e+221
9.54197e+221
3.39547e+222
4.20144e+222
9.72078e+222
0

0
2.29629e+209
5.35077e+209
-1.21897e+210
-1.17021e+210
-1.20867e+210
-3.9754e+210
-1.61737e+211
3.45171e+211
2.13355e+213
3.8079e+214
5.45066e+215
7.14068e+216
8.86771e+217
1.0378e+219
1.07875e+220
8.87191e+220
6.54345e+221
2.02414e+222
2.77342e+222
6.47214e+222
0

0
9.71228e+208
1.15346e+209
-9.48638e+209
-8.06137e+209
1.97467e+209
6.0671e+210
5.7804e+211
5.71205e+212
5.93086e+213
6.36906e+214
6.99848e+215
7.79705e+216
8.63938e+217
9.2229e+218
8.8183e+219
6.81279e+220
4.42141e+221
1.20019e+222
1.83034e+222
4.27705e+222
0

0
3.29274e+208
-6.83693e+208
-6.69123e+209
-4.31077e+209
1.56166e+210
1.55477e+211
1.27047e+212
1.06756e+213
9.36936e+213
8.59732e+214
8.22774e+215
8.13757e+216
8.15013e+217
7.94517e+218
6.99652e+219
5.06572e+220
2.95071e+221
7.06647e+221
1.17991e+222
2.74578e+222
0

0
5.69881e+207
-1.01305e+209
-4.24881e+209
-1.06052e+209
2.63423e+210
2.27621e+211
1.79065e+212
1.43222e+213
1.179e+214
1.00292e+215
8.82411e+215
7.98516e+216
7.31903e+217
6.52838e+218
5.29734e+219
3.62383e+220
1.8816e+221
3.93853e+221
7.04694e+221
1.62789e+222
0

0
-4.21642e+207
-7.73328e+208
-3.41454e+209
-9.41957e+209
-5.01709e+210
-3.5082e+211
-2.52733e+212
-1.79887e+213
-1.24932e+214
-8.33022e+214
-5.16583e+215
-2.76237e+216
-9.72088e+216
2.48106e+217
8.96294e+218
1.1733e+220
6.21855e+220
1.37221e+221
2.92117e+221
4.92964e+221
0

0
-4.96056e+103
1.71891e+104
1.85285e+105
5.84431e+105
1.62275e+106
4.43412e+106
1.20909e+107
3.29535e+107
8.97711e+107
2.44298e+108
6.63139e+108
1.78926e+109
4.76177e+109
1.23007e+110
2.99073e+110
6.41977e+110
9.19661e+110
1.07817e+111
-9.14053e+110
-2.44253e+111
0

0
0
0
0
0
0
0
0
0
0
0
0
0
0
0
0
0
0
0
0
0
0


0
0
0
0
0
0
0
0
0
0
0
0
0
0
0
0
0
0
0
0
0
0

0
5.67552e+212
-1.3954e+214
5.31063e+212
4.16289e+210
1.91244e+211
1.34011e+212
9.86397e+212
7.28849e+213
5.38735e+214
3.99362e+215
3.0033e+216
2.37615e+217
1.82481e+218
-1.65377e+220
5.54855e+221
-3.36408e+222
-5.43279e+224
7.66112e+224
3.34349e+224
-9.74786e+224
0

0
2.29982e+212
8.56301e+213
2.09765e+212
5.68196e+210
3.08581e+211
2.21449e+212
1.63976e+213
1.22021e+214
9.12213e+214
6.88851e+215
5.33723e+216
4.45617e+217
5.04303e+218
2.71459e+220
-1.06097e+222
2.19754e+223
3.99672e+224
-2.22286e+225
-3.24078e+225
-1.30753e+225
0

0
5.57131e+211
4.17195e+213
5.12985e+211
6.4573e+210
3.73385e+211
2.70674e+212
2.00905e+213
1.49939e+214
1.12602e+215
8.56039e+215
6.6902e+216
5.60887e+217
5.85509e+218
1.23376e+220
4.17288e+221
5.19583e+222
1.7493e+224
9.00927e+224
-9.18321e+222
1.11578e+225
0

0
6.28868e+210
8.60656e+212
8.18252e+210
6.08138e+210
3.74401e+211
2.73297e+212
2.03169e+213
1.51957e+214
1.14491e+215
8.74166e+215
6.85801e+216
5.71494e+217
5.52354e+218
7.49523e+219
1.39004e+221
2.56078e+222
2.18075e+223
9.19292e+224
7.6683e+223
1.36695e+224
0

0
-2.44978e+210
7.36042e+211
8.5317e+207
4.66119e+210
3.11745e+211
2.29007e+212
1.70525e+213
1.27904e+214
9.67938e+214
7.43318e+215
5.86286e+216
4.8678e+217
4.46884e+218
4.88355e+219
6.4523e+220
8.90192e+221
1.52372e+223
1.23324e+224
2.56075e+223
7.12324e+223
0

0
-2.20629e+210
-2.30813e+211
-9.72417e+209
2.55328e+210
1.9654e+211
1.45599e+212
1.08765e+213
8.2125e+213
6.282e+214
4.89733e+215
3.93343e+216
3.31275e+217
2.9992e+218
2.997e+219
3.41161e+220
3.65918e+221
6.13899e+222
5.00116e+223
1.92722e+223
4.14056e+223
0

0
-1.12477e+210
-1.56554e+211
-1.24183e+210
1.57739e+209
4.87991e+210
3.76022e+211
2.86984e+212
2.27015e+213
1.86676e+214
1.60411e+215
1.44962e+216
1.38412e+217
1.39805e+218
1.50244e+219
1.93535e+220
2.14972e+221
2.99109e+222
1.9585e+223
1.07896e+223
2.46094e+223
0

0
-4.96045e+209
-6.37202e+210
-1.41326e+210
-1.17292e+210
-3.08069e+210
-1.99351e+211
-1.40519e+212
-9.33535e+212
-5.47175e+213
-2.20619e+214
7.40208e+214
3.67543e+216
6.97514e+217
1.10138e+219
1.53531e+220
1.52499e+221
1.69615e+222
8.36097e+222
6.50306e+222
1.51003e+223
0

0
-2.34374e+209
-2.446e+210
-1.24908e+210
-1.13634e+210
-2.34347e+210
-1.37489e+211
-9.30954e+211
-5.72929e+212
-2.72543e+213
-1.19041e+213
2.29164e+215
4.71775e+216
7.36038e+217
1.02326e+219
1.24927e+220
1.1504e+221
1.04837e+222
4.05127e+222
4.1283e+222
9.63482e+222
0

0
-1.35556e+209
-1.07074e+210
-1.04335e+210
-9.28629e+209
-1.15887e+210
-4.76007e+210
-2.55238e+211
-6.90273e+211
1.0036e+213
2.59575e+214
4.18409e+215
5.87023e+216
7.69409e+217
9.46078e+218
1.03034e+220
8.80116e+220
6.74546e+221
2.15923e+222
2.69313e+222
6.30038e+222
0

0
-9.35223e+208
-5.75198e+209
-8.04436e+209
-6.28233e+209
2.42631e+209
5.46952e+210
5.06563e+211
4.92797e+212
5.08654e+213
5.47866e+214
6.08688e+215
6.90025e+216
7.83204e+217
8.58715e+218
8.43545e+219
6.66866e+220
4.39805e+221
1.2171e+222
1.76953e+222
4.13493e+222
0

0
-6.84945e+208
-3.51447e+209
-5.70276e+209
-3.10101e+209
1.59854e+210
1.51481e+211
1.22247e+212
1.01535e+213
8.8138e+213
8.02011e+214
7.64586e+215
7.57894e+216
7.65506e+217
7.5537e+218
6.74129e+219
4.92617e+220
2.83908e+221
7.00426e+221
1.13968e+222
2.6511e+222
0

0
-4.96494e+208
-2.20325e+209
-3.6954e+209
-3.51547e+208
2.66039e+210
2.25656e+211
1.76688e+212
1.40662e+213
1.15208e+214
9.75341e+214
8.55144e+215
7.73113e+216
7.09198e+217
6.34534e+218
5.15894e+219
3.48037e+220
1.73229e+221
3.89467e+221
6.81019e+221
1.57489e+222
0

0
-3.62503e+208
-1.41728e+209
-3.42358e+209
-9.32378e+209
-5.01403e+210
-3.50724e+211
-2.52537e+212
-1.79596e+213
-1.24529e+214
-8.27582e+214
-5.09494e+215
-2.67525e+216
-8.75201e+216
3.40612e+217
9.41343e+218
9.97487e+219
5.56265e+220
1.48218e+221
2.83137e+221
4.8808e+221
0

0
1.26576e+104
4.62687e+104
1.98972e+105
5.88633e+105
1.62374e+106
4.43403e+106
1.20892e+107
3.29443e+107
8.97232e+107
2.44052e+108
6.61909e+108
1.78333e+109
4.73485e+109
1.21891e+110
2.95096e+110
6.34515e+110
1.04028e+111
1.0356e+111
-8.94162e+110
-2.37757e+111
0

0
0
0
0
0
0
0
0
0
0
0
0
0
0
0
0
0
0
0
0
0
0


0
0
0
0
0
1
0
0
0
0
0
0
0
0
0
0
0
0
0
0
0
0

0
1.28956e+212
-2.82972e+213
1.15127e+212
3.74473e+210
1.89393e+211
1.33326e+212
9.78394e+212
7.19125e+213
5.26738e+214
3.84229e+215
2.80539e+216
2.10357e+217
1.64263e+218
-1.30359e+219
7.55576e+219
-2.01962e+221
-7.12972e+222
-1.08657e+224
-5.56008e+223
-2.44972e+224
0

0
9.27797e+211
6.51084e+212
8.13566e+211
5.19995e+210
3.05883e+211
2.20228e+212
1.62555e+213
1.203e+214
8.91061e+214
6.62321e+215
4.99325e+216
3.97021e+217
3.8908e+218
7.5927e+219
-1.56262e+221
1.62903e+222
-3.58246e+223
-2.19002e+224
-4.11953e+223
-1.12196e+224
0

0
4.17264e+211
1.15741e+213
3.70779e+211
6.05798e+210
3.70566e+211
2.69011e+212
1.9896e+213
1.47598e+214
1.09746e+215
8.20594e+215
6.23823e+216
4.99634e+217
4.75967e+218
6.95577e+219
3.72533e+220
-2.48895e+221
2.40435e+223
-4.04339e+223
1.37103e+224
4.18487e+224
0

0
1.38293e+211
5.19542e+212
1.38741e+211
5.93338e+210
3.72064e+211
2.71308e+212
2.0083e+213
1.49164e+214
1.1112e+215
8.32907e+215
6.34333e+216
5.04987e+217
4.55549e+218
5.30837e+219
5.73802e+220
2.93078e+221
5.12033e+222
1.73991e+224
9.55048e+223
1.12926e+224
0

0
2.95114e+210
1.47149e+212
4.65681e+210
4.7878e+210
3.10143e+211
2.26819e+212
1.67938e+213
1.24845e+214
9.31495e+214
6.99506e+215
5.33024e+216
4.21053e+217
3.63073e+218
3.67774e+219
4.13977e+220
3.36885e+221
5.54576e+222
8.0807e+223
3.4628e+223
4.40987e+223
0

0
-2.30709e+209
2.77002e+211
1.30615e+210
2.87124e+210
1.95638e+211
1.43333e+212
1.0608e+213
7.89863e+213
5.91385e+214
4.46377e+215
3.42131e+216
2.70853e+217
2.29584e+218
2.20093e+219
2.49335e+220
2.20524e+221
3.93989e+222
3.28421e+223
1.7522e+223
2.81874e+223
0

0
-7.76685e+209
9.22448e+209
-4.98424e+208
5.61921e+209
4.84285e+210
3.53713e+211
2.60548e+212
1.9652e+213
1.51534e+214
1.19967e+215
9.86573e+215
8.61623e+216
8.30762e+217
9.39668e+218
1.5888e+220
1.72889e+221
2.46916e+222
1.52923e+223
9.99674e+222
1.94853e+223
0

0
-6.54938e+209
-2.52277e+210
-6.07033e+209
-7.69066e+209
-3.02838e+210
-2.12315e+211
-1.56074e+212
-1.11076e+213
-7.48079e+213
-4.47164e+214
-1.78993e+215
9.02804e+215
4.04851e+217
8.1541e+218
1.28296e+220
1.32275e+221
1.534e+222
7.43077e+222
6.06621e+222
1.31179e+223
0

0
-4.54133e+209
-1.91195e+210
-7.06844e+209
-7.62421e+209
-2.26696e+210
-1.49152e+211
-1.07234e+212
-7.32546e+212
-4.51145e+213
-2.09957e+214
1.26439e+214
2.40765e+216
4.99881e+217
8.00639e+218
1.0644e+220
1.02332e+221
9.71247e+221
3.7858e+222
3.86044e+222
8.72169e+222
0

0
-2.95643e+209
-1.15405e+210
-6.57228e+209
-6.14357e+209
-1.07706e+210
-5.76245e+210
-3.77623e+211
-2.05969e+212
-5.09666e+212
9.44425e+213
2.41491e+215
4.02723e+216
5.86426e+217
7.78434e+218
8.95681e+219
7.92589e+220
6.26635e+221
2.03854e+222
2.52825e+222
5.80624e+222
0

0
-1.92483e+209
-6.81994e+209
-5.35414e+209
-3.83417e+209
3.17482e+209
4.65666e+210
4.0681e+211
3.82063e+212
3.87653e+213
4.17718e+214
4.71726e+215
5.50333e+216
6.48014e+217
7.37816e+218
7.48677e+219
6.06277e+220
4.07462e+221
1.14981e+222
1.66924e+222
3.84973e+222
0

0
-1.25805e+209
-4.10298e+209
-3.92987e+209
-1.33848e+209
1.65935e+210
1.4543e+211
1.14789e+212
9.33091e+212
7.923e+213
7.07297e+214
6.6631e+215
6.5947e+216
6.7201e+217
6.73265e+218
6.10519e+219
4.51369e+220
2.61819e+221
6.62616e+221
1.08013e+222
2.48689e+222
0

0
-8.33627e+208
-2.50886e+209
-2.64734e+209
7.75452e+208
2.70347e+210
2.21803e+211
1.71912e+212
1.35416e+213
1.09558e+214
9.15674e+214
7.93771e+215
7.12323e+216
6.51851e+217
5.84488e+218
4.76753e+219
3.20514e+220
1.60216e+221
3.70721e+221
6.47946e+221
1.48652e+222
0

0
-6.1977e+208
-1.78115e+209
-3.16128e+209
-8.95459e+209
-5.00193e+210
-3.52281e+211
-2.54387e+212
-1.81573e+213
-1.26586e+214
-8.48318e+214
-5.29531e+215
-2.8583e+216
-1.03175e+217
2.16619e+217
8.42462e+218
8.80785e+219
5.24733e+220
1.45816e+221
2.70648e+221
4.68031e+221
0

0
3.18373e+104
7.66129e+104
2.13778e+105
5.93319e+105
1.62487e+106
4.43391e+106
1.20873e+107
3.29336e+107
8.96669e+107
2.43763e+108
6.60456e+108
1.77631e+109
4.70285e+109
1.20556e+110
2.90258e+110
6.2166e+110
1.05129e+111
9.86209e+110
-8.69145e+110
-2.2977e+111
0

0
0
0
0
0
0
0
0
0
0
0
0
0
0
0
0
0
0
0
0
0
0


0
0
0
0
0
0
0
0
0
0
0
0
0
0
0
0
0
0
0
0
0
0

0
3.34157e+211
-6.85892e+212
2.7258e+211
3.27693e+210
1.87134e+211
1.32762e+212
9.7237e+212
7.11775e+213
5.17562e+214
3.72432e+215
2.64556e+216
1.8654e+217
1.30345e+218
2.37608e+218
-2.04305e+220
-2.70812e+219
-6.32666e+222
-7.76203e+223
2.65915e+223
-5.24666e+223
0

0
3.39895e+211
-8.75303e+211
2.75174e+211
4.669e+210
3.02813e+211
2.19093e+212
1.61285e+213
1.1876e+214
8.72026e+214
6.3819e+215
4.67289e+216
3.49399e+217
2.87633e+218
2.81409e+219
-4.40548e+220
4.20349e+221
-1.07974e+223
-9.08646e+223
-3.70867e+223
-1.23519e+224
0

0
2.23793e+211
2.56878e+212
1.86465e+211
5.56381e+210
3.67261e+211
2.67394e+212
1.97114e+213
1.45372e+214
1.0702e+215
7.86491e+215
5.79528e+216
4.3676e+217
3.59987e+218
3.43645e+219
-5.24311e+219
5.85856e+220
1.47241e+221
-1.35527e+223
4.31252e+223
8.62173e+222
0

0
1.15231e+211
2.08894e+212
1.06502e+211
5.6169e+210
3.69117e+211
2.69325e+212
1.98532e+213
1.46415e+214
1.07791e+215
7.91915e+215
5.8245e+216
4.35348e+217
3.46561e+218
3.0371e+219
1.50069e+220
4.84726e+220
2.12009e+222
3.23284e+223
3.49009e+223
8.51857e+223
0

0
4.83101e+210
9.84222e+211
5.58443e+210
4.71485e+210
3.07927e+211
2.24597e+212
1.65335e+213
1.21761e+214
8.94639e+214
6.54959e+215
4.78238e+216
3.51443e+217
2.67804e+218
2.17835e+219
1.6436e+220
7.9446e+220
2.66458e+222
3.23569e+223
2.21756e+223
4.76196e+223
0

0
1.56703e+210
3.52359e+211
2.72249e+210
3.0154e+210
1.9425e+211
1.41e+212
1.03324e+213
7.57582e+213
5.53406e+214
4.01426e+215
2.88519e+216
2.06163e+217
1.49784e+218
1.17292e+219
1.09725e+220
9.21754e+220
2.25666e+222
1.88589e+223
1.30854e+223
2.58158e+223
0

0
2.49306e+209
1.02287e+211
1.09225e+210
8.48813e+209
4.77643e+210
3.30446e+211
2.32933e+212
1.64582e+213
1.14603e+214
7.72547e+214
4.93261e+215
2.94638e+216
1.8631e+217
2.93888e+218
9.16534e+219
1.00822e+221
1.64947e+222
1.01808e+223
8.10461e+222
1.59853e+223
0

0
-1.76687e+209
2.21035e+210
3.00027e+209
-4.06543e+209
-2.97905e+210
-2.26058e+211
-1.72723e+212
-1.3015e+213
-9.65761e+213
-6.94954e+214
-4.59853e+215
-2.25905e+216
5.17165e+216
4.21233e+218
8.37956e+219
9.12175e+220
1.14184e+222
5.49606e+222
5.19461e+222
1.0762e+223
0

0
-2.57153e+209
6.75731e+208
-4.5581e+208
-3.95622e+209
-2.18283e+210
-1.61843e+211
-1.22812e+212
-9.09491e+212
-6.50623e+213
-4.33426e+214
-2.35384e+215
-3.06336e+215
2.09019e+217
4.97628e+218
7.62919e+219
7.75534e+220
7.7466e+221
3.03035e+222
3.4213e+222
7.41054e+222
0

0
-2.20464e+209
-3.55439e+209
-1.78237e+209
-2.84471e+209
-9.81528e+209
-6.88778e+210
-5.16911e+211
-3.6287e+212
-2.25752e+213
-9.83523e+213
3.17634e+214
1.79156e+216
3.55322e+217
5.50289e+218
6.87924e+219
6.36731e+220
5.21963e+221
1.72293e+222
2.29201e+222
5.09618e+222
0

0
-1.61184e+209
-3.46537e+209
-1.96746e+209
-1.12186e+209
4.07571e+209
3.7056e+210
2.88548e+211
2.49868e+212
2.41989e+213
2.59314e+214
3.02542e+215
3.74207e+216
4.71617e+217
5.71139e+218
6.06418e+219
5.06633e+220
3.49127e+221
1.008e+222
1.53743e+222
3.45947e+222
0

0
-1.12401e+209
-2.58121e+209
-1.64363e+209
7.08976e+208
1.73359e+210
1.37898e+211
1.05404e+212
8.28853e+212
6.78477e+213
5.84981e+214
5.37672e+215
5.28251e+216
5.43981e+217
5.56506e+218
5.15532e+219
3.88001e+220
2.28923e+221
5.95757e+221
1.00605e+222
2.27146e+222
0

0
-7.92866e+208
-1.81094e+209
-1.231e+209
2.16039e+209
2.75661e+210
2.16425e+211
1.65205e+212
1.27999e+213
1.01508e+214
8.29864e+214
7.04489e+215
6.22557e+216
5.65866e+217
5.08076e+218
4.16585e+219
2.81466e+220
1.42971e+221
3.39437e+221
6.08063e+221
1.37236e+222
0

0
-7.05206e+208
-1.71156e+209
-2.64494e+209
-8.3682e+209
-4.98324e+210
-3.55344e+211
-2.58101e+212
-1.8562e+213
-1.30897e+214
-8.93121e+214
-5.74575e+215
-3.29104e+216
-1.4227e+217
-1.07426e+217
6.03198e+218
7.24522e+219
4.70584e+220
1.3644e+221
2.55292e+221
4.35343e+221
0

0
5.03449e+104
1.04495e+105
2.27961e+105
5.97967e+105
1.62602e+106
4.43379e+106
1.20852e+107
3.29222e+107
8.96077e+107
2.43458e+108
6.58923e+108
1.76888e+109
4.66879e+109
1.19126e+110
2.84994e+110
6.0614e+110
1.02662e+111
9.30036e+110
-8.40879e+110
-2.21025e+111
0

0
0
0
0
0
0
0
0
0
0
0
0
0
0
0
0
0
0
0
0
0
0


0
0
0
0
0
0
0
0
0
0
0
0
0
0
0
0
0
0
0
0
0
0

0
9.66272e+210
-1.96343e+212
6.50115e+210
2.86809e+210
1.84744e+211
1.32378e+212
9.68915e+212
7.07519e+213
5.12108e+214
3.65155e+215
2.54128e+216
1.69696e+217
1.00965e+218
8.84947e+217
-1.78069e+220
-7.72924e+220
-4.28242e+222
-2.62514e+223
2.82041e+222
-2.767e+223
0

0
1.23457e+211
-8.50854e+211
8.4578e+210
4.19246e+210
2.99704e+211
2.18159e+212
1.60293e+213
1.17552e+214
8.56977e+214
6.18865e+215
4.4108e+216
3.09643e+217
2.12605e+218
1.08797e+219
-2.21689e+220
-1.2579e+220
-5.32451e+222
-3.69351e+223
7.51564e+222
-3.13434e+223
0

0
1.06788e+211
4.10848e+211
7.85395e+210
5.07468e+210
3.63884e+211
2.65986e+212
1.95548e+213
1.4348e+214
1.04691e+215
7.57117e+215
5.40831e+216
3.81025e+217
2.64125e+218
1.51014e+219
-1.25763e+220
-6.76547e+220
-2.42189e+222
-6.9986e+222
5.81907e+222
-1.29272e+223
0

0
7.39061e+210
6.94517e+211
6.19191e+210
5.22625e+210
3.65988e+211
2.67546e+212
1.96501e+213
1.4398e+214
1.04831e+215
7.55245e+215
5.35528e+216
3.71442e+217
2.48738e+218
1.38082e+219
-3.43512e+219
-7.45819e+220
-3.21285e+221
5.98548e+222
1.33988e+223
2.27985e+223
0

0
4.33097e+210
4.87362e+211
4.38649e+210
4.50821e+210
3.05445e+211
2.22563e+212
1.6297e+213
1.18953e+214
8.60982e+214
6.14069e+215
4.27495e+216
2.86053e+217
1.77925e+218
8.72906e+218
-2.52838e+218
-5.01913e+220
7.33155e+221
1.04497e+223
1.20694e+223
2.35097e+223
0

0
2.20509e+210
2.51393e+211
2.8342e+210
3.01047e+210
1.92592e+211
1.3883e+212
1.00767e+213
7.27567e+213
5.17979e+214
3.59298e+215
2.37877e+216
1.44242e+217
7.21507e+217
1.82416e+218
-1.13222e+219
5.70832e+219
9.86049e+221
8.59064e+222
8.81902e+222
1.75421e+223
0

0
9.76763e+209
1.0976e+211
1.6157e+210
1.00765e+210
4.68984e+210
3.08489e+211
2.0684e+212
1.34326e+213
7.9501e+213
3.64631e+214
1.8605e+214
-2.57847e+216
-4.54808e+217
-2.2717e+218
1.99076e+219
3.52424e+220
9.02285e+221
5.73966e+222
6.13167e+222
1.23072e+223
0

0
3.58765e+209
4.31376e+210
9.31555e+209
-1.26727e+209
-2.93944e+210
-2.39251e+211
-1.88839e+212
-1.48709e+213
-1.17892e+214
-9.39734e+214
-7.4093e+215
-5.48993e+216
-3.21633e+217
-1.59319e+217
3.33117e+219
4.68313e+220
7.2181e+221
3.5765e+222
4.23237e+222
8.66912e+222
0

0
8.43086e+208
1.56363e+210
5.13874e+209
-7.9214e+208
-2.10222e+210
-1.74334e+211
-1.38303e+212
-1.08644e+213
-8.51452e+213
-6.60437e+214
-4.90578e+215
-3.15344e+216
-1.05576e+217
1.54978e+218
4.08285e+219
4.83781e+220
5.42037e+221
2.19062e+222
2.92966e+222
6.16223e+222
0

0
-1.85543e+208
5.14641e+209
2.74682e+209
2.17742e+208
-8.84577e+209
-8.02726e+210
-6.59471e+211
-5.24372e+212
-4.0688e+213
-2.99927e+214
-1.90199e+215
-6.16082e+215
9.98224e+216
2.88507e+218
4.40165e+219
4.47182e+220
3.92998e+221
1.34772e+222
2.03037e+222
4.36804e+222
0

0
-3.96571e+208
1.30774e+209
1.47104e+209
1.53529e+209
5.01647e+209
2.70836e+210
1.63349e+211
1.09156e+212
8.59334e+212
8.81848e+213
1.17743e+215
1.78941e+216
2.71831e+217
3.76943e+218
4.35632e+219
3.84801e+220
2.77373e+221
8.35839e+221
1.39417e+222
3.04358e+222
0

0
-4.03888e+208
1.56836e+207
8.04598e+208
2.80534e+209
1.81227e+210
1.29614e+211
9.50102e+211
7.12849e+212
5.51074e+213
4.47076e+214
3.9131e+215
3.7719e+216
3.94321e+217
4.17492e+218
4.00496e+219
3.11032e+220
1.89331e+221
5.15049e+221
9.26976e+221
2.03858e+222
0

0
-3.89878e+208
-4.33551e+208
3.69821e+208
3.64721e+209
2.81348e+210
2.10045e+211
1.57225e+212
1.1914e+213
9.18501e+213
7.26356e+214
5.96122e+215
5.12811e+216
4.59978e+217
4.13369e+218
3.42049e+219
2.34364e+220
1.2201e+221
3.01741e+221
5.65975e+221
1.24771e+222
0

0
-5.84529e+208
-1.24242e+209
-1.93203e+209
-7.63273e+209
-4.9605e+210
-3.59618e+211
-2.63316e+212
-1.91341e+213
-1.37037e+214
-9.57551e+214
-6.40115e+215
-3.92923e+216
-2.00685e+217
-5.95714e+217
2.4771e+218
5.15642e+219
3.91308e+220
1.23477e+221
2.38719e+221
3.94547e+221
0

0
6.64816e+104
1.27576e+105
2.40229e+105
6.02136e+105
1.62707e+106
4.43367e+106
1.20832e+107
3.29115e+107
8.95513e+107
2.43167e+108
6.57459e+108
1.76176e+109
4.63602e+109
1.1774e+110
2.79838e+110
5.9027e+110
9.91346e+110
8.72474e+110
-8.12282e+110
-2.12443e+111
0

0
0
0
0
0
0
0
0
0
0
0
0
0
0
0
0
0
0
0
0
0
0


0
0
0
0
0
0
0
0
0
0
0
0
0
0
0
0
0
0
0
0
0
0

0
3.06128e+210
-6.57214e+211
1.23914e+210
2.5327e+210
1.82424e+211
1.32212e+212
9.68367e+212
7.06773e+213
5.10915e+214
3.63138e+215
2.50422e+216
1.62192e+217
8.61049e+217
-3.70955e+217
-1.31359e+220
-1.05858e+221
-2.54872e+222
-1.19421e+223
2.29023e+222
-1.31953e+223
0

0
4.59639e+210
-4.57039e+211
2.07022e+210
3.80132e+210
2.96813e+211
2.17518e+212
1.59674e+213
1.16795e+214
8.47395e+214
6.06286e+215
4.23504e+216
2.82412e+217
1.65185e+218
3.55817e+218
-1.6313e+220
-1.24943e+221
-3.09534e+222
-1.49173e+223
5.05649e+222
-1.20901e+223
0

0
4.92819e+210
-3.38171e+210
2.75345e+210
4.65144e+210
3.60776e+211
2.64925e+212
1.94414e+213
1.42106e+214
1.02988e+215
7.35399e+215
5.118e+216
3.3896e+217
1.9665e+218
4.89623e+218
-1.49199e+220
-1.46603e+221
-2.23918e+222
-6.01356e+222
4.83419e+222
-7.56766e+222
0

0
4.29521e+210
1.88746e+211
3.02192e+210
4.84772e+210
3.63077e+211
2.66145e+212
1.94934e+213
1.42097e+214
1.0253e+215
7.26532e+215
4.98415e+216
3.20623e+217
1.74066e+218
3.22141e+218
-1.20082e+220
-1.44819e+221
-1.09337e+222
4.47559e+220
7.13828e+222
4.47107e+222
0

0
3.20397e+210
2.05275e+211
2.82238e+210
4.25506e+210
3.03088e+211
2.20918e+212
1.61074e+213
1.16697e+214
8.33817e+214
5.80866e+215
3.85945e+216
2.32133e+217
1.05068e+218
-8.67787e+217
-1.02396e+220
-1.05809e+221
-2.529e+221
3.06045e+222
7.11564e+222
1.03796e+223
0

0
2.12236e+210
1.44349e+211
2.3029e+210
2.92201e+210
1.90985e+211
1.37037e+212
9.86597e+212
7.02748e+213
4.88568e+214
3.24127e+215
1.95266e+216
9.16775e+216
6.31246e+216
-6.2224e+218
-8.13668e+219
-5.26237e+220
1.82358e+221
3.56113e+222
5.95162e+222
1.03201e+223
0

0
1.28745e+210
8.38395e+210
1.68025e+210
1.03884e+210
4.60507e+210
2.90018e+211
1.8482e+212
1.08706e+213
4.96515e+213
1.57724e+213
-3.90574e+215
-7.39128e+216
-9.4947e+217
-7.0733e+218
-4.04634e+219
-1.55997e+220
3.47754e+221
2.96306e+222
4.58952e+222
8.49917e+222
0

0
7.3364e+209
4.42125e+210
1.24637e+210
7.17533e+208
-2.90502e+210
-2.50586e+211
-2.02844e+212
-1.64938e+213
-1.36674e+214
-1.15758e+215
-9.94552e+215
-8.46113e+216
-6.7289e+217
-4.32779e+218
-1.34446e+219
7.81888e+219
3.69541e+221
2.16634e+222
3.41136e+222
6.59326e+222
0

0
4.00737e+209
2.23435e+210
9.00065e+209
1.74563e+209
-2.02687e+210
-1.85391e+211
-1.52194e+212
-1.24612e+213
-1.03403e+214
-8.68845e+214
-7.27966e+215
-5.8496e+216
-4.102e+217
-1.83296e+218
6.00314e+218
2.05012e+220
3.28677e+221
1.49862e+222
2.48895e+222
4.98278e+222
0

0
2.12642e+209
1.12042e+210
6.41051e+209
2.85404e+209
-7.91656e+209
-9.06856e+210
-7.91367e+211
-6.74694e+212
-5.76676e+213
-4.90637e+214
-4.02759e+215
-2.95886e+216
-1.53803e+217
2.3577e+217
1.88107e+219
2.56649e+220
2.67516e+221
1.01235e+222
1.79026e+222
3.68703e+222
0

0
1.19037e+209
5.5801e+209
4.52611e+209
3.93666e+209
5.92929e+209
1.76299e+210
4.3455e+210
-2.6324e+211
-6.52824e+212
-7.89966e+213
-6.4698e+214
-1.64243e+215
6.86646e+216
1.763e+218
2.57898e+219
2.58787e+220
2.05137e+221
6.73642e+221
1.26163e+222
2.65183e+222
0

0
6.36708e+208
2.74986e+209
3.12393e+209
4.77533e+209
1.88902e+210
1.21392e+211
8.46239e+211
5.96416e+212
4.22532e+213
3.07023e+214
2.41453e+215
2.2098e+216
2.37811e+217
2.70641e+218
2.78558e+219
2.30118e+220
1.48677e+221
4.3665e+221
8.5377e+221
1.81702e+222
0

0
2.53039e+208
1.20285e+209
1.97499e+209
5.10414e+209
2.86918e+210
2.03287e+211
1.48752e+212
1.09704e+213
8.1527e+213
6.15256e+214
4.79234e+215
3.93802e+216
3.44611e+217
3.09967e+218
2.61062e+219
1.84062e+220
9.98695e+220
2.64362e+221
5.26983e+221
1.12749e+222
0

0
-2.88597e+208
-5.0729e+208
-1.1017e+209
-6.81818e+209
-4.93588e+210
-3.64686e+211
-2.69522e+212
-1.98175e+213
-1.44405e+214
-1.0353e+215
-7.19725e+215
-4.71006e+216
-2.72614e+217
-1.19853e+218
-1.87705e+218
2.68181e+219
2.97019e+220
1.09576e+221
2.22931e+221
3.50692e+221
0

0
7.91589e+104
1.44823e+105
2.49796e+105
6.055e+105
1.62794e+106
4.43356e+106
1.20815e+107
3.29023e+107
8.95033e+107
2.4292e+108
6.5621e+108
1.75567e+109
4.60787e+109
1.16544e+110
2.75348e+110
5.76156e+110
9.56983e+110
8.20729e+110
-7.86781e+110
-2.04984e+111
0

0
0
0
0
0
0
0
0
0
0
0
0
0
0
0
0
0
0
0
0
0
0


0
0
0
0
0
0
0
0
0
0
0
0
0
0
0
0
0
0
0
0
0
0

0
1.08339e+210
-2.5453e+211
-7.32795e+208
2.25572e+210
1.80297e+211
1.3228e+212
9.7078e+212
7.09609e+213
5.14101e+214
3.66597e+215
2.53854e+216
1.64808e+217
8.72556e+217
3.84759e+217
-8.69159e+219
-9.18644e+220
-1.46209e+222
-5.40801e+222
1.73695e+222
-5.99609e+222
0

0
1.80993e+210
-2.43875e+211
7.90528e+207
3.48739e+210
2.94318e+211
2.17232e+212
1.59489e+213
1.16563e+214
8.4422e+214
6.01713e+215
4.16372e+216
2.70212e+217
1.4404e+218
1.17172e+218
-1.30967e+220
-1.39904e+221
-1.97817e+222
-6.68579e+222
3.28467e+222
-5.97178e+222
0

0
2.3225e+210
-1.03481e+211
5.45347e+209
4.31025e+210
3.58185e+211
2.64316e+212
1.93824e+213
1.41385e+214
1.02077e+215
7.23497e+215
4.95391e+216
3.14611e+217
1.59014e+218
2.14009e+217
-1.53128e+220
-1.70026e+221
-1.80055e+222
-4.20815e+222
4.00368e+222
-4.10139e+222
0

0
2.4662e+210
1.90729e+210
1.18315e+210
4.52929e+210
3.60703e+211
2.65263e+212
1.93984e+213
1.4095e+214
1.01114e+215
7.08611e+215
4.74851e+216
2.8796e+217
1.27305e+218
-2.64787e+218
-1.59006e+220
-1.72068e+221
-1.25282e+222
-1.4296e+222
4.78847e+222
4.71177e+221
0

0
2.2504e+210
7.12369e+210
1.59994e+210
4.02268e+210
3.01206e+211
2.19826e+212
1.59833e+213
1.15212e+214
8.15796e+214
5.5861e+215
3.57731e+216
1.95109e+217
5.55545e+217
-6.96489e+218
-1.58464e+220
-1.33827e+221
-6.9521e+221
4.54399e+221
4.86121e+222
4.29572e+222
0

0
1.82741e+210
7.32934e+210
1.68178e+210
2.81618e+210
1.89753e+211
1.35802e+212
9.72068e+212
6.85547e+213
4.68037e+214
2.99346e+215
1.64882e+216
5.37175e+216
-4.13932e+217
-1.18919e+219
-1.27762e+220
-9.05345e+220
-2.77776e+221
1.29761e+222
4.35206e+222
5.76701e+222
0

0
1.36242e+210
5.63111e+210
1.53106e+210
1.04092e+210
4.54784e+210
2.76882e+211
1.69023e+212
9.022e+212
2.79582e+213
-2.40141e+214
-6.9444e+215
-1.10197e+217
-1.24291e+218
-1.09801e+219
-8.58905e+219
-5.26387e+220
-2.27058e+220
1.44672e+222
3.59813e+222
5.67268e+222
0

0
9.56439e+209
3.79548e+210
1.36843e+210
2.13342e+209
-2.86532e+210
-2.5892e+211
-2.1337e+212
-1.77254e+213
-1.51091e+214
-1.32727e+215
-1.19587e+216
-1.08761e+217
-9.65564e+217
-7.83875e+218
-5.1822e+219
-2.3308e+220
1.0717e+221
1.27496e+222
2.83294e+222
4.92577e+222
0

0
6.44076e+209
2.40048e+210
1.14777e+210
3.7369e+209
-1.95254e+210
-1.939e+211
-1.63126e+212
-1.37293e+213
-1.18057e+214
-1.03839e+215
-9.24442e+215
-8.12963e+216
-6.73923e+217
-4.80673e+218
-2.43195e+219
-3.29181e+219
1.56654e+221
1.01097e+222
2.16011e+222
4.00847e+222
0

0
4.20769e+209
1.47406e+210
9.17811e+209
5.02778e+209
-7.03227e+209
-9.90736e+210
-8.99709e+211
-7.99173e+212
-7.18609e+213
-6.51971e+214
-5.85332e+215
-5.0092e+216
-3.80405e+217
-2.1685e+218
-4.03956e+218
8.61484e+219
1.6042e+221
7.56444e+221
1.60495e+222
3.11856e+222
0

0
2.76068e+209
8.82268e+209
7.04085e+209
5.98444e+209
6.78337e+209
9.63723e+209
-5.94191e+210
-1.43356e+212
-1.96942e+213
-2.2602e+214
-2.27171e+215
-1.93083e+216
-1.18129e+217
-1.06023e+217
9.20581e+218
1.42312e+220
1.40986e+221
5.42722e+221
1.1575e+222
2.32217e+222
0

0
1.74223e+209
5.14599e+209
5.14391e+209
6.50445e+209
1.95997e+210
1.14047e+211
7.52602e+211
4.90915e+212
3.05363e+213
1.78401e+214
1.02545e+215
7.45914e+215
8.94621e+216
1.3029e+218
1.62023e+219
1.53552e+220
1.11499e+221
3.70925e+221
7.95735e+221
1.62884e+222
0

0
9.82798e+208
2.78998e+209
3.44585e+209
6.42911e+209
2.92027e+210
1.96818e+211
1.40613e+212
1.00613e+213
7.15446e+213
5.07343e+214
3.65101e+215
2.76933e+216
2.30766e+217
2.0778e+218
1.81461e+219
1.35321e+220
7.89893e+220
2.32152e+221
4.95823e+221
1.02376e+222
0

0
1.13321e+208
3.45688e+208
-2.36217e+208
-5.99093e+209
-4.91108e+210
-3.7005e+211
-2.76112e+212
-2.05454e+213
-1.52283e+214
-1.11881e+215
-8.05703e+215
-5.55848e+216
-3.51189e+217
-1.8585e+218
-6.62057e+218
3.10256e+217
1.98399e+220
9.66485e+220
2.09792e+221
3.08277e+221
0

0
8.77989e+104
1.56088e+105
2.56275e+105
6.07844e+105
1.62855e+106
4.43349e+106
1.20803e+107
3.28956e+107
8.94684e+107
2.42739e+108
6.55299e+108
1.75122e+109
4.58726e+109
1.15664e+110
2.72029e+110
5.65601e+110
9.30402e+110
7.81715e+110
-7.67676e+110
-1.99508e+111
0

0
0
0
0
0
0
0
0
0
0
0
0
0
0
0
0
0
0
0
0
0
0


0
0
0
0
0
0
0
0
0
0
0
0
0
0
0
0
0
0
0
0
0
0

0
5.3998e+209
-1.84797e+211
-4.1791e+209
2.24204e+210
1.80023e+211
1.3209e+212
9.68559e+212
7.06905e+213
5.10742e+214
3.623e+215
2.48089e+216
1.56573e+217
7.52684e+217
-9.90456e+217
-9.13872e+219
-1.01309e+221
-1.29218e+222
-4.24847e+222
1.29248e+222
-5.09693e+222
0

0
1.00114e+210
-1.81662e+211
-5.28625e+209
3.45112e+210
2.93772e+211
2.16865e+212
1.59063e+213
1.16046e+214
8.37846e+214
5.93629e+215
4.05665e+216
2.55182e+217
1.22496e+218
-1.3162e+218
-1.38668e+220
-1.54977e+221
-1.72209e+222
-4.86883e+222
2.56726e+222
-4.93623e+222
0

0
1.50537e+210
-9.1419e+210
-6.76711e+208
4.24405e+210
3.5742e+211
2.63798e+212
1.93223e+213
1.40662e+214
1.01193e+215
7.12416e+215
4.80991e+216
2.94971e+217
1.31855e+218
-2.87218e+218
-1.6634e+220
-1.84522e+221
-1.61824e+222
-3.25833e+222
3.36294e+222
-3.14868e+222
0

0
1.81412e+210
-3.14687e+209
6.0436e+209
4.44191e+210
3.59814e+211
2.6463e+212
1.9325e+213
1.40073e+214
1.00053e+215
6.95534e+215
4.58276e+216
2.66205e+217
9.87037e+217
-5.81184e+218
-1.77372e+220
-1.76843e+221
-1.20171e+222
-1.25087e+222
3.9854e+222
1.68427e+221
0

0
1.82549e+210
4.28513e+210
1.13731e+210
3.93499e+210
3.0031e+211
2.19117e+212
1.59011e+213
1.1424e+214
8.04203e+214
5.446e+215
3.40488e+216
1.73464e+217
2.87118e+217
-9.83507e+218
-1.78491e+220
-1.40702e+221
-7.29283e+221
2.1642e+221
4.11391e+222
3.13495e+222
0

0
1.605e+210
5.27293e+210
1.36812e+210
2.74866e+210
1.88953e+211
1.3506e+212
9.63454e+212
6.75484e+213
4.56223e+214
2.85387e+215
1.48255e+216
3.38232e+216
-6.45925e+217
-1.42735e+219
-1.40941e+220
-9.91984e+220
-3.44946e+221
9.58787e+221
3.79118e+222
4.61075e+222
0

0
1.27955e+210
4.50949e+210
1.36609e+210
9.94627e+209
4.48382e+210
2.69518e+211
1.60467e+212
8.03567e+212
1.65889e+213
-3.71169e+214
-8.45127e+215
-1.27354e+217
-1.3604e+218
-1.23353e+219
-9.85625e+219
-6.08963e+220
-8.90232e+220
1.16483e+222
3.22801e+222
4.84427e+222
0

0
9.50998e+209
3.3096e+210
1.30708e+210
2.16862e+209
-2.88868e+210
-2.63268e+211
-2.1847e+212
-1.83072e+213
-1.57702e+214
-1.40218e+215
-1.28043e+216
-1.18247e+217
-1.07031e+218
-8.94227e+218
-6.20595e+219
-3.01964e+220
5.52574e+220
1.08538e+222
2.60598e+222
4.40511e+222
0

0
6.71847e+209
2.24725e+210
1.15034e+210
3.9928e+209
-1.96088e+210
-1.97865e+211
-1.67832e+212
-1.42612e+213
-1.24023e+214
-1.10481e+215
-9.97652e+215
-8.92504e+216
-7.58328e+217
-5.66058e+218
-3.20017e+219
-8.49489e+219
1.20784e+221
8.97323e+221
2.02642e+222
3.69822e+222
0

0
4.56457e+209
1.46253e+210
9.51934e+209
5.40809e+209
-7.00845e+209
-1.0253e+211
-9.4114e+211
-8.45594e+212
-7.70025e+213
-7.08256e+214
-6.45974e+215
-5.64837e+216
-4.45669e+217
-2.80051e+218
-9.49448e+218
4.96773e+219
1.37551e+221
6.92832e+221
1.52783e+222
2.93762e+222
0

0
3.07534e+209
9.16752e+209
7.47597e+209
6.39436e+209
6.86664e+209
6.78021e+209
-9.39296e+210
-1.8172e+212
-2.38952e+213
-2.7131e+214
-2.74974e+215
-2.42101e+216
-1.66434e+217
-5.54153e+217
5.50842e+218
1.18231e+220
1.27251e+221
5.08644e+221
1.11353e+222
2.21804e+222
0

0
1.98023e+209
5.53536e+209
5.54162e+209
6.8699e+209
1.97008e+210
1.11853e+211
7.25947e+211
4.61473e+212
2.73421e+213
1.44395e+214
6.72553e+214
3.92209e+215
5.56409e+216
1.00088e+218
1.38149e+219
1.38515e+220
1.03686e+221
3.53276e+221
7.71092e+221
1.57024e+222
0

0
1.13739e+209
3.07993e+209
3.73907e+209
6.70113e+209
2.92908e+210
1.95333e+211
1.38796e+212
9.86146e+212
6.93896e+213
4.84587e+214
3.41748e+215
2.5388e+216
2.09175e+217
1.8903e+218
1.67137e+219
1.26594e+220
7.48486e+220
2.23438e+221
4.82742e+221
9.92807e+221
0

0
1.64365e+208
4.4342e+208
-1.29068e+208
-5.8857e+209
-4.90877e+210
-3.7079e+211
-2.76992e+212
-2.06403e+213
-1.53282e+214
-1.12901e+215
-8.15688e+215
-5.65077e+216
-3.59105e+217
-1.92025e+218
-7.04265e+218
-2.02379e+218
1.87771e+220
9.39394e+220
2.04884e+221
3.00538e+221
0

0
9.21585e+104
1.61609e+105
2.5953e+105
6.09046e+105
1.62887e+106
4.43344e+106
1.20796e+107
3.28921e+107
8.945e+107
2.42645e+108
6.5482e+108
1.74888e+109
4.57639e+109
1.152e+110
2.70277e+110
5.60015e+110
9.16153e+110
7.6096e+110
-7.57497e+110
-1.96522e+111
0

0
0
0
0
0
0
0
0
0
0
0
0
0
0
0
0
0
0
0
0
0
0


0
0
0
0
0
0
0
0
0
0
0
0
0
0
0
0
0
0
0
0
0
0

0
0
0
0
0
0
0
0
0
0
0
0
0
0
0
0
0
0
0
0
0
0

0
0
0
0
0
0
0
0
0
0
0
0
0
0
0
0
0
0
0
0
0
0

0
0
0
0
0
0
0
0
0
0
0
0
0
0
0
0
0
0
0
0
0
0

0
0
0
0
0
0
0
0
0
0
0
0
0
0
0
0
0
0
0
0
0
0

0
0
0
0
0
0
0
0
0
0
0
0
0
0
0
0
0
0
0
0
0
0

0
0
0
0
0
0
0
0
0
0
0
0
0
0
0
0
0
0
0
0
0
0

0
0
0
0
0
0
0
0
0
0
0
0
0
0
0
0
0
0
0
0
0
0

0
0
0
0
0
0
0
0
0
0
0
0
0
0
0
0
0
0
0
0
0
0

0
0
0
0
0
0
0
0
0
0
0
0
0
0
0
0
0
0
0
0
0
0

0
0
0
0
0
0
0
0
0
0
0
0
0
0
0
0
0
0
0
0
0
0

0
0
0
0
0
0
0
0
0
0
0
0
0
0
0
0
0
0
0
0
0
0

0
0
0
0
0
0
0
0
0
0
0
0
0
0
0
0
0
0
0
0
0
0

0
0
0
0
0
0
0
0
0
0
0
0
0
0
0
0
0
0
0
0
0
0

0
0
0
0
0
0
0
0
0
0
0
0
0
0
0
0
0
0
0
0
0
0

0
0
0
0
0
0
0
0
0
0
0
0
0
0
0
0
0
0
0
0
0
0

0
0
0
0
0
0
0
0
0
0
0
0
0
0
0
0
0
0
0
0
0
0


