0
0
0
0
0
0
0
0
0
0
0
0
0
0
0
0
0
0
0
0
0
0

0
0
0
0
0
0
0
0
0
0
0
0
0
0
0
0
0
0
0
0
0
0

0
0
0
0
0
0
0
0
0
0
0
0
0
0
0
0
0
0
0
0
0
0

0
0
0
0
0
0
0
0
0
0
0
0
0
0
0
0
0
0
0
0
0
0

0
0
0
0
0
0
0
0
0
0
0
0
0
0
0
0
0
0
0
0
0
0

0
0
0
0
0
0
0
0
0
0
0
0
0
0
0
0
0
0
0
0
0
0

0
0
0
0
0
0
0
0
0
0
0
0
0
0
0
0
0
0
0
0
0
0

0
0
0
0
0
0
0
0
0
0
0
0
0
0
0
0
0
0
0
0
0
0

0
0
0
0
0
0
0
0
0
0
0
0
0
0
0
0
0
0
0
0
0
0

0
0
0
0
0
0
0
0
0
0
0
0
0
0
0
0
0
0
0
0
0
0

0
0
0
0
0
0
0
0
0
0
0
0
0
0
0
0
0
0
0
0
0
0

0
0
0
0
0
0
0
0
0
0
0
0
0
0
0
0
0
0
0
0
0
0

0
0
0
0
0
0
0
0
0
0
0
0
0
0
0
0
0
0
0
0
0
0

0
0
0
0
0
0
0
0
0
0
0
0
0
0
0
0
0
0
0
0
0
0

0
0
0
0
0
0
0
0
0
0
0
0
0
0
0
0
0
0
0
0
0
0

0
0
0
0
0
0
0
0
0
0
0
0
0
0
0
0
0
0
0
0
0
0

0
0
0
0
0
0
0
0
0
0
0
0
0
0
0
0
0
0
0
0
0
0


0
0
0
0
0
0
0
0
0
0
0
0
0
0
0
0
0
0
0
0
0
0

0
4.74529e-15
-4.46754e-13
1.8483e-11
-6.00057e-10
1.05231e-08
1.98471e-09
1.48953e-10
9.77944e-12
7.07284e-13
2.39208e-14
6.88222e-16
1.63692e-17
8.5263e-19
4.42506e-20
2.47654e-21
3.01185e-22
4.58107e-24
1.04341e-25
6.41528e-28
4.33163e-30
0

0
7.03371e-16
-2.07606e-15
7.09034e-12
-3.755e-10
1.04508e-08
1.37046e-09
7.08613e-11
4.48449e-12
1.87044e-13
2.89619e-15
9.25696e-17
3.67009e-19
8.30152e-20
4.40695e-21
1.83197e-22
6.20797e-24
1.26947e-25
2.93264e-27
1.40821e-29
8.1119e-32
0

0
1.67929e-16
-2.92447e-14
1.34812e-12
-8.28464e-11
3.59078e-09
1.90271e-10
9.52025e-12
4.92121e-13
1.02163e-14
1.59948e-16
3.88738e-18
2.98718e-19
5.27072e-21
1.04763e-22
5.64494e-25
4.81812e-25
8.97057e-27
-2.93753e-30
-2.95012e-31
-1.82935e-33
0

0
5.52232e-18
-1.36412e-15
5.22477e-14
-3.90145e-12
2.14755e-10
9.63955e-12
2.18717e-13
4.59005e-15
-2.11191e-16
-3.12842e-18
-7.89236e-20
-9.24192e-21
-1.52284e-22
-5.13518e-24
-1.78739e-25
-1.60754e-27
-4.64562e-29
-6.09938e-31
9.28005e-34
1.10218e-35
0

0
-2.07608e-19
3.33087e-17
-2.52905e-15
1.81574e-13
-6.76395e-12
-5.00236e-13
-2.07805e-14
-6.04207e-16
-9.84145e-18
-1.49402e-19
-2.27298e-21
1.23381e-22
1.63137e-24
8.20769e-26
4.95872e-27
4.36674e-29
1.56196e-30
2.37934e-33
7.88358e-36
3.19025e-38
0

0
2.48409e-21
-3.51266e-19
3.49112e-17
-2.57607e-15
6.17996e-14
8.86978e-15
5.45165e-16
1.81224e-17
5.39438e-19
7.95085e-21
1.43678e-22
1.16668e-24
3.19658e-26
4.29579e-28
-5.69175e-29
-3.76837e-31
4.3124e-32
1.67935e-34
-2.80628e-37
1.9582e-40
0

0
4.17747e-23
-7.06893e-21
6.07188e-19
-4.25199e-17
2.70259e-15
4.91503e-17
-4.80895e-18
-2.28916e-19
-1.21694e-20
-1.83697e-22
-3.51021e-24
-7.01703e-26
-2.16261e-27
-6.55346e-29
-1.2362e-30
-2.29414e-32
5.04521e-34
-4.88615e-37
-1.21246e-38
-4.14752e-41
0

0
-2.98556e-24
4.86824e-22
-4.89627e-20
3.75637e-18
-1.66229e-16
-9.10676e-18
-2.02245e-19
-8.45938e-22
8.72582e-23
1.3013e-24
3.52397e-26
1.18335e-27
5.7759e-29
2.22266e-30
8.91888e-32
1.48551e-33
7.11648e-35
5.37652e-37
-1.04129e-39
1.45531e-42
0

0
9.33048e-26
-1.57182e-23
1.67802e-21
-1.34037e-19
4.18995e-18
3.69363e-19
1.17809e-20
1.22887e-22
4.30242e-24
7.00575e-26
7.84937e-28
1.76008e-30
-8.85875e-31
-5.22821e-32
-2.3785e-33
-4.98512e-35
1.5549e-36
2.12765e-38
-2.10314e-41
5.81359e-45
0

0
-2.18437e-27
3.84504e-25
-4.26808e-23
3.40418e-21
-4.79437e-20
-9.6287e-21
-3.70612e-22
-4.74677e-24
-1.99252e-25
-3.42643e-27
-4.92098e-29
-7.23435e-31
3.35453e-33
6.61779e-34
5.9734e-35
1.27194e-36
1.19339e-37
1.23939e-39
-2.40282e-42
2.57587e-45
0

0
4.29105e-29
-7.91462e-27
9.01159e-25
-7.01157e-23
1.43007e-21
2.04089e-22
8.56146e-24
1.24031e-25
5.18244e-27
9.44904e-29
1.50068e-30
2.61517e-32
9.2036e-35
5.39138e-36
-9.31873e-37
-2.41257e-38
9.0087e-39
7.9863e-41
-1.49486e-43
1.27082e-46
0

0
-7.40751e-31
1.43163e-28
-1.65775e-26
1.24316e-24
-2.23778e-23
-3.57925e-24
-1.62096e-25
-2.63678e-27
-1.03201e-28
-1.99749e-30
-3.23494e-32
-6.18759e-34
-6.64885e-36
-6.17572e-37
6.73716e-39
4.26294e-40
7.84559e-40
5.77825e-42
-1.21461e-44
9.01306e-48
0

0
1.15071e-32
-2.32738e-30
2.73128e-28
-1.9552e-26
2.73349e-25
5.47148e-26
2.65839e-27
5.18855e-29
1.71094e-30
3.49064e-32
5.8783e-34
1.17407e-35
2.18954e-37
1.42668e-38
1.53956e-41
-9.08998e-42
7.62117e-41
5.11196e-43
-1.12749e-45
6.92425e-49
0

0
-1.61849e-34
3.42131e-32
-4.07514e-30
2.78621e-28
-2.79137e-27
-7.49575e-28
-3.90746e-29
-8.25832e-31
-2.50777e-32
-5.27367e-34
-8.95908e-36
-1.90339e-37
-5.13922e-39
5.45964e-41
1.31381e-42
1.24144e-43
9.13179e-42
5.89888e-44
-1.3102e-46
6.5599e-50
0

0
2.04274e-36
-4.53435e-34
5.5242e-32
-3.63797e-30
2.41333e-29
9.30345e-30
5.16297e-31
1.14018e-32
3.25102e-34
6.92133e-36
1.19218e-37
2.67696e-39
9.47425e-41
2.09687e-42
3.08082e-44
1.18208e-45
1.32655e-42
2.74406e-45
1.94746e-48
-1.74498e-51
0

0
0
0
0
0
0
0
0
0
0
0
0
0
0
0
0
0
0
0
0
0
0


0
0
0
0
0
0
0
0
0
0
0
0
0
0
0
0
0
0
0
0
0
0

0
1.55208e-13
-1.32247e-11
5.91801e-10
-1.88564e-08
3.25588e-07
5.34518e-08
4.84211e-09
3.68576e-10
2.36528e-11
6.6465e-13
2.74601e-14
8.21139e-16
3.98682e-17
2.23127e-18
1.05009e-19
5.42277e-21
1.99287e-22
4.35515e-24
2.83484e-26
2.17939e-28
0

0
3.50509e-14
-2.12361e-12
2.77445e-10
-1.26902e-08
4.01e-07
4.25401e-08
2.57343e-09
1.48068e-10
6.85161e-12
1.4824e-13
4.36421e-15
9.64239e-17
4.67456e-18
1.94248e-19
7.77732e-21
-8.30911e-23
5.28139e-24
1.30114e-25
7.02841e-28
4.51798e-30
0

0
6.03223e-15
-1.17282e-12
5.57136e-11
-3.14975e-09
1.26016e-07
8.56506e-09
4.12816e-10
1.68849e-11
4.60156e-13
8.01737e-15
1.84106e-16
1.27589e-17
2.31753e-19
3.46185e-21
4.02164e-23
3.45643e-24
-1.6863e-25
-2.56219e-27
-1.34075e-29
-1.00057e-31
0

0
2.47089e-16
-8.08214e-14
2.70743e-12
-1.79661e-10
8.40511e-09
4.13798e-10
1.03288e-11
-9.11652e-15
-8.16233e-15
-1.46884e-16
-4.01174e-18
-1.90072e-19
-5.6378e-21
-2.05876e-22
-6.70408e-24
-3.03132e-25
-7.2697e-27
-6.41508e-29
8.25669e-33
3.85324e-34
0

0
-9.14725e-18
1.21424e-15
-1.02905e-13
8.39249e-12
-3.75797e-10
-2.57584e-11
-1.00125e-12
-2.76461e-14
-5.16772e-16
-7.1893e-18
-1.13374e-19
-6.47262e-22
6.37136e-23
3.66399e-24
1.71273e-25
3.73052e-27
6.51144e-29
-2.22882e-31
1.57432e-33
8.2987e-36
0

0
1.21129e-19
-1.29189e-17
1.48425e-15
-1.31053e-13
6.34673e-12
5.47223e-13
2.74625e-14
1.06515e-15
2.7946e-17
4.21678e-19
7.6445e-21
1.51504e-22
2.34284e-24
2.39416e-26
-3.85613e-27
-4.27082e-29
-1.64785e-32
-6.88641e-33
1.90052e-36
-7.89836e-38
0

0
1.72413e-21
-3.1661e-19
2.45597e-17
-1.38248e-15
4.19672e-14
-1.28837e-15
-2.77739e-16
-2.45841e-17
-6.70665e-19
-1.02293e-20
-1.97704e-22
-4.91996e-24
-1.33236e-25
-3.50706e-27
-3.10355e-29
-7.77954e-31
-3.68351e-32
-5.18103e-34
-1.67293e-37
-2.24136e-39
0

0
-1.42019e-22
2.20321e-20
-2.13458e-18
1.54402e-16
-8.0007e-15
-3.88644e-16
-8.72039e-18
2.37309e-19
5.89062e-21
8.98183e-23
2.30079e-24
8.35613e-26
3.75973e-27
1.34558e-28
3.65325e-30
7.03624e-32
1.66192e-33
8.39162e-36
5.58926e-39
8.51618e-41
0

0
4.69208e-24
-7.38399e-22
7.57777e-20
-5.72659e-18
3.3473e-16
1.97121e-17
5.72332e-19
8.24463e-21
2.1313e-22
3.26421e-24
3.42352e-26
-2.46993e-28
-7.3433e-29
-3.60836e-30
-1.72009e-31
-2.92309e-33
-5.72326e-35
-2.95787e-37
5.95825e-41
-1.64044e-42
0

0
-1.14675e-25
1.86979e-23
-1.97995e-21
1.49511e-19
-7.32499e-18
-5.93058e-19
-1.89478e-20
-3.40716e-22
-1.07623e-23
-1.80167e-25
-2.61901e-27
-3.56847e-29
8.46059e-31
7.36577e-32
5.86951e-33
8.30992e-35
1.5273e-36
6.03455e-39
-2.37922e-42
2.21778e-44
0

0
2.33926e-27
-3.968e-25
4.29413e-23
-3.23825e-21
1.24433e-19
1.1739e-20
4.47534e-22
8.40476e-24
2.90707e-25
5.26263e-27
8.26925e-29
1.46326e-30
2.92415e-33
-6.57962e-34
-1.5923e-34
-1.6966e-36
3.43055e-38
1.53055e-40
-1.29053e-43
-1.13658e-46
0

0
-4.17826e-29
7.38085e-27
-8.09683e-25
5.93537e-23
-1.69398e-21
-2.05512e-22
-8.76165e-24
-1.62475e-25
-5.98414e-27
-1.16419e-28
-1.92331e-30
-3.75919e-32
-2.21443e-34
-2.60794e-35
3.58403e-36
2.43226e-38
1.82786e-39
6.98307e-42
-5.91194e-45
1.10562e-48
0

0
6.69608e-31
-1.24183e-28
1.36059e-26
-9.59252e-25
1.98314e-23
3.18771e-24
1.49229e-25
2.72035e-27
1.03638e-28
2.14163e-30
3.66277e-32
7.5737e-34
9.5127e-36
1.62835e-36
-7.11626e-38
-4.03057e-40
7.72891e-41
3.8177e-43
-3.18936e-46
2.22981e-49
0

0
-9.72532e-33
1.91922e-30
-2.09493e-28
1.40397e-26
-2.14281e-25
-4.48961e-26
-2.2737e-27
-4.63622e-29
-1.59368e-30
-3.40798e-32
-5.99973e-34
-1.30198e-35
-2.61192e-37
-4.45951e-38
6.53587e-40
1.69708e-42
3.84791e-42
1.49643e-44
-9.67183e-48
-7.82327e-52
0

0
1.26348e-34
-2.60879e-32
2.90911e-30
-1.88694e-28
2.19212e-27
5.80541e-28
3.1453e-29
6.87577e-31
2.18905e-32
4.76593e-34
8.5675e-36
1.95144e-37
5.3886e-39
6.08984e-40
3.91629e-44
8.36594e-45
1.78459e-43
4.37522e-46
-2.24288e-49
2.19013e-52
0

0
0
0
0
0
0
0
0
0
0
0
0
0
0
0
0
0
0
0
0
0
0


0
0
0
0
0
0
0
0
0
0
0
0
0
0
0
0
0
0
0
0
0
0

0
4.45328e-12
-3.19209e-10
1.34309e-08
-4.02312e-07
7.64147e-06
1.03352e-06
1.08618e-07
8.99047e-09
5.64954e-10
2.17692e-11
8.6069e-13
2.96494e-14
1.38823e-15
6.55573e-17
2.85616e-18
1.01983e-19
4.49734e-21
9.90284e-23
8.41976e-25
7.66391e-27
0

0
1.32168e-12
-1.16872e-10
7.33685e-09
-2.99643e-07
9.8572e-06
1.02711e-06
6.75644e-08
3.80554e-09
1.72475e-10
4.64515e-12
1.44039e-13
4.29399e-15
1.60579e-16
6.0142e-18
2.05175e-19
2.03188e-21
1.38519e-22
3.59606e-24
2.43716e-26
1.79742e-28
0

0
1.94232e-13
-2.95121e-11
1.62105e-09
-8.97956e-08
3.61006e-06
2.86213e-07
1.31414e-08
4.99105e-10
1.46581e-11
2.80768e-13
6.36613e-15
1.85018e-16
4.24624e-18
6.67841e-20
-2.91716e-22
-1.93336e-22
-6.7603e-24
-7.0616e-26
-4.27839e-28
-3.74988e-30
0

0
6.53843e-15
-1.64157e-12
8.78297e-11
-6.3568e-09
3.24309e-07
1.52812e-08
3.88394e-10
4.2494e-12
-1.46381e-13
-4.63935e-15
-1.47413e-16
-3.69575e-18
-1.63681e-19
-5.99409e-21
-1.75189e-22
-1.4987e-23
-2.16575e-25
-1.78781e-27
-1.82715e-30
2.98506e-33
0

0
-3.03147e-16
3.64598e-14
-3.84707e-12
2.90984e-10
-1.4404e-08
-9.67077e-10
-3.55502e-11
-1.005e-12
-2.00094e-14
-2.83525e-16
-4.14119e-18
-6.4844e-20
1.09625e-21
1.13613e-22
6.08171e-24
1.09845e-25
2.70402e-27
1.76297e-29
9.2843e-32
6.74205e-34
0

0
4.62629e-18
-4.41537e-16
5.65514e-14
-4.72644e-12
2.63494e-10
2.15815e-11
9.91e-13
3.74457e-14
9.82852e-16
1.59348e-17
2.90768e-19
6.13178e-21
1.03343e-22
8.11365e-25
-7.07241e-26
-1.3572e-27
-1.40573e-29
8.86873e-32
-5.43704e-34
-8.31921e-36
0

0
4.73127e-20
-9.34058e-18
6.52847e-16
-3.43987e-14
8.51628e-14
-1.08446e-13
-1.08473e-14
-7.3823e-16
-2.27689e-17
-3.92852e-19
-7.86273e-21
-1.95188e-22
-5.20382e-24
-1.23986e-25
-1.22266e-27
-2.00394e-29
-1.03578e-30
-1.23972e-32
-1.85886e-35
-6.8327e-38
0

0
-4.9324e-21
7.26085e-19
-6.82109e-17
4.8026e-15
-2.20284e-13
-1.14431e-14
-2.73384e-16
2.83479e-18
1.90029e-19
3.8661e-21
1.01795e-22
3.52042e-24
1.45924e-25
4.89879e-27
1.32786e-28
2.44367e-30
5.86333e-32
4.57546e-34
5.76157e-37
4.47793e-39
0

0
1.73197e-22
-2.55275e-20
2.52122e-18
-1.85654e-16
1.03686e-14
5.99294e-16
1.89902e-17
3.83403e-19
7.52616e-21
1.08943e-22
1.03762e-24
-1.73278e-26
-2.75946e-27
-1.32822e-28
-5.78124e-30
-1.1188e-31
-2.01618e-33
-1.23072e-35
-9.32902e-39
-1.00023e-40
0

0
-4.41731e-24
6.71418e-22
-6.77929e-20
4.99174e-18
-2.6554e-16
-1.87587e-17
-6.39378e-19
-1.51651e-20
-3.97107e-22
-6.70666e-24
-1.00937e-25
-1.31467e-27
2.7126e-29
2.64156e-30
1.99404e-31
3.73919e-33
3.96573e-35
1.90639e-37
1.38896e-40
1.48287e-42
0

0
9.34833e-26
-1.47544e-23
1.50433e-21
-1.07568e-19
3.08368e-18
3.92736e-19
1.57273e-20
3.79146e-22
1.12626e-23
2.06658e-25
3.41788e-27
5.96574e-29
4.03364e-31
-2.71534e-32
-5.71013e-33
-9.30055e-35
-1.23463e-36
-4.61627e-39
-9.86461e-43
-1.36091e-44
0

0
-1.72866e-27
2.83693e-25
-2.90444e-23
2.00429e-21
-4.79288e-20
-7.12142e-21
-3.18388e-22
-7.64972e-24
-2.44169e-25
-4.7926e-27
-8.35538e-29
-1.63231e-30
-2.13685e-32
-6.53417e-34
1.30903e-34
1.61603e-36
1.64625e-38
3.05428e-41
-1.46771e-44
-6.98807e-47
0

0
2.8652e-29
-4.88834e-27
5.01494e-25
-3.32846e-23
6.65685e-22
1.15338e-22
5.616e-24
1.34407e-25
4.45312e-27
9.23879e-29
1.67329e-30
3.49432e-32
6.05644e-34
4.94403e-35
-2.28655e-36
-1.94827e-38
-1.24835e-40
2.6974e-42
1.2426e-45
8.79867e-48
0

0
-4.30601e-31
7.65571e-29
-7.85989e-27
5.02768e-25
-8.39446e-24
-1.69888e-24
-8.88225e-26
-2.15832e-27
-7.13748e-29
-1.54251e-30
-2.87642e-32
-6.3348e-34
-1.48644e-35
-1.55561e-36
2.05298e-38
1.06248e-40
-2.27927e-42
-1.8731e-43
-7.29026e-47
-3.59042e-49
0

0
5.84593e-33
-1.09412e-30
1.12356e-28
-6.98681e-27
9.87028e-26
2.30288e-26
1.2774e-27
3.19378e-29
1.02582e-30
2.27198e-32
4.332e-34
1.00293e-35
3.01957e-37
2.55091e-38
6.7366e-41
-5.51258e-43
1.39099e-43
7.9068e-45
3.8688e-48
1.10478e-50
0

0
0
0
0
0
0
0
0
0
0
0
0
0
0
0
0
0
0
0
0
0
0


0
0
0
0
0
0
0
0
0
0
0
0
0
0
0
0
0
0
0
0
0
0

0
8.08054e-11
-5.017e-09
1.87431e-07
-5.1227e-06
0.00012225
1.24192e-05
1.51987e-06
1.35426e-07
8.91607e-09
3.88469e-10
1.65602e-11
6.41452e-13
2.84528e-14
1.25575e-15
5.0188e-17
1.63594e-18
6.90802e-20
1.59021e-21
1.63725e-23
1.71162e-25
0

0
2.97133e-11
-2.48474e-09
1.23127e-07
-4.51096e-06
0.000157148
1.62847e-05
1.14784e-06
6.57676e-08
2.98422e-09
9.31545e-11
3.02619e-12
9.56413e-14
3.37835e-15
1.18528e-16
3.70717e-18
8.08426e-20
3.18029e-21
6.80459e-23
5.42534e-25
4.51855e-27
0

0
4.12594e-12
-4.90476e-10
3.10026e-08
-1.68689e-06
7.59892e-05
5.94789e-06
2.65187e-07
9.68144e-09
2.8551e-10
6.07815e-12
1.39144e-13
3.53953e-15
7.52705e-17
1.06552e-18
-1.3611e-20
-3.37711e-21
-8.80515e-23
-1.01239e-24
-8.6757e-27
-8.87021e-29
0

0
1.28318e-13
-2.47348e-11
1.91802e-09
-1.52198e-07
8.87198e-06
4.18846e-07
1.0335e-08
1.38788e-10
-1.34529e-12
-9.17441e-14
-3.35062e-15
-9.74029e-17
-3.69319e-18
-1.23225e-19
-3.2168e-21
-1.45737e-23
-5.76359e-25
-1.74757e-26
-7.88749e-29
-2.40847e-31
0

0
-7.10263e-15
8.66537e-13
-8.76069e-11
6.5376e-09
-3.75607e-07
-2.3636e-08
-8.27036e-10
-2.25627e-11
-4.6469e-13
-6.85048e-15
-9.71528e-17
-1.26807e-18
2.75205e-20
2.54427e-21
1.16393e-22
1.62388e-24
4.56869e-26
5.55218e-28
3.45774e-30
2.7655e-32
0

0
1.21909e-16
-1.19253e-14
1.3807e-12
-1.04609e-10
6.35842e-09
5.15733e-10
2.27883e-11
8.16477e-13
2.14915e-14
3.77555e-16
7.04009e-18
1.42737e-19
2.35562e-21
1.43093e-23
-1.77699e-24
-3.09244e-26
-5.71027e-28
-2.41775e-30
-3.09601e-32
-3.92334e-34
0

0
7.31797e-19
-1.66746e-16
1.20188e-14
-7.55254e-13
6.9441e-12
-2.75962e-12
-2.54231e-13
-1.50672e-14
-4.88674e-16
-9.44869e-18
-1.97674e-19
-4.7667e-21
-1.21882e-22
-2.74639e-24
-2.21154e-26
-2.70751e-28
-1.49197e-29
-2.44655e-31
-5.69711e-34
-9.57478e-37
0

0
-1.12357e-19
1.58427e-17
-1.47793e-15
1.03914e-13
-4.54862e-12
-2.42127e-13
-5.96099e-15
1.50602e-17
3.81715e-18
9.88104e-20
2.76258e-21
9.09204e-23
3.46112e-24
1.11384e-25
2.69223e-27
4.92478e-29
1.17355e-30
1.12946e-32
2.72907e-35
1.61729e-37
0

0
4.20374e-21
-5.84748e-19
5.61029e-17
-4.00737e-15
2.04485e-13
1.24197e-14
4.23726e-16
9.6989e-18
1.77667e-19
2.47399e-21
2.04406e-23
-5.60144e-25
-6.42984e-26
-3.03058e-27
-1.182e-28
-2.49287e-30
-4.65138e-32
-3.49414e-34
-6.43272e-37
-4.23181e-39
0

0
-1.11706e-22
1.59093e-20
-1.54176e-18
1.10307e-16
-5.82444e-15
-3.8973e-16
-1.44025e-17
-3.92267e-19
-9.49849e-21
-1.6408e-22
-2.52874e-24
-3.20707e-26
5.23548e-28
5.92418e-29
4.01462e-30
9.12067e-32
1.52396e-33
9.63982e-36
1.16066e-38
7.17954e-41
0

0
2.44743e-24
-3.60131e-22
3.4984e-20
-2.43455e-18
8.90969e-17
8.89204e-18
3.64609e-19
1.02503e-20
2.80696e-22
5.28372e-24
9.07736e-26
1.58618e-27
1.54047e-29
-6.02332e-31
-1.17193e-31
-2.61431e-33
-4.72684e-35
-2.46836e-37
-1.58866e-40
-7.85429e-43
0

0
-4.67388e-26
7.11806e-24
-6.91183e-22
4.64379e-20
-1.34221e-18
-1.67886e-19
-7.62476e-21
-2.15521e-22
-6.36701e-24
-1.27798e-25
-2.32683e-27
-4.59555e-29
-8.00346e-31
-1.36621e-32
2.82085e-33
5.50874e-35
1.2222e-36
4.90679e-39
-5.33383e-44
-2.18485e-45
0

0
7.9931e-28
-1.25893e-25
1.22228e-23
-7.92715e-22
1.95891e-20
2.82364e-21
1.38993e-22
3.92821e-24
1.21589e-25
2.57091e-27
4.87685e-29
1.03695e-30
2.23013e-32
1.06779e-33
-4.78182e-35
-7.67834e-37
-2.06285e-38
1.2953e-41
1.72896e-43
5.54529e-46
0

0
-1.23984e-29
2.01951e-27
-1.96396e-25
1.23425e-23
-2.65903e-22
-4.3267e-23
-2.27338e-24
-6.43245e-26
-2.0375e-27
-4.48581e-29
-8.78249e-31
-1.97639e-32
-5.1582e-34
-3.82066e-35
3.75344e-37
7.93585e-39
2.1094e-41
-8.14806e-42
-1.25421e-44
-2.76393e-47
0

0
1.74391e-31
-2.94982e-29
2.88468e-27
-1.77128e-25
3.36369e-24
6.11046e-25
3.38716e-26
9.62074e-28
3.05857e-29
6.92369e-31
1.38945e-32
3.29116e-34
1.0363e-35
9.20547e-37
6.13108e-39
-9.04354e-41
1.28937e-41
4.61744e-43
4.78638e-46
9.83975e-49
0

0
0
0
0
0
0
0
0
0
0
0
0
0
0
0
0
0
0
0
0
0
0


0
0
0
0
0
1
0
0
0
0
0
0
0
0
0
0
0
0
0
0
0
0

0
6.67156e-10
-3.56459e-08
1.1604e-06
-2.75733e-05
0.000921604
7.12015e-05
9.9059e-06
9.64543e-07
6.73174e-08
3.3192e-09
1.51288e-10
6.30968e-12
2.7349e-13
1.14187e-14
4.27415e-16
1.36157e-17
5.19982e-19
1.20435e-20
1.48134e-22
1.78973e-24
0

0
2.97206e-10
-2.21948e-08
1.00012e-06
-3.44294e-05
0.00128618
0.000127008
9.396e-06
5.52922e-07
2.56329e-08
8.87108e-10
3.02377e-11
9.94385e-13
3.40275e-14
1.13071e-15
3.32948e-17
8.0901e-19
2.70473e-20
5.58284e-22
5.41978e-24
5.21969e-26
0

0
4.30662e-11
-4.55771e-09
2.91304e-07
-1.61843e-05
0.00102089
6.41773e-05
2.64131e-06
9.26191e-08
2.7167e-09
6.23211e-11
1.45068e-12
3.47746e-14
6.91616e-16
8.64092e-18
-1.54427e-19
-1.82585e-20
-5.24434e-22
-7.39801e-24
-8.32486e-26
-9.94288e-28
0

0
1.34451e-12
-2.33981e-10
2.145e-08
-1.92178e-06
0.000180946
6.43362e-06
1.38177e-07
1.94515e-09
-8.45923e-13
-8.5088e-13
-3.58434e-14
-1.14663e-15
-3.99325e-17
-1.23195e-18
-2.98202e-20
-2.98798e-22
-9.46015e-24
-1.97821e-25
-1.29315e-27
-6.71824e-30
0

0
-8.23904e-14
1.00568e-11
-9.57423e-10
6.84794e-08
-3.16479e-06
-2.68145e-07
-9.31926e-09
-2.45888e-10
-5.09551e-12
-7.86105e-14
-1.10024e-15
-1.1536e-17
3.44556e-19
2.71642e-20
1.12523e-21
2.2565e-23
5.86883e-25
7.70161e-27
5.71296e-29
4.8502e-31
0

0
1.55589e-15
-1.56331e-13
1.5317e-11
-9.33501e-10
2.79701e-08
5.18632e-09
2.46682e-10
8.58393e-12
2.25879e-13
4.26536e-15
8.1546e-17
1.60152e-18
2.56801e-20
1.25647e-22
-1.76176e-23
-4.91515e-25
-1.07581e-26
-9.21809e-29
-7.34734e-31
-7.8925e-33
0

0
4.0882e-18
-1.36421e-15
1.28945e-13
-1.33952e-11
9.80199e-10
-1.42692e-11
-2.63557e-12
-1.51888e-13
-5.06634e-15
-1.08306e-16
-2.36953e-18
-5.62725e-20
-1.38579e-21
-2.94173e-23
-2.29402e-25
9.65141e-28
-3.45188e-29
-1.509e-30
-5.15527e-33
1.24527e-35
0

0
-1.25237e-18
1.71362e-16
-1.63529e-14
1.21852e-12
-6.1857e-11
-2.92557e-12
-6.93438e-14
-1.6551e-16
3.65718e-17
1.18241e-18
3.52609e-20
1.12852e-21
3.99913e-23
1.22383e-24
2.71135e-26
4.38807e-28
1.04315e-29
1.21223e-31
5.04772e-34
2.67968e-36
0

0
4.99884e-20
-6.63115e-18
6.2728e-16
-4.45115e-14
2.16575e-12
1.35655e-13
4.76023e-15
1.14234e-16
2.06705e-18
2.78715e-20
1.9074e-22
-8.13874e-24
-7.41344e-25
-3.3542e-26
-1.18305e-27
-2.53091e-29
-5.12222e-31
-4.6132e-33
-1.58713e-35
-8.61831e-38
0

0
-1.38292e-21
1.86018e-19
-1.74606e-17
1.2103e-15
-5.80102e-14
-4.11721e-15
-1.61983e-16
-4.67805e-18
-1.10494e-19
-1.95737e-21
-3.06942e-23
-3.80169e-25
5.32297e-27
6.51344e-28
3.89835e-29
1.00253e-30
1.95533e-32
1.47143e-34
3.81167e-37
1.74691e-39
0

0
3.13479e-23
-4.32718e-21
4.0338e-19
-2.72351e-17
1.15554e-15
9.80408e-17
4.17773e-18
1.27753e-19
3.37829e-21
6.55432e-23
1.164e-24
2.04226e-26
2.27046e-28
-6.358e-30
-1.09727e-30
-3.21907e-32
-6.76451e-34
-4.30937e-36
-7.71457e-39
-2.44011e-41
0

0
-6.18029e-25
8.78298e-23
-8.14039e-21
5.32998e-19
-1.88293e-17
-1.94176e-18
-8.99142e-20
-2.80804e-21
-7.98643e-23
-1.64881e-24
-3.12032e-26
-6.2405e-28
-1.18979e-29
-1.60312e-31
2.57849e-32
8.27166e-34
2.10987e-35
1.09784e-37
9.35911e-41
3.51948e-44
0

0
1.09042e-26
-1.59523e-24
1.47326e-22
-9.35449e-21
2.85455e-19
3.39537e-20
1.69164e-21
5.33015e-23
1.5929e-24
3.4544e-26
6.83092e-28
1.47959e-29
3.50224e-31
1.20466e-32
-4.16653e-34
-1.63136e-35
-5.00138e-37
-1.28749e-39
3.93526e-42
1.79511e-44
0

0
-1.7459e-28
2.62754e-26
-2.42661e-24
1.49997e-22
-4.06113e-21
-5.40158e-22
-2.85893e-23
-9.0433e-25
-2.78912e-26
-6.28743e-28
-1.28586e-29
-2.95882e-31
-8.23683e-33
-4.51574e-34
1.41691e-36
2.42766e-37
4.65494e-39
-1.01766e-40
-4.61397e-43
-1.15005e-45
0

0
2.54248e-30
-3.94411e-28
3.66306e-26
-2.22085e-24
5.4165e-23
7.93046e-24
4.40953e-25
1.39594e-26
4.37795e-28
1.01511e-29
2.13191e-31
5.17262e-33
1.67941e-34
1.25932e-35
1.78666e-37
-2.17786e-39
2.77003e-40
8.97538e-42
2.58714e-44
4.96068e-47
0

0
0
0
0
0
0
0
0
0
0
0
0
0
0
0
0
0
0
0
0
0
0


0
0
0
0
0
0
0
0
0
0
0
0
0
0
0
0
0
0
0
0
0
0

0
-1.25975e-11
6.39953e-10
-2.35304e-08
7.50726e-07
-2.98877e-05
-2.6719e-06
-2.51444e-07
-2.37417e-08
-1.71761e-09
-8.456e-11
-3.75348e-12
-1.52289e-13
-6.64895e-15
-2.92429e-16
-1.18079e-17
-4.07376e-19
-1.66078e-20
-4.21179e-22
-5.87229e-24
-7.24077e-26
0

0
-8.57448e-12
6.23924e-10
-3.04288e-08
1.11531e-06
-3.21596e-05
-4.28397e-06
-3.16922e-07
-1.83638e-08
-8.46651e-10
-2.88946e-11
-9.42644e-13
-2.96153e-14
-9.94762e-16
-3.37788e-17
-1.04768e-18
-2.7753e-20
-9.41675e-22
-2.06515e-23
-2.34241e-25
-2.38281e-27
0

0
-1.33607e-12
1.3419e-10
-8.9246e-09
4.74363e-07
-1.89838e-05
-1.74294e-06
-8.28789e-08
-3.07698e-09
-9.33641e-11
-2.19449e-12
-5.02349e-14
-1.1485e-15
-2.36449e-17
-3.60212e-19
1.78102e-21
4.33455e-22
1.5206e-23
2.55864e-25
3.2258e-27
3.84182e-29
0

0
-3.86929e-14
6.2271e-12
-5.91639e-10
4.86408e-08
-3.13589e-06
-1.53511e-07
-3.87077e-09
-5.95015e-11
-4.39262e-14
2.5538e-14
1.08995e-15
3.50019e-17
1.19012e-18
3.74533e-20
9.6477e-22
1.4296e-23
3.84234e-25
7.6457e-27
6.38887e-29
4.38294e-31
0

0
2.3994e-15
-2.92788e-13
2.67403e-11
-1.76998e-09
6.1533e-08
6.66424e-09
2.59855e-10
7.25739e-12
1.57209e-13
2.53995e-15
3.62499e-17
3.89181e-19
-7.79806e-21
-7.29024e-22
-3.24368e-23
-7.87427e-25
-2.06956e-26
-3.00796e-28
-2.62823e-30
-2.26696e-32
0

0
-4.32335e-17
4.49118e-15
-3.97944e-13
2.10727e-11
-2.27572e-10
-1.17269e-10
-6.39561e-12
-2.33349e-13
-6.3585e-15
-1.2511e-16
-2.38604e-18
-4.58429e-20
-7.61455e-22
-5.41096e-24
4.34903e-25
1.64574e-26
3.97329e-28
4.13305e-30
3.49852e-32
3.37555e-34
0

0
-1.87506e-19
4.64378e-17
-5.08132e-15
5.05171e-13
-3.43276e-11
-3.01898e-13
4.95657e-14
3.48679e-15
1.25712e-16
2.85322e-18
6.2811e-20
1.45847e-21
3.5709e-23
7.85623e-25
7.71773e-27
-5.23368e-29
-3.09837e-31
3.51621e-32
1.9673e-34
3.27307e-38
0

0
3.61752e-20
-5.03426e-18
4.86994e-16
-3.58061e-14
1.7011e-12
9.294e-14
2.5182e-15
2.776e-17
-4.23204e-19
-2.29048e-20
-7.75316e-22
-2.5385e-23
-9.01025e-25
-2.88399e-26
-6.86818e-28
-1.12886e-29
-2.87473e-31
-3.94602e-33
-2.30274e-35
-1.307e-37
0

0
-1.35922e-21
1.84799e-19
-1.74785e-17
1.21862e-15
-5.43301e-14
-3.76874e-15
-1.38253e-16
-3.47171e-18
-6.66922e-20
-9.74464e-22
-9.85767e-24
7.85e-26
1.3495e-26
6.91277e-28
2.62699e-29
6.16683e-31
1.43728e-32
1.51943e-34
7.45936e-37
4.00291e-39
0

0
3.5811e-23
-4.94594e-21
4.62376e-19
-3.15127e-17
1.37566e-15
1.06351e-16
4.33058e-18
1.26262e-19
2.98534e-21
5.38256e-23
8.602e-25
1.1766e-26
-8.73334e-30
-1.09721e-29
-7.53085e-31
-2.2744e-32
-5.20076e-34
-4.55867e-36
-1.77199e-38
-7.89902e-41
0

0
-7.74604e-25
1.09906e-22
-1.02015e-20
6.8263e-19
-2.81147e-17
-2.42417e-18
-1.05417e-19
-3.24991e-21
-8.43315e-23
-1.64467e-24
-2.90881e-26
-5.0726e-28
-6.98307e-30
4.18607e-32
1.76874e-32
6.77779e-34
1.62128e-35
1.17268e-37
3.2798e-40
1.0205e-42
0

0
1.45699e-26
-2.13092e-24
1.96968e-22
-1.29167e-20
4.7719e-19
4.68608e-20
2.16639e-21
6.83447e-23
1.88214e-24
3.86664e-26
7.21427e-28
1.39623e-29
2.72345e-31
4.84738e-33
-3.22678e-34
-1.61726e-35
-4.33356e-37
-2.32385e-39
-2.58533e-42
3.36852e-45
0

0
-2.44965e-28
3.69368e-26
-3.41046e-24
2.19128e-22
-7.25055e-21
-7.9894e-22
-3.90841e-23
-1.24511e-24
-3.56977e-26
-7.63168e-28
-1.47673e-29
-3.05196e-31
-7.09119e-33
-2.3442e-34
3.24742e-36
2.90985e-37
8.29406e-39
5.11671e-42
-1.97728e-43
-9.66995e-46
0

0
3.72882e-30
-5.7934e-28
5.3655e-26
-3.38815e-24
1.01895e-22
1.23388e-23
6.3334e-25
2.02439e-26
5.95348e-28
1.312e-29
2.60843e-31
5.66544e-33
1.50359e-34
7.24144e-36
4.7216e-38
-3.87961e-39
-4.14838e-41
2.5738e-42
1.5172e-44
4.94099e-47
0

0
-5.13717e-32
8.24076e-30
-7.70228e-28
4.81135e-26
-1.3325e-24
-1.748e-25
-9.32872e-27
-2.97804e-28
-8.87493e-30
-1.99766e-31
-4.05441e-33
-9.19456e-35
-2.76538e-36
-1.7757e-37
-3.61677e-39
8.05046e-41
-3.22087e-42
-1.38561e-43
-6.09827e-46
-1.65072e-48
0

0
0
0
0
0
0
0
0
0
0
0
0
0
0
0
0
0
0
0
0
0
0


0
0
0
0
0
0
0
0
0
0
0
0
0
0
0
0
0
0
0
0
0
0

0
6.65348e-14
-2.77863e-12
1.22889e-10
-7.04051e-09
4.17143e-07
2.9251e-08
2.04889e-09
2.14389e-10
1.7751e-11
9.12174e-13
4.0653e-14
1.63916e-15
7.34441e-17
3.4532e-18
1.51921e-19
5.74077e-21
2.54515e-22
7.07448e-24
1.09419e-25
1.37683e-27
0

0
1.1747e-13
-8.53142e-12
4.35714e-10
-1.61331e-08
4.22979e-07
6.57146e-08
4.99116e-09
2.88196e-10
1.32249e-11
4.46327e-13
1.40228e-14
4.23934e-16
1.39524e-17
4.8179e-19
1.5669e-20
4.45485e-22
1.56706e-23
3.6747e-25
4.72798e-27
5.05245e-29
0

0
2.01419e-14
-1.97759e-12
1.343e-10
-6.85709e-09
2.25472e-07
2.48862e-08
1.29201e-09
4.98211e-11
1.5455e-12
3.69592e-14
8.33827e-16
1.84775e-17
3.89179e-19
6.78994e-21
2.30054e-23
-4.90801e-24
-2.15674e-25
-4.26264e-27
-5.87271e-29
-6.96168e-31
0

0
5.52183e-16
-8.45562e-14
8.22475e-12
-6.40074e-10
3.32586e-08
1.95285e-09
5.50196e-11
9.13079e-13
2.10779e-15
-3.58544e-16
-1.57189e-17
-5.0431e-19
-1.6823e-20
-5.38903e-22
-1.4698e-23
-2.67184e-25
-6.94827e-27
-1.39595e-28
-1.39781e-30
-1.1253e-32
0

0
-3.39811e-17
4.15331e-15
-3.69769e-13
2.33684e-11
-7.5922e-10
-8.61523e-11
-3.61004e-12
-1.05147e-13
-2.35562e-15
-3.9535e-17
-5.76148e-19
-6.50097e-21
7.14436e-23
9.01676e-24
4.33981e-25
1.20719e-26
3.35574e-28
5.43113e-30
5.42058e-32
4.79761e-34
0

0
5.79736e-19
-6.19627e-17
5.05913e-15
-2.39382e-13
9.37365e-13
1.36341e-12
8.19075e-14
3.10545e-15
8.69423e-17
1.7665e-18
3.3598e-20
6.33085e-22
1.07983e-23
1.01384e-25
-4.71064e-27
-2.32722e-28
-6.36852e-30
-7.87613e-32
-7.2858e-34
-6.6382e-36
0

0
3.6017e-21
-7.5219e-19
8.81272e-17
-8.35894e-15
5.02705e-13
1.12187e-14
-3.86219e-16
-3.82148e-17
-1.49999e-18
-3.59576e-20
-7.96761e-22
-1.81237e-23
-4.391e-25
-9.96778e-27
-1.20543e-28
5.99811e-31
1.44657e-32
-3.76934e-34
-3.24419e-36
-8.75911e-39
0

0
-5.0579e-22
7.15172e-20
-6.97907e-18
5.06691e-16
-2.25192e-14
-1.37581e-15
-4.08845e-17
-6.39387e-19
-1.42847e-21
1.78348e-22
7.76098e-24
2.68114e-25
9.6183e-27
3.1939e-28
8.14075e-30
1.40181e-31
3.74482e-33
5.91402e-35
4.37337e-37
2.72487e-39
0

0
1.78987e-23
-2.49408e-21
2.35683e-19
-1.62091e-17
6.75482e-16
5.05701e-17
1.92089e-18
4.97962e-20
9.96341e-22
1.53665e-23
1.83416e-25
4.99401e-28
-1.10169e-28
-6.58359e-30
-2.68552e-31
-6.87524e-33
-1.79818e-34
-2.21007e-36
-1.38822e-38
-7.90254e-41
0

0
-4.48853e-25
6.36959e-23
-5.93243e-21
3.99074e-19
-1.62896e-17
-1.33983e-18
-5.59103e-20
-1.64107e-21
-3.87909e-23
-7.07593e-25
-1.14079e-26
-1.63866e-28
-9.63987e-31
7.9941e-32
6.56826e-33
2.27097e-34
5.92873e-36
6.04852e-38
3.09011e-40
1.47147e-42
0

0
9.25594e-27
-1.35122e-24
1.24918e-22
-8.28821e-21
3.27587e-19
2.91332e-20
1.28668e-21
3.97902e-23
1.01653e-24
1.98422e-26
3.47691e-28
5.96436e-30
9.01601e-32
3.85757e-34
-1.24985e-34
-6.01428e-36
-1.61082e-37
-1.32669e-39
-4.92404e-42
-1.64363e-44
0

0
-1.6591e-28
2.49979e-26
-2.30404e-24
1.50953e-22
-5.61034e-21
-5.4429e-22
-2.51976e-23
-7.97788e-25
-2.1399e-26
-4.3628e-28
-7.994e-30
-1.48969e-31
-2.881e-33
-5.69891e-35
1.60563e-36
1.25738e-37
3.52506e-39
1.87527e-41
1.22581e-44
-1.58861e-46
0

0
2.65453e-30
-4.12966e-28
3.80957e-26
-2.46623e-24
8.51664e-23
8.99798e-24
4.3469e-25
1.39028e-26
3.85132e-28
8.10686e-30
1.53009e-31
3.00623e-33
6.68784e-35
2.06259e-36
-7.54594e-40
-1.92341e-39
-4.63004e-41
2.4342e-43
3.69918e-45
1.90875e-47
0

0
-3.83541e-32
6.15906e-30
-5.71292e-28
3.66498e-26
-1.1804e-24
-1.34412e-25
-6.73519e-27
-2.16026e-28
-6.10301e-30
-1.3148e-31
-2.53428e-33
-5.17994e-35
-1.2845e-36
-5.34559e-38
-7.02664e-40
1.54465e-41
-4.94129e-43
-3.19792e-44
-2.11886e-46
-8.22995e-49
0

0
4.98949e-34
-8.29061e-32
7.78186e-30
-4.97605e-28
1.50762e-26
1.83118e-27
9.44889e-29
3.02315e-30
8.6202e-32
1.88519e-33
3.68878e-35
7.79919e-37
2.14158e-38
1.13681e-39
2.64161e-41
3.77932e-43
5.48903e-44
1.39055e-45
7.38262e-48
2.44401e-50
0

0
0
0
0
0
0
0
0
0
0
0
0
0
0
0
0
0
0
0
0
0
0


0
0
0
0
0
0
0
0
0
0
0
0
0
0
0
0
0
0
0
0
0
0

0
5.13412e-16
-3.99138e-14
1.34203e-12
1.54706e-11
-3.65238e-09
-1.06457e-10
4.07119e-12
-2.4117e-13
-7.192e-14
-4.67936e-15
-2.30336e-16
-9.73396e-18
-4.71311e-19
-2.46027e-20
-1.20613e-21
-5.07367e-23
-2.49678e-24
-7.61137e-26
-1.28105e-27
-1.63796e-29
0

0
-1.01525e-15
7.44272e-14
-3.90385e-12
1.45121e-10
-3.57117e-09
-6.28187e-10
-4.92637e-11
-2.84998e-12
-1.30342e-13
-4.3561e-15
-1.32379e-16
-3.86434e-18
-1.24578e-19
-4.3643e-21
-1.48531e-22
-4.51949e-24
-1.67333e-25
-4.20511e-27
-5.98508e-29
-6.6552e-31
0

0
-1.96818e-16
1.9213e-14
-1.31953e-12
6.54042e-11
-1.90622e-09
-2.38639e-10
-1.31854e-11
-5.22325e-13
-1.64339e-14
-3.97349e-16
-8.83541e-18
-1.90972e-19
-4.07067e-21
-7.80422e-23
-7.11778e-25
3.26668e-26
1.95902e-27
4.53664e-29
6.70473e-31
7.87011e-33
0

0
-5.19766e-18
7.70345e-16
-7.60225e-14
5.68892e-12
-2.58754e-10
-1.71647e-11
-5.23659e-13
-9.29923e-15
-3.86161e-17
3.11329e-18
1.42953e-19
4.58054e-21
1.50315e-22
4.89101e-24
1.40586e-25
2.93294e-27
7.78529e-29
1.62111e-30
1.86226e-32
1.66368e-34
0

0
3.12222e-19
-3.83492e-17
3.35337e-15
-2.04991e-13
6.36709e-12
7.46189e-13
3.30132e-14
9.93447e-16
2.28415e-17
3.9538e-19
5.87592e-21
7.00803e-23
-2.61882e-25
-6.82075e-26
-3.60043e-27
-1.12214e-28
-3.39537e-30
-6.13342e-32
-6.81625e-34
-6.18371e-36
0

0
-4.99719e-21
5.47454e-19
-4.16506e-17
1.76464e-15
1.90179e-15
-1.049e-14
-6.84846e-16
-2.68564e-17
-7.68256e-19
-1.60013e-20
-3.03212e-22
-5.61072e-24
-9.74656e-26
-1.12228e-27
2.90092e-29
1.92061e-30
6.13579e-32
8.97252e-34
9.05752e-36
7.99101e-38
0

0
-4.161e-23
7.81338e-21
-9.41664e-19
8.58354e-17
-4.65264e-15
-1.51608e-16
1.06439e-18
2.61144e-19
1.13963e-20
2.88156e-22
6.43288e-24
1.43588e-25
3.43076e-27
7.99082e-29
1.14928e-30
-1.35873e-33
-1.46425e-34
2.64617e-36
3.37533e-38
1.844e-40
0

0
4.56558e-24
-6.5559e-22
6.43051e-20
-4.62011e-18
1.94537e-16
1.29115e-17
4.10737e-19
7.6203e-21
6.88098e-23
-4.60241e-25
-4.51289e-26
-1.74911e-27
-6.44679e-29
-2.21378e-30
-6.00113e-32
-1.11042e-33
-3.12589e-35
-5.58242e-37
-4.92404e-39
-3.3417e-41
0

0
-1.52149e-25
2.17168e-23
-2.04926e-21
1.39496e-19
-5.52358e-18
-4.37387e-19
-1.7077e-20
-4.53172e-22
-9.3261e-24
-1.49362e-25
-1.94484e-27
-1.46071e-29
4.99553e-31
3.83594e-32
1.68543e-33
4.67083e-35
1.38008e-36
1.97671e-38
1.49458e-40
9.09965e-43
0

0
3.62884e-27
-5.29038e-25
4.91016e-23
-3.27061e-21
1.26984e-19
1.09311e-20
4.64386e-22
1.3692e-23
3.22977e-25
5.93078e-27
9.57105e-29
1.40276e-30
1.32777e-32
-3.07701e-34
-3.44326e-35
-1.33222e-36
-4.04699e-38
-4.87178e-40
-3.05486e-42
-1.56772e-44
0

0
-7.12686e-29
1.07056e-26
-9.86054e-25
6.49623e-23
-2.47495e-21
-2.2646e-22
-1.01119e-23
-3.12718e-25
-7.87584e-27
-1.53295e-28
-2.64959e-30
-4.43537e-32
-6.94432e-34
-6.7363e-36
5.05509e-37
2.99454e-38
9.36679e-40
8.96483e-42
4.0694e-44
1.43645e-46
0

0
1.21594e-30
-1.88771e-28
1.73497e-26
-1.13463e-24
4.178e-23
4.0641e-24
1.88422e-25
5.96173e-27
1.56287e-28
3.15423e-30
5.65616e-32
1.01046e-33
1.89518e-35
3.84277e-37
-3.36991e-39
-5.13909e-40
-1.60307e-41
-7.73511e-44
1.41896e-46
2.58912e-48
0

0
-1.84887e-32
2.96808e-30
-2.73455e-28
1.77878e-26
-6.26266e-25
-6.47732e-26
-3.10061e-27
-9.9082e-29
-2.6646e-30
-5.51514e-32
-1.01236e-33
-1.88457e-35
-3.94475e-37
-1.10985e-38
-8.40292e-41
5.92851e-42
9.64918e-44
-3.29343e-45
-3.69304e-47
-2.03177e-49
0

0
2.53161e-34
-4.20269e-32
3.90118e-30
-2.53217e-28
8.51457e-27
9.31877e-28
4.5816e-29
1.46735e-30
4.00389e-32
8.42974e-34
1.57135e-35
3.01359e-37
6.87322e-39
2.44257e-40
3.9998e-42
-3.57371e-44
5.7969e-45
2.25789e-46
1.69837e-48
7.56063e-51
0

0
-3.10355e-36
5.34396e-34
-5.03131e-32
3.27681e-30
-1.05739e-28
-1.21648e-29
-6.10633e-31
-1.94885e-32
-5.34691e-34
-1.13665e-35
-2.1396e-37
-4.20636e-39
-1.03999e-40
-4.49848e-42
-1.02984e-43
1.75121e-45
-2.7148e-46
-7.96803e-48
-5.14333e-50
-2.00502e-52
0

0
0
0
0
0
0
0
0
0
0
0
0
0
0
0
0
0
0
0
0
0
0


0
0
0
0
0
0
0
0
0
0
0
0
0
0
0
0
0
0
0
0
0
0

0
-1.12203e-17
7.47138e-16
-2.83089e-14
3.04864e-13
2.30979e-11
-9.14141e-13
-2.44385e-13
-1.42229e-14
-3.33128e-16
-1.18179e-19
4.33784e-19
2.73995e-20
1.77718e-21
1.14705e-22
6.57394e-24
3.15355e-25
1.76424e-26
5.89573e-28
1.0586e-29
1.36272e-31
0

0
6.17445e-18
-4.57946e-16
2.43393e-14
-9.03003e-13
2.12592e-11
4.21174e-12
3.41993e-13
1.99212e-14
9.10405e-16
3.01419e-17
8.8867e-19
2.50959e-20
7.93513e-22
2.82048e-23
1.00466e-24
3.27341e-26
1.29426e-27
3.484e-29
5.35019e-31
6.10255e-33
0

0
1.40011e-18
-1.37198e-16
9.48714e-15
-4.5991e-13
1.22735e-11
1.69661e-12
9.84316e-14
3.97791e-15
1.26203e-16
3.0656e-18
6.7079e-20
1.41609e-21
3.03004e-23
6.2161e-25
8.28575e-27
-1.23928e-28
-1.26819e-29
-3.45983e-31
-5.38342e-33
-6.19444e-35
0

0
3.61626e-20
-5.24092e-18
5.21805e-16
-3.79281e-14
1.57425e-12
1.14423e-13
3.71424e-15
7.0146e-17
4.2974e-19
-1.85059e-20
-9.17653e-22
-2.94462e-23
-9.53355e-25
-3.14913e-26
-9.51103e-28
-2.2141e-29
-6.20329e-31
-1.35551e-32
-1.72097e-34
-1.64046e-36
0

0
-2.0914e-21
2.58879e-19
-2.23356e-17
1.33041e-15
-3.96343e-14
-4.80514e-15
-2.22178e-16
-6.86148e-18
-1.60967e-19
-2.85348e-21
-4.30972e-23
-5.40225e-25
-9.16135e-28
3.51067e-28
2.0846e-29
7.22669e-31
2.44468e-32
4.93087e-34
5.93781e-36
5.46158e-38
0

0
3.10891e-23
-3.4823e-21
2.48214e-19
-9.27803e-18
-7.34636e-17
5.88833e-17
4.17742e-18
1.69031e-19
4.92173e-21
1.04412e-22
1.96779e-24
3.57636e-26
6.28105e-28
8.40323e-30
-1.04455e-31
-1.05924e-32
-4.11173e-34
-7.10229e-36
-7.68386e-38
-6.59277e-40
0

0
3.34067e-25
-5.85963e-23
7.1073e-21
-6.26667e-19
3.13513e-17
1.28154e-18
7.51103e-21
-1.20751e-21
-6.14164e-23
-1.64386e-24
-3.70401e-26
-8.12619e-28
-1.9106e-29
-4.54348e-31
-7.52104e-33
-2.35399e-35
7.2203e-37
-1.45695e-38
-2.5852e-40
-2.10072e-42
0

0
-2.98972e-26
4.35912e-24
-4.28705e-22
3.05386e-20
-1.23325e-18
-8.7057e-20
-2.91748e-21
-6.00033e-23
-7.61483e-25
-3.65356e-27
1.51813e-28
7.74483e-30
3.02495e-31
1.07796e-32
3.09046e-34
6.22644e-36
1.9012e-37
3.80284e-39
3.80565e-41
2.74792e-43
0

0
9.37909e-28
-1.37026e-25
1.29104e-23
-8.7207e-22
3.32254e-20
2.74129e-21
1.09369e-22
2.95239e-24
6.19451e-26
1.01793e-27
1.39088e-29
1.38607e-31
-1.08743e-33
-1.51863e-34
-7.29552e-36
-2.17583e-37
-7.50851e-39
-1.26143e-40
-1.09059e-42
-6.97811e-45
0

0
-2.12551e-29
3.18151e-27
-2.94403e-25
1.94663e-23
-7.27647e-22
-6.47621e-23
-2.7874e-24
-8.23629e-26
-1.93548e-27
-3.56137e-29
-5.71464e-31
-8.38563e-33
-9.56158e-35
4.70324e-37
1.21114e-37
5.1894e-39
1.93019e-40
2.79215e-42
2.03087e-44
1.09911e-46
0

0
3.97131e-31
-6.13546e-29
5.63335e-27
-3.6909e-25
1.36387e-23
1.27705e-24
5.74393e-26
1.77211e-27
4.40181e-29
8.51369e-31
1.44533e-32
2.34483e-34
3.67042e-36
4.60181e-38
-1.24185e-39
-9.45727e-41
-3.74249e-42
-4.27418e-44
-2.21377e-46
-7.81895e-49
0

0
-6.44155e-33
1.02996e-30
-9.44265e-29
6.16417e-27
-2.23858e-25
-2.19297e-26
-1.01711e-27
-3.20617e-29
-8.23096e-31
-1.64029e-32
-2.86848e-34
-4.89112e-36
-8.7455e-38
-1.73444e-39
-2.82949e-42
1.23275e-42
4.71959e-44
1.40802e-46
-2.25493e-48
-2.32681e-50
0

0
9.29612e-35
-1.5393e-32
1.41643e-30
-9.24389e-29
3.27711e-27
3.35422e-28
1.59338e-29
5.07005e-31
1.32773e-32
2.69785e-34
4.80151e-36
8.43852e-38
1.63928e-39
4.1369e-41
4.80632e-43
-8.74345e-45
1.39705e-46
2.21625e-47
2.38217e-49
1.37849e-51
0

0
-1.20453e-36
2.06636e-34
-1.91895e-32
1.25677e-30
-4.34086e-29
-4.62917e-30
-2.24054e-31
-7.14068e-33
-1.88896e-34
-3.88354e-36
-6.98182e-38
-1.25229e-39
-2.59387e-41
-7.80108e-43
-1.32469e-44
-1.58336e-47
-2.93128e-47
-1.09927e-48
-9.21826e-51
-4.50331e-53
0

0
1.38886e-38
-2.47767e-36
2.33847e-34
-1.54557e-32
5.21505e-31
5.77041e-32
2.83075e-33
8.98254e-35
2.38111e-36
4.91966e-38
8.88707e-40
1.61963e-41
3.56322e-43
1.24578e-44
2.56553e-46
4.31206e-48
1.0092e-48
3.32495e-50
2.47459e-52
1.07653e-54
0

0
0
0
0
0
0
0
0
0
0
0
0
0
0
0
0
0
0
0
0
0
0


0
0
0
0
0
0
0
0
0
0
0
0
0
0
0
0
0
0
0
0
0
0

0
9.72207e-20
-6.43703e-18
2.54047e-16
-3.85251e-15
-1.16481e-13
1.57079e-14
2.72426e-15
1.77588e-16
6.92782e-18
1.91403e-19
3.94571e-21
5.25849e-23
-2.39848e-24
-3.39687e-25
-2.56721e-26
-1.46216e-27
-9.56946e-29
-3.49815e-30
-6.55368e-32
-8.36809e-34
0

0
-2.77801e-20
2.07356e-18
-1.10223e-16
4.04434e-15
-9.2298e-14
-2.09554e-14
-1.76981e-15
-1.04487e-16
-4.79365e-18
-1.57184e-19
-4.5066e-21
-1.23333e-22
-3.83855e-24
-1.38804e-25
-5.18366e-27
-1.80962e-28
-7.74837e-30
-2.22512e-31
-3.58583e-33
-4.11229e-35
0

0
-7.70996e-21
7.63067e-19
-5.30704e-17
2.5295e-15
-6.28977e-14
-9.47386e-15
-5.71387e-16
-2.34277e-17
-7.45984e-19
-1.80761e-20
-3.88209e-22
-8.00043e-24
-1.71007e-25
-3.69044e-27
-6.10413e-29
1.10624e-31
6.19159e-32
2.0002e-33
3.21122e-35
3.56984e-37
0

0
-1.97452e-22
2.81965e-20
-2.82309e-18
2.00652e-16
-7.77468e-15
-6.08756e-16
-2.07861e-17
-4.15141e-19
-3.35961e-21
7.78273e-23
4.40352e-24
1.42456e-25
4.57539e-27
1.53808e-28
4.87604e-30
1.24823e-31
3.79184e-33
8.73894e-35
1.18109e-36
1.15805e-38
0

0
1.0861e-23
-1.35882e-21
1.16115e-19
-6.77328e-18
1.93729e-16
2.43643e-17
1.16864e-18
3.68442e-20
8.77837e-22
1.58159e-23
2.41637e-25
3.15299e-27
1.77907e-29
-1.28674e-30
-9.02069e-32
-3.48407e-33
-1.35176e-34
-3.02457e-36
-3.82474e-38
-3.49749e-40
0

0
-1.48213e-25
1.69509e-23
-1.13286e-21
3.60498e-20
7.03625e-19
-2.53642e-19
-1.97181e-20
-8.22587e-22
-2.43205e-23
-5.22222e-25
-9.7663e-27
-1.74317e-28
-3.07907e-30
-4.60816e-32
1.52397e-34
4.2202e-35
2.09064e-36
4.22326e-38
4.75625e-40
3.9254e-42
0

0
-2.01314e-27
3.38298e-25
-4.08101e-23
3.49658e-21
-1.64504e-19
-7.85002e-21
-1.07289e-22
3.71278e-24
2.46916e-25
7.07261e-27
1.61423e-28
3.49024e-30
8.07638e-32
1.9569e-33
3.62683e-35
2.61387e-37
-1.59577e-39
7.28068e-41
1.59512e-42
1.6085e-44
0

0
1.51116e-28
-2.23944e-26
2.20534e-24
-1.55973e-22
6.09769e-21
4.5102e-22
1.57417e-23
3.46715e-25
5.18962e-27
4.78164e-29
-1.43269e-31
-2.37041e-32
-1.04823e-33
-3.93321e-35
-1.18984e-36
-2.62227e-38
-9.06708e-40
-2.01574e-41
-2.18168e-43
-1.61985e-45
0

0
-4.4596e-30
6.66993e-28
-6.27754e-26
4.21556e-24
-1.55926e-22
-1.32574e-23
-5.37927e-25
-1.46933e-26
-3.12361e-28
-5.21552e-30
-7.30707e-32
-8.23372e-34
-1.51063e-36
4.26352e-37
2.32619e-38
7.47656e-40
3.1705e-41
6.23954e-43
5.86133e-45
3.81375e-47
0

0
9.59178e-32
-1.47414e-29
1.36125e-27
-8.95091e-26
3.24759e-24
2.96164e-25
1.28665e-26
3.79998e-28
8.88554e-30
1.63111e-31
2.5868e-33
3.7499e-35
4.63555e-37
1.53726e-39
-3.00458e-40
-1.44607e-41
-7.11415e-43
-1.24547e-44
-9.92595e-47
-5.44719e-49
0

0
-1.70276e-33
2.70565e-31
-2.47867e-29
1.61693e-27
-5.82125e-26
-5.54996e-27
-2.50764e-28
-7.69897e-30
-1.8871e-31
-3.61513e-33
-6.00256e-35
-9.38023e-37
-1.43305e-38
-1.98828e-40
1.59597e-42
2.01427e-43
1.14324e-44
1.58145e-46
8.66179e-49
2.76932e-51
0

0
2.62212e-35
-4.31789e-33
3.95165e-31
-2.57518e-29
9.20648e-28
9.09034e-29
4.21341e-30
1.31966e-31
3.32316e-33
6.52336e-35
1.10844e-36
1.79582e-38
3.01741e-40
5.68313e-42
4.0067e-44
-1.72113e-45
-9.60831e-47
3.1314e-49
1.579e-50
1.36311e-52
0

0
-3.58654e-37
6.12516e-35
-5.63179e-33
3.68346e-31
-1.30513e-29
-1.32944e-30
-6.27235e-32
-1.98189e-33
-5.0662e-35
-1.00888e-36
-1.73507e-38
-2.86703e-40
-5.10534e-42
-1.14022e-43
-1.48182e-45
1.99759e-48
-1.61943e-48
-1.03022e-49
-1.11055e-51
-6.53523e-54
0

0
4.39206e-39
-7.78587e-37
7.23513e-35
-4.77137e-33
1.67471e-31
1.75483e-32
8.38025e-34
2.65098e-35
6.81788e-37
1.36723e-38
2.36313e-40
3.94819e-42
7.33999e-44
1.85124e-45
2.92839e-47
1.42188e-49
9.63283e-50
4.13599e-51
3.7329e-53
1.90091e-55
0

0
-4.75704e-41
8.79431e-39
-8.32118e-37
5.56629e-35
-1.9394e-33
-2.08456e-34
-1.00266e-35
-3.15618e-37
-8.10793e-39
-1.62705e-40
-2.81206e-42
-4.73167e-44
-9.15906e-46
-2.5663e-47
-4.4455e-49
4.66172e-52
-2.62657e-51
-1.10414e-52
-9.02296e-55
-4.13239e-57
0

0
0
0
0
0
0
0
0
0
0
0
0
0
0
0
0
0
0
0
0
0
0


0
0
0
0
0
0
0
0
0
0
0
0
0
0
0
0
0
0
0
0
0
0

0
0
0
0
0
0
0
0
0
0
0
0
0
0
0
0
0
0
0
0
0
0

0
0
0
0
0
0
0
0
0
0
0
0
0
0
0
0
0
0
0
0
0
0

0
0
0
0
0
0
0
0
0
0
0
0
0
0
0
0
0
0
0
0
0
0

0
0
0
0
0
0
0
0
0
0
0
0
0
0
0
0
0
0
0
0
0
0

0
0
0
0
0
0
0
0
0
0
0
0
0
0
0
0
0
0
0
0
0
0

0
0
0
0
0
0
0
0
0
0
0
0
0
0
0
0
0
0
0
0
0
0

0
0
0
0
0
0
0
0
0
0
0
0
0
0
0
0
0
0
0
0
0
0

0
0
0
0
0
0
0
0
0
0
0
0
0
0
0
0
0
0
0
0
0
0

0
0
0
0
0
0
0
0
0
0
0
0
0
0
0
0
0
0
0
0
0
0

0
0
0
0
0
0
0
0
0
0
0
0
0
0
0
0
0
0
0
0
0
0

0
0
0
0
0
0
0
0
0
0
0
0
0
0
0
0
0
0
0
0
0
0

0
0
0
0
0
0
0
0
0
0
0
0
0
0
0
0
0
0
0
0
0
0

0
0
0
0
0
0
0
0
0
0
0
0
0
0
0
0
0
0
0
0
0
0

0
0
0
0
0
0
0
0
0
0
0
0
0
0
0
0
0
0
0
0
0
0

0
0
0
0
0
0
0
0
0
0
0
0
0
0
0
0
0
0
0
0
0
0

0
0
0
0
0
0
0
0
0
0
0
0
0
0
0
0
0
0
0
0
0
0


