0
0
0
0
0
0
0
0
0
0
0
0
0
0
0
0
0
0
0
0
0
0

0
0
0
0
0
0
0
0
0
0
0
0
0
0
0
0
0
0
0
0
0
0

0
0
0
0
0
0
0
0
0
0
0
0
0
0
0
0
0
0
0
0
0
0

0
0
0
0
0
0
0
0
0
0
0
0
0
0
0
0
0
0
0
0
0
0

0
0
0
0
0
0
0
0
0
0
0
0
0
0
0
0
0
0
0
0
0
0

0
0
0
0
0
0
0
0
0
0
0
0
0
0
0
0
0
0
0
0
0
0

0
0
0
0
0
0
0
0
0
0
0
0
0
0
0
0
0
0
0
0
0
0

0
0
0
0
0
0
0
0
0
0
0
0
0
0
0
0
0
0
0
0
0
0

0
0
0
0
0
0
0
0
0
0
0
0
0
0
0
0
0
0
0
0
0
0

0
0
0
0
0
0
0
0
0
0
0
0
0
0
0
0
0
0
0
0
0
0

0
0
0
0
0
0
0
0
0
0
0
0
0
0
0
0
0
0
0
0
0
0

0
0
0
0
0
0
0
0
0
0
0
0
0
0
0
0
0
0
0
0
0
0

0
0
0
0
0
0
0
0
0
0
0
0
0
0
0
0
0
0
0
0
0
0

0
0
0
0
0
0
0
0
0
0
0
0
0
0
0
0
0
0
0
0
0
0

0
0
0
0
0
0
0
0
0
0
0
0
0
0
0
0
0
0
0
0
0
0

0
0
0
0
0
0
0
0
0
0
0
0
0
0
0
0
0
0
0
0
0
0

0
0
0
0
0
0
0
0
0
0
0
0
0
0
0
0
0
0
0
0
0
0


0
0
0
0
0
0
0
0
0
0
0
0
0
0
0
0
0
0
0
0
0
0

0
1.28341e-20
-2.85946e-18
4.43779e-16
-5.86409e-14
3.65946e-12
1.54581e-13
3.3601e-15
5.61022e-17
1.14052e-18
1.32429e-20
1.42474e-22
5.996e-25
6.99615e-27
8.03142e-29
1.02981e-30
2.26228e-31
9.91934e-34
5.8832e-36
2.67791e-38
8.97599e-41
0

0
2.65573e-22
-4.21783e-20
2.03607e-17
-4.32829e-15
1.47212e-13
9.24495e-15
3.11863e-16
4.67746e-18
6.54065e-20
5.26261e-22
4.15298e-24
5.59783e-26
6.48018e-28
4.98444e-30
3.67771e-32
3.3109e-33
1.39276e-35
7.51874e-38
3.12382e-40
9.39762e-43
0

0
1.32623e-23
-4.22055e-21
9.53414e-19
-2.13507e-16
1.73969e-14
4.68609e-16
6.79695e-18
1.07039e-19
1.18182e-21
9.12918e-24
6.19625e-26
9.35546e-28
8.53953e-30
4.80477e-32
2.16949e-34
5.87701e-35
3.42455e-37
1.26727e-39
3.60647e-42
8.05758e-45
0

0
3.93641e-25
-1.55407e-22
5.15944e-20
-1.5611e-17
2.80414e-15
3.42056e-17
3.4223e-19
3.02969e-21
2.56384e-23
1.71168e-25
9.71445e-28
7.44332e-30
3.88064e-32
1.5735e-34
3.79935e-37
2.77351e-37
1.63184e-39
6.88859e-42
1.9223e-44
3.71131e-47
0

0
3.95112e-27
-1.82569e-24
6.97061e-22
-2.54057e-19
5.58795e-17
5.07975e-19
4.02229e-21
3.25059e-23
2.15178e-25
1.27419e-27
6.00567e-30
1.57914e-32
-1.35921e-36
-1.48031e-37
1.85514e-38
5.18564e-40
5.54287e-42
2.77892e-44
7.74293e-47
1.28879e-49
0

0
2.25037e-29
-1.18903e-26
5.38491e-24
-2.15463e-21
6.56213e-19
3.78882e-21
2.30603e-23
1.62929e-25
8.52666e-28
4.36913e-30
1.90845e-32
1.57821e-34
9.25611e-37
4.01767e-39
-1.49748e-41
-9.34534e-44
1.5847e-44
1.04104e-46
2.60335e-49
3.75276e-52
0

0
1.38308e-31
-8.47312e-29
4.56345e-26
-2.20334e-23
7.822e-21
3.09871e-23
1.57248e-25
9.01447e-28
4.03866e-30
1.80716e-32
7.41956e-35
7.13172e-37
1.54881e-39
9.25977e-43
3.81617e-44
2.01555e-46
5.8757e-47
5.38608e-49
1.02707e-51
1.26177e-54
0

0
1.79627e-33
-1.20544e-30
7.11777e-28
-3.68908e-25
1.30109e-22
4.25265e-25
2.11955e-27
1.11471e-29
5.5211e-32
2.32952e-34
8.71485e-37
3.43835e-39
1.12345e-41
3.68221e-44
1.13909e-46
9.20322e-50
2.53982e-49
2.94616e-51
4.19481e-54
4.32188e-57
0

0
2.55435e-35
-1.87836e-32
1.22691e-29
-7.14862e-27
2.66282e-24
1.14677e-26
5.84985e-29
2.79313e-31
1.29126e-33
5.13763e-36
1.8115e-38
5.71948e-41
1.77646e-43
4.77046e-46
3.69169e-49
6.67585e-52
1.30676e-51
1.72913e-53
1.78287e-56
1.4556e-59
0

0
7.06415e-38
-6.0781e-35
4.89466e-32
-3.75605e-29
6.05338e-26
5.23871e-28
2.3641e-30
1.03273e-32
4.36426e-35
1.58888e-37
5.09846e-40
1.45168e-42
4.02343e-45
1.05346e-47
2.91046e-50
6.336e-53
8.1112e-54
1.01533e-55
7.19196e-59
4.83844e-62
0

0
1.23046e-39
-1.09562e-36
8.81374e-34
-6.52005e-31
7.86887e-28
4.69109e-30
2.11927e-32
8.10614e-35
2.95027e-37
9.31467e-40
2.51684e-42
5.99316e-45
9.65494e-48
1.2578e-50
5.56616e-54
-1.92905e-55
6.04556e-56
6.60323e-58
2.65383e-61
1.50741e-64
0

0
5.611e-42
-5.76093e-39
5.4811e-36
-4.99092e-33
5.99301e-30
2.97717e-32
1.15012e-34
3.785e-37
1.22362e-39
3.4291e-42
8.32644e-45
1.68936e-47
2.36202e-50
3.96458e-53
7.37833e-56
8.77409e-58
5.41483e-58
4.55404e-60
6.98511e-64
3.59923e-67
0

0
1.09093e-44
-1.35288e-41
1.60139e-38
-1.85827e-35
2.46908e-32
9.79327e-35
3.04017e-37
7.81904e-40
1.95495e-42
4.37104e-45
8.04571e-48
8.96253e-51
-1.6323e-53
-6.68436e-56
-3.35512e-59
-4.46427e-60
5.60139e-60
3.28854e-62
-4.78387e-67
-5.4425e-71
0

0
-3.88621e-48
1.69934e-46
7.69876e-42
-2.13897e-38
4.39815e-35
1.1664e-37
1.76389e-40
3.23723e-44
-6.4161e-46
-2.83846e-48
-8.39711e-51
-1.96645e-53
-1.0814e-56
-1.49104e-59
6.30103e-62
2.53911e-62
6.87094e-62
2.50691e-64
-2.22053e-68
-5.93707e-72
0

0
-2.06099e-50
2.64177e-47
-2.86447e-44
2.07628e-41
8.55027e-39
-6.52133e-41
-4.11921e-43
-1.38812e-45
-3.70265e-48
-8.27501e-51
-1.50891e-53
-1.865e-56
-1.06346e-59
-3.34843e-63
-1.06191e-64
-1.68902e-64
9.81208e-64
1.62331e-66
7.61306e-70
2.22272e-73
0

0
0
0
0
0
0
0
0
0
0
0
0
0
0
0
0
0
0
0
0
0
0


0
0
0
0
0
0
0
0
0
0
0
0
0
0
0
0
0
0
0
0
0
0

0
5.54705e-18
-1.02343e-15
1.55403e-13
-1.7369e-11
8.73679e-10
4.42734e-11
1.31429e-12
2.79214e-14
5.43493e-16
6.8489e-18
8.15793e-20
4.76104e-22
7.17126e-24
8.67476e-26
1.10446e-27
5.55632e-29
4.40059e-31
3.21859e-33
1.69744e-35
6.63197e-38
0

0
2.56813e-19
-5.58378e-17
1.31312e-14
-2.05372e-12
1.61343e-10
5.50765e-12
1.30112e-13
2.17469e-15
3.31735e-17
3.37628e-19
3.1206e-21
3.35085e-23
3.79047e-25
3.29581e-27
3.02685e-29
4.47094e-31
5.03795e-33
3.88744e-35
1.99071e-37
7.14439e-40
0

0
8.51406e-21
-2.45757e-18
5.41493e-16
-1.05669e-13
1.19996e-11
2.76585e-13
4.36629e-15
6.17724e-17
7.49669e-19
6.70734e-21
5.21854e-23
5.87646e-25
4.96357e-27
3.27071e-29
2.33711e-31
-4.1145e-33
-2.59895e-35
-1.12166e-38
3.41073e-40
1.469e-42
0

0
1.67527e-22
-5.80572e-20
1.67761e-17
-4.09197e-15
6.90776e-13
1.04074e-14
1.21008e-16
1.24092e-18
1.17721e-20
9.08779e-23
5.95287e-25
3.08107e-27
1.74116e-29
8.56118e-32
7.33539e-34
1.31615e-35
9.17038e-38
6.44868e-40
3.38653e-42
1.00874e-44
0

0
1.48892e-24
-6.14852e-22
2.14026e-19
-5.62505e-17
1.20289e-14
1.30363e-16
1.17935e-18
1.0295e-20
7.74185e-23
5.15415e-25
2.84946e-27
5.4139e-31
1.38787e-32
-8.01853e-36
4.96025e-36
9.77603e-39
2.27467e-40
4.19077e-42
1.84979e-44
4.39779e-47
0

0
2.10125e-27
-9.60937e-25
3.77152e-22
-1.35528e-19
4.84572e-17
2.61867e-19
1.18803e-21
5.89724e-24
8.50756e-27
5.6016e-29
1.04654e-31
1.06809e-32
4.43209e-35
2.53554e-37
-2.96494e-38
-1.27021e-40
-2.94469e-44
3.18401e-44
1.04598e-46
1.97942e-49
0

0
-1.01909e-29
4.82103e-27
-1.88074e-24
5.23e-22
-5.26883e-20
-1.13108e-21
-1.14619e-23
-9.82578e-26
-6.90454e-28
-4.13666e-30
-2.12372e-32
-8.51607e-35
-5.60465e-37
-2.98573e-39
6.64543e-41
3.88124e-43
1.87991e-45
1.8038e-46
4.78677e-49
7.42527e-52
0

0
1.59171e-32
-1.02155e-29
5.37092e-27
-1.99034e-24
3.44194e-22
5.21459e-24
4.50781e-26
4.09882e-28
2.45744e-30
1.16385e-32
4.71568e-35
1.13944e-37
1.30471e-39
9.47115e-42
-1.03116e-43
-9.24874e-46
3.92097e-48
9.37664e-49
2.00319e-51
2.56339e-54
0

0
1.01476e-35
7.44052e-33
-1.22169e-29
8.89286e-27
-3.54842e-24
-2.93067e-26
-1.47833e-28
-6.07996e-31
-2.17737e-33
-3.45596e-36
1.69735e-38
2.4551e-40
-2.95012e-43
-1.34545e-44
1.55603e-46
2.29521e-48
2.5608e-50
4.9406e-51
8.53122e-54
8.87792e-57
0

0
-3.22381e-37
1.52487e-34
-3.90316e-32
-1.10664e-29
2.1149e-26
3.16931e-29
-8.59523e-31
-8.65484e-33
-5.34549e-35
-2.55936e-37
-1.03752e-39
-3.71434e-42
-1.31742e-44
-2.70482e-47
-4.21823e-49
-6.91298e-51
-2.25668e-53
2.45238e-53
2.97351e-56
2.57828e-59
0

0
1.86232e-39
-1.18064e-36
5.80919e-34
-1.77942e-31
1.99589e-29
1.07553e-30
1.15158e-32
7.30243e-35
3.70046e-37
1.51644e-39
5.32885e-42
1.66446e-44
6.57887e-47
2.24487e-49
1.73766e-51
2.66368e-53
3.25689e-56
1.61895e-55
1.18419e-58
8.58394e-62
0

0
-5.41412e-42
3.86721e-39
-2.28815e-36
8.36666e-34
-1.136e-31
-3.77078e-33
-3.90603e-35
-2.22703e-37
-1.04967e-39
-3.9962e-42
-1.31122e-44
-3.93213e-47
-1.61522e-49
-7.69987e-52
-9.73196e-54
-1.16993e-55
2.25649e-57
1.04645e-57
4.17152e-61
2.54564e-64
0

0
9.67496e-45
-7.31816e-42
5.35328e-39
-1.83221e-36
8.53104e-35
5.98843e-36
7.19621e-38
3.38671e-40
1.59084e-42
5.94314e-45
1.89797e-47
5.75369e-50
2.87626e-52
2.319e-54
6.11714e-56
5.55819e-58
5.56109e-59
6.60228e-60
9.9953e-64
5.44109e-67
0

0
-1.44259e-47
1.29104e-44
-7.27453e-42
2.70182e-39
-7.39301e-39
-6.33389e-39
-9.10997e-41
-4.69954e-43
-1.9567e-45
-6.65908e-48
-1.98168e-50
-5.97338e-53
-3.8547e-55
-7.45244e-57
-1.62065e-58
-2.04326e-60
9.48294e-61
4.01154e-62
-2.54519e-67
5.14787e-71
0

0
1.55991e-50
-1.47124e-47
8.39318e-45
-3.19918e-42
2.93626e-42
5.37641e-42
8.92278e-44
4.94329e-46
1.89484e-48
5.83632e-51
1.58457e-53
4.61084e-56
3.87419e-58
1.03451e-59
2.96297e-61
6.35447e-63
1.43253e-62
2.26459e-64
-1.75111e-68
-4.9508e-72
0

0
0
0
0
0
0
0
0
0
0
0
0
0
0
0
0
0
0
0
0
0
0


0
0
0
0
0
0
0
0
0
0
0
0
0
0
0
0
0
0
0
0
0
0

0
1.86194e-15
-2.97273e-13
3.83211e-11
-3.56077e-09
1.64066e-07
9.52012e-09
3.40451e-10
8.74328e-12
1.88054e-13
2.90342e-15
3.88542e-17
3.45288e-19
5.05245e-21
6.17997e-23
7.8203e-25
1.69146e-26
1.72803e-28
1.43491e-30
8.58619e-33
3.8762e-35
0

0
1.20167e-16
-2.41109e-14
4.21551e-12
-5.56784e-10
4.68524e-08
1.67116e-09
4.08366e-11
7.80162e-13
1.29623e-14
1.60074e-16
1.72559e-18
1.71426e-20
1.98935e-22
1.94895e-24
2.01302e-26
2.48346e-28
2.66537e-30
2.25418e-32
1.27082e-34
5.20065e-37
0

0
3.69792e-18
-9.06854e-16
1.86593e-13
-3.08543e-11
3.3042e-09
8.83923e-11
1.63522e-12
2.53465e-14
3.40655e-16
3.55971e-18
3.20067e-20
2.77236e-22
2.6206e-24
2.04746e-26
1.71836e-28
-2.17912e-31
3.60562e-33
9.77602e-35
6.37209e-37
2.44313e-39
0

0
5.97831e-20
-1.77152e-17
4.37675e-15
-8.86657e-13
1.25103e-10
2.42449e-12
3.42455e-14
4.20546e-16
4.56629e-18
4.09028e-20
3.09172e-22
1.81288e-24
1.32948e-26
7.751e-29
5.40231e-31
3.48774e-33
3.40129e-35
5.76965e-37
3.24792e-39
1.05694e-41
0

0
3.87183e-22
-1.3491e-19
3.91958e-17
-9.128e-15
1.64397e-12
2.31537e-14
2.52777e-16
2.53604e-18
2.21977e-20
1.72674e-22
1.09517e-24
2.59946e-27
1.21767e-29
-4.93971e-33
-5.93752e-34
-6.71459e-36
1.24766e-38
2.61303e-39
1.33489e-41
3.63048e-44
0

0
-2.89566e-25
1.21076e-22
-4.29516e-20
1.02654e-17
-9.60922e-19
-3.55753e-17
-5.78146e-19
-6.35021e-21
-5.78774e-23
-3.96494e-25
-2.47265e-27
-1.00653e-29
-7.63276e-32
-3.9919e-34
-1.48919e-36
-1.18165e-39
8.68727e-42
1.37598e-41
5.65349e-44
1.2697e-46
0

0
-2.07282e-27
6.93154e-25
-1.78703e-22
3.42338e-20
-5.79699e-18
-5.96531e-20
-6.9352e-22
-7.58021e-24
-8.0078e-26
-7.44096e-28
-5.13134e-30
-3.03858e-32
-1.08136e-34
-1.82045e-37
2.91698e-39
1.25072e-41
1.90228e-43
6.83886e-44
2.27742e-46
4.246e-49
0

0
1.03979e-29
-4.37557e-27
1.50864e-24
-3.93231e-22
6.49773e-20
1.06654e-21
1.22675e-23
1.19492e-25
9.65117e-28
6.37947e-30
3.61366e-32
1.68919e-34
1.06084e-36
5.58798e-39
1.99258e-41
7.59708e-44
1.30336e-45
3.32482e-46
8.89385e-49
1.38276e-51
0

0
-3.66117e-32
1.92765e-29
-8.54303e-27
2.97924e-24
-7.2813e-22
-9.78135e-24
-8.71272e-26
-6.52269e-28
-4.25413e-30
-2.31187e-32
-1.106e-34
-4.50725e-37
-3.2928e-39
-2.24117e-41
-1.30991e-43
-6.16037e-46
1.67027e-48
1.61425e-48
3.39828e-51
4.39451e-54
0

0
1.25954e-34
-8.20827e-32
4.54621e-29
-2.01792e-26
7.87016e-24
8.95677e-26
6.20121e-28
3.46432e-30
1.75374e-32
7.59832e-35
2.92751e-37
1.00532e-39
7.11696e-42
5.82633e-44
4.92391e-46
2.71273e-48
2.37908e-50
8.18226e-51
1.25122e-53
1.35404e-56
0

0
-3.31679e-37
2.44391e-34
-1.48681e-31
6.5812e-29
-1.50821e-26
-2.81712e-28
-2.15383e-30
-1.12722e-32
-5.08866e-35
-1.91226e-37
-6.22101e-40
-1.80727e-42
-1.16869e-44
-1.19024e-46
-1.57797e-48
-9.98248e-51
1.8083e-52
4.57176e-53
4.78095e-56
4.33562e-59
0

0
6.20738e-40
-5.01477e-37
3.26884e-34
-1.3765e-31
1.69962e-29
5.15631e-31
4.51746e-33
2.28612e-35
9.64283e-38
3.26655e-40
9.20795e-43
2.22699e-45
1.28844e-47
2.03796e-49
5.0341e-51
3.35718e-53
2.03465e-54
2.55332e-55
1.73842e-58
1.32048e-61
0

0
-8.40234e-43
7.4777e-40
-5.22516e-37
2.0861e-34
-1.31142e-32
-6.53046e-34
-6.53196e-36
-3.11569e-38
-1.23268e-40
-3.74136e-43
-8.76988e-46
-1.44677e-48
-6.28973e-51
-2.92248e-52
-1.50151e-53
-9.91621e-56
1.90095e-56
1.37675e-57
5.5235e-61
3.54036e-64
0

0
8.57843e-46
-8.89391e-43
6.08143e-40
-2.45289e-37
7.80009e-36
6.31843e-37
7.05159e-39
3.30723e-41
1.1601e-43
2.90737e-46
4.44763e-49
-4.0285e-52
-9.96404e-54
2.36524e-55
2.52657e-56
1.97246e-58
1.72814e-58
6.8983e-60
1.40947e-63
7.69101e-67
0

0
-6.11592e-49
7.75195e-46
-5.61546e-43
2.35818e-40
-3.94256e-39
-4.9797e-40
-5.94121e-42
-2.66727e-44
-7.7561e-47
-1.26815e-49
9.84858e-53
2.14303e-54
2.97222e-56
3.19438e-58
-2.74886e-59
-1.25553e-61
1.31831e-60
3.02065e-62
1.67699e-66
8.89094e-70
0

0
0
0
0
0
0
0
0
0
0
0
0
0
0
0
0
0
0
0
0
0
0


0
0
0
0
0
0
0
0
0
0
0
0
0
0
0
0
0
0
0
0
0
0

0
3.70465e-13
-5.07358e-11
5.3881e-09
-4.13645e-07
2.12046e-05
1.28391e-06
5.33623e-08
1.63699e-09
4.01001e-11
7.51718e-13
1.18873e-14
1.46923e-16
2.17116e-18
2.77638e-20
3.49491e-22
5.02572e-24
5.46999e-26
4.7797e-28
3.09935e-30
1.58238e-32
0

0
3.27147e-14
-5.65638e-12
7.9862e-10
-8.61256e-08
6.6447e-06
2.89998e-07
8.31359e-09
1.86562e-10
3.5066e-12
5.19335e-14
6.60398e-16
7.21139e-18
8.8206e-20
9.46834e-22
1.0204e-23
1.12302e-25
1.16375e-27
9.76029e-30
5.78637e-32
2.64887e-34
0

0
1.19626e-15
-2.56194e-13
4.55253e-11
-6.43592e-09
6.47442e-07
2.01582e-08
4.27234e-10
7.45454e-12
1.11555e-13
1.36083e-15
1.43108e-17
1.31933e-19
1.33128e-21
1.16421e-23
1.02683e-25
5.62368e-28
6.48055e-30
6.88949e-32
4.03931e-34
1.67397e-36
0

0
1.87142e-17
-4.86505e-15
1.05679e-12
-1.86893e-10
2.37517e-08
5.42785e-10
8.85654e-12
1.23464e-13
1.50136e-15
1.54518e-17
1.35905e-19
9.71633e-22
7.75186e-24
5.07817e-26
3.22814e-28
1.02204e-30
1.49285e-32
3.01646e-34
1.76565e-36
6.46021e-39
0

0
1.01294e-19
-3.10076e-17
7.93591e-15
-1.66736e-12
2.62522e-10
4.42721e-12
5.56489e-14
6.22712e-16
6.13991e-18
5.4199e-20
3.93115e-22
1.64225e-24
6.62119e-27
-1.16676e-29
-5.35461e-31
-4.66271e-33
-1.3087e-35
1.01223e-36
5.84714e-39
1.84153e-41
0

0
-1.61238e-22
5.4734e-20
-1.52428e-17
2.94802e-15
-1.71038e-13
-1.03269e-14
-1.79425e-16
-2.21436e-18
-2.22963e-20
-1.79711e-22
-1.3107e-24
-7.92084e-27
-5.98966e-29
-3.45629e-31
-1.24617e-33
-1.64054e-36
-4.43354e-38
3.90805e-39
1.9408e-41
5.16794e-44
0

0
-2.39184e-25
5.28889e-23
-6.41137e-21
2.35576e-19
-2.49864e-16
7.11836e-18
1.31952e-19
1.38339e-21
7.90237e-24
-2.42071e-28
-2.17009e-28
-1.65619e-30
4.30559e-32
6.24426e-34
5.70565e-36
2.90279e-38
1.04054e-40
1.69322e-41
6.7963e-44
1.52483e-46
0

0
1.83678e-27
-6.23692e-25
1.68952e-22
-3.41919e-20
4.61022e-18
8.76086e-20
1.28826e-21
1.53303e-23
1.55049e-25
1.28158e-27
8.86889e-30
5.17052e-32
2.80049e-34
8.46e-37
-5.15335e-39
-4.70845e-41
1.12796e-43
7.29389e-44
2.38026e-46
4.51768e-49
0

0
-6.36638e-30
2.68516e-27
-9.302e-25
2.46096e-22
-4.29623e-20
-8.06985e-22
-9.65749e-24
-9.26636e-26
-7.48777e-28
-5.0332e-30
-2.98674e-32
-1.59151e-34
-1.18075e-36
-7.47521e-39
-2.96226e-41
-1.11883e-43
-3.26969e-46
3.17914e-46
8.22549e-49
1.31487e-51
0

0
1.85259e-32
-9.53557e-30
4.09599e-27
-1.37219e-24
3.36336e-22
5.23812e-24
5.01157e-26
3.80318e-28
2.50406e-30
1.40161e-32
7.07141e-35
3.37893e-37
2.83468e-39
2.46536e-41
1.83663e-43
1.08113e-45
5.96049e-48
1.4642e-48
2.87115e-51
3.87903e-54
0

0
-4.5259e-35
2.69325e-32
-1.31981e-29
4.77895e-27
-9.96076e-25
-1.85426e-26
-1.71847e-28
-1.14565e-30
-6.52839e-33
-3.15372e-35
-1.37209e-37
-5.84891e-40
-5.16311e-42
-6.07771e-44
-7.2074e-46
-5.18033e-48
8.98621e-51
6.90087e-51
1.00042e-53
1.14105e-56
0

0
8.77282e-38
-5.79639e-35
3.0817e-32
-1.11879e-29
1.68706e-27
4.08568e-29
3.97816e-31
2.47478e-33
1.28423e-35
5.56476e-38
2.14932e-40
8.2917e-43
7.52751e-45
1.28573e-46
2.46944e-48
2.05591e-50
1.98421e-52
3.23922e-53
3.38504e-56
3.25281e-59
0

0
-1.33401e-40
9.63025e-38
-5.40406e-35
1.92217e-32
-1.99298e-30
-6.34754e-32
-6.65197e-34
-3.94198e-36
-1.90569e-38
-7.55509e-41
-2.63652e-43
-9.32676e-46
-8.9329e-48
-2.45446e-49
-7.6133e-51
-7.28043e-53
8.70885e-55
1.43184e-55
1.04669e-58
8.45963e-62
0

0
1.61613e-43
-1.27941e-40
7.32841e-38
-2.58905e-35
1.84546e-33
7.59774e-35
8.54303e-37
4.91912e-39
2.20732e-41
7.97862e-44
2.50517e-46
8.05819e-49
8.41595e-51
4.13993e-52
1.73161e-53
2.18347e-55
6.42797e-57
5.74365e-58
2.86276e-61
1.9215e-64
0

0
-1.56077e-46
1.35766e-43
-8.04213e-41
2.87767e-38
-1.44885e-36
-7.47287e-38
-8.82416e-40
-4.9225e-42
-2.0309e-44
-6.59658e-47
-1.82153e-49
-5.09893e-52
-5.88846e-54
-5.38562e-55
-3.13659e-56
-5.42408e-58
2.70683e-59
1.97258e-60
6.31392e-64
3.51375e-67
0

0
0
0
0
0
0
0
0
0
0
0
0
0
0
0
0
0
0
0
0
0
0


0
0
0
0
0
1
0
0
0
0
0
0
0
0
0
0
0
0
0
0
0
0

0
2.67495e-11
-2.89213e-09
2.26228e-07
-1.14587e-05
0.00112217
4.65643e-05
2.86294e-06
1.18428e-07
3.60859e-09
8.48062e-11
1.65158e-12
2.72708e-14
4.30276e-16
5.90104e-18
7.52696e-20
9.09877e-22
9.62836e-24
8.36695e-26
5.70271e-28
3.24445e-30
0

0
4.62158e-12
-6.85575e-10
7.97069e-08
-6.96177e-06
0.000575548
2.67534e-05
9.0309e-07
2.3795e-08
5.11351e-10
9.04103e-12
1.38007e-13
1.85903e-15
2.41047e-17
2.75978e-19
2.97296e-21
2.96451e-23
2.80189e-25
2.21123e-27
1.34282e-29
6.78128e-32
0

0
2.18533e-13
-4.19213e-11
6.61672e-09
-8.4673e-07
9.45521e-05
2.90341e-06
6.5573e-08
1.25128e-09
2.05565e-11
2.89727e-13
3.60077e-15
4.02671e-17
4.32351e-19
4.09097e-21
3.63386e-23
2.68381e-25
2.39276e-27
1.98209e-29
1.12885e-31
5.1207e-34
0

0
3.68462e-15
-8.79508e-13
1.78156e-10
-3.05414e-08
4.55752e-06
9.4259e-08
1.5693e-09
2.31543e-11
3.03194e-13
3.51308e-15
3.60155e-17
3.229e-19
2.75449e-21
1.97418e-23
1.24471e-25
5.03029e-28
5.30698e-30
7.7503e-32
4.55545e-34
1.87254e-36
0

0
1.88916e-17
-5.43066e-15
1.3477e-12
-2.91684e-10
5.55487e-08
8.14771e-10
1.01427e-11
1.16221e-13
1.21096e-15
1.16267e-17
9.53031e-20
5.55194e-22
2.18665e-24
-6.6637e-27
-2.23761e-28
-2.27613e-30
-9.87819e-33
1.68225e-34
1.1376e-36
4.20812e-39
0

0
-3.37748e-20
1.02503e-17
-2.52268e-15
4.17018e-13
-1.07198e-11
-1.56701e-12
-3.02687e-14
-4.05936e-16
-4.45169e-18
-4.09612e-20
-3.50296e-22
-2.7943e-24
-2.25068e-26
-1.42131e-28
-5.65762e-31
-7.09143e-34
-2.00873e-35
4.61116e-37
2.86124e-39
9.18284e-42
0

0
-2.65034e-23
4.40113e-21
-2.16082e-19
-6.67508e-18
-4.34847e-14
1.16239e-15
2.69877e-17
3.33872e-19
2.77028e-21
1.50303e-23
9.80647e-26
1.20913e-27
2.84116e-29
3.49693e-31
3.02905e-33
1.77379e-35
6.70653e-38
1.93996e-39
9.00676e-42
2.44558e-44
0

0
2.61858e-25
-7.84781e-23
1.86686e-20
-3.33651e-18
4.14189e-16
8.33663e-18
1.37206e-19
1.86587e-21
2.13687e-23
2.03595e-25
1.64426e-27
1.14114e-29
5.24255e-32
-1.0706e-34
-5.7069e-36
-4.86843e-38
-8.37803e-41
6.93136e-42
2.7531e-44
6.44361e-47
0

0
-8.38699e-28
3.0529e-25
-8.99968e-23
1.985e-20
-2.75447e-18
-6.49598e-20
-9.43875e-22
-1.07122e-23
-1.00334e-25
-7.91225e-28
-5.6395e-30
-3.84162e-32
-3.04536e-34
-1.76665e-36
-4.33964e-40
4.44409e-41
-9.9541e-44
2.60642e-44
8.3358e-47
1.65553e-49
0

0
2.05421e-30
-8.94137e-28
3.18795e-25
-8.60234e-23
1.50347e-20
3.13746e-22
3.82906e-24
3.60522e-26
2.85181e-28
1.92531e-30
1.203e-32
7.67391e-35
7.6999e-37
7.32001e-39
4.58789e-41
2.32665e-43
1.21974e-45
1.06835e-46
2.66124e-49
4.5176e-52
0

0
-4.24108e-33
2.15224e-30
-8.88426e-28
2.69978e-25
-4.73698e-23
-1.01017e-24
-1.12714e-26
-9.15846e-29
-6.25713e-31
-3.66118e-33
-1.99683e-35
-1.16796e-37
-1.39063e-39
-1.96691e-41
-2.24961e-43
-1.7225e-45
-4.26607e-48
4.11045e-49
8.05736e-52
1.16582e-54
0

0
7.32726e-36
-4.2132e-33
1.92832e-30
-6.16135e-28
9.31673e-26
2.23996e-27
2.45652e-29
1.80314e-31
1.09567e-33
5.65497e-36
2.70816e-38
1.43794e-40
1.98105e-42
4.31547e-44
8.15634e-46
7.85667e-48
2.33549e-50
1.64059e-51
2.44779e-54
3.00583e-57
0

0
-1.04299e-38
6.67412e-36
-3.2871e-33
1.06847e-30
-1.3058e-28
-3.65775e-30
-4.08215e-32
-2.78549e-34
-1.5362e-36
-7.08863e-39
-3.00046e-41
-1.43729e-43
-2.29488e-45
-8.23044e-47
-2.50527e-48
-2.99781e-50
-5.45558e-53
5.77059e-54
6.60754e-57
6.88863e-60
0

0
1.21607e-41
-8.61488e-39
4.48105e-36
-1.47625e-33
1.4439e-31
4.68949e-33
5.36102e-35
3.45445e-37
1.73815e-39
7.1821e-42
2.67732e-44
1.13903e-46
2.14853e-48
1.35704e-49
6.12282e-51
9.86077e-53
2.98305e-55
1.9047e-56
1.64554e-59
1.42994e-62
0

0
-1.15399e-44
9.07075e-42
-5.00374e-39
1.69137e-36
-1.35315e-34
-4.97185e-36
-5.74362e-38
-3.49122e-40
-1.5943e-42
-5.83713e-45
-1.8768e-47
-6.78021e-50
-1.56947e-51
-1.82649e-52
-1.20522e-53
-2.7347e-55
-4.19203e-58
5.15624e-59
3.37432e-62
2.42104e-65
0

0
0
0
0
0
0
0
0
0
0
0
0
0
0
0
0
0
0
0
0
0
0


0
0
0
0
0
0
0
0
0
0
0
0
0
0
0
0
0
0
0
0
0
0

0
1.84561e-13
-2.52343e-11
2.60258e-09
-1.88701e-07
7.91965e-06
6.20152e-07
2.60211e-08
7.83038e-10
1.83603e-11
3.55234e-13
5.90906e-15
8.88396e-17
1.18374e-18
1.39542e-20
1.48354e-22
1.31432e-24
1.00205e-26
6.05251e-29
3.08975e-31
1.55862e-33
0

0
7.10744e-15
-1.30377e-12
1.91047e-10
-2.23795e-08
2.06468e-06
6.81526e-08
1.6534e-09
3.37167e-11
5.8168e-13
9.23207e-15
1.33742e-16
1.85238e-18
2.06373e-20
2.02933e-22
1.70277e-24
9.37111e-27
2.13404e-29
-2.36173e-31
-2.59903e-33
-1.26287e-35
0

0
-2.30434e-17
4.41457e-15
-7e-13
2.46122e-11
3.17514e-08
-3.54911e-10
-1.69886e-11
-3.41969e-13
-5.25636e-15
-4.89042e-17
-2.21367e-19
2.86588e-21
2.53074e-23
1.30461e-25
-1.63371e-27
-4.3399e-29
-7.60373e-31
-8.48087e-33
-5.33405e-35
-2.26186e-37
0

0
-2.30646e-18
5.85736e-16
-1.24526e-13
2.05036e-11
-1.81255e-09
-6.52155e-11
-1.2197e-12
-1.7748e-14
-2.18846e-16
-2.17259e-18
-1.78115e-20
-1.14392e-22
-9.21461e-25
-6.86973e-27
-5.31554e-29
-3.27287e-31
-3.49866e-33
-4.69318e-35
-2.79653e-37
-1.08401e-39
0

0
-1.70803e-20
5.13383e-18
-1.31177e-15
2.75082e-13
-3.97693e-11
-7.92696e-13
-1.08549e-14
-1.25875e-16
-1.28234e-18
-1.1258e-20
-8.36032e-23
-5.00302e-25
-2.90761e-27
-1.28574e-29
-1.83947e-32
2.31005e-34
6.9264e-37
-1.22712e-37
-7.84356e-40
-2.78236e-42
0

0
2.04858e-23
-7.0252e-21
1.89585e-18
-3.31872e-16
9.06621e-15
1.34479e-15
2.51372e-17
3.14101e-19
3.14441e-21
2.50634e-23
1.73833e-25
9.86852e-28
7.53578e-30
5.08458e-32
2.998e-34
1.33139e-36
1.09513e-38
-3.29122e-40
-2.00895e-42
-6.2979e-45
0

0
4.7824e-26
-1.22986e-23
2.42891e-21
-4.05605e-19
7.42103e-17
2.86488e-19
5.09869e-22
4.29208e-23
1.16144e-24
1.74338e-26
1.5998e-28
1.13259e-30
3.8289e-33
-8.78723e-36
-3.21459e-37
-2.07306e-39
-8.36968e-42
-1.24601e-42
-6.04952e-45
-1.60698e-47
0

0
-2.45609e-28
8.12959e-26
-2.13325e-23
4.16199e-21
-4.95544e-19
-1.17984e-20
-1.84674e-22
-2.24564e-24
-2.26422e-26
-1.86599e-28
-1.28717e-30
-7.45364e-33
-4.60517e-35
-2.51957e-37
-1.11884e-39
-5.69815e-42
-3.33016e-44
-4.80813e-45
-1.91024e-47
-4.33398e-50
0

0
6.34716e-31
-2.47021e-28
7.61861e-26
-1.72513e-23
2.20812e-21
5.57744e-23
7.97504e-25
8.4455e-27
7.36557e-29
5.25386e-31
3.2126e-33
1.69407e-35
1.13237e-37
7.40979e-40
4.55123e-42
2.52011e-44
6.39914e-47
-1.8081e-47
-5.89565e-50
-1.14071e-52
0

0
-1.25608e-33
5.64267e-31
-1.98561e-28
5.01167e-26
-6.3595e-24
-1.68038e-25
-2.23225e-27
-2.08705e-29
-1.60433e-31
-1.00885e-33
-5.4796e-36
-2.6259e-38
-1.70509e-40
-7.6727e-43
1.64889e-45
5.04079e-47
1.54066e-49
-7.07499e-50
-1.84735e-52
-3.03409e-55
0

0
2.00085e-36
-1.00276e-33
3.78405e-31
-9.40279e-29
6.79748e-27
3.07185e-28
4.32722e-30
3.78113e-32
2.64498e-34
1.49173e-36
7.22174e-39
3.12347e-41
1.39864e-43
-1.90583e-45
-8.89589e-47
-1.02874e-48
-3.36018e-51
-2.84933e-52
-5.8608e-55
-8.16316e-58
0

0
-2.54925e-39
1.37583e-36
-5.19339e-34
1.06632e-31
7.20462e-30
-3.06785e-31
-5.7697e-33
-5.06592e-35
-3.35086e-37
-1.73008e-39
-7.52368e-42
-2.91602e-44
1.04672e-47
1.18092e-47
5.65046e-49
7.15986e-51
1.49458e-53
-1.04289e-54
-1.71934e-57
-2.03083e-60
0

0
2.57716e-42
-1.45038e-39
5.00719e-37
-5.04332e-35
-3.29241e-32
5.21773e-35
5.07013e-36
4.97762e-38
3.24399e-40
1.56359e-42
6.15599e-45
2.11694e-47
-2.2001e-49
-3.58279e-50
-2.46337e-51
-3.73163e-53
-9.57193e-56
-3.83463e-57
-4.90418e-60
-4.8297e-63
0

0
-2.0525e-45
1.15706e-42
-2.99352e-40
-6.27333e-38
5.65161e-35
3.63594e-37
-2.18849e-39
-3.42183e-41
-2.35919e-43
-1.08909e-45
-3.92004e-48
-1.18522e-50
3.58799e-52
7.83546e-53
7.58526e-54
1.58251e-55
2.99799e-58
-1.1323e-59
-1.17391e-62
-9.64174e-66
0

0
1.26978e-48
-6.6094e-46
2.28318e-44
1.78754e-40
-6.78477e-38
-7.29367e-40
-1.31704e-42
1.31161e-44
1.23686e-46
5.81875e-49
1.97116e-51
5.44964e-54
-3.28421e-55
-1.25317e-55
-1.71069e-56
-5.29968e-58
-1.18959e-60
-3.13454e-62
-2.48958e-65
-1.66131e-68
0

0
0
0
0
0
0
0
0
0
0
0
0
0
0
0
0
0
0
0
0
0
0


0
0
0
0
0
0
0
0
0
0
0
0
0
0
0
0
0
0
0
0
0
0

0
2.65686e-16
-4.25257e-14
5.19922e-12
-4.6188e-10
2.49828e-08
1.25237e-09
4.24384e-11
1.0875e-12
2.21606e-14
3.92847e-16
6.16574e-18
8.96304e-20
1.05417e-21
1.09308e-23
9.83026e-26
6.90407e-28
3.69684e-30
1.41452e-32
4.59958e-35
1.92956e-37
0

0
3.81885e-18
-7.19247e-16
1.0499e-13
-1.20293e-11
1.18122e-09
2.61463e-11
6.78071e-13
1.52989e-14
2.79919e-16
4.67842e-18
7.01296e-20
9.84334e-22
1.01822e-23
9.14449e-26
6.91736e-28
4.33493e-30
2.84844e-32
2.10783e-34
1.25604e-36
5.31973e-39
0

0
2.02055e-20
-3.95719e-18
6.22857e-16
-6.7604e-14
3.49705e-12
2.25263e-13
7.24697e-15
1.46311e-16
2.31781e-18
2.77243e-20
2.88536e-22
2.96553e-24
2.54072e-26
1.82255e-28
1.21393e-30
9.87406e-33
1.90657e-34
2.47882e-36
1.56755e-38
6.0665e-41
0

0
7.59711e-22
-2.06554e-19
4.5933e-17
-7.4412e-15
5.08196e-13
2.46329e-14
4.8173e-16
6.71691e-18
7.62089e-20
6.54517e-22
4.32766e-24
2.01795e-26
1.08268e-28
4.63715e-31
2.71318e-33
1.83231e-35
6.92652e-37
1.33955e-38
8.32062e-41
2.99056e-43
0

0
6.99684e-24
-2.22385e-21
5.88659e-19
-1.2157e-16
1.45141e-14
3.61836e-16
5.23337e-18
5.95484e-20
5.74468e-22
4.51466e-24
2.86819e-26
1.40528e-28
7.52842e-31
3.72246e-33
1.7783e-35
7.61464e-38
6.82877e-40
4.14979e-41
2.57843e-43
8.61533e-46
0

0
-5.01155e-27
2.01698e-24
-6.01474e-22
1.10815e-19
-2.78384e-18
-4.92436e-19
-9.01462e-21
-1.04751e-22
-9.47941e-25
-6.46971e-27
-3.5717e-29
-1.5059e-31
-9.22806e-34
-5.43401e-36
-3.53124e-38
-1.9624e-40
-1.96647e-42
1.14621e-43
6.82092e-46
2.05306e-48
0

0
-2.65921e-29
7.95354e-27
-1.87561e-24
3.45682e-22
-4.58912e-20
-7.16041e-22
-1.01399e-23
-1.33756e-25
-1.51371e-27
-1.37333e-29
-9.51488e-32
-5.03135e-34
-2.43401e-36
-9.80844e-39
-2.80417e-41
-8.35337e-44
-9.39648e-46
4.04804e-46
1.98923e-48
5.10207e-51
0

0
9.91488e-32
-3.5531e-29
9.93555e-27
-2.03204e-24
2.30897e-22
6.00763e-24
9.12894e-26
1.02789e-27
9.43658e-30
6.87816e-32
4.03151e-34
1.86742e-36
9.41008e-39
4.18581e-41
1.57089e-43
6.28328e-46
9.03111e-48
1.58065e-48
6.31054e-51
1.37376e-53
0

0
-2.13928e-34
8.81125e-32
-2.7933e-29
6.35296e-27
-7.45856e-25
-2.01236e-26
-2.87295e-28
-2.90337e-30
-2.37314e-32
-1.53475e-34
-8.05575e-37
-3.40169e-39
-1.63985e-41
-5.9663e-44
1.47002e-47
-2.84484e-50
-7.50175e-52
5.98379e-51
1.965e-53
3.64328e-56
0

0
3.52644e-37
-1.64105e-34
5.73822e-32
-1.3936e-29
1.54944e-27
4.43173e-29
6.10844e-31
5.6377e-33
4.16266e-35
2.41653e-37
1.13772e-39
4.359e-42
1.89615e-44
7.08186e-47
1.83779e-48
2.36496e-50
8.13572e-53
2.32595e-53
6.1818e-56
9.69184e-59
0

0
-4.62397e-40
2.37034e-37
-8.76056e-35
2.12515e-32
-1.9874e-30
-6.54385e-32
-9.29527e-34
-8.13274e-36
-5.54695e-38
-2.92524e-40
-1.23733e-42
-4.26556e-45
-1.5782e-47
-5.36507e-49
-3.41147e-50
-4.06126e-52
-6.8e-55
8.85539e-56
1.92357e-58
2.53537e-61
0

0
4.85909e-43
-2.69693e-40
1.02635e-37
-2.42796e-35
2.17182e-33
7.13286e-35
1.05919e-36
8.97571e-39
5.73872e-41
2.77249e-43
1.0547e-45
3.23883e-48
1.88444e-50
3.03164e-51
2.61857e-52
3.53219e-54
7.47391e-57
3.3816e-58
5.85418e-61
6.4536e-64
0

0
-4.13321e-46
2.4884e-43
-9.93129e-41
2.53711e-38
-3.47637e-36
-7.38384e-38
-9.8627e-40
-7.84499e-42
-4.66265e-44
-2.05986e-46
-7.01653e-49
-1.88421e-51
-3.40276e-53
-1.06756e-53
-1.35894e-54
-2.26369e-56
-3.6409e-59
1.08576e-60
1.56107e-63
1.44636e-66
0

0
2.87018e-49
-1.92389e-46
8.68839e-44
-2.92129e-41
6.41406e-39
8.91163e-41
8.39614e-43
5.65683e-45
3.00413e-47
1.19458e-49
3.57783e-52
7.87641e-55
4.78174e-56
2.63232e-56
4.81203e-57
1.14294e-58
1.98489e-61
3.46996e-63
3.86942e-66
2.92956e-69
0

0
-1.61154e-52
1.27089e-49
-7.26483e-47
3.48706e-44
-9.48758e-42
-1.10471e-43
-7.0417e-46
-3.51018e-48
-1.53864e-50
-5.26357e-53
-1.28859e-55
-1.41632e-58
-3.93716e-59
-4.5289e-59
-1.18146e-59
-4.32675e-61
-6.15775e-64
7.71666e-66
7.20208e-69
4.49512e-72
0

0
0
0
0
0
0
0
0
0
0
0
0
0
0
0
0
0
0
0
0
0
0


0
0
0
0
0
0
0
0
0
0
0
0
0
0
0
0
0
0
0
0
0
0

0
1.1284e-19
-2.05975e-17
2.86346e-15
-2.97668e-13
2.12256e-11
6.82276e-13
1.89445e-14
4.35041e-16
8.11532e-18
1.42314e-19
2.31237e-21
3.5179e-23
3.75716e-25
3.41655e-27
2.46932e-29
1.11575e-31
7.2098e-35
-2.57474e-36
-2.02772e-38
-1.00904e-40
0

0
-4.3481e-22
1.08961e-19
-2.12805e-17
2.44375e-15
-2.11961e-14
-1.10668e-14
-3.09141e-16
-5.24017e-18
-6.68542e-20
-5.17996e-22
2.63411e-25
9.70491e-26
1.04187e-27
8.05802e-30
3.00773e-32
-2.77149e-34
-7.04996e-36
-7.45326e-38
-4.56108e-40
-1.86576e-42
0

0
-1.34432e-23
2.88269e-21
-4.8361e-19
5.70963e-17
-3.30693e-15
-1.85021e-16
-5.05024e-18
-9.51093e-20
-1.39605e-21
-1.57012e-23
-1.42165e-25
-1.04749e-27
-8.5418e-30
-6.72312e-32
-5.31318e-34
-4.19017e-36
-5.34796e-38
-6.33131e-40
-3.81554e-42
-1.3702e-44
0

0
-2.00457e-25
5.64651e-23
-1.27019e-20
1.99564e-18
-1.17681e-16
-6.8125e-18
-1.36928e-19
-1.85432e-21
-1.98783e-23
-1.60412e-25
-1.02442e-27
-5.51587e-30
-3.20696e-32
-1.65855e-34
-7.51911e-37
-2.43644e-39
-1.07504e-40
-2.65361e-42
-1.67797e-44
-5.53354e-47
0

0
-1.78289e-27
5.99507e-25
-1.64068e-22
3.35284e-20
-3.47929e-18
-1.03183e-19
-1.54084e-21
-1.69592e-23
-1.52788e-25
-1.07182e-27
-5.80228e-30
-2.32074e-32
-9.25819e-35
-2.76495e-37
-5.77722e-40
-2.05563e-42
-1.4233e-43
-8.72437e-45
-5.45742e-47
-1.67427e-49
0

0
5.87721e-31
-3.06846e-28
1.03081e-25
-1.95509e-23
1.64391e-22
1.00932e-22
1.85616e-24
2.02004e-26
1.64899e-28
9.6575e-31
4.35706e-33
1.56493e-35
7.80247e-38
3.28524e-40
1.17045e-42
5.8226e-45
1.5108e-46
-2.54003e-47
-1.50838e-49
-4.22271e-52
0

0
7.84772e-33
-2.60131e-30
6.73723e-28
-1.30812e-25
1.51609e-23
3.27965e-25
4.83428e-27
5.65645e-29
5.44184e-31
4.07631e-33
2.30077e-35
9.4783e-38
3.59569e-40
1.02108e-42
1.85014e-45
2.71501e-48
2.66398e-49
-8.61201e-50
-4.30896e-52
-1.03809e-54
0

0
-2.35864e-35
9.04528e-33
-2.64444e-30
5.54105e-28
-5.97605e-26
-1.65963e-27
-2.47954e-29
-2.63182e-31
-2.22639e-33
-1.44844e-35
-7.25151e-38
-2.74128e-40
-1.02718e-42
-2.86802e-45
-3.86028e-48
1.44421e-51
-1.21862e-51
-3.32073e-52
-1.35202e-54
-2.75503e-57
0

0
4.33198e-38
-1.87554e-35
6.04494e-33
-1.36367e-30
1.47915e-28
4.22082e-30
6.05635e-32
5.91358e-34
4.54914e-36
2.67475e-38
1.21358e-40
4.21333e-43
1.46515e-45
3.10733e-48
6.13993e-51
-7.29644e-53
-1.53858e-54
-1.25357e-54
-4.21379e-57
-7.28919e-60
0

0
-6.04265e-41
2.91126e-38
-1.00995e-35
2.36358e-33
-2.38726e-31
-7.20281e-33
-1.02076e-34
-9.32411e-37
-6.59576e-39
-3.52755e-41
-1.44723e-43
-4.55864e-46
-1.39685e-48
4.58315e-51
6.06372e-52
6.05597e-54
6.08773e-57
-4.75031e-57
-1.30961e-59
-1.91355e-62
0

0
6.67463e-44
-3.5185e-41
1.27646e-38
-2.96927e-36
2.61023e-34
8.67253e-36
1.26378e-37
1.1069e-39
7.3005e-42
3.57188e-44
1.32117e-46
3.72488e-49
7.18004e-52
-9.68504e-53
-1.04854e-53
-1.11414e-55
-2.08179e-58
-1.8088e-59
-4.03779e-62
-4.95151e-65
0

0
-5.9332e-47
3.40269e-44
-1.28067e-41
2.95586e-39
-2.36321e-37
-8.17816e-39
-1.21844e-40
-1.02775e-42
-6.33335e-45
-2.833e-47
-9.38897e-50
-2.33038e-52
5.32726e-55
6.15528e-55
8.97755e-56
1.14031e-57
1.45851e-60
-6.26725e-62
-1.16379e-64
-1.19453e-67
0

0
4.28546e-50
-2.69715e-47
1.07192e-44
-2.56753e-42
1.99327e-40
6.7214e-42
9.66351e-44
7.67412e-46
4.35977e-48
1.76577e-50
5.16959e-53
1.10063e-55
-2.50104e-57
-2.35828e-57
-5.15308e-58
-8.45045e-60
-1.14266e-62
-2.14975e-64
-3.13819e-67
-2.65107e-70
0

0
-2.50497e-53
1.75647e-50
-7.44493e-48
1.80676e-45
-8.14306e-44
-4.28724e-45
-6.24354e-47
-4.644e-49
-2.39711e-51
-8.61814e-54
-2.15288e-56
-3.77517e-59
3.83225e-60
6.11145e-60
1.98122e-60
4.78535e-62
5.23e-65
-5.42005e-67
-6.80607e-70
-4.77628e-73
0

0
1.16091e-56
-9.22668e-54
3.97551e-51
-6.44348e-49
-1.6225e-46
7.84551e-49
2.97671e-50
2.29668e-52
1.07142e-54
3.26283e-57
6.34583e-60
1.00694e-62
-2.23213e-63
-1.06019e-62
-5.07757e-63
-1.93952e-64
-2.00574e-67
-1.39997e-69
-1.2911e-72
-7.10542e-76
0

0
0
0
0
0
0
0
0
0
0
0
0
0
0
0
0
0
0
0
0
0
0


0
0
0
0
0
0
0
0
0
0
0
0
0
0
0
0
0
0
0
0
0
0

0
-1.6421e-23
3.34189e-21
-5.02691e-19
4.03232e-17
9.75417e-16
-2.03983e-16
-7.26119e-18
-1.44214e-19
-2.0711e-21
-1.92428e-23
-4.86209e-26
2.3728e-27
2.72414e-29
2.06762e-31
5.23454e-34
-9.19164e-36
-9.50639e-38
-2.41408e-40
3.65497e-43
2.38313e-45
0

0
-3.50153e-25
7.11954e-23
-1.021e-20
9.93793e-19
-7.14732e-17
-1.49221e-18
-5.32869e-20
-1.44204e-21
-2.5847e-23
-3.61495e-25
-3.90554e-27
-3.07726e-29
-2.48421e-31
-1.94975e-33
-1.51742e-35
-8.22819e-38
4.56315e-40
1.22127e-41
8.52244e-44
3.25391e-46
0

0
2.06526e-27
-5.11687e-25
9.62078e-23
-1.15133e-20
3.86419e-19
4.94154e-20
1.37043e-21
2.29425e-23
2.81274e-25
2.26923e-27
1.03381e-29
-1.48241e-32
-3.82205e-34
-3.24608e-36
-8.57222e-39
2.21607e-40
8.09658e-42
1.17523e-43
7.06229e-46
2.37287e-48
0

0
4.43217e-29
-1.28012e-26
2.87856e-24
-4.36961e-22
2.3419e-20
1.53887e-21
3.18218e-23
4.2567e-25
4.41091e-27
3.43736e-29
2.12012e-31
1.08824e-33
6.2527e-36
3.55916e-38
2.05226e-40
1.07139e-42
1.74656e-44
4.17669e-46
2.58649e-48
7.84987e-51
0

0
3.31639e-31
-1.16537e-28
3.26693e-26
-6.59895e-24
6.12677e-22
2.09597e-23
3.19775e-25
3.40456e-27
2.88155e-29
1.85174e-31
9.10929e-34
3.53955e-36
1.40674e-38
4.87166e-41
1.34048e-43
2.35233e-46
2.03484e-47
1.33747e-48
8.25966e-51
2.30707e-53
0

0
-2.28975e-35
2.46134e-32
-9.69418e-30
1.75434e-27
1.00414e-25
-1.26979e-26
-2.47586e-28
-2.60175e-30
-1.98253e-32
-1.07935e-34
-4.91084e-37
-2.30732e-39
-1.46785e-41
-8.92439e-44
-4.92859e-46
-2.411e-48
-1.0415e-50
4.02889e-51
2.36457e-53
6.06233e-56
0

0
-1.48716e-36
5.36412e-34
-1.48631e-31
2.99338e-29
-3.20199e-27
-8.10435e-29
-1.1883e-30
-1.2794e-32
-1.09631e-34
-7.06442e-37
-3.30927e-39
-1.08231e-41
-2.80866e-44
-1.37988e-47
3.83571e-49
2.94701e-51
-1.93085e-53
1.33876e-53
6.70685e-56
1.49613e-58
0

0
3.78618e-39
-1.54166e-36
4.66257e-34
-9.89245e-32
1.01406e-29
2.95972e-31
4.37121e-33
4.41467e-35
3.46363e-37
2.02554e-39
8.76657e-42
2.78905e-44
8.13637e-47
1.63761e-49
9.15329e-53
-1.3307e-54
1.21894e-55
5.02511e-56
2.05832e-58
3.88031e-61
0

0
-5.98873e-42
2.71165e-39
-8.82602e-37
1.96084e-34
-1.97989e-32
-5.91143e-34
-8.55477e-36
-8.1287e-38
-5.90864e-40
-3.17399e-42
-1.26164e-44
-3.73147e-47
-1.03661e-49
-2.23113e-52
-2.03201e-54
-1.74039e-56
2.41158e-58
1.87106e-58
6.33295e-61
1.01015e-63
0

0
7.12758e-45
-3.5486e-42
1.21764e-39
-2.73712e-37
2.54019e-35
8.00375e-37
1.16671e-38
1.05896e-40
7.18669e-43
3.55063e-45
1.28579e-47
3.45914e-50
8.6735e-53
1.15518e-54
1.46216e-55
1.09551e-57
2.3886e-60
6.95605e-61
1.9313e-63
2.5932e-66
0

0
-6.67894e-48
3.6176e-45
-1.28122e-42
2.81636e-40
-2.26577e-38
-7.8061e-40
-1.18391e-41
-1.0454e-43
-6.67736e-46
-3.03495e-48
-9.93311e-51
-2.38663e-53
-5.29086e-56
-1.47647e-56
-2.53164e-57
-2.23772e-59
-2.16657e-62
2.51089e-63
5.73625e-66
6.44604e-69
0

0
5.00951e-51
-2.9474e-48
1.07002e-45
-2.27398e-43
1.53861e-41
5.86623e-43
9.3566e-45
8.08421e-47
4.85795e-49
2.02114e-51
5.91019e-54
1.24332e-56
6.68586e-59
9.81304e-59
2.34182e-59
2.59869e-61
2.92718e-64
8.85292e-66
1.6174e-68
1.50311e-71
0

0
-3.00696e-54
1.92633e-51
-7.09538e-49
1.40947e-46
-6.25972e-45
-3.24952e-46
-5.73759e-48
-4.92242e-50
-2.78362e-52
-1.05075e-54
-2.6932e-57
-4.83991e-60
-1.56757e-61
-3.9194e-61
-1.43067e-61
-2.13127e-63
-1.84894e-66
2.55161e-68
3.94973e-71
3.02899e-74
0

0
1.42188e-57
-9.89132e-55
3.45426e-52
-4.71681e-50
-3.26339e-48
6.98465e-50
2.4563e-51
2.32851e-53
1.26482e-55
4.27189e-58
9.27503e-61
1.39967e-63
1.90618e-64
1.01989e-63
5.73927e-64
1.29126e-65
1.04357e-68
7.35634e-71
8.52231e-74
5.19289e-77
0

0
-5.17321e-61
3.87364e-58
-1.01587e-55
-1.55331e-53
7.57665e-51
7.83411e-53
-5.17538e-55
-8.64182e-57
-4.72547e-59
-1.39865e-61
-2.50285e-64
-3.35991e-67
4.13532e-68
-1.68749e-66
-1.48043e-66
-5.35158e-68
-3.50931e-71
1.2748e-73
1.31297e-76
6.41963e-80
0

0
0
0
0
0
0
0
0
0
0
0
0
0
0
0
0
0
0
0
0
0
0


0
0
0
0
0
0
0
0
0
0
0
0
0
0
0
0
0
0
0
0
0
0

0
-1.71743e-27
4.03265e-25
-6.19513e-23
7.24766e-21
-6.47729e-19
5.95609e-21
3.01085e-22
2.25357e-24
-1.60881e-26
-1.04368e-27
-1.4368e-29
-6.34138e-33
2.41042e-34
1.53162e-36
3.09648e-39
9.05064e-40
2.20703e-41
1.75038e-43
8.32216e-46
3.27686e-48
0

0
8.47998e-29
-2.08437e-26
3.61893e-24
-3.67583e-22
1.18361e-20
1.22635e-21
3.91926e-23
7.19951e-25
9.16125e-27
8.10582e-29
4.68787e-31
1.09438e-33
1.17204e-37
-1.75982e-38
2.52488e-40
8.35307e-42
2.24606e-44
-1.09227e-45
-8.98414e-48
-3.08013e-50
0

0
1.93746e-31
-3.57529e-29
4.17854e-27
-4.10961e-25
8.35254e-23
-2.84416e-24
-8.34896e-26
-7.60851e-28
9.41251e-31
1.66226e-31
2.57733e-33
2.21789e-35
1.5744e-37
1.00845e-39
6.11676e-42
2.41208e-44
-7.11771e-46
-1.53574e-47
-9.41106e-50
-2.91657e-52
0

0
-7.03718e-33
2.16188e-30
-5.01439e-28
7.56118e-26
-3.69898e-24
-2.80382e-25
-5.883e-27
-7.60849e-29
-7.37323e-31
-5.13916e-33
-2.59879e-35
-9.01071e-38
-3.20503e-40
-1.00042e-42
-5.08908e-45
-5.8085e-47
-1.97895e-48
-5.22696e-50
-3.14159e-52
-8.82112e-55
0

0
-4.99574e-35
1.79864e-32
-5.09643e-30
1.01445e-27
-8.5692e-26
-3.31489e-27
-5.15361e-29
-5.36813e-31
-4.3662e-33
-2.68514e-35
-1.29207e-37
-5.23909e-40
-2.32165e-42
-1.0327e-44
-4.66426e-47
-2.05791e-49
-3.01642e-51
-1.62898e-52
-9.58936e-55
-2.43206e-57
0

0
-2.12796e-39
-6.1291e-37
3.06367e-34
-4.05138e-33
-3.23145e-29
9.59648e-31
2.31654e-32
2.57017e-34
2.03581e-36
1.22055e-38
6.57494e-41
3.378e-43
1.99485e-45
1.08324e-47
5.56162e-50
3.17874e-52
1.01376e-54
-4.94297e-55
-2.77542e-57
-6.42672e-60
0

0
2.00472e-40
-7.78092e-38
2.28354e-35
-4.75766e-33
4.84387e-31
1.33622e-32
1.91795e-34
1.91693e-36
1.48394e-38
8.38128e-41
3.35062e-43
9.41206e-46
2.16349e-48
2.68506e-51
-3.79775e-54
-1.19534e-55
1.95154e-59
-1.64639e-57
-7.92819e-60
-1.61085e-62
0

0
-4.44096e-43
1.90692e-40
-5.93489e-38
1.27082e-35
-1.24751e-33
-3.75954e-35
-5.48844e-37
-5.29874e-39
-3.87923e-41
-2.06018e-43
-7.8886e-46
-2.23098e-48
-5.96711e-51
-1.45299e-53
-3.82035e-56
-8.24705e-59
-1.02698e-59
-5.98678e-60
-2.36912e-62
-4.06651e-65
0

0
6.08802e-46
-2.86883e-43
9.39209e-41
-2.04784e-38
1.93214e-36
5.97581e-38
8.74469e-40
8.12384e-42
5.61041e-44
2.77852e-46
9.8893e-49
2.61171e-51
6.5515e-54
1.16361e-56
-3.94733e-58
-2.25737e-60
-3.69136e-62
-2.18916e-62
-7.13605e-65
-1.03061e-67
0

0
-6.20518e-49
3.18348e-46
-1.07696e-43
2.31312e-41
-1.96113e-39
-6.45321e-41
-9.73839e-43
-8.82479e-45
-5.77233e-47
-2.65529e-49
-8.66734e-52
-2.08269e-54
-4.62084e-57
1.02705e-58
2.59191e-59
1.4926e-61
4.19276e-65
-7.88656e-65
-2.11257e-67
-2.55468e-70
0

0
4.93572e-52
-2.74103e-49
9.42318e-47
-1.93232e-44
1.39042e-42
5.04971e-44
8.10257e-46
7.27141e-48
4.52205e-50
1.92383e-52
5.69136e-55
1.22046e-57
2.03155e-60
-1.67761e-60
-4.74807e-61
-3.41824e-63
-3.62743e-66
-2.7895e-67
-6.05898e-70
-6.07552e-73
0

0
-3.10377e-55
1.86589e-52
-6.44831e-50
1.23137e-47
-7.04472e-46
-2.95238e-47
-5.18085e-49
-4.6592e-51
-2.75611e-53
-1.07643e-55
-2.84407e-58
-5.34101e-61
1.08089e-63
1.18833e-62
4.6919e-63
4.39693e-65
3.13736e-68
-8.85175e-70
-1.59102e-72
-1.31375e-75
0

0
1.53071e-58
-9.95774e-56
3.35075e-53
-5.45828e-51
1.77828e-49
1.14338e-50
2.46247e-52
2.31283e-54
1.31319e-56
4.6638e-59
1.07671e-61
1.73376e-64
-5.44807e-66
-4.84583e-65
-2.98376e-65
-3.86786e-67
-2.59072e-70
-2.70292e-72
-3.73999e-75
-2.47573e-78
0

0
-5.79838e-62
4.09761e-59
-1.24215e-56
1.18243e-54
2.44178e-53
-1.74706e-54
-8.16653e-56
-8.9489e-58
-4.96499e-60
-1.57516e-62
-3.06906e-65
-4.07806e-68
3.18234e-69
1.21995e-67
1.21227e-67
2.41815e-69
1.26003e-72
-5.68869e-75
-6.83039e-78
-3.61372e-81
0

0
1.63947e-65
-1.2945e-62
3.40952e-60
-2.1218e-58
1.09136e-55
7.46311e-58
2.18972e-59
2.81533e-61
1.51714e-63
4.18455e-66
6.44014e-69
4.98951e-72
1.78719e-71
-1.80022e-70
-3.04341e-70
-9.85672e-72
-4.28632e-75
-1.23763e-77
-1.01116e-80
-3.93057e-84
0

0
0
0
0
0
0
0
0
0
0
0
0
0
0
0
0
0
0
0
0
0
0


0
0
0
0
0
0
0
0
0
0
0
0
0
0
0
0
0
0
0
0
0
0

0
0
0
0
0
0
0
0
0
0
0
0
0
0
0
0
0
0
0
0
0
0

0
0
0
0
0
0
0
0
0
0
0
0
0
0
0
0
0
0
0
0
0
0

0
0
0
0
0
0
0
0
0
0
0
0
0
0
0
0
0
0
0
0
0
0

0
0
0
0
0
0
0
0
0
0
0
0
0
0
0
0
0
0
0
0
0
0

0
0
0
0
0
0
0
0
0
0
0
0
0
0
0
0
0
0
0
0
0
0

0
0
0
0
0
0
0
0
0
0
0
0
0
0
0
0
0
0
0
0
0
0

0
0
0
0
0
0
0
0
0
0
0
0
0
0
0
0
0
0
0
0
0
0

0
0
0
0
0
0
0
0
0
0
0
0
0
0
0
0
0
0
0
0
0
0

0
0
0
0
0
0
0
0
0
0
0
0
0
0
0
0
0
0
0
0
0
0

0
0
0
0
0
0
0
0
0
0
0
0
0
0
0
0
0
0
0
0
0
0

0
0
0
0
0
0
0
0
0
0
0
0
0
0
0
0
0
0
0
0
0
0

0
0
0
0
0
0
0
0
0
0
0
0
0
0
0
0
0
0
0
0
0
0

0
0
0
0
0
0
0
0
0
0
0
0
0
0
0
0
0
0
0
0
0
0

0
0
0
0
0
0
0
0
0
0
0
0
0
0
0
0
0
0
0
0
0
0

0
0
0
0
0
0
0
0
0
0
0
0
0
0
0
0
0
0
0
0
0
0

0
0
0
0
0
0
0
0
0
0
0
0
0
0
0
0
0
0
0
0
0
0


