0.5
0.5
-0.239606
0.5
0.5
0.5
0.5
-0.0203622
0.5
0.5
0.22769
0.5
0.5
0.5
0.5
0.5
0.5
0.5
0.5
0.5
0.5
0.5

0.5
-0.396722
0.829337
0.533815
0.746124
-0.242295
-0.57957
-0.0936779
-1.10237
-0.0659916
-0.519293
-0.898056
0.316615
-2.07743
-0.337374
-0.292812
-0.272136
-0.806631
-1.87072
-0.903152
-0.903152
0.5

0.5
0.300204
-0.174641
0.524922
0.696113
0.155336
-0.76486
-0.273916
0.179098
-1.1063
-0.54502
-0.706321
0.0864049
-0.120635
-0.396717
0.572599
-1.52525
-0.863836
-1.75732
-0.924261
-0.924261
0.5

0.5
-0.319697
0.595789
0.502694
0.60755
-0.123596
-0.345612
-0.0736519
-0.0868381
-1.1106
-0.564145
-0.177815
-0.330728
-0.0764026
-0.321424
-0.910826
0.354646
-1.07826
-1.7004
-0.915212
-0.915212
0.5

0.5
-0.366619
0.717274
0.507135
0.354426
-0.128764
-0.115158
-0.0434993
-0.205187
-0.966983
-0.566526
0.0580259
-0.0543753
-0.344433
-0.217201
-1.4284
0.47077
-1.12051
-1.6976
-0.89092
-0.89092
0.5

0.5
0.32227
0.196587
0.36093
0.284987
-0.180226
-0.0849551
-0.0191354
-0.378865
-0.467869
-0.528787
0.408804
1.87833
-0.702584
-0.190606
-0.837396
-0.0903182
-1.17104
-1.68969
-0.846206
-0.846206
0.5

0.5
0.586738
0.0509455
0.289607
0.323004
-0.209617
-0.164181
0.0518127
-0.568093
-0.737226
-0.471441
0.293455
-0.571644
-0.386054
-0.181113
-0.546933
-0.504588
-1.35667
-1.67117
-0.790613
-0.790613
0

0.5
0.542576
0.146301
0.275178
0.370273
-0.249252
-0.246901
-0.0956075
-0.484341
-0.624609
-0.443334
0.0450745
-0.320456
-0.0494525
-0.127083
-0.766939
-0.496262
-1.43459
-1.69285
-0.768398
-0.768398
0.5

0.5
0.465533
0.230902
0.328241
0.318007
-0.231622
-0.328322
-1.30474
0.57402
-0.515564
-0.440764
-0.152478
-0.35194
0.430569
0.572599
-0.92603
-0.437604
-1.42308
-1.63372
-0.921309
-0.921309
0.5

0.5
0.422655
0.288473
0.386813
0.178361
-0.180226
-0.342191
-1.28808
0.504538
-0.408656
-0.444651
-0.321961
-0.863065
1.29722
-0.0203937
-1.27111
-0.232304
-1.40186
-1.21804
-1.30424
-1.30424
0.5

0.5
0.406911
0.333714
0.421223
0.136824
-0.212042
-0.0849551
-1.04526
0.220736
-0.364296
-0.43071
-0.519974
-1.77729
2.45101
-0.773245
-1.46279
0.328078
-1.38855
-0.929665
-1.52259
-1.52259
0.5

0.5
0.407834
0.367716
0.434672
0.293287
-0.368313
-0.523662
-0.845542
-0.0199834
-0.37201
-0.321961
-0.704761
-2.07743
2.65086
-0.947229
-1.26909
1.11375
-1.22128
-0.735492
-1.45328
-1.45328
0.5

0.5
0.408597
0.385774
0.463417
0.557342
-0.592842
-0.581077
-0.674996
-0.260692
-0.411709
-0.540456
-0.701466
-1.02377
0.419169
-1.25204
-0.271131
2.423
-0.697059
-0.713748
-1.27978
-1.27978
0.5

0.5
0.383649
0.374018
0.524922
0.616311
-0.679065
-0.625108
-0.463185
-0.530379
-0.467869
-0.471441
-0.649819
0.0850648
-1.60535
-2.94541
1.35447
3.0632
-0.121944
-0.656795
-1.19591
-1.19591
0.5

0.5
0.349492
0.373116
0.528577
0.690558
-0.810156
-0.648164
-0.475451
-0.577492
-0.513861
-0.602817
-0.645128
-0.495375
-2.24309
-0.209817
-0.0267994
2.0306
0.172398
-0.734714
-1.16147
-1.16147
0.5

0.5
0.319106
0.36093
0.485886
0.736909
-0.893895
-0.638107
-0.509035
-0.528396
-0.513617
-0.571762
-0.628449
-0.74892
-1.24864
-0.258834
-0.0203937
0.703601
-0.0507356
-1.68969
-1.09992
-1.09992
0.5

0.5
0.5
0.5
0.5
0.5
0.5
0.5
0.5
0.5
0.5
0.5
0.5
0.5
0.5
0.5
0.5
0.5
0.5
0.5
0.5
0.5
0.5


0.5
0.396722
-0.829337
-0.533815
-0.746124
0.242295
0.57957
0.0936779
1.10237
0.0659916
0.519293
0.898056
-0.316615
2.07743
0.337374
0.292812
0.272136
0.806631
1.87072
0.903152
0.903152
0.5

0.5
-0.396722
0.829337
0.533815
0.746124
-0.242295
-0.57957
-0.0936779
-1.10237
-0.0659916
-0.519293
-0.898056
0.316615
-2.07743
-0.337374
-0.292812
-0.272136
-0.806631
-1.87072
-0.903152
-0.903152
0.5

0.5
0.300204
-0.174641
0.524922
0.696113
0.155336
-0.76486
-0.273916
0.179098
-1.1063
-0.54502
-0.706321
0.0864049
-0.120635
-0.396717
0.572599
-1.52525
-0.863836
-1.75732
-0.924261
-0.924261
0.5

0.5
-0.319697
0.595789
0.502694
0.60755
-0.123596
-0.345612
-0.0736519
-0.0868381
-1.1106
-0.564145
-0.177815
-0.330728
-0.0764026
-0.321424
-0.910826
0.354646
-1.07826
-1.7004
-0.915212
-0.915212
0.5

0.5
-0.366619
0.717274
0.507135
0.354426
-0.128764
-0.115158
-0.0434993
-0.205187
-0.966983
-0.566526
0.0580259
-0.0543753
-0.344433
-0.217201
-1.4284
0.47077
-1.12051
-1.6976
-0.89092
-0.89092
0.5

0.5
0.32227
0.196587
0.36093
0.284987
-0.180226
-0.0849551
-0.0191354
-0.378865
-0.467869
-0.528787
0.408804
1.87833
-0.702584
-0.190606
-0.837396
-0.0903182
-1.17104
-1.68969
-0.846206
-0.846206
0.5

0.5
0.586738
0.0509455
0.289607
0.323004
-0.209617
-0.164181
0.0518127
-0.568093
-0.737226
-0.471441
0.293455
-0.571644
-0.386054
-0.181113
-0.546933
-0.504588
-1.35667
-1.67117
-0.790613
-0.790613
0.814205

0.5
0.542576
0.146301
0.275178
0.370273
-0.249252
-0.246901
-0.0956075
-0.484341
-0.624609
-0.443334
0.0450745
-0.320456
-0.0494525
-0.127083
-0.766939
-0.496262
-1.43459
-1.69285
-0.768398
-0.768398
0.5

0.5
0.465533
0.230902
0.328241
0.318007
-0.231622
-0.328322
-1.30474
0.57402
-0.515564
-0.440764
-0.152478
-0.35194
0.430569
0.572599
-0.92603
-0.437604
-1.42308
-1.63372
-0.921309
-0.921309
0.5

0.5
0.422655
0.288473
0.386813
0.178361
-0.180226
-0.342191
-1.28808
0.504538
-0.408656
-0.444651
-0.321961
-0.863065
1.29722
-0.0203937
-1.27111
-0.232304
-1.40186
-1.21804
-1.30424
-1.30424
0.5

0.5
0.406911
0.333714
0.421223
0.136824
-0.212042
-0.0849551
-1.04526
0.220736
-0.364296
-0.43071
-0.519974
-1.77729
2.45101
-0.773245
-1.46279
0.328078
-1.38855
-0.929665
-1.52259
-1.52259
0.5

0.5
0.407834
0.367716
0.434672
0.293287
-0.368313
-0.523662
-0.845542
-0.0199834
-0.37201
-0.321961
-0.704761
-2.07743
2.65086
-0.947229
-1.26909
1.11375
-1.22128
-0.735492
-1.45328
-1.45328
0.5

0.5
0.408597
0.385774
0.463417
0.557342
-0.592842
-0.581077
-0.674996
-0.260692
-0.411709
-0.540456
-0.701466
-1.02377
0.419169
-1.25204
-0.271131
2.423
-0.697059
-0.713748
-1.27978
-1.27978
0.5

0.5
0.383649
0.374018
0.524922
0.616311
-0.679065
-0.625108
-0.463185
-0.530379
-0.467869
-0.471441
-0.649819
0.0850648
-1.60535
-2.94541
1.35447
3.0632
-0.121944
-0.656795
-1.19591
-1.19591
0.5

0.5
0.349492
0.373116
0.528577
0.690558
-0.810156
-0.648164
-0.475451
-0.577492
-0.513861
-0.602817
-0.645128
-0.495375
-2.24309
-0.209817
-0.0267994
2.0306
0.172398
-0.734714
-1.16147
-1.16147
0.5

0.5
0.319106
0.36093
0.485886
0.736909
-0.893895
-0.638107
-0.509035
-0.528396
-0.513617
-0.571762
-0.628449
-0.74892
-1.24864
-0.258834
-0.0203937
0.703601
-0.0507356
-1.68969
-1.09992
-1.09992
0.5

0.5
0.319106
0.36093
0.485886
0.736909
-0.893895
-0.638107
-0.509035
-0.528396
-0.513617
-0.571762
-0.628449
-0.74892
-1.24864
-0.258834
-0.0203937
0.764377
-1.09992
-1.68969
-1.09992
-1.09992
0.5


0.5
1.12953
-1.6551
-0.556254
-0.486087
0.266983
0.241319
0.328202
-0.0109795
0.669879
0.491796
0.172858
0.440929
-0.0881547
0.501212
0.758025
-0.105658
0.763538
1.5564
0.832604
0.832604
0.5

0.5
-1.12953
1.6551
0.556254
0.486087
-0.266983
-0.241319
-0.328202
0.0109795
-0.669879
-0.491796
-0.172858
-0.440929
0.0881547
-0.501212
-0.758025
0.105658
-0.763538
-1.5564
-0.832604
-0.832604
0.5

0.5
-1.35262
1.67962
0.376683
0.315466
0.162717
-0.454941
-0.379931
-0.393751
-0.446703
-0.531308
-0.351064
-0.375455
-0.435972
-0.469234
-0.235511
-0.683175
-0.843007
-1.50443
-0.869167
-0.869167
0.5

0.5
-1.02605
1.36546
0.489531
0.529983
0.0979061
-0.508563
-0.312735
-0.132789
-0.796211
-0.542282
-0.687052
-0.0793156
-0.308384
-0.480982
-0.36124
-0.63754
-0.908632
-1.41736
-0.871462
-0.871462
0.5

0.5
-0.856478
1.23248
0.534016
0.459414
-0.0879738
-0.275719
-0.164528
-0.213061
-0.901892
-0.555803
-0.477645
-0.350691
-0.367916
-0.426284
-1.33005
0.3693
-1.0174
-1.37492
-0.87013
-0.87013
0.5

0.5
-0.198314
0.676353
0.497129
0.333435
-0.155788
-0.143383
-0.156093
-0.298313
-0.872873
-0.542515
-0.117134
-0.800657
-0.592683
-0.365017
-1.02655
0.0452288
-1.03437
-1.34245
-0.853686
-0.853686
0.5

0.5
0.33074
0.283274
0.392058
0.308029
-0.1701
-0.16791
-0.140684
-0.40923
-0.67043
-0.503386
0.0360138
-0.375076
-0.540696
-0.264822
-0.461314
-0.652929
-1.1352
-1.30565
-0.815189
-0.815189
0.5

0.5
0.479253
0.230185
0.319402
0.36072
-0.216467
-0.238956
-0.163867
-0.463617
-0.611119
-0.46955
-0.0763849
-0.473433
-0.216532
-0.312554
-0.463827
-0.872052
-1.29753
-1.26258
-0.750254
-0.750254
0.5

0.5
0.464259
0.279499
0.32774
0.361945
-0.229041
-0.308332
-0.411041
-0.27349
-0.538656
-0.462779
-0.236049
-0.504815
0.213246
-0.691102
-0.573775
-0.837262
-1.35484
-1.28854
-0.700519
-0.700519
0.5

0.5
0.43932
0.323832
0.370602
0.258356
-0.182543
-0.383746
-0.924948
0.17192
-0.453918
-0.475798
-0.386128
-0.977399
0.966837
-0.695149
-0.857071
-0.605093
-1.31742
-1.21426
-0.839356
-0.839356
0.5

0.5
0.431707
0.359954
0.408068
0.122339
-0.138249
-0.456891
-0.911204
0.106063
-0.397813
-0.509485
-0.57285
-2.16299
2.23925
-0.86736
-1.1645
0.0440012
-1.29423
-0.918546
-1.14219
-1.14219
0.5

0.5
0.43708
0.387622
0.426182
0.16403
-0.216598
-0.41191
-0.769405
-0.0701708
-0.395312
-0.560219
-0.800053
-3.70536
3.74609
-1.00864
-1.33947
0.963927
-0.987087
-0.641129
-1.25294
-1.25294
0.5

0.5
0.443536
0.40038
0.441741
0.399894
-0.432543
-0.499558
-0.670289
-0.223166
-0.423241
-0.554475
-0.804379
-1.98877
1.19233
-1.19648
-1.08695
1.68907
-0.28176
-0.518421
-1.12431
-1.12431
0.5

0.5
0.43176
0.39594
0.474278
0.459833
-0.510952
-0.555903
-0.567194
-0.397103
-0.468429
-0.600362
-0.704638
-0.603197
-0.777726
-1.28566
-0.250748
2.55812
0.469271
-0.434612
-1.0047
-1.0047
0.5

0.5
0.394124
0.377238
0.469212
0.46991
-0.578802
-0.576334
-0.474598
-0.532679
-0.50528
-0.583065
-0.663681
-0.431518
-1.51436
-1.23828
-0.677678
3.71036
0.8574
-0.251703
-0.9556
-0.9556
0.5

0.5
0.356523
0.359939
0.43273
0.491807
-0.631703
-0.564485
-0.472608
-0.517309
-0.503025
-0.569115
-0.632627
-0.750936
-1.33911
-0.497628
-0.928119
3.53408
0.739009
0.0118141
-0.914265
-0.914265
0.5

0.5
0.356523
0.359939
0.43273
0.491807
-0.631703
-0.564485
-0.472608
-0.517309
-0.503025
-0.569115
-0.632627
-0.750936
-1.33911
-0.497628
-0.928119
3.53408
0.739009
0.0118141
-0.914265
-0.914265
0.5


0.5
0.604662
-1.21899
-0.540697
-0.443825
0.144278
0.208042
0.21184
0.497908
0.371167
0.478989
0.498822
0.348792
0.672786
0.592243
0.523062
0.13508
0.807101
1.25996
0.744194
0.744194
0.5

0.5
-0.604662
1.21899
0.540697
0.443825
-0.144278
-0.208042
-0.21184
-0.497908
-0.371167
-0.478989
-0.498822
-0.348792
-0.672786
-0.592243
-0.523062
-0.13508
-0.807101
-1.25996
-0.744194
-0.744194
0.5

0.5
-0.816599
1.18745
0.439078
0.0607394
0.224795
-0.305011
-0.256296
-0.427787
-0.499445
-0.514129
-0.535666
-0.307325
-0.465045
-0.517991
-0.456761
-0.402282
-0.896439
-1.29793
-0.810877
-0.810877
0.5

0.5
-0.771146
1.18815
0.437339
0.447727
-0.0317053
-0.34257
-0.314408
-0.322941
-0.550272
-0.519343
-0.439055
-0.416011
-0.395681
-0.486436
-0.0317652
-0.990245
-0.887221
-1.21776
-0.806482
-0.806482
0.5

0.5
-0.58591
1.02563
0.477502
0.465216
-0.0405048
-0.345327
-0.267163
-0.243034
-0.690107
-0.53235
-0.546655
-0.331256
-0.295345
-0.476229
-0.751921
-0.337979
-0.956837
-1.16728
-0.801327
-0.801327
0.5

0.5
-0.316114
0.818366
0.479757
0.397147
-0.132866
-0.225346
-0.189766
-0.300265
-0.699753
-0.534917
-0.385718
-0.345375
-0.356419
-0.40207
-1.09204
-0.0369077
-0.944036
-1.14405
-0.784211
-0.784211
0.5

0.5
0.0936119
0.493086
0.436835
0.306142
-0.141527
-0.183133
-0.20099
-0.34546
-0.656095
-0.514712
-0.207137
-0.44689
-0.5243
-0.282302
-0.699192
-0.570878
-0.980399
-1.11537
-0.756815
-0.756815
0.5

0.5
0.367944
0.319413
0.365619
0.315081
-0.17573
-0.217031
-0.214828
-0.398185
-0.585971
-0.486667
-0.186107
-0.497712
-0.413495
-0.159689
-0.402478
-1.00882
-1.11836
-1.05708
-0.728514
-0.728514
0.5

0.5
0.445682
0.308675
0.334417
0.344722
-0.214102
-0.271765
-0.31672
-0.356623
-0.53396
-0.471795
-0.282004
-0.526634
-0.146302
-0.21294
-0.401173
-1.03258
-1.26333
-0.999402
-0.708964
-0.708964
0.5

0.5
0.449444
0.339349
0.350189
0.289883
-0.189806
-0.315804
-0.55978
-0.171221
-0.476772
-0.471298
-0.40017
-0.720999
0.317799
-0.545668
-0.573833
-0.729041
-1.26026
-0.981609
-0.713767
-0.713767
0.5

0.5
0.448925
0.370599
0.378714
0.158714
-0.120878
-0.340442
-0.743637
-0.0380346
-0.424168
-0.48001
-0.530797
-1.33879
1.04897
-0.868338
-1.00106
0.09637
-1.0442
-0.910103
-0.816449
-0.816449
0.5

0.5
0.455539
0.39723
0.39787
0.118751
-0.142692
-0.379136
-0.69232
-0.126935
-0.409271
-0.501627
-0.68508
-2.26778
1.86202
-1.19508
-1.54014
1.35841
-0.650413
-0.699241
-1.00391
-1.00391
0.5

0.5
0.462818
0.412113
0.405115
0.259348
-0.300364
-0.428174
-0.613444
-0.251187
-0.429285
-0.542221
-0.784495
-2.09536
1.30097
-1.31609
-2.10283
2.3609
0.0736212
-0.496282
-1.01699
-1.01699
0.5

0.5
0.458116
0.408152
0.407917
0.381379
-0.43287
-0.495823
-0.559607
-0.366432
-0.465871
-0.568392
-0.750541
-1.26258
-0.126701
-1.36595
-2.32098
3.05735
0.649993
-0.4049
-0.916012
-0.916012
0.5

0.5
0.428301
0.384864
0.410914
0.372595
-0.472705
-0.524581
-0.501443
-0.468051
-0.49751
-0.584552
-0.683283
-0.6486
-1.17496
-1.23056
-2.21528
3.19571
0.70471
-0.38779
-0.849398
-0.849398
0.5

0.5
0.385299
0.356979
0.391648
0.369553
-0.501418
-0.513955
-0.450999
-0.501816
-0.495315
-0.563519
-0.637284
-0.705911
-1.31422
-0.938774
-2.10125
2.89482
0.590944
-0.39657
-0.808861
-0.808861
0.5

0.5
0.385299
0.356979
0.391648
0.369553
-0.501418
-0.513955
-0.450999
-0.501816
-0.495315
-0.563519
-0.637284
-0.705911
-1.31422
-0.938774
-2.10125
2.89482
0.590944
-0.39657
-0.808861
-0.808861
0.5


0.5
0.190581
-0.867349
-0.50068
-0.480443
0.0604413
0.169738
0.270702
0.280394
0.476741
0.47351
0.425265
0.553007
0.531622
0.625121
0.418532
0.52867
0.679633
0.971609
0.632976
0.632976
0.5

0.5
-0.190581
0.867349
0.50068
0.480443
-0.0604413
-0.169738
-0.270702
-0.280394
-0.476741
-0.47351
-0.425265
-0.553007
-0.531622
-0.625121
-0.418532
-0.52867
-0.679633
-0.971609
-0.632976
-0.632976
0.5

0.5
-0.333793
0.794579
0.391741
-0.0763728
0.342537
-0.25165
-0.291996
-0.377471
-0.4837
-0.504297
-0.488671
-0.472101
-0.550434
-0.596645
-0.560687
-0.451253
-0.779019
-1.07635
-0.729633
-0.729633
0.5

0.5
-0.322846
0.818107
0.413943
0.118994
0.161355
-0.252285
-0.282356
-0.374739
-0.49904
-0.509099
-0.508187
-0.424358
-0.502314
-0.549897
-0.373826
-0.718258
-0.819642
-1.02342
-0.725449
-0.725449
0.5

0.5
-0.302402
0.821822
0.423724
0.361146
-0.0393147
-0.280195
-0.284919
-0.33094
-0.558066
-0.51734
-0.50293
-0.42818
-0.469143
-0.52889
-0.28551
-0.90568
-0.842209
-0.975132
-0.721837
-0.721837
0.5

0.5
-0.179131
0.730632
0.438326
0.428222
-0.132224
-0.262638
-0.257682
-0.311086
-0.617683
-0.522836
-0.494363
-0.450311
-0.440624
-0.512235
-0.733976
-0.542262
-0.846969
-0.931619
-0.710911
-0.710911
0.5

0.5
0.0322504
0.578878
0.427644
0.354321
-0.146795
-0.214438
-0.234469
-0.337965
-0.607584
-0.516952
-0.390967
-0.4901
-0.475644
-0.463045
-0.713146
-0.68629
-0.839579
-0.885932
-0.694655
-0.694655
0.5

0.5
0.261674
0.421294
0.392359
0.286233
-0.13397
-0.209378
-0.24826
-0.364365
-0.567241
-0.500613
-0.325433
-0.523106
-0.487799
-0.347326
-0.444395
-1.06543
-0.921096
-0.850459
-0.672739
-0.672739
0.5

0.5
0.399823
0.356861
0.353576
0.284602
-0.152711
-0.242154
-0.285337
-0.375006
-0.525267
-0.487229
-0.349879
-0.574789
-0.357672
-0.270155
-0.346052
-1.1723
-1.08081
-0.807923
-0.649016
-0.649016
0.5

0.5
0.449894
0.360444
0.344063
0.276707
-0.162565
-0.285797
-0.391256
-0.315416
-0.486436
-0.48598
-0.425952
-0.678216
-0.0908567
-0.433153
-0.428557
-0.88856
-1.13791
-0.791839
-0.640954
-0.640954
0.5

0.5
0.467048
0.382768
0.35749
0.207722
-0.132628
-0.319469
-0.532824
-0.21884
-0.449349
-0.495954
-0.522298
-0.951047
0.299663
-0.776371
-0.827823
-0.236634
-0.942499
-0.763369
-0.673056
-0.673056
0.5

0.5
0.479461
0.40479
0.373147
0.126274
-0.106738
-0.337
-0.586543
-0.206218
-0.428868
-0.514659
-0.629337
-1.38491
0.657717
-1.18789
-1.53213
0.875862
-0.506698
-0.674068
-0.75316
-0.75316
0.5

0.5
0.487648
0.417602
0.380134
0.152318
-0.176346
-0.37059
-0.554652
-0.28137
-0.438561
-0.540125
-0.720401
-1.58032
0.524982
-1.45259
-2.42179
2.04842
0.0190566
-0.520342
-0.839795
-0.839795
0.5

0.5
0.481049
0.412919
0.378451
0.269078
-0.320332
-0.428063
-0.518638
-0.371655
-0.467321
-0.568182
-0.74409
-1.32685
-0.149906
-1.47346
-3.10914
2.66155
0.450184
-0.385186
-0.822067
-0.822067
0.5

0.5
0.453568
0.389802
0.368546
0.292002
-0.382125
-0.467276
-0.484939
-0.445425
-0.49209
-0.578751
-0.702602
-0.905524
-0.86927
-1.40636
-3.217
2.72031
0.543076
-0.336619
-0.759642
-0.759642
0.5

0.5
0.414244
0.358494
0.349776
0.271206
-0.389572
-0.462376
-0.441869
-0.470397
-0.487685
-0.561066
-0.645866
-0.689772
-1.16606
-1.31059
-2.96536
2.46883
0.486243
-0.323503
-0.710407
-0.710407
0.5

0.5
0.414244
0.358494
0.349776
0.271206
-0.389572
-0.462376
-0.441869
-0.470397
-0.487685
-0.561066
-0.645866
-0.689772
-1.16606
-1.31059
-2.96536
2.46883
0.486243
-0.323503
-0.710407
-0.710407
0.5


0.5
-0.025002
-0.674818
-0.473113
-0.317958
-0.0381553
0.154647
0.256649
0.339003
0.417798
0.47225
0.490576
0.561516
0.63476
0.656857
0.473498
0.713915
0.628159
0.739605
0.529273
0.529273
0.5

0.5
0.025002
0.674818
0.473113
0.317958
0.0381553
-0.154647
-0.256649
-0.339003
-0.417798
-0.47225
-0.490576
-0.561516
-0.63476
-0.656857
-0.473498
-0.713915
-0.628159
-0.739605
-0.529273
-0.529273
0.5

0.5
-0.112786
0.602303
0.347903
0.070638
0.155817
-0.234826
-0.299207
-0.367743
-0.471807
-0.500487
-0.501689
-0.545884
-0.599686
-0.637558
-0.537333
-0.640851
-0.719913
-0.883456
-0.649249
-0.649249
0.5

0.5
-0.0932084
0.631563
0.373692
-0.0157406
0.239808
-0.217752
-0.284607
-0.368519
-0.479567
-0.502796
-0.510579
-0.508481
-0.564302
-0.600572
-0.524736
-0.721021
-0.721295
-0.853983
-0.650452
-0.650452
0.5

0.5
-0.0701189
0.638994
0.385001
0.0837219
0.145532
-0.216751
-0.282026
-0.360873
-0.501612
-0.509917
-0.515123
-0.497303
-0.534161
-0.57376
-0.395649
-0.922849
-0.740973
-0.818854
-0.651796
-0.651796
0.5

0.5
-0.0166744
0.617747
0.393147
0.274114
-0.0308051
-0.231025
-0.274378
-0.345614
-0.534867
-0.51499
-0.511433
-0.491193
-0.520945
-0.553271
-0.469611
-0.917628
-0.752189
-0.780928
-0.646289
-0.646289
0.5

0.5
0.0912924
0.552394
0.39446
0.348283
-0.131483
-0.22439
-0.261244
-0.347583
-0.553544
-0.515173
-0.478795
-0.511542
-0.52638
-0.520796
-0.594715
-0.877097
-0.74967
-0.750192
-0.635904
-0.635904
0.5

0.5
0.234642
0.464721
0.381603
0.303489
-0.134578
-0.214184
-0.262116
-0.360825
-0.541354
-0.50817
-0.431715
-0.543849
-0.540994
-0.451834
-0.46998
-1.04458
-0.809109
-0.722891
-0.621284
-0.621284
0.5

0.5
0.361291
0.400321
0.358836
0.258696
-0.122879
-0.225077
-0.2848
-0.36948
-0.515124
-0.499156
-0.423551
-0.58094
-0.505849
-0.364873
-0.31531
-1.17515
-0.930112
-0.704207
-0.605616
-0.605616
0.5

0.5
0.437796
0.382927
0.342565
0.245594
-0.129741
-0.252898
-0.333747
-0.357551
-0.488009
-0.495802
-0.460359
-0.644791
-0.387099
-0.370797
-0.353807
-1.0445
-1.02162
-0.685016
-0.595339
-0.595339
0.5

0.5
0.476255
0.393345
0.342523
0.217343
-0.126397
-0.282493
-0.412297
-0.316951
-0.463318
-0.501353
-0.524311
-0.779361
-0.187149
-0.597555
-0.662585
-0.555551
-0.945724
-0.670365
-0.60128
-0.60128
0.5

0.5
0.498423
0.410072
0.350485
0.156696
-0.10718
-0.305667
-0.478242
-0.290276
-0.447484
-0.516341
-0.601479
-0.997709
0.0104245
-0.9873
-1.31682
0.254711
-0.629634
-0.625987
-0.634782
-0.634782
0.5

0.5
0.510202
0.420032
0.35384
0.124958
-0.12569
-0.331332
-0.493767
-0.318693
-0.451003
-0.540098
-0.675383
-1.17447
0.00139519
-1.36573
-2.16379
1.1796
-0.161166
-0.528468
-0.687601
-0.687601
0.5

0.5
0.504548
0.414029
0.34687
0.170458
-0.217275
-0.3739
-0.48188
-0.38079
-0.472066
-0.565629
-0.716731
-1.14738
-0.326594
-1.50204
-2.86016
1.78195
0.198067
-0.415906
-0.717254
-0.717254
0.5

0.5
0.477413
0.390694
0.332258
0.21401
-0.300763
-0.414046
-0.463427
-0.435202
-0.490896
-0.577575
-0.705378
-0.943111
-0.761063
-1.43422
-3.0539
1.86047
0.295727
-0.340945
-0.692836
-0.692836
0.5

0.5
0.439487
0.359724
0.312531
0.20602
-0.316043
-0.416557
-0.433361
-0.448765
-0.483704
-0.560312
-0.658258
-0.742548
-0.986703
-1.35181
-2.87672
1.71917
0.257051
-0.320768
-0.646798
-0.646798
0.5

0.5
0.439487
0.359724
0.312531
0.20602
-0.316043
-0.416557
-0.433361
-0.448765
-0.483704
-0.560312
-0.658258
-0.742548
-0.986703
-1.35181
-2.87672
1.71917
0.257051
-0.320768
-0.646798
-0.646798
0.5


0.5
-0.1497
-0.575123
-0.446591
-0.22612
-0.0957395
0.136344
0.25445
0.330173
0.420576
0.475635
0.513475
0.599941
0.657139
0.671162
0.535868
0.824988
0.581617
0.569182
0.446776
0.446776
0.5

0.5
0.1497
0.575123
0.446591
0.22612
0.0957395
-0.136344
-0.25445
-0.330173
-0.420576
-0.475635
-0.513475
-0.599941
-0.657139
-0.671162
-0.535868
-0.824988
-0.581617
-0.569182
-0.446776
-0.446776
0.5

0.5
0.0473901
0.470069
0.318069
0.135834
0.00911903
-0.211436
-0.298546
-0.370683
-0.45807
-0.501942
-0.526916
-0.586277
-0.640742
-0.660003
-0.550889
-0.764693
-0.666978
-0.729304
-0.580779
-0.580779
0.5

0.5
0.0647224
0.507107
0.33313
0.122381
0.073592
-0.213032
-0.288711
-0.368139
-0.46405
-0.501735
-0.524574
-0.558364
-0.613162
-0.631093
-0.545897
-0.790026
-0.673422
-0.723835
-0.589845
-0.589845
0.5

0.5
0.0836264
0.521141
0.345596
0.083527
0.1081
-0.200001
-0.284001
-0.368326
-0.477796
-0.507483
-0.529222
-0.542001
-0.593407
-0.609327
-0.506982
-0.879657
-0.684685
-0.707935
-0.597926
-0.597926
0.5

0.5
0.116461
0.521788
0.354811
0.120164
0.0687747
-0.196859
-0.279603
-0.36345
-0.495494
-0.512245
-0.528633
-0.537592
-0.579472
-0.591123
-0.459551
-0.964661
-0.699819
-0.686373
-0.598536
-0.598536
0.5

0.5
0.175366
0.500585
0.358995
0.223825
-0.0372577
-0.204478
-0.274707
-0.361034
-0.51105
-0.514718
-0.518147
-0.544317
-0.577992
-0.573371
-0.504681
-0.953259
-0.711831
-0.667358
-0.594229
-0.594229
0.5

0.5
0.261095
0.460802
0.356706
0.270227
-0.103341
-0.208516
-0.273958
-0.365936
-0.513691
-0.513351
-0.496856
-0.564019
-0.584942
-0.541586
-0.473533
-1.01135
-0.732782
-0.651362
-0.586253
-0.586253
0.5

0.5
0.353875
0.421201
0.347389
0.250466
-0.110736
-0.214859
-0.285049
-0.372432
-0.502913
-0.509604
-0.485513
-0.592655
-0.579334
-0.487486
-0.350209
-1.12699
-0.794392
-0.637246
-0.576425
-0.576425
0.5

0.5
0.429328
0.401799
0.336467
0.224171
-0.106865
-0.230806
-0.311634
-0.372153
-0.486683
-0.507993
-0.500763
-0.634918
-0.537217
-0.45403
-0.308227
-1.11294
-0.871978
-0.624045
-0.568194
-0.568194
0.5

0.5
0.479948
0.403945
0.331744
0.20286
-0.106692
-0.253491
-0.355156
-0.359619
-0.471178
-0.51241
-0.540047
-0.708596
-0.454589
-0.538744
-0.504733
-0.81772
-0.870429
-0.609322
-0.567582
-0.567582
0.5

0.5
0.512109
0.415214
0.332962
0.168852
-0.103325
-0.276818
-0.404361
-0.34592
-0.461536
-0.524764
-0.594737
-0.824802
-0.364559
-0.793098
-1.00113
-0.23093
-0.687529
-0.583826
-0.581482
-0.581482
0.5

0.5
0.529004
0.421945
0.331666
0.13172
-0.112185
-0.301923
-0.437092
-0.356096
-0.4644
-0.545248
-0.653378
-0.945438
-0.355401
-1.13139
-1.67671
0.457795
-0.344838
-0.53118
-0.610797
-0.610797
0.5

0.5
0.525486
0.413876
0.320513
0.125053
-0.16059
-0.335731
-0.447784
-0.393675
-0.480111
-0.568557
-0.696608
-0.98616
-0.504969
-1.34717
-2.21292
0.918021
-0.0293852
-0.454125
-0.640052
-0.640052
0.5

0.5
0.499482
0.389844
0.301198
0.147214
-0.229889
-0.369634
-0.442406
-0.431552
-0.493577
-0.579487
-0.702245
-0.910509
-0.744389
-1.3379
-2.36804
1.00314
0.0798521
-0.387535
-0.640586
-0.640586
0.5

0.5
0.462452
0.359566
0.280462
0.152975
-0.257342
-0.375556
-0.420323
-0.4373
-0.483761
-0.562766
-0.668462
-0.787702
-0.881463
-1.24756
-2.26897
0.93688
0.0552494
-0.35374
-0.608552
-0.608552
0.5

0.5
0.462452
0.359566
0.280462
0.152975
-0.257342
-0.375556
-0.420323
-0.4373
-0.483761
-0.562766
-0.668462
-0.787702
-0.881463
-1.24756
-2.26897
0.93688
0.0552494
-0.35374
-0.608552
-0.608552
0.5


0.5
-0.228179
-0.514404
-0.42046
-0.263392
-0.0430724
0.12764
0.249914
0.336698
0.415567
0.481012
0.534936
0.614648
0.675717
0.671333
0.577234
0.885385
0.580561
0.462744
0.394365
0.394365
0.5

0.5
0.228179
0.514404
0.42046
0.263392
0.0430724
-0.12764
-0.249914
-0.336698
-0.415567
-0.481012
-0.534936
-0.614648
-0.675717
-0.671333
-0.577234
-0.885385
-0.580561
-0.462744
-0.394365
-0.394365
0.5

0.5
0.138863
0.393599
0.293046
0.12494
-0.0104316
-0.192351
-0.296975
-0.374007
-0.453546
-0.506471
-0.547344
-0.610524
-0.663716
-0.668312
-0.588637
-0.820015
-0.649116
-0.625848
-0.533821
-0.533821
0.5

0.5
0.168849
0.423993
0.304878
0.136307
0.0161383
-0.193306
-0.288796
-0.370561
-0.455547
-0.504561
-0.5412
-0.589999
-0.641465
-0.644038
-0.57152
-0.812475
-0.65844
-0.638284
-0.550038
-0.550038
0.5

0.5
0.18753
0.441449
0.311548
0.129267
0.0366442
-0.195022
-0.286532
-0.372118
-0.464815
-0.508866
-0.542976
-0.57707
-0.626871
-0.626582
-0.550461
-0.847319
-0.671385
-0.641682
-0.565231
-0.565231
0.5

0.5
0.212848
0.451264
0.320654
0.121237
0.0399069
-0.18762
-0.283525
-0.37177
-0.47549
-0.513072
-0.543953
-0.570647
-0.616741
-0.610693
-0.513143
-0.90055
-0.68326
-0.635263
-0.572141
-0.572141
0.5

0.5
0.250523
0.450517
0.327258
0.146977
0.00861239
-0.187466
-0.28127
-0.371131
-0.48632
-0.516468
-0.541501
-0.572641
-0.613835
-0.597145
-0.497288
-0.929208
-0.693119
-0.626916
-0.573944
-0.573944
0.5

0.5
0.304323
0.438463
0.329936
0.195679
-0.0473642
-0.194702
-0.281692
-0.373089
-0.492413
-0.51809
-0.53452
-0.584481
-0.618068
-0.582026
-0.482978
-0.955818
-0.699347
-0.618004
-0.571952
-0.571952
0.5

0.5
0.368768
0.421732
0.328582
0.215607
-0.0817126
-0.20387
-0.288247
-0.377175
-0.490811
-0.518215
-0.529662
-0.605483
-0.622366
-0.559791
-0.410294
-1.02702
-0.718684
-0.608046
-0.567518
-0.567518
0.5

0.5
0.431628
0.411143
0.324638
0.205077
-0.0890786
-0.215919
-0.303815
-0.379994
-0.483713
-0.519073
-0.537725
-0.63659
-0.615289
-0.542862
-0.339046
-1.0682
-0.753836
-0.596889
-0.562707
-0.562707
0.5

0.5
0.483555
0.412069
0.321481
0.187045
-0.0899181
-0.232751
-0.329653
-0.378669
-0.475717
-0.523759
-0.562674
-0.684382
-0.592805
-0.577349
-0.411345
-0.942997
-0.762016
-0.582497
-0.561003
-0.561003
0.5

0.5
0.521728
0.419775
0.3199
0.165229
-0.093466
-0.253803
-0.363249
-0.37644
-0.471692
-0.534933
-0.601882
-0.755025
-0.568011
-0.718972
-0.730958
-0.577814
-0.670679
-0.560775
-0.567164
-0.567164
0.5

0.5
0.543465
0.42342
0.314676
0.136346
-0.105429
-0.279212
-0.395899
-0.38473
-0.47649
-0.553602
-0.648498
-0.83631
-0.576148
-0.956694
-1.2341
-0.0781043
-0.452499
-0.524599
-0.584121
-0.584121
0.5

0.5
0.542529
0.412975
0.29949
0.112376
-0.137859
-0.309988
-0.418267
-0.409017
-0.489895
-0.574979
-0.688354
-0.888108
-0.652253
-1.16878
-1.65323
0.283258
-0.204599
-0.472049
-0.605585
-0.605585
0.5

0.5
0.518019
0.387805
0.276332
0.107385
-0.185608
-0.337793
-0.423685
-0.433595
-0.499363
-0.584662
-0.700729
-0.87245
-0.772117
-1.22146
-1.77397
0.356445
-0.0826229
-0.417382
-0.61228
-0.61228
0.5

0.5
0.482307
0.358061
0.254337
0.109833
-0.211398
-0.342635
-0.407863
-0.432833
-0.487245
-0.567807
-0.675663
-0.804771
-0.836979
-1.1564
-1.70214
0.316382
-0.0836438
-0.379287
-0.590319
-0.590319
0.5

0.5
0.482307
0.358061
0.254337
0.109833
-0.211398
-0.342635
-0.407863
-0.432833
-0.487245
-0.567807
-0.675663
-0.804771
-0.836979
-1.1564
-1.70214
0.316382
-0.0836438
-0.379287
-0.590319
-0.590319
0.5


0.5
-0.277445
-0.480384
-0.404429
-0.256817
-0.0608018
0.117569
0.245537
0.339307
0.417044
0.486364
0.547451
0.620293
0.677502
0.661583
0.599293
0.905935
0.601795
0.408201
0.368114
0.368114
0.5

0.5
0.277445
0.480384
0.404429
0.256817
0.0608018
-0.117569
-0.245537
-0.339307
-0.417044
-0.486364
-0.547451
-0.620293
-0.677502
-0.661583
-0.599293
-0.905935
-0.601795
-0.408201
-0.368114
-0.368114
0.5

0.5
0.193769
0.34735
0.270621
0.128694
-0.023216
-0.187983
-0.295566
-0.376908
-0.452713
-0.510943
-0.560611
-0.620609
-0.6702
-0.663656
-0.611719
-0.839143
-0.657188
-0.567729
-0.508136
-0.508136
0.5

0.5
0.232501
0.372393
0.28373
0.131535
-0.00633444
-0.179984
-0.287623
-0.37261
-0.452083
-0.507906
-0.55346
-0.605133
-0.652198
-0.643069
-0.588705
-0.815891
-0.664021
-0.588903
-0.528071
-0.528071
0.5

0.5
0.255023
0.388937
0.288255
0.131724
0.004622
-0.183195
-0.286687
-0.374268
-0.458432
-0.511128
-0.553504
-0.595926
-0.641028
-0.628352
-0.56992
-0.820972
-0.677292
-0.606058
-0.549383
-0.549383
0.5

0.5
0.278362
0.402764
0.295122
0.130146
0.0103824
-0.182475
-0.285709
-0.375393
-0.465416
-0.514633
-0.554507
-0.590663
-0.633268
-0.615209
-0.543743
-0.844158
-0.686782
-0.610666
-0.561611
-0.561611
0.5

0.5
0.307389
0.411447
0.302218
0.134027
0.00278165
-0.18106
-0.285251
-0.376343
-0.472742
-0.518234
-0.555391
-0.591612
-0.630781
-0.605149
-0.517691
-0.869411
-0.692542
-0.60977
-0.568242
-0.568242
0.5

0.5
0.345387
0.414182
0.307645
0.153092
-0.0216552
-0.185019
-0.286678
-0.378102
-0.478506
-0.52135
-0.555458
-0.600049
-0.63443
-0.598376
-0.497927
-0.888897
-0.692372
-0.605465
-0.57071
-0.57071
0.5

0.5
0.391944
0.412959
0.310825
0.174025
-0.0504951
-0.193728
-0.291784
-0.381155
-0.480714
-0.52396
-0.556861
-0.61667
-0.642648
-0.594427
-0.460372
-0.922947
-0.688803
-0.597964
-0.570272
-0.570272
0.5

0.5
0.442281
0.412589
0.312089
0.179559
-0.0678061
-0.20508
-0.302265
-0.3846
-0.479432
-0.52713
-0.564821
-0.642117
-0.651688
-0.598958
-0.409104
-0.960041
-0.684574
-0.58689
-0.568441
-0.568441
0.5

0.5
0.490172
0.416796
0.312325
0.171789
-0.0754028
-0.219427
-0.319268
-0.387559
-0.47713
-0.532969
-0.583534
-0.678886
-0.660077
-0.63282
-0.419067
-0.924647
-0.665892
-0.571266
-0.567541
-0.567541
0.5

0.5
0.529998
0.42367
0.311008
0.157197
-0.0832493
-0.238326
-0.343001
-0.391752
-0.477737
-0.544046
-0.613671
-0.729777
-0.673033
-0.726562
-0.591138
-0.732397
-0.599477
-0.54967
-0.571036
-0.571036
0.5

0.5
0.554645
0.425064
0.303679
0.135294
-0.0991691
-0.263348
-0.371124
-0.402507
-0.485117
-0.561729
-0.651757
-0.789705
-0.702168
-0.886294
-0.932112
-0.406263
-0.461982
-0.520715
-0.581912
-0.581912
0.5

0.5
0.555528
0.41212
0.285131
0.108351
-0.127923
-0.293098
-0.396782
-0.421836
-0.498151
-0.581599
-0.686879
-0.837255
-0.754914
-1.05231
-1.26249
-0.130556
-0.293033
-0.484659
-0.596994
-0.596994
0.5

0.5
0.532173
0.385273
0.258555
0.0879419
-0.162535
-0.317182
-0.40845
-0.438038
-0.505199
-0.589856
-0.70023
-0.843614
-0.813572
-1.12508
-1.37172
-0.0648198
-0.186667
-0.44562
-0.602405
-0.602405
0.5

0.5
0.498016
0.355693
0.235226
0.0805248
-0.180327
-0.319614
-0.397362
-0.432254
-0.491465
-0.572714
-0.67929
-0.804509
-0.830754
-1.09037
-1.30596
-0.100923
-0.167753
-0.412078
-0.584076
-0.584076
0.5

0.5
0.498016
0.355693
0.235226
0.0805248
-0.180327
-0.319614
-0.397362
-0.432254
-0.491465
-0.572714
-0.67929
-0.804509
-0.830754
-1.09037
-1.30596
-0.100923
-0.167753
-0.412078
-0.584076
-0.584076
0.5


0.5
-0.307962
-0.465387
-0.397271
-0.248552
-0.0513393
0.111749
0.242328
0.341504
0.419281
0.490408
0.554091
0.621003
0.674704
0.65211
0.609715
0.909477
0.630001
0.389247
0.359251
0.359251
0.5

0.5
0.307962
0.465387
0.397271
0.248552
0.0513393
-0.111749
-0.242328
-0.341504
-0.419281
-0.490408
-0.554091
-0.621003
-0.674704
-0.65211
-0.609715
-0.909477
-0.630001
-0.389247
-0.359251
-0.359251
0.5

0.5
0.224499
0.321804
0.256199
0.120541
-0.0297995
-0.183109
-0.292572
-0.377383
-0.4523
-0.512217
-0.565017
-0.619944
-0.664823
-0.651715
-0.620218
-0.838256
-0.674121
-0.542964
-0.497438
-0.497438
0.5

0.5
0.267522
0.343909
0.269439
0.128579
-0.0153221
-0.174576
-0.2856
-0.372789
-0.450201
-0.508817
-0.558399
-0.608509
-0.650594
-0.634772
-0.596707
-0.812876
-0.67745
-0.564237
-0.516716
-0.516716
0.5

0.5
0.294118
0.358369
0.273739
0.127981
-0.00888672
-0.17508
-0.285308
-0.374309
-0.454854
-0.511422
-0.557897
-0.602235
-0.641485
-0.621771
-0.57624
-0.805541
-0.688961
-0.588125
-0.541558
-0.541558
0.5

0.5
0.318504
0.373096
0.279693
0.129554
-0.00519526
-0.176257
-0.285489
-0.375834
-0.459785
-0.514368
-0.558625
-0.598727
-0.635145
-0.610026
-0.552761
-0.813168
-0.697129
-0.599193
-0.55726
-0.55726
0.5

0.5
0.34501
0.385697
0.286405
0.132319
-0.00765064
-0.177375
-0.286557
-0.377574
-0.465006
-0.517839
-0.56071
-0.600089
-0.633211
-0.60173
-0.527763
-0.827981
-0.700551
-0.602713
-0.56686
-0.56686
0.5

0.5
0.376525
0.395506
0.292894
0.139986
-0.0185551
-0.180799
-0.289122
-0.379705
-0.469675
-0.521547
-0.564014
-0.607679
-0.636836
-0.598852
-0.504844
-0.84229
-0.69671
-0.600906
-0.57193
-0.57193
0.5

0.5
0.414036
0.403074
0.298446
0.151479
-0.0355851
-0.188104
-0.29423
-0.382533
-0.472839
-0.525483
-0.569424
-0.622531
-0.646576
-0.604043
-0.481591
-0.856512
-0.683175
-0.594484
-0.573841
-0.573841
0.5

0.5
0.456184
0.410277
0.302875
0.159066
-0.0516013
-0.198622
-0.30288
-0.386068
-0.474306
-0.530236
-0.579298
-0.645538
-0.662478
-0.622978
-0.459146
-0.866676
-0.657455
-0.583181
-0.573976
-0.573976
0.5

0.5
0.499592
0.418696
0.305972
0.158248
-0.0633141
-0.21204
-0.315972
-0.390564
-0.475446
-0.537263
-0.596416
-0.677978
-0.68557
-0.667762
-0.469717
-0.840058
-0.612206
-0.566327
-0.57421
-0.57421
0.5

0.5
0.538679
0.42649
0.305975
0.14954
-0.0751837
-0.229912
-0.334525
-0.3978
-0.479249
-0.548767
-0.622292
-0.720742
-0.718844
-0.75331
-0.574467
-0.725061
-0.535192
-0.543557
-0.577255
-0.577255
0.5

0.5
0.564098
0.426648
0.297956
0.132212
-0.0944267
-0.25445
-0.358647
-0.410891
-0.488745
-0.56601
-0.655094
-0.769907
-0.764023
-0.879023
-0.79774
-0.517481
-0.423827
-0.51604
-0.585446
-0.585446
0.5

0.5
0.565213
0.411382
0.277089
0.10603
-0.123422
-0.283529
-0.383625
-0.42898
-0.50195
-0.584532
-0.685655
-0.810783
-0.813532
-1.00589
-1.03855
-0.324323
-0.306354
-0.486482
-0.596179
-0.596179
0.5

0.5
0.541758
0.382506
0.247753
0.079606
-0.152337
-0.305347
-0.397226
-0.440719
-0.507442
-0.591082
-0.696943
-0.82152
-0.845824
-1.06823
-1.1327
-0.269604
-0.232649
-0.457244
-0.598328
-0.598328
0.5

0.5
0.508712
0.352699
0.223198
0.0652165
-0.163757
-0.305766
-0.388767
-0.431709
-0.492722
-0.573493
-0.677065
-0.793834
-0.8369
-1.0457
-1.07721
-0.298528
-0.212513
-0.430101
-0.58026
-0.58026
0.5

0.5
0.508712
0.352699
0.223198
0.0652165
-0.163757
-0.305766
-0.388767
-0.431709
-0.492722
-0.573493
-0.677065
-0.793834
-0.8369
-1.0457
-1.07721
-0.298528
-0.212513
-0.430101
-0.58026
-0.58026
0.5


0.5
-0.327035
-0.464427
-0.397948
-0.251136
-0.0598372
0.109221
0.242486
0.3444
0.423156
0.49478
0.559114
0.624086
0.676162
0.651394
0.615458
0.912685
0.648546
0.392351
0.362361
0.362361
0.5

0.5
0.327035
0.464427
0.397948
0.251136
0.0598372
-0.109221
-0.242486
-0.3444
-0.423156
-0.49478
-0.559114
-0.624086
-0.676162
-0.651394
-0.615458
-0.912685
-0.648546
-0.392351
-0.362361
-0.362361
0.5

0.5
0.238881
0.310552
0.24867
0.116431
-0.0285313
-0.179892
-0.28909
-0.37471
-0.449196
-0.508614
-0.561426
-0.613364
-0.655323
-0.640012
-0.616492
-0.827896
-0.680337
-0.53684
-0.493419
-0.493419
0.5

0.5
0.283148
0.332687
0.263172
0.126421
-0.0165711
-0.171918
-0.283134
-0.370956
-0.447766
-0.506437
-0.556747
-0.605263
-0.644625
-0.626726
-0.595952
-0.807972
-0.684077
-0.556797
-0.511754
-0.511754
0.5

0.5
0.311396
0.345861
0.267341
0.126007
-0.0123229
-0.172104
-0.283378
-0.372553
-0.452002
-0.508994
-0.556402
-0.600536
-0.636651
-0.614845
-0.575084
-0.798773
-0.693996
-0.581544
-0.537168
-0.537168
0.5

0.5
0.336997
0.360272
0.273183
0.127943
-0.0102047
-0.173118
-0.284036
-0.374223
-0.456301
-0.511784
-0.557086
-0.598179
-0.630981
-0.60377
-0.551524
-0.802284
-0.700973
-0.594328
-0.553957
-0.553957
0.5

0.5
0.363681
0.373766
0.279775
0.131628
-0.0126705
-0.175264
-0.285812
-0.376276
-0.460764
-0.515185
-0.559479
-0.600269
-0.629376
-0.596132
-0.526734
-0.813162
-0.703164
-0.599327
-0.564647
-0.564647
0.5

0.5
0.394054
0.385818
0.286545
0.137828
-0.0207897
-0.17937
-0.289137
-0.378698
-0.46483
-0.519078
-0.563861
-0.608166
-0.633049
-0.594432
-0.502028
-0.82597
-0.697849
-0.598499
-0.570753
-0.570753
0.5

0.5
0.429207
0.396723
0.292942
0.145859
-0.0333565
-0.186557
-0.294727
-0.381596
-0.467955
-0.523531
-0.570997
-0.622938
-0.643039
-0.602454
-0.479583
-0.8366
-0.681738
-0.592637
-0.573695
-0.573695
0.5

0.5
0.468632
0.407437
0.298666
0.151855
-0.0467192
-0.196771
-0.303264
-0.385128
-0.470112
-0.529031
-0.58235
-0.645524
-0.660584
-0.626927
-0.466714
-0.83569
-0.650042
-0.581517
-0.574854
-0.574854
0.5

0.5
0.510036
0.418447
0.303154
0.152231
-0.058604
-0.209918
-0.315432
-0.389951
-0.472438
-0.536768
-0.599777
-0.676875
-0.68799
-0.678671
-0.488931
-0.795959
-0.594459
-0.564352
-0.575932
-0.575932
0.5

0.5
0.548136
0.42731
0.304037
0.145569
-0.0719024
-0.227466
-0.332258
-0.398052
-0.477483
-0.548619
-0.624521
-0.71701
-0.728289
-0.767579
-0.588056
-0.681689
-0.506565
-0.540743
-0.579181
-0.579181
0.5

0.5
0.572741
0.426912
0.295803
0.129991
-0.0927356
-0.251607
-0.354276
-0.411929
-0.487673
-0.565436
-0.654831
-0.761437
-0.780405
-0.886794
-0.77476
-0.50084
-0.393182
-0.512378
-0.586218
-0.586218
0.5

0.5
0.572216
0.40978
0.273531
0.104611
-0.122399
-0.279818
-0.377401
-0.429357
-0.500314
-0.582346
-0.681789
-0.796719
-0.830838
-0.9972
-0.966869
-0.345908
-0.28969
-0.483365
-0.594079
-0.594079
0.5

0.5
0.54686
0.378822
0.242341
0.0769535
-0.149507
-0.299799
-0.389863
-0.438603
-0.504042
-0.586493
-0.689492
-0.804367
-0.854193
-1.04459
-1.03775
-0.308918
-0.236651
-0.45705
-0.59284
-0.59284
0.5

0.5
0.513667
0.348352
0.216887
0.0602305
-0.158093
-0.298725
-0.3816
-0.427722
-0.488309
-0.56778
-0.668368
-0.778153
-0.834312
-1.01786
-0.98125
-0.337201
-0.226474
-0.433418
-0.573573
-0.573573
0.5

0.5
0.513667
0.348352
0.216887
0.0602305
-0.158093
-0.298725
-0.3816
-0.427722
-0.488309
-0.56778
-0.668368
-0.778153
-0.834312
-1.01786
-0.98125
-0.337201
-0.226474
-0.433418
-0.573573
-0.573573
0.5


0.5
0.5
0.5
0.5
0.5
0.5
0.5
0.5
0.5
0.5
0.5
0.5
0.5
0.5
0.5
0.5
0.5
0.5
0.5
0.5
0.5
0.5

0.5
0.327035
0.464427
0.397948
0.251136
0.0598372
-0.109221
-0.242486
-0.3444
-0.423156
-0.49478
-0.559114
-0.624086
-0.676162
-0.651394
-0.615458
-0.912685
-0.648546
-0.392351
-0.362361
-0.362361
0.5

0.5
0.238881
0.310552
0.24867
0.116431
-0.0285313
-0.179892
-0.28909
-0.37471
-0.449196
-0.508614
-0.561426
-0.613364
-0.655323
-0.640012
-0.616492
-0.827896
-0.680337
-0.53684
-0.493419
-0.493419
0.5

0.5
0.283148
0.332687
0.263172
0.126421
-0.0165711
-0.171918
-0.283134
-0.370956
-0.447766
-0.506437
-0.556747
-0.605263
-0.644625
-0.626726
-0.595952
-0.807972
-0.684077
-0.556797
-0.511754
-0.511754
0.5

0.5
0.311396
0.345861
0.267341
0.126007
-0.0123229
-0.172104
-0.283378
-0.372553
-0.452002
-0.508994
-0.556402
-0.600536
-0.636651
-0.614845
-0.575084
-0.798773
-0.693996
-0.581544
-0.537168
-0.537168
0.5

0.5
0.336997
0.360272
0.273183
0.127943
-0.0102047
-0.173118
-0.284036
-0.374223
-0.456301
-0.511784
-0.557086
-0.598179
-0.630981
-0.60377
-0.551524
-0.802284
-0.700973
-0.594328
-0.553957
-0.553957
0.5

0.5
0.363681
0.373766
0.279775
0.131628
-0.0126705
-0.175264
-0.285812
-0.376276
-0.460764
-0.515185
-0.559479
-0.600269
-0.629376
-0.596132
-0.526734
-0.813162
-0.703164
-0.599327
-0.564647
-0.564647
0.5

0.5
0.394054
0.385818
0.286545
0.137828
-0.0207897
-0.17937
-0.289137
-0.378698
-0.46483
-0.519078
-0.563861
-0.608166
-0.633049
-0.594432
-0.502028
-0.82597
-0.697849
-0.598499
-0.570753
-0.570753
0.5

0.5
0.429207
0.396723
0.292942
0.145859
-0.0333565
-0.186557
-0.294727
-0.381596
-0.467955
-0.523531
-0.570997
-0.622938
-0.643039
-0.602454
-0.479583
-0.8366
-0.681738
-0.592637
-0.573695
-0.573695
0.5

0.5
0.468632
0.407437
0.298666
0.151855
-0.0467192
-0.196771
-0.303264
-0.385128
-0.470112
-0.529031
-0.58235
-0.645524
-0.660584
-0.626927
-0.466714
-0.83569
-0.650042
-0.581517
-0.574854
-0.574854
0.5

0.5
0.510036
0.418447
0.303154
0.152231
-0.058604
-0.209918
-0.315432
-0.389951
-0.472438
-0.536768
-0.599777
-0.676875
-0.68799
-0.678671
-0.488931
-0.795959
-0.594459
-0.564352
-0.575932
-0.575932
0.5

0.5
0.548136
0.42731
0.304037
0.145569
-0.0719024
-0.227466
-0.332258
-0.398052
-0.477483
-0.548619
-0.624521
-0.71701
-0.728289
-0.767579
-0.588056
-0.681689
-0.506565
-0.540743
-0.579181
-0.579181
0.5

0.5
0.572741
0.426912
0.295803
0.129991
-0.0927356
-0.251607
-0.354276
-0.411929
-0.487673
-0.565436
-0.654831
-0.761437
-0.780405
-0.886794
-0.77476
-0.50084
-0.393182
-0.512378
-0.586218
-0.586218
0.5

0.5
0.572216
0.40978
0.273531
0.104611
-0.122399
-0.279818
-0.377401
-0.429357
-0.500314
-0.582346
-0.681789
-0.796719
-0.830838
-0.9972
-0.966869
-0.345908
-0.28969
-0.483365
-0.594079
-0.594079
0.5

0.5
0.54686
0.378822
0.242341
0.0769535
-0.149507
-0.299799
-0.389863
-0.438603
-0.504042
-0.586493
-0.689492
-0.804367
-0.854193
-1.04459
-1.03775
-0.308918
-0.236651
-0.45705
-0.59284
-0.59284
0.5

0.5
0.513667
0.348352
0.216887
0.0602305
-0.158093
-0.298725
-0.3816
-0.427722
-0.488309
-0.56778
-0.668368
-0.778153
-0.834312
-1.01786
-0.98125
-0.337201
-0.226474
-0.433418
-0.573573
-0.573573
0.5

0.5
0.514155
0.360481
0.236229
0.0880556
-0.116918
-0.250373
-0.329824
-0.3754
-0.432131
-0.504291
-0.594545
-0.695111
-0.755426
-0.923577
-0.895499
-0.267764
-0.154516
-0.346911
-0.477977
-0.477977
0.5


