0
0
0
0
0
0
0
0
0
0
0
0
0
0
0
0
0
0
0
0
0
0

0
0
0
0
0
0
0
0
0
0
0
0
0
0
0
0
0
0
0
0
0
0

0
0
0
0
0
0
0
0
0
0
0
0
0
0
0
0
0
0
0
0
0
0

0
0
0
0
0
0
0
0
0
0
0
0
0
0
0
0
0
0
0
0
0
0

0
0
0
0
0
0
0
0
0
0
0
0
0
0
0
0
0
0
0
0
0
0

0
0
0
0
0
0
0
0
0
0
0
0
0
0
0
0
0
0
0
0
0
0

0
0
0
0
0
0
0
0
0
0
0
0
0
0
0
0
0
0
0
0
0
0

0
0
0
0
0
0
0
0
0
0
0
0
0
0
0
0
0
0
0
0
0
0

0
0
0
0
0
0
0
0
0
0
0
0
0
0
0
0
0
0
0
0
0
0

0
0
0
0
0
0
0
0
0
0
0
0
0
0
0
0
0
0
0
0
0
0

0
0
0
0
0
0
0
0
0
0
0
0
0
0
0
0
0
0
0
0
0
0

0
0
0
0
0
0
0
0
0
0
0
0
0
0
0
0
0
0
0
0
0
0

0
0
0
0
0
0
0
0
0
0
0
0
0
0
0
0
0
0
0
0
0
0

0
0
0
0
0
0
0
0
0
0
0
0
0
0
0
0
0
0
0
0
0
0

0
0
0
0
0
0
0
0
0
0
0
0
0
0
0
0
0
0
0
0
0
0

0
0
0
0
0
0
0
0
0
0
0
0
0
0
0
0
0
0
0
0
0
0

0
0
0
0
0
0
0
0
0
0
0
0
0
0
0
0
0
0
0
0
0
0


0
0
0
0
0
0
0
0
0
0
0
0
0
0
0
0
0
0
0
0
0
0

0
-0.159291
-0.153302
-0.184052
-0.172293
-0.137603
-0.11679
-0.208693
0.00657307
-1.07899
-0.102392
-0.134089
-0.521626
-0.0494972
-0.257628
-0.328901
-0.0136776
-0.0493692
-0.101582
-0.166216
-0.175636
0

0
-0.203042
-0.25258
-0.257312
-0.24805
-0.0961681
-0.0014452
-0.307648
-0.0608916
-0.552382
-0.233443
-0.172241
-1.05948
-0.113446
-0.28488
-0.588513
1.0753
-0.225457
-0.0972861
-0.219838
-0.236599
0

0
-0.256962
-0.263699
-0.346125
-0.316991
-0.00615591
-0.211773
-0.373617
-0.00789768
-0.575246
-0.33936
-0.29888
-0.80592
-0.272094
-0.355742
-0.566887
0.0618581
0.0444699
-0.0653079
-0.285943
-0.305769
0

0
-0.315199
-0.361985
-0.453001
-0.375423
-0.143963
-0.295834
-0.441268
-0.146807
-0.585873
-0.432855
-0.416144
-0.844697
-0.482104
-0.427529
-0.507518
-0.100262
0.159102
-0.028688
-0.358906
-0.374396
0

0
-0.37946
-0.420436
-0.480103
-0.454306
-0.177182
-0.373009
-0.518826
-0.195372
-0.641507
-0.507034
-0.515394
-0.646875
-0.718431
-0.511298
-0.704452
-0.317089
0.288196
-0.0178664
-0.444357
-0.442512
0

0
-0.445979
-0.492141
-0.530861
-0.537285
-0.19683
-0.446514
-0.609575
-0.209514
-0.699362
-0.593302
-0.606456
-0.747434
-0.792673
-0.608453
-0.455958
-0.520232
0.412335
0.116246
-0.579655
-0.509976
0

0
-0.513732
-0.566855
-0.588978
-0.625325
-0.205535
-0.518168
-0.702355
0.0173125
-0.770554
-0.671956
-0.694047
-0.824225
-0.892874
-0.687473
-0.490447
-0.729719
0.544744
0.244744
-0.738602
-0.576782
0

0
-0.582266
-0.641664
-0.650935
-0.715676
-0.202934
-0.585909
-0.726583
-0.438692
-0.77652
-0.741152
-0.777316
-0.910835
-0.995652
-0.913261
-0.290834
-0.946347
0.694624
0.403142
-1.04078
-0.643889
0

0
-0.651378
-0.715762
-0.716532
-0.785757
-0.221034
-0.638663
-0.761495
-0.618377
-0.813749
-0.807483
-0.856948
-0.998864
-1.11734
-0.860903
-0.298752
-1.24953
0.822796
0.518884
-0.963415
-0.712431
0

0
-0.721008
-0.788815
-0.786425
-0.78125
-0.381127
-0.656686
-0.793885
-0.756661
-0.858047
-0.87394
-0.931037
-1.07621
-1.22385
-0.868582
-0.212695
-1.65943
1.43599
0.739867
-1.03735
-0.780112
0

0
-0.791255
-0.860855
-0.85375
-0.811333
-0.410005
-0.714453
-0.832941
-0.883034
-0.907403
-0.949118
-0.992393
-1.11933
-1.63194
-0.786859
-0.163559
-2.21824
1.84461
0.862435
-1.15907
-0.847445
0

0
-0.862674
-0.931473
-0.921185
-0.857589
-0.4306
-0.766431
-0.883263
-1.03479
-0.962572
-1.01181
-1.06232
-1.18867
-1.74706
-0.605502
0.129348
-2.92425
2.17279
1.01633
-1.31833
-0.914036
0

0
-0.936138
-0.999343
-0.991514
-0.914358
-0.42706
-0.827086
-0.953375
-1.04102
-1.03348
-1.08341
-1.12165
-1.26528
-1.74609
0.126895
-1.2818
-3.9501
2.83091
1.20714
-1.50873
-0.980135
0

0
-1.00437
-1.05886
-1.05552
-0.977806
-0.385318
-0.890447
-1.01989
-1.0943
-1.09546
-1.14031
-1.1827
-1.32498
-1.69038
-0.749234
-1.15783
-4.83543
3.87884
1.43419
-1.70364
-1.04175
0

0
-1.00416
-1.05402
-1.04881
-0.969719
-0.190087
-0.883941
-1.01291
-1.08954
-1.0886
-1.13392
-1.17607
-1.31925
-1.70379
-0.681447
-1.11523
-5.02169
3.9718
1.42618
-1.68792
-1.03472
0

0
0
0
0
0
0
0
0
0
0
0
0
0
0
0
0
0
0
0
0
0
0


0
0
0
0
0
0
0
0
0
0
0
0
0
0
0
0
0
0
0
0
0
0

0
-0.15661
-0.931353
-0.215187
-0.132114
-0.380252
-0.373003
-0.197616
-0.0164461
-0.127388
-0.164805
-0.180466
-0.298858
-0.091178
-0.223753
-0.0774222
-2.28955
0.0672023
-0.0588473
-0.161429
-0.178613
0

0
-0.207911
1.02004
-0.101871
-0.22547
-0.100986
-0.569321
-0.346372
-0.285794
-0.464039
-0.239231
-0.233111
0.609674
-0.108329
-0.321221
-0.215659
-1.67539
-0.494461
-0.0691614
-0.206437
-0.237632
0

0
-0.252376
0.265178
-0.179109
-0.299194
-0.345323
-0.327094
-0.370672
-0.53796
-0.538356
-0.336921
-0.299371
-0.349012
-0.25696
-0.416051
-0.339199
-0.353418
0.0297093
0.0194949
-0.257504
-0.305822
0

0
-0.311956
-0.195245
-0.186702
-0.35277
-0.31498
-0.369255
-0.439927
-0.417581
-0.573056
-0.425664
-0.398752
-0.527348
-0.639228
-0.504127
-0.39037
-0.289389
0.03461
0.158965
-0.301355
-0.373307
0

0
-0.377963
-0.368288
-0.415941
-0.430278
-0.447996
-0.456908
-0.514478
-0.586476
-0.632013
-0.508819
-0.509215
-0.591775
-0.717663
-0.560139
-1.68399
-0.543913
0.0398129
0.518167
-0.331181
-0.43991
0

0
-0.445714
-0.471961
-0.512267
-0.499319
-0.624358
-0.569857
-0.593831
-0.932426
-0.708699
-0.589212
-0.598092
-0.707845
-0.863182
-0.799367
-0.723338
-0.576687
0.100585
0.302938
-0.354931
-0.507083
0

0
-0.514199
-0.557122
-0.583217
-0.562726
-0.791512
-0.702328
-0.67614
-1.2256
-0.775691
-0.666448
-0.684176
-0.797145
-1.03001
-0.986253
-1.06471
-0.756813
0.0913631
0.205166
-0.276846
-0.571884
0

0
-0.583201
-0.635335
-0.650872
-0.635726
-0.824785
-0.807911
-0.748065
-0.581178
-0.76938
-0.736537
-0.765877
-0.88633
-1.2859
-1.24755
-1.52212
-0.935172
-0.0374929
0.178337
-0.101977
-0.637867
0

0
-0.652728
-0.709235
-0.717666
-0.724899
-0.682062
-0.790713
-0.782319
-0.641607
-0.804716
-0.805226
-0.843365
-0.975441
-1.55427
-1.65292
-1.91261
-1.0756
-0.450484
0.0922227
-0.735259
-0.713406
0

0
-0.722886
-0.779536
-0.783877
-0.781536
-0.637822
-0.654129
-0.796054
-0.698503
-0.848724
-0.873519
-0.916215
-1.05731
-1.42043
-2.04833
-2.16457
-1.16802
1.41516
0.587038
-0.924863
-0.782222
0

0
-0.793689
-0.850688
-0.849518
-0.81945
-0.579847
-0.743246
-0.848238
-0.722714
-0.896846
-0.941686
-0.985026
-1.11368
-0.224954
-2.2647
-2.30837
-0.941592
1.58443
0.650502
-1.02168
-0.850028
0

0
-0.864645
-0.940318
-0.913592
-0.868783
-0.568364
-0.798132
-0.902784
-0.760904
-0.955001
-1.00899
-1.05226
-1.16601
-1.42619
-2.28761
-2.34605
-0.844417
1.93236
0.71832
-1.10236
-0.916881
0

0
-0.93617
-1.04937
-1.00024
-0.928339
-0.604395
-0.862057
-0.964201
-1.00957
-1.03316
-1.07605
-1.11809
-1.23894
-1.6004
-1.81818
-1.83156
-0.775552
2.44468
0.768167
-1.16357
-0.983086
0

0
-1.00757
-1.07293
-1.06104
-0.995609
-0.65862
-0.928532
-1.0308
-1.07575
-1.09582
-1.13661
-1.17763
-1.2991
-1.59605
-1.02461
-1.50055
-1.07558
3.16957
0.720197
-1.19318
-1.04481
0

0
-1.00738
-1.06897
-1.05404
-0.987315
-0.646524
-0.921181
-1.0237
-1.06629
-1.08869
-1.12994
-1.17118
-1.29319
-1.59594
-1.05873
-1.48877
-1.17676
3.25812
0.718033
-1.19211
-1.03763
0

0
0
0
0
0
0
0
0
0
0
0
0
0
0
0
0
0
0
0
0
0
0


0
0
0
0
0
0
0
0
0
0
0
0
0
0
0
0
0
0
0
0
0
0

0
-0.162475
-0.302617
-0.159197
-0.168133
-0.392731
-0.291789
-0.214998
-0.184716
-0.173207
-0.184263
-0.18232
-0.0961047
-0.163239
-0.223285
-0.220769
-1.21329
-0.205904
-0.0856282
-0.162336
-0.180417
0

0
-0.199631
0.269935
-0.172216
-0.212214
-0.383705
-0.384163
-0.28058
-0.268294
-0.314025
-0.25176
-0.243
-0.0731677
-0.228165
-0.317783
-0.334581
-1.62991
-0.174825
-0.038305
-0.201442
-0.238933
0

0
-0.253419
0.0777598
-0.215311
-0.288632
-0.337124
-0.403823
-0.374997
-0.399883
-0.446908
-0.336292
-0.31959
-0.195398
-0.347454
-0.423344
-0.513509
0.693064
-0.0724909
-0.0100273
-0.251681
-0.307035
0

0
-0.313288
-0.147016
-0.288347
-0.360168
-0.365802
-0.415039
-0.438693
-0.499514
-0.530771
-0.421907
-0.406729
-0.435996
-0.526748
-0.539485
-0.660411
-0.185664
-0.0866698
0.0495932
-0.298146
-0.374894
0

0
-0.378654
-0.32764
-0.376701
-0.425261
-0.48956
-0.481399
-0.508951
-0.590077
-0.595927
-0.503934
-0.50138
-0.552004
-0.657787
-0.670685
-0.645303
-0.463091
-0.0874494
0.0431674
-0.340745
-0.442522
0

0
-0.446536
-0.452021
-0.485145
-0.496931
-0.643786
-0.568691
-0.582228
-0.725066
-0.661169
-0.582545
-0.590296
-0.66643
-0.823109
-0.806304
-1.30153
-0.722818
-0.118176
0.0921337
-0.365133
-0.509602
0

0
-0.515346
-0.548382
-0.570629
-0.569471
-0.778673
-0.661058
-0.654303
-0.84555
-0.722552
-0.658397
-0.674746
-0.768135
-0.974949
-1.00762
-1.20144
-0.886972
-0.126391
0.0674515
-0.397998
-0.577281
0

0
-0.584628
-0.63235
-0.644875
-0.643474
-0.839214
-0.741264
-0.718124
-0.77871
-0.768633
-0.730947
-0.755626
-0.859524
-1.1406
-1.2223
-1.51402
-1.10478
-0.0843627
0.047481
-0.475955
-0.645426
0

0
-0.654345
-0.710638
-0.715166
-0.716001
-0.678382
-0.758659
-0.768312
-0.718107
-0.804321
-0.800196
-0.832855
-0.945192
-1.30169
-1.47843
-1.89847
-1.3091
0.218135
0.131953
-0.580874
-0.713388
0

0
-0.724607
-0.786395
-0.78412
-0.771756
-0.295621
-0.681744
-0.805322
-0.747491
-0.851056
-0.868365
-0.906561
-1.02164
-1.29992
-1.75841
-2.18292
-1.37597
0.270466
0.0591182
-0.796401
-0.783958
0

0
-0.795603
-0.861609
-0.852911
-0.823055
-0.621357
-0.762225
-0.85531
-0.795512
-0.904423
-0.936016
-0.977003
-1.08397
-0.888237
-2.01448
-2.15565
-1.23964
0.459823
0.0891494
-0.931222
-0.85276
0

0
-0.867598
-0.937883
-0.922423
-0.880363
-0.674513
-0.826687
-0.912856
-0.857535
-0.963471
-1.00326
-1.04509
-1.14714
-1.16088
-2.08961
-1.89508
-1.01411
0.604229
0.0521655
-1.02661
-0.920915
0

0
-0.940716
-1.01769
-0.993459
-0.943657
-0.726823
-0.89267
-0.976645
-0.953102
-1.02918
-1.06996
-1.11163
-1.2142
-1.42164
-1.73626
-1.60721
-0.937776
0.763374
-0.0421231
-1.1056
-0.988829
0

0
-1.00913
-1.0944
-1.05903
-1.00872
-0.792269
-0.959407
-1.0408
-1.04712
-1.09392
-1.13122
-1.17158
-1.2744
-1.49204
-1.07216
-1.94139
-1.09925
0.747889
-0.156053
-1.17109
-1.05178
0

0
-1.00919
-1.08622
-1.05154
-1.00054
-0.780161
-0.951639
-1.03371
-1.03669
-1.08679
-1.12451
-1.16515
-1.26839
-1.48279
-1.12818
-1.87374
-1.22268
0.78905
-0.144701
-1.16436
-1.04443
0

0
0
0
0
0
0
0
0
0
0
0
0
0
0
0
0
0
0
0
0
0
0


0
0
0
0
0
0
0
0
0
0
0
0
0
0
0
0
0
0
0
0
0
0

0
-0.163728
-0.130075
-0.157882
-0.179499
-0.0119869
-0.233645
-0.203984
-0.200764
-0.202829
-0.189777
-0.185465
-0.145687
-0.194169
-0.224914
-0.248634
-0.44742
-0.146906
-0.100859
-0.165368
-0.181364
0

0
-0.204391
-0.057487
-0.198584
-0.212225
-0.445634
-0.344515
-0.276989
-0.275951
-0.289335
-0.257466
-0.250571
-0.189655
-0.269118
-0.321001
-0.36068
-0.835512
-0.179626
-0.0850086
-0.206992
-0.240224
0

0
-0.258517
-0.0937621
-0.250518
-0.278595
-0.575128
-0.406344
-0.357838
-0.373018
-0.393947
-0.337208
-0.328075
-0.270274
-0.373823
-0.431894
-0.494595
-0.316393
-0.215465
-0.0872391
-0.259897
-0.308562
0

0
-0.318035
-0.205611
-0.317148
-0.352876
-0.541762
-0.43927
-0.43101
-0.471918
-0.485156
-0.418422
-0.410894
-0.407182
-0.502566
-0.550477
-0.628158
-0.307332
-0.206689
-0.0918936
-0.312249
-0.376753
0

0
-0.382181
-0.333331
-0.392488
-0.425547
-0.526226
-0.487197
-0.500159
-0.558742
-0.560753
-0.498404
-0.497561
-0.536761
-0.633256
-0.677471
-0.78094
-0.523822
-0.231749
-0.103947
-0.363048
-0.444812
0

0
-0.449183
-0.447262
-0.4785
-0.497715
-0.588373
-0.552818
-0.569352
-0.645896
-0.628692
-0.576008
-0.583436
-0.639186
-0.766638
-0.815927
-1.00413
-0.748248
-0.26717
-0.106485
-0.413249
-0.512734
0

0
-0.51761
-0.544657
-0.562626
-0.569686
-0.695321
-0.627056
-0.637413
-0.725928
-0.692382
-0.651234
-0.666164
-0.739254
-0.902534
-0.975028
-1.22921
-0.969772
-0.294853
-0.121612
-0.472934
-0.580818
0

0
-0.586778
-0.631133
-0.64018
-0.639814
-0.794053
-0.700482
-0.701613
-0.762112
-0.749889
-0.724023
-0.745956
-0.831094
-1.03058
-1.14986
-1.42337
-1.1995
-0.303698
-0.14961
-0.548431
-0.648967
0

0
-0.656494
-0.711473
-0.713307
-0.707644
-0.747513
-0.747612
-0.75946
-0.763271
-0.799904
-0.794307
-0.822756
-0.915436
-1.14143
-1.33857
-1.7432
-1.43739
-0.36016
-0.206575
-0.635002
-0.717064
0

0
-0.72681
-0.78848
-0.784196
-0.770933
-0.443686
-0.741983
-0.810121
-0.788686
-0.85134
-0.862999
-0.896613
-0.991759
-1.18702
-1.54477
-2.06494
-1.58876
-0.5984
-0.306773
-0.755306
-0.786152
0

0
-0.797916
-0.863542
-0.854333
-0.827336
-0.613148
-0.783637
-0.862225
-0.835891
-0.907276
-0.930845
-0.967734
-1.05976
-1.11732
-1.75331
-2.14499
-1.54186
-0.772824
-0.419565
-0.876709
-0.855351
0

0
-0.870072
-0.937455
-0.924456
-0.889147
-0.724193
-0.849117
-0.921331
-0.89572
-0.967372
-0.998158
-1.03658
-1.12558
-1.18318
-1.88371
-1.88949
-1.34087
-0.988155
-0.555273
-0.975135
-0.924114
0

0
-0.943353
-1.01155
-0.994761
-0.955281
-0.800602
-0.91748
-0.985779
-0.967113
-1.03143
-1.06494
-1.10363
-1.19181
-1.32248
-1.79504
-1.60722
-1.29229
-1.16986
-0.68589
-1.05524
-0.992562
0

0
-1.01174
-1.08033
-1.05976
-1.0206
-0.870449
-0.984121
-1.04937
-1.04084
-1.09362
-1.12605
-1.16397
-1.25149
-1.40882
-1.56097
-1.94084
-1.46083
-1.24501
-0.749366
-1.11589
-1.05561
0

0
-1.0118
-1.07274
-1.05224
-1.01232
-0.858564
-0.976117
-1.04222
-1.03241
-1.08675
-1.11936
-1.15754
-1.24548
-1.39971
-1.58988
-1.88244
-1.61471
-1.20003
-0.723646
-1.10834
-1.0482
0

0
0
0
0
0
0
0
0
0
0
0
0
0
0
0
0
0
0
0
0
0
0


0
0
0
0
0
1
0
0
0
0
0
0
0
0
0
0
0
0
0
0
0
0

0
-0.166359
-0.134093
-0.164986
-0.183516
1.15458
-0.1623
-0.193958
-0.199619
-0.201752
-0.190886
-0.188002
-0.174437
-0.204002
-0.224418
-0.24593
-0.277102
-0.15964
-0.127636
-0.17096
-0.182159
0

0
-0.209974
-0.150153
-0.211877
-0.237575
0.789352
-0.222186
-0.263832
-0.27343
-0.27934
-0.258951
-0.254801
-0.231317
-0.2841
-0.320409
-0.357039
-0.457561
-0.20318
-0.135545
-0.216853
-0.24145
0

0
-0.265341
-0.191615
-0.27069
-0.293965
0.22009
-0.325278
-0.343242
-0.359568
-0.368606
-0.336833
-0.332312
-0.311051
-0.382279
-0.43007
-0.481835
-0.527981
-0.268101
-0.16157
-0.274387
-0.310163
0

0
-0.324581
-0.266588
-0.335642
-0.356289
-0.258734
-0.410286
-0.418726
-0.446677
-0.454235
-0.415291
-0.412586
-0.413142
-0.491811
-0.544803
-0.613898
-0.500279
-0.311997
-0.192252
-0.332516
-0.378684
0

0
-0.387613
-0.360451
-0.406746
-0.425508
-0.462657
-0.477668
-0.489697
-0.528627
-0.532188
-0.493248
-0.495
-0.523386
-0.608148
-0.665695
-0.759977
-0.608116
-0.360304
-0.224461
-0.391484
-0.447115
0

0
-0.453457
-0.456796
-0.4834
-0.497094
-0.551941
-0.541823
-0.558353
-0.605485
-0.603494
-0.56974
-0.577527
-0.622307
-0.725139
-0.793916
-0.92676
-0.785874
-0.426217
-0.26141
-0.453044
-0.51548
0

0
-0.521065
-0.547887
-0.561933
-0.568398
-0.628862
-0.608596
-0.62552
-0.676366
-0.670268
-0.644414
-0.658328
-0.716351
-0.842472
-0.931655
-1.12066
-0.996666
-0.516344
-0.308441
-0.519778
-0.583822
0

0
-0.589746
-0.632805
-0.638584
-0.638125
-0.703259
-0.675956
-0.690539
-0.732625
-0.732906
-0.717169
-0.736898
-0.805534
-0.953456
-1.07858
-1.31465
-1.23343
-0.65276
-0.377998
-0.593602
-0.652152
0

0
-0.659198
-0.713011
-0.712566
-0.705661
-0.731303
-0.73516
-0.752374
-0.771145
-0.791309
-0.788016
-0.813075
-0.888788
-1.05031
-1.23295
-1.55598
-1.49721
-0.87459
-0.478389
-0.675228
-0.72054
0

0
-0.72938
-0.790028
-0.784555
-0.770819
-0.66091
-0.77422
-0.810568
-0.810549
-0.848542
-0.85733
-0.886817
-0.965763
-1.11822
-1.39457
-1.83084
-1.73541
-1.16518
-0.599437
-0.767348
-0.789251
0

0
-0.800413
-0.86485
-0.855444
-0.832951
-0.680462
-0.812078
-0.867499
-0.860126
-0.907508
-0.925624
-0.958222
-1.03683
-1.14828
-1.55609
-2.00068
-1.82839
-1.48194
-0.739091
-0.865275
-0.858247
0

0
-0.872499
-0.938104
-0.925883
-0.896957
-0.767058
-0.870836
-0.928127
-0.918805
-0.969104
-0.993226
-1.02753
-1.10451
-1.19842
-1.68491
-1.92771
-1.74104
-1.72295
-0.869713
-0.956186
-0.927146
0

0
-0.945664
-1.01023
-0.996109
-0.964438
-0.84911
-0.938222
-0.993016
-0.984744
-1.03336
-1.0602
-1.09497
-1.17078
-1.28255
-1.72426
-1.7711
-1.68592
-1.83982
-0.969204
-1.03521
-0.99572
0

0
-1.01385
-1.07557
-1.06076
-1.02968
-0.921371
-1.00424
-1.05614
-1.0506
-1.09463
-1.12131
-1.15558
-1.23034
-1.35589
-1.69312
-1.92505
-1.82683
-1.88395
-1.02861
-1.09762
-1.05866
0

0
-1.01392
-1.06817
-1.05316
-1.02137
-0.909972
-0.996201
-1.04895
-1.043
-1.08784
-1.11461
-1.14914
-1.22437
-1.34896
-1.70029
-1.89087
-1.97876
-1.84831
-0.999542
-1.08872
-1.05121
0

0
0
0
0
0
0
0
0
0
0
0
0
0
0
0
0
0
0
0
0
0
0


0
0
0
0
0
0
0
0
0
0
0
0
0
0
0
0
0
0
0
0
0
0

0
-0.16929
-0.153181
-0.171791
-0.161445
-0.2283
-0.244799
-0.198341
-0.196909
-0.197877
-0.190816
-0.189445
-0.186034
-0.20596
-0.221676
-0.238606
-0.240534
-0.179794
-0.152985
-0.177477
-0.182957
0

0
-0.215168
-0.190613
-0.22244
-0.220129
-0.230043
-0.289395
-0.263543
-0.268139
-0.271116
-0.25858
-0.256908
-0.250518
-0.287206
-0.315312
-0.345121
-0.364067
-0.234491
-0.180431
-0.228327
-0.242702
0

0
-0.271978
-0.243581
-0.284133
-0.290802
-0.19343
-0.333079
-0.336301
-0.348761
-0.353638
-0.33538
-0.33411
-0.33024
-0.381406
-0.421196
-0.464858
-0.49132
-0.309215
-0.224648
-0.290809
-0.311794
0

0
-0.331446
-0.310101
-0.349206
-0.359192
-0.253097
-0.393721
-0.408785
-0.428919
-0.434327
-0.412128
-0.412649
-0.419779
-0.481119
-0.530252
-0.589379
-0.567856
-0.384089
-0.273358
-0.354124
-0.380626
0

0
-0.393824
-0.388467
-0.418255
-0.427776
-0.387937
-0.462354
-0.479725
-0.506513
-0.511261
-0.48849
-0.492355
-0.515437
-0.585393
-0.643355
-0.722044
-0.663165
-0.462598
-0.326347
-0.418874
-0.44936
0

0
-0.458688
-0.472189
-0.490784
-0.497755
-0.503519
-0.530562
-0.548813
-0.580278
-0.583917
-0.5639
-0.572218
-0.608554
-0.690809
-0.760995
-0.866692
-0.806857
-0.559049
-0.386632
-0.485899
-0.518025
0

0
-0.525395
-0.555947
-0.565326
-0.568206
-0.589903
-0.597788
-0.616394
-0.6496
-0.652928
-0.637996
-0.651111
-0.69785
-0.795464
-0.883822
-1.02793
-0.990479
-0.686978
-0.458281
-0.556006
-0.586637
0

0
-0.593404
-0.637348
-0.639898
-0.637977
-0.661608
-0.664321
-0.682479
-0.712213
-0.718828
-0.710623
-0.728415
-0.783635
-0.895889
-1.01182
-1.20053
-1.20983
-0.859188
-0.54672
-0.629939
-0.655228
0

0
-0.662405
-0.716008
-0.713363
-0.706354
-0.715704
-0.727753
-0.746761
-0.766751
-0.782009
-0.781769
-0.803857
-0.865239
-0.987363
-1.14394
-1.39417
-1.46827
-1.07994
-0.652313
-0.708139
-0.723857
0

0
-0.732299
-0.792312
-0.785551
-0.773021
-0.737787
-0.783379
-0.809093
-0.818508
-0.843758
-0.851598
-0.877321
-0.942217
-1.06437
-1.27847
-1.60873
-1.74463
-1.33683
-0.769109
-0.790537
-0.792611
0

0
-0.803139
-0.866731
-0.856755
-0.838264
-0.75608
-0.833039
-0.870337
-0.873452
-0.905797
-0.920396
-0.948805
-1.01472
-1.12511
-1.40974
-1.78602
-1.95078
-1.60809
-0.890289
-0.875634
-0.861513
0

0
-0.87506
-0.939595
-0.927347
-0.904122
-0.815468
-0.890595
-0.933067
-0.933492
-0.969159
-0.988395
-1.01839
-1.08379
-1.18428
-1.52223
-1.83753
-1.99177
-1.83061
-1.00164
-0.958326
-0.930382
0

0
-0.948023
-1.01094
-0.997476
-0.972177
-0.889422
-0.956202
-0.998556
-0.998336
-1.03411
-1.05562
-1.08614
-1.15058
-1.25292
-1.59346
-1.80403
-1.94352
-1.95145
-1.09058
-1.03407
-0.998917
0

0
-1.01591
-1.07515
-1.06176
-1.03701
-0.959861
-1.021
-1.06131
-1.06154
-1.09518
-1.11681
-1.14699
-1.21034
-1.31718
-1.6258
-1.86509
-2.01954
-1.98491
-1.14561
-1.09587
-1.06167
0

0
-1.016
-1.06774
-1.05408
-1.02872
-0.949326
-1.01304
-1.05409
-1.05426
-1.08838
-1.11009
-1.14053
-1.2044
-1.31155
-1.62533
-1.84861
-2.15048
-1.95883
-1.1197
-1.08624
-1.05417
0

0
0
0
0
0
0
0
0
0
0
0
0
0
0
0
0
0
0
0
0
0
0


0
0
0
0
0
0
0
0
0
0
0
0
0
0
0
0
0
0
0
0
0
0

0
-0.172108
-0.166842
-0.175844
-0.175922
-0.175218
-0.195447
-0.190549
-0.193455
-0.194546
-0.190463
-0.190187
-0.190741
-0.20487
-0.217365
-0.230447
-0.229476
-0.195929
-0.174254
-0.184147
-0.183856
0

0
-0.219881
-0.21403
-0.22987
-0.228868
-0.229891
-0.268016
-0.257432
-0.262327
-0.26461
-0.257606
-0.257765
-0.258831
-0.284878
-0.307184
-0.330645
-0.334633
-0.261333
-0.218012
-0.240031
-0.244076
0

0
-0.277992
-0.273587
-0.293848
-0.294627
-0.270457
-0.332251
-0.330521
-0.339721
-0.343335
-0.33344
-0.334426
-0.338328
-0.375548
-0.408072
-0.443303
-0.454442
-0.344599
-0.276916
-0.307139
-0.313477
0

0
-0.33793
-0.339208
-0.359583
-0.362122
-0.320469
-0.392459
-0.401682
-0.416046
-0.42073
-0.408931
-0.411608
-0.422164
-0.468728
-0.510765
-0.55896
-0.562696
-0.433253
-0.339638
-0.374827
-0.382562
0

0
-0.400051
-0.411354
-0.427736
-0.430527
-0.397898
-0.45651
-0.471794
-0.490741
-0.496067
-0.484048
-0.489354
-0.509426
-0.564364
-0.615915
-0.679559
-0.669851
-0.528786
-0.407143
-0.443658
-0.451542
0

0
-0.464241
-0.487854
-0.498188
-0.499754
-0.486847
-0.523403
-0.540892
-0.563042
-0.568838
-0.558498
-0.567158
-0.596657
-0.660897
-0.72381
-0.807602
-0.797848
-0.63831
-0.481066
-0.514006
-0.520459
0

0
-0.530173
-0.565957
-0.570269
-0.569484
-0.570364
-0.590991
-0.608996
-0.632445
-0.639097
-0.63202
-0.644354
-0.681834
-0.756679
-0.834654
-0.945692
-0.954785
-0.769862
-0.563314
-0.586144
-0.589338
0

0
-0.597502
-0.643746
-0.642967
-0.63911
-0.644592
-0.65821
-0.676107
-0.698244
-0.707122
-0.704459
-0.72044
-0.764499
-0.849667
-0.948334
-1.09388
-1.14334
-0.927884
-0.655008
-0.660283
-0.658205
0

0
-0.665986
-0.720343
-0.715441
-0.70807
-0.709091
-0.7239
-0.742145
-0.760082
-0.773273
-0.775769
-0.795121
-0.844219
-0.937246
-1.06403
-1.25386
-1.36824
-1.11154
-0.754839
-0.736457
-0.727094
0

0
-0.735522
-0.795533
-0.787295
-0.776024
-0.760356
-0.786183
-0.807105
-0.819639
-0.838215
-0.846006
-0.868237
-0.920608
-1.01685
-1.17988
-1.42395
-1.62452
-1.31645
-0.859302
-0.814323
-0.796036
0

0
-0.806125
-0.869354
-0.858477
-0.843154
-0.802427
-0.844984
-0.871413
-0.879763
-0.902879
-0.915299
-0.939711
-0.9936
-1.08769
-1.29149
-1.57876
-1.86414
-1.53066
-0.963341
-0.892926
-0.86502
0

0
-0.877868
-0.941839
-0.929084
-0.910468
-0.857122
-0.905683
-0.936255
-0.942268
-0.968005
-0.983754
-1.00951
-1.06356
-1.15378
-1.39009
-1.6719
-1.99658
-1.71993
-1.05996
-0.969987
-0.933916
0

0
-0.950631
-1.01277
-0.999081
-0.978934
-0.924471
-0.971064
-1.00257
-1.00755
-1.03383
-1.05131
-1.07755
-1.13098
-1.22007
-1.46553
-1.70348
-2.00629
-1.83669
-1.14016
-1.04257
-1.00241
0

0
-1.01822
-1.07644
-1.063
-1.04328
-0.991567
-1.03478
-1.06511
-1.06983
-1.09498
-1.11262
-1.13862
-1.19114
-1.28089
-1.51597
-1.74628
-2.03197
-1.87375
-1.19351
-1.10349
-1.06495
0

0
-1.01832
-1.06896
-1.05524
-1.03503
-0.98187
-1.02687
-1.05782
-1.06265
-1.08813
-1.10586
-1.13212
-1.18519
-1.27578
-1.51348
-1.74014
-2.1332
-1.85584
-1.17244
-1.0935
-1.05739
0

0
0
0
0
0
0
0
0
0
0
0
0
0
0
0
0
0
0
0
0
0
0


0
0
0
0
0
0
0
0
0
0
0
0
0
0
0
0
0
0
0
0
0
0

0
-0.174949
-0.176025
-0.179513
-0.179716
-0.174869
-0.187846
-0.18832
-0.191097
-0.192219
-0.19027
-0.190726
-0.192719
-0.202645
-0.212265
-0.221977
-0.222492
-0.207738
-0.192045
-0.190808
-0.185029
0

0
-0.224225
-0.22927
-0.235802
-0.235124
-0.231194
-0.253222
-0.252555
-0.25746
-0.259724
-0.256607
-0.257993
-0.26189
-0.280177
-0.297393
-0.315009
-0.317868
-0.281501
-0.249341
-0.25149
-0.245663
0

0
-0.2834
-0.292847
-0.301378
-0.300342
-0.291445
-0.323236
-0.324816
-0.332308
-0.335732
-0.331422
-0.333896
-0.340646
-0.36719
-0.392639
-0.419422
-0.427188
-0.370511
-0.319875
-0.322682
-0.315251
0

0
-0.343836
-0.359205
-0.367799
-0.366754
-0.35006
-0.388453
-0.395504
-0.406188
-0.410765
-0.405808
-0.409858
-0.42114
-0.45515
-0.488729
-0.525599
-0.535702
-0.464163
-0.39285
-0.393981
-0.384496
0

0
-0.40592
-0.429023
-0.43564
-0.434297
-0.41636
-0.453289
-0.465231
-0.479011
-0.484629
-0.479875
-0.486036
-0.503317
-0.544247
-0.586156
-0.634718
-0.644114
-0.56381
-0.469251
-0.465875
-0.453659
0

0
-0.469692
-0.501708
-0.504972
-0.502741
-0.490351
-0.519599
-0.5343
-0.550433
-0.557026
-0.553483
-0.562186
-0.585824
-0.633794
-0.685087
-0.748219
-0.760966
-0.672151
-0.549731
-0.538522
-0.522793
0

0
-0.535031
-0.576047
-0.575525
-0.571816
-0.566132
-0.587034
-0.60281
-0.62016
-0.627871
-0.626464
-0.637925
-0.667344
-0.722766
-0.785567
-0.867639
-0.89418
-0.792411
-0.634735
-0.611986
-0.591922
0

0
-0.601767
-0.650898
-0.646802
-0.641151
-0.639274
-0.654767
-0.670774
-0.687922
-0.697257
-0.698692
-0.712901
-0.747228
-0.80993
-0.887416
-0.993724
-1.04884
-0.926268
-0.724055
-0.686267
-0.661071
0

0
-0.669765
-0.725509
-0.718286
-0.710361
-0.707822
-0.721965
-0.738168
-0.753654
-0.765392
-0.770104
-0.786861
-0.825081
-0.893826
-0.989961
-1.12665
-1.22965
-1.07354
-0.816534
-0.761272
-0.730257
0

0
-0.738962
-0.799494
-0.789622
-0.779171
-0.77026
-0.787731
-0.805014
-0.817975
-0.832626
-0.840695
-0.859637
-0.900587
-0.97306
-1.09166
-1.26413
-1.43721
-1.23259
-0.910133
-0.836703
-0.799488
0

0
-0.809371
-0.872656
-0.860629
-0.847595
-0.827454
-0.851886
-0.871525
-0.882134
-0.899436
-0.910496
-0.93111
-0.97358
-1.04698
-1.18938
-1.39359
-1.65007
-1.397
-1.00189
-0.91192
-0.868726
0

0
-0.881023
-0.944799
-0.931212
-0.916059
-0.887077
-0.916274
-0.938207
-0.947209
-0.966227
-0.979502
-1.00117
-1.04408
-1.11654
-1.27778
-1.49129
-1.80993
-1.54783
-1.08764
-0.985672
-0.937831
0

0
-0.9537
-1.01548
-1.00113
-0.984964
-0.952964
-0.98271
-1.00547
-1.01355
-1.03305
-1.04752
-1.06958
-1.11218
-1.18357
-1.35165
-1.54937
-1.87171
-1.65349
-1.16154
-1.05605
-1.00643
0

0
-1.02105
-1.07879
-1.06473
-1.04891
-1.01765
-1.04587
-1.06798
-1.07559
-1.09445
-1.10904
-1.13094
-1.17285
-1.24378
-1.40779
-1.5952
-1.89269
-1.69885
-1.21483
-1.11618
-1.06884
0

0
-1.02115
-1.0712
-1.05687
-1.04067
-1.00849
-1.03793
-1.06058
-1.06837
-1.08749
-1.10219
-1.12436
-1.16684
-1.23878
-1.40489
-1.59453
-1.96199
-1.68777
-1.19811
-1.10605
-1.06114
0

0
0
0
0
0
0
0
0
0
0
0
0
0
0
0
0
0
0
0
0
0
0


0
0
0
0
0
0
0
0
0
0
0
0
0
0
0
0
0
0
0
0
0
0

0
-0.178349
-0.183227
-0.183335
-0.182822
-0.180121
-0.186318
-0.187788
-0.190045
-0.191279
-0.190859
-0.191773
-0.194064
-0.200641
-0.207619
-0.21438
-0.216546
-0.21697
-0.207348
-0.197719
-0.187002
0

0
-0.228312
-0.240151
-0.240818
-0.239387
-0.236064
-0.246894
-0.249374
-0.253592
-0.256016
-0.255751
-0.257942
-0.262514
-0.274519
-0.28686
-0.298882
-0.302835
-0.295728
-0.275405
-0.262229
-0.247356
0

0
-0.288309
-0.306515
-0.307566
-0.305251
-0.300756
-0.316173
-0.320085
-0.326215
-0.329784
-0.329486
-0.332911
-0.340059
-0.357703
-0.376133
-0.394528
-0.401974
-0.387954
-0.355618
-0.337226
-0.317052
0

0
-0.349185
-0.373865
-0.374562
-0.371455
-0.364374
-0.383463
-0.390001
-0.398193
-0.402912
-0.402815
-0.407696
-0.41804
-0.441
-0.46557
-0.490898
-0.50176
-0.482112
-0.436296
-0.411677
-0.38639
0

0
-0.411326
-0.442866
-0.442323
-0.43842
-0.429705
-0.449952
-0.459411
-0.469648
-0.47548
-0.475935
-0.482515
-0.496667
-0.524648
-0.555525
-0.588676
-0.60207
-0.579162
-0.518288
-0.486079
-0.455688
0

0
-0.474841
-0.513509
-0.510996
-0.506172
-0.498206
-0.516818
-0.52849
-0.540452
-0.547348
-0.548786
-0.557265
-0.575477
-0.608376
-0.646056
-0.688539
-0.705296
-0.679801
-0.601754
-0.560504
-0.525004
0

0
-0.539742
-0.585404
-0.580534
-0.574619
-0.568828
-0.584428
-0.597346
-0.610469
-0.618427
-0.621267
-0.631743
-0.653817
-0.691666
-0.737128
-0.791282
-0.81531
-0.784882
-0.686583
-0.634944
-0.594367
0

0
-0.605998
-0.658037
-0.650746
-0.64358
-0.639734
-0.652587
-0.666023
-0.679589
-0.688715
-0.693289
-0.705732
-0.731201
-0.773852
-0.828556
-0.89747
-0.935861
-0.895019
-0.772391
-0.709358
-0.663797
0

0
-0.673589
-0.730962
-0.721381
-0.712838
-0.70951
-0.720895
-0.734528
-0.747794
-0.75829
-0.764789
-0.779047
-0.807296
-0.854152
-0.919852
-1.0071
-1.07069
-1.01045
-0.858516
-0.783674
-0.733317
0

0
-0.742529
-0.803851
-0.792214
-0.782205
-0.777179
-0.788915
-0.802883
-0.815304
-0.827303
-0.835741
-0.85155
-0.881847
-0.93178
-1.00998
-1.11861
-1.22227
-1.13081
-0.943969
-0.857733
-0.802937
0

0
-0.812877
-0.876451
-0.863072
-0.851613
-0.842715
-0.856467
-0.871176
-0.882594
-0.895966
-0.906133
-0.923128
-0.954673
-1.00619
-1.09697
-1.22585
-1.38406
-1.25343
-1.02726
-0.931191
-0.872636
0

0
-0.884676
-0.948458
-0.933784
-0.921147
-0.908247
-0.924022
-0.939571
-0.950137
-0.964441
-0.975904
-0.993644
-1.02566
-1.07736
-1.17778
-1.31697
-1.52767
-1.36955
-1.10606
-1.00333
-0.942282
0

0
-0.957633
-1.01924
-1.00394
-0.990752
-0.975742
-0.992159
-1.00804
-1.01798
-1.03257
-1.04474
-1.06276
-1.09463
-1.1457
-1.24962
-1.38471
-1.61379
-1.46236
-1.17671
-1.07278
-1.01142
0

0
-1.02508
-1.08252
-1.06753
-1.05462
-1.03944
-1.05536
-1.07086
-1.08032
-1.09455
-1.1068
-1.12473
-1.15615
-1.20658
-1.30847
-1.43634
-1.64878
-1.51664
-1.23105
-1.13258
-1.07403
0

0
-1.02505
-1.0747
-1.05946
-1.04626
-1.03043
-1.04722
-1.06323
-1.07288
-1.08735
-1.09974
-1.11794
-1.14994
-1.20145
-1.30551
-1.43771
-1.69043
-1.51117
-1.21725
-1.12227
-1.06605
0

0
0
0
0
0
0
0
0
0
0
0
0
0
0
0
0
0
0
0
0
0
0


0
0
0
0
0
0
0
0
0
0
0
0
0
0
0
0
0
0
0
0
0
0

0
-0.182952
-0.19024
-0.188611
-0.187624
-0.186173
-0.188939
-0.190494
-0.192255
-0.193545
-0.1938
-0.194814
-0.196947
-0.201511
-0.207205
-0.212698
-0.216655
-0.227211
-0.221287
-0.20613
-0.191365
0

0
-0.231983
-0.248062
-0.245134
-0.242929
-0.241005
-0.244783
-0.248049
-0.25149
-0.254066
-0.255577
-0.258165
-0.262536
-0.26998
-0.278816
-0.287033
-0.2926
-0.306108
-0.294277
-0.271061
-0.249367
0

0
-0.29223
-0.316156
-0.312302
-0.309011
-0.306627
-0.311756
-0.316583
-0.321562
-0.325323
-0.327744
-0.331687
-0.33827
-0.348938
-0.361706
-0.373559
-0.381456
-0.399546
-0.381554
-0.348677
-0.318499
0

0
-0.3534
-0.384507
-0.379691
-0.375311
-0.372507
-0.378848
-0.385206
-0.391626
-0.396546
-0.399892
-0.405211
-0.414038
-0.427806
-0.444544
-0.460143
-0.470227
-0.493005
-0.46837
-0.4258
-0.387683
0

0
-0.415652
-0.453441
-0.447503
-0.442038
-0.4388
-0.446119
-0.453964
-0.461716
-0.467756
-0.472051
-0.478767
-0.489866
-0.506564
-0.527298
-0.546791
-0.558669
-0.586562
-0.554848
-0.502498
-0.457004
0

0
-0.479051
-0.523075
-0.515813
-0.509283
-0.505735
-0.513657
-0.522825
-0.531767
-0.538864
-0.544138
-0.55226
-0.565621
-0.58505
-0.609803
-0.633408
-0.646438
-0.679904
-0.640778
-0.578672
-0.526441
0

0
-0.543666
-0.593426
-0.584663
-0.577118
-0.573486
-0.5816
-0.591799
-0.601738
-0.609807
-0.616085
-0.625588
-0.641112
-0.663063
-0.691878
-0.719952
-0.733347
-0.772669
-0.725883
-0.654249
-0.595995
0

0
-0.609568
-0.664425
-0.654052
-0.645565
-0.642062
-0.650037
-0.660915
-0.671613
-0.680553
-0.687833
-0.698642
-0.716115
-0.740361
-0.773279
-0.80633
-0.819158
-0.864516
-0.80987
-0.72918
-0.665683
0

0
-0.676842
-0.735951
-0.723943
-0.714604
-0.711364
-0.718993
-0.730208
-0.741409
-0.751102
-0.759341
-0.771319
-0.790425
-0.816666
-0.853634
-0.892246
-0.903268
-0.955053
-0.892455
-0.803444
-0.735535
0

0
-0.745603
-0.807858
-0.79428
-0.784197
-0.781269
-0.78845
-0.799725
-0.811184
-0.821494
-0.830595
-0.843544
-0.863874
-0.891682
-0.932374
-0.97698
-0.984242
-1.04362
-0.973305
-0.877026
-0.805596
0

0
-0.816019
-0.879992
-0.865018
-0.854333
-0.851686
-0.858399
-0.869542
-0.881053
-0.891811
-0.901613
-0.915274
-0.936351
-0.965128
-1.00868
-1.05917
-1.05909
-1.12886
-1.05194
-0.949899
-0.875924
0

0
-0.888296
-0.952157
-0.936115
-0.925043
-0.922605
-0.928869
-0.939754
-0.95116
-0.962147
-0.972422
-0.986489
-1.00781
-1.03681
-1.08166
-1.13702
-1.12367
-1.20835
-1.12752
-1.02193
-0.946566
0

0
-0.962333
-1.02384
-1.00729
-0.996163
-0.993907
-0.99972
-1.01023
-1.0214
-1.03236
-1.04283
-1.05699
-1.07811
-1.1067
-1.15102
-1.2095
-1.17891
-1.27914
-1.19823
-1.0924
-1.01726
0

0
-1.03108
-1.08829
-1.0721
-1.06132
-1.05914
-1.06461
-1.0747
-1.08549
-1.09618
-1.10659
-1.12064
-1.14146
-1.16959
-1.21282
-1.27247
-1.23681
-1.3363
-1.25548
-1.15371
-1.08146
0

0
-1.03098
-1.0803
-1.06388
-1.05285
-1.05004
-1.05626
-1.06688
-1.07787
-1.08881
-1.09939
-1.11372
-1.13511
-1.1643
-1.20999
-1.27413
-1.26428
-1.33667
-1.24338
-1.14321
-1.07325
0

0
0
0
0
0
0
0
0
0
0
0
0
0
0
0
0
0
0
0
0
0
0


0
0
0
0
0
0
0
0
0
0
0
0
0
0
0
0
0
0
0
0
0
0

0
0
0
0
0
0
0
0
0
0
0
0
0
0
0
0
0
0
0
0
0
0

0
0
0
0
0
0
0
0
0
0
0
0
0
0
0
0
0
0
0
0
0
0

0
0
0
0
0
0
0
0
0
0
0
0
0
0
0
0
0
0
0
0
0
0

0
0
0
0
0
0
0
0
0
0
0
0
0
0
0
0
0
0
0
0
0
0

0
0
0
0
0
0
0
0
0
0
0
0
0
0
0
0
0
0
0
0
0
0

0
0
0
0
0
0
0
0
0
0
0
0
0
0
0
0
0
0
0
0
0
0

0
0
0
0
0
0
0
0
0
0
0
0
0
0
0
0
0
0
0
0
0
0

0
0
0
0
0
0
0
0
0
0
0
0
0
0
0
0
0
0
0
0
0
0

0
0
0
0
0
0
0
0
0
0
0
0
0
0
0
0
0
0
0
0
0
0

0
0
0
0
0
0
0
0
0
0
0
0
0
0
0
0
0
0
0
0
0
0

0
0
0
0
0
0
0
0
0
0
0
0
0
0
0
0
0
0
0
0
0
0

0
0
0
0
0
0
0
0
0
0
0
0
0
0
0
0
0
0
0
0
0
0

0
0
0
0
0
0
0
0
0
0
0
0
0
0
0
0
0
0
0
0
0
0

0
0
0
0
0
0
0
0
0
0
0
0
0
0
0
0
0
0
0
0
0
0

0
0
0
0
0
0
0
0
0
0
0
0
0
0
0
0
0
0
0
0
0
0

0
0
0
0
0
0
0
0
0
0
0
0
0
0
0
0
0
0
0
0
0
0


