0
0
0
0
0
0
0
0
0
0
0
0
0
0
0
0
0
0
0
0
0
0

0
0
0
0
0
0
0
0
0
0
0
0
0
0
0
0
0
0
0
0
0
0

0
0
0
0
0
0
0
0
0
0
0
0
0
0
0
0
0
0
0
0
0
0

0
0
0
0
0
0
0
0
0
0
0
0
0
0
0
0
0
0
0
0
0
0

0
0
0
0
0
0
0
0
0
0
0
0
0
0
0
0
0
0
0
0
0
0

0
0
0
0
0
0
0
0
0
0
0
0
0
0
0
0
0
0
0
0
0
0

0
0
0
0
0
0
0
0
0
0
0
0
0
0
0
0
0
0
0
0
0
0

0
0
0
0
0
0
0
0
0
0
0
0
0
0
0
0
0
0
0
0
0
0

0
0
0
0
0
0
0
0
0
0
0
0
0
0
0
0
0
0
0
0
0
0

0
0
0
0
0
0
0
0
0
0
0
0
0
0
0
0
0
0
0
0
0
0

0
0
0
0
0
0
0
0
0
0
0
0
0
0
0
0
0
0
0
0
0
0

0
0
0
0
0
0
0
0
0
0
0
0
0
0
0
0
0
0
0
0
0
0

0
0
0
0
0
0
0
0
0
0
0
0
0
0
0
0
0
0
0
0
0
0

0
0
0
0
0
0
0
0
0
0
0
0
0
0
0
0
0
0
0
0
0
0

0
0
0
0
0
0
0
0
0
0
0
0
0
0
0
0
0
0
0
0
0
0

0
0
0
0
0
0
0
0
0
0
0
0
0
0
0
0
0
0
0
0
0
0

0
0
0
0
0
0
0
0
0
0
0
0
0
0
0
0
0
0
0
0
0
0


0
0
0
0
0
0
0
0
0
0
0
0
0
0
0
0
0
0
0
0
0
0

0.5
-1.04935
1.32701
0.478514
0.686488
-0.265872
-0.606886
-0.516872
-0.904793
-0.560546
-0.758261
-0.831572
-0.303885
-1.64098
-0.94514
-0.895562
-0.573738
-1.18275
-2.20753
-1.04999
-1.0346
0

0.5
0.300443
-0.470802
0.43924
0.573932
0.152752
-0.887097
-0.634996
-0.166704
-0.948657
-0.75907
-0.710426
-0.268049
-0.720526
-0.783068
-0.288614
-1.60436
-1.18786
-2.14119
-1.08147
-1.07259
0

0.5
-0.917303
1.00827
0.449126
0.723068
-0.173949
-0.688542
-0.464997
-0.17407
-1.24469
-0.782144
-0.496888
-0.337757
-0.573069
-0.759282
-0.955177
-1.05292
-1.32764
-1.98361
-1.09262
-1.08495
0

0.5
-0.952535
1.12003
0.514237
0.44046
-0.24615
-0.375656
-0.26261
-0.347935
-1.22217
-0.793748
-0.287658
0.0542779
-0.840812
-0.705718
-2.1156
0.0437367
-1.52827
-1.91105
-1.08459
-1.07389
0

0.5
0.013431
0.364225
0.372183
0.291611
-0.35178
-0.231643
-0.177438
-0.592527
-0.87697
-0.763215
0.173559
0.507583
-1.17962
-0.671715
-1.53399
-0.376798
-1.55332
-1.85563
-1.04475
-1.03039
0

0.5
0.644806
-0.087483
0.277082
0.273979
-0.356336
-0.297182
-0.163076
-0.749175
-0.957279
-0.689766
0.188594
-0.645992
-0.920098
-0.766312
-0.786954
-1.30325
-1.76077
-1.81152
-0.988588
-0.970313
0

0.5
0.681819
-0.0333939
0.209964
0.31636
-0.393238
-0.397671
-0.388136
-0.562586
-0.830578
-0.64317
-0.0997696
-0.563454
-0.28683
-0.760987
-0.943663
-1.48045
-1.95824
-1.73793
-0.980169
-0.95894
0

0.5
0.547099
0.117485
0.256064
0.260523
-0.386658
-0.50071
-1.50453
0.35276
-0.715967
-0.640831
-0.379428
-0.873458
0.496417
-0.557087
-1.33881
-1.23162
-2.02896
-1.61837
-1.16766
-1.1753
0

0.5
0.471554
0.210328
0.321586
0.130331
-0.362579
-0.518462
-1.59173
0.428287
-0.598062
-0.656548
-0.655544
-1.88375
1.79395
-0.857363
-1.77565
-0.72584
-1.92093
-1.29353
-1.50992
-1.64446
0

0.5
0.44491
0.273964
0.356217
0.102807
-0.400967
-0.440493
-1.33824
0.115319
-0.545402
-0.662427
-0.998325
-3.04155
3.24471
-1.13475
-2.12175
0.174799
-1.69599
-0.988098
-1.76932
-1.8944
0

0.5
0.433892
0.314979
0.372368
0.25145
-0.567605
-0.761888
-1.05068
-0.227597
-0.567535
-0.681035
-1.22815
-2.30166
2.4524
-1.17235
-1.92935
1.20874
-1.25701
-0.754388
-1.69357
-1.7693
0

0.5
0.410047
0.319829
0.416043
0.496098
-0.795687
-0.810603
-0.843405
-0.527532
-0.62642
-0.784513
-1.07186
-1.42135
0.135379
-1.47864
-0.627642
2.10527
-0.340319
-0.693784
-1.45581
-1.5064
0

0.5
0.35843
0.289801
0.486744
0.556349
-0.895193
-0.849536
-0.666835
-0.751072
-0.686024
-0.764486
-0.905629
-0.237195
-2.16399
-2.91924
0.724037
2.33294
0.339495
-0.665065
-1.34608
-1.40499
0

0.5
0.304739
0.288999
0.4858
0.58836
-0.980135
-0.84114
-0.662156
-0.78317
-0.714946
-0.819925
-0.868244
-0.792327
-2.56444
-1.1777
-0.728987
1.9288
0.389309
-0.879474
-1.30669
-1.37349
0

0.5
0.272323
0.289298
0.425868
0.625632
-1.00569
-0.791689
-0.660814
-0.701317
-0.681951
-0.753516
-0.825346
-1.09398
-1.6599
-0.562959
-0.748547
1.36178
-0.047736
-1.33682
-1.21412
-1.28477
0

0
0
0
0
0
0
0
0
0
0
0
0
0
0
0
0
0
0
0
0
0
0


0
0
0
0
0
0
0
0
0
0
0
0
0
0
0
0
0
0
0
0
0
0

0.5
-1.49008
1.89001
0.556446
0.450176
-0.192011
-0.365581
-0.666568
-0.311881
-0.7879
-0.760319
-0.421285
-0.871612
-0.478158
-1.13318
-0.836947
-0.830994
-1.40358
-1.74235
-1.00761
-1.00085
0

0.5
-1.79136
1.88362
0.31832
0.0730474
0.15914
-0.563003
-0.592964
-0.75735
-0.49114
-0.743603
-0.673844
-0.544937
-0.964357
-0.888777
-0.713527
-0.893662
-1.3282
-1.80556
-1.05022
-1.04639
0

0.5
-1.49762
1.67068
0.440047
0.62501
-0.120976
-0.717236
-0.613353
-0.384252
-0.870453
-0.765628
-0.900683
-0.406851
-0.78761
-0.855764
-0.102345
-1.97559
-1.26319
-1.65411
-1.06094
-1.06234
0

0.5
-1.35983
1.55616
0.536745
0.574312
-0.216204
-0.573979
-0.435193
-0.370121
-1.12586
-0.788994
-0.802801
-0.706258
-0.642774
-0.832637
-1.36306
-0.888269
-1.40584
-1.55728
-1.06803
-1.07092
0

0.5
-0.634069
0.967863
0.540408
0.37685
-0.311092
-0.345693
-0.327101
-0.508829
-1.17627
-0.785717
-0.444372
-1.30751
-0.853005
-0.777887
-1.76845
-0.423251
-1.44592
-1.50998
-1.04931
-1.05069
0

0.5
0.186963
0.341589
0.39846
0.260274
-0.318404
-0.307312
-0.319445
-0.626845
-0.910618
-0.744385
-0.14956
-0.472472
-0.986083
-0.677602
-1.05954
-1.23963
-1.51186
-1.46103
-1.00002
-0.994753
0

0.5
0.565134
0.108477
0.277527
0.284824
-0.351906
-0.377298
-0.366371
-0.672363
-0.831911
-0.695047
-0.230269
-0.701719
-0.545753
-0.82694
-0.659559
-1.81792
-1.79188
-1.40119
-0.925747
-0.90789
0

0.5
0.562255
0.173457
0.254361
0.289137
-0.373868
-0.461859
-0.543653
-0.531109
-0.753828
-0.681645
-0.458225
-0.913528
0.127855
-1.24045
-0.891804
-1.61747
-1.97138
-1.38632
-0.903282
-0.884326
0

0.5
0.505542
0.25525
0.299488
0.169308
-0.321735
-0.573238
-1.15055
0.00143348
-0.664734
-0.703333
-0.702737
-1.76117
1.21796
-1.3507
-1.32813
-1.03307
-1.80849
-1.34924
-1.07143
-1.12204
0

0.5
0.484437
0.309046
0.338969
0.0234953
-0.278736
-0.7028
-1.21859
0.00729144
-0.600621
-0.75536
-1.03839
-3.48528
2.96242
-1.30666
-1.99494
-0.000859601
-1.52039
-1.09748
-1.37959
-1.50783
0

0.5
0.480758
0.341706
0.353388
0.0886928
-0.398022
-0.622985
-1.02599
-0.23791
-0.60379
-0.82653
-1.38917
-5.50321
5.09412
-1.3245
-2.60597
1.2258
-0.882998
-0.786511
-1.51611
-1.61474
0

0.5
0.468153
0.34811
0.365547
0.283401
-0.598272
-0.718976
-0.873085
-0.45668
-0.646855
-0.826462
-1.23856
-2.34954
0.769718
-1.69216
-2.58595
1.84109
0.0278919
-0.599592
-1.35201
-1.38397
0

0.5
0.428331
0.337772
0.390867
0.382557
-0.719508
-0.772589
-0.761806
-0.635163
-0.693625
-0.863439
-1.01308
-1.04764
-1.24191
-1.79688
-1.73117
2.58733
0.586775
-0.495892
-1.18088
-1.20852
0

0.5
0.367658
0.306984
0.394713
0.355789
-0.736152
-0.762801
-0.656204
-0.738604
-0.709083
-0.805871
-0.898909
-0.667317
-2.047
-1.9217
-1.86273
3.30386
0.578991
-0.273709
-1.12265
-1.16557
0

0.5
0.320955
0.28786
0.367877
0.368512
-0.742499
-0.71266
-0.61693
-0.699043
-0.674751
-0.759931
-0.839704
-1.05204
-1.74362
-1.08765
-2.13653
2.87898
0.452399
0.076788
-1.07234
-1.11801
0

0
0
0
0
0
0
0
0
0
0
0
0
0
0
0
0
0
0
0
0
0
0


0
0
0
0
0
0
0
0
0
0
0
0
0
0
0
0
0
0
0
0
0
0

0.5
-0.644905
1.13808
0.520844
0.413891
-0.192177
-0.405622
-0.478732
-0.735259
-0.62847
-0.764981
-0.858907
-0.858182
-1.29268
-1.12135
-0.602947
-1.27273
-1.19476
-1.35872
-0.905688
-0.915891
0

0.5
-1.00209
1.21658
0.409862
-0.157308
0.199386
-0.450495
-0.468158
-0.65438
-0.679062
-0.736418
-0.812619
-0.611402
-0.922639
-0.956668
-0.785613
-0.877868
-1.30328
-1.53788
-0.995234
-1.00262
0

0.5
-0.983441
1.26226
0.398968
0.299822
-0.117093
-0.493458
-0.529437
-0.607676
-0.670177
-0.74421
-0.680472
-0.694924
-0.841342
-0.873635
-0.4792
-1.47658
-1.27539
-1.44377
-0.993004
-1.00161
0

0.5
-0.822874
1.13549
0.435327
0.532618
-0.233984
-0.562541
-0.515067
-0.462237
-0.847761
-0.765526
-0.787928
-0.579081
-0.706628
-0.832405
-0.497241
-1.67678
-1.28811
-1.36313
-0.994937
-1.00323
0

0.5
-0.619024
0.991133
0.470431
0.469005
-0.30096
-0.451738
-0.412459
-0.475598
-0.932538
-0.776947
-0.705637
-0.497889
-0.71507
-0.737709
-1.3628
-0.908954
-1.33384
-1.30653
-0.985056
-0.98996
0

0.5
-0.115405
0.612958
0.435503
0.287707
-0.298083
-0.343262
-0.375672
-0.55579
-0.91208
-0.758959
-0.461241
-0.729598
-0.910752
-0.615663
-1.27061
-1.13459
-1.39182
-1.26178
-0.967559
-0.96575
0

0.5
0.359118
0.285551
0.339543
0.2107
-0.2868
-0.351702
-0.397225
-0.613526
-0.819571
-0.723142
-0.374804
-0.732269
-0.796885
-0.546302
-0.767177
-1.69583
-1.62735
-1.22007
-0.943215
-0.933533
0

0.5
0.528839
0.221645
0.270907
0.221106
-0.311317
-0.412603
-0.514981
-0.567003
-0.755067
-0.69942
-0.49353
-0.875229
-0.316244
-0.71811
-0.68104
-1.68307
-1.84554
-1.19255
-0.91429
-0.897859
0

0.5
0.527402
0.274517
0.274308
0.174299
-0.300748
-0.4679
-0.751649
-0.383168
-0.692751
-0.701268
-0.675014
-1.28058
0.383101
-1.20036
-1.01542
-1.11317
-1.67372
-1.21476
-0.929335
-0.915561
0

0.5
0.509946
0.325903
0.304967
0.0629563
-0.264211
-0.511034
-0.99209
-0.195269
-0.637227
-0.721623
-0.88733
-2.18514
1.31322
-1.5539
-1.76844
0.0305941
-1.1247
-1.13519
-1.09119
-1.13063
0

0.5
0.504562
0.358037
0.321554
0.0234999
-0.30443
-0.582014
-0.950902
-0.28983
-0.622948
-0.760173
-1.12503
-3.31059
2.28582
-1.68931
-2.76957
1.39537
-0.559826
-0.908849
-1.28849
-1.39097
0

0.5
0.494066
0.368069
0.319203
0.144938
-0.464964
-0.637755
-0.835809
-0.462932
-0.654022
-0.813306
-1.22627
-2.7591
1.05736
-1.76812
-3.58777
2.32885
0.0399679
-0.676596
-1.30538
-1.36527
0

0.5
0.461935
0.355085
0.315656
0.283707
-0.622917
-0.7017
-0.752468
-0.599246
-0.692607
-0.827909
-1.09559
-1.6015
-0.804647
-1.88749
-3.68038
2.60846
0.277717
-0.613745
-1.15746
-1.17082
0

0.5
0.409438
0.323799
0.329199
0.273787
-0.640479
-0.708641
-0.672232
-0.6827
-0.704236
-0.815989
-0.937801
-0.956366
-1.6957
-1.80607
-3.25467
2.28939
0.160606
-0.659846
-1.05327
-1.07258
0

0.5
0.358947
0.290188
0.324864
0.250994
-0.614518
-0.663199
-0.597203
-0.684496
-0.671039
-0.761281
-0.851805
-0.942954
-1.77344
-1.64832
-2.84598
1.90757
0.0967697
-0.686449
-0.992398
-1.02895
0

0
0
0
0
0
0
0
0
0
0
0
0
0
0
0
0
0
0
0
0
0
0


0
0
0
0
0
0
0
0
0
0
0
0
0
0
0
0
0
0
0
0
0
0

0.5
-0.203339
0.757123
0.466624
0.386563
-0.203057
-0.376415
-0.550191
-0.523031
-0.717737
-0.773877
-0.783689
-1.00031
-1.07003
-1.13494
-0.728891
-1.58072
-1.01006
-1.05771
-0.806486
-0.814668
0

0.5
-0.418126
0.725534
0.318092
-0.161253
0.18041
-0.431794
-0.53387
-0.576345
-0.682008
-0.739069
-0.732229
-0.844905
-0.999236
-1.01272
-0.792387
-1.16
-1.11704
-1.2747
-0.926247
-0.935585
0

0.5
-0.412399
0.782839
0.367441
-0.0815844
0.123278
-0.412979
-0.488077
-0.614015
-0.686607
-0.747318
-0.800513
-0.718719
-0.945969
-0.940988
-0.766972
-1.29473
-1.15341
-1.23822
-0.933421
-0.938472
0

0.5
-0.430141
0.840884
0.377439
0.232804
-0.126703
-0.439534
-0.50396
-0.576528
-0.733321
-0.758216
-0.760469
-0.743875
-0.91055
-0.890014
-0.483104
-1.73265
-1.1715
-1.18239
-0.943755
-0.945127
0

0.5
-0.336835
0.788409
0.402411
0.425344
-0.283177
-0.460683
-0.477314
-0.523053
-0.833335
-0.769392
-0.779926
-0.74636
-0.867158
-0.861221
-0.780597
-1.51787
-1.22261
-1.12855
-0.945066
-0.943328
0

0.5
-0.123584
0.653322
0.404698
0.367747
-0.319334
-0.398758
-0.425006
-0.54822
-0.85525
-0.768612
-0.684598
-0.760897
-0.872143
-0.763305
-1.05131
-1.3427
-1.29967
-1.10454
-0.936625
-0.931975
0

0.5
0.19618
0.440803
0.364704
0.220477
-0.268731
-0.363156
-0.426624
-0.58414
-0.814165
-0.750344
-0.571277
-0.802675
-0.898658
-0.631643
-0.86111
-1.55927
-1.48422
-1.09806
-0.91728
-0.907675
0

0.5
0.439087
0.309215
0.303069
0.168098
-0.257475
-0.389393
-0.467437
-0.598426
-0.759492
-0.731561
-0.580089
-0.893562
-0.678042
-0.659393
-0.667288
-1.63383
-1.65268
-1.09794
-0.899037
-0.880782
0

0.5
0.525534
0.30375
0.273288
0.157502
-0.273169
-0.442478
-0.57985
-0.538307
-0.714234
-0.730682
-0.692443
-1.09033
-0.249481
-0.966965
-0.83937
-1.25908
-1.57294
-1.1009
-0.903632
-0.879218
0

0.5
0.538068
0.339383
0.281567
0.0903337
-0.256363
-0.490362
-0.743533
-0.424624
-0.675095
-0.749933
-0.844241
-1.49076
0.240948
-1.4425
-1.42274
-0.475515
-1.16167
-1.08904
-0.952734
-0.942984
0

0.5
0.536185
0.367025
0.29524
0.00830731
-0.248087
-0.524569
-0.82804
-0.39305
-0.656154
-0.78245
-1.00538
-2.00236
0.542477
-1.76274
-2.37587
0.616515
-0.605365
-0.974344
-1.06802
-1.09752
0

0.5
0.522551
0.37378
0.296133
0.0357072
-0.342461
-0.573233
-0.785285
-0.491067
-0.671189
-0.817164
-1.11805
-2.16899
0.22618
-1.86358
-3.31571
1.51125
-0.186172
-0.771635
-1.169
-1.22719
0

0.5
0.488936
0.357604
0.289627
0.140931
-0.486137
-0.626966
-0.721067
-0.59979
-0.69865
-0.837809
-1.10551
-1.77861
-0.599722
-1.85911
-3.7236
1.76112
0.0132781
-0.608804
-1.12608
-1.15544
0

0.5
0.442731
0.329069
0.282655
0.183969
-0.544492
-0.647982
-0.661718
-0.656359
-0.703409
-0.81937
-0.987623
-1.20749
-1.29299
-1.87154
-3.46519
1.59979
-0.0120961
-0.552599
-1.01122
-1.0221
0

0.5
0.399966
0.299835
0.272985
0.15575
-0.509254
-0.614305
-0.596188
-0.645402
-0.66945
-0.769367
-0.875928
-0.869428
-1.55369
-1.83327
-3.02276
1.3921
-0.050896
-0.527631
-0.925862
-0.946825
0

0
0
0
0
0
0
0
0
0
0
0
0
0
0
0
0
0
0
0
0
0
0


0
0
0
0
0
0
0
0
0
0
0
0
0
0
0
0
0
0
0
0
0
0

0.5
-0.0295879
0.604438
0.438453
0.214539
-0.100355
-0.352529
-0.506511
-0.616365
-0.678792
-0.787204
-0.875573
-0.98917
-1.1698
-1.13258
-0.867316
-1.62849
-0.971882
-0.863024
-0.735207
-0.731236
0

0.5
-0.182644
0.51739
0.277556
0.0473935
-0.0995244
-0.408634
-0.519954
-0.58573
-0.680751
-0.747553
-0.787771
-0.8885
-1.02069
-1.01613
-0.760586
-1.36703
-1.03545
-1.07815
-0.868509
-0.872445
0

0.5
-0.169542
0.591944
0.310328
-0.107235
0.107735
-0.394474
-0.500891
-0.586655
-0.690117
-0.7495
-0.78428
-0.839789
-0.982526
-0.971107
-0.799228
-1.37142
-1.05694
-1.08755
-0.889945
-0.888106
0

0.5
-0.14588
0.615085
0.330865
-0.0636419
0.0693893
-0.37877
-0.488564
-0.593886
-0.7083
-0.759647
-0.798266
-0.796973
-0.949029
-0.922999
-0.724582
-1.50585
-1.10145
-1.0727
-0.909666
-0.903044
0

0.5
-0.104913
0.622886
0.343518
0.164684
-0.129465
-0.395186
-0.480997
-0.575789
-0.746999
-0.767842
-0.787025
-0.784019
-0.935874
-0.875637
-0.618097
-1.64415
-1.15194
-1.05249
-0.918294
-0.908274
0

0.5
0.00247345
0.573324
0.352665
0.307237
-0.273013
-0.401662
-0.461919
-0.56531
-0.789829
-0.771973
-0.76736
-0.796377
-0.939973
-0.821401
-0.795145
-1.48967
-1.22858
-1.04359
-0.919267
-0.905741
0

0.5
0.178324
0.47881
0.342858
0.266956
-0.291032
-0.381384
-0.449
-0.581585
-0.789519
-0.766352
-0.709015
-0.835582
-0.947195
-0.723672
-0.779934
-1.50781
-1.33844
-1.04153
-0.914745
-0.896549
0

0.5
0.369037
0.381272
0.312419
0.173769
-0.252866
-0.380244
-0.470836
-0.593532
-0.759428
-0.75532
-0.682674
-0.887656
-0.887939
-0.646456
-0.672667
-1.58088
-1.47715
-1.04536
-0.907876
-0.884199
0

0.5
0.495111
0.343217
0.280911
0.129768
-0.243059
-0.408092
-0.525413
-0.583139
-0.725996
-0.751602
-0.730594
-0.99521
-0.683934
-0.777996
-0.772749
-1.38696
-1.50189
-1.0476
-0.906979
-0.878117
0

0.5
0.547336
0.355246
0.270319
0.0931852
-0.244107
-0.448558
-0.615843
-0.53954
-0.699659
-0.763588
-0.830076
-1.19214
-0.40969
-1.16916
-1.19249
-0.840674
-1.24646
-1.0428
-0.929297
-0.899833
0

0.5
0.560591
0.374857
0.271996
0.0328745
-0.244002
-0.48957
-0.702428
-0.504568
-0.686398
-0.790603
-0.947707
-1.46064
-0.227022
-1.5944
-1.88502
-0.107738
-0.773133
-0.989441
-0.98509
-0.970837
0

0.5
0.550526
0.378293
0.267337
-0.00106255
-0.283847
-0.529849
-0.72619
-0.535553
-0.692927
-0.823302
-1.04435
-1.64635
-0.316443
-1.80367
-2.57325
0.534293
-0.36976
-0.865434
-1.05105
-1.06471
0

0.5
0.518039
0.361236
0.254403
0.0381453
-0.379712
-0.572517
-0.695595
-0.605205
-0.709207
-0.841699
-1.06983
-1.56168
-0.71355
-1.77228
-2.90802
0.788749
-0.218536
-0.721107
-1.06909
-1.09314
0

0.5
0.473355
0.332773
0.2426
0.0964694
-0.456786
-0.594354
-0.648538
-0.644588
-0.707445
-0.827184
-1.00816
-1.26789
-1.11463
-1.68688
-2.80799
0.714279
-0.240888
-0.637028
-0.999481
-1.01069
0

0.5
0.432429
0.304908
0.230394
0.101617
-0.449459
-0.572102
-0.59608
-0.625432
-0.672101
-0.778748
-0.913306
-0.986258
-1.23196
-1.63772
-2.56545
0.634103
-0.26505
-0.604579
-0.911458
-0.916774
0

0
0
0
0
0
0
0
0
0
0
0
0
0
0
0
0
0
0
0
0
0
0


0
0
0
0
0
0
0
0
0
0
0
0
0
0
0
0
0
0
0
0
0
0

0.5
0.075263
0.526249
0.409047
0.18682
-0.0650863
-0.328015
-0.499137
-0.598179
-0.700833
-0.798412
-0.887315
-1.02022
-1.14431
-1.11321
-0.941542
-1.66557
-0.983609
-0.754696
-0.693665
-0.675697
0

0.5
-0.0219182
0.383166
0.246372
0.0650526
-0.163007
-0.38012
-0.510555
-0.592982
-0.679643
-0.757231
-0.81963
-0.916691
-1.03582
-1.01335
-0.841165
-1.3974
-1.00156
-0.951286
-0.827588
-0.823166
0

0.5
0.0100908
0.448131
0.267277
0.0663793
-0.0980227
-0.381746
-0.498087
-0.589341
-0.685717
-0.756085
-0.808975
-0.883049
-1.00538
-0.975941
-0.817273
-1.36428
-1.04661
-0.992815
-0.861396
-0.852436
0

0.5
0.0274253
0.483107
0.283219
-0.0137201
-0.00994615
-0.370912
-0.490016
-0.593342
-0.701201
-0.762996
-0.812283
-0.853964
-0.983534
-0.942748
-0.792131
-1.40288
-1.08032
-1.01116
-0.891176
-0.877214
0

0.5
0.0616525
0.500575
0.299114
-0.00549098
-0.0216716
-0.358343
-0.482294
-0.591659
-0.720743
-0.770049
-0.811825
-0.841434
-0.966681
-0.90869
-0.711973
-1.48952
-1.11707
-1.01198
-0.908254
-0.890663
0

0.5
0.123725
0.494586
0.30874
0.127566
-0.14756
-0.368647
-0.474693
-0.585968
-0.744777
-0.775393
-0.802949
-0.840923
-0.963954
-0.8746
-0.698805
-1.50708
-1.15477
-1.0112
-0.918037
-0.897031
0

0.5
0.226921
0.458996
0.310484
0.212218
-0.245234
-0.37663
-0.46834
-0.589002
-0.758213
-0.776449
-0.782685
-0.860937
-0.968943
-0.82345
-0.715392
-1.49369
-1.20828
-1.0125
-0.922048
-0.897635
0

0.5
0.355567
0.410479
0.300399
0.1847
-0.2545
-0.379638
-0.475975
-0.597801
-0.750417
-0.773617
-0.765162
-0.901015
-0.95746
-0.760762
-0.652399
-1.52141
-1.30212
-1.01361
-0.922509
-0.894278
0

0.5
0.47078
0.378227
0.282598
0.127126
-0.233974
-0.394583
-0.506911
-0.59915
-0.731816
-0.77342
-0.783698
-0.96612
-0.891857
-0.773683
-0.695194
-1.41827
-1.35601
-1.01563
-0.92475
-0.892316
0

0.5
0.543906
0.375675
0.268217
0.087899
-0.230955
-0.42451
-0.560055
-0.587786
-0.715555
-0.783457
-0.844352
-1.07491
-0.776112
-0.974454
-0.998698
-1.06488
-1.23694
-1.00812
-0.937323
-0.902391
0

0.5
0.575163
0.384728
0.259772
0.047657
-0.241851
-0.461971
-0.623548
-0.57416
-0.708924
-0.805811
-0.928825
-1.22588
-0.680642
-1.33341
-1.50265
-0.544364
-0.909494
-0.97688
-0.966762
-0.936022
0

0.5
0.572509
0.382877
0.247836
0.00462209
-0.269183
-0.501403
-0.666676
-0.584324
-0.714139
-0.833476
-1.00752
-1.36072
-0.703406
-1.62082
-1.97875
-0.112639
-0.539097
-0.899018
-1.00522
-0.989237
0

0.5
0.542362
0.363328
0.22894
-0.0036577
-0.326365
-0.536405
-0.667621
-0.619125
-0.7224
-0.84921
-1.04266
-1.3757
-0.88116
-1.66984
-2.18338
0.0527628
-0.352916
-0.78804
-1.02124
-1.023
0

0.5
0.499516
0.334903
0.211367
0.0275813
-0.385037
-0.552194
-0.635132
-0.639856
-0.714072
-0.834636
-1.0125
-1.24646
-1.08744
-1.56002
-2.13521
0.0430536
-0.36004
-0.694254
-0.986348
-0.990889
0

0.5
0.459801
0.308222
0.198178
0.0506078
-0.395097
-0.533725
-0.58856
-0.617121
-0.677533
-0.788622
-0.941133
-1.08212
-1.12686
-1.45993
-2.00956
0.0340248
-0.383681
-0.639869
-0.918276
-0.915581
0

0
0
0
0
0
0
0
0
0
0
0
0
0
0
0
0
0
0
0
0
0
0


0
0
0
0
0
0
0
0
0
0
0
0
0
0
0
0
0
0
0
0
0
0

0.5
0.140536
0.480642
0.38915
0.21209
-0.0944636
-0.314488
-0.487076
-0.609093
-0.702919
-0.807757
-0.906108
-1.01942
-1.13762
-1.08814
-0.983845
-1.64309
-1.05538
-0.712496
-0.675323
-0.646651
0

0.5
0.0574443
0.315625
0.220493
0.0381602
-0.151494
-0.36355
-0.501823
-0.59492
-0.683186
-0.763762
-0.836007
-0.927798
-1.0277
-0.996835
-0.896287
-1.37984
-1.02172
-0.884238
-0.803459
-0.791675
0

0.5
0.11573
0.362845
0.241482
0.0529526
-0.126933
-0.35528
-0.490958
-0.590855
-0.684509
-0.761455
-0.825978
-0.904486
-1.00354
-0.966003
-0.858513
-1.3303
-1.05743
-0.93698
-0.843539
-0.830003
0

0.5
0.141556
0.395652
0.249085
0.048948
-0.0996612
-0.361651
-0.48819
-0.593767
-0.694957
-0.766139
-0.824459
-0.885148
-0.98556
-0.939305
-0.828771
-1.32931
-1.08833
-0.975469
-0.882131
-0.86421
0

0.5
0.17307
0.419712
0.263022
0.0271501
-0.0767047
-0.352834
-0.483563
-0.595277
-0.707314
-0.771655
-0.825154
-0.871547
-0.972907
-0.912929
-0.78517
-1.36796
-1.10847
-0.989747
-0.906172
-0.885148
0

0.5
0.21878
0.431216
0.275107
0.0431013
-0.0979072
-0.349299
-0.479672
-0.59499
-0.721875
-0.777201
-0.823713
-0.870615
-0.968108
-0.88899
-0.733163
-1.41539
-1.12659
-0.996302
-0.922387
-0.898773
0

0.5
0.286685
0.427069
0.282069
0.110567
-0.169187
-0.359517
-0.478537
-0.596056
-0.733729
-0.781231
-0.818948
-0.883286
-0.972425
-0.866264
-0.710871
-1.42756
-1.14655
-0.999475
-0.932626
-0.906589
0

0.5
0.375004
0.411574
0.282731
0.145962
-0.220603
-0.372227
-0.484343
-0.600923
-0.736249
-0.78357
-0.815493
-0.912628
-0.978221
-0.843353
-0.667431
-1.44564
-1.17524
-1.00002
-0.938993
-0.910293
0

0.5
0.467047
0.397406
0.276988
0.125271
-0.227777
-0.387045
-0.503066
-0.605898
-0.730136
-0.787304
-0.828196
-0.960979
-0.970962
-0.848777
-0.666532
-1.40136
-1.19763
-0.996264
-0.944682
-0.912966
0

0.5
0.541089
0.394128
0.267447
0.0886792
-0.226055
-0.410632
-0.53722
-0.607684
-0.723251
-0.797826
-0.868027
-1.03422
-0.945241
-0.950493
-0.854627
-1.17309
-1.1419
-0.984434
-0.954576
-0.920271
0

0.5
0.582976
0.395966
0.255188
0.0529919
-0.238806
-0.444366
-0.582652
-0.609487
-0.722761
-0.817998
-0.929368
-1.13169
-0.922605
-1.18146
-1.24361
-0.783448
-0.944061
-0.955567
-0.972755
-0.938949
0

0.5
0.587855
0.388155
0.236456
0.0149853
-0.267656
-0.482571
-0.624046
-0.619449
-0.729363
-0.842293
-0.991676
-1.22601
-0.941333
-1.44447
-1.63287
-0.440831
-0.657716
-0.900286
-0.994692
-0.968404
0

0.5
0.560846
0.365059
0.211433
-0.0115457
-0.30817
-0.513535
-0.639613
-0.636435
-0.733561
-0.854851
-1.02484
-1.26218
-1.01851
-1.56345
-1.78583
-0.332469
-0.455381
-0.819989
-1.00211
-0.989527
0

0.5
0.52015
0.335688
0.18942
-0.00920151
-0.343751
-0.523081
-0.620988
-0.640531
-0.72018
-0.839406
-1.00794
-1.20925
-1.10331
-1.49927
-1.71856
-0.368546
-0.41976
-0.737974
-0.976395
-0.973297
0

0.5
0.482327
0.309944
0.175087
0.00534149
-0.348474
-0.503677
-0.581071
-0.613575
-0.682732
-0.795081
-0.951186
-1.11074
-1.09862
-1.38897
-1.60794
-0.366163
-0.433786
-0.680749
-0.922132
-0.91911
0

0
0
0
0
0
0
0
0
0
0
0
0
0
0
0
0
0
0
0
0
0
0


0
0
0
0
0
0
0
0
0
0
0
0
0
0
0
0
0
0
0
0
0
0

0.5
0.181251
0.461068
0.380454
0.186579
-0.0774207
-0.302563
-0.480784
-0.611584
-0.711158
-0.815649
-0.915577
-1.02169
-1.12474
-1.06857
-1.00536
-1.61306
-1.12963
-0.708639
-0.671351
-0.635199
0

0.5
0.104726
0.27758
0.200805
0.0366062
-0.160337
-0.355902
-0.492966
-0.59396
-0.68331
-0.764863
-0.840861
-0.924268
-1.00869
-0.971703
-0.91652
-1.35052
-1.05773
-0.856
-0.79045
-0.773816
0

0.5
0.173477
0.317343
0.223822
0.0437565
-0.13503
-0.341894
-0.48414
-0.589796
-0.683425
-0.762941
-0.833334
-0.909358
-0.991324
-0.949701
-0.883629
-1.30644
-1.07924
-0.904882
-0.830018
-0.81397
0

0.5
0.210267
0.344032
0.230176
0.0434436
-0.12176
-0.344774
-0.483337
-0.592289
-0.691064
-0.766565
-0.830893
-0.896298
-0.975947
-0.927539
-0.851841
-1.28781
-1.10283
-0.951996
-0.874501
-0.855549
0

0.5
0.244114
0.369631
0.240436
0.0441329
-0.111396
-0.346283
-0.482179
-0.594427
-0.6995
-0.770877
-0.830827
-0.88721
-0.964595
-0.906488
-0.815999
-1.30061
-1.1177
-0.974594
-0.90338
-0.88221
0

0.5
0.284689
0.388517
0.252194
0.045915
-0.115237
-0.344538
-0.481525
-0.596327
-0.709023
-0.776094
-0.832448
-0.886647
-0.959919
-0.889716
-0.774955
-1.32772
-1.125
-0.985917
-0.923576
-0.900694
0

0.5
0.337709
0.399313
0.262021
0.0666018
-0.141729
-0.349768
-0.483195
-0.598475
-0.717807
-0.78138
-0.83495
-0.897484
-0.963843
-0.880282
-0.738326
-1.3499
-1.12362
-0.990787
-0.937643
-0.913218
0

0.5
0.404521
0.402972
0.268169
0.0973585
-0.182073
-0.36323
-0.489754
-0.602257
-0.722932
-0.786657
-0.840496
-0.922125
-0.975834
-0.882131
-0.70657
-1.36131
-1.11223
-0.990438
-0.947857
-0.921648
0

0.5
0.478529
0.404097
0.269809
0.104984
-0.208692
-0.380811
-0.504314
-0.607722
-0.72369
-0.793616
-0.855626
-0.962729
-0.992339
-0.90892
-0.698975
-1.33382
-1.08772
-0.983741
-0.956749
-0.928271
0

0.5
0.545889
0.406349
0.265892
0.0860364
-0.220667
-0.403713
-0.529383
-0.614593
-0.723841
-0.805722
-0.887524
-1.02109
-1.01083
-0.991595
-0.808808
-1.18081
-1.02498
-0.968092
-0.967316
-0.936466
0

0.5
0.590126
0.405868
0.254061
0.0553314
-0.23737
-0.434895
-0.563991
-0.624336
-0.728307
-0.825048
-0.935161
-1.09404
-1.03477
-1.1522
-1.09071
-0.881656
-0.888795
-0.938927
-0.981151
-0.949754
0

0.5
0.598792
0.393236
0.231425
0.019479
-0.267127
-0.470898
-0.599193
-0.6376
-0.736528
-0.846472
-0.984213
-1.16328
-1.06931
-1.34993
-1.42266
-0.582892
-0.6913
-0.892296
-0.993818
-0.966998
0

0.5
0.573736
0.366192
0.201358
-0.0126213
-0.301059
-0.498671
-0.617502
-0.647775
-0.738537
-0.855483
-1.01041
-1.19545
-1.10939
-1.47263
-1.57229
-0.480536
-0.521364
-0.829873
-0.992822
-0.976522
0

0.5
0.534825
0.335235
0.175566
-0.0258691
-0.322392
-0.503716
-0.606427
-0.641441
-0.721802
-0.838165
-0.996053
-1.16924
-1.1302
-1.45236
-1.4949
-0.539913
-0.456891
-0.764225
-0.966642
-0.960917
0

0.5
0.499164
0.310073
0.160306
-0.0231109
-0.31818
-0.48301
-0.572604
-0.611089
-0.684118
-0.795186
-0.946547
-1.10261
-1.09751
-1.36224
-1.3673
-0.560691
-0.447
-0.712014
-0.917105
-0.91655
0

0
0
0
0
0
0
0
0
0
0
0
0
0
0
0
0
0
0
0
0
0
0


0
0
0
0
0
0
0
0
0
0
0
0
0
0
0
0
0
0
0
0
0
0

0.5
0.207587
0.457501
0.379296
0.185861
-0.0744968
-0.299087
-0.48123
-0.618009
-0.719435
-0.824878
-0.925985
-1.02844
-1.12511
-1.06424
-1.01715
-1.60463
-1.18026
-0.723245
-0.678847
-0.635771
0

0.5
0.130661
0.259985
0.190292
0.0265206
-0.155557
-0.346637
-0.484236
-0.5888
-0.679092
-0.759514
-0.835488
-0.912914
-0.986637
-0.946381
-0.9134
-1.31715
-1.07942
-0.84769
-0.783017
-0.764844
0

0.5
0.202186
0.297478
0.214174
0.0429394
-0.136808
-0.336701
-0.478513
-0.586877
-0.680872
-0.760576
-0.832948
-0.906254
-0.977628
-0.934435
-0.890265
-1.29213
-1.0964
-0.890489
-0.820334
-0.80148
0

0.5
0.245331
0.320053
0.220639
0.0404337
-0.128641
-0.336931
-0.478824
-0.58933
-0.687528
-0.763987
-0.83088
-0.896826
-0.963996
-0.915411
-0.857704
-1.27076
-1.11331
-0.938655
-0.866833
-0.846624
0

0.5
0.282934
0.344536
0.230141
0.043791
-0.123462
-0.338834
-0.479115
-0.591693
-0.694387
-0.767822
-0.830569
-0.890667
-0.953739
-0.89688
-0.822395
-1.27368
-1.12504
-0.96474
-0.898235
-0.87705
0

0.5
0.323414
0.365636
0.240864
0.0496452
-0.127013
-0.341466
-0.480631
-0.594429
-0.701845
-0.772777
-0.833052
-0.891757
-0.949611
-0.88342
-0.786676
-1.28954
-1.12764
-0.978731
-0.920541
-0.898517
0

0.5
0.372078
0.382179
0.251337
0.061111
-0.142931
-0.347116
-0.484331
-0.597476
-0.708793
-0.778525
-0.838559
-0.903017
-0.953754
-0.879458
-0.752678
-1.30688
-1.11786
-0.984984
-0.936675
-0.913807
0

0.5
0.430594
0.394569
0.259798
0.0777646
-0.16863
-0.359292
-0.492114
-0.601355
-0.713943
-0.785198
-0.848685
-0.926736
-0.967584
-0.891915
-0.728568
-1.31161
-1.09181
-0.985045
-0.949224
-0.925225
0

0.5
0.495656
0.404363
0.26488
0.0873562
-0.194336
-0.37735
-0.506058
-0.606845
-0.71713
-0.794054
-0.867007
-0.964796
-0.991809
-0.933439
-0.733765
-1.27656
-1.043
-0.977818
-0.960541
-0.934942
0

0.5
0.557401
0.411614
0.264229
0.0789591
-0.214311
-0.400923
-0.527969
-0.615144
-0.720704
-0.807475
-0.897445
-1.01756
-1.02707
-1.02253
-0.823155
-1.14206
-0.958606
-0.96014
-0.972548
-0.945228
0

0.5
0.599911
0.411289
0.253507
0.0542293
-0.236312
-0.431351
-0.557376
-0.62767
-0.727716
-0.826427
-0.938788
-1.07968
-1.0724
-1.16601
-1.04277
-0.882762
-0.827194
-0.928207
-0.984887
-0.957337
0

0.5
0.608016
0.395744
0.229223
0.0199423
-0.267079
-0.465235
-0.587247
-0.642345
-0.736229
-0.845237
-0.978861
-1.13417
-1.11926
-1.32732
-1.31662
-0.611477
-0.666405
-0.881032
-0.992008
-0.968341
0

0.5
0.582117
0.365433
0.196194
-0.0132486
-0.298038
-0.489723
-0.602928
-0.649555
-0.736047
-0.850208
-0.996969
-1.15612
-1.14904
-1.427
-1.45735
-0.503794
-0.533385
-0.823893
-0.983889
-0.968986
0

0.5
0.543409
0.332761
0.16795
-0.0318542
-0.312511
-0.491286
-0.593174
-0.63781
-0.716692
-0.830022
-0.979454
-1.13305
-1.14266
-1.41578
-1.39155
-0.558315
-0.472738
-0.76753
-0.954032
-0.948956
0

0.5
0.509374
0.307847
0.152042
-0.0344093
-0.303861
-0.469876
-0.562747
-0.605954
-0.6792
-0.787697
-0.932325
-1.07784
-1.09607
-1.34083
-1.26136
-0.591059
-0.45318
-0.721217
-0.905624
-0.907317
0

0
0
0
0
0
0
0
0
0
0
0
0
0
0
0
0
0
0
0
0
0
0


0
0
0
0
0
0
0
0
0
0
0
0
0
0
0
0
0
0
0
0
0
0

0.5
0.220043
0.463016
0.384052
0.187914
-0.0712257
-0.304374
-0.48932
-0.628388
-0.731937
-0.838576
-0.941135
-1.04475
-1.1407
-1.07736
-1.03085
-1.62234
-1.20463
-0.743612
-0.694552
-0.647681
0

0.5
0.139422
0.252696
0.184859
0.023486
-0.151916
-0.340912
-0.475857
-0.579311
-0.668744
-0.74752
-0.822227
-0.897183
-0.966501
-0.924727
-0.894985
-1.28509
-1.06837
-0.839639
-0.77321
-0.758223
0

0.5
0.210835
0.292572
0.211653
0.0416893
-0.135438
-0.333893
-0.474605
-0.582887
-0.676685
-0.755652
-0.828066
-0.900502
-0.96888
-0.924781
-0.884527
-1.28262
-1.09714
-0.887239
-0.814752
-0.795103
0

0.5
0.254808
0.313799
0.217851
0.040142
-0.128577
-0.334904
-0.475606
-0.585753
-0.683611
-0.759425
-0.826644
-0.892561
-0.956637
-0.907745
-0.853341
-1.26368
-1.11233
-0.934098
-0.860924
-0.84025
0

0.5
0.293622
0.337398
0.227386
0.0431655
-0.124921
-0.336318
-0.47638
-0.588445
-0.690523
-0.763417
-0.826574
-0.887636
-0.947199
-0.890473
-0.817806
-1.26588
-1.12233
-0.960038
-0.892628
-0.8717
0

0.5
0.334853
0.358534
0.237977
0.0501911
-0.129708
-0.339626
-0.478582
-0.59164
-0.69792
-0.768559
-0.829427
-0.889872
-0.943703
-0.878164
-0.782455
-1.28072
-1.1239
-0.974545
-0.915532
-0.894358
0

0.5
0.3836
0.376195
0.248518
0.0621814
-0.145469
-0.346334
-0.483177
-0.595273
-0.70479
-0.774736
-0.835952
-0.902262
-0.948425
-0.875681
-0.749478
-1.29834
-1.11379
-0.981626
-0.932527
-0.910933
0

0.5
0.441419
0.39076
0.257509
0.0766781
-0.169046
-0.358815
-0.491793
-0.599563
-0.710011
-0.782141
-0.847788
-0.926969
-0.962873
-0.890631
-0.7268
-1.30542
-1.08761
-0.982535
-0.946181
-0.923866
0

0.5
0.505249
0.40315
0.263453
0.0841372
-0.192658
-0.376987
-0.506188
-0.60512
-0.713594
-0.791879
-0.86783
-0.965356
-0.98825
-0.936309
-0.737084
-1.2704
-1.03711
-0.975695
-0.958655
-0.935299
0

0.5
0.565597
0.412212
0.26357
0.0762034
-0.212952
-0.400731
-0.527714
-0.613274
-0.717624
-0.805792
-0.898635
-1.01677
-1.02573
-1.02939
-0.827208
-1.13031
-0.947174
-0.957155
-0.971198
-0.946943
0

0.5
0.606274
0.41188
0.252882
0.0526598
-0.236152
-0.430702
-0.555391
-0.625313
-0.724355
-0.823937
-0.937751
-1.0744
-1.0736
-1.17156
-1.0304
-0.863338
-0.80781
-0.922706
-0.982283
-0.958718
0

0.5
0.611604
0.394565
0.227653
0.0190041
-0.266959
-0.462757
-0.581983
-0.638482
-0.731029
-0.839876
-0.97262
-1.12068
-1.12044
-1.32169
-1.27479
-0.591209
-0.644593
-0.872435
-0.985617
-0.966282
0

0.5
0.582765
0.36201
0.193333
-0.0137236
-0.296227
-0.484147
-0.593843
-0.642769
-0.727614
-0.840427
-0.983959
-1.13341
-1.14453
-1.40505
-1.39974
-0.484789
-0.519529
-0.813737
-0.972292
-0.960927
0

0.5
0.54255
0.32793
0.164168
-0.0324586
-0.308054
-0.482799
-0.581767
-0.627941
-0.705331
-0.816499
-0.961342
-1.10521
-1.12892
-1.38518
-1.3391
-0.5358
-0.467524
-0.758183
-0.938438
-0.935833
0

0.5
0.5089
0.303034
0.148166
-0.0354876
-0.298462
-0.460871
-0.551739
-0.595704
-0.667594
-0.773715
-0.913618
-1.05104
-1.07864
-1.31031
-1.21318
-0.568036
-0.450489
-0.713391
-0.889631
-0.893615
0

0
0
0
0
0
0
0
0
0
0
0
0
0
0
0
0
0
0
0
0
0
0


0
0
0
0
0
0
0
0
0
0
0
0
0
0
0
0
0
0
0
0
0
0

0
0
0
0
0
0
0
0
0
0
0
0
0
0
0
0
0
0
0
0
0
0

0
0
0
0
0
0
0
0
0
0
0
0
0
0
0
0
0
0
0
0
0
0

0
0
0
0
0
0
0
0
0
0
0
0
0
0
0
0
0
0
0
0
0
0

0
0
0
0
0
0
0
0
0
0
0
0
0
0
0
0
0
0
0
0
0
0

0
0
0
0
0
0
0
0
0
0
0
0
0
0
0
0
0
0
0
0
0
0

0
0
0
0
0
0
0
0
0
0
0
0
0
0
0
0
0
0
0
0
0
0

0
0
0
0
0
0
0
0
0
0
0
0
0
0
0
0
0
0
0
0
0
0

0
0
0
0
0
0
0
0
0
0
0
0
0
0
0
0
0
0
0
0
0
0

0
0
0
0
0
0
0
0
0
0
0
0
0
0
0
0
0
0
0
0
0
0

0
0
0
0
0
0
0
0
0
0
0
0
0
0
0
0
0
0
0
0
0
0

0
0
0
0
0
0
0
0
0
0
0
0
0
0
0
0
0
0
0
0
0
0

0
0
0
0
0
0
0
0
0
0
0
0
0
0
0
0
0
0
0
0
0
0

0
0
0
0
0
0
0
0
0
0
0
0
0
0
0
0
0
0
0
0
0
0

0
0
0
0
0
0
0
0
0
0
0
0
0
0
0
0
0
0
0
0
0
0

0
0
0
0
0
0
0
0
0
0
0
0
0
0
0
0
0
0
0
0
0
0

0
0
0
0
0
0
0
0
0
0
0
0
0
0
0
0
0
0
0
0
0
0


