0
0
0
0
0
0
0
0
0
0
0
0
-2.37874
0
0
0
0
0
0
0
0
0

0
-2.73874
-3.26231
-2.90176
-2.83385
-3.10784
-3.49176
-3.01633
-2.63238
-3.54217
-2.75371
-2.71525
-3.17944
-2.67961
-3.32131
-3.48251
-6.28904
-3.46219
-3.65701
-3.26189
-2.93924
0

0
-2.64526
3.05619
-2.52335
-2.83679
-2.81405
-3.28104
-2.8482
-3.19832
-3.54217
-2.66283
-2.58434
-0.786126
-2.56236
-3.1629
-3.46049
-4.16307
-4.05548
-3.47603
-3.08243
-2.7921
0

0
-2.61109
-3.18429
-2.73797
-2.84074
-3.28458
-2.47269
-2.83026
-3.26627
-3.18545
-2.68662
-2.60075
-3.56095
-2.80243
-3.14708
-3.7231
2.83854
-3.42894
-3.4688
-3.0719
-2.79823
0

0
-2.5982
-3.31607
-2.73888
-2.82467
-2.7627
-2.66683
-2.80658
-2.78069
-2.98685
-2.69463
-2.64926
-3.22417
-3.84411
-3.17239
-3.7226
-3.54541
-3.88426
-3.46219
-3.0428
-2.80108
0

0
-2.59202
-3.10514
-2.99195
-2.82919
-2.95461
-2.79095
-2.80062
-3.04183
-2.89527
-2.69027
-2.6822
-3.17944
-2.8586
-3.19091
-4.38474
-3.51928
-3.94138
-3.47571
-2.99446
-2.80381
0

0
-2.58922
-2.94494
-2.9266
-2.83019
-3.05877
-2.86053
-2.79712
-3.27661
-2.84091
-2.68542
-2.67273
-2.93957
-2.99236
-3.34551
-3.74705
-3.42633
-4.03132
-3.89299
-2.92318
-2.80748
0

0
-2.58834
-2.86641
-2.86926
-2.83385
-3.06072
-2.89137
-2.79253
-3.09552
-2.77016
-2.68075
-2.6615
-2.81904
-3.02398
-3.49073
-3.69435
-3.42381
-4.1627
-4.06457
-2.8295
-2.81189
0

0
-2.58929
-2.83033
-2.84042
-2.86002
-2.85294
-2.8482
-2.76713
-1.35305
-2.64587
-2.67048
-2.64823
-2.74699
-3.0529
-3.65629
-4.11763
-3.44256
-4.34573
-4.18368
-2.95511
-2.81957
0

0
-2.59179
-2.81405
-2.82638
-2.91334
-2.28221
-2.67978
-2.71246
-2.11632
-2.63093
-2.66283
-2.63339
-2.70616
-2.80092
-3.83718
-4.15152
-3.24738
-4.56395
-4.31036
-3.90903
-2.82818
0

0
-2.59551
-2.80898
-2.82078
-2.93222
-1.73574
-2.52172
-2.68418
-2.322
-2.63238
-2.65847
-2.6175
-2.67908
-1.50788
-3.81186
-3.80305
-2.57822
-2.9725
-3.89299
-3.7104
-2.83414
0

0
-2.60003
-2.81557
-2.82335
-2.87985
-3.04978
-2.82085
-2.71848
-2.39699
-2.63764
-2.65601
-2.60204
-2.62897
2.50711
-3.58705
-2.84997
-1.04531
-4.48168
-4.44642
-3.4972
-2.83877
0

0
-2.60476
-2.83546
-2.83137
-2.88673
-2.9862
-2.83721
-2.73442
-2.54241
-2.65437
-2.65139
-2.59172
-2.5855
-3.84411
-3.25305
-1.35289
0.8757
-4.50853
-4.61019
-3.38902
-2.84419
0

0
-2.60899
-2.82919
-2.84542
-2.90466
-3.1279
-2.87077
-2.75225
-2.90566
-2.67758
-2.64415
-2.58236
-2.55225
-3.06166
-1.84829
1.06789
2.79962
-4.38474
-4.74402
-3.34076
-2.84833
0

0
-2.60277
-2.79388
-2.81793
-2.91349
-3.28959
-2.89199
-2.75837
-2.76008
-2.66359
-2.62354
-2.56247
-2.50777
-2.49819
0.679415
-2.9725
3.99476
-4.45502
-4.84672
-3.31411
-2.83752
0

0
-2.53278
-2.72313
-2.7446
-2.84542
-3.33443
-2.82754
-2.68945
-2.63774
-2.59107
-2.55116
-2.49642
-2.43059
-2.35018
-2.33605
-2.52414
4.9996
-4.99841
-4.75584
-3.2221
-2.76078
0

0
0
0
0
0
0
0
0
0
0
0
0
0
0
0
0
0
0
-3.41585
0
0
0


0
2.73874
3.26231
2.90176
2.83385
3.10784
3.49176
3.01633
2.63238
3.54217
2.75371
2.71525
3.17944
2.67961
3.32131
3.48251
6.28904
3.46219
3.65701
3.26189
2.93924
-2.81189

2.73874
-2.73874
-3.26231
-2.90176
-2.83385
-3.10784
-3.49176
-3.01633
-2.63238
-3.54217
-2.75371
-2.71525
-3.17944
-2.67961
-3.32131
-3.48251
-6.28904
-3.46219
-3.65701
-3.26189
-2.93924
-2.93924

2.64526
-2.64526
3.05619
-2.52335
-2.83679
-2.81405
-3.28104
-2.8482
-3.19832
-3.54217
-2.66283
-2.58434
-0.786126
-2.56236
-3.1629
-3.46049
-4.16307
-4.05548
-3.47603
-3.08243
-2.7921
-2.7921

2.61109
-2.61109
-3.18429
-2.73797
-2.84074
-3.28458
-2.47269
-2.83026
-3.26627
-3.18545
-2.68662
-2.60075
-3.56095
-2.80243
-3.14708
-3.7231
2.83854
-3.42894
-3.4688
-3.0719
-2.79823
-2.79823

2.5982
-2.5982
-3.31607
-2.73888
-2.82467
-2.7627
-2.66683
-2.80658
-2.78069
-2.98685
-2.69463
-2.64926
-3.22417
-3.84411
-3.17239
-3.7226
-3.54541
-3.88426
-3.46219
-3.0428
-2.80108
-2.80108

2.59202
-2.59202
-3.10514
-2.99195
-2.82919
-2.95461
-2.79095
-2.80062
-3.04183
-2.89527
-2.69027
-2.6822
-3.17944
-2.8586
-3.19091
-4.38474
-3.51928
-3.94138
-3.47571
-2.99446
-2.80381
-2.80381

2.58922
-2.58922
-2.94494
-2.9266
-2.83019
-3.05877
-2.86053
-2.79712
-3.27661
-2.84091
-2.68542
-2.67273
-2.93957
-2.99236
-3.34551
-3.74705
-3.42633
-4.03132
-3.89299
-2.92318
-2.80748
-2.80748

2.58834
-2.58834
-2.86641
-2.86926
-2.83385
-3.06072
-2.89137
-2.79253
-3.09552
-2.77016
-2.68075
-2.6615
-2.81904
-3.02398
-3.49073
-3.69435
-3.42381
-4.1627
-4.06457
-2.8295
-2.81189
-2.81189

2.58929
-2.58929
-2.83033
-2.84042
-2.86002
-2.85294
-2.8482
-2.76713
-1.35305
-2.64587
-2.67048
-2.64823
-2.74699
-3.0529
-3.65629
-4.11763
-3.44256
-4.34573
-4.18368
-2.95511
-2.81957
-2.81957

2.59179
-2.59179
-2.81405
-2.82638
-2.91334
-2.28221
-2.67978
-2.71246
-2.11632
-2.63093
-2.66283
-2.63339
-2.70616
-2.80092
-3.83718
-4.15152
-3.24738
-4.56395
-4.31036
-3.90903
-2.82818
-2.82818

2.59551
-2.59551
-2.80898
-2.82078
-2.93222
-1.73574
-2.52172
-2.68418
-2.322
-2.63238
-2.65847
-2.6175
-2.67908
-1.50788
-3.81186
-3.80305
-2.57822
-2.9725
-3.89299
-3.7104
-2.83414
-2.83414

2.60003
-2.60003
-2.81557
-2.82335
-2.87985
-3.04978
-2.82085
-2.71848
-2.39699
-2.63764
-2.65601
-2.60204
-2.62897
2.50711
-3.58705
-2.84997
-1.04531
-4.48168
-4.44642
-3.4972
-2.83877
-2.83877

2.60476
-2.60476
-2.83546
-2.83137
-2.88673
-2.9862
-2.83721
-2.73442
-2.54241
-2.65437
-2.65139
-2.59172
-2.5855
-3.84411
-3.25305
-1.35289
0.8757
-4.50853
-4.61019
-3.38902
-2.84419
-2.84419

2.60899
-2.60899
-2.82919
-2.84542
-2.90466
-3.1279
-2.87077
-2.75225
-2.90566
-2.67758
-2.64415
-2.58236
-2.55225
-3.06166
-1.84829
1.06789
2.79962
-4.38474
-4.74402
-3.34076
-2.84833
-2.84833

2.60277
-2.60277
-2.79388
-2.81793
-2.91349
-3.28959
-2.89199
-2.75837
-2.76008
-2.66359
-2.62354
-2.56247
-2.50777
-2.49819
0.679415
-2.9725
3.99476
-4.45502
-4.84672
-3.31411
-2.83752
-2.83752

2.53278
-2.53278
-2.72313
-2.7446
-2.84542
-3.33443
-2.82754
-2.68945
-2.63774
-2.59107
-2.55116
-2.49642
-2.43059
-2.35018
-2.33605
-2.52414
4.9996
-4.99841
-4.75584
-3.2221
-2.76078
-2.76078

0
-2.53278
-2.72313
-2.7446
-2.84542
-3.33443
-2.82754
-2.68945
-2.63774
-2.59107
-2.55116
-2.49642
-2.43059
-2.35018
-2.33605
-2.52414
4.9996
-4.99841
-4.75584
-3.2221
-2.76078
0


0
2.7081
2.35936
2.8455
2.99317
2.75291
3.18951
3.02522
3.11041
3.02491
2.86161
2.77565
2.51523
2.9072
3.28675
3.65765
4.4276
4.00167
3.74914
3.32235
2.97842
0

2.7081
-2.7081
-2.35936
-2.8455
-2.99317
-2.75291
-3.18951
-3.02522
-3.11041
-3.02491
-2.86161
-2.77565
-2.51523
-2.9072
-3.28675
-3.65765
-4.4276
-4.00167
-3.74914
-3.32235
-2.97842
-2.97842

2.57679
-2.57679
-0.835949
-2.713
-2.81045
-3.34428
-3.08086
-2.85237
-2.88889
-3.07064
-2.70137
-2.63633
-2.4842
-2.75366
-3.14189
-3.43607
-4.30631
-3.58837
-3.51197
-3.13102
-2.82272
-2.82272

2.59073
-2.59073
-2.33303
-2.71026
-2.85098
-3.00752
-2.964
-2.89474
-3.01289
-3.14344
-2.71573
-2.65115
-2.47368
-2.82716
-3.15976
-3.53499
0.710384
-3.81392
-3.59379
-3.13122
-2.82779
-2.82779

2.59348
-2.59348
-2.72223
-2.78953
-2.85886
-2.97184
-2.7633
-2.84195
-3.02663
-3.02425
-2.72635
-2.66927
-3.02967
-2.91922
-3.18406
-3.51828
-3.60743
-3.8199
-3.64404
-3.12339
-2.83091
-2.83091

2.59951
-2.59951
-2.94152
-2.81225
-2.84971
-2.90682
-2.79507
-2.82655
-2.88607
-2.90997
-2.72551
-2.69184
-3.03342
-3.03754
-3.20494
-3.46834
-3.59796
-3.91476
-3.78616
-3.11269
-2.83414
-2.83414

2.60444
-2.60444
-2.93557
-2.90589
-2.86361
-2.96737
-2.83736
-2.81778
-2.90805
-2.84595
-2.71817
-2.70011
-2.91859
-2.96385
-3.19246
-4.30748
-3.63732
-4.03895
-3.70046
-3.10125
-2.83756
-2.83756

2.60783
-2.60783
-2.89253
-2.89544
-2.87166
-3.01222
-2.86594
-2.80728
-2.89586
-2.79999
-2.71122
-2.6909
-2.8382
-2.92984
-3.29063
-3.47789
-3.52143
-4.10311
-3.91293
-3.14809
-2.84274
-2.84274

2.61104
-2.61104
-2.86394
-2.8741
-2.87942
-2.93163
-2.87189
-2.79083
-2.51166
-2.74465
-2.70285
-2.67922
-2.76491
-2.87761
-3.32667
-3.72385
-3.54686
-4.174
-4.08796
-3.22826
-2.84693
-2.84693

2.61483
-2.61483
-2.85012
-2.86254
-2.9003
-2.52613
-2.80747
-2.76903
-2.22933
-2.67733
-2.69203
-2.66588
-2.70964
-2.72893
-3.42117
-3.91757
-3.43398
-4.2636
-4.18637
-3.23404
-2.85188
-2.85188

2.61947
-2.61947
-2.84487
-2.85876
-2.92847
-2.03519
-2.697
-2.74521
-2.4128
-2.67076
-2.68458
-2.65219
-2.66307
-2.11664
-3.51824
-3.62433
-2.87233
-5.20148
-4.5758
-3.61014
-2.86336
-2.86336

2.62502
-2.62502
-2.84371
-2.86065
-2.92305
-3.09281
-2.80233
-2.74742
-2.52052
-2.67419
-2.6794
-2.63872
-2.617
-0.65109
-3.44408
-2.70373
-1.64156
-4.57033
-4.43413
-3.58188
-2.86948
-2.86948

2.63109
-2.63109
-2.84703
-2.86463
-2.92631
-3.06649
-2.87239
-2.76926
-2.59864
-2.68118
-2.67593
-2.62598
-2.59304
-2.15964
-3.06045
-1.55932
0.299394
-4.60964
-4.5698
-3.50144
-2.87549
-2.87549

2.63489
-2.63489
-2.86065
-2.86685
-2.93957
-3.12446
-2.90343
-2.78634
-2.6991
-2.6922
-2.66943
-2.61452
-2.56781
-2.85891
-2.14592
-0.858891
2.10658
-4.49613
-4.65314
-3.46028
-2.87914
-2.87914

2.62378
-2.62378
-2.85779
-2.85943
-2.94249
-3.22336
-2.91904
-2.78666
-2.78323
-2.69062
-2.64956
-2.59095
-2.53213
-2.58283
-0.965574
-3.07071
3.47157
-4.40309
-4.63463
-3.4243
-2.86503
-2.86503

2.5515
-2.5515
-2.7509
-2.77354
-2.87002
-3.21123
-2.84917
-2.71526
-2.66423
-2.61443
-2.57399
-2.51937
-2.4538
-2.37598
-2.2751
-2.54332
4.35715
-4.3622
-4.51148
-3.33055
-2.78247
-2.78247

0
-2.5515
-2.7509
-2.77354
-2.87002
-3.21123
-2.84917
-2.71526
-2.66423
-2.61443
-2.57399
-2.51937
-2.4538
-2.37598
-2.2751
-2.54332
4.35715
-4.3622
-4.51148
-3.33055
-2.78247
0


0
2.69676
2.32659
2.88186
3.02166
2.41698
3.11817
3.03849
3.09306
3.09289
2.89369
2.819
2.73062
2.96878
3.27826
3.58156
3.46718
3.90831
3.83015
3.38216
3.01206
0

2.69676
-2.69676
-2.32659
-2.88186
-3.02166
-2.41698
-3.11817
-3.03849
-3.09306
-3.09289
-2.89369
-2.819
-2.73062
-2.96878
-3.27826
-3.58156
-3.46718
-3.90831
-3.83015
-3.38216
-3.01206
-3.01206

2.56683
-2.56683
-2.13915
-2.75027
-2.8533
-3.34214
-3.02173
-2.89028
-2.92194
-2.95018
-2.74405
-2.68
-2.60703
-2.81253
-3.12481
-3.38777
-3.79189
-3.77877
-3.61378
-3.18843
-2.85379
-2.85379

2.57825
-2.57825
-2.28195
-2.75279
-2.85713
-3.24781
-3.00139
-2.88911
-2.93815
-2.99797
-2.74755
-2.68771
-2.63057
-2.83302
-3.13637
-3.38902
-2.80705
-3.8302
-3.64836
-3.19043
-2.85741
-2.85741

2.59152
-2.59152
-2.56635
-2.78323
-2.87207
-3.05012
-2.90122
-2.88072
-2.9527
-2.98455
-2.75203
-2.69869
-2.78264
-2.87574
-3.14381
-3.43823
-2.62545
-3.7847
-3.70673
-3.19358
-2.85999
-2.85999

2.60472
-2.60472
-2.77322
-2.82004
-2.87927
-2.90192
-2.84639
-2.85747
-2.90639
-2.92479
-2.75226
-2.71137
-2.90069
-2.93385
-3.14918
-3.48846
-3.29096
-3.8828
-3.74739
-3.19952
-2.86313
-2.86313

2.6161
-2.6161
-2.86714
-2.86283
-2.88487
-2.91048
-2.85425
-2.84426
-2.86441
-2.86737
-2.74748
-2.71918
-2.86925
-2.91171
-3.15191
-3.50457
-3.50075
-3.9878
-3.82418
-3.21516
-2.86672
-2.86672

2.62471
-2.62471
-2.88571
-2.89178
-2.89388
-2.97592
-2.87821
-2.83491
-2.83678
-2.82461
-2.74026
-2.7155
-2.82507
-2.87999
-3.15757
-3.71189
-3.58698
-4.1275
-3.90314
-3.23877
-2.87068
-2.87068

2.6314
-2.6314
-2.88142
-2.894
-2.90207
-2.98271
-2.89606
-2.8245
-2.72834
-2.78432
-2.73186
-2.70611
-2.77355
-2.80937
-3.18342
-3.49745
-3.58383
-4.31232
-4.05719
-3.27189
-2.87521
-2.87521

2.63734
-2.63734
-2.87579
-2.89039
-2.9153
-2.81026
-2.8803
-2.81053
-2.55445
-2.7407
-2.72242
-2.69426
-2.72271
-2.68298
-3.2102
-3.63658
-3.53524
-4.61269
-4.24317
-3.32408
-2.88085
-2.88085

2.64327
-2.64327
-2.87314
-2.88918
-2.934
-2.50627
-2.81985
-2.7948
-2.53759
-2.7156
-2.71391
-2.68138
-2.6759
-2.39402
-3.26035
-3.52183
-3.15519
-4.73733
-4.33203
-3.42642
-2.88842
-2.88842

2.64952
-2.64952
-2.87322
-2.89128
-2.94318
-2.81014
-2.81408
-2.78852
-2.59774
-2.71118
-2.70769
-2.6685
-2.6332
-1.894
-3.25204
-2.85865
-2.12267
-4.80735
-4.45641
-3.5345
-2.89693
-2.89693

2.65591
-2.65591
-2.8761
-2.89535
-2.95382
-3.07414
-2.89008
-2.80192
-2.65445
-2.71444
-2.70285
-2.65634
-2.6046
-2.06559
-3.05152
-1.92399
-0.405816
-4.5664
-4.45494
-3.53517
-2.9035
-2.9035

2.65995
-2.65995
-2.88033
-2.89803
-2.96696
-3.12539
-2.92802
-2.81663
-2.71028
-2.71987
-2.69623
-2.64343
-2.58398
-2.47185
-2.54745
-1.66142
1.40573
-4.24314
-4.44274
-3.50619
-2.9065
-2.9065

2.64829
-2.64829
-2.86772
-2.88489
-2.96564
-3.17271
-2.93899
-2.81428
-2.75241
-2.71182
-2.67492
-2.6184
-2.5524
-2.53572
-1.9996
-2.6528
2.75526
-3.89142
-4.39837
-3.45829
-2.8905
-2.8905

2.57313
-2.57313
-2.78251
-2.80202
-2.88914
-3.13028
-2.86646
-2.74056
-2.68772
-2.63899
-2.59841
-2.54386
-2.47687
-2.40193
-2.25113
-2.54198
3.50614
-3.79607
-4.31157
-3.34209
-2.80542
-2.80542

0
-2.57313
-2.78251
-2.80202
-2.88914
-3.13028
-2.86646
-2.74056
-2.68772
-2.63899
-2.59841
-2.54386
-2.47687
-2.40193
-2.25113
-2.54198
3.50614
-3.79607
-4.31157
-3.34209
-2.80542
0


0
2.70965
2.55961
2.9248
3.01878
2.5515
3.14966
3.06088
3.08467
3.07983
2.92458
2.8587
2.83293
2.99901
3.2582
3.50163
3.41517
3.93787
3.88883
3.43506
3.04297
0

2.70965
-2.70965
-2.55961
-2.9248
-3.01878
-2.5515
-3.14966
-3.06088
-3.08467
-3.07983
-2.92458
-2.8587
-2.83293
-2.99901
-3.2582
-3.50163
-3.41517
-3.93787
-3.88883
-3.43506
-3.04297
-3.04297

2.57935
-2.57935
-2.44184
-2.7783
-2.87483
-2.90516
-2.9628
-2.9042
-2.92702
-2.93148
-2.77582
-2.71624
-2.68464
-2.84597
-3.1045
-3.33663
-3.41073
-3.75292
-3.66168
-3.23887
-2.88292
-2.88292

2.58845
-2.58845
-2.48397
-2.78814
-2.87274
-3.1535
-2.98444
-2.90486
-2.92552
-2.94303
-2.777
-2.72116
-2.70497
-2.85024
-3.10905
-3.33739
-3.47789
-3.80438
-3.68332
-3.24213
-2.88607
-2.88607

2.60102
-2.60102
-2.60071
-2.80516
-2.88138
-3.22556
-2.96213
-2.89983
-2.92352
-2.94266
-2.77779
-2.72715
-2.75586
-2.8652
-3.10909
-3.34923
-3.05922
-3.82623
-3.72136
-3.24833
-2.88824
-2.88824

2.61575
-2.61575
-2.73029
-2.83276
-2.89396
-3.09136
-2.91715
-2.88679
-2.90628
-2.91849
-2.7773
-2.73437
-2.81911
-2.88508
-3.10616
-3.36098
-3.16645
-3.86175
-3.76792
-3.25924
-2.89117
-2.89117

2.62993
-2.62993
-2.82308
-2.86248
-2.90455
-2.97798
-2.89743
-2.87366
-2.87578
-2.88232
-2.77364
-2.739
-2.83153
-2.87828
-3.09861
-3.37608
-3.37196
-3.95793
-3.83559
-3.27488
-2.89456
-2.89456

2.64194
-2.64194
-2.87005
-2.88954
-2.91475
-2.96286
-2.90258
-2.86405
-2.84467
-2.84751
-2.76738
-2.73742
-2.80818
-2.84894
-3.0895
-3.43067
-3.49911
-4.09246
-3.91263
-3.29399
-2.89836
-2.89836

2.65169
-2.65169
-2.88813
-2.90468
-2.92497
-2.98298
-2.91557
-2.85572
-2.7947
-2.81569
-2.75965
-2.73039
-2.77527
-2.79435
-3.08584
-3.41554
-3.5645
-4.24875
-4.01265
-3.32105
-2.90286
-2.90286

2.6599
-2.6599
-2.8944
-2.91079
-2.93582
-2.95717
-2.91874
-2.84644
-2.71675
-2.78518
-2.75118
-2.7203
-2.73628
-2.70134
-3.08343
-3.39887
-3.56213
-4.37629
-4.11193
-3.36131
-2.90829
-2.90829

2.66734
-2.66734
-2.89752
-2.91425
-2.94872
-2.83776
-2.89559
-2.83642
-2.67055
-2.76137
-2.74295
-2.70872
-2.69621
-2.54729
-3.08044
-3.35382
-3.32639
-4.43193
-4.18629
-3.41391
-2.91479
-2.91479

2.67451
-2.67451
-2.90065
-2.91818
-2.96156
-2.7859
-2.86919
-2.83022
-2.68016
-2.7506
-2.73614
-2.69675
-2.65846
-2.33759
-3.05597
-2.98418
-2.54339
-4.44043
-4.24689
-3.48136
-2.92248
-2.92248

2.6814
-2.6814
-2.90455
-2.92303
-2.97365
-2.99389
-2.90546
-2.83569
-2.71205
-2.7492
-2.73061
-2.68498
-2.62809
-2.28043
-2.94496
-2.31904
-1.08256
-4.17627
-4.25915
-3.51991
-2.92955
-2.92955

2.68562
-2.68562
-2.90679
-2.92585
-2.98718
-3.09772
-2.94442
-2.84597
-2.74756
-2.75041
-2.72342
-2.67173
-2.60491
-2.40429
-2.67638
-1.9858
0.674091
-3.78536
-4.24534
-3.51991
-2.93248
-2.93248

2.67362
-2.67362
-2.89211
-2.91137
-2.98381
-3.13731
-2.9547
-2.84053
-2.76742
-2.738
-2.70149
-2.64569
-2.57407
-2.47669
-2.35298
-2.31773
1.92306
-3.4733
-4.20967
-3.48292
-2.91556
-2.91556

2.59747
-2.59747
-2.81062
-2.82858
-2.90549
-3.07859
-2.88129
-2.76534
-2.70768
-2.66408
-2.62395
-2.56945
-2.4999
-2.41594
-2.27335
-2.40203
2.53196
-3.35826
-4.10944
-3.36888
-2.82916
-2.82916

0
-2.59747
-2.81062
-2.82858
-2.90549
-3.07859
-2.88129
-2.76534
-2.70768
-2.66408
-2.62395
-2.56945
-2.4999
-2.41594
-2.27335
-2.40203
2.53196
-3.35826
-4.10944
-3.36888
-2.82916
0


0
2.73442
2.73151
2.96177
3.00406
2.97232
3.20556
3.08189
3.08383
3.07274
2.95045
2.8922
2.88796
3.01557
3.23833
3.44511
3.46322
3.94301
3.92004
3.47845
3.07166
0

2.73442
-2.73442
-2.73151
-2.96177
-3.00406
-2.97232
-3.20556
-3.08189
-3.08383
-3.07274
-2.95045
-2.8922
-2.88796
-3.01557
-3.23833
-3.44511
-3.46322
-3.94301
-3.92004
-3.47845
-3.07166
-3.07166

2.60174
-2.60174
-2.59244
-2.81015
-2.86978
-2.71468
-2.98116
-2.92104
-2.92882
-2.92286
-2.8018
-2.74791
-2.74007
-2.86571
-3.08463
-3.28641
-3.34686
-3.7377
-3.68947
-3.2807
-2.91015
-2.91015

2.60996
-2.60996
-2.62244
-2.81895
-2.88808
-2.62944
-2.93405
-2.91786
-2.92683
-2.92681
-2.80314
-2.75138
-2.74852
-2.86568
-3.08613
-3.29004
-3.41495
-3.76812
-3.70161
-3.28404
-2.91335
-2.91335

2.62081
-2.62081
-2.67746
-2.83236
-2.89757
-2.77188
-2.93661
-2.91496
-2.92134
-2.92497
-2.80267
-2.75452
-2.76867
-2.8676
-3.08168
-3.28735
-3.32757
-3.80415
-3.72913
-3.29041
-2.91547
-2.91547

2.63442
-2.63442
-2.75098
-2.85246
-2.90836
-2.97589
-2.94
-2.90918
-2.91072
-2.91331
-2.80145
-2.75825
-2.79667
-2.87012
-3.07321
-3.28353
-3.24963
-3.83434
-3.76943
-3.30124
-2.91829
-2.91829

2.6487
-2.6487
-2.81878
-2.8756
-2.92103
-3.01362
-2.9343
-2.9006
-2.89184
-2.89224
-2.79828
-2.76043
-2.81019
-2.86215
-3.06008
-3.2815
-3.31049
-3.88643
-3.81931
-3.31553
-2.92156
-2.92156

2.66197
-2.66197
-2.86655
-2.89821
-2.93356
-2.99781
-2.93314
-2.89236
-2.86794
-2.86753
-2.79301
-2.75896
-2.8003
-2.83747
-3.04301
-3.28334
-3.39644
-3.95638
-3.87608
-3.33331
-2.9253
-2.9253

2.6735
-2.6735
-2.89453
-2.91597
-2.9454
-2.99808
-2.93864
-2.88521
-2.83752
-2.84305
-2.78623
-2.75342
-2.77826
-2.79495
-3.02371
-3.27245
-3.46271
-4.02064
-3.93463
-3.35632
-2.92965
-2.92965

2.68343
-2.68343
-2.90978
-2.92762
-2.95658
-2.99767
-2.94318
-2.87839
-2.79805
-2.82007
-2.7787
-2.74492
-2.74934
-2.72884
-3.00035
-3.2337
-3.48453
-4.06378
-3.99107
-3.38641
-2.9348
-2.9348

2.69223
-2.69223
-2.91883
-2.93541
-2.96769
-2.95824
-2.93705
-2.87187
-2.76446
-2.80074
-2.77117
-2.73471
-2.71696
-2.63447
-2.9685
-3.16527
-3.34977
-4.09197
-4.04269
-3.42351
-2.94085
-2.94085

2.70039
-2.70039
-2.92548
-2.94181
-2.97941
-2.90412
-2.92412
-2.86762
-2.75584
-2.78868
-2.76448
-2.7238
-2.68453
-2.5208
-2.91737
-2.94318
-2.79672
-4.06493
-4.082
-3.46663
-2.94781
-2.94781

2.70793
-2.70793
-2.93121
-2.94785
-2.99182
-2.97249
-2.93416
-2.86937
-2.76814
-2.78395
-2.75872
-2.71273
-2.65555
-2.44625
-2.82017
-2.50419
-1.61375
-3.88668
-4.10825
-3.50331
-2.95475
-2.95475

2.71255
-2.71255
-2.93392
-2.95111
-3.00407
-3.06439
-2.96077
-2.87504
-2.78817
-2.78176
-2.75124
-2.69971
-2.63051
-2.45199
-2.64698
-2.13083
-0.039455
-3.51711
-4.10475
-3.51716
-2.95778
-2.95778

2.70062
-2.70062
-2.91897
-2.93654
-2.99936
-3.10754
-2.96841
-2.86633
-2.79456
-2.76612
-2.72895
-2.67338
-2.5984
-2.4731
-2.43416
-2.12966
1.12271
-3.16929
-4.06214
-3.49076
-2.9406
-2.9406

2.62416
-2.62416
-2.83775
-2.85379
-2.9206
-3.04665
-2.89536
-2.78982
-2.72995
-2.69027
-2.6506
-2.59604
-2.5237
-2.42715
-2.30006
-2.1986
1.58461
-3.04754
-3.96762
-3.38061
-2.85366
-2.85366

0
-2.62416
-2.83775
-2.85379
-2.9206
-3.04665
-2.89536
-2.78982
-2.72995
-2.69027
-2.6506
-2.59604
-2.5237
-2.42715
-2.30006
-2.1986
1.58461
-3.04754
-3.96762
-3.38061
-2.85366
0


0
2.76507
2.84366
2.9933
3.05103
2.97291
3.11789
3.08799
3.08835
3.07364
2.97399
2.92117
2.92355
3.02809
3.22251
3.40619
3.48976
3.93045
3.93225
3.51202
3.0982
0

2.76507
-2.76507
-2.84366
-2.9933
-3.05103
-2.97291
-3.11789
-3.08799
-3.08835
-3.07364
-2.97399
-2.92117
-2.92355
-3.02809
-3.22251
-3.40619
-3.48976
-3.93045
-3.93225
-3.51202
-3.0982
-3.0982

2.6302
-2.6302
-2.6954
-2.84096
-2.8885
-2.84088
-2.99085
-2.93743
-2.93428
-2.92221
-2.82471
-2.77566
-2.77701
-2.87931
-3.06868
-3.24742
-3.33637
-3.72102
-3.70348
-3.31373
-2.93549
-2.93549

2.63798
-2.63798
-2.7154
-2.84903
-2.89886
-2.82117
-2.97082
-2.93752
-2.93452
-2.92533
-2.82692
-2.77886
-2.78097
-2.87887
-3.06934
-3.25075
-3.36777
-3.73729
-3.71064
-3.31732
-2.9393
-2.9393

2.64754
-2.64754
-2.74754
-2.86015
-2.9114
-2.82461
-2.95125
-2.93353
-2.92983
-2.92324
-2.8265
-2.78064
-2.78878
-2.87562
-3.0627
-3.24404
-3.35969
-3.75972
-3.7296
-3.32319
-2.9417
-2.9417

2.65961
-2.65961
-2.79145
-2.87586
-2.92422
-2.89173
-2.94934
-2.92936
-2.9219
-2.91601
-2.8251
-2.78234
-2.80015
-2.87061
-3.05098
-3.23168
-3.30939
-3.77962
-3.75883
-3.33299
-2.94456
-2.94456

2.67285
-2.67285
-2.83783
-2.89443
-2.93748
-2.96472
-2.95308
-2.92408
-2.9093
-2.90291
-2.82221
-2.78285
-2.80675
-2.85947
-3.03388
-3.21542
-3.29335
-3.79788
-3.79374
-3.34596
-2.94777
-2.94777

2.68594
-2.68594
-2.87732
-2.91348
-2.95088
-2.99868
-2.95671
-2.91817
-2.89245
-2.88589
-2.81768
-2.78095
-2.8013
-2.8375
-3.01123
-3.19473
-3.31279
-3.81625
-3.83154
-3.36211
-2.95141
-2.95141

2.69803
-2.69803
-2.9061
-2.93054
-2.96366
-3.01082
-2.96104
-2.91248
-2.87206
-2.8676
-2.81182
-2.77613
-2.78568
-2.80272
-2.98281
-3.16389
-3.33615
-3.82919
-3.86955
-3.38202
-2.95562
-2.95562

2.70886
-2.70886
-2.92545
-2.94412
-2.97545
-3.01523
-2.96499
-2.90728
-2.84859
-2.84991
-2.8052
-2.76883
-2.76348
-2.75292
-2.94683
-3.10954
-3.33583
-3.83504
-3.90785
-3.40642
-2.96055
-2.96055

2.71861
-2.71861
-2.93854
-2.95453
-2.98649
-3.00511
-2.96526
-2.90282
-2.82691
-2.83449
-2.79848
-2.75988
-2.7373
-2.68737
-2.89926
-3.01905
-3.23978
-3.8312
-3.9459
-3.43542
-2.96631
-2.96631

2.7276
-2.7276
-2.94818
-2.96301
-2.99755
-2.98515
-2.96231
-2.90012
-2.81591
-2.8234
-2.7923
-2.75012
-2.70973
-2.61189
-2.83294
-2.84116
-2.85936
-3.78803
-3.98011
-3.4677
-2.9729
-2.9729

2.73586
-2.73586
-2.95586
-2.97036
-3.00936
-3.00129
-2.96622
-2.90082
-2.81817
-2.81733
-2.78678
-2.73999
-2.68324
-2.54703
-2.73597
-2.52887
-1.97042
-3.63979
-4.0055
-3.49826
-2.97968
-2.97968

2.74106
-2.74106
-2.95968
-2.97436
-3.02021
-3.05453
-2.98108
-2.90345
-2.82745
-2.81297
-2.77944
-2.72766
-2.65812
-2.51409
-2.59952
-2.19281
-0.661265
-3.33634
-4.00795
-3.51564
-2.98288
-2.98288

2.72956
-2.72956
-2.94521
-2.96021
-3.01417
-3.08876
-2.98309
-2.89194
-2.8244
-2.79511
-2.75718
-2.70163
-2.62495
-2.49777
-2.44371
-2.04192
0.437507
-3.00436
-3.97118
-3.49688
-2.9659
-2.9659

2.65324
-2.65324
-2.86431
-2.87794
-2.93552
-3.02863
-2.90983
-2.81432
-2.75482
-2.71769
-2.67838
-2.62368
-2.54893
-2.44312
-2.31766
-2.03357
0.802255
-2.85449
-3.87364
-3.39249
-2.87902
-2.87902

0
-2.65324
-2.86431
-2.87794
-2.93552
-3.02863
-2.90983
-2.81432
-2.75482
-2.71769
-2.67838
-2.62368
-2.54893
-2.44312
-2.31766
-2.03357
0.802255
-2.85449
-3.87364
-3.39249
-2.87902
0


0
2.79857
2.91835
3.02234
3.06765
3.01958
3.12754
3.10474
3.09837
3.08107
2.99572
2.94648
2.9495
3.03949
3.21295
3.38146
3.4982
3.91209
3.93404
3.53671
3.12255
0

2.79857
-2.79857
-2.91835
-3.02234
-3.06765
-3.01958
-3.12754
-3.10474
-3.09837
-3.08107
-2.99572
-2.94648
-2.9495
-3.03949
-3.21295
-3.38146
-3.4982
-3.91209
-3.93404
-3.53671
-3.12255
-3.12255

2.66209
-2.66209
-2.76765
-2.8689
-2.91101
-2.8731
-2.97804
-2.94975
-2.94318
-2.92801
-2.8457
-2.80011
-2.80348
-2.8907
-3.05822
-3.22036
-3.33076
-3.70203
-3.70867
-3.33874
-2.95892
-2.95892

2.67034
-2.67034
-2.78256
-2.87759
-2.91868
-2.88386
-2.98418
-2.9548
-2.94612
-2.9322
-2.84947
-2.80423
-2.80711
-2.89147
-3.05959
-3.22355
-3.34556
-3.71113
-3.71499
-3.34389
-2.96425
-2.96425

2.67911
-2.67911
-2.80426
-2.88747
-2.92885
-2.88728
-2.97558
-2.9534
-2.94327
-2.93082
-2.84962
-2.80563
-2.81003
-2.8867
-3.05212
-3.21484
-3.34256
-3.72043
-3.72805
-3.34951
-2.96715
-2.96715

2.68984
-2.68984
-2.83338
-2.90054
-2.94125
-2.91107
-2.97011
-2.95018
-2.9373
-2.9257
-2.84841
-2.80629
-2.81378
-2.87858
-3.03855
-3.19763
-3.31353
-3.72731
-3.74889
-3.35843
-2.97014
-2.97014

2.70176
-2.70176
-2.86599
-2.91592
-2.95451
-2.953
-2.97138
-2.9462
-2.92808
-2.91661
-2.84578
-2.80575
-2.81503
-2.86539
-3.01878
-3.17247
-3.27786
-3.72761
-3.77429
-3.3703
-2.97331
-2.97331

2.71399
-2.71399
-2.89701
-2.93217
-2.96794
-2.9906
-2.97575
-2.9418
-2.91584
-2.90436
-2.84177
-2.80341
-2.80984
-2.84454
-2.99237
-3.13867
-3.25191
-3.72188
-3.80213
-3.38507
-2.97685
-2.97685

2.72579
-2.72579
-2.92291
-2.94772
-2.98088
-3.01412
-2.98066
-2.93741
-2.90132
-2.89051
-2.83663
-2.7989
-2.79747
-2.8143
-2.95849
-3.09232
-3.22742
-3.71057
-3.8315
-3.40295
-2.9809
-2.9809

2.73678
-2.73678
-2.94282
-2.96136
-2.99293
-3.02622
-2.98502
-2.93341
-2.88558
-2.87665
-2.83082
-2.79242
-2.77946
-2.77364
-2.91537
-3.02433
-3.18442
-3.69248
-3.86249
-3.42424
-2.98565
-2.98565

2.74695
-2.74695
-2.95776
-2.97281
-3.00414
-3.02916
-2.98789
-2.93023
-2.871
-2.86424
-2.82489
-2.78452
-2.75765
-2.72272
-2.85979
-2.92137
-3.07805
-3.66169
-3.89461
-3.44892
-2.99123
-2.99123

2.75649
-2.75649
-2.96934
-2.98256
-3.01507
-3.0269
-2.9896
-2.92858
-2.86174
-2.85468
-2.81941
-2.77588
-2.73396
-2.66497
-2.78693
-2.75686
-2.79113
-3.59922
-3.92556
-3.47607
-2.99769
-2.99769

2.76537
-2.76537
-2.97863
-2.991
-3.02638
-3.03484
-2.99382
-2.92925
-2.86032
-2.84864
-2.81449
-2.76686
-2.71017
-2.60917
-2.69117
-2.50536
-2.14341
-3.46422
-3.95022
-3.50277
-3.00452
-3.00452

2.77131
-2.77131
-2.9837
-2.99589
-3.03622
-3.06332
-3.00281
-2.93046
-2.86357
-2.84342
-2.80773
-2.7556
-2.68615
-2.5656
-2.57221
-2.21498
-1.11352
-3.21915
-3.95767
-3.52059
-3.0081
-3.0081

2.76059
-2.76059
-2.97022
-2.98255
-3.02921
-3.08364
-2.99966
-2.91725
-2.85455
-2.82449
-2.78604
-2.73044
-2.65293
-2.53017
-2.44544
-2.0142
-0.134874
-2.92655
-3.92717
-3.50594
-2.99173
-2.99173

2.68489
-2.68489
-2.89028
-2.90131
-2.95107
-3.02193
-2.92564
-2.83911
-2.78166
-2.74631
-2.70734
-2.6525
-2.57591
-2.46464
-2.33157
-1.94153
0.229566
-2.75219
-3.82681
-3.40617
-2.90555
-2.90555

0
-2.68489
-2.89028
-2.90131
-2.95107
-3.02193
-2.92564
-2.83911
-2.78166
-2.74631
-2.70734
-2.6525
-2.57591
-2.46464
-2.33157
-1.94153
0.229566
-2.75219
-3.82681
-3.40617
-2.90555
0


0
2.83278
2.96818
3.04703
3.08681
3.05445
3.13876
3.12068
3.11116
3.09282
3.01561
2.9684
2.96974
3.05105
3.21055
3.36972
3.49993
3.89512
3.9297
3.55332
3.14453
0

2.83278
-2.83278
-2.96818
-3.04703
-3.08681
-3.05445
-3.13876
-3.12068
-3.11116
-3.09282
-3.01561
-2.9684
-2.96974
-3.05105
-3.21055
-3.36972
-3.49993
-3.89512
-3.9297
-3.55332
-3.14453
-3.14453

2.69599
-2.69599
-2.81804
-2.89378
-2.93134
-2.90194
-2.98356
-2.96412
-2.95509
-2.93857
-2.86531
-2.8219
-2.82428
-2.90185
-3.05407
-3.20481
-3.32496
-3.68479
-3.70811
-3.35643
-2.98061
-2.98061

2.70586
-2.70586
-2.83242
-2.90454
-2.94117
-2.9161
-2.994
-2.972
-2.96106
-2.9451
-2.87162
-2.82824
-2.82985
-2.90511
-3.05762
-3.20935
-3.33417
-3.69379
-3.71819
-3.36532
-2.98873
-2.98873

2.71429
-2.71429
-2.84929
-2.91394
-2.94993
-2.92587
-2.99425
-2.97281
-2.95978
-2.94459
-2.87252
-2.82984
-2.83127
-2.90031
-3.05009
-3.19941
-3.3266
-3.69647
-3.72901
-3.37137
-2.99232
-2.99232

2.72395
-2.72395
-2.871
-2.92535
-2.96076
-2.9409
-2.99169
-2.97087
-2.95515
-2.94057
-2.87157
-2.83004
-2.83169
-2.89104
-3.03552
-3.17925
-3.30111
-3.6957
-3.7458
-3.37989
-2.99542
-2.99542

2.73459
-2.73459
-2.89567
-2.9385
-2.9729
-2.96605
-2.99159
-2.96764
-2.94776
-2.93341
-2.86913
-2.82888
-2.8299
-2.8768
-3.01408
-3.14889
-3.26031
-3.68842
-3.76698
-3.3911
-2.99852
-2.99852

2.74569
-2.74569
-2.92047
-2.95255
-2.98551
-2.99483
-2.99454
-2.96396
-2.93808
-2.92376
-2.86545
-2.82618
-2.82396
-2.85631
-2.98536
-3.10729
-3.21158
-3.67373
-3.79117
-3.40505
-3.00189
-3.00189

2.75669
-2.75669
-2.94286
-2.96642
-2.9979
-3.01884
-2.99891
-2.96028
-2.92683
-2.91265
-2.8608
-2.82176
-2.8129
-2.82844
-2.9484
-3.0512
-3.15321
-3.65146
-3.81773
-3.42182
-3.00575
-3.00575

2.76725
-2.76725
-2.96161
-2.97926
-3.00963
-3.03505
-3.00334
-2.95701
-2.91506
-2.90132
-2.85558
-2.81578
-2.79727
-2.79261
-2.90161
-2.97397
-3.07175
-3.61954
-3.8464
-3.44152
-3.0103
-3.0103

2.7773
-2.7773
-2.97676
-2.99068
-3.02068
-3.04439
-3.00723
-2.95458
-2.90439
-2.89101
-2.85031
-2.80865
-2.77829
-2.74924
-2.84248
-2.86484
-2.93722
-3.57196
-3.87659
-3.4641
-3.01574
-3.01574

2.78699
-2.78699
-2.98915
-3.00086
-3.03148
-3.05019
-3.01096
-2.95361
-2.89713
-2.8829
-2.84552
-2.80098
-2.75743
-2.70048
-2.76778
-2.70738
-2.68038
-3.4955
-3.90655
-3.48895
-3.02218
-3.02218

2.79633
-2.79633
-2.9995
-3.00999
-3.04255
-3.05958
-3.01626
-2.95461
-2.89501
-2.87755
-2.8414
-2.79311
-2.73606
-2.6509
-2.67485
-2.48755
-2.18294
-3.36556
-3.93228
-3.51404
-3.02928
-3.02928

2.8031
-2.8031
-3.0058
-3.01581
-3.05198
-3.07837
-3.02337
-2.95558
-2.89582
-2.87258
-2.83566
-2.78323
-2.71381
-2.60587
-2.5663
-2.23066
-1.38965
-3.15864
-3.94411
-3.53224
-3.03357
-3.03357

2.79359
-2.79359
-2.99376
-3.00371
-3.04477
-3.08887
-3.01747
-2.94202
-2.88404
-2.85386
-2.81522
-2.75959
-2.68167
-2.56284
-2.4549
-2.02007
-0.556342
-2.90585
-3.9193
-3.52024
-3.01837
-3.01837

2.71929
-2.71929
-2.91565
-2.92429
-2.96789
-3.02503
-2.94339
-2.86447
-2.81003
-2.77615
-2.73756
-2.68262
-2.60473
-2.49053
-2.34818
-1.90958
-0.158127
-2.71873
-3.8184
-3.42436
-2.9338
-2.9338

0
-2.71929
-2.91565
-2.92429
-2.96789
-3.02503
-2.94339
-2.86447
-2.81003
-2.77615
-2.73756
-2.68262
-2.60473
-2.49053
-2.34818
-1.90958
-0.158127
-2.71873
-3.8184
-3.42436
-2.9338
0


0
2.86466
2.99911
3.06616
3.10229
3.07491
3.15139
3.13481
3.12413
3.10567
3.03233
2.98609
2.98539
3.06236
3.21393
3.36815
3.5009
3.88052
3.91934
3.56142
3.16293
0

2.86466
-2.86466
-2.99911
-3.06616
-3.10229
-3.07491
-3.15139
-3.13481
-3.12413
-3.10567
-3.03233
-2.98609
-2.98539
-3.06236
-3.21393
-3.36815
-3.5009
-3.88052
-3.91934
-3.56142
-3.16293
-3.16293

2.73173
-2.73173
-2.85379
-2.91678
-2.9507
-2.92581
-2.99754
-2.98066
-2.97055
-2.95383
-2.88521
-2.84296
-2.84351
-2.91567
-3.05853
-3.20258
-3.32454
-3.67331
-3.70373
-3.36891
-3.00235
-3.00235

2.7434
-2.7434
-2.86974
-2.92993
-2.96329
-2.94104
-3.00941
-2.99077
-2.97902
-2.96261
-2.89397
-2.85165
-2.85148
-2.92131
-3.06415
-3.20852
-3.33299
-3.68609
-3.71963
-3.38206
-3.01324
-3.01324

2.75179
-2.75179
-2.885
-2.93939
-2.97201
-2.95241
-3.01207
-2.99257
-2.97869
-2.96275
-2.89556
-2.85374
-2.85291
-2.91698
-3.05688
-3.19809
-3.3228
-3.6885
-3.73189
-3.38945
-3.01758
-3.01758

2.76066
-2.76066
-2.90335
-2.94981
-2.98173
-2.96614
-3.0115
-2.99126
-2.97468
-2.95915
-2.89477
-2.85375
-2.85214
-2.90737
-3.04186
-3.17645
-3.29646
-3.68647
-3.74855
-3.3983
-3.02077
-3.02077

2.77019
-2.77019
-2.92387
-2.96141
-2.99253
-2.98538
-3.01138
-2.98837
-2.968
-2.95268
-2.89238
-2.85221
-2.84889
-2.89262
-3.01954
-3.14355
-3.2538
-3.67829
-3.76935
-3.40948
-3.02372
-3.02372

2.78012
-2.78012
-2.94476
-2.97372
-3.00385
-3.00801
-3.01325
-2.98487
-2.95938
-2.9441
-2.88878
-2.84918
-2.84217
-2.87209
-2.98961
-3.09809
-3.1964
-3.66248
-3.79338
-3.42322
-3.02685
-3.02685

2.79005
-2.79005
-2.96419
-2.98599
-3.01509
-3.02897
-3.01655
-2.98136
-2.94955
-2.93427
-2.8843
-2.84466
-2.83134
-2.84508
-2.95116
-3.03702
-3.12114
-3.63765
-3.81996
-3.43958
-3.03042
-3.03042

2.79974
-2.79974
-2.98109
-2.99756
-3.02587
-3.04502
-3.02032
-2.97824
-2.93954
-2.92425
-2.87934
-2.8388
-2.81669
-2.81133
-2.90277
-2.95478
-3.0158
-3.60091
-3.84861
-3.45862
-3.03465
-3.03465

2.80912
-2.80912
-2.99532
-3.00815
-3.03617
-3.05609
-3.02407
-2.97601
-2.93069
-2.91514
-2.8744
-2.83201
-2.79914
-2.77137
-2.84244
-2.84292
-2.85569
-3.54633
-3.87868
-3.48025
-3.03978
-3.03978

2.8184
-2.8184
-3.00742
-3.01792
-3.04641
-3.06479
-3.02825
-2.97526
-2.92474
-2.90799
-2.87004
-2.82489
-2.77993
-2.72692
-2.76789
-2.69011
-2.59462
-3.46341
-3.9089
-3.50413
-3.04605
-3.04605

2.82774
-2.82774
-3.01803
-3.02712
-3.05715
-3.07599
-3.03414
-2.97654
-2.92298
-2.90342
-2.86658
-2.81789
-2.76028
-2.68113
-2.67788
-2.48839
-2.16119
-3.336
-3.93628
-3.52881
-3.05334
-3.05334

2.83524
-2.83524
-3.02534
-3.03374
-3.06671
-3.09274
-3.04127
-2.97803
-2.92361
-2.89941
-2.86209
-2.80946
-2.73988
-2.6375
-2.57602
-2.25496
-1.51635
-3.15104
-3.95223
-3.54801
-3.0586
-3.0586

2.82763
-2.82763
-3.01544
-3.02362
-3.06061
-3.09991
-3.03549
-2.96574
-2.91208
-2.88241
-2.84386
-2.78818
-2.70999
-2.59339
-2.47345
-2.04948
-0.808569
-2.9295
-3.9335
-3.53889
-3.04555
-3.04555

2.75654
-2.75654
-2.94084
-2.94768
-2.98672
-3.03647
-2.96357
-2.89092
-2.83992
-2.80741
-2.76923
-2.71419
-2.6354
-2.51974
-2.37126
-1.92218
-0.390518
-2.74379
-3.83624
-3.44757
-2.96442
-2.96442

0
-2.75654
-2.94084
-2.94768
-2.98672
-3.03647
-2.96357
-2.89092
-2.83992
-2.80741
-2.76923
-2.71419
-2.6354
-2.51974
-2.37126
-1.92218
-0.390518
-2.74379
-3.83624
-3.44757
-2.96442
0


0
2.65535
2.77939
2.84118
2.87448
2.84795
2.92202
2.90638
2.89584
2.87768
2.80672
2.76128
2.7591
2.83369
2.97954
3.12969
3.25974
3.62202
3.65979
3.32087
2.93804
0

2.65535
-2.86466
-2.99911
-3.06616
-3.10229
-3.07491
-3.15139
-3.13481
-3.12413
-3.10567
-3.03233
-2.98609
-2.98539
-3.06236
-3.21393
-3.36815
-3.5009
-3.88052
-3.91934
-3.56142
-3.16293
-2.93804

2.54125
-2.73173
-2.85379
-2.91678
-2.9507
-2.92581
-2.99754
-2.98066
-2.97055
-2.95383
-2.88521
-2.84296
-2.84351
-2.91567
-3.05853
-3.20258
-3.32454
-3.67331
-3.70373
-3.36891
-3.00235
-2.79961

2.5513
-2.7434
-2.86974
-2.92993
-2.96329
-2.94104
-3.00941
-2.99077
-2.97902
-2.96261
-2.89397
-2.85165
-2.85148
-2.92131
-3.06415
-3.20852
-3.33299
-3.68609
-3.71963
-3.38206
-3.01324
-2.80863

2.55885
-2.75179
-2.885
-2.93939
-2.97201
-2.95241
-3.01207
-2.99257
-2.97869
-2.96275
-2.89556
-2.85374
-2.85291
-2.91698
-3.05688
-3.19809
-3.3228
-3.6885
-3.73189
-3.38945
-3.01758
-2.81233

2.56686
-2.76066
-2.90335
-2.94981
-2.98173
-2.96614
-3.0115
-2.99126
-2.97468
-2.95915
-2.89477
-2.85375
-2.85214
-2.90737
-3.04186
-3.17645
-3.29646
-3.68647
-3.74855
-3.3983
-3.02077
-2.81508

2.57545
-2.77019
-2.92387
-2.96141
-2.99253
-2.98538
-3.01138
-2.98837
-2.968
-2.95268
-2.89238
-2.85221
-2.84889
-2.89262
-3.01954
-3.14355
-3.2538
-3.67829
-3.76935
-3.40948
-3.02372
-2.81763

2.58434
-2.78012
-2.94476
-2.97372
-3.00385
-3.00801
-3.01325
-2.98487
-2.95938
-2.9441
-2.88878
-2.84918
-2.84217
-2.87209
-2.98961
-3.09809
-3.1964
-3.66248
-3.79338
-3.42322
-3.02685
-2.82034

2.59318
-2.79005
-2.96419
-2.98599
-3.01509
-3.02897
-3.01655
-2.98136
-2.94955
-2.93427
-2.8843
-2.84466
-2.83134
-2.84508
-2.95116
-3.03702
-3.12114
-3.63765
-3.81996
-3.43958
-3.03042
-2.82344

2.60174
-2.79974
-2.98109
-2.99756
-3.02587
-3.04502
-3.02032
-2.97824
-2.93954
-2.92425
-2.87934
-2.8388
-2.81669
-2.81133
-2.90277
-2.95478
-3.0158
-3.60091
-3.84861
-3.45862
-3.03465
-2.82711

2.60999
-2.80912
-2.99532
-3.00815
-3.03617
-3.05609
-3.02407
-2.97601
-2.93069
-2.91514
-2.8744
-2.83201
-2.79914
-2.77137
-2.84244
-2.84292
-2.85569
-3.54633
-3.87868
-3.48025
-3.03978
-2.83156

2.6181
-2.8184
-3.00742
-3.01792
-3.04641
-3.06479
-3.02825
-2.97526
-2.92474
-2.90799
-2.87004
-2.82489
-2.77993
-2.72692
-2.76789
-2.69011
-2.59462
-3.46341
-3.9089
-3.50413
-3.04605
-2.83701

2.62626
-2.82774
-3.01803
-3.02712
-3.05715
-3.07599
-3.03414
-2.97654
-2.92298
-2.90342
-2.86658
-2.81789
-2.76028
-2.68113
-2.67788
-2.48839
-2.16119
-3.336
-3.93628
-3.52881
-3.05334
-2.84342

2.63309
-2.83524
-3.02534
-3.03374
-3.06671
-3.09274
-3.04127
-2.97803
-2.92361
-2.89941
-2.86209
-2.80946
-2.73988
-2.6375
-2.57602
-2.25496
-1.51635
-3.15104
-3.95223
-3.54801
-3.0586
-2.84845

2.62753
-2.82763
-3.01544
-3.02362
-3.06061
-3.09991
-3.03549
-2.96574
-2.91208
-2.88241
-2.84386
-2.78818
-2.70999
-2.59339
-2.47345
-2.04948
-0.808569
-2.9295
-3.9335
-3.53889
-3.04555
-2.83829

2.5653
-2.75654
-2.94084
-2.94768
-2.98672
-3.03647
-2.96357
-2.89092
-2.83992
-2.80741
-2.76923
-2.71419
-2.6354
-2.51974
-2.37126
-1.92218
-0.390518
-2.74379
-3.83624
-3.44757
-2.96442
-2.76675

0
-2.5653
-2.73598
-2.74184
-2.77753
-2.82341
-2.75568
-2.68828
-2.64081
-2.60945
-2.57159
-2.51629
-2.4366
-2.31998
-2.16786
-1.73324
-0.266051
-2.58026
-3.63561
-3.2438
-2.76675
0


0
0
0
0
0
0
0
0
0
0
0
0
0
0
0
0
0
0
0
0
0
0

0
0
0
0
0
0
0
0
0
0
0
0
0
0
0
0
0
0
0
0
0
0

0
0
0
0
0
0
0
0
0
0
0
0
0
0
0
0
0
0
0
0
0
0

0
0
0
0
0
0
0
0
0
0
0
0
0
0
0
0
0
0
0
0
0
0

0
0
0
0
0
0
0
0
0
0
0
0
0
0
0
0
0
0
0
0
0
0

0
0
0
0
0
0
0
0
0
0
0
0
0
0
0
0
0
0
0
0
0
0

0
0
0
0
0
0
0
0
0
0
0
0
0
0
0
0
0
0
0
0
0
0

0
0
0
0
0
0
0
0
0
0
0
0
0
0
0
0
0
0
0
0
0
0

0
0
0
0
0
0
0
0
0
0
0
0
0
0
0
0
0
0
0
0
0
0

0
0
0
0
0
0
0
0
0
0
0
0
0
0
0
0
0
0
0
0
0
0

0
0
0
0
0
0
0
0
0
0
0
0
0
0
0
0
0
0
0
0
0
0

0
0
0
0
0
0
0
0
0
0
0
0
0
0
0
0
0
0
0
0
0
0

0
0
0
0
0
0
0
0
0
0
0
0
0
0
0
0
0
0
0
0
0
0

0
0
0
0
0
0
0
0
0
0
0
0
0
0
0
0
0
0
0
0
0
0

0
0
0
0
0
0
0
0
0
0
0
0
0
0
0
0
0
0
0
0
0
0

0
0
0
0
0
0
0
0
0
0
0
0
0
0
0
0
0
0
0
0
0
0

0
0
0
0
0
0
0
0
0
0
0
0
0
0
0
0
0
0
0
0
0
0


