0
0
0
0
0
-0.111864
0
0
0
0
0
0
0
0
0
0
0
0
0
0
0
0

0
-0.105885
-0.120708
-0.123411
-0.112023
-0.0843161
-0.0672711
-0.135487
0.00462033
-0.731336
-0.0563416
-0.0893654
-0.337116
-0.0256231
-0.180303
-0.267596
0.22209
-0.0428179
-0.0637626
-0.0975539
-0.113955
0

0
-0.141121
-0.131911
-0.182511
-0.170315
-0.0811813
0
-0.212875
-0.0325359
-0.420861
-0.156212
-0.125033
-0.76231
-0.0688755
-0.216645
-0.495223
0.925014
-0.157499
-0.0595372
-0.131796
-0.162555
0

0
-0.180453
-0.178918
-0.245703
-0.219208
0
-0.149811
-0.264984
0
-0.420459
-0.23432
-0.219753
-0.564633
-0.178265
-0.274078
-0.486255
0.200769
0.0212423
-0.0237857
-0.166435
-0.210936
0

0
-0.222133
-0.222477
-0.328406
-0.264527
-0.0860064
-0.208087
-0.312566
-0.107107
-0.424419
-0.303335
-0.306979
-0.613144
-0.315009
-0.331774
-0.411657
0.0199278
0.166961
0.0173842
-0.205294
-0.259099
0

0
-0.267298
-0.278394
-0.339657
-0.328406
-0.0953256
-0.264496
-0.368765
-0.137134
-0.460411
-0.357743
-0.370665
-0.414677
-0.575886
-0.400575
-0.561157
-0.164114
0.30314
0.0173842
-0.249623
-0.306986
0

0
-0.314276
-0.335408
-0.379413
-0.394495
-0.0927485
-0.319203
-0.43535
-0.142184
-0.500092
-0.419768
-0.434048
-0.497875
-0.625815
-0.463514
-0.480928
-0.352682
0.426738
0.187825
-0.341542
-0.354439
0

0
-0.362291
-0.391779
-0.421724
-0.465646
-0.0855265
-0.373436
-0.506341
0
-0.556019
-0.47696
-0.495737
-0.569157
-0.69753
-0.526555
-0.43344
-0.53176
0.56822
0.327774
-0.449627
-0.401519
0

0
-0.410956
-0.447099
-0.465857
-0.540785
-0.0797685
-0.430379
-0.528553
-0.309103
-0.56058
-0.526539
-0.555374
-0.642019
-0.771726
-0.734526
-0.23876
-0.718678
0.737163
0.489327
-0.674087
-0.448467
0

0
-0.46007
-0.501336
-0.512205
-0.607944
-0.104061
-0.481752
-0.556579
-0.429944
-0.583289
-0.573599
-0.613144
-0.713783
-0.872323
-0.675054
-0.248825
-0.983575
0.925014
0.632832
-0.60556
-0.49661
0

0
-0.509541
-0.554408
-0.562658
-0.596986
-0.203119
-0.472935
-0.581377
-0.532483
-0.613277
-0.619884
-0.667819
-0.779812
-1.03179
-0.684932
-0.193395
-1.36377
1.40583
0.811994
-0.674087
-0.544514
0

0
-0.559384
-0.606139
-0.610848
-0.60544
-0.252404
-0.504404
-0.602906
-0.623261
-0.646789
-0.673537
-0.711879
-0.823125
-1.14248
-0.654323
-0.181829
-1.90675
1.81726
0.97209
-0.779
-0.592013
0

0
-0.609954
-0.655346
-0.658089
-0.629425
-0.283517
-0.541
-0.634226
-0.731336
-0.682872
-0.717671
-0.76231
-0.87646
-1.27082
-0.582647
0
-2.54732
2.31275
1.1618
-0.918079
-0.639029
0

0
-0.662105
-0.705931
-0.707938
-0.663921
-0.291024
-0.582189
-0.68156
-0.740246
-0.732649
-0.769701
-0.803359
-0.93029
-1.37441
0
-0.92943
-3.38123
3.07483
1.38444
-1.09411
-0.685621
0

0
-0.714263
-0.753387
-0.757558
-0.709421
-0.270733
-0.629299
-0.731336
-0.784835
-0.78029
-0.813304
-0.849785
-0.976476
-1.33022
-0.520058
-0.926444
-4.59088
4.01344
1.67001
-1.32067
-0.732349
0

0
-0.714263
-0.753387
-0.757558
-0.709421
-0.135487
-0.629299
-0.731336
-0.784835
-0.78029
-0.813304
-0.849785
-0.976476
-1.33022
-0.520058
-0.926444
-4.59088
4.01344
1.67001
-1.32067
-0.732349
0

0
0
0
0
0
0
0
0
0
0
0
0
0
0
0
0
0
0
0
0
0
0


0
0
0
0
0
0
0
0
0
0
0
0
0
0
0
0
0
0
0
0
0
-0.49661

0.105885
-0.105885
-0.120708
-0.123411
-0.112023
-0.0843161
-0.0672711
-0.135487
0.00462033
-0.731336
-0.0563416
-0.0893654
-0.337116
-0.0256231
-0.180303
-0.267596
0.22209
-0.0428179
-0.0637626
-0.0975539
-0.113955
-0.113955

0.141121
-0.141121
-0.131911
-0.182511
-0.170315
-0.0811813
0
-0.212875
-0.0325359
-0.420861
-0.156212
-0.125033
-0.76231
-0.0688755
-0.216645
-0.495223
0.925014
-0.157499
-0.0595372
-0.131796
-0.162555
-0.162555

0.180453
-0.180453
-0.178918
-0.245703
-0.219208
0
-0.149811
-0.264984
0
-0.420459
-0.23432
-0.219753
-0.564633
-0.178265
-0.274078
-0.486255
0.200769
0.0212423
-0.0237857
-0.166435
-0.210936
-0.210936

0.222133
-0.222133
-0.222477
-0.328406
-0.264527
-0.0860064
-0.208087
-0.312566
-0.107107
-0.424419
-0.303335
-0.306979
-0.613144
-0.315009
-0.331774
-0.411657
0.0199278
0.166961
0.0173842
-0.205294
-0.259099
-0.259099

0.267298
-0.267298
-0.278394
-0.339657
-0.328406
-0.0953256
-0.264496
-0.368765
-0.137134
-0.460411
-0.357743
-0.370665
-0.414677
-0.575886
-0.400575
-0.561157
-0.164114
0.30314
0.0173842
-0.249623
-0.306986
-0.306986

0.314276
-0.314276
-0.335408
-0.379413
-0.394495
-0.0927485
-0.319203
-0.43535
-0.142184
-0.500092
-0.419768
-0.434048
-0.497875
-0.625815
-0.463514
-0.480928
-0.352682
0.426738
0.187825
-0.341542
-0.354439
-0.354439

0.362291
-0.362291
-0.391779
-0.421724
-0.465646
-0.0855265
-0.373436
-0.506341
0
-0.556019
-0.47696
-0.495737
-0.569157
-0.69753
-0.526555
-0.43344
-0.53176
0.56822
0.327774
-0.449627
-0.401519
-0.401519

0.410956
-0.410956
-0.447099
-0.465857
-0.540785
-0.0797685
-0.430379
-0.528553
-0.309103
-0.56058
-0.526539
-0.555374
-0.642019
-0.771726
-0.734526
-0.23876
-0.718678
0.737163
0.489327
-0.674087
-0.448467
-0.448467

0.46007
-0.46007
-0.501336
-0.512205
-0.607944
-0.104061
-0.481752
-0.556579
-0.429944
-0.583289
-0.573599
-0.613144
-0.713783
-0.872323
-0.675054
-0.248825
-0.983575
0.925014
0.632832
-0.60556
-0.49661
-0.49661

0.509541
-0.509541
-0.554408
-0.562658
-0.596986
-0.203119
-0.472935
-0.581377
-0.532483
-0.613277
-0.619884
-0.667819
-0.779812
-1.03179
-0.684932
-0.193395
-1.36377
1.40583
0.811994
-0.674087
-0.544514
-0.544514

0.559384
-0.559384
-0.606139
-0.610848
-0.60544
-0.252404
-0.504404
-0.602906
-0.623261
-0.646789
-0.673537
-0.711879
-0.823125
-1.14248
-0.654323
-0.181829
-1.90675
1.81726
0.97209
-0.779
-0.592013
-0.592013

0.609954
-0.609954
-0.655346
-0.658089
-0.629425
-0.283517
-0.541
-0.634226
-0.731336
-0.682872
-0.717671
-0.76231
-0.87646
-1.27082
-0.582647
0
-2.54732
2.31275
1.1618
-0.918079
-0.639029
-0.639029

0.662105
-0.662105
-0.705931
-0.707938
-0.663921
-0.291024
-0.582189
-0.68156
-0.740246
-0.732649
-0.769701
-0.803359
-0.93029
-1.37441
0
-0.92943
-3.38123
3.07483
1.38444
-1.09411
-0.685621
-0.685621

0.714263
-0.714263
-0.753387
-0.757558
-0.709421
-0.270733
-0.629299
-0.731336
-0.784835
-0.78029
-0.813304
-0.849785
-0.976476
-1.33022
-0.520058
-0.926444
-4.59088
4.01344
1.67001
-1.32067
-0.732349
-0.732349

0.667457
-0.714263
-0.753387
-0.757558
-0.709421
-0.135487
-0.629299
-0.731336
-0.784835
-0.78029
-0.813304
-0.849785
-0.976476
-1.33022
-0.520058
-0.926444
-4.59088
4.01344
1.67001
-1.32067
-0.732349
-0.683397

0
0
0
0
0
0
0
0
0
0
0
0
0
0
0
0
0
0
0
0
0
0


0
0
0
0
0
0
0
0
0
0
0
0
0
0
0
0
0
0
0
0
0
0

0.101959
-0.101959
-0.680726
-0.142683
-0.0838635
-0.243018
-0.225412
-0.112153
-0.00566039
-0.0822371
-0.103212
-0.122275
-0.136655
-0.0444361
-0.152089
-0.0649824
-1.74057
0.0771373
-0.0276201
-0.0947668
-0.115144
-0.115144

0.14516
-0.14516
0.687828
-0.0858075
-0.155995
-0.0511045
-0.390374
-0.258221
-0.181629
-0.305045
-0.162491
-0.166486
0.432518
-0.0887793
-0.237805
-0.163715
-2.01846
-0.40839
-0.0397629
-0.125611
-0.162915
-0.162915

0.177308
-0.177308
0.146661
-0.12868
-0.210996
-0.176182
-0.241275
-0.266367
-0.37232
-0.375492
-0.23371
-0.216959
-0.262422
-0.216385
-0.317526
-0.229539
-0.35864
-0.00221172
0.0429353
-0.152282
-0.210596
-0.210596

0.2196
-0.2196
-0.120284
-0.11295
-0.248342
-0.195633
-0.264321
-0.312964
-0.292176
-0.405478
-0.298386
-0.285377
-0.433299
-0.398013
-0.382104
-0.0921864
-0.153105
0.0722779
0.174165
-0.174128
-0.257835
-0.257835

0.265982
-0.265982
-0.241008
-0.279514
-0.308898
-0.295724
-0.324873
-0.366492
-0.380772
-0.447812
-0.358251
-0.363312
-0.401968
-0.533869
-0.406746
-1.45344
-0.392147
0.101265
0.527589
-0.183795
-0.304199
-0.304199

0.31371
-0.31371
-0.319714
-0.356681
-0.36378
-0.444385
-0.408865
-0.424781
-0.605569
-0.503204
-0.416459
-0.426598
-0.485562
-0.639674
-0.576369
-0.601145
-0.42067
0.177026
0.363935
-0.212214
-0.351448
-0.351448

0.362115
-0.362115
-0.383784
-0.412058
-0.411333
-0.627746
-0.518902
-0.485102
-0.924022
-0.559937
-0.472265
-0.487863
-0.556661
-0.746771
-0.702945
-0.772072
-0.574155
0.197992
0.30524
-0.169613
-0.396357
-0.396357

0.410976
-0.410976
-0.44152
-0.462513
-0.461202
-0.733581
-0.632318
-0.542278
-0.489923
-0.555921
-0.5221
-0.546562
-0.627281
-0.909809
-0.869171
-1.0638
-0.743535
0.120629
0.31085
0.00738963
-0.440062
-0.440062

0.460233
-0.460233
-0.495241
-0.51136
-0.528149
-0.635636
-0.654556
-0.575798
-0.479751
-0.577191
-0.570592
-0.602733
-0.696363
-1.14208
-1.11911
-1.4491
-0.920887
-0.322124
0.253653
-0.405745
-0.494896
-0.494896

0.509947
-0.509947
-0.544911
-0.55916
-0.574828
-0.533991
-0.49323
-0.57917
-0.51029
-0.606007
-0.618615
-0.655733
-0.760455
-1.25686
-1.44703
-1.81832
-1.13063
1.335
0.668553
-0.570739
-0.544118
-0.544118

0.560225
-0.560225
-0.591046
-0.60672
-0.600123
-0.411734
-0.528547
-0.610116
-0.523309
-0.637483
-0.666946
-0.705095
-0.813549
-0.330628
-1.78259
-2.07124
-1.03028
1.5985
0.783276
-0.678109
-0.592241
-0.592241

0.610682
-0.610682
-0.648113
-0.649143
-0.629993
-0.395689
-0.563822
-0.646139
-0.520293
-0.673739
-0.714154
-0.753196
-0.85685
-1.00754
-2.04568
-2.25817
-0.919594
1.96418
0.887999
-0.769879
-0.639351
-0.639351

0.660283
-0.660283
-0.749966
-0.705391
-0.666399
-0.411876
-0.605873
-0.687058
-0.694747
-0.72901
-0.762005
-0.799304
-0.908577
-1.20022
-1.87368
-1.60598
-0.811182
2.52103
0.98298
-0.846474
-0.685642
-0.685642

0.714715
-0.714715
-0.765916
-0.756343
-0.715754
-0.445253
-0.654707
-0.736159
-0.760371
-0.777591
-0.808169
-0.844583
-0.954461
-1.23294
-0.963415
-1.29858
-1.14097
3.24996
0.995037
-0.887821
-0.732017
-0.732017

0.667559
-0.714715
-0.765916
-0.756343
-0.715754
-0.445253
-0.654707
-0.736159
-0.760371
-0.777591
-0.808169
-0.844583
-0.954461
-1.23294
-0.963415
-1.29858
-1.14097
3.24996
0.995037
-0.887821
-0.732017
-0.682711

0
0
0
0
0
0
0
0
0
0
0
0
0
0
0
0
0
0
0
0
0
0


0
0
0
0
0
0
0
0
0
0
0
0
0
0
0
0
0
0
0
0
0
0

0.106396
-0.106396
-0.206707
-0.105933
-0.105636
-0.27213
-0.1932
-0.139385
-0.111779
-0.117104
-0.118068
-0.120702
-0.0422846
-0.101834
-0.150041
-0.145344
-0.85911
-0.12441
-0.0442591
-0.0959702
-0.115791
-0.115791

0.139673
-0.139673
0.148029
-0.121246
-0.147217
-0.232021
-0.266945
-0.199933
-0.184456
-0.220518
-0.173151
-0.171228
-0.0328117
-0.161819
-0.231623
-0.240875
-1.49217
-0.147721
-0.0111407
-0.123791
-0.163352
-0.163352

0.177659
-0.177659
0.0334443
-0.150591
-0.200603
-0.217191
-0.28056
-0.264566
-0.277558
-0.309693
-0.234084
-0.227309
-0.164418
-0.253304
-0.312281
-0.367237
0.265769
-0.0514038
0.0317395
-0.151323
-0.210959
-0.210959

0.220222
-0.220222
-0.109077
-0.195049
-0.252333
-0.245428
-0.296693
-0.311517
-0.339349
-0.370785
-0.295497
-0.29012
-0.333409
-0.381614
-0.395793
-0.510697
-0.157916
-0.028738
0.104967
-0.176407
-0.25839
-0.25839

0.266266
-0.266266
-0.223916
-0.261854
-0.30279
-0.348879
-0.34701
-0.362435
-0.407395
-0.42053
-0.354436
-0.357588
-0.382088
-0.473383
-0.488769
-0.491883
-0.3365
-0.00553724
0.146053
-0.201011
-0.305618
-0.305618

0.313982
-0.313982
-0.309061
-0.337676
-0.356918
-0.483817
-0.415426
-0.416266
-0.509969
-0.46956
-0.410996
-0.420184
-0.46464
-0.598478
-0.591436
-0.924766
-0.521195
-0.00301299
0.180683
-0.215774
-0.352416
-0.352416

0.362451
-0.362451
-0.377907
-0.400236
-0.410877
-0.618865
-0.492519
-0.469845
-0.613188
-0.515193
-0.465291
-0.480309
-0.540659
-0.710523
-0.731264
-0.911241
-0.667381
-0.00336959
0.178119
-0.229506
-0.399326
-0.399326

0.411349
-0.411349
-0.438418
-0.454911
-0.465531
-0.718823
-0.566906
-0.518004
-0.569713
-0.547332
-0.516821
-0.538231
-0.611073
-0.83031
-0.888008
-1.11756
-0.859926
0.00855386
0.181023
-0.267897
-0.446749
-0.446749

0.4606
-0.4606
-0.494447
-0.506002
-0.519622
-0.632251
-0.593478
-0.555955
-0.531195
-0.573454
-0.565995
-0.593802
-0.677473
-0.960058
-1.07832
-1.42672
-1.0884
0.221713
0.262719
-0.356386
-0.494787
-0.494787

0.510239
-0.510239
-0.548003
-0.555364
-0.558082
-0.197451
-0.497113
-0.57879
-0.541965
-0.60493
-0.614198
-0.646866
-0.737738
-1.02528
-1.29607
-1.7846
-1.28852
0.519989
0.290202
-0.499398
-0.544311
-0.544311

0.560352
-0.560352
-0.600849
-0.603998
-0.59318
-0.395598
-0.540391
-0.611662
-0.567788
-0.640665
-0.661942
-0.697382
-0.788851
-0.77033
-1.54175
-1.99321
-1.32331
0.662456
0.336908
-0.607841
-0.592765
-0.592765

0.611057
-0.611057
-0.655525
-0.652368
-0.630533
-0.452262
-0.581872
-0.649715
-0.603256
-0.680494
-0.709193
-0.745939
-0.838077
-0.915603
-1.7544
-1.84327
-1.17113
0.805584
0.348188
-0.694873
-0.640544
-0.640544

0.662488
-0.662488
-0.714513
-0.701981
-0.672298
-0.492382
-0.626166
-0.692754
-0.67034
-0.72599
-0.75609
-0.792846
-0.887211
-1.07653
-1.65331
-1.26238
-1.03529
0.970848
0.306786
-0.767715
-0.687971
-0.687971

0.714767
-0.714767
-0.772233
-0.751242
-0.720424
-0.539454
-0.675616
-0.740614
-0.739075
-0.774499
-0.802624
-0.83842
-0.93309
-1.14021
-1.02742
-1.49048
-1.19999
0.973867
0.210982
-0.827619
-0.735626
-0.735626

0.667384
-0.714767
-0.772233
-0.751242
-0.720424
-0.539454
-0.675616
-0.740614
-0.739075
-0.774499
-0.802624
-0.83842
-0.93309
-1.14021
-1.02742
-1.49048
-1.19999
0.973867
0.210982
-0.827619
-0.735626
-0.685861

0
0
0
0
0
0
0
0
0
0
0
0
0
0
0
0
0
0
0
0
0
0


0
0
0
0
0
0
0
0
0
0
0
0
0
0
0
0
0
0
0
0
0
0

0.107163
-0.107163
-0.0934097
-0.103038
-0.11203
-0.0485963
-0.160062
-0.134358
-0.12722
-0.132198
-0.122551
-0.121624
-0.0866749
-0.125657
-0.149737
-0.164388
-0.348316
-0.0944137
-0.0526686
-0.0984061
-0.116109
-0.116109

0.142402
-0.142402
-0.0472413
-0.136524
-0.142515
-0.294177
-0.245811
-0.19403
-0.189157
-0.202638
-0.177444
-0.175124
-0.126701
-0.189686
-0.23079
-0.261558
-0.692502
-0.12127
-0.0367692
-0.128855
-0.163853
-0.163853

0.180914
-0.180914
-0.075917
-0.172997
-0.19176
-0.370155
-0.284114
-0.252051
-0.258495
-0.275283
-0.23471
-0.231575
-0.199019
-0.269429
-0.314185
-0.365486
-0.319435
-0.132659
-0.0204415
-0.159554
-0.211587
-0.211587

0.223142
-0.223142
-0.150534
-0.21918
-0.246207
-0.357198
-0.310372
-0.304365
-0.326502
-0.339215
-0.29286
-0.291538
-0.300823
-0.365885
-0.40225
-0.469724
-0.286803
-0.117578
-0.000866252
-0.190106
-0.259239
-0.259239

0.268378
-0.268378
-0.233689
-0.273109
-0.30002
-0.372463
-0.350081
-0.354858
-0.390582
-0.394098
-0.350043
-0.353625
-0.380961
-0.45852
-0.496267
-0.574421
-0.402985
-0.116621
0.0097086
-0.220463
-0.306757
-0.306757

0.315468
-0.315468
-0.30958
-0.334202
-0.354051
-0.436734
-0.402348
-0.405525
-0.457507
-0.444004
-0.405508
-0.41446
-0.452218
-0.558817
-0.599935
-0.753441
-0.555948
-0.125691
0.0240719
-0.249883
-0.354107
-0.354107

0.363564
-0.363564
-0.376706
-0.393849
-0.407793
-0.530786
-0.460896
-0.45526
-0.518534
-0.490071
-0.459122
-0.47332
-0.524509
-0.660681
-0.720079
-0.909083
-0.722712
-0.130701
0.0279006
-0.285688
-0.401569
-0.401569

0.41224
-0.41224
-0.437518
-0.449415
-0.459648
-0.634903
-0.519721
-0.501836
-0.544631
-0.530752
-0.510797
-0.530308
-0.59308
-0.75877
-0.853898
-1.06522
-0.917179
-0.112015
0.0296031
-0.335663
-0.44922
-0.44922

0.461344
-0.461344
-0.494379
-0.50183
-0.508085
-0.635464
-0.558044
-0.54327
-0.548873
-0.566317
-0.560603
-0.585305
-0.657217
-0.849182
-1.0011
-1.30122
-1.15197
-0.0753894
0.0271342
-0.399217
-0.496928
-0.496928

0.510875
-0.510875
-0.548925
-0.552276
-0.550875
-0.300763
-0.536145
-0.577628
-0.565131
-0.602281
-0.609177
-0.638209
-0.715973
-0.90576
-1.161
-1.60623
-1.39341
-0.169941
-0.0118538
-0.48646
-0.54532
-0.54532

0.560918
-0.560918
-0.602239
-0.601789
-0.589543
-0.409321
-0.557809
-0.612954
-0.594232
-0.640745
-0.657002
-0.689028
-0.768703
-0.879101
-1.33412
-1.84428
-1.54057
-0.267013
-0.0593641
-0.574588
-0.593677
-0.593677

0.611622
-0.611622
-0.655042
-0.651027
-0.631106
-0.486132
-0.597459
-0.652652
-0.63279
-0.68202
-0.704278
-0.737974
-0.818739
-0.926593
-1.49034
-1.7586
-1.49394
-0.429681
-0.136368
-0.652005
-0.641706
-0.641706

0.663146
-0.663146
-0.708105
-0.70037
-0.675868
-0.542571
-0.642696
-0.696442
-0.681692
-0.726272
-0.751092
-0.785283
-0.867108
-1.01332
-1.50115
-1.28444
-1.4017
-0.603614
-0.232931
-0.717841
-0.689524
-0.689524

0.715315
-0.715315
-0.761398
-0.749618
-0.724697
-0.596064
-0.692273
-0.744059
-0.736527
-0.773109
-0.797554
-0.831214
-0.912808
-1.07457
-1.28975
-1.49679
-1.54031
-0.693045
-0.296722
-0.770804
-0.73743
-0.73743

0.667653
-0.715315
-0.761398
-0.749618
-0.724697
-0.596064
-0.692273
-0.744059
-0.736527
-0.773109
-0.797554
-0.831214
-0.912808
-1.07457
-1.28975
-1.49679
-1.54031
-0.693045
-0.296722
-0.770804
-0.73743
-0.687398

0
0
0
0
0
0
0
0
0
0
0
0
0
0
0
0
0
0
0
0
0
0


0
0
0
0
0
1
0
0
0
0
0
0
0
0
0
0
0
0
0
0
0
0

0.108572
-0.108572
-0.0902715
-0.106216
-0.115933
1.0613
-0.0958237
-0.125845
-0.128001
-0.130905
-0.123496
-0.122729
-0.110958
-0.133435
-0.148612
-0.163445
-0.21131
-0.0976397
-0.0686549
-0.102472
-0.116386
-0.116386

0.145792
-0.145792
-0.106041
-0.144979
-0.1592
0.757532
-0.1516
-0.183414
-0.187482
-0.19378
-0.178414
-0.177231
-0.159633
-0.200084
-0.228674
-0.258077
-0.370355
-0.131337
-0.0709355
-0.136937
-0.164376
-0.164376

0.185121
-0.185121
-0.137028
-0.18624
-0.200947
0.268851
-0.224954
-0.240422
-0.249086
-0.257179
-0.234099
-0.233329
-0.221847
-0.274131
-0.311119
-0.354308
-0.407865
-0.166856
-0.0752935
-0.171909
-0.212312
-0.212312

0.227141
-0.227141
-0.189426
-0.232219
-0.247256
-0.111455
-0.286436
-0.294381
-0.311014
-0.317565
-0.29017
-0.291338
-0.297954
-0.356343
-0.397321
-0.454102
-0.398951
-0.187676
-0.0813406
-0.20752
-0.260172
-0.260172

0.271634
-0.271634
-0.252777
-0.282648
-0.298055
-0.296825
-0.338594
-0.345587
-0.370332
-0.373039
-0.34575
-0.350468
-0.374128
-0.441597
-0.488316
-0.563515
-0.467187
-0.209106
-0.0893751
-0.243984
-0.30794
-0.30794

0.317942
-0.317942
-0.317644
-0.337026
-0.350706
-0.390216
-0.388949
-0.395312
-0.427061
-0.424212
-0.400199
-0.409236
-0.4431
-0.528997
-0.585825
-0.694057
-0.588015
-0.238546
-0.099282
-0.282381
-0.355635
-0.355635

0.365425
-0.365425
-0.379883
-0.392464
-0.403114
-0.464129
-0.440218
-0.443728
-0.478791
-0.471929
-0.453248
-0.466738
-0.510678
-0.617564
-0.691954
-0.838581
-0.741628
-0.276964
-0.115471
-0.325576
-0.40334
-0.40334

0.413666
-0.413666
-0.438819
-0.44666
-0.453807
-0.532725
-0.49062
-0.490126
-0.518773
-0.516276
-0.504807
-0.52274
-0.576044
-0.702789
-0.806225
-0.98702
-0.926769
-0.332154
-0.142767
-0.375997
-0.451088
-0.451088

0.462468
-0.462468
-0.495047
-0.499051
-0.501589
-0.56065
-0.532668
-0.533695
-0.546807
-0.557472
-0.554913
-0.577095
-0.638015
-0.780016
-0.927307
-1.16981
-1.15295
-0.434521
-0.188575
-0.433998
-0.498882
-0.498882

0.511783
-0.511783
-0.549341
-0.549936
-0.546209
-0.467164
-0.553486
-0.573944
-0.574706
-0.597695
-0.603846
-0.629702
-0.69584
-0.840151
-1.05384
-1.39714
-1.41264
-0.607779
-0.254236
-0.50106
-0.546907
-0.546907

0.561666
-0.561666
-0.602284
-0.599877
-0.588596
-0.473572
-0.575918
-0.613072
-0.608187
-0.638773
-0.651932
-0.680537
-0.749344
-0.874198
-1.18283
-1.60704
-1.64257
-0.820732
-0.336171
-0.57186
-0.595041
-0.595041

0.612237
-0.612237
-0.654254
-0.649372
-0.632306
-0.525313
-0.612407
-0.654456
-0.647685
-0.681462
-0.699385
-0.729678
-0.799768
-0.917307
-1.29772
-1.63459
-1.73875
-1.04041
-0.425496
-0.638955
-0.643079
-0.643079

0.663631
-0.663631
-0.705566
-0.698703
-0.678533
-0.58034
-0.656673
-0.698892
-0.69276
-0.725995
-0.746313
-0.777248
-0.847872
-0.975177
-1.34967
-1.40325
-1.71455
-1.19225
-0.503991
-0.698732
-0.690987
-0.690987

0.715657
-0.715657
-0.75611
-0.747983
-0.727673
-0.634828
-0.705687
-0.746362
-0.742068
-0.772305
-0.792824
-0.823456
-0.893574
-1.02756
-1.31909
-1.48729
-1.79577
-1.25032
-0.557116
-0.749771
-0.7389
-0.7389

0.667747
-0.715657
-0.75611
-0.747983
-0.727673
-0.634828
-0.705687
-0.746362
-0.742068
-0.772305
-0.792824
-0.823456
-0.893574
-1.02756
-1.31909
-1.48729
-1.79577
-1.25032
-0.557116
-0.749771
-0.7389
-0.688658

0
0
0
0
0
0
0
0
0
0
0
0
0
0
0
0
0
0
0
0
0
0


0
0
0
0
0
0
0
0
0
0
0
0
0
0
0
0
0
0
0
0
0
0

0.110161
-0.110161
-0.0997048
-0.110095
-0.100011
-0.163199
-0.166292
-0.12927
-0.126638
-0.127969
-0.123361
-0.123283
-0.120431
-0.135059
-0.146289
-0.158339
-0.170599
-0.107995
-0.085238
-0.107218
-0.116678
-0.116678

0.148918
-0.148918
-0.131885
-0.151734
-0.146582
-0.165271
-0.206946
-0.182812
-0.183885
-0.187037
-0.177914
-0.178042
-0.173828
-0.201996
-0.224004
-0.248024
-0.278207
-0.15039
-0.103511
-0.14617
-0.164936
-0.164936

0.189147
-0.189147
-0.169613
-0.195006
-0.197159
-0.130357
-0.236966
-0.23472
-0.241336
-0.245741
-0.232602
-0.233609
-0.233192
-0.272347
-0.303502
-0.339289
-0.367714
-0.195622
-0.123905
-0.185598
-0.213085
-0.213085

0.231268
-0.231268
-0.216569
-0.240985
-0.247218
-0.168567
-0.27826
-0.286257
-0.298557
-0.302884
-0.287301
-0.290167
-0.299273
-0.346916
-0.385688
-0.433817
-0.425328
-0.238581
-0.146618
-0.225834
-0.261136
-0.261136

0.275305
-0.275305
-0.270704
-0.289795
-0.297476
-0.262068
-0.326747
-0.33679
-0.354128
-0.357345
-0.341619
-0.347321
-0.367827
-0.424323
-0.47131
-0.535008
-0.496665
-0.282345
-0.171684
-0.267289
-0.309105
-0.309105

0.320947
-0.320947
-0.327985
-0.341032
-0.348458
-0.35089
-0.376619
-0.38613
-0.4072
-0.408893
-0.395155
-0.404302
-0.433867
-0.502973
-0.561127
-0.646731
-0.600099
-0.334518
-0.200682
-0.310786
-0.357015
-0.357015

0.36779
-0.36779
-0.385446
-0.393522
-0.399446
-0.42222
-0.426086
-0.434271
-0.45678
-0.457799
-0.447657
-0.46046
-0.498005
-0.581753
-0.655834
-0.770131
-0.734341
-0.402642
-0.23662
-0.357456
-0.404897
-0.404897

0.415506
-0.415506
-0.44174
-0.445956
-0.449421
-0.480614
-0.474156
-0.481011
-0.501029
-0.50431
-0.499016
-0.515468
-0.560323
-0.658166
-0.755196
-0.902112
-0.899412
-0.496889
-0.283618
-0.408203
-0.452773
-0.452773

0.463907
-0.463907
-0.496566
-0.497615
-0.497579
-0.519623
-0.518266
-0.526068
-0.539513
-0.54875
-0.549234
-0.569143
-0.620154
-0.729112
-0.858183
-1.05085
-1.10189
-0.628619
-0.344253
-0.463243
-0.50067
-0.50067

0.512922
-0.512922
-0.550056
-0.548357
-0.543686
-0.521871
-0.554541
-0.569373
-0.576012
-0.592097
-0.598436
-0.62137
-0.676917
-0.790932
-0.963118
-1.22121
-1.34469
-0.796851
-0.416433
-0.522287
-0.548642
-0.548642

0.562575
-0.562575
-0.602424
-0.598361
-0.588468
-0.528722
-0.5867
-0.611706
-0.614179
-0.635473
-0.646811
-0.672092
-0.730418
-0.841672
-1.06627
-1.38541
-1.59809
-0.99042
-0.496328
-0.583397
-0.596674
-0.596674

0.612957
-0.612957
-0.653831
-0.647895
-0.633744
-0.564428
-0.624336
-0.654941
-0.65548
-0.679595
-0.694513
-0.721311
-0.781041
-0.889723
-1.15745
-1.46145
-1.78077
-1.17749
-0.574825
-0.642993
-0.644669
-0.644669

0.664171
-0.664171
-0.704354
-0.697164
-0.680727
-0.612524
-0.66808
-0.700137
-0.700126
-0.724782
-0.741635
-0.769068
-0.829182
-0.939832
-1.21693
-1.40255
-1.83244
-1.31267
-0.642021
-0.698198
-0.69256
-0.69256

0.716005
-0.716005
-0.753833
-0.746299
-0.729806
-0.664709
-0.716338
-0.747557
-0.74767
-0.771101
-0.788267
-0.815512
-0.875067
-0.987512
-1.24054
-1.42975
-1.86723
-1.36399
-0.689824
-0.747402
-0.740399
-0.740399

0.667851
-0.716005
-0.753833
-0.746299
-0.729806
-0.664709
-0.716338
-0.747557
-0.74767
-0.771101
-0.788267
-0.815512
-0.875067
-0.987512
-1.24054
-1.42975
-1.86723
-1.36399
-0.689824
-0.747402
-0.740399
-0.689956

0
0
0
0
0
0
0
0
0
0
0
0
0
0
0
0
0
0
0
0
0
0


0
0
0
0
0
0
0
0
0
0
0
0
0
0
0
0
0
0
0
0
0
0

0.11166
-0.11166
-0.107195
-0.112329
-0.110997
-0.116687
-0.129261
-0.123206
-0.124277
-0.125386
-0.122893
-0.123399
-0.123927
-0.134215
-0.142977
-0.152254
-0.155233
-0.117892
-0.10008
-0.112124
-0.117024
-0.117024

0.151688
-0.151688
-0.146456
-0.156274
-0.154328
-0.158476
-0.186803
-0.177229
-0.179592
-0.181771
-0.176867
-0.178031
-0.179534
-0.199825
-0.217288
-0.236045
-0.244913
-0.168587
-0.132062
-0.1556
-0.165564
-0.165564

0.19273
-0.19273
-0.188357
-0.201042
-0.200625
-0.183476
-0.232168
-0.22908
-0.234468
-0.237593
-0.23069
-0.232965
-0.237655
-0.266978
-0.292741
-0.321284
-0.333036
-0.22174
-0.165511
-0.199288
-0.2139
-0.2139

0.235105
-0.235105
-0.234537
-0.247296
-0.248721
-0.219017
-0.275037
-0.279612
-0.288732
-0.29238
-0.284342
-0.288343
-0.298978
-0.336261
-0.369945
-0.409003
-0.412079
-0.276808
-0.201106
-0.243612
-0.262107
-0.262107

0.278928
-0.278928
-0.284828
-0.295287
-0.297782
-0.274951
-0.320543
-0.329301
-0.341818
-0.345588
-0.337648
-0.343988
-0.362092
-0.407287
-0.449382
-0.500953
-0.492431
-0.335118
-0.239412
-0.288966
-0.310231
-0.310231

0.324093
-0.324093
-0.337733
-0.344851
-0.347441
-0.339668
-0.368197
-0.378207
-0.393163
-0.396945
-0.390383
-0.399483
-0.424622
-0.479087
-0.531415
-0.599192
-0.587815
-0.401354
-0.281719
-0.335817
-0.358299
-0.358299

0.370381
-0.370381
-0.391643
-0.395452
-0.397234
-0.401687
-0.416402
-0.426288
-0.442262
-0.446472
-0.442361
-0.454401
-0.485835
-0.550664
-0.616254
-0.705152
-0.70436
-0.481396
-0.329849
-0.384638
-0.406331
-0.406331

0.417583
-0.417583
-0.445481
-0.446391
-0.446567
-0.45663
-0.463929
-0.473453
-0.488528
-0.494317
-0.493479
-0.508451
-0.545553
-0.620562
-0.703666
-0.818646
-0.84528
-0.580675
-0.385563
-0.435741
-0.454344
-0.454344

0.465555
-0.465555
-0.498728
-0.497134
-0.49493
-0.501725
-0.509496
-0.519606
-0.531865
-0.540737
-0.54371
-0.561445
-0.603399
-0.68697
-0.792847
-0.941637
-1.01565
-0.701864
-0.449067
-0.4891
-0.502358
-0.502358

0.514234
-0.514234
-0.551216
-0.54743
-0.542106
-0.533301
-0.551697
-0.564775
-0.573599
-0.586237
-0.593102
-0.613259
-0.65897
-0.748102
-0.882237
-1.07449
-1.21993
-0.842703
-0.518342
-0.544261
-0.55039
-0.55039

0.563633
-0.563633
-0.602921
-0.597256
-0.588448
-0.558886
-0.591153
-0.609348
-0.615554
-0.631451
-0.641746
-0.663814
-0.712043
-0.803141
-0.968638
-1.20307
-1.44653
-0.996675
-0.589912
-0.600166
-0.598433
-0.598433

0.613816
-0.613816
-0.653834
-0.646699
-0.634938
-0.594031
-0.632058
-0.654251
-0.658933
-0.676885
-0.689727
-0.713063
-0.762656
-0.854062
-1.04559
-1.28865
-1.64541
-1.146
-0.658446
-0.65503
-0.646428
-0.646428

0.664854
-0.664854
-0.703882
-0.695851
-0.682446
-0.638555
-0.676477
-0.700274
-0.704197
-0.722818
-0.737091
-0.760984
-0.810938
-0.902793
-1.10387
-1.30462
-1.74767
-1.25922
-0.717854
-0.707024
-0.6943
-0.6943

0.716491
-0.716491
-0.752858
-0.744769
-0.731342
-0.688313
-0.724303
-0.747744
-0.7513
-0.769342
-0.783885
-0.807651
-0.857114
-0.948954
-1.1427
-1.32671
-1.77548
-1.30745
-0.762737
-0.754874
-0.742046
-0.742046

0.668079
-0.716491
-0.752858
-0.744769
-0.731342
-0.688313
-0.724303
-0.747744
-0.7513
-0.769342
-0.783885
-0.807651
-0.857114
-0.948954
-1.1427
-1.32671
-1.77548
-1.30745
-0.762737
-0.754874
-0.742046
-0.691392

0
0
0
0
0
0
0
0
0
0
0
0
0
0
0
0
0
0
0
0
0
0


0
0
0
0
0
0
0
0
0
0
0
0
0
0
0
0
0
0
0
0
0
0

0.113104
-0.113104
-0.112302
-0.114296
-0.11398
-0.112397
-0.121467
-0.120861
-0.122401
-0.123416
-0.122424
-0.123333
-0.125067
-0.132359
-0.139049
-0.145814
-0.146755
-0.126093
-0.113088
-0.117052
-0.117498
-0.117498

0.154181
-0.154181
-0.155714
-0.159765
-0.158824
-0.157699
-0.174494
-0.172815
-0.17574
-0.1777
-0.175713
-0.177583
-0.181222
-0.195765
-0.209294
-0.223247
-0.22684
-0.183785
-0.156791
-0.164886
-0.166313
-0.166313

0.195888
-0.195888
-0.200201
-0.205507
-0.204457
-0.198441
-0.223489
-0.223708
-0.228544
-0.231398
-0.228676
-0.231777
-0.238271
-0.259723
-0.280085
-0.301635
-0.307897
-0.243023
-0.201002
-0.212477
-0.214772
-0.214772

0.238541
-0.238541
-0.246718
-0.252035
-0.251252
-0.239664
-0.269485
-0.273571
-0.280771
-0.284392
-0.281406
-0.286097
-0.296731
-0.32465
-0.351869
-0.381679
-0.38773
-0.304668
-0.246729
-0.260367
-0.263081
-0.263081

0.282288
-0.282288
-0.295475
-0.299595
-0.299
-0.287242
-0.315331
-0.322702
-0.332194
-0.336444
-0.333844
-0.340482
-0.35615
-0.39045
-0.424935
-0.464295
-0.468487
-0.369779
-0.2946
-0.308863
-0.311315
-0.311315

0.327128
-0.327128
-0.345991
-0.348168
-0.34741
-0.340222
-0.362119
-0.371277
-0.382531
-0.387376
-0.385867
-0.39471
-0.41548
-0.456614
-0.499449
-0.550611
-0.556275
-0.440714
-0.345356
-0.358204
-0.359504
-0.359504

0.372976
-0.372976
-0.397518
-0.397522
-0.396145
-0.394344
-0.409539
-0.419344
-0.431528
-0.437141
-0.437352
-0.448513
-0.474026
-0.522462
-0.575437
-0.641606
-0.656369
-0.520446
-0.39978
-0.408566
-0.407666
-0.407666

0.419722
-0.419722
-0.449401
-0.447304
-0.444835
-0.446198
-0.456894
-0.46688
-0.478976
-0.485798
-0.488211
-0.501666
-0.531458
-0.587114
-0.652674
-0.737654
-0.772554
-0.611248
-0.458307
-0.460012
-0.455814
-0.455814

0.467289
-0.467289
-0.501207
-0.497182
-0.493157
-0.493701
-0.503447
-0.513858
-0.524885
-0.533496
-0.538405
-0.554006
-0.587492
-0.649528
-0.730541
-0.839141
-0.908751
-0.713675
-0.520486
-0.512429
-0.50396
-0.50396

0.515644
-0.515644
-0.552699
-0.546938
-0.540935
-0.535514
-0.54855
-0.560317
-0.569775
-0.580501
-0.587937
-0.605415
-0.641844
-0.708701
-0.807813
-0.945018
-1.06841
-0.826333
-0.584847
-0.56547
-0.552112
-0.552112

0.564806
-0.564806
-0.603743
-0.596477
-0.588294
-0.573291
-0.59231
-0.606461
-0.614494
-0.627149
-0.636838
-0.655802
-0.694305
-0.764049
-0.882146
-1.04749
-1.24719
-0.945282
-0.649082
-0.6185
-0.600256
-0.600256

0.614828
-0.614828
-0.654218
-0.645776
-0.635707
-0.613211
-0.636336
-0.652732
-0.659765
-0.67374
-0.685131
-0.705092
-0.744778
-0.815838
-0.949476
-1.12773
-1.41788
-1.06035
-0.710074
-0.670549
-0.64834
-0.64834

0.665746
-0.665746
-0.70394
-0.69481
-0.683667
-0.657855
-0.682061
-0.699569
-0.70596
-0.720438
-0.732801
-0.753209
-0.793232
-0.864599
-1.00491
-1.17055
-1.53031
-1.1516
-0.764004
-0.720495
-0.696267
-0.696267

0.717232
-0.717232
-0.752607
-0.743519
-0.732399
-0.706352
-0.729845
-0.747176
-0.753115
-0.767266
-0.77981
-0.800129
-0.839771
-0.91064
-1.04823
-1.20037
-1.56774
-1.19842
-0.807587
-0.767435
-0.743966
-0.743966

0.668531
-0.717232
-0.752607
-0.743519
-0.732399
-0.706352
-0.729845
-0.747176
-0.753115
-0.767266
-0.77981
-0.800129
-0.839771
-0.91064
-1.04823
-1.20037
-1.56774
-1.19842
-0.807587
-0.767435
-0.743966
-0.693068

0
0
0
0
0
0
0
0
0
0
0
0
0
0
0
0
0
0
0
0
0
0


0
0
0
0
0
0
0
0
0
0
0
0
0
0
0
0
0
0
0
0
0
0

0.114746
-0.114746
-0.116205
-0.11621
-0.115752
-0.114473
-0.118838
-0.119591
-0.121096
-0.122148
-0.122262
-0.12343
-0.125441
-0.130321
-0.13505
-0.139506
-0.140353
-0.13297
-0.124675
-0.122067
-0.11831
-0.11831

0.156527
-0.156527
-0.16226
-0.162665
-0.161584
-0.160016
-0.168342
-0.169618
-0.172509
-0.174527
-0.174672
-0.176991
-0.181105
-0.190942
-0.200701
-0.210137
-0.212832
-0.196058
-0.178459
-0.173895
-0.16721
-0.16721

0.198714
-0.198714
-0.208463
-0.209033
-0.207357
-0.2046
-0.216663
-0.219102
-0.223465
-0.226424
-0.226716
-0.230318
-0.236897
-0.251594
-0.266475
-0.281226
-0.286236
-0.259593
-0.231781
-0.22506
-0.215695
-0.215695

0.241599
-0.241599
-0.2555
-0.255756
-0.253598
-0.248856
-0.26365
-0.268094
-0.274065
-0.27792
-0.278563
-0.283616
-0.293175
-0.312556
-0.332664
-0.353187
-0.360145
-0.324577
-0.285664
-0.27612
-0.264046
-0.264046

0.285323
-0.285323
-0.303636
-0.303041
-0.300436
-0.294772
-0.310145
-0.316686
-0.324238
-0.328933
-0.330208
-0.336879
-0.349825
-0.373807
-0.399391
-0.426422
-0.434932
-0.391643
-0.34056
-0.32729
-0.312349
-0.312349

0.329936
-0.329936
-0.352802
-0.350946
-0.347823
-0.342961
-0.356877
-0.364982
-0.373864
-0.379364
-0.381581
-0.389987
-0.406423
-0.435096
-0.466687
-0.501436
-0.512644
-0.461636
-0.396735
-0.378657
-0.360632
-0.360632

0.375433
-0.375433
-0.402733
-0.399406
-0.39563
-0.392446
-0.40402
-0.413042
-0.42283
-0.429158
-0.432602
-0.442782
-0.462546
-0.496038
-0.534497
-0.578741
-0.595945
-0.535539
-0.454326
-0.430246
-0.408906
-0.408906

0.421792
-0.421792
-0.453122
-0.448279
-0.443685
-0.441836
-0.451388
-0.460884
-0.471055
-0.47832
-0.483203
-0.495108
-0.517904
-0.556138
-0.602627
-0.658641
-0.68737
-0.61404
-0.513231
-0.482028
-0.457183
-0.457183

0.469
-0.469
-0.503711
-0.497398
-0.491811
-0.490001
-0.498662
-0.508514
-0.518551
-0.526906
-0.53334
-0.546838
-0.57227
-0.614822
-0.670656
-0.741182
-0.789564
-0.697213
-0.572989
-0.533905
-0.505473
-0.505473

0.517071
-0.517071
-0.554309
-0.546626
-0.539887
-0.536202
-0.545534
-0.555956
-0.565511
-0.57503
-0.582994
-0.597873
-0.625439
-0.671514
-0.737776
-0.825456
-0.905023
-0.78444
-0.632754
-0.585683
-0.553786
-0.553786

0.566052
-0.566052
-0.604761
-0.595868
-0.587917
-0.58068
-0.591966
-0.603304
-0.61228
-0.62285
-0.632165
-0.648132
-0.677241
-0.725768
-0.802534
-0.907446
-1.03288
-0.873841
-0.691308
-0.637044
-0.602118
-0.602118

0.616012
-0.616012
-0.654906
-0.645057
-0.636066
-0.625363
-0.638463
-0.650737
-0.659202
-0.670507
-0.680844
-0.697539
-0.727553
-0.7774
-0.862577
-0.978103
-1.16048
-0.960407
-0.747
-0.687495
-0.650429
-0.650429

0.66697
-0.66697
-0.704487
-0.694092
-0.684514
-0.671796
-0.68565
-0.698422
-0.70646
-0.71805
-0.728966
-0.745988
-0.776271
-0.826387
-0.915208
-1.02859
-1.25729
-1.03355
-0.797653
-0.736357
-0.698607
-0.698607

0.718474
-0.718474
-0.753049
-0.742738
-0.733233
-0.720074
-0.733713
-0.746327
-0.753971
-0.765354
-0.776358
-0.793318
-0.823329
-0.872899
-0.960186
-1.06562
-1.30041
-1.08056
-0.841235
-0.78289
-0.74644
-0.74644

0.669415
-0.718474
-0.753049
-0.742738
-0.733233
-0.720074
-0.733713
-0.746327
-0.753971
-0.765354
-0.776358
-0.793318
-0.823329
-0.872899
-0.960186
-1.06562
-1.30041
-1.08056
-0.841235
-0.78289
-0.74644
-0.695223

0
0
0
0
0
0
0
0
0
0
0
0
0
0
0
0
0
0
0
0
0
0


0
0
0
0
0
0
0
0
0
0
0
0
0
0
0
0
0
0
0
0
0
0

0.116998
-0.116998
-0.119948
-0.118767
-0.118059
-0.117409
-0.118836
-0.119995
-0.121339
-0.12243
-0.123171
-0.124406
-0.126299
-0.12949
-0.132936
-0.136031
-0.137763
-0.13993
-0.134827
-0.127528
-0.120254
-0.120254

0.158645
-0.158645
-0.167128
-0.165137
-0.163663
-0.162678
-0.165156
-0.167554
-0.170217
-0.172348
-0.173954
-0.176488
-0.18039
-0.186515
-0.193222
-0.199218
-0.202582
-0.205724
-0.195304
-0.181564
-0.168261
-0.168261

0.201025
-0.201025
-0.214437
-0.211745
-0.209475
-0.208195
-0.211721
-0.215337
-0.219262
-0.222412
-0.224881
-0.228727
-0.234674
-0.243709
-0.253756
-0.262796
-0.268009
-0.271994
-0.255843
-0.235592
-0.216457
-0.216457

0.244064
-0.244064
-0.261993
-0.258572
-0.255469
-0.253806
-0.258352
-0.263202
-0.268327
-0.272471
-0.275815
-0.280991
-0.289028
-0.300895
-0.314336
-0.326567
-0.333828
-0.338764
-0.316366
-0.289436
-0.264732
-0.264732

0.287793
-0.287793
-0.309921
-0.305669
-0.301708
-0.299577
-0.305016
-0.311096
-0.317343
-0.322444
-0.326683
-0.333204
-0.343366
-0.357955
-0.37483
-0.390412
-0.399808
-0.406015
-0.376823
-0.343014
-0.313048
-0.313048

0.332252
-0.332252
-0.358294
-0.353086
-0.348268
-0.345712
-0.351795
-0.359004
-0.366263
-0.37227
-0.377422
-0.385285
-0.397563
-0.41475
-0.435098
-0.454242
-0.465778
-0.473606
-0.437081
-0.396248
-0.36139
-0.36139

0.377481
-0.377481
-0.407117
-0.400847
-0.395207
-0.392369
-0.398805
-0.406941
-0.415059
-0.421904
-0.427975
-0.437144
-0.451454
-0.471109
-0.494979
-0.517987
-0.531667
-0.541288
-0.496922
-0.449057
-0.409755
-0.409755

0.423521
-0.423521
-0.456347
-0.448952
-0.442546
-0.439594
-0.446126
-0.45493
-0.46372
-0.47132
-0.478292
-0.488688
-0.50486
-0.526831
-0.554271
-0.581539
-0.597398
-0.608731
-0.556063
-0.501369
-0.458148
-0.458148

0.470422
-0.470422
-0.505906
-0.497374
-0.490275
-0.487341
-0.493787
-0.502996
-0.51225
-0.520512
-0.528334
-0.539831
-0.557619
-0.581692
-0.61269
-0.644675
-0.662756
-0.675501
-0.614187
-0.55312
-0.506582
-0.506582

0.518252
-0.518252
-0.555701
-0.546072
-0.538365
-0.535502
-0.541769
-0.551168
-0.560682
-0.569497
-0.578076
-0.590503
-0.609595
-0.635445
-0.669834
-0.70694
-0.727196
-0.741014
-0.670943
-0.604256
-0.555079
-0.555079

0.567109
-0.567109
-0.605626
-0.595009
-0.586798
-0.583952
-0.590044
-0.599483
-0.609082
-0.618316
-0.627515
-0.640654
-0.66068
-0.68785
-0.725131
-0.767457
-0.78948
-0.804338
-0.725928
-0.654721
-0.603664
-0.603664

0.617135
-0.617135
-0.655562
-0.644157
-0.635592
-0.632683
-0.638625
-0.648003
-0.657548
-0.667031
-0.676664
-0.690261
-0.710809
-0.738698
-0.777857
-0.82471
-0.847172
-0.863909
-0.778648
-0.704454
-0.652372
-0.652372

0.668466
-0.668466
-0.705335
-0.693487
-0.68479
-0.681818
-0.687581
-0.696793
-0.70617
-0.715698
-0.725535
-0.739308
-0.759953
-0.787879
-0.827386
-0.876804
-0.897219
-0.917321
-0.828423
-0.753323
-0.701224
-0.701224

0.720653
-0.720653
-0.754457
-0.742728
-0.734201
-0.731236
-0.736762
-0.745683
-0.754777
-0.764129
-0.77393
-0.787622
-0.80803
-0.83548
-0.873924
-0.922873
-0.940409
-0.962172
-0.873959
-0.800714
-0.749975
-0.749975

0.671102
-0.720653
-0.754457
-0.742728
-0.734201
-0.731236
-0.736762
-0.745683
-0.754777
-0.764129
-0.77393
-0.787622
-0.80803
-0.83548
-0.873924
-0.922873
-0.940409
-0.962172
-0.873959
-0.800714
-0.749975
-0.698288

0
0
0
0
0
0
0
0
0
0
0
0
0
0
0
0
0
0
0
0
0
0


0
0
0
0
0
0
0
0
0
0
0
0
0
0
0
0
0
0
0
0
0
0

0
-0.116998
-0.119948
-0.118767
-0.118059
-0.117409
-0.118836
-0.119995
-0.121339
-0.12243
-0.123171
-0.124406
-0.126299
-0.12949
-0.132936
-0.136031
-0.137763
-0.13993
-0.134827
-0.127528
-0.120254
0

0
-0.158645
-0.167128
-0.165137
-0.163663
-0.162678
-0.165156
-0.167554
-0.170217
-0.172348
-0.173954
-0.176488
-0.18039
-0.186515
-0.193222
-0.199218
-0.202582
-0.205724
-0.195304
-0.181564
-0.168261
0

0
-0.201025
-0.214437
-0.211745
-0.209475
-0.208195
-0.211721
-0.215337
-0.219262
-0.222412
-0.224881
-0.228727
-0.234674
-0.243709
-0.253756
-0.262796
-0.268009
-0.271994
-0.255843
-0.235592
-0.216457
0

0
-0.244064
-0.261993
-0.258572
-0.255469
-0.253806
-0.258352
-0.263202
-0.268327
-0.272471
-0.275815
-0.280991
-0.289028
-0.300895
-0.314336
-0.326567
-0.333828
-0.338764
-0.316366
-0.289436
-0.264732
0

0
-0.287793
-0.309921
-0.305669
-0.301708
-0.299577
-0.305016
-0.311096
-0.317343
-0.322444
-0.326683
-0.333204
-0.343366
-0.357955
-0.37483
-0.390412
-0.399808
-0.406015
-0.376823
-0.343014
-0.313048
0

0
-0.332252
-0.358294
-0.353086
-0.348268
-0.345712
-0.351795
-0.359004
-0.366263
-0.37227
-0.377422
-0.385285
-0.397563
-0.41475
-0.435098
-0.454242
-0.465778
-0.473606
-0.437081
-0.396248
-0.36139
0

0
-0.377481
-0.407117
-0.400847
-0.395207
-0.392369
-0.398805
-0.406941
-0.415059
-0.421904
-0.427975
-0.437144
-0.451454
-0.471109
-0.494979
-0.517987
-0.531667
-0.541288
-0.496922
-0.449057
-0.409755
0

0
-0.423521
-0.456347
-0.448952
-0.442546
-0.439594
-0.446126
-0.45493
-0.46372
-0.47132
-0.478292
-0.488688
-0.50486
-0.526831
-0.554271
-0.581539
-0.597398
-0.608731
-0.556063
-0.501369
-0.458148
0

0
-0.470422
-0.505906
-0.497374
-0.490275
-0.487341
-0.493787
-0.502996
-0.51225
-0.520512
-0.528334
-0.539831
-0.557619
-0.581692
-0.61269
-0.644675
-0.662756
-0.675501
-0.614187
-0.55312
-0.506582
0

0
-0.518252
-0.555701
-0.546072
-0.538365
-0.535502
-0.541769
-0.551168
-0.560682
-0.569497
-0.578076
-0.590503
-0.609595
-0.635445
-0.669834
-0.70694
-0.727196
-0.741014
-0.670943
-0.604256
-0.555079
0

0
-0.567109
-0.605626
-0.595009
-0.586798
-0.583952
-0.590044
-0.599483
-0.609082
-0.618316
-0.627515
-0.640654
-0.66068
-0.68785
-0.725131
-0.767457
-0.78948
-0.804338
-0.725928
-0.654721
-0.603664
0

0
-0.617135
-0.655562
-0.644157
-0.635592
-0.632683
-0.638625
-0.648003
-0.657548
-0.667031
-0.676664
-0.690261
-0.710809
-0.738698
-0.777857
-0.82471
-0.847172
-0.863909
-0.778648
-0.704454
-0.652372
0

0
-0.668466
-0.705335
-0.693487
-0.68479
-0.681818
-0.687581
-0.696793
-0.70617
-0.715698
-0.725535
-0.739308
-0.759953
-0.787879
-0.827386
-0.876804
-0.897219
-0.917321
-0.828423
-0.753323
-0.701224
0

0
-0.720653
-0.754457
-0.742728
-0.734201
-0.731236
-0.736762
-0.745683
-0.754777
-0.764129
-0.77393
-0.787622
-0.80803
-0.83548
-0.873924
-0.922873
-0.940409
-0.962172
-0.873959
-0.800714
-0.749975
0

0
-0.720653
-0.754457
-0.742728
-0.734201
-0.731236
-0.736762
-0.745683
-0.754777
-0.764129
-0.77393
-0.787622
-0.80803
-0.83548
-0.873924
-0.922873
-0.940409
-0.962172
-0.873959
-0.800714
-0.749975
0

0
0
0
0
0
0
0
0
0
0
0
0
0
0
0
0
0
0
0
0
0
0


