0
0
0
0
0
0
0
0
0
0
0
0
0
0
0
0
0
0
0
0
0
0

0
756430
756428
756433
756434
756433
756434
756440
756441
756459
756451
756455
756465
756462
756464
756469
756461
756476
756484
756494
756499
0

0
756429
756430
756433
756434
756431
756432
756439
756441
756439
756450
756454
756463
756462
756463
756467
756455
756476
756484
756493
756498
0

0
756429
756428
756433
756433
756432
756437
756439
756439
756442
756450
756454
756454
756462
756463
756466
756472
756474
756484
756493
756498
0

0
756430
756431
756433
756433
756435
756438
756439
756441
756443
756450
756454
756454
756461
756463
756466
756472
756476
756484
756494
756499
0

0
756430
756430
756432
756434
756435
756438
756440
756441
756445
756450
756454
756452
756459
756463
756465
756471
756476
756485
756495
756499
0

0
756431
756430
756432
756434
756435
756438
756441
756440
756446
756451
756454
756454
756460
756463
756463
756471
756476
756485
756496
756499
0

0
756431
756431
756433
756435
756435
756438
756441
756440
756447
756452
756455
756456
756460
756462
756464
756472
756476
756485
756497
756500
0

0
756432
756433
756434
756435
756436
756439
756442
756451
756448
756452
756456
756458
756460
756462
756463
756472
756477
756486
756498
756501
0

0
756433
756434
756435
756436
756437
756440
756444
756452
756450
756454
756457
756459
756460
756460
756462
756473
756477
756487
756493
756502
0

0
756434
756435
756436
756437
756439
756441
756445
756452
756452
756455
756458
756461
756463
756460
756462
756473
756476
756488
756494
756503
0

0
756436
756436
756437
756438
756439
756443
756446
756453
756453
756456
756460
756463
756475
756461
756463
756475
756480
756491
756496
756504
0

0
756437
756438
756439
756439
756439
756444
756448
756453
756455
756458
756462
756465
756469
756463
756466
756478
756481
756493
756499
756506
0

0
756439
756440
756440
756441
756440
756445
756449
756452
756456
756460
756463
756467
756465
756467
756487
756480
756480
756495
756501
756507
0

0
756441
756441
756442
756442
756440
756446
756451
756454
756458
756462
756465
756469
756471
756484
756483
756479
756477
756498
756502
756509
0

0
756443
756444
756444
756444
756441
756448
756453
756457
756461
756464
756468
756472
756476
756483
756483
756485
756478
756501
756505
756511
0

0
0
0
0
0
0
0
0
0
0
0
0
0
0
0
0
0
0
0
0
0
0


0
756430
756428
756433
756434
756433
756434
756440
756441
756459
756451
756455
756465
756462
756464
756469
756461
756476
756484
756494
756499
0

-756430
756430
756428
756433
756434
756433
756434
756440
756441
756459
756451
756455
756465
756462
756464
756469
756461
756476
756484
756494
756499
756499

3.67534
756429
756430
756433
756434
756431
756432
756439
756441
756439
756450
756454
756463
756462
756463
756467
756455
756476
756484
756493
756498
756498

-756429
756429
756428
756433
756433
756432
756437
756439
756439
756442
756450
756454
756454
756462
756463
756466
756472
756474
756484
756493
756498
756498

-756430
756430
756431
756433
756433
756435
756438
756439
756441
756443
756450
756454
756454
756461
756463
756466
756472
756476
756484
756494
756499
756499

-756430
756430
756430
756432
756434
756435
756438
756440
756441
756445
756450
756454
756452
756459
756463
756465
756471
756476
756485
756495
756499
756499

-756431
756431
756430
756432
756434
756435
756438
756441
756440
756446
756451
756454
756454
756460
756463
756463
756471
756476
756485
756496
756499
756499

-756431
756431
756431
756433
756435
756435
756438
756441
756440
756447
756452
756455
756456
756460
756462
756464
756472
756476
756485
756497
756500
756500

-756432
756432
756433
756434
756435
756436
756439
756442
756451
756448
756452
756456
756458
756460
756462
756463
756472
756477
756486
756498
756501
756501

-756433
756433
756434
756435
756436
756437
756440
756444
756452
756450
756454
756457
756459
756460
756460
756462
756473
756477
756487
756493
756502
756502

-756434
756434
756435
756436
756437
756439
756441
756445
756452
756452
756455
756458
756461
756463
756460
756462
756473
756476
756488
756494
756503
756503

-756436
756436
756436
756437
756438
756439
756443
756446
756453
756453
756456
756460
756463
756475
756461
756463
756475
756480
756491
756496
756504
756504

-756437
756437
756438
756439
756439
756439
756444
756448
756453
756455
756458
756462
756465
756469
756463
756466
756478
756481
756493
756499
756506
756506

-756439
756439
756440
756440
756441
756440
756445
756449
756452
756456
756460
756463
756467
756465
756467
756487
756480
756480
756495
756501
756507
756507

-756441
756441
756441
756442
756442
756440
756446
756451
756454
756458
756462
756465
756469
756471
756484
756483
756479
756477
756498
756502
756509
756509

-756443
756443
756444
756444
756444
756441
756448
756453
756457
756461
756464
756468
756472
756476
756483
756483
756485
756478
756501
756505
756511
756511

0
756443
756444
756444
756444
756441
756448
756453
756457
756461
756464
756468
756472
756476
756483
756483
756485
756478
756501
756505
756511
0


0
756435
756440
756438
756439
756439
756441
756445
756448
756450
756455
756459
756463
756466
756470
756474
756476
756483
756489
756498
756504
0

-756435
756435
756440
756438
756439
756439
756441
756445
756448
756450
756455
756459
756463
756466
756470
756474
756476
756483
756489
756498
756504
756504

-756434
756434
756442
756437
756438
756437
756439
756444
756447
756449
756454
756458
756463
756466
756469
756473
756464
756482
756489
756497
756503
756503

-756434
756434
756439
756438
756438
756438
756440
756444
756446
756448
756454
756459
756463
756466
756468
756472
756477
756481
756489
756498
756503
756503

-756435
756435
756439
756438
756438
756439
756442
756444
756446
756448
756455
756459
756461
756465
756468
756472
756479
756482
756489
756498
756503
756503

-756435
756435
756437
756438
756438
756440
756442
756445
756447
756450
756455
756459
756460
756464
756469
756472
756477
756482
756490
756498
756503
756503

-756435
756435
756436
756438
756439
756440
756443
756445
756447
756451
756455
756459
756460
756465
756469
756469
756476
756482
756491
756499
756504
756504

-756436
756436
756437
756438
756439
756440
756443
756446
756447
756452
756456
756460
756461
756465
756469
756470
756476
756482
756491
756500
756505
756505

-756437
756437
756438
756439
756440
756440
756444
756447
756451
756453
756457
756461
756463
756466
756469
756470
756477
756483
756492
756501
756505
756505

-756438
756438
756439
756440
756441
756442
756445
756448
756455
756455
756458
756462
756464
756467
756468
756468
756477
756483
756493
756502
756506
756506

-756439
756439
756440
756441
756442
756444
756446
756450
756456
756456
756460
756463
756466
756471
756467
756468
756478
756483
756494
756500
756508
756508

-756440
756440
756441
756442
756443
756444
756448
756451
756457
756458
756461
756465
756468
756483
756468
756471
756481
756485
756496
756501
756509
756509

-756442
756442
756443
756444
756444
756444
756449
756452
756458
756459
756463
756466
756470
756482
756470
756475
756484
756486
756498
756503
756510
756510

-756444
756444
756444
756445
756446
756446
756450
756454
756458
756461
756464
756468
756472
756475
756475
756487
756487
756487
756500
756505
756512
756512

-756446
756446
756446
756447
756447
756446
756451
756456
756459
756463
756466
756470
756474
756476
756485
756488
756488
756487
756503
756507
756514
756514

-756448
756448
756449
756449
756449
756448
756454
756458
756462
756465
756469
756473
756477
756481
756487
756488
756491
756488
756506
756510
756516
756516

0
756448
756449
756449
756449
756448
756454
756458
756462
756465
756469
756473
756477
756481
756487
756488
756491
756488
756506
756510
756516
0


0
756440
756446
756443
756443
756443
756446
756450
756452
756456
756460
756464
756468
756471
756475
756479
756486
756488
756494
756503
756508
0

-756440
756440
756446
756443
756443
756443
756446
756450
756452
756456
756460
756464
756468
756471
756475
756479
756486
756488
756494
756503
756508
756508

-756439
756439
756446
756442
756442
756442
756445
756449
756451
756455
756459
756463
756467
756470
756474
756478
756480
756487
756493
756502
756507
756507

-756439
756439
756446
756442
756443
756442
756445
756449
756451
756454
756459
756463
756467
756471
756474
756478
756483
756487
756494
756502
756507
756507

-756439
756439
756445
756442
756443
756443
756446
756449
756451
756454
756459
756463
756467
756471
756474
756478
756487
756487
756494
756502
756507
756507

-756440
756440
756443
756442
756443
756444
756447
756449
756451
756454
756459
756463
756466
756470
756474
756478
756485
756487
756495
756503
756508
756508

-756440
756440
756442
756443
756443
756444
756447
756450
756452
756455
756460
756464
756466
756470
756474
756477
756483
756487
756495
756503
756508
756508

-756441
756441
756442
756443
756444
756445
756448
756451
756453
756456
756461
756464
756467
756471
756475
756475
756481
756487
756496
756504
756509
756509

-756442
756442
756442
756444
756445
756445
756448
756451
756454
756458
756462
756465
756468
756472
756475
756477
756481
756488
756497
756505
756510
756510

-756443
756443
756443
756444
756445
756446
756449
756453
756457
756459
756463
756466
756469
756473
756475
756476
756481
756488
756498
756506
756511
756511

-756444
756444
756445
756446
756446
756448
756451
756454
756459
756461
756464
756468
756471
756477
756474
756475
756482
756488
756499
756507
756512
756512

-756445
756445
756446
756447
756448
756450
756452
756455
756461
756462
756466
756469
756473
756484
756475
756478
756485
756488
756500
756507
756513
756513

-756447
756447
756448
756448
756449
756450
756453
756457
756462
756464
756467
756471
756475
756487
756477
756483
756488
756491
756502
756508
756515
756515

-756449
756449
756449
756450
756450
756451
756455
756459
756463
756466
756469
756473
756477
756484
756481
756490
756492
756493
756505
756510
756516
756516

-756451
756451
756451
756452
756452
756452
756456
756460
756464
756467
756471
756475
756479
756483
756488
756492
756495
756496
756507
756512
756518
756518

-756453
756453
756454
756454
756454
756454
756459
756463
756466
756470
756474
756477
756482
756486
756492
756493
756499
756499
756511
756515
756521
756521

0
756453
756454
756454
756454
756454
756459
756463
756466
756470
756474
756477
756482
756486
756492
756493
756499
756499
756511
756515
756521
0


0
756444
756449
756447
756448
756447
756451
756454
756457
756460
756464
756468
756472
756476
756480
756485
756491
756493
756499
756507
756512
0

-756444
756444
756449
756447
756448
756447
756451
756454
756457
756460
756464
756468
756472
756476
756480
756485
756491
756493
756499
756507
756512
756512

-756444
756444
756449
756446
756447
756449
756450
756453
756456
756459
756463
756467
756471
756475
756479
756483
756488
756492
756498
756506
756512
756512

-756444
756444
756449
756447
756447
756448
756450
756453
756456
756459
756464
756468
756472
756475
756479
756483
756487
756492
756499
756506
756512
756512

-756444
756444
756448
756447
756447
756447
756450
756453
756456
756459
756464
756468
756472
756476
756479
756483
756490
756492
756499
756507
756512
756512

-756445
756445
756448
756447
756448
756448
756451
756454
756456
756459
756464
756468
756472
756476
756479
756483
756490
756493
756500
756507
756512
756512

-756445
756445
756447
756447
756448
756449
756452
756454
756457
756460
756465
756469
756472
756476
756480
756483
756489
756493
756500
756508
756513
756513

-756446
756446
756447
756448
756449
756449
756452
756455
756458
756461
756465
756469
756472
756476
756480
756483
756487
756493
756501
756509
756514
756514

-756446
756446
756448
756448
756449
756450
756453
756456
756459
756462
756466
756470
756473
756477
756480
756482
756487
756494
756502
756509
756514
756514

-756447
756447
756448
756449
756450
756451
756454
756457
756461
756464
756467
756471
756474
756479
756481
756482
756486
756494
756503
756511
756515
756515

-756449
756449
756450
756450
756451
756452
756455
756459
756463
756465
756469
756472
756476
756481
756481
756482
756486
756495
756505
756512
756517
756517

-756450
756450
756451
756452
756452
756455
756457
756460
756465
756467
756470
756474
756478
756485
756482
756484
756489
756495
756506
756512
756518
756518

-756452
756452
756452
756453
756454
756455
756458
756462
756466
756468
756472
756476
756480
756488
756483
756489
756493
756497
756507
756513
756519
756519

-756453
756453
756454
756455
756455
756456
756460
756463
756467
756470
756474
756477
756482
756489
756487
756494
756498
756500
756510
756515
756521
756521

-756455
756455
756456
756457
756457
756458
756461
756465
756469
756472
756476
756479
756484
756489
756492
756497
756502
756504
756512
756517
756523
756523

-756458
756458
756459
756459
756459
756460
756464
756468
756471
756475
756478
756482
756486
756491
756496
756499
756507
756508
756516
756520
756526
756526

0
756458
756459
756459
756459
756460
756464
756468
756471
756475
756478
756482
756486
756491
756496
756499
756507
756508
756516
756520
756526
0


0
756449
756453
756452
756453
756452
756456
756459
756462
756465
756469
756473
756477
756481
756485
756490
756495
756499
756504
756512
756517
0

-756449
756449
756453
756452
756453
756452
756456
756459
756462
756465
756469
756473
756477
756481
756485
756490
756495
756499
756504
756512
756517
756517

-756448
756448
756452
756451
756452
756454
756455
756458
756461
756464
756468
756472
756476
756480
756484
756489
756494
756498
756504
756511
756516
756516

-756449
756449
756452
756451
756452
756454
756455
756458
756461
756464
756468
756472
756476
756480
756484
756489
756493
756498
756504
756511
756516
756516

-756449
756449
756452
756451
756452
756454
756455
756458
756461
756464
756468
756472
756476
756480
756484
756489
756493
756498
756504
756511
756516
756516

-756449
756449
756452
756452
756452
756453
756456
756459
756461
756464
756469
756473
756477
756481
756484
756489
756494
756498
756505
756512
756517
756517

-756450
756450
756452
756452
756453
756453
756456
756459
756462
756465
756469
756473
756477
756481
756485
756489
756494
756499
756505
756512
756517
756517

-756450
756450
756452
756453
756453
756454
756457
756460
756463
756466
756470
756474
756477
756482
756485
756489
756494
756500
756506
756513
756518
756518

-756451
756451
756453
756453
756454
756455
756458
756461
756464
756467
756471
756475
756478
756482
756486
756489
756493
756500
756507
756514
756519
756519

-756452
756452
756453
756454
756455
756456
756459
756462
756465
756468
756472
756476
756479
756484
756487
756489
756492
756501
756509
756515
756520
756520

-756454
756454
756454
756455
756456
756457
756460
756463
756467
756470
756473
756477
756481
756486
756487
756489
756492
756501
756510
756516
756521
756521

-756455
756455
756456
756457
756457
756459
756461
756465
756469
756471
756475
756479
756483
756488
756488
756491
756493
756502
756511
756517
756523
756523

-756457
756457
756457
756458
756459
756461
756463
756466
756470
756473
756477
756480
756484
756491
756490
756494
756498
756504
756513
756519
756524
756524

-756458
756458
756459
756460
756460
756462
756465
756468
756472
756475
756478
756482
756486
756493
756493
756499
756503
756507
756515
756520
756526
756526

-756460
756460
756461
756462
756462
756463
756466
756470
756474
756477
756480
756484
756489
756494
756497
756503
756509
756512
756517
756522
756528
756528

-756463
756463
756464
756464
756465
756465
756469
756472
756476
756480
756483
756487
756491
756496
756501
756506
756514
756516
756521
756525
756530
756530

0
756463
756464
756464
756465
756465
756469
756472
756476
756480
756483
756487
756491
756496
756501
756506
756514
756516
756521
756525
756530
0


0
756454
756456
756456
756457
756459
756461
756464
756467
756470
756474
756478
756482
756486
756490
756495
756500
756504
756510
756516
756522
0

-756454
756454
756456
756456
756457
756459
756461
756464
756467
756470
756474
756478
756482
756486
756490
756495
756500
756504
756510
756516
756522
756522

-756453
756453
756456
756456
756456
756458
756460
756463
756466
756469
756473
756477
756481
756485
756489
756494
756499
756503
756509
756515
756521
756521

-756453
756453
756456
756456
756456
756459
756460
756463
756466
756469
756473
756477
756481
756485
756489
756494
756499
756503
756509
756515
756521
756521

-756454
756454
756456
756456
756457
756459
756460
756463
756466
756469
756473
756477
756481
756485
756489
756494
756498
756503
756509
756516
756521
756521

-756454
756454
756456
756456
756457
756459
756460
756463
756466
756469
756473
756477
756481
756486
756490
756494
756499
756504
756510
756516
756521
756521

-756455
756455
756457
756457
756458
756459
756461
756464
756467
756470
756474
756478
756482
756486
756490
756494
756499
756505
756511
756517
756522
756522

-756455
756455
756457
756457
756458
756459
756462
756465
756468
756471
756475
756479
756482
756487
756491
756495
756499
756506
756512
756518
756523
756523

-756456
756456
756457
756458
756459
756460
756463
756466
756469
756472
756476
756480
756483
756488
756491
756495
756499
756506
756513
756519
756524
756524

-756457
756457
756458
756459
756460
756461
756464
756467
756470
756473
756477
756481
756484
756489
756492
756495
756498
756507
756514
756520
756525
756525

-756459
756459
756459
756460
756461
756462
756465
756468
756471
756474
756478
756482
756486
756490
756493
756496
756498
756508
756515
756521
756526
756526

-756460
756460
756461
756461
756462
756464
756466
756469
756473
756476
756480
756483
756487
756492
756495
756497
756499
756509
756516
756522
756527
756527

-756462
756462
756462
756463
756464
756465
756468
756471
756475
756478
756481
756485
756489
756495
756496
756500
756503
756510
756518
756523
756529
756529

-756463
756463
756464
756465
756465
756467
756470
756473
756477
756480
756483
756487
756491
756497
756499
756504
756509
756514
756520
756525
756531
756531

-756466
756466
756466
756467
756467
756468
756471
756475
756478
756482
756485
756489
756493
756499
756502
756508
756515
756518
756522
756527
756532
756532

-756468
756468
756469
756469
756470
756471
756474
756477
756481
756484
756488
756492
756496
756501
756506
756512
756521
756522
756525
756530
756535
756535

0
756468
756469
756469
756470
756471
756474
756477
756481
756484
756488
756492
756496
756501
756506
756512
756521
756522
756525
756530
756535
0


0
756458
756461
756461
756462
756464
756466
756468
756471
756475
756478
756482
756486
756491
756495
756500
756505
756510
756515
756521
756526
0

-756458
756458
756461
756461
756462
756464
756466
756468
756471
756475
756478
756482
756486
756491
756495
756500
756505
756510
756515
756521
756526
756526

-756458
756458
756460
756460
756461
756463
756465
756467
756470
756474
756477
756481
756486
756490
756494
756499
756504
756509
756514
756520
756525
756525

-756458
756458
756460
756460
756461
756463
756465
756467
756470
756474
756478
756482
756486
756490
756494
756499
756504
756509
756514
756520
756525
756525

-756458
756458
756460
756461
756461
756463
756465
756468
756471
756474
756478
756482
756486
756490
756494
756499
756504
756509
756515
756520
756526
756526

-756459
756459
756461
756461
756462
756464
756465
756468
756471
756474
756478
756482
756486
756490
756495
756499
756504
756509
756515
756521
756526
756526

-756459
756459
756461
756462
756462
756464
756466
756469
756472
756475
756479
756483
756487
756491
756495
756500
756504
756510
756516
756521
756527
756527

-756460
756460
756462
756462
756463
756464
756467
756469
756472
756476
756480
756483
756487
756492
756496
756500
756505
756511
756517
756522
756527
756527

-756461
756461
756462
756463
756464
756465
756468
756470
756473
756477
756481
756484
756488
756493
756497
756501
756505
756512
756518
756523
756528
756528

-756462
756462
756463
756464
756465
756466
756469
756472
756475
756478
756482
756485
756489
756494
756498
756501
756505
756513
756519
756524
756529
756529

-756464
756464
756464
756465
756466
756467
756470
756473
756476
756479
756483
756487
756491
756495
756499
756502
756505
756514
756520
756526
756531
756531

-756465
756465
756466
756466
756467
756469
756471
756474
756478
756481
756484
756488
756492
756497
756500
756504
756506
756515
756521
756527
756532
756532

-756467
756467
756467
756468
756469
756470
756473
756476
756479
756483
756486
756490
756494
756499
756502
756506
756509
756516
756523
756528
756534
756534

-756469
756469
756469
756470
756471
756472
756475
756478
756481
756484
756488
756492
756496
756501
756504
756510
756514
756519
756525
756530
756535
756535

-756471
756471
756471
756472
756472
756474
756477
756480
756483
756486
756490
756494
756498
756503
756507
756513
756521
756523
756527
756532
756537
756537

-756473
756473
756474
756474
756475
756476
756479
756482
756486
756489
756493
756497
756501
756506
756511
756517
756526
756528
756530
756535
756540
756540

0
756473
756474
756474
756475
756476
756479
756482
756486
756489
756493
756497
756501
756506
756511
756517
756526
756528
756530
756535
756540
0


0
756463
756465
756466
756467
756468
756470
756473
756476
756479
756483
756487
756491
756496
756500
756505
756510
756516
756521
756526
756531
0

-756463
756463
756465
756466
756467
756468
756470
756473
756476
756479
756483
756487
756491
756496
756500
756505
756510
756516
756521
756526
756531
756531

-756462
756462
756464
756465
756466
756468
756470
756472
756475
756479
756482
756486
756490
756495
756499
756504
756509
756514
756519
756525
756530
756530

-756463
756463
756464
756465
756466
756468
756470
756472
756475
756479
756482
756486
756490
756495
756499
756504
756509
756514
756519
756525
756530
756530

-756463
756463
756465
756465
756466
756468
756470
756473
756475
756479
756483
756486
756491
756495
756499
756504
756509
756514
756520
756525
756530
756530

-756464
756464
756465
756466
756467
756468
756470
756473
756476
756479
756483
756487
756491
756495
756500
756504
756509
756515
756520
756526
756531
756531

-756464
756464
756466
756466
756467
756469
756471
756474
756476
756480
756484
756488
756492
756496
756500
756505
756510
756515
756521
756526
756531
756531

-756465
756465
756466
756467
756468
756469
756472
756474
756477
756481
756484
756488
756492
756497
756501
756505
756510
756516
756522
756527
756532
756532

-756466
756466
756467
756468
756469
756470
756473
756475
756478
756482
756485
756489
756493
756498
756502
756506
756511
756517
756523
756528
756533
756533

-756467
756467
756468
756469
756470
756471
756474
756476
756479
756483
756486
756490
756494
756499
756503
756507
756511
756518
756524
756529
756534
756534

-756469
756469
756469
756470
756471
756472
756475
756478
756481
756484
756488
756492
756496
756500
756504
756508
756512
756519
756525
756530
756535
756535

-756470
756470
756471
756471
756472
756474
756476
756479
756482
756486
756489
756493
756497
756502
756506
756510
756513
756521
756526
756532
756537
756537

-756472
756472
756472
756473
756474
756475
756478
756481
756484
756487
756491
756495
756499
756504
756508
756512
756515
756522
756528
756533
756538
756538

-756474
756474
756474
756475
756476
756477
756480
756483
756486
756489
756493
756497
756501
756506
756510
756515
756520
756525
756530
756535
756540
756540

-756476
756476
756476
756477
756478
756479
756482
756485
756488
756491
756495
756499
756503
756508
756512
756518
756525
756528
756532
756537
756542
756542

-756479
756479
756479
756479
756480
756482
756484
756487
756491
756494
756498
756502
756506
756511
756516
756522
756530
756533
756535
756540
756545
756545

0
756479
756479
756479
756480
756482
756484
756487
756491
756494
756498
756502
756506
756511
756516
756522
756530
756533
756535
756540
756545
0


0
756468
756470
756470
756472
756473
756475
756478
756481
756484
756488
756492
756496
756501
756505
756510
756515
756521
756526
756531
756535
0

-756468
756468
756470
756470
756472
756473
756475
756478
756481
756484
756488
756492
756496
756501
756505
756510
756515
756521
756526
756531
756535
756535

-756467
756467
756469
756470
756471
756472
756474
756477
756480
756483
756487
756491
756495
756500
756504
756509
756514
756520
756525
756530
756534
756534

-756467
756467
756469
756470
756471
756472
756474
756477
756480
756483
756487
756491
756495
756500
756504
756509
756514
756519
756525
756530
756535
756535

-756468
756468
756469
756470
756471
756473
756475
756477
756480
756484
756487
756491
756495
756500
756504
756509
756514
756520
756525
756530
756535
756535

-756468
756468
756470
756470
756472
756473
756475
756478
756481
756484
756488
756492
756496
756500
756505
756510
756514
756520
756525
756530
756535
756535

-756469
756469
756470
756471
756472
756474
756476
756478
756481
756485
756488
756492
756496
756501
756505
756510
756515
756520
756526
756531
756536
756536

-756470
756470
756471
756472
756473
756474
756477
756479
756482
756485
756489
756493
756497
756502
756506
756511
756515
756521
756527
756532
756537
756537

-756471
756471
756472
756473
756474
756475
756478
756480
756483
756486
756490
756494
756498
756503
756507
756512
756516
756522
756528
756533
756538
756538

-756472
756472
756473
756474
756475
756476
756479
756481
756484
756488
756491
756495
756499
756504
756508
756513
756517
756523
756529
756534
756539
756539

-756474
756474
756474
756475
756476
756478
756480
756483
756486
756489
756493
756497
756501
756505
756510
756514
756518
756524
756530
756535
756540
756540

-756475
756475
756476
756476
756478
756479
756481
756484
756487
756491
756494
756498
756502
756507
756511
756516
756519
756526
756531
756536
756541
756541

-756477
756477
756477
756478
756479
756481
756483
756486
756489
756492
756496
756500
756504
756509
756513
756518
756521
756528
756533
756538
756543
756543

-756479
756479
756479
756480
756481
756482
756485
756488
756491
756494
756498
756502
756506
756511
756515
756520
756525
756530
756535
756540
756545
756545

-756481
756481
756481
756482
756483
756484
756487
756490
756493
756496
756500
756504
756508
756513
756518
756524
756530
756533
756537
756542
756547
756547

-756484
756484
756484
756485
756486
756487
756489
756492
756496
756499
756503
756507
756511
756516
756521
756527
756534
756537
756540
756545
756550
756550

0
756484
756484
756485
756486
756487
756489
756492
756496
756499
756503
756507
756511
756516
756521
756527
756534
756537
756540
756545
756550
0


0
756473
756474
756475
756476
756478
756480
756483
756486
756489
756493
756497
756501
756505
756510
756515
756520
756526
756531
756536
756540
0

-756473
756473
756474
756475
756476
756478
756480
756483
756486
756489
756493
756497
756501
756505
756510
756515
756520
756526
756531
756536
756540
756540

-756472
756472
756473
756474
756476
756477
756479
756482
756485
756488
756492
756496
756500
756505
756509
756514
756519
756525
756530
756535
756539
756539

-756473
756473
756474
756475
756476
756477
756479
756482
756485
756488
756492
756496
756500
756505
756509
756514
756519
756525
756530
756535
756539
756539

-756473
756473
756474
756475
756476
756478
756480
756482
756485
756489
756492
756496
756500
756505
756510
756514
756519
756525
756530
756535
756540
756540

-756474
756474
756475
756475
756476
756478
756480
756483
756486
756489
756493
756497
756501
756505
756510
756515
756520
756525
756530
756535
756540
756540

-756474
756474
756475
756476
756477
756479
756481
756483
756486
756490
756493
756497
756501
756506
756511
756515
756520
756526
756531
756536
756541
756541

-756475
756475
756476
756477
756478
756480
756482
756484
756487
756491
756494
756498
756502
756507
756511
756516
756521
756526
756532
756537
756542
756542

-756476
756476
756477
756478
756479
756480
756483
756485
756488
756491
756495
756499
756503
756508
756512
756517
756521
756527
756533
756538
756543
756543

-756477
756477
756478
756479
756480
756482
756484
756486
756489
756493
756496
756500
756504
756509
756513
756518
756522
756528
756534
756539
756544
756544

-756479
756479
756479
756480
756481
756483
756485
756488
756491
756494
756498
756502
756506
756510
756515
756519
756524
756529
756535
756540
756545
756545

-756480
756480
756481
756482
756483
756484
756487
756489
756492
756496
756499
756503
756507
756512
756517
756521
756525
756531
756536
756541
756546
756546

-756482
756482
756483
756483
756484
756486
756488
756491
756494
756497
756501
756505
756509
756514
756518
756523
756527
756533
756538
756543
756548
756548

-756484
756484
756484
756485
756486
756488
756490
756493
756496
756499
756503
756507
756511
756516
756521
756526
756531
756535
756540
756545
756550
756550

-756486
756486
756486
756487
756488
756490
756492
756495
756498
756501
756505
756509
756513
756518
756523
756529
756534
756538
756542
756547
756552
756552

-756489
756489
756489
756490
756491
756493
756495
756498
756501
756504
756508
756512
756516
756521
756526
756532
756538
756542
756545
756550
756555
756555

0
756489
756489
756490
756491
756493
756495
756498
756501
756504
756508
756512
756516
756521
756526
756532
756538
756542
756545
756550
756555
0


0
0
0
0
0
0
0
0
0
0
0
0
0
0
0
0
0
0
0
0
0
0

0
756473
756474
756475
756476
756478
756480
756483
756486
756489
756493
756497
756501
756505
756510
756515
756520
756526
756531
756536
756540
0

0
756472
756473
756474
756476
756477
756479
756482
756485
756488
756492
756496
756500
756505
756509
756514
756519
756525
756530
756535
756539
0

0
756473
756474
756475
756476
756477
756479
756482
756485
756488
756492
756496
756500
756505
756509
756514
756519
756525
756530
756535
756539
0

0
756473
756474
756475
756476
756478
756480
756482
756485
756489
756492
756496
756500
756505
756510
756514
756519
756525
756530
756535
756540
0

0
756474
756475
756475
756476
756478
756480
756483
756486
756489
756493
756497
756501
756505
756510
756515
756520
756525
756530
756535
756540
0

0
756474
756475
756476
756477
756479
756481
756483
756486
756490
756493
756497
756501
756506
756511
756515
756520
756526
756531
756536
756541
0

0
756475
756476
756477
756478
756480
756482
756484
756487
756491
756494
756498
756502
756507
756511
756516
756521
756526
756532
756537
756542
0

0
756476
756477
756478
756479
756480
756483
756485
756488
756491
756495
756499
756503
756508
756512
756517
756521
756527
756533
756538
756543
0

0
756477
756478
756479
756480
756482
756484
756486
756489
756493
756496
756500
756504
756509
756513
756518
756522
756528
756534
756539
756544
0

0
756479
756479
756480
756481
756483
756485
756488
756491
756494
756498
756502
756506
756510
756515
756519
756524
756529
756535
756540
756545
0

0
756480
756481
756482
756483
756484
756487
756489
756492
756496
756499
756503
756507
756512
756517
756521
756525
756531
756536
756541
756546
0

0
756482
756483
756483
756484
756486
756488
756491
756494
756497
756501
756505
756509
756514
756518
756523
756527
756533
756538
756543
756548
0

0
756484
756484
756485
756486
756488
756490
756493
756496
756499
756503
756507
756511
756516
756521
756526
756531
756535
756540
756545
756550
0

0
756486
756486
756487
756488
756490
756492
756495
756498
756501
756505
756509
756513
756518
756523
756529
756534
756538
756542
756547
756552
0

0
756489
756489
756490
756491
756493
756495
756498
756501
756504
756508
756512
756516
756521
756526
756532
756538
756542
756545
756550
756555
0

0
0
0
0
0
0
0
0
0
0
0
0
0
0
0
0
0
0
0
0
0
0


