0
0
0
0
0
0
0
0
0
0
0
0
-0.0467346
0
0
0
0
0
0
0
0
0

0
-0.00328999
-0.00482265
-0.00732057
-0.0255147
-0.10459
-0.0191525
-0.00424467
-0.000814937
-0.00319774
0.00269052
0.00537248
0.267702
-0.0400677
-0.0120824
-0.0104734
-0.0546575
-0.0113008
-0.0109019
-0.009506
-0.00798039
0

0
-0.00332893
0.00366402
-0.00608623
-0.0321245
-0.00302207
-0.014862
-0.0232525
-0.00337973
-0.00319774
0.00164958
0.00864497
-0.0533844
-0.0506637
-0.0143005
-0.00845355
-0.0883893
-0.0142967
-0.011039
-0.00963618
-0.00799826
0

0
-0.00327935
-0.00456766
-0.00839911
-0.0284237
-0.05242
-0.0272462
-0.00510822
-0.00364794
-0.00195242
0.00266527
0.0106556
0.00144446
-0.0700629
-0.0159922
-0.00250733
0.0652429
-0.009694
-0.0111833
-0.00990159
-0.00803311
0

0
-0.00326274
-0.0039715
-0.010553
-0.0275776
-0.138047
-0.0277846
-0.00614348
-0.00191912
-0.00149689
0.00278699
0.0135438
-0.0157329
-0.0029333
-0.0154152
0.013392
0.027537
-0.0109969
-0.0113008
-0.0103275
-0.00808688
0

0
-0.00324429
-0.00369468
0.000834914
-0.0278965
-0.123689
-0.0263389
-0.00615678
-0.00256425
-0.00153821
0.00304286
0.0161977
0.267702
-0.164961
-0.015469
-0.23098
0.0118992
-0.0133501
-0.0105117
-0.010947
-0.00815864
0

0
-0.00322784
-0.00348486
-0.00251764
-0.0264897
-0.146171
-0.0258212
-0.00576511
-0.00313477
-0.00118498
0.00265393
0.0156175
0.134775
-0.0860352
-0.0119412
0.0148512
0.010381
-0.0170084
-0.0211622
-0.0120728
-0.00824737
0

0
-0.00321079
-0.00335136
-0.0036257
-0.0255147
-0.214099
-0.0253737
-0.00508611
-0.00434958
-0.00103495
0.00229618
0.0132308
0.0769653
-0.0470659
-0.00578747
-3.70166e-05
0.0112462
-0.0228747
-0.0221022
-0.0132701
-0.00834539
0

0
-0.00319253
-0.0032117
-0.00361362
-0.0225409
-0.366624
-0.0232525
-0.00414158
0.00042793
-0.000835465
0.00194875
0.0105048
0.046142
-0.0269779
0.0025792
-0.00629139
0.0167377
-0.0332533
-0.0259624
-0.0150648
-0.00845274
0

0
-0.00317145
-0.00302207
-0.00290716
-0.0119363
-0.695613
-0.0153649
-0.00309895
-0.000655354
-0.000813904
0.00164958
0.0079211
0.0285243
-0.0158245
0.0208328
-0.0197397
0.027278
-0.0549912
-0.0329257
-0.0141865
-0.00851854
0

0
-0.00314558
-0.00271388
-0.00180802
2.66365e-06
0.678026
0.0435472
-0.00233145
-0.000896578
-0.000814937
0.00148306
0.00557727
0.0179442
-0.00950559
0.00979056
-0.0061916
0.0455022
0.102316
-0.0211622
-0.0161648
-0.008622
0

0
-0.00311371
-0.00206401
-0.000949604
0.0124234
0.337021
0.0354448
0.000667148
-0.000675623
-0.000823569
0.00162476
0.00334011
0.011312
-0.00544734
0.00524321
-0.00579504
0.077171
-0.104356
-0.0515539
-0.0179565
-0.00871233
0

0
-0.00308072
-0.000255912
-0.000940781
0.0159322
0.189295
0.0292675
0.00213337
-0.000111764
-0.000838419
0.00119244
0.00203608
0.00714552
-0.0029333
0.00147134
-0.0272129
0.128575
-0.146684
-0.0647706
-0.0190667
-0.0087791
0

0
-0.00292416
-0.0278965
0.0154218
0.0165377
0.12028
0.0246772
0.00286975
-0.00119876
-0.000880319
0.00135771
0.000483371
0.00437008
-0.00067422
-0.00715234
0.12119
0.220848
-0.23098
-0.0840684
-0.0190028
-0.00880431
0

0
-0.00304353
-8.25883e-05
0.000123584
0.0159681
0.0883352
0.0213028
0.00325202
-0.00067471
-0.000912769
0.000312932
0.000384465
0.00251586
0.00118661
0.0355631
0.102316
0.38144
-0.384804
-0.110904
-0.0160633
-0.00877501
0

0
-0.00305676
-0.00194333
0.00140982
0.0154218
0.0807822
0.0188246
0.00345202
-0.000469064
-0.000940918
-0.000335222
0.000138345
0.00115219
0.00254108
0.0245175
0.104955
0.689148
-0.674789
-0.1488
-0.00595204
-0.00868008
0

0
0
0
0
0
0
0
0
0
0
0
0
0
0
0
0
0
0
-0.00920801
0
0
0


0
0.00328999
0.00482265
0.00732057
0.0255147
0.10459
0.0191525
0.00424467
0.000814937
0.00319774
-0.00269052
-0.00537248
-0.267702
0.0400677
0.0120824
0.0104734
0.0546575
0.0113008
0.0109019
0.009506
0.00798039
-0.00834539

0.00328999
-0.00328999
-0.00482265
-0.00732057
-0.0255147
-0.10459
-0.0191525
-0.00424467
-0.000814937
-0.00319774
0.00269052
0.00537248
0.267702
-0.0400677
-0.0120824
-0.0104734
-0.0546575
-0.0113008
-0.0109019
-0.009506
-0.00798039
-0.00798039

0.00332893
-0.00332893
0.00366402
-0.00608623
-0.0321245
-0.00302207
-0.014862
-0.0232525
-0.00337973
-0.00319774
0.00164958
0.00864497
-0.0533844
-0.0506637
-0.0143005
-0.00845355
-0.0883893
-0.0142967
-0.011039
-0.00963618
-0.00799826
-0.00799826

0.00327935
-0.00327935
-0.00456766
-0.00839911
-0.0284237
-0.05242
-0.0272462
-0.00510822
-0.00364794
-0.00195242
0.00266527
0.0106556
0.00144446
-0.0700629
-0.0159922
-0.00250733
0.0652429
-0.009694
-0.0111833
-0.00990159
-0.00803311
-0.00803311

0.00326274
-0.00326274
-0.0039715
-0.010553
-0.0275776
-0.138047
-0.0277846
-0.00614348
-0.00191912
-0.00149689
0.00278699
0.0135438
-0.0157329
-0.0029333
-0.0154152
0.013392
0.027537
-0.0109969
-0.0113008
-0.0103275
-0.00808688
-0.00808688

0.00324429
-0.00324429
-0.00369468
0.000834914
-0.0278965
-0.123689
-0.0263389
-0.00615678
-0.00256425
-0.00153821
0.00304286
0.0161977
0.267702
-0.164961
-0.015469
-0.23098
0.0118992
-0.0133501
-0.0105117
-0.010947
-0.00815864
-0.00815864

0.00322784
-0.00322784
-0.00348486
-0.00251764
-0.0264897
-0.146171
-0.0258212
-0.00576511
-0.00313477
-0.00118498
0.00265393
0.0156175
0.134775
-0.0860352
-0.0119412
0.0148512
0.010381
-0.0170084
-0.0211622
-0.0120728
-0.00824737
-0.00824737

0.00321079
-0.00321079
-0.00335136
-0.0036257
-0.0255147
-0.214099
-0.0253737
-0.00508611
-0.00434958
-0.00103495
0.00229618
0.0132308
0.0769653
-0.0470659
-0.00578747
-3.70166e-05
0.0112462
-0.0228747
-0.0221022
-0.0132701
-0.00834539
-0.00834539

0.00319253
-0.00319253
-0.0032117
-0.00361362
-0.0225409
-0.366624
-0.0232525
-0.00414158
0.00042793
-0.000835465
0.00194875
0.0105048
0.046142
-0.0269779
0.0025792
-0.00629139
0.0167377
-0.0332533
-0.0259624
-0.0150648
-0.00845274
-0.00845274

0.00317145
-0.00317145
-0.00302207
-0.00290716
-0.0119363
-0.695613
-0.0153649
-0.00309895
-0.000655354
-0.000813904
0.00164958
0.0079211
0.0285243
-0.0158245
0.0208328
-0.0197397
0.027278
-0.0549912
-0.0329257
-0.0141865
-0.00851854
-0.00851854

0.00314558
-0.00314558
-0.00271388
-0.00180802
2.66365e-06
0.678026
0.0435472
-0.00233145
-0.000896578
-0.000814937
0.00148306
0.00557727
0.0179442
-0.00950559
0.00979056
-0.0061916
0.0455022
0.102316
-0.0211622
-0.0161648
-0.008622
-0.008622

0.00311371
-0.00311371
-0.00206401
-0.000949604
0.0124234
0.337021
0.0354448
0.000667148
-0.000675623
-0.000823569
0.00162476
0.00334011
0.011312
-0.00544734
0.00524321
-0.00579504
0.077171
-0.104356
-0.0515539
-0.0179565
-0.00871233
-0.00871233

0.00308072
-0.00308072
-0.000255912
-0.000940781
0.0159322
0.189295
0.0292675
0.00213337
-0.000111764
-0.000838419
0.00119244
0.00203608
0.00714552
-0.0029333
0.00147134
-0.0272129
0.128575
-0.146684
-0.0647706
-0.0190667
-0.0087791
-0.0087791

0.00292416
-0.00292416
-0.0278965
0.0154218
0.0165377
0.12028
0.0246772
0.00286975
-0.00119876
-0.000880319
0.00135771
0.000483371
0.00437008
-0.00067422
-0.00715234
0.12119
0.220848
-0.23098
-0.0840684
-0.0190028
-0.00880431
-0.00880431

0.00304353
-0.00304353
-8.25883e-05
0.000123584
0.0159681
0.0883352
0.0213028
0.00325202
-0.00067471
-0.000912769
0.000312932
0.000384465
0.00251586
0.00118661
0.0355631
0.102316
0.38144
-0.384804
-0.110904
-0.0160633
-0.00877501
-0.00877501

0.00305676
-0.00305676
-0.00194333
0.00140982
0.0154218
0.0807822
0.0188246
0.00345202
-0.000469064
-0.000940918
-0.000335222
0.000138345
0.00115219
0.00254108
0.0245175
0.104955
0.689148
-0.674789
-0.1488
-0.00595204
-0.00868008
-0.00868008

0
-0.00305676
-0.00194333
0.00140982
0.0154218
0.0807822
0.0188246
0.00345202
-0.000469064
-0.000940918
-0.000335222
0.000138345
0.00115219
0.00254108
0.0245175
0.104955
0.689148
-0.674789
-0.1488
-0.00595204
-0.00868008
0


0
0.00338325
0.00372241
0.00770731
0.02931
0.109293
0.01939
0.00766053
0.00246925
0.00082575
-0.00284089
-0.00975205
-0.103654
0.0317855
0.0133628
0.0113555
0.0359839
0.013315
0.0118742
0.0101865
0.00827247
0

0.00338325
-0.00338325
-0.00372241
-0.00770731
-0.02931
-0.109293
-0.01939
-0.00766053
-0.00246925
-0.00082575
0.00284089
0.00975205
0.103654
-0.0317855
-0.0133628
-0.0113555
-0.0359839
-0.013315
-0.0118742
-0.0101865
-0.00827247
-0.00827247

0.0033813
-0.0033813
-0.00245067
-0.0074485
-0.0294309
-0.0799291
-0.0196028
-0.0109273
-0.00302911
-0.00159343
0.00265625
0.0104222
0.0242105
-0.0374189
-0.0141822
-0.010939
-0.0325964
-0.0133933
-0.0121005
-0.0103427
-0.00829364
-0.00829364

0.00337127
-0.00337127
-0.00369556
-0.00785185
-0.0277002
-0.0770663
-0.0233751
-0.00769396
-0.00306862
-0.0014193
0.00291803
0.0116797
0.0226135
-0.0430641
-0.0148231
-0.01116
0.00988453
-0.0119587
-0.0125573
-0.0106633
-0.00833423
-0.00833423

0.00335851
-0.00335851
-0.00384571
-0.00757076
-0.0268568
-0.0977252
-0.0248186
-0.00688765
-0.00260747
-0.00121248
0.00306548
0.0135825
0.0371837
-0.038648
-0.0145857
-0.0188637
0.0114293
-0.012604
-0.0134236
-0.0111761
-0.00839575
-0.00839575

0.00333931
-0.00333931
-0.00373393
-0.0043803
-0.0263646
-0.104872
-0.0247488
-0.00641108
-0.00263849
-0.00111098
0.00313459
0.015546
0.113823
-0.0717074
-0.0140891
-0.0603205
0.00800214
-0.0146901
-0.015128
-0.0119249
-0.00847688
-0.00847688

0.00331639
-0.00331639
-0.00359197
-0.00426291
-0.025454
-0.123178
-0.0241667
-0.00582452
-0.00271768
-0.000948203
0.00294055
0.0150929
0.0878979
-0.0556584
-0.0107197
-0.0166301
0.00877666
-0.0181244
-0.019844
-0.0129844
-0.00857498
-0.00857498

0.00329078
-0.00329078
-0.00345407
-0.00425773
-0.0239151
-0.158336
-0.0225254
-0.0049951
-0.0026055
-0.000823337
0.00263794
0.013196
0.0606407
-0.0365069
-0.00552795
-0.00639115
0.0119437
-0.023159
-0.0232524
-0.0142022
-0.008684
-0.008684

0.00326287
-0.00326287
-0.00330399
-0.00380672
-0.0201112
-0.202478
-0.0178474
-0.00385418
-0.00118608
-0.000704377
0.0022935
0.0108129
0.0405289
-0.0226817
0.000861916
-0.00384116
0.0186166
-0.0299349
-0.0275599
-0.0155447
-0.00879771
-0.00879771

0.00323308
-0.00323308
-0.00313834
-0.00286809
-0.0114382
-0.194956
-0.00602001
-0.00242359
-0.00096171
-0.000659219
0.00195886
0.0084302
0.0268743
-0.0136135
0.00803586
-0.0032325
0.0301644
-0.0362462
-0.0329769
-0.0164595
-0.00890272
-0.00890272

0.00320286
-0.00320286
-0.00298832
-0.00159854
0.00197694
0.188827
0.0204366
-0.000740941
-0.000823482
-0.000648762
0.00168027
0.00624306
0.017809
-0.0077936
0.00767054
0.00435466
0.0490095
-0.0263456
-0.037789
-0.0180738
-0.0090141
-0.0090141

0.00317579
-0.00317579
-0.00299758
-0.000286505
0.011248
0.181832
0.0263281
0.00118676
-0.000596409
-0.000655156
0.00146981
0.00432312
0.0117906
-0.00367967
0.00718477
0.0125654
0.0787649
-0.0855284
-0.0528025
-0.0198915
-0.00911645
-0.00911645

0.00315578
-0.00315578
-0.00381753
0.00122857
0.0153078
0.136206
0.0259178
0.00251679
-0.000369657
-0.000676061
0.00114627
0.00285086
0.00778053
-0.00137563
0.0076482
0.0260626
0.125648
-0.138416
-0.0684497
-0.0213515
-0.00919687
-0.00919687

0.00312538
-0.00312538
-0.00855787
0.00462427
0.0166298
0.100488
0.0238195
0.00332537
-0.000504267
-0.000713645
0.000873837
0.00163804
0.00504894
0.000660657
0.0105146
0.0772371
0.200162
-0.212623
-0.0876639
-0.0219868
-0.00924234
-0.00924234

0.00309041
-0.00309041
-0.00342497
0.00241875
0.0166539
0.078064
0.0215501
0.00380254
-0.000332059
-0.000752965
0.000320261
0.000964029
0.00313518
0.00247695
0.0240616
0.0940233
0.313887
-0.322845
-0.111263
-0.021084
-0.00924688
-0.00924688

0.00305123
-0.00305123
-0.00209799
0.00213334
0.0163388
0.0655856
0.0195251
0.00408789
-0.000182797
-0.000788857
-0.000178652
0.000457536
0.00168074
0.00386581
0.0262079
0.106851
0.480281
-0.468003
-0.137799
-0.0181386
-0.00921879
-0.00921879

0
-0.00305123
-0.00209799
0.00213334
0.0163388
0.0655856
0.0195251
0.00408789
-0.000182797
-0.000788857
-0.000178652
0.000457536
0.00168074
0.00386581
0.0262079
0.106851
0.480281
-0.468003
-0.137799
-0.0181386
-0.00921879
0


0
0.00346685
0.00374102
0.00763164
0.0300847
0.152124
0.0163437
0.00753863
0.0027405
0.000846099
-0.00304963
-0.011249
-0.0564598
0.0248419
0.0131807
0.0115916
0.022598
0.0133782
0.0126371
0.010719
0.00852152
0

0.00346685
-0.00346685
-0.00374102
-0.00763164
-0.0300847
-0.152124
-0.0163437
-0.00753863
-0.0027405
-0.000846099
0.00304963
0.011249
0.0564598
-0.0248419
-0.0131807
-0.0115916
-0.022598
-0.0133782
-0.0126371
-0.010719
-0.00852152
-0.00852152

0.00346135
-0.00346135
-0.00348264
-0.00748196
-0.0272251
-0.125414
-0.0189383
-0.00823438
-0.00288991
-0.00104551
0.00302228
0.0113561
0.0339926
-0.0274201
-0.0134386
-0.0117853
-0.0174308
-0.0132859
-0.0129477
-0.010893
-0.00854463
-0.00854463

0.00345524
-0.00345524
-0.00375846
-0.00736075
-0.024898
-0.0833481
-0.020357
-0.00739691
-0.00287182
-0.00102796
0.00310617
0.0119728
0.0299115
-0.0302124
-0.0135546
-0.0130191
-0.00292324
-0.0129924
-0.0136213
-0.0112486
-0.0085889
-0.0085889

0.00344362
-0.00344362
-0.00384702
-0.0068704
-0.023717
-0.0782623
-0.0211938
-0.00675847
-0.00268944
-0.000939452
0.00317144
0.0130173
0.0385072
-0.031842
-0.0131705
-0.017596
0.00247288
-0.0136978
-0.014832
-0.0118088
-0.00865534
-0.00865534

0.0034242
-0.0034242
-0.00378771
-0.00566884
-0.0229899
-0.0812856
-0.0211988
-0.00619431
-0.00257642
-0.000855341
0.00316095
0.0139498
0.0603379
-0.0391324
-0.0120959
-0.026125
0.00424612
-0.0155648
-0.0168744
-0.0125996
-0.00874237
-0.00874237

0.00339867
-0.00339867
-0.0036739
-0.00507592
-0.0219834
-0.0903694
-0.0203394
-0.00551846
-0.00243999
-0.00075981
0.00300377
0.0135784
0.0557445
-0.0343796
-0.00926405
-0.014284
0.006877
-0.0186459
-0.020176
-0.0136377
-0.00884689
-0.00884689

0.00336861
-0.00336861
-0.0035381
-0.00458048
-0.0199981
-0.102093
-0.0179747
-0.00461098
-0.00214457
-0.000674502
0.00273625
0.0121736
0.0438253
-0.0254243
-0.00518036
-0.00600159
0.0112687
-0.0230936
-0.0238721
-0.0148659
-0.00896386
-0.00896386

0.00333544
-0.00333544
-0.0033881
-0.003854
-0.0159077
-0.104251
-0.0127622
-0.00340449
-0.00151946
-0.00060168
0.0024061
0.0102729
0.0322114
-0.0170934
-0.0004695
-0.000594812
0.0184557
-0.0290732
-0.0284298
-0.0162398
-0.00908772
-0.00908772

0.00330089
-0.00330089
-0.00324066
-0.00280534
-0.00858146
-0.066921
-0.00304125
-0.00191032
-0.00113725
-0.000564011
0.00205646
0.00826333
0.0229377
-0.0106639
0.00403632
0.00448895
0.0297523
-0.0366091
-0.0342015
-0.0176719
-0.00921222
-0.00921222

0.00326794
-0.00326794
-0.00314505
-0.00151904
0.00131241
0.0587039
0.0110235
-0.000232797
-0.000850805
-0.000553404
0.00171848
0.00635968
0.0160781
-0.00602521
0.00641294
0.0123704
0.0470067
-0.0471442
-0.0416445
-0.0194
-0.00933703
-0.00933703

0.00323943
-0.00323943
-0.00321617
-0.000178952
0.00887031
0.0937477
0.0183963
0.00136952
-0.000587157
-0.000561063
0.00139684
0.0046722
0.0111671
-0.00265986
0.00838751
0.0230588
0.0726889
-0.0798836
-0.0534224
-0.0212967
-0.00945436
-0.00945436

0.00321661
-0.00321661
-0.00367199
0.00117559
0.0131375
0.0886629
0.0208605
0.00260039
-0.000370565
-0.000583555
0.00105236
0.00327549
0.00769252
-0.000284966
0.0110317
0.0390371
0.110684
-0.121623
-0.067647
-0.0230601
-0.00955371
-0.00955371

0.00318847
-0.00318847
-0.00460237
0.00255984
0.0151139
0.0750585
0.0209115
0.00344541
-0.000262217
-0.000618298
0.000702245
0.0021465
0.00521814
0.00164688
0.0152913
0.0649233
0.165727
-0.176727
-0.0844497
-0.0243893
-0.00962715
-0.00962715

0.00312975
-0.00312975
-0.00318679
0.00247399
0.0158038
0.0626772
0.0200115
0.0039998
-0.000116382
-0.000657735
0.000288928
0.00131366
0.00340634
0.0033022
0.0219803
0.0837163
0.241273
-0.248009
-0.103489
-0.025003
-0.00967262
-0.00967262

0.00307022
-0.00307022
-0.00216374
0.00244401
0.0159525
0.0531257
0.0188623
0.00436719
1.66629e-05
-0.000696136
-0.000103469
0.000658284
0.0019817
0.00463519
0.0259859
0.0988383
0.335387
-0.328638
-0.122889
-0.0249133
-0.00969792
-0.00969792

0
-0.00307022
-0.00216374
0.00244401
0.0159525
0.0531257
0.0188623
0.00436719
1.66629e-05
-0.000696136
-0.000103469
0.000658284
0.0019817
0.00463519
0.0259859
0.0988383
0.335387
-0.328638
-0.122889
-0.0249133
-0.00969792
0


0
0.0035467
0.00386765
0.00696573
0.0289175
0.273765
0.00713602
0.0065793
0.00275065
0.000751693
-0.00311001
-0.0111693
-0.0360977
0.0190303
0.0123415
0.0111335
0.0152133
0.0131976
0.0131371
0.0110872
0.00872308
0

0.0035467
-0.0035467
-0.00386765
-0.00696573
-0.0289175
-0.273765
-0.00713602
-0.0065793
-0.00275065
-0.000751693
0.00311001
0.0111693
0.0360977
-0.0190303
-0.0123415
-0.0111335
-0.0152133
-0.0131976
-0.0131371
-0.0110872
-0.00872308
-0.00872308

0.00354213
-0.00354213
-0.00381424
-0.00685229
-0.0215792
-0.132579
-0.0146277
-0.0068532
-0.00277832
-0.000804411
0.00310447
0.0112017
0.0295705
-0.0201976
-0.01234
-0.011295
-0.0119803
-0.0132249
-0.0134966
-0.0112693
-0.0087472
-0.0087472

0.00353478
-0.00353478
-0.00387142
-0.00668104
-0.019249
-0.0750031
-0.0162108
-0.00656499
-0.00273332
-0.000800713
0.00312215
0.0114747
0.0276535
-0.0216101
-0.0121436
-0.0119122
-0.00578174
-0.0134023
-0.0142677
-0.0116394
-0.0087932
-0.0087932

0.00352227
-0.00352227
-0.00388578
-0.00632726
-0.018606
-0.0573977
-0.0167285
-0.00614189
-0.00261086
-0.000758309
0.0031222
0.0119348
0.0311468
-0.022748
-0.0115222
-0.0133231
-0.0014306
-0.0142327
-0.0155745
-0.0122135
-0.00886205
-0.00886205

0.00350268
-0.00350268
-0.00382968
-0.00572714
-0.0182528
-0.056456
-0.0167101
-0.00563484
-0.00246334
-0.000704537
0.00306151
0.0122321
0.0375911
-0.0241253
-0.0102244
-0.0142428
0.00163398
-0.0159639
-0.0175827
-0.0130081
-0.008952
-0.008952

0.00347644
-0.00347644
-0.00372716
-0.00517028
-0.0174318
-0.0602176
-0.0158083
-0.00497536
-0.0022668
-0.00064612
0.00290344
0.0118315
0.0364981
-0.021797
-0.0078498
-0.00928706
0.00508335
-0.018758
-0.0204352
-0.014029
-0.00905995
-0.00905995

0.00344473
-0.00344473
-0.00359586
-0.00455802
-0.0155213
-0.0622499
-0.013446
-0.00409094
-0.00197479
-0.000592352
0.00265468
0.0107586
0.0310264
-0.0171813
-0.00460999
-0.00347169
0.00986444
-0.0228365
-0.0240217
-0.0152568
-0.00918178
-0.00918178

0.00340911
-0.00340911
-0.00344752
-0.00375852
-0.0118818
-0.0548695
-0.00891107
-0.00294446
-0.0015725
-0.000548988
0.0023424
0.00927864
0.0244914
-0.0122069
-0.000917537
0.00218458
0.016855
-0.0285818
-0.0285467
-0.0166727
-0.0093129
-0.0093129

0.00337183
-0.00337183
-0.00330062
-0.00273017
-0.00617683
-0.0277922
-0.00180234
-0.00156631
-0.00121038
-0.00052514
0.00199744
0.00765086
0.0185274
-0.00785291
0.00272821
0.00840991
0.0270809
-0.0367834
-0.034323
-0.0182624
-0.00944852
-0.00944852

0.00333479
-0.00333479
-0.00318969
-0.00154015
0.000816006
0.0223693
0.00681042
-7.60167e-05
-0.000893318
-0.000520247
0.00164405
0.0060555
0.013664
-0.00436784
0.00580639
0.0164267
0.0418278
-0.0495628
-0.0418187
-0.0200672
-0.00958478
-0.00958478

0.0033002
-0.0033002
-0.00316506
-0.000324722
0.00673953
0.0494984
0.0129742
0.00131969
-0.000611361
-0.000530777
0.00129264
0.00460032
0.0099131
-0.0016479
0.00877102
0.0268513
0.0626832
-0.0720415
-0.0518051
-0.0220201
-0.00971525
-0.00971525

0.0032672
-0.0032672
-0.00325841
0.000810902
0.0107064
0.0560934
0.0162375
0.00245765
-0.000374389
-0.000553919
0.000939252
0.00334276
0.00709542
0.000473676
0.0121296
0.0405339
0.0916772
-0.102239
-0.063864
-0.0239563
-0.00983287
-0.00983287

0.00322694
-0.00322694
-0.00333275
0.00174885
0.0129889
0.05349
0.0174977
0.00330473
-0.000193035
-0.000586831
0.000587387
0.00229214
0.00498752
0.0022193
0.0162123
0.0575843
0.130628
-0.140426
-0.0776658
-0.0256933
-0.00993199
-0.00993199

0.00316922
-0.00316922
-0.00277808
0.00216872
0.0141605
0.0482219
0.0176665
0.00390755
-3.24107e-05
-0.00062465
0.000232108
0.00144163
0.00337651
0.00369578
0.0208513
0.0732215
0.179728
-0.185828
-0.0925261
-0.0270863
-0.0100113
-0.0100113

0.00311092
-0.00311092
-0.00218721
0.00241614
0.0147588
0.0428408
0.0173754
0.00433793
0.00010403
-0.000662422
-9.76732e-05
0.000739585
0.00207048
0.00491013
0.0246123
0.0867593
0.23509
-0.233482
-0.106932
-0.0281334
-0.0100748
-0.0100748

0
-0.00311092
-0.00218721
0.00241614
0.0147588
0.0428408
0.0173754
0.00433793
0.00010403
-0.000662422
-9.76732e-05
0.000739585
0.00207048
0.00491013
0.0246123
0.0867593
0.23509
-0.233482
-0.106932
-0.0281334
-0.0100748
0


0
0.00361963
0.00393004
0.00576999
-0.00099345
-0.219987
0.017378
0.00612647
0.00267094
0.000683859
-0.00300463
-0.0103843
-0.025339
0.0145233
0.0112902
0.0103064
0.0113186
0.0129144
0.0133571
0.0112843
0.00887521
0

0.00361963
-0.00361963
-0.00393004
-0.00576999
0.00099345
0.219987
-0.017378
-0.00612647
-0.00267094
-0.000683859
0.00300463
0.0103843
0.025339
-0.0145233
-0.0112902
-0.0103064
-0.0113186
-0.0129144
-0.0133571
-0.0112843
-0.00887521
-0.00887521

0.00361578
-0.00361578
-0.00391777
-0.00580928
-0.00683058
0.103857
-0.00987679
-0.00586394
-0.0026551
-0.00069775
0.00299409
0.0103906
0.0233946
-0.0150238
-0.0111599
-0.0102766
-0.00946454
-0.0130476
-0.0137307
-0.011466
-0.00889939
-0.00889939

0.00360797
-0.00360797
-0.00392263
-0.00579156
-0.0103413
0.019788
-0.0103767
-0.00562956
-0.00259786
-0.00069355
0.00297702
0.0104751
0.0226531
-0.0156317
-0.010789
-0.0102463
-0.00623346
-0.0134309
-0.0145173
-0.011832
-0.00894546
-0.00894546

0.00359544
-0.00359544
-0.00390616
-0.00563553
-0.012161
-0.0140966
-0.0114747
-0.00532693
-0.00249165
-0.000671354
0.00293485
0.010597
0.0238323
-0.0160119
-0.0100313
-0.0100965
-0.00306136
-0.014323
-0.0158028
-0.0123955
-0.00901434
-0.00901434

0.00357672
-0.00357672
-0.00384954
-0.00531487
-0.0129554
-0.0284272
-0.0119364
-0.00491241
-0.00234419
-0.000640244
0.00284176
0.0105617
0.0256202
-0.0159252
-0.00871518
-0.00905474
-2.64095e-05
-0.0159384
-0.0176926
-0.0131676
-0.00910426
-0.00910426

0.00355156
-0.00355156
-0.0037558
-0.00488574
-0.0127477
-0.0349738
-0.011391
-0.00433308
-0.00214695
-0.000606534
0.00267715
0.0101255
0.0249346
-0.0143873
-0.00668381
-0.00576042
0.00348731
-0.0184699
-0.0202828
-0.0141535
-0.00921245
-0.00921245

0.00352061
-0.00352061
-0.00363258
-0.00432133
-0.0113424
-0.0357956
-0.00951346
-0.00354425
-0.0018873
-0.000575938
0.0024408
0.00926344
0.0220939
-0.0116984
-0.00403142
-0.0012673
0.00809622
-0.02217
-0.0236297
-0.0153493
-0.00933552
-0.00933552

0.00348525
-0.00348525
-0.00348901
-0.00357789
-0.00852193
-0.029131
-0.00603049
-0.00253299
-0.00157269
-0.000553039
0.00214802
0.0081006
0.0183167
-0.00860256
-0.000988632
0.00392739
0.0144363
-0.0274473
-0.0278833
-0.0167486
-0.00946957
-0.00946957

0.00344666
-0.00344666
-0.00333906
-0.00265464
-0.00432199
-0.0127293
-0.00100842
-0.00133997
-0.00125304
-0.000542356
0.00182003
0.00679606
0.0145196
-0.00564652
0.00218157
0.0100176
0.0232275
-0.0350197
-0.0332658
-0.0183449
-0.00960991
-0.00960991

0.00340698
-0.00340698
-0.00320275
-0.00161332
0.000628277
0.0109711
0.00470352
-6.80799e-05
-0.000949515
-0.000544696
0.00147624
0.00548224
0.0111644
-0.00307367
0.00529169
0.0174875
0.0353007
-0.0461439
-0.0400508
-0.020132
-0.00975255
-0.00975255

0.00336758
-0.00336758
-0.00309884
-0.000558235
0.00513352
0.0281221
0.0094334
0.0011379
-0.000671942
-0.000558819
0.00112962
0.00424894
0.00839861
-0.000917885
0.00845141
0.0266915
0.0515794
-0.0624665
-0.0484797
-0.0220576
-0.00989199
-0.00989199

0.00332646
-0.00332646
-0.00302098
0.000412177
0.00853442
0.0360051
0.0125645
0.00216652
-0.000430179
-0.000583059
0.000786576
0.00314768
0.00620107
0.00087462
0.0118314
0.0378097
0.0729919
-0.0837725
-0.0583776
-0.0240178
-0.0100225
-0.0100225

0.00328026
-0.00328026
-0.00289452
0.00121066
0.0108027
0.0377454
0.0143036
0.00297935
-0.000228833
-0.000614988
0.000452957
0.0021963
0.0044767
0.00238926
0.0154849
0.0503879
0.100013
-0.109623
-0.0693699
-0.0258892
-0.0101397
-0.0101397

0.0032267
-0.0032267
-0.00258232
0.00175579
0.0122122
0.036548
0.0151159
0.00359429
-5.95478e-05
-0.000650988
0.000134316
0.00139107
0.00310513
0.00367551
0.0191897
0.0626628
0.131871
-0.138722
-0.0807933
-0.0275655
-0.0102417
-0.0102417

0.00317514
-0.00317514
-0.00223472
0.00214014
0.0131092
0.0343788
0.0154478
0.00405645
7.9735e-05
-0.000687412
-0.000155154
0.000706706
0.00196314
0.00474288
0.0224004
0.0736308
0.165519
-0.167979
-0.0915428
-0.0289922
-0.0103288
-0.0103288

0
-0.00317514
-0.00223472
0.00214014
0.0131092
0.0343788
0.0154478
0.00405645
7.9735e-05
-0.000687412
-0.000155154
0.000706706
0.00196314
0.00474288
0.0224004
0.0736308
0.165519
-0.167979
-0.0915428
-0.0289922
-0.0103288
0


0
0.00368541
0.0039376
0.00476586
-0.00303839
-0.124223
0.00619275
0.00496912
0.0025462
0.000674704
-0.00275886
-0.00929059
-0.0186976
0.011244
0.010286
0.00943377
0.00925961
0.0125442
0.0133046
0.0113131
0.00897784
0

0.00368541
-0.00368541
-0.0039376
-0.00476586
0.00303839
0.124223
-0.00619275
-0.00496912
-0.0025462
-0.000674704
0.00275886
0.00929059
0.0186976
-0.011244
-0.010286
-0.00943377
-0.00925961
-0.0125442
-0.0133046
-0.0113131
-0.00897784
-0.00897784

0.00368229
-0.00368229
-0.0039337
-0.00485562
-0.000887389
0.0731469
-0.00510175
-0.00484773
-0.00252364
-0.000679358
0.00274016
0.00927175
0.0180865
-0.0114273
-0.0100967
-0.00925132
-0.0081452
-0.0127343
-0.0136666
-0.011486
-0.00900129
-0.00900129

0.0036753
-0.0036753
-0.00392721
-0.00493208
-0.00441903
0.0312181
-0.0058621
-0.00469937
-0.00246788
-0.000676804
0.00270219
0.00924917
0.0177681
-0.0116075
-0.00965069
-0.00884091
-0.00617384
-0.0131939
-0.0144179
-0.0118335
-0.00904575
-0.00904575

0.00366437
-0.00366437
-0.00390419
-0.00491515
-0.00691841
0.00492165
-0.00706386
-0.0044929
-0.00237453
-0.000666407
0.0026345
0.00919155
0.0180357
-0.0115805
-0.008859
-0.00804977
-0.00382226
-0.0140805
-0.0156209
-0.0123662
-0.00911229
-0.00911229

0.00364825
-0.00364825
-0.0038531
-0.00476242
-0.00834758
-0.00996714
-0.00780079
-0.00417762
-0.00224169
-0.000651296
0.00252235
0.00899605
0.0183382
-0.0111427
-0.00762017
-0.00649867
-0.00116781
-0.0155616
-0.0173516
-0.0130925
-0.00919928
-0.00919928

0.00362626
-0.00362626
-0.00377122
-0.00446562
-0.00868694
-0.0173535
-0.00764772
-0.00370638
-0.00206506
-0.000635189
0.00235427
0.00854905
0.0176772
-0.0100113
-0.00586723
-0.00376156
0.00204616
-0.0178164
-0.0196901
-0.0140184
-0.00930431
-0.00930431

0.0035987
-0.0035987
-0.00366089
-0.0040088
-0.0078804
-0.0189378
-0.00637457
-0.00304836
-0.00184229
-0.000621634
0.00212942
0.00782768
0.0159747
-0.00827388
-0.0036455
-2.59736e-05
0.00618662
-0.0210743
-0.0227182
-0.0151452
-0.00942466
-0.00942466

0.00356582
-0.00356582
-0.0035278
-0.00338134
-0.00591098
-0.0149213
-0.00390143
-0.00220278
-0.00158176
-0.000613766
0.00185714
0.00689285
0.0136606
-0.0062335
-0.0010778
0.00455136
0.0116746
-0.0256672
-0.0265507
-0.0164702
-0.00955608
-0.00955608

0.00352897
-0.00352897
-0.00338137
-0.00260145
-0.00294113
-0.00554063
-0.000411198
-0.00120964
-0.00130565
-0.000614033
0.00155229
0.00583993
0.0111919
-0.00417427
0.00169404
0.0100321
0.0189795
-0.0320813
-0.0313272
-0.017986
-0.00969562
-0.00969562

0.00348984
-0.00348984
-0.00323328
-0.00172471
0.000566243
0.00695026
0.0035231
-0.000150324
-0.00103221
-0.000623351
0.00123034
0.00476008
0.0088739
-0.00226619
0.00457214
0.0165967
0.0286025
-0.0409657
-0.0371818
-0.0196737
-0.00983876
-0.00983876

0.00344832
-0.00344832
-0.00309186
-0.00083174
0.00393893
0.017511
0.00706807
0.000872858
-0.000775202
-0.000641486
0.000904106
0.00372323
0.00685378
-0.000573631
0.00755421
0.0243653
0.0410279
-0.0529146
-0.0441703
-0.0214872
-0.00998084
-0.00998084

0.00340471
-0.00340471
-0.00295167
-5.78795e-07
0.00671858
0.0239972
0.00975516
0.00177785
-0.000544955
-0.000667314
0.000582986
0.00277342
0.00516755
0.000901162
0.0106588
0.0332788
0.0566019
-0.06787
-0.0521428
-0.0233494
-0.010117
-0.010117

0.00335823
-0.00335823
-0.00278526
0.000707708
0.00878014
0.0269484
0.0115494
0.00252613
-0.000346799
-0.000698751
0.000274913
0.0019316
0.00378635
0.00217906
0.0138351
0.0429134
0.0752589
-0.0853374
-0.0607603
-0.025166
-0.0102431
-0.0102431

0.00330976
-0.00330976
-0.00256429
0.00126023
0.010224
0.0277051
0.0126521
0.00311829
-0.000180507
-0.000733398
-1.28113e-05
0.00120021
0.00264885
0.00327431
0.0169029
0.0523889
0.0961276
-0.104245
-0.0694794
-0.0268441
-0.0103562
-0.0103562

0.00326524
-0.00326524
-0.00233815
0.00168384
0.0112488
0.0274649
0.0133369
0.00357872
-4.51871e-05
-0.000768561
-0.000270996
0.000568397
0.00168126
0.00418699
0.0195772
0.060909
0.117174
-0.122707
-0.0775114
-0.0283027
-0.0104543
-0.0104543

0
-0.00326524
-0.00233815
0.00168384
0.0112488
0.0274649
0.0133369
0.00357872
-4.51871e-05
-0.000768561
-0.000270996
0.000568397
0.00168126
0.00418699
0.0195772
0.060909
0.117174
-0.122707
-0.0775114
-0.0283027
-0.0104543
0


0
0.00374556
0.00391954
0.00401337
-0.00399039
-0.075983
0.000907874
0.00397914
0.00242649
0.000728161
-0.00240423
-0.00810032
-0.0142407
0.00902325
0.0094721
0.00872021
0.00818102
0.0120879
0.013001
0.0111808
0.0090324
0

0.00374556
-0.00374556
-0.00391954
-0.00401337
0.00399039
0.075983
-0.000907874
-0.00397914
-0.00242649
-0.000728161
0.00240423
0.00810032
0.0142407
-0.00902325
-0.0094721
-0.00872021
-0.00818102
-0.0120879
-0.013001
-0.0111808
-0.0090324
-0.0090324

0.00374344
-0.00374344
-0.00391837
-0.00410813
0.00179121
0.0537135
-0.00132188
-0.00393839
-0.00240652
-0.000732015
0.00237903
0.00806033
0.0140139
-0.0090626
-0.00926677
-0.00846188
-0.00745264
-0.012295
-0.0133336
-0.011339
-0.00905426
-0.00905426

0.00373846
-0.00373846
-0.00391235
-0.00422534
-0.000940418
0.0305508
-0.00243772
-0.00387113
-0.00235936
-0.000733107
0.00232852
0.00797778
0.0138166
-0.00904553
-0.0088132
-0.00789239
-0.00610563
-0.0127607
-0.0140182
-0.0116562
-0.00909558
-0.00909558

0.0037309
-0.0037309
-0.00389361
-0.00428947
-0.00330302
0.0125377
-0.00372106
-0.00375086
-0.00228198
-0.000731573
0.00224654
0.00783062
0.01374
-0.00885668
-0.0080585
-0.00690151
-0.004306
-0.0135912
-0.0151016
-0.0121409
-0.00915752
-0.00915752

0.00371939
-0.00371939
-0.00385343
-0.00424559
-0.00491054
0.000444887
-0.00462468
-0.00353264
-0.00217061
-0.000728368
0.00212506
0.0075653
0.0135609
-0.00837873
-0.00694379
-0.00529848
-0.002079
-0.0149137
-0.0166432
-0.0128008
-0.00923867
-0.00923867

0.00370303
-0.00370303
-0.00378728
-0.00406287
-0.00559534
-0.00640339
-0.00479898
-0.0031756
-0.00202226
-0.000725326
0.00195819
0.00712799
0.0129278
-0.00751614
-0.00543788
-0.00290822
0.000707342
-0.0168766
-0.0187079
-0.0136418
-0.0093372
-0.0093372

0.00368118
-0.00368118
-0.00369468
-0.00372422
-0.00529377
-0.00868681
-0.00406755
-0.0026563
-0.00183715
-0.000724559
0.0017459
0.00650618
0.0117646
-0.0063057
-0.00356417
0.000271582
0.0042725
-0.0196647
-0.0213688
-0.0146657
-0.00944977
-0.00944977

0.00365396
-0.00365396
-0.00357857
-0.00322862
-0.00403916
-0.00688402
-0.00241436
-0.00197749
-0.00162144
-0.000727962
0.00149464
0.00573295
0.0102289
-0.00488369
-0.00139054
0.00421336
0.00888516
-0.023515
-0.0247089
-0.0158719
-0.00957413
-0.00957413

0.00362226
-0.00362226
-0.00344493
-0.00259868
-0.00200357
-0.0017081
-1.6521e-05
-0.00117413
-0.00138819
-0.000737091
0.00121523
0.00486679
0.00854453
-0.00339947
0.00100038
0.00894266
0.0148345
-0.0287279
-0.0288085
-0.0172506
-0.00970687
-0.00970687

0.00358627
-0.00358627
-0.00330142
-0.00188223
0.000478051
0.00530553
0.00274401
-0.000309058
-0.00115172
-0.000752768
0.000920063
0.00397043
0.0068962
-0.00196289
0.00354022
0.0145085
0.0224042
-0.0356221
-0.0337216
-0.0187793
-0.00984427
-0.00984427

0.00354721
-0.00354721
-0.00315398
-0.00114215
0.00298627
0.0119054
0.0053883
0.000542833
-0.00092471
-0.000774894
0.000620692
0.00309638
0.00539692
-0.000633938
0.0061877
0.0209092
0.0318169
-0.044409
-0.0394272
-0.0204165
-0.00998212
-0.00998212

0.00350588
-0.00350588
-0.00300282
-0.000439754
0.00519805
0.0167469
0.00758475
0.00131869
-0.000716979
-0.000802381
0.00032713
0.0022817
0.00409433
0.000562769
0.00890037
0.0280104
0.0431402
-0.0549887
-0.0457771
-0.0220997
-0.0101161
-0.0101161

0.00346298
-0.00346298
-0.00284174
0.000178628
0.00697111
0.0196746
0.00922919
0.00198202
-0.000535049
-0.000833901
4.7664e-05
0.00154698
0.00298949
0.00162029
0.0115965
0.0354716
0.0561323
-0.0669387
-0.0524848
-0.0237504
-0.0102419
-0.0102419

0.00342049
-0.00342049
-0.0026691
0.000689403
0.00831604
0.0211686
0.0103868
0.00252374
-0.00038168
-0.00086771
-0.000210535
0.000899172
0.00205477
0.00253385
0.0141334
0.0427453
0.0700626
-0.0794819
-0.0591258
-0.0252844
-0.0103562
-0.0103562

0.00338265
-0.00338265
-0.00250692
0.0010967
0.00933142
0.0218723
0.0112069
0.00295371
-0.000257713
-0.000901861
-0.000440408
0.000335566
0.00124841
0.00329569
0.0163264
0.0492466
0.0836194
-0.0914452
-0.0651351
-0.0266156
-0.010455
-0.010455

0
-0.00338265
-0.00250692
0.0010967
0.00933142
0.0218723
0.0112069
0.00295371
-0.000257713
-0.000901861
-0.000440408
0.000335566
0.00124841
0.00329569
0.0163264
0.0492466
0.0836194
-0.0914452
-0.0651351
-0.0266156
-0.010455
0


0
0.00380203
0.00389905
0.00348708
-0.00459436
-0.0529048
-0.00179401
0.00321832
0.0023372
0.000840054
-0.00196815
-0.00693108
-0.0111886
0.00768098
0.00891702
0.0082602
0.00765653
0.0115468
0.0124744
0.010902
0.00904198
0

0.00380203
-0.00380203
-0.00389905
-0.00348708
0.00459436
0.0529048
0.00179401
-0.00321832
-0.0023372
-0.000840054
0.00196815
0.00693108
0.0111886
-0.00768098
-0.00891702
-0.0082602
-0.00765653
-0.0115468
-0.0124744
-0.010902
-0.00904198
-0.00904198

0.0038013
-0.0038013
-0.00390021
-0.00357956
0.00315383
0.0420231
0.00110896
-0.00322104
-0.00232258
-0.000845618
0.00193849
0.00687625
0.0110666
-0.00766564
-0.0087221
-0.00798968
-0.00714211
-0.0117454
-0.0127663
-0.0110406
-0.00906144
-0.00906144

0.00379928
-0.00379928
-0.00389868
-0.00371424
0.00104198
0.0281005
-9.42659e-05
-0.00321456
-0.00228716
-0.000851262
0.00188087
0.00676176
0.010892
-0.00758031
-0.00830576
-0.00740066
-0.00615154
-0.0121778
-0.0133633
-0.0113174
-0.00909813
-0.00909813

0.00379685
-0.00379685
-0.00388915
-0.00382545
-0.00103775
0.0154759
-0.00141005
-0.00316794
-0.00222823
-0.000857315
0.00179194
0.00657321
0.0106852
-0.00736001
-0.00763297
-0.00642326
-0.00474157
-0.0129201
-0.0143018
-0.0117392
-0.00915324
-0.00915324

0.00379227
-0.00379227
-0.00386348
-0.0038549
-0.0026391
0.00589245
-0.00242905
-0.00303837
-0.00214116
-0.000863457
0.00166789
0.00628275
0.0103509
-0.00693672
-0.00666736
-0.00494893
-0.00290641
-0.0140681
-0.0156332
-0.012315
-0.00922575
-0.00922575

0.00378366
-0.00378366
-0.00381614
-0.00376388
-0.00352111
-0.000195726
-0.00285965
-0.00278929
-0.00202351
-0.000870425
0.00150629
0.00586476
0.0097553
-0.0062705
-0.00539426
-0.00288725
-0.000560806
-0.0157406
-0.0174042
-0.0130487
-0.0093135
-0.0093135

0.00377054
-0.00377054
-0.00374547
-0.00353345
-0.0035882
-0.00288258
-0.00255465
-0.00240047
-0.00187551
-0.000879211
0.00130812
0.00531486
0.0088594
-0.0053821
-0.00382778
-0.000199094
0.00243333
-0.0180766
-0.019674
-0.0139427
-0.00941467
-0.00941467

0.00375229
-0.00375229
-0.00365193
-0.00316226
-0.0028655
-0.00251975
-0.00151016
-0.0018742
-0.00170133
-0.000891121
0.00107804
0.00465417
0.00773041
-0.00434066
-0.00200564
0.00312894
0.0062485
-0.0212438
-0.022505
-0.0149972
-0.00952673
-0.00952673

0.00372813
-0.00372813
-0.0035391
-0.00267084
-0.00149796
0.000247299
0.000130855
-0.00123907
-0.0015102
-0.000907446
0.000824288
0.00392161
0.00648618
-0.00323103
1.70328e-05
0.007101
0.0110597
-0.0254216
-0.0259392
-0.016201
-0.00964701
-0.00964701

0.00369899
-0.00369899
-0.00341281
-0.00209919
0.000267089
0.0043884
0.00210156
-0.000544306
-0.00131321
-0.000928675
0.000556947
0.00316193
0.00524059
-0.00212627
0.00218309
0.011713
0.0170201
-0.0307656
-0.0299857
-0.0175319
-0.00977243
-0.00977243

0.00366614
-0.00366614
-0.00327876
-0.00149804
0.00213967
0.00867175
0.00408875
0.000152896
-0.00112092
-0.000954318
0.000286577
0.00241586
0.00407573
-0.00107668
0.00443968
0.0169108
0.0242127
-0.0373336
-0.0345951
-0.0189533
-0.00989933
-0.00989933

0.00363068
-0.00363068
-0.00314049
-0.000916411
0.0038801
0.0122265
0.00584884
0.000801851
-0.00094257
-0.000983647
2.25533e-05
0.0017142
0.00303609
-0.000111859
0.00672675
0.0225465
0.0325842
-0.0449993
-0.0396278
-0.0204113
-0.0100237
-0.0100237

0.00359407
-0.00359407
-0.00299998
-0.000392271
0.00535383
0.0147525
0.00726656
0.00136936
-0.000784824
-0.0010156
-0.000227212
0.00107628
0.00213386
0.000750761
0.00896019
0.0283478
0.0418603
-0.0534209
-0.0448453
-0.0218386
-0.0101414
-0.0101414

0.00355851
-0.00355851
-0.00286207
5.27484e-05
0.00652991
0.0163704
0.00834274
0.00184169
-0.000651607
-0.00104891
-0.000456093
0.000510939
0.00135869
0.00149862
0.0110255
0.0339277
0.0514712
-0.0620372
-0.0499169
-0.0231606
-0.0102484
-0.0102484

0.00352728
-0.00352728
-0.00273953
0.000413324
0.00744764
0.0174013
0.00915085
0.00221985
-0.000544901
-0.00108218
-0.000658283
1.97452e-05
0.000687541
0.00212027
0.0127894
0.0388535
0.0605454
-0.0700782
-0.0544278
-0.0242968
-0.0103401
-0.0103401

0
-0.00352728
-0.00273953
0.000413324
0.00744764
0.0174013
0.00915085
0.00221985
-0.000544901
-0.00108218
-0.000658283
1.97452e-05
0.000687541
0.00212027
0.0127894
0.0388535
0.0605454
-0.0700782
-0.0544278
-0.0242968
-0.0103401
0


0
0.0038565
0.00389074
0.0031724
-0.00503518
-0.0439151
-0.00332619
0.00269349
0.0022918
0.00100392
-0.00147103
-0.00584296
-0.0091847
0.0070647
0.00863754
0.00807269
0.00746988
0.0109269
0.0117564
0.0104951
0.00901112
0

0.0038565
-0.0038565
-0.00389074
-0.0031724
0.00503518
0.0439151
0.00332619
-0.00269349
-0.0022918
-0.00100392
0.00147103
0.00584296
0.0091847
-0.0070647
-0.00863754
-0.00807269
-0.00746988
-0.0109269
-0.0117564
-0.0104951
-0.00901112
-0.00901112

0.00385733
-0.00385733
-0.00389423
-0.00326356
0.00390116
0.0370092
0.00259798
-0.00272275
-0.00228294
-0.0010122
0.00143803
0.00577851
0.00908366
-0.00704331
-0.00846777
-0.00783814
-0.00708722
-0.0111021
-0.0119997
-0.0106099
-0.00902728
-0.00902728

0.00385858
-0.00385858
-0.00389821
-0.0034079
0.00210457
0.0269002
0.00136543
-0.00276136
-0.00226042
-0.00102274
0.00137666
0.00564839
0.00890275
-0.00696171
-0.00812028
-0.00731142
-0.00632592
-0.0114779
-0.0124953
-0.0108385
-0.00905813
-0.00905813

0.00386347
-0.00386347
-0.00390095
-0.00355036
0.000201066
0.0167868
5.51932e-07
-0.00277696
-0.00222139
-0.00103589
0.00128534
0.00544305
0.00864231
-0.00677879
-0.00756006
-0.00646119
-0.00520749
-0.0121143
-0.0132653
-0.0111829
-0.00910431
-0.00910431

0.00386826
-0.00386826
-0.00389216
-0.00363131
-0.00138034
0.00849762
-0.00113162
-0.00272486
-0.00215908
-0.00104973
0.00116315
0.00514797
0.00825438
-0.00644084
-0.006757
-0.00520027
-0.00371535
-0.0130813
-0.0143773
-0.0116594
-0.00916453
-0.00916453

0.00386957
-0.00386957
-0.00386563
-0.00361067
-0.00238576
0.00281524
-0.00176721
-0.00257123
-0.00207189
-0.00106432
0.00101004
0.00475058
0.00767797
-0.00592457
-0.00571108
-0.00348579
-0.00177414
-0.0144779
-0.0158405
-0.0122692
-0.00923865
-0.00923865

0.00386867
-0.00386867
-0.00382054
-0.0034714
-0.00270222
-0.000135243
-0.00177579
-0.00229784
-0.00196016
-0.00107996
0.000827801
0.00425116
0.00689736
-0.00524467
-0.00443034
-0.001267
0.000700919
-0.0164129
-0.0177087
-0.013009
-0.00932428
-0.00932428

0.00386208
-0.00386208
-0.00375395
-0.00320686
-0.00233758
-0.000593253
-0.00114802
-0.00190233
-0.0018253
-0.00109805
0.00061917
0.00366585
0.00595229
-0.00444221
-0.0029318
0.00148192
0.00384357
-0.0190082
-0.0200474
-0.0138881
-0.00941892
-0.00941892

0.00384836
-0.00384836
-0.00366767
-0.00283355
-0.00141092
0.000906933
-1.22192e-06
-0.00140888
-0.00167482
-0.00112006
0.000390341
0.00302331
0.0049198
-0.0035761
-0.00126236
0.00474696
0.00775994
-0.0223823
-0.0228641
-0.0148932
-0.00952118
-0.00952118

0.00382898
-0.00382898
-0.00356704
-0.00238627
-0.000119983
0.00359148
0.00145732
-0.000857848
-0.00151747
-0.00114585
0.00015037
0.00235945
0.00388112
-0.00270201
0.000525835
0.00850325
0.0125389
-0.0266183
-0.0261506
-0.0160039
-0.00962868
-0.00962868

0.00380518
-0.00380518
-0.00345747
-0.0019071
0.00131062
0.0066117
0.00299006
-0.000296212
-0.00136221
-0.00117472
-9.10918e-05
0.0017082
0.00290087
-0.00186208
0.00238227
0.0126844
0.0181994
-0.0317201
-0.0298524
-0.0171871
-0.00973837
-0.00973837

0.00377827
-0.00377827
-0.00334377
-0.00143692
0.00268748
0.00932006
0.00440132
0.000233407
-0.00121709
-0.00120585
-0.000325378
0.0010963
0.0020181
-0.00108461
0.00424686
0.0171512
0.0246468
-0.0375599
-0.0338448
-0.018397
-0.00984654
-0.00984654

0.00374986
-0.00374986
-0.00323023
-0.00100808
0.00388863
0.0114102
0.00558098
0.000701197
-0.00108841
-0.00123836
-0.000545232
0.000541315
0.00124766
-0.000388585
0.00604413
0.0216811
0.0316209
-0.0438545
-0.0379283
-0.0195762
-0.00994924
-0.00994924

0.00372202
-0.00372202
-0.00312255
-0.000640539
0.00486883
0.0128752
0.0065057
0.00109248
-0.00098027
-0.00127131
-0.000744768
5.21872e-05
0.000586173
0.000212496
0.00768226
0.0259778
0.0386632
-0.0501677
-0.0418369
-0.0206599
-0.0100424
-0.0100424

0.00369735
-0.00369735
-0.00302954
-0.000342656
0.00564002
0.0138861
0.00721206
0.00140451
-0.00089507
-0.00130366
-0.000919138
-0.000368109
1.9568e-05
0.000707764
0.0090602
0.0297082
0.0451362
-0.0559344
-0.0452504
-0.0215775
-0.010121
-0.010121

0
-0.00369735
-0.00302954
-0.000342656
0.00564002
0.0138861
0.00721206
0.00140451
-0.00089507
-0.00130366
-0.000919138
-0.000368109
1.9568e-05
0.000707764
0.0090602
0.0297082
0.0451362
-0.0559344
-0.0452504
-0.0215775
-0.010121
0


0
0.0027113
0.0027537
0.00198846
-0.00642337
-0.0456454
-0.00468864
0.00196104
0.00196225
0.000965575
-0.00112984
-0.00505671
-0.00824245
0.00684337
0.00828402
0.00769722
0.00699075
0.00963015
0.0101753
0.00920824
0.00814408
0

0.0027113
-0.0038565
-0.00389074
-0.0031724
0.00503518
0.0439151
0.00332619
-0.00269349
-0.0022918
-0.00100392
0.00147103
0.00584296
0.0091847
-0.0070647
-0.00863754
-0.00807269
-0.00746988
-0.0109269
-0.0117564
-0.0104951
-0.00901112
-0.00814408

0.00271611
-0.00385733
-0.00389423
-0.00326356
0.00390116
0.0370092
0.00259798
-0.00272275
-0.00228294
-0.0010122
0.00143803
0.00577851
0.00908366
-0.00704331
-0.00846777
-0.00783814
-0.00708722
-0.0111021
-0.0119997
-0.0106099
-0.00902728
-0.00815727

0.00272096
-0.00385858
-0.00389821
-0.0034079
0.00210457
0.0269002
0.00136543
-0.00276136
-0.00226042
-0.00102274
0.00137666
0.00564839
0.00890275
-0.00696171
-0.00812028
-0.00731142
-0.00632592
-0.0114779
-0.0124953
-0.0108385
-0.00905813
-0.0081838

0.00273927
-0.00386347
-0.00390095
-0.00355036
0.000201066
0.0167868
5.51932e-07
-0.00277696
-0.00222139
-0.00103589
0.00128534
0.00544305
0.00864231
-0.00677879
-0.00756006
-0.00646119
-0.00520749
-0.0121143
-0.0132653
-0.0111829
-0.00910431
-0.00822039

0.00275983
-0.00386826
-0.00389216
-0.00363131
-0.00138034
0.00849762
-0.00113162
-0.00272486
-0.00215908
-0.00104973
0.00116315
0.00514797
0.00825438
-0.00644084
-0.006757
-0.00520027
-0.00371535
-0.0130813
-0.0143773
-0.0116594
-0.00916453
-0.00826666

0.00277363
-0.00386957
-0.00386563
-0.00361067
-0.00238576
0.00281524
-0.00176721
-0.00257123
-0.00207189
-0.00106432
0.00101004
0.00475058
0.00767797
-0.00592457
-0.00571108
-0.00348579
-0.00177414
-0.0144779
-0.0158405
-0.0122692
-0.00923865
-0.00832649

0.00279187
-0.00386867
-0.00382054
-0.0034714
-0.00270222
-0.000135243
-0.00177579
-0.00229784
-0.00196016
-0.00107996
0.000827801
0.00425116
0.00689736
-0.00524467
-0.00443034
-0.001267
0.000700919
-0.0164129
-0.0177087
-0.013009
-0.00932428
-0.00839396

0.00280324
-0.00386208
-0.00375395
-0.00320686
-0.00233758
-0.000593253
-0.00114802
-0.00190233
-0.0018253
-0.00109805
0.00061917
0.00366585
0.00595229
-0.00444221
-0.0029318
0.00148192
0.00384357
-0.0190082
-0.0200474
-0.0138881
-0.00941892
-0.00846744

0.00280424
-0.00384836
-0.00366767
-0.00283355
-0.00141092
0.000906933
-1.22192e-06
-0.00140888
-0.00167482
-0.00112006
0.000390341
0.00302331
0.0049198
-0.0035761
-0.00126236
0.00474696
0.00775994
-0.0223823
-0.0228641
-0.0148932
-0.00952118
-0.00854799

0.00279917
-0.00382898
-0.00356704
-0.00238627
-0.000119983
0.00359148
0.00145732
-0.000857848
-0.00151747
-0.00114585
0.00015037
0.00235945
0.00388112
-0.00270201
0.000525835
0.00850325
0.0125389
-0.0266183
-0.0261506
-0.0160039
-0.00962868
-0.00863354

0.0027892
-0.00380518
-0.00345747
-0.0019071
0.00131062
0.0066117
0.00299006
-0.000296212
-0.00136221
-0.00117472
-9.10918e-05
0.0017082
0.00290087
-0.00186208
0.00238227
0.0126844
0.0181994
-0.0317201
-0.0298524
-0.0171871
-0.00973837
-0.00872192

0.00277539
-0.00377827
-0.00334377
-0.00143692
0.00268748
0.00932006
0.00440132
0.000233407
-0.00121709
-0.00120585
-0.000325378
0.0010963
0.0020181
-0.00108461
0.00424686
0.0171512
0.0246468
-0.0375599
-0.0338448
-0.018397
-0.00984654
-0.00880977

0.00275934
-0.00374986
-0.00323023
-0.00100808
0.00388863
0.0114102
0.00558098
0.000701197
-0.00108841
-0.00123836
-0.000545232
0.000541315
0.00124766
-0.000388585
0.00604413
0.0216811
0.0316209
-0.0438545
-0.0379283
-0.0195762
-0.00994924
-0.00889347

0.00274269
-0.00372202
-0.00312255
-0.000640539
0.00486883
0.0128752
0.0065057
0.00109248
-0.00098027
-0.00127131
-0.000744768
5.21872e-05
0.000586173
0.000212496
0.00768226
0.0259778
0.0386632
-0.0501677
-0.0418369
-0.0206599
-0.0100424
-0.00896913

0.00272729
-0.00369735
-0.00302954
-0.000342656
0.00564002
0.0138861
0.00721206
0.00140451
-0.00089507
-0.00130366
-0.000919138
-0.000368109
1.9568e-05
0.000707764
0.0090602
0.0297082
0.0451362
-0.0559344
-0.0452504
-0.0215775
-0.010121
-0.00903205

0
-0.00272729
-0.00225166
-0.000115942
0.00485051
0.0119626
0.0059862
0.000984018
-0.000943761
-0.00128643
-0.000991346
-0.000606124
-0.000504692
-0.000603824
0.00559817
0.0221734
0.0360019
-0.0469576
-0.0366177
-0.0177776
-0.00903205
0


0
0
0
0
0
0
0
0
0
0
0
0
0
0
0
0
0
0
0
0
0
0

0
0
0
0
0
0
0
0
0
0
0
0
0
0
0
0
0
0
0
0
0
0

0
0
0
0
0
0
0
0
0
0
0
0
0
0
0
0
0
0
0
0
0
0

0
0
0
0
0
0
0
0
0
0
0
0
0
0
0
0
0
0
0
0
0
0

0
0
0
0
0
0
0
0
0
0
0
0
0
0
0
0
0
0
0
0
0
0

0
0
0
0
0
0
0
0
0
0
0
0
0
0
0
0
0
0
0
0
0
0

0
0
0
0
0
0
0
0
0
0
0
0
0
0
0
0
0
0
0
0
0
0

0
0
0
0
0
0
0
0
0
0
0
0
0
0
0
0
0
0
0
0
0
0

0
0
0
0
0
0
0
0
0
0
0
0
0
0
0
0
0
0
0
0
0
0

0
0
0
0
0
0
0
0
0
0
0
0
0
0
0
0
0
0
0
0
0
0

0
0
0
0
0
0
0
0
0
0
0
0
0
0
0
0
0
0
0
0
0
0

0
0
0
0
0
0
0
0
0
0
0
0
0
0
0
0
0
0
0
0
0
0

0
0
0
0
0
0
0
0
0
0
0
0
0
0
0
0
0
0
0
0
0
0

0
0
0
0
0
0
0
0
0
0
0
0
0
0
0
0
0
0
0
0
0
0

0
0
0
0
0
0
0
0
0
0
0
0
0
0
0
0
0
0
0
0
0
0

0
0
0
0
0
0
0
0
0
0
0
0
0
0
0
0
0
0
0
0
0
0

0
0
0
0
0
0
0
0
0
0
0
0
0
0
0
0
0
0
0
0
0
0


