0
0
0
0
0
0
0
0
0
0
0
0
-10.9076
0
0
0
0
0
0
0
0
0

0
-12.5447
-12.2055
-13.3601
-11.572
-13.2754
-14.9014
-13.6441
-11.0274
-13.0386
-13.5107
-13.4244
-14.0841
-15.3738
-15.5284
-16.0788
-15.5495
-12.7866
-16.5327
-13.6572
-13.3016
0

0
-9.89052
11.2432
-10.2553
-10.1565
-11.8355
-12.5452
-11.4483
-10.7098
-13.0386
-11.222
-10.7154
-11.1506
-11.937
-12.9103
-13.307
-13.965
-11.2451
-12.4065
-10.7555
-10.6281
0

0
-10.4921
-9.4625
-10.8678
-10.958
-11.0646
-11.101
-11.3541
-12.0318
-12.9986
-11.0543
-10.894
-12.3363
-12.1891
-13.102
-13.39
-8.10668
-12.6769
-12.6149
-11.049
-10.8423
0

0
-10.6759
-13.2639
-11.4209
-11.3293
-10.5588
-10.2902
-11.3616
-12.2826
-11.8704
-11.1459
-11.0593
-13.784
-18.5819
-13.1589
-13.2504
-8.35798
-13.4167
-12.7866
-11.0868
-10.913
0

0
-10.6945
-15.3001
-11.9302
-11.3665
-11.052
-10.7831
-11.3169
-11.9048
-11.1976
-11.2157
-11.2633
-14.0841
-15.7407
-13.4162
-10.4746
-12.9594
-13.2888
-12.7715
-11.0969
-10.9746
0

0
-10.7363
-14.4128
-12.0446
-11.4224
-11.5748
-11.3972
-11.3466
-11.6727
-11.2654
-11.1774
-11.393
-12.6077
-12.7405
-13.7438
-12.6974
-14.4262
-13.5453
-12.5789
-11.1807
-11.0293
0

0
-10.7897
-12.3062
-11.8528
-11.572
-11.7038
-11.515
-11.3603
-10.2851
-11.2939
-11.1886
-11.3771
-11.6598
-11.696
-13.649
-13.3445
-11.7686
-13.425
-12.8083
-11.5828
-11.0834
0

0
-10.7908
-11.769
-11.6516
-11.7118
-11.482
-11.4483
-11.1609
-7.03978
-11.1193
-11.2147
-11.3194
-11.4938
-10.4595
-13.005
-13.1529
-10.8044
-13.0791
-13.1717
-12.6728
-11.1379
0

0
-10.7967
-11.8355
-11.6783
-11.7834
-11.6434
-11.4357
-11.019
-8.77645
-10.9559
-11.222
-11.2839
-11.1195
-6.94801
-12.2241
-12.5221
-10.1682
-12.8062
-13.0286
-13.4717
-11.1948
0

0
-10.8216
-11.8362
-11.7504
-11.8061
-12.3442
-11.5639
-11.1469
-10.719
-11.0274
-11.2229
-11.2426
-10.4137
0.396297
-11.4725
-11.345
-8.17268
-9.85382
-12.5789
-12.8025
-11.265
0

0
-10.8351
-11.764
-11.7304
-11.829
-12.7992
-11.8073
-11.2815
-11.2591
-11.1258
-11.2052
-11.1967
-10.2177
12.2583
-11.0393
-10.3465
-5.03732
-9.62439
-11.8937
-11.8397
-11.3037
0

0
-10.7843
-11.6072
-11.4768
-11.845
-12.8936
-11.8298
-11.343
-11.5705
-11.1011
-11.1318
-11.1272
-12.2561
-18.5819
-12.739
-8.51482
-2.54418
-9.8355
-12.1577
-11.7629
-11.23
0

0
-10.5912
-11.3665
-10.4618
-11.6987
-12.5686
-11.5875
-11.2065
-11.5714
-10.9299
-10.9033
-10.9108
-11.3741
-14.1678
-10.7948
-6.16821
-2.56022
-10.4746
-12.0395
-11.9726
-11.001
0

0
-10.1785
-10.8938
-10.8259
-11.2461
-12.442
-11.1556
-10.7855
-10.7093
-10.5319
-10.4939
-10.488
-10.5301
-8.91465
-7.77029
-9.85382
-3.4515
-10.411
-11.3887
-11.5766
-10.5731
0

0
-9.49108
-10.2399
-10.2098
-10.4618
-11.6139
-10.3903
-10.0229
-9.88116
-9.82817
-9.83273
-9.8355
-9.89129
-9.84952
-8.84172
-9.72391
-3.27241
-9.92635
-10.7779
-10.7847
-9.87746
0

0
0
0
0
0
0
0
0
0
0
0
0
0
0
0
0
0
0
-15.0775
0
0
0


0
12.5447
12.2055
13.3601
11.572
13.2754
14.9014
13.6441
11.0274
13.0386
13.5107
13.4244
14.0841
15.3738
15.5284
16.0788
15.5495
12.7866
16.5327
13.6572
13.3016
-11.0834

12.5447
-12.5447
-12.2055
-13.3601
-11.572
-13.2754
-14.9014
-13.6441
-11.0274
-13.0386
-13.5107
-13.4244
-14.0841
-15.3738
-15.5284
-16.0788
-15.5495
-12.7866
-16.5327
-13.6572
-13.3016
-13.3016

9.89052
-9.89052
11.2432
-10.2553
-10.1565
-11.8355
-12.5452
-11.4483
-10.7098
-13.0386
-11.222
-10.7154
-11.1506
-11.937
-12.9103
-13.307
-13.965
-11.2451
-12.4065
-10.7555
-10.6281
-10.6281

10.4921
-10.4921
-9.4625
-10.8678
-10.958
-11.0646
-11.101
-11.3541
-12.0318
-12.9986
-11.0543
-10.894
-12.3363
-12.1891
-13.102
-13.39
-8.10668
-12.6769
-12.6149
-11.049
-10.8423
-10.8423

10.6759
-10.6759
-13.2639
-11.4209
-11.3293
-10.5588
-10.2902
-11.3616
-12.2826
-11.8704
-11.1459
-11.0593
-13.784
-18.5819
-13.1589
-13.2504
-8.35798
-13.4167
-12.7866
-11.0868
-10.913
-10.913

10.6945
-10.6945
-15.3001
-11.9302
-11.3665
-11.052
-10.7831
-11.3169
-11.9048
-11.1976
-11.2157
-11.2633
-14.0841
-15.7407
-13.4162
-10.4746
-12.9594
-13.2888
-12.7715
-11.0969
-10.9746
-10.9746

10.7363
-10.7363
-14.4128
-12.0446
-11.4224
-11.5748
-11.3972
-11.3466
-11.6727
-11.2654
-11.1774
-11.393
-12.6077
-12.7405
-13.7438
-12.6974
-14.4262
-13.5453
-12.5789
-11.1807
-11.0293
-11.0293

10.7897
-10.7897
-12.3062
-11.8528
-11.572
-11.7038
-11.515
-11.3603
-10.2851
-11.2939
-11.1886
-11.3771
-11.6598
-11.696
-13.649
-13.3445
-11.7686
-13.425
-12.8083
-11.5828
-11.0834
-11.0834

10.7908
-10.7908
-11.769
-11.6516
-11.7118
-11.482
-11.4483
-11.1609
-7.03978
-11.1193
-11.2147
-11.3194
-11.4938
-10.4595
-13.005
-13.1529
-10.8044
-13.0791
-13.1717
-12.6728
-11.1379
-11.1379

10.7967
-10.7967
-11.8355
-11.6783
-11.7834
-11.6434
-11.4357
-11.019
-8.77645
-10.9559
-11.222
-11.2839
-11.1195
-6.94801
-12.2241
-12.5221
-10.1682
-12.8062
-13.0286
-13.4717
-11.1948
-11.1948

10.8216
-10.8216
-11.8362
-11.7504
-11.8061
-12.3442
-11.5639
-11.1469
-10.719
-11.0274
-11.2229
-11.2426
-10.4137
0.396297
-11.4725
-11.345
-8.17268
-9.85382
-12.5789
-12.8025
-11.265
-11.265

10.8351
-10.8351
-11.764
-11.7304
-11.829
-12.7992
-11.8073
-11.2815
-11.2591
-11.1258
-11.2052
-11.1967
-10.2177
12.2583
-11.0393
-10.3465
-5.03732
-9.62439
-11.8937
-11.8397
-11.3037
-11.3037

10.7843
-10.7843
-11.6072
-11.4768
-11.845
-12.8936
-11.8298
-11.343
-11.5705
-11.1011
-11.1318
-11.1272
-12.2561
-18.5819
-12.739
-8.51482
-2.54418
-9.8355
-12.1577
-11.7629
-11.23
-11.23

10.5912
-10.5912
-11.3665
-10.4618
-11.6987
-12.5686
-11.5875
-11.2065
-11.5714
-10.9299
-10.9033
-10.9108
-11.3741
-14.1678
-10.7948
-6.16821
-2.56022
-10.4746
-12.0395
-11.9726
-11.001
-11.001

10.1785
-10.1785
-10.8938
-10.8259
-11.2461
-12.442
-11.1556
-10.7855
-10.7093
-10.5319
-10.4939
-10.488
-10.5301
-8.91465
-7.77029
-9.85382
-3.4515
-10.411
-11.3887
-11.5766
-10.5731
-10.5731

9.49108
-9.49108
-10.2399
-10.2098
-10.4618
-11.6139
-10.3903
-10.0229
-9.88116
-9.82817
-9.83273
-9.8355
-9.89129
-9.84952
-8.84172
-9.72391
-3.27241
-9.92635
-10.7779
-10.7847
-9.87746
-9.87746

0
-9.49108
-10.2399
-10.2098
-10.4618
-11.6139
-10.3903
-10.0229
-9.88116
-9.82817
-9.83273
-9.8355
-9.89129
-9.84952
-8.84172
-9.72391
-3.27241
-9.92635
-10.7779
-10.7847
-9.87746
0


0
12.6113
11.1396
13.8389
14.3319
12.3917
13.8835
13.9964
14.9189
12.9854
13.8342
13.8052
13.1435
15.4048
15.2313
15.2691
14.0506
19.3731
17.1737
14.4278
13.6305
0

12.6113
-12.6113
-11.1396
-13.8389
-14.3319
-12.3917
-13.8835
-13.9964
-14.9189
-12.9854
-13.8342
-13.8052
-13.1435
-15.4048
-15.2313
-15.2691
-14.0506
-19.3731
-17.1737
-14.4278
-13.6305
-13.6305

10.0717
-10.0717
-0.846211
-10.7318
-10.2316
-13.4906
-12.3754
-11.0311
-9.89144
-10.5447
-10.9048
-10.9957
-11.6668
-12.5994
-12.5493
-13.097
-14.2552
-12.0616
-12.9552
-11.1385
-10.7888
-10.7888

10.1413
-10.1413
-9.10142
-10.5875
-10.6676
-12.3367
-12.7134
-11.4614
-10.8414
-12.9245
-11.2
-11.0127
-10.3723
-11.9125
-12.7327
-13.0437
-15.3857
-12.1255
-12.8078
-11.4157
-10.9456
-10.9456

10.3479
-10.3479
-8.43626
-10.7331
-11.3025
-10.6481
-11.161
-11.5322
-12.2572
-12.8978
-11.2516
-11.0733
-11.6233
-10.2727
-12.8653
-13.3839
-6.25579
-13.3013
-12.8454
-11.5113
-11.0175
-11.0175

10.6418
-10.6418
-12.0181
-11.4909
-11.559
-10.6855
-10.5331
-11.5136
-12.2813
-11.673
-11.3599
-11.3147
-14.1496
-15.8276
-13.2663
-14.2848
-9.52412
-13.3298
-12.9284
-11.4954
-11.094
-11.094

10.7905
-10.7905
-14.9664
-12.1291
-11.574
-11.5679
-11.2894
-11.4973
-11.9888
-11.2538
-11.3791
-11.5253
-13.7476
-14.9487
-13.9891
-12.2387
-14.9363
-13.4629
-12.7652
-11.3584
-11.1622
-11.1622

10.9046
-10.9046
-13.5981
-12.2297
-11.6729
-12.2827
-11.7878
-11.5582
-11.5723
-11.3797
-11.3476
-11.5765
-12.1225
-12.39
-14.3895
-12.7786
-14.0902
-13.3907
-12.6405
-11.2557
-11.2288
-11.2288

10.9467
-10.9467
-12.0062
-11.9238
-11.85
-12.1081
-11.7616
-11.5098
-9.92514
-11.3494
-11.3657
-11.5074
-11.5286
-11.289
-13.8275
-13.162
-11.2892
-12.9644
-13.1167
-11.7918
-11.2935
-11.2935

10.9534
-10.9534
-11.8474
-11.7848
-11.9775
-11.7153
-11.608
-11.2682
-8.0882
-11.1673
-11.3856
-11.451
-11.3231
-8.55339
-12.5041
-13.0006
-10.5166
-12.9317
-13.5075
-13.2428
-11.3524
-11.3524

10.9726
-10.9726
-11.9946
-11.8732
-12.0144
-11.9176
-11.6252
-11.2314
-9.89774
-11.1304
-11.3864
-11.3996
-10.5723
-3.19504
-11.2286
-11.9631
-9.32389
-13.6759
-12.9264
-13.762
-11.4094
-11.4094

10.9798
-10.9798
-12.0051
-11.9289
-11.9922
-12.7219
-11.8663
-11.3947
-11.2673
-11.2584
-11.3601
-11.319
-9.71288
7.10252
-10.5546
-10.3887
-6.73906
-10.1254
-11.9208
-12.4778
-11.446
-11.446

10.908
-10.908
-11.8453
-11.8185
-11.9498
-12.9424
-12.0112
-11.4582
-11.462
-11.2443
-11.2556
-11.2312
-11.514
-14.8026
-12.2145
-8.90265
-3.86152
-9.21658
-11.7523
-11.3067
-11.3687
-11.3687

10.6751
-10.6751
-11.4684
-11.5385
-11.776
-12.3572
-11.7282
-11.2958
-11.5094
-11.0215
-10.9997
-11.0108
-11.9206
-17.9658
-12.2567
-7.57123
-3.00761
-9.96257
-12.0995
-11.5066
-11.088
-11.088

10.2186
-10.2186
-10.9235
-10.6643
-11.2899
-11.906
-11.1641
-10.8336
-10.9864
-10.5763
-10.5415
-10.5566
-10.7653
-11.3539
-10.5354
-8.10241
-3.76473
-10.0074
-11.6397
-11.4851
-10.6084
-10.6084

9.517
-9.517
-10.2859
-10.225
-10.5011
-11.4044
-10.4217
-10.0685
-9.93111
-9.86955
-9.87586
-9.88219
-9.87081
-8.99723
-8.89849
-9.57927
-4.11351
-9.55746
-10.8506
-10.7446
-9.91064
-9.91064

0
-9.517
-10.2859
-10.225
-10.5011
-11.4044
-10.4217
-10.0685
-9.93111
-9.86955
-9.87586
-9.88219
-9.87081
-8.99723
-8.89849
-9.57927
-4.11351
-9.55746
-10.8506
-10.7446
-9.91064
0


0
12.6799
11.278
13.9354
14.0491
12.5022
14.3152
14.0972
13.7492
14.0725
13.8796
13.9036
14.56
14.649
14.8967
14.9967
16.0891
17.7303
17.0794
14.7916
13.7778
0

12.6799
-12.6799
-11.278
-13.9354
-14.0491
-12.5022
-14.3152
-14.0972
-13.7492
-14.0725
-13.8796
-13.9036
-14.56
-14.649
-14.8967
-14.9967
-16.0891
-17.7303
-17.0794
-14.7916
-13.7778
-13.7778

10.1713
-10.1713
-8.70778
-10.9667
-11.3292
-11.642
-11.4238
-11.3244
-11.7239
-10.7197
-11.1901
-11.1444
-10.3936
-12.329
-12.4973
-12.8249
-12.1384
-14.7026
-13.4689
-11.5729
-10.9953
-10.9953

10.1745
-10.1745
-8.15735
-10.9537
-10.9913
-14.0073
-12.3555
-11.5031
-10.9349
-11.17
-11.2705
-11.2678
-11.8904
-12.2337
-12.6661
-13.0277
-14.6599
-13.3577
-13.0802
-11.6482
-11.1016
-11.1016

10.2513
-10.2513
-8.93001
-10.8446
-11.1839
-12.6122
-12.5116
-11.6082
-11.4144
-12.5354
-11.3276
-11.221
-10.8843
-11.8771
-12.8178
-12.9608
-12.5178
-13.1663
-12.9132
-11.6643
-11.1387
-11.1387

10.4636
-10.4636
-9.5993
-11.0839
-11.5947
-10.8595
-11.3573
-11.6785
-12.1592
-12.4616
-11.4314
-11.3138
-11.8892
-11.8483
-12.9986
-13.3891
-8.06591
-13.3843
-12.9449
-11.6975
-11.2089
-11.2089

10.724
-10.724
-12.2069
-11.6595
-11.7568
-10.7967
-11.074
-11.6388
-12.008
-11.6925
-11.5084
-11.5359
-13.5717
-14.4953
-13.3656
-13.8346
-11.5812
-13.2915
-12.8418
-11.7235
-11.2785
-11.2785

10.9226
-10.9226
-13.8093
-12.1837
-11.7964
-11.8377
-11.6172
-11.6567
-11.915
-11.4568
-11.5164
-11.6837
-13.0544
-13.59
-14.0499
-12.7573
-14.8707
-13.4057
-12.6481
-11.7105
-11.3435
-11.3435

11.0427
-11.0427
-12.889
-12.2552
-11.918
-12.412
-11.9569
-11.692
-11.3506
-11.4941
-11.5086
-11.6776
-11.9253
-11.942
-14.3829
-12.1727
-13.1082
-12.96
-12.6994
-11.6718
-11.413
-11.413

11.086
-11.086
-12.0728
-12.0414
-12.0662
-12.1024
-11.9304
-11.6034
-9.98987
-11.4075
-11.5211
-11.6086
-11.4604
-9.98463
-13.4629
-12.0809
-11.053
-12.2702
-13.3077
-12.0522
-11.4888
-11.4888

11.1046
-11.1046
-11.9913
-11.9765
-12.1533
-11.8982
-11.8045
-11.4389
-9.49172
-11.289
-11.5225
-11.5457
-11.0358
-6.26321
-11.7612
-12.3073
-9.87655
-12.1152
-13.5045
-13.2782
-11.5477
-11.5477

11.1031
-11.1031
-12.0491
-12.0061
-12.1468
-12.3754
-11.8408
-11.4533
-10.7442
-11.3147
-11.4877
-11.453
-10.3425
-0.722449
-10.5786
-11.5022
-7.93231
-11.6875
-12.7541
-13.5349
-11.558
-11.558

11.018
-11.018
-11.9714
-11.9307
-12.0478
-12.948
-12.0038
-11.5095
-11.3303
-11.3272
-11.3685
-11.3036
-10.4032
-5.69681
-10.685
-10.1392
-5.37871
-9.28912
-11.6631
-12.1884
-11.4696
-11.4696

10.7624
-10.7624
-11.662
-11.6488
-11.819
-12.6852
-11.8628
-11.3547
-11.211
-11.1098
-11.0923
-11.0663
-11.3491
-13.6323
-11.3061
-8.8425
-4.05969
-9.35854
-11.5893
-11.2442
-11.1832
-11.1832

10.2823
-10.2823
-11.0942
-11.0763
-11.3423
-11.7484
-11.2602
-10.8948
-10.8847
-10.6445
-10.6164
-10.6269
-11.0937
-14.2519
-10.5812
-8.64832
-4.55867
-9.8608
-11.6176
-11.2311
-10.6745
-10.6745

9.58035
-9.58035
-10.3483
-10.2504
-10.5672
-11.1563
-10.4699
-10.1476
-10.0968
-9.94386
-9.94743
-9.96177
-10.0053
-9.63441
-9.49167
-8.84305
-4.81833
-9.3985
-10.9812
-10.811
-9.97826
-9.97826

0
-9.58035
-10.3483
-10.2504
-10.5672
-11.1563
-10.4699
-10.1476
-10.0968
-9.94386
-9.94743
-9.96177
-10.0053
-9.63441
-9.49167
-8.84305
-4.81833
-9.3985
-10.9812
-10.811
-9.97826
0


0
12.7894
12.9755
14.0128
14.2165
13.5734
14.4059
14.2088
14.0282
14.0188
13.9887
13.9826
14.1445
14.4911
14.7071
14.8419
16.1201
17.2026
16.7825
14.9602
13.906
0

12.7894
-12.7894
-12.9755
-14.0128
-14.2165
-13.5734
-14.4059
-14.2088
-14.0282
-14.0188
-13.9887
-13.9826
-14.1445
-14.4911
-14.7071
-14.8419
-16.1201
-17.2026
-16.7825
-14.9602
-13.906
-13.906

10.2369
-10.2369
-9.23501
-11.1394
-11.3801
-10.0356
-11.6145
-11.434
-11.2954
-11.3406
-11.2618
-11.2843
-11.6366
-12.0052
-12.2392
-12.3303
-12.1274
-14.2068
-13.5163
-11.8147
-11.116
-11.116

10.3427
-10.3427
-9.69871
-11.1637
-11.4815
-12.1295
-11.7877
-11.603
-11.6513
-11.3134
-11.4164
-11.3783
-11.1806
-12.1683
-12.5282
-12.8781
-13.1141
-13.8747
-13.2501
-11.8826
-11.2555
-11.2555

10.3476
-10.3476
-9.51849
-11.133
-11.3622
-14.1679
-12.3085
-11.6855
-11.4183
-11.6329
-11.4359
-11.3934
-11.6494
-12.0482
-12.5788
-12.9541
-14.7752
-13.1203
-12.902
-11.8606
-11.2784
-11.2784

10.4649
-10.4649
-9.96291
-11.168
-11.5581
-13.0496
-12.2938
-11.7731
-11.7653
-12.2714
-11.5023
-11.4208
-11.4109
-12.0516
-12.6676
-12.956
-11.228
-12.9643
-12.752
-11.8891
-11.3287
-11.3287

10.6679
-10.6679
-10.9056
-11.4724
-11.8254
-11.3731
-11.62
-11.7975
-12.1029
-12.1529
-11.5878
-11.5405
-12.2671
-12.4934
-12.8552
-13.357
-10.3201
-12.9776
-12.7848
-11.9106
-11.3909
-11.3909

10.8927
-10.8927
-12.4416
-11.8905
-11.9346
-11.1564
-11.5547
-11.7801
-11.9327
-11.7603
-11.6349
-11.7042
-12.9378
-13.3956
-13.283
-13.622
-12.9558
-13.2862
-12.8096
-11.9067
-11.4572
-11.4572

11.0744
-11.0744
-13.0192
-12.2334
-12.0062
-12.0104
-11.892
-11.8032
-11.7643
-11.6259
-11.6441
-11.7812
-12.4808
-12.5381
-13.8173
-12.6917
-13.8353
-13.0791
-12.8431
-11.9374
-11.5258
-11.5258

11.1781
-11.1781
-12.5455
-12.2638
-12.1277
-12.4202
-12.0748
-11.797
-11.2157
-11.5963
-11.6477
-11.7525
-11.807
-11.0854
-13.7565
-11.5824
-12.0486
-12.278
-13.0767
-12.0915
-11.5967
-11.5967

11.2208
-11.2208
-12.1904
-12.155
-12.2307
-12.1625
-12.0263
-11.7064
-10.4891
-11.5067
-11.6454
-11.6859
-11.3667
-8.77268
-12.5042
-11.2376
-10.2639
-11.7747
-13.3836
-12.4912
-11.66
-11.66

11.2178
-11.2178
-12.1106
-12.0985
-12.2495
-12.1022
-11.9472
-11.6111
-10.5848
-11.4324
-11.6033
-11.5889
-10.9101
-5.96043
-10.8183
-11.3179
-8.58857
-11.5821
-13.2072
-13.117
-11.6757
-11.6757

11.1246
-11.1246
-12.0057
-11.993
-12.1437
-12.6143
-11.955
-11.563
-11.2211
-11.3876
-11.4704
-11.417
-10.5944
-6.096
-10.0877
-10.7921
-6.61773
-10.5535
-12.4178
-12.9939
-11.569
-11.569

10.8588
-10.8588
-11.7089
-11.6917
-11.8742
-12.7571
-11.8524
-11.396
-11.2798
-11.1807
-11.1814
-11.1326
-10.7534
-8.7325
-10.4398
-9.70993
-5.35671
-9.3294
-11.614
-11.8681
-11.2743
-11.2743

10.369
-10.369
-11.1837
-11.1484
-11.3858
-11.9795
-11.3611
-10.9572
-10.848
-10.7199
-10.6998
-10.6907
-10.8352
-11.3775
-10.5151
-8.82547
-5.42229
-9.46082
-11.4367
-11.1466
-10.7616
-10.7616

9.6716
-9.6716
-10.4751
-10.4108
-10.648
-11.041
-10.5563
-10.2401
-10.1456
-10.0387
-10.0411
-10.0544
-10.1853
-10.9345
-9.84191
-8.61652
-5.40823
-9.34418
-11.0817
-10.7633
-10.0724
-10.0724

0
-9.6716
-10.4751
-10.4108
-10.648
-11.041
-10.5563
-10.2401
-10.1456
-10.0387
-10.0411
-10.0544
-10.1853
-10.9345
-9.84191
-8.61652
-5.40823
-9.34418
-11.0817
-10.7633
-10.0724
0


0
12.895
13.3911
14.0931
14.3224
14.508
14.5324
14.3098
14.1463
14.141
14.0616
14.0446
14.1838
14.4025
14.5896
14.6517
15.4861
16.1685
16.4427
15.0385
14.0107
0

12.895
-12.895
-13.3911
-14.0931
-14.3224
-14.508
-14.5324
-14.3098
-14.1463
-14.141
-14.0616
-14.0446
-14.1838
-14.4025
-14.5896
-14.6517
-15.4861
-16.1685
-16.4427
-15.0385
-14.0107
-14.0107

10.3506
-10.3506
-10.2928
-11.2577
-11.4466
-11.0494
-11.7179
-11.4951
-11.3658
-11.3641
-11.3212
-11.3317
-11.5286
-11.8051
-11.9939
-12.1138
-12.9396
-13.568
-13.2951
-11.9396
-11.2009
-11.2009

10.4658
-10.4658
-10.1912
-11.336
-11.6277
-10.25
-11.8127
-11.7012
-11.63
-11.5824
-11.5077
-11.4962
-11.6211
-12.0733
-12.3174
-12.4991
-12.6717
-13.3003
-13.2484
-12.0712
-11.3814
-11.3814

10.4939
-10.4939
-10.2835
-11.3208
-11.6299
-11.6214
-11.9034
-11.7612
-11.7004
-11.6304
-11.5449
-11.5062
-11.5474
-12.0703
-12.377
-12.6677
-13.3526
-13.0508
-12.9556
-12.0363
-11.4097
-11.4097

10.5664
-10.5664
-10.3854
-11.3631
-11.6554
-13.5387
-12.271
-11.8397
-11.7492
-11.8989
-11.5937
-11.5425
-11.6738
-12.0582
-12.4048
-12.7557
-13.5671
-12.9948
-12.833
-12.0417
-11.4544
-11.4544

10.7055
-10.7055
-10.8515
-11.4976
-11.8278
-13.0915
-12.2055
-11.9047
-11.9549
-12.1333
-11.6587
-11.6067
-11.8303
-12.2043
-12.4587
-12.9064
-11.5639
-13.1844
-12.8286
-12.0565
-11.5065
-11.5065

10.8951
-10.8951
-11.6782
-11.7847
-12.0141
-11.8809
-11.893
-11.913
-12.045
-12.0257
-11.7202
-11.7225
-12.3553
-12.5583
-12.6377
-13.3018
-12.0475
-13.3562
-12.8781
-12.0841
-11.5681
-11.5681

11.0877
-11.0877
-12.4743
-12.0923
-12.1108
-11.7056
-11.9058
-11.9132
-11.9222
-11.838
-11.7529
-11.8264
-12.5095
-12.6188
-13.0211
-13.3647
-13.1802
-13.2919
-12.9572
-12.1212
-11.6347
-11.6347

11.2347
-11.2347
-12.65
-12.2917
-12.1963
-12.2068
-12.0921
-11.9237
-11.6983
-11.7517
-11.7641
-11.8546
-12.1552
-11.8394
-13.3916
-12.3093
-12.5216
-12.5634
-13.0629
-12.1976
-11.7034
-11.7034

11.3157
-11.3157
-12.4338
-12.3017
-12.2906
-12.3721
-12.1696
-11.8919
-11.2877
-11.6904
-11.76
-11.8128
-11.7195
-10.5064
-13.0712
-10.931
-10.6724
-11.5663
-13.2705
-12.385
-11.763
-11.763

11.3266
-11.3266
-12.2484
-12.2199
-12.3237
-12.2163
-12.1017
-11.8003
-11.0106
-11.5983
-11.7138
-11.7172
-11.3334
-8.87953
-11.8086
-10.4085
-8.97868
-11.091
-13.2724
-12.6837
-11.7756
-11.7756

11.2317
-11.2317
-12.0825
-12.072
-12.2224
-12.2569
-11.9878
-11.6709
-11.1493
-11.4765
-11.5717
-11.5369
-10.9922
-8.17953
-10.5463
-10.3903
-7.53866
-10.9253
-12.8417
-12.815
-11.6697
-11.6697

10.9614
-10.9614
-11.7793
-11.7649
-11.9393
-12.4195
-11.8171
-11.4486
-11.25
-11.2482
-11.2743
-11.2285
-10.8074
-8.99846
-10.1695
-10.1058
-6.47965
-10.2258
-12.1243
-12.3524
-11.371
-11.371

10.4724
-10.4724
-11.2724
-11.2431
-11.4466
-12.0465
-11.3992
-11.0197
-10.9051
-10.8044
-10.7939
-10.7703
-10.6793
-10.3
-10.266
-9.30167
-6.10348
-9.52765
-11.523
-11.4618
-10.8628
-10.8628

9.7867
-9.7867
-10.594
-10.5428
-10.7403
-11.1173
-10.6674
-10.3449
-10.2142
-10.1475
-10.1503
-10.153
-10.1978
-10.4198
-9.97259
-8.64765
-5.8246
-9.25932
-11.11
-10.7942
-10.1886
-10.1886

0
-9.7867
-10.594
-10.5428
-10.7403
-11.1173
-10.6674
-10.3449
-10.2142
-10.1475
-10.1503
-10.153
-10.1978
-10.4198
-9.97259
-8.64765
-5.8246
-9.25932
-11.11
-10.7942
-10.1886
0


0
13.0039
13.6354
14.1651
14.4119
14.4258
14.5598
14.3783
14.2415
14.2178
14.1219
14.0941
14.2003
14.363
14.5056
14.5379
15.2185
15.4425
16.177
15.0839
14.0943
0

13.0039
-13.0039
-13.6354
-14.1651
-14.4119
-14.4258
-14.5598
-14.3783
-14.2415
-14.2178
-14.1219
-14.0941
-14.2003
-14.363
-14.5056
-14.5379
-15.2185
-15.4425
-16.177
-15.0839
-14.0943
-14.0943

10.4369
-10.4369
-10.7193
-11.3074
-11.4967
-11.6519
-11.6912
-11.5103
-11.3989
-11.3913
-11.3373
-11.3389
-11.472
-11.6647
-11.7842
-11.8451
-12.5235
-12.8309
-13.007
-11.9646
-11.2428
-11.2428

10.6163
-10.6163
-10.744
-11.5033
-11.7163
-11.6127
-12.039
-11.8027
-11.7051
-11.6845
-11.5988
-11.5887
-11.7305
-12.0044
-12.1748
-12.298
-12.8157
-13.1775
-13.266
-12.2227
-11.5023
-11.5023

10.6368
-10.6368
-10.7029
-11.4747
-11.7584
-11.1083
-11.9419
-11.8411
-11.7832
-11.7425
-11.6313
-11.6032
-11.6898
-12.048
-12.2375
-12.4137
-12.8612
-12.9295
-13.0477
-12.1739
-11.525
-11.525

10.7006
-10.7006
-10.8027
-11.5181
-11.8111
-11.7432
-12.0325
-11.9051
-11.8534
-11.8564
-11.6835
-11.6416
-11.7353
-12.0722
-12.2749
-12.5129
-13.2965
-12.9011
-12.9447
-12.1779
-11.5725
-11.5725

10.8034
-10.8034
-11.0368
-11.6124
-11.895
-12.95
-12.2498
-11.9703
-11.9455
-12.0212
-11.7366
-11.6921
-11.8382
-12.1303
-12.3003
-12.5945
-12.7762
-12.9346
-12.9114
-12.1946
-11.6215
-11.6215

10.9518
-10.9518
-11.5024
-11.7921
-12.0463
-12.9039
-12.2235
-12.0143
-12.0475
-12.0887
-11.7938
-11.7706
-12.0678
-12.2766
-12.3759
-12.848
-12.2442
-13.1486
-12.9433
-12.2256
-11.6778
-11.6778

11.1245
-11.1245
-12.0824
-12.0345
-12.1851
-12.2595
-12.1162
-12.0257
-12.0395
-12.0123
-11.8391
-11.8622
-12.3064
-12.3955
-12.5588
-13.1865
-12.7363
-13.4982
-13.0101
-12.2685
-11.741
-11.741

11.283
-11.283
-12.472
-12.2503
-12.2779
-12.1462
-12.1525
-12.032
-11.9223
-11.9147
-11.863
-11.9189
-12.2617
-12.1508
-12.8147
-12.942
-12.5819
-13.2623
-13.1259
-12.3318
-11.8068
-11.8068

11.3918
-11.3918
-12.5221
-12.3554
-12.3525
-12.36
-12.2396
-12.0218
-11.7102
-11.843
-11.8627
-11.9107
-11.9893
-11.4537
-12.8847
-11.7523
-11.0867
-12.1803
-13.2404
-12.43
-11.8614
-11.8614

11.4233
-11.4233
-12.3899
-12.3229
-12.3817
-12.3822
-12.2288
-11.9544
-11.454
-11.7516
-11.8154
-11.8295
-11.6565
-10.4885
-12.376
-10.4355
-9.24637
-11.0365
-13.2593
-12.5519
-11.8685
-11.8685

11.3361
-11.3361
-12.1864
-12.1651
-12.2888
-12.2481
-12.0902
-11.8023
-11.3183
-11.5973
-11.6702
-11.6498
-11.3185
-9.74113
-11.3604
-9.9197
-7.95684
-10.5397
-12.9709
-12.5953
-11.7613
-11.7613

11.0701
-11.0701
-11.8636
-11.8498
-12.0085
-12.167
-11.8441
-11.535
-11.2445
-11.3331
-11.3719
-11.3343
-11.0069
-9.71019
-10.5332
-9.87206
-7.193
-10.4076
-12.4049
-12.3401
-11.4705
-11.4705

10.5911
-10.5911
-11.3682
-11.344
-11.5223
-11.9126
-11.4323
-11.0994
-10.944
-10.8971
-10.8993
-10.8696
-10.7036
-10.1443
-10.2368
-9.5437
-6.64448
-9.98418
-11.7881
-11.7005
-10.9776
-10.9776

9.92286
-9.92286
-10.7164
-10.6732
-10.8456
-11.2188
-10.7753
-10.4607
-10.3163
-10.2708
-10.2743
-10.2656
-10.2148
-10.0699
-9.98043
-8.90301
-6.1546
-9.36283
-11.2189
-10.9605
-10.3247
-10.3247

0
-9.92286
-10.7164
-10.6732
-10.8456
-11.2188
-10.7753
-10.4607
-10.3163
-10.2708
-10.2743
-10.2656
-10.2148
-10.0699
-9.98043
-8.90301
-6.1546
-9.36283
-11.2189
-10.9605
-10.3247
0


0
13.1019
13.7811
14.2212
14.4577
14.575
14.6255
14.432
14.3124
14.2825
14.1715
14.1348
14.2207
14.3544
14.4781
14.4987
15.0247
15.2303
16.0694
15.1225
14.1624
0

13.1019
-13.1019
-13.7811
-14.2212
-14.4577
-14.575
-14.6255
-14.432
-14.3124
-14.2825
-14.1715
-14.1348
-14.2207
-14.3544
-14.4781
-14.4987
-15.0247
-15.2303
-16.0694
-15.1225
-14.1624
-14.1624

10.4821
-10.4821
-10.8768
-11.291
-11.487
-11.4589
-11.5844
-11.4614
-11.3662
-11.3535
-11.2923
-11.2868
-11.3855
-11.5152
-11.5854
-11.5879
-12.0539
-12.2716
-12.709
-11.8939
-11.2217
-11.2217

10.773
-10.773
-11.1222
-11.6462
-11.8508
-11.8969
-12.0688
-11.8925
-11.8064
-11.7865
-11.6955
-11.68
-11.7945
-11.9905
-12.1185
-12.1969
-12.691
-13.0321
-13.2963
-12.3544
-11.6254
-11.6254

10.7882
-10.7882
-11.0419
-11.6203
-11.8423
-11.7903
-12.129
-11.9288
-11.8569
-11.8293
-11.7157
-11.6906
-11.7924
-12.0372
-12.1772
-12.286
-12.6976
-12.8924
-13.1357
-12.2991
-11.6374
-11.6374

10.8412
-10.8412
-11.0987
-11.6495
-11.909
-11.694
-12.0889
-11.9772
-11.9279
-11.9066
-11.7617
-11.7255
-11.8134
-12.0773
-12.2225
-12.3619
-12.8296
-12.7635
-13.033
-12.2942
-11.6782
-11.6782

10.9265
-10.9265
-11.2574
-11.7279
-11.9908
-12.1004
-12.162
-12.0294
-11.9968
-12.0065
-11.8122
-11.7718
-11.8818
-12.1179
-12.2523
-12.4283
-12.9227
-12.7579
-12.9985
-12.3142
-11.7276
-11.7276

11.0473
-11.0473
-11.5469
-11.8606
-12.1018
-12.7335
-12.2862
-12.0832
-12.0691
-12.0922
-11.8656
-11.8344
-12.0074
-12.1908
-12.2947
-12.5435
-12.6302
-12.8955
-13.0193
-12.3495
-11.7834
-11.7834

11.1954
-11.1954
-11.9438
-12.0448
-12.235
-12.7724
-12.3043
-12.1179
-12.1029
-12.102
-11.9146
-11.9093
-12.1712
-12.266
-12.3787
-12.7805
-12.7106
-13.212
-13.0801
-12.3969
-11.8449
-11.8449

11.3458
-11.3458
-12.3102
-12.2364
-12.3463
-12.5022
-12.2922
-12.1318
-12.0585
-12.0488
-11.9475
-11.9705
-12.2374
-12.2047
-12.5007
-12.9131
-12.7035
-13.4465
-13.1618
-12.4537
-11.9075
-11.9075

11.4634
-11.4634
-12.4916
-12.3677
-12.4182
-12.4352
-12.3175
-12.1254
-11.9381
-11.9773
-11.9522
-11.9828
-12.1207
-11.8722
-12.5699
-12.4079
-11.585
-12.9875
-13.2346
-12.5139
-11.9558
-11.9558

11.5083
-11.5083
-12.4627
-12.38
-12.4346
-12.4589
-12.3126
-12.069
-11.7517
-11.881
-11.9044
-11.9182
-11.8734
-11.2981
-12.3828
-11.2203
-9.62546
-11.8028
-13.2261
-12.5566
-11.9543
-11.9543

11.4315
-11.4315
-12.2788
-12.2423
-12.3405
-12.3618
-12.1901
-11.9183
-11.5458
-11.7156
-11.7595
-11.7472
-11.5569
-10.6865
-11.7948
-10.1344
-8.06913
-10.6971
-13.0253
-12.5214
-11.8447
-11.8447

11.1793
-11.1793
-11.9544
-11.9364
-12.074
-12.1613
-11.9223
-11.6382
-11.337
-11.4364
-11.4701
-11.4393
-11.2017
-10.33
-11.0191
-9.71672
-7.42102
-10.2524
-12.5743
-12.3001
-11.5681
-11.5681

10.7229
-10.7229
-11.4743
-11.4526
-11.6111
-11.853
-11.5009
-11.2029
-11.0093
-11.0069
-11.0163
-10.9848
-10.8093
-10.2579
-10.4413
-9.56199
-7.02911
-10.0714
-11.9847
-11.8115
-11.1033
-11.1033

10.0802
-10.0802
-10.849
-10.8116
-10.9663
-11.2742
-10.8867
-10.5934
-10.4373
-10.4102
-10.4149
-10.3982
-10.2966
-9.99457
-10.0367
-9.1342
-6.47709
-9.60582
-11.4007
-11.1498
-10.4796
-10.4796

0
-10.0802
-10.849
-10.8116
-10.9663
-11.2742
-10.8867
-10.5934
-10.4373
-10.4102
-10.4149
-10.3982
-10.2966
-9.99457
-10.0367
-9.1342
-6.47709
-9.60582
-11.4007
-11.1498
-10.4796
0


0
13.1909
13.8715
14.2708
14.5018
14.5729
14.6517
14.4801
14.3758
14.3436
14.2228
14.1794
14.2552
14.3796
14.5109
14.5448
14.9769
15.3354
16.0934
15.1718
14.2265
0

13.1909
-13.1909
-13.8715
-14.2708
-14.5018
-14.5729
-14.6517
-14.4801
-14.3758
-14.3436
-14.2228
-14.1794
-14.2552
-14.3796
-14.5109
-14.5448
-14.9769
-15.3354
-16.0934
-15.1718
-14.2265
-14.2265

10.4749
-10.4749
-10.8818
-11.1996
-11.3677
-11.4301
-11.4878
-11.3477
-11.2651
-11.2502
-11.1846
-11.173
-11.2484
-11.3427
-11.3953
-11.3704
-11.6742
-11.8904
-12.4184
-11.7461
-11.1341
-11.1341

10.9122
-10.9122
-11.3462
-11.7498
-11.9508
-11.9415
-12.0873
-11.9594
-11.8845
-11.8643
-11.7694
-11.748
-11.8404
-11.9908
-12.1024
-12.1462
-12.506
-12.8974
-13.296
-12.4379
-11.7212
-11.7212

10.9418
-10.9418
-11.3019
-11.7504
-11.9542
-11.9718
-12.1723
-12.0073
-11.9412
-11.9172
-11.8038
-11.7763
-11.8686
-12.0533
-12.1789
-12.2499
-12.5644
-12.8785
-13.2158
-12.417
-11.75
-11.75

10.9851
-10.9851
-11.3284
-11.7705
-11.9882
-11.9731
-12.2109
-12.0505
-11.9958
-11.9725
-11.8376
-11.8028
-11.8877
-12.0899
-12.2185
-12.3029
-12.5775
-12.7488
-13.118
-12.401
-11.7794
-11.7794

11.0572
-11.0572
-11.4474
-11.8341
-12.0667
-12.0653
-12.2102
-12.0922
-12.0533
-12.0415
-11.8813
-11.8427
-11.9338
-12.1234
-12.2463
-12.3476
-12.6455
-12.6864
-13.078
-12.4163
-11.8232
-11.8232

11.1614
-11.1614
-11.6592
-11.9455
-12.1689
-12.4026
-12.2848
-12.1414
-12.1116
-12.113
-11.9328
-11.8985
-12.0191
-12.1689
-12.2776
-12.4096
-12.6451
-12.732
-13.0965
-12.4569
-11.8797
-11.8797

11.2914
-11.2914
-11.9494
-12.0968
-12.2888
-12.7388
-12.3736
-12.1885
-12.1533
-12.1529
-11.9843
-11.9648
-12.1305
-12.2141
-12.3226
-12.5267
-12.7074
-12.9058
-13.1486
-12.5111
-11.9435
-11.9435

11.43
-11.43
-12.2499
-12.2619
-12.4045
-12.7616
-12.4107
-12.218
-12.1485
-12.1426
-12.0242
-12.0242
-12.2074
-12.1965
-12.3784
-12.6515
-12.8144
-13.1847
-13.2091
-12.5685
-12.0069
-12.0069

11.5455
-11.5455
-12.453
-12.3889
-12.482
-12.639
-12.4176
-12.218
-12.0797
-12.0903
-12.0341
-12.0452
-12.1709
-12.0256
-12.4004
-12.5049
-12.1257
-13.209
-13.248
-12.6121
-12.0513
-12.0513

11.5933
-11.5933
-12.4844
-12.4158
-12.4893
-12.5592
-12.3889
-12.1629
-11.9394
-11.993
-11.9855
-11.9912
-12.0001
-11.6686
-12.2832
-11.7949
-10.3017
-12.5368
-13.2149
-12.6142
-12.0399
-12.0399

11.5212
-11.5212
-12.338
-12.2959
-12.386
-12.4492
-12.2653
-12.013
-11.7327
-11.8214
-11.84
-11.8291
-11.7217
-11.1998
-11.9127
-10.7376
-8.37509
-11.3805
-13.0445
-12.5351
-11.9236
-11.9236

11.2848
-11.2848
-12.0348
-12.0121
-12.1317
-12.2295
-12.0045
-11.7383
-11.4714
-11.5426
-11.564
-11.5373
-11.3669
-10.774
-11.3159
-9.96379
-7.45424
-10.4899
-12.6841
-12.3198
-11.6614
-11.6614

10.8622
-10.8622
-11.5852
-11.5644
-11.7051
-11.8891
-11.5959
-11.3219
-11.1177
-11.1316
-11.1406
-11.1093
-10.9495
-10.4702
-10.6992
-9.63495
-7.20072
-10.1237
-12.166
-11.9111
-11.2349
-11.2349

10.2577
-10.2577
-10.9946
-10.9624
-11.1035
-11.3456
-11.0173
-10.7468
-10.5823
-10.5686
-10.5728
-10.5514
-10.4345
-10.0926
-10.1891
-9.29006
-6.77528
-9.76802
-11.5938
-11.3235
-10.6513
-10.6513

0
-10.2577
-10.9946
-10.9624
-11.1035
-11.3456
-11.0173
-10.7468
-10.5823
-10.5686
-10.5728
-10.5514
-10.4345
-10.0926
-10.1891
-9.29006
-6.77528
-9.76802
-11.5938
-11.3235
-10.6513
0


0
13.2475
13.911
14.2887
14.5087
14.5614
14.6558
14.4965
14.4031
14.3714
14.2451
14.1973
14.268
14.3924
14.5485
14.6121
15.0132
15.4905
16.1326
15.1959
14.2588
0

13.2475
-13.2475
-13.911
-14.2887
-14.5087
-14.5614
-14.6558
-14.4965
-14.4031
-14.3714
-14.2451
-14.1973
-14.268
-14.3924
-14.5485
-14.6121
-15.0132
-15.4905
-16.1326
-15.1959
-14.2588
-14.2588

10.4893
-10.4893
-10.8657
-11.1347
-11.2856
-11.3306
-11.3871
-11.269
-11.2018
-11.1873
-11.1179
-11.101
-11.1636
-11.2467
-11.3143
-11.3036
-11.5309
-11.8062
-12.2732
-11.654
-11.0832
-11.0832

11.0052
-11.0052
-11.4422
-11.7845
-11.9651
-11.976
-12.1015
-11.9748
-11.9083
-11.8887
-11.7912
-11.7647
-11.8419
-11.9715
-12.0916
-12.1328
-12.4069
-12.835
-13.2458
-12.4477
-11.7597
-11.7597

11.0653
-11.0653
-11.4544
-11.829
-12.0192
-12.0238
-12.1856
-12.0529
-11.9955
-11.9735
-11.8598
-11.8282
-11.9068
-12.0617
-12.1945
-12.2553
-12.4945
-12.8727
-13.2354
-12.4786
-11.8248
-11.8248

11.1135
-11.1135
-11.4904
-11.8605
-12.0557
-12.0782
-12.2506
-12.1015
-12.0504
-12.0289
-11.898
-11.8612
-11.9368
-12.1023
-12.2367
-12.3015
-12.4786
-12.776
-13.1689
-12.4771
-11.8604
-11.8604

11.1794
-11.1794
-11.5938
-11.9197
-12.1237
-12.1579
-12.2682
-12.1413
-12.1001
-12.0846
-11.9371
-11.8977
-11.9768
-12.1309
-12.2584
-12.3256
-12.4638
-12.6919
-13.1339
-12.4921
-11.9008
-11.9008

11.273
-11.273
-11.7725
-12.0201
-12.2202
-12.3659
-12.3148
-12.1866
-12.1506
-12.1431
-11.9853
-11.9491
-12.0454
-12.1649
-12.2812
-12.3594
-12.4644
-12.6852
-13.1531
-12.5351
-11.9556
-11.9556

11.3907
-11.3907
-12.0113
-12.1556
-12.3339
-12.6424
-12.399
-12.2364
-12.1919
-12.1867
-12.0376
-12.0115
-12.1324
-12.1952
-12.3104
-12.4194
-12.5341
-12.7725
-13.2064
-12.5967
-12.0215
-12.0215

11.5202
-11.5202
-12.2639
-12.3057
-12.45
-12.7857
-12.4669
-12.2784
-12.2051
-12.1991
-12.0841
-12.0715
-12.2004
-12.1842
-12.3406
-12.4803
-12.6791
-12.9511
-13.2659
-12.6636
-12.0905
-12.0905

11.6342
-11.6342
-12.4529
-12.4275
-12.5366
-12.7575
-12.4956
-12.2937
-12.1695
-12.1725
-12.1049
-12.101
-12.1932
-12.0734
-12.3386
-12.3924
-12.3056
-13.0479
-13.2947
-12.7114
-12.1415
-12.1415

11.6869
-11.6869
-12.5049
-12.4611
-12.5512
-12.672
-12.4697
-12.2507
-12.0656
-12.0918
-12.0662
-12.0606
-12.0736
-11.8251
-12.2332
-11.9403
-10.8655
-12.7141
-13.2485
-12.7049
-12.1338
-12.1338

11.6231
-11.6231
-12.3882
-12.3552
-12.4498
-12.5416
-12.3471
-12.1098
-11.8811
-11.9286
-11.9288
-11.9132
-11.8399
-11.4633
-11.9453
-11.1341
-8.98038
-11.859
-13.0848
-12.6092
-12.0196
-12.0196

11.4029
-11.4029
-12.1136
-12.0932
-12.2058
-12.3166
-12.0963
-11.8475
-11.618
-11.6599
-11.6677
-11.641
-11.5122
-11.0711
-11.4695
-10.3459
-7.77851
-10.9285
-12.7741
-12.3944
-11.7698
-11.7698

11.0128
-11.0128
-11.6996
-11.6815
-11.8099
-11.9738
-11.7096
-11.4554
-11.2614
-11.2714
-11.2746
-11.2434
-11.1074
-10.7076
-10.9144
-9.85729
-7.37284
-10.3499
-12.3224
-12.0263
-11.376
-11.376

10.4512
-10.4512
-11.1494
-11.1226
-11.2526
-11.4562
-11.1677
-10.9175
-10.7538
-10.7439
-10.7447
-10.7206
-10.6095
-10.2878
-10.3925
-9.46279
-7.0144
-9.92846
-11.787
-11.493
-10.8348
-10.8348

0
-10.4512
-11.1494
-11.1226
-11.2526
-11.4562
-11.1677
-10.9175
-10.7538
-10.7439
-10.7447
-10.7206
-10.6095
-10.2878
-10.3925
-9.46279
-7.0144
-9.92846
-11.787
-11.493
-10.8348
0


0
12.1261
12.7354
13.0735
13.2695
13.3033
13.4034
13.2669
13.1881
13.1594
13.0347
12.9847
13.0474
13.1688
13.3516
13.447
13.8053
14.3557
14.8659
13.9525
13.0611
0

12.1261
-13.2475
-13.911
-14.2887
-14.5087
-14.5614
-14.6558
-14.4965
-14.4031
-14.3714
-14.2451
-14.1973
-14.268
-14.3924
-14.5485
-14.6121
-15.0132
-15.4905
-16.1326
-15.1959
-14.2588
-13.0611

9.80485
-10.4893
-10.8657
-11.1347
-11.2856
-11.3306
-11.3871
-11.269
-11.2018
-11.1873
-11.1179
-11.101
-11.1636
-11.2467
-11.3143
-11.3036
-11.5309
-11.8062
-12.2732
-11.654
-11.0832
-10.3858

10.2073
-11.0052
-11.4422
-11.7845
-11.9651
-11.976
-12.1015
-11.9748
-11.9083
-11.8887
-11.7912
-11.7647
-11.8419
-11.9715
-12.0916
-12.1328
-12.4069
-12.835
-13.2458
-12.4477
-11.7597
-10.9126

10.2644
-11.0653
-11.4544
-11.829
-12.0192
-12.0238
-12.1856
-12.0529
-11.9955
-11.9735
-11.8598
-11.8282
-11.9068
-12.0617
-12.1945
-12.2553
-12.4945
-12.8727
-13.2354
-12.4786
-11.8248
-10.9737

10.3112
-11.1135
-11.4904
-11.8605
-12.0557
-12.0782
-12.2506
-12.1015
-12.0504
-12.0289
-11.898
-11.8612
-11.9368
-12.1023
-12.2367
-12.3015
-12.4786
-12.776
-13.1689
-12.4771
-11.8604
-11.0081

10.3719
-11.1794
-11.5938
-11.9197
-12.1237
-12.1579
-12.2682
-12.1413
-12.1001
-12.0846
-11.9371
-11.8977
-11.9768
-12.1309
-12.2584
-12.3256
-12.4638
-12.6919
-13.1339
-12.4921
-11.9008
-11.0444

10.4543
-11.273
-11.7725
-12.0201
-12.2202
-12.3659
-12.3148
-12.1866
-12.1506
-12.1431
-11.9853
-11.9491
-12.0454
-12.1649
-12.2812
-12.3594
-12.4644
-12.6852
-13.1531
-12.5351
-11.9556
-11.0914

10.5561
-11.3907
-12.0113
-12.1556
-12.3339
-12.6424
-12.399
-12.2364
-12.1919
-12.1867
-12.0376
-12.0115
-12.1324
-12.1952
-12.3104
-12.4194
-12.5341
-12.7725
-13.2064
-12.5967
-12.0215
-11.1479

10.6684
-11.5202
-12.2639
-12.3057
-12.45
-12.7857
-12.4669
-12.2784
-12.2051
-12.1991
-12.0841
-12.0715
-12.2004
-12.1842
-12.3406
-12.4803
-12.6791
-12.9511
-13.2659
-12.6636
-12.0905
-11.2102

10.7723
-11.6342
-12.4529
-12.4275
-12.5366
-12.7575
-12.4956
-12.2937
-12.1695
-12.1725
-12.1049
-12.101
-12.1932
-12.0734
-12.3386
-12.3924
-12.3056
-13.0479
-13.2947
-12.7114
-12.1415
-11.2642

10.8332
-11.6869
-12.5049
-12.4611
-12.5512
-12.672
-12.4697
-12.2507
-12.0656
-12.0918
-12.0662
-12.0606
-12.0736
-11.8251
-12.2332
-11.9403
-10.8655
-12.7141
-13.2485
-12.7049
-12.1338
-11.2768

10.8003
-11.6231
-12.3882
-12.3552
-12.4498
-12.5416
-12.3471
-12.1098
-11.8811
-11.9286
-11.9288
-11.9132
-11.8399
-11.4633
-11.9453
-11.1341
-8.98038
-11.859
-13.0848
-12.6092
-12.0196
-11.1992

10.6237
-11.4029
-12.1136
-12.0932
-12.2058
-12.3166
-12.0963
-11.8475
-11.618
-11.6599
-11.6677
-11.641
-11.5122
-11.0711
-11.4695
-10.3459
-7.77851
-10.9285
-12.7741
-12.3944
-11.7698
-10.9898

10.2772
-11.0128
-11.6996
-11.6815
-11.8099
-11.9738
-11.7096
-11.4554
-11.2614
-11.2714
-11.2746
-11.2434
-11.1074
-10.7076
-10.9144
-9.85729
-7.37284
-10.3499
-12.3224
-12.0263
-11.376
-10.6323

9.75621
-10.4512
-11.1494
-11.1226
-11.2526
-11.4562
-11.1677
-10.9175
-10.7538
-10.7439
-10.7447
-10.7206
-10.6095
-10.2878
-10.3925
-9.46279
-7.0144
-9.92846
-11.787
-11.493
-10.8348
-10.1263

0
-9.75621
-10.4101
-10.3911
-10.5139
-10.6999
-10.4348
-10.2011
-10.0467
-10.0313
-10.0257
-9.99855
-9.90037
-9.62336
-9.6893
-8.78144
-6.34845
-9.24366
-11.0706
-10.7673
-10.1263
0


0
0
0
0
0
0
0
0
0
0
0
0
0
0
0
0
0
0
0
0
0
0

0
0
0
0
0
0
0
0
0
0
0
0
0
0
0
0
0
0
0
0
0
0

0
0
0
0
0
0
0
0
0
0
0
0
0
0
0
0
0
0
0
0
0
0

0
0
0
0
0
0
0
0
0
0
0
0
0
0
0
0
0
0
0
0
0
0

0
0
0
0
0
0
0
0
0
0
0
0
0
0
0
0
0
0
0
0
0
0

0
0
0
0
0
0
0
0
0
0
0
0
0
0
0
0
0
0
0
0
0
0

0
0
0
0
0
0
0
0
0
0
0
0
0
0
0
0
0
0
0
0
0
0

0
0
0
0
0
0
0
0
0
0
0
0
0
0
0
0
0
0
0
0
0
0

0
0
0
0
0
0
0
0
0
0
0
0
0
0
0
0
0
0
0
0
0
0

0
0
0
0
0
0
0
0
0
0
0
0
0
0
0
0
0
0
0
0
0
0

0
0
0
0
0
0
0
0
0
0
0
0
0
0
0
0
0
0
0
0
0
0

0
0
0
0
0
0
0
0
0
0
0
0
0
0
0
0
0
0
0
0
0
0

0
0
0
0
0
0
0
0
0
0
0
0
0
0
0
0
0
0
0
0
0
0

0
0
0
0
0
0
0
0
0
0
0
0
0
0
0
0
0
0
0
0
0
0

0
0
0
0
0
0
0
0
0
0
0
0
0
0
0
0
0
0
0
0
0
0

0
0
0
0
0
0
0
0
0
0
0
0
0
0
0
0
0
0
0
0
0
0

0
0
0
0
0
0
0
0
0
0
0
0
0
0
0
0
0
0
0
0
0
0


