0
0
0
0
0
0
0
0
0
0
0
0
0
0
0
0
0
0
0
0
0
0

0
-6.45618
-6.72817
-6.75943
-6.3506
-7.0134
-8.05061
-7.0206
-6.01316
-7.64964
-6.79114
-6.67766
-7.62174
-7.01586
-7.7848
-8.2429
-10.2885
-7.34736
-8.2375
-7.19751
-6.80983
0

0
-5.7398
6.28663
-5.74884
-6.09075
-6.41789
-7.08753
-6.26977
-6.77064
-7.64964
-6.09596
-5.90409
-3.87593
-6.03641
-7.04198
-7.32583
-7.81828
-7.50382
-7.16232
-6.34299
-6.05097
0

0
-5.86505
-6.21193
-6.10743
-6.24476
-6.57158
-5.81047
-6.32499
-7.08374
-7.12332
-6.08073
-5.97653
-7.13406
-6.35936
-7.06091
-7.66946
0.919961
-7.77674
-7.2757
-6.35234
-6.09727
0

0
-5.85363
-7.55272
-6.31407
-6.2718
-6.02983
-5.79944
-6.2679
-6.63231
-6.62214
-6.11946
-6.05938
-7.71465
-9.28662
-7.12179
-7.82023
-7.44064
-7.77103
-7.34736
-6.29499
-6.11578
0

0
-5.84138
-7.641
-6.56966
-6.27249
-6.17607
-6.08713
-6.2421
-6.70471
-6.38056
-6.12486
-6.14126
-7.62174
-7.18926
-7.2473
-6.84927
-8.23372
-7.99247
-7.40275
-6.20937
-6.13327
0

0
-5.84721
-7.03549
-6.5783
-6.30362
-6.41024
-6.24486
-6.24613
-6.88228
-6.29833
-6.10806
-6.16979
-6.95527
-6.83362
-7.44379
-8.12275
-7.47385
-8.09786
-7.42533
-6.12981
-6.1509
0

0
-5.84959
-6.62247
-6.45672
-6.3506
-6.43194
-6.29598
-6.24901
-6.14913
-6.20536
-6.11013
-6.15138
-6.55822
-6.92609
-7.68681
-7.81394
-7.01194
-8.17384
-7.76602
-6.17834
-6.16905
0

0
-5.85273
-6.46815
-6.38782
-6.41225
-6.25082
-6.26977
-6.16793
-3.51294
-6.05915
-6.10443
-6.12873
-6.38982
-6.56978
-7.77757
-8.03734
-6.75487
-8.28693
-8.03916
-6.80363
-6.1865
0

0
-5.86145
-6.41789
-6.37775
-6.47145
-5.98342
-6.20307
-6.0919
-4.82449
-5.97903
-6.09596
-6.10635
-6.27274
-5.18129
-7.70907
-7.74616
-6.14545
-8.42695
-8.12267
-7.72986
-6.20404
0

0
-5.87601
-6.40734
-6.39185
-6.4888
-6.09967
-6.23061
-6.09811
-5.50732
-6.01316
-6.09546
-6.08508
-6.07574
-1.59161
-7.19597
-6.98634
-4.78408
-6.30782
-7.42533
-7.5962
-6.2318
0

0
-5.89437
-6.41425
-6.41271
-6.48684
-6.95808
-6.41673
-6.15555
-5.75652
-6.05058
-6.09948
-6.0672
-5.82008
6.14058
-6.56434
-6.2135
-2.51386
-7.08229
-7.70198
-7.10025
-6.25971
0

0
-5.90926
-6.40236
-6.39814
-6.53633
-7.01563
-6.51363
-6.22621
-6.13179
-6.08492
-6.09979
-6.0482
-6.26364
-9.28662
-6.67738
-4.90198
0.0767784
-6.91209
-7.81526
-6.94916
-6.27369
0

0
-5.89595
-6.27249
-6.15414
-6.56164
-7.11727
-6.51114
-6.25102
-6.49555
-6.0882
-6.05932
-6.01015
-6.08989
-7.93366
-5.05108
-2.32446
1.71773
-6.84927
-7.78179
-6.98063
-6.24965
0

0
-5.79353
-6.24325
-6.28908
-6.4749
-7.25543
-6.43013
-6.16556
-6.1704
-5.98687
-5.94066
-5.88939
-5.90148
-5.81836
-1.91751
-6.30782
2.10254
-6.95592
-7.59002
-6.91488
-6.1284
0

0
-5.50882
-5.93858
-5.9693
-6.15414
-6.95445
-6.10746
-5.85837
-5.76175
-5.69582
-5.66146
-5.62247
-5.60676
-5.62853
-5.27988
-5.67539
2.38382
-7.04258
-7.26344
-6.61858
-5.82535
0

0
0
0
0
0
0
0
0
0
0
0
0
0
0
0
0
0
0
0
0
0
0


0
0
0
0
0
0
0
0
0
0
0
0
0
0
0
0
0
0
0
0
0
0

0
-6.57671
-5.88579
-6.95318
-6.71504
-7.00124
-8.01582
-7.22147
-6.59031
-7.9201
-7.01344
-6.90014
-7.25672
-7.32378
-7.94813
-8.46005
-9.64374
-8.09247
-8.5419
-7.44373
-7.02214
0

0
-5.74421
7.23955
-5.84118
-6.16756
-6.80182
-7.00765
-6.36585
-6.68268
-7.10099
-6.17516
-6.01163
-4.62161
-6.21758
-7.09466
-7.38092
-7.5811
-7.54461
-7.29643
-6.45857
-6.14681
0

0
-5.88458
-5.41952
-6.17314
-6.32559
-6.57345
-6.18055
-6.4189
-6.99416
-7.15634
-6.18077
-6.08205
-6.68049
-6.51192
-7.13271
-7.60866
0.883307
-7.83612
-7.40321
-6.47775
-6.19539
0

0
-5.88623
-7.1458
-6.38948
-6.37013
-6.23437
-5.95117
-6.37081
-6.77794
-6.7359
-6.21761
-6.15268
-7.5444
-8.26267
-7.1771
-7.73115
-6.94697
-7.84558
-7.48207
-6.43304
-6.21369
0

0
-5.88284
-7.44921
-6.58524
-6.37849
-6.26685
-6.17553
-6.34229
-6.73024
-6.48148
-6.22772
-6.23177
-7.44399
-7.32408
-7.27641
-7.29704
-8.16921
-8.07394
-7.51237
-6.36781
-6.23145
0

0
-5.89481
-7.0807
-6.65051
-6.40932
-6.50011
-6.33825
-6.34441
-6.85232
-6.38904
-6.21086
-6.2639
-7.00746
-6.94503
-7.44276
-8.12742
-7.70567
-8.21531
-7.54546
-6.31454
-6.24906
0

0
-5.90183
-6.72344
-6.56212
-6.4553
-6.54986
-6.40475
-6.34194
-6.06921
-6.29827
-6.20949
-6.24862
-6.64049
-6.95421
-7.68336
-7.88923
-7.20478
-8.30738
-7.81313
-6.38863
-6.26701
0

0
-5.9077
-6.56796
-6.49548
-6.51417
-6.38513
-6.39107
-6.26328
-4.02873
-6.1604
-6.20308
-6.22623
-6.46475
-6.53549
-7.81388
-7.99756
-6.87063
-8.39999
-8.09898
-6.95807
-6.28475
0

0
-5.91804
-6.51601
-6.48264
-6.57209
-6.1418
-6.32948
-6.20046
-4.95377
-6.08318
-6.1949
-6.2038
-6.33014
-4.91891
-7.75521
-7.76007
-6.19736
-8.48838
-8.20371
-7.52692
-6.30419
0

0
-5.93375
-6.50568
-6.49512
-6.59529
-6.25011
-6.34259
-6.20984
-5.61584
-6.11386
-6.19402
-6.18241
-6.09603
-0.632623
-7.20685
-6.9715
-4.71208
-7.24093
-7.8248
-7.64633
-6.3321
0

0
-5.95231
-6.51152
-6.51104
-6.60069
-7.00298
-6.50879
-6.26301
-5.89545
-6.15248
-6.19549
-6.16485
-5.78569
5.65782
-6.41316
-6.17208
-2.2801
-7.23475
-7.83261
-7.26647
-6.36012
0

0
-5.96396
-6.49265
-6.47571
-6.64204
-7.14467
-6.61943
-6.33046
-6.25921
-6.18316
-6.19207
-6.14227
-6.30626
-8.46886
-6.53471
-4.76446
0.411189
-6.90047
-7.86981
-7.07713
-6.36946
0

0
-5.93808
-6.3955
-6.32639
-6.65193
-7.18531
-6.60534
-6.34123
-6.4642
-6.17211
-6.13879
-6.0909
-6.15116
-7.53968
-4.90913
-3.0605
1.92887
-6.7286
-7.83696
-7.0582
-6.33022
0

0
-5.80592
-6.29649
-6.34233
-6.52924
-7.26092
-6.48471
-6.22004
-6.21333
-6.03909
-5.99098
-5.94107
-5.94344
-5.87378
-2.42003
-6.17216
2.28794
-6.75063
-7.64298
-6.94117
-6.17644
0

0
-5.47143
-5.93972
-5.96665
-6.14449
-6.85031
-6.09691
-5.85487
-5.76323
-5.69646
-5.66524
-5.62708
-5.61068
-5.61872
-5.23008
-5.65814
2.46011
-6.77807
-7.29357
-6.58185
-5.82225
0

0
0
0
0
0
0
0
0
0
0
0
0
0
0
0
0
0
0
0
0
0
0


0
0
0
0
0
0
0
0
0
0
0
0
0
0
0
0
0
0
0
0
0
0

0
-6.52939
-5.30079
-7.04687
-7.35628
-6.33035
-7.44336
-7.32368
-7.92841
-6.82176
-7.18545
-7.08497
-6.23579
-7.6482
-7.97123
-8.44691
-7.85088
-9.60545
-8.9232
-7.70948
-7.17394
0

0
-5.70953
-0.936082
-6.18322
-6.17586
-7.67023
-6.95074
-6.44685
-6.15963
-6.464
-6.22312
-6.17816
-6.84881
-6.61412
-7.02165
-7.27944
-8.07552
-7.57241
-7.53397
-6.62945
-6.23524
0

0
-5.78186
-4.57622
-6.09428
-6.32557
-6.71977
-6.96861
-6.47895
-6.58606
-7.07849
-6.2749
-6.17781
-5.48208
-6.50061
-7.08458
-7.25035
-4.8001
-7.92069
-7.58633
-6.67518
-6.27535
0

0
-5.83627
-5.41972
-6.22878
-6.43523
-6.55377
-6.28168
-6.4779
-6.81765
-6.92676
-6.3
-6.20412
-6.51982
-5.89773
-7.06172
-7.44469
-5.07226
-7.86742
-7.67532
-6.69336
-6.29222
0

0
-5.88982
-6.69021
-6.38608
-6.47471
-6.28928
-6.207
-6.4349
-6.53857
-6.63536
-6.31836
-6.27841
-7.12717
-7.51722
-7.06087
-8.0404
-7.54983
-8.0701
-7.69272
-6.71284
-6.31022
0

0
-5.93235
-7.08407
-6.62807
-6.50156
-6.49926
-6.38043
-6.42775
-6.64662
-6.48908
-6.31499
-6.33678
-7.1071
-7.03034
-7.12703
-7.81769
-8.15682
-8.33812
-7.67206
-6.72174
-6.32764
0

0
-5.96083
-6.88866
-6.67777
-6.54117
-6.7083
-6.523
-6.43556
-6.62113
-6.4243
-6.30378
-6.34315
-6.76643
-6.89447
-7.38594
-7.89725
-7.70098
-8.50603
-7.73083
-6.68418
-6.34655
0

0
-5.97813
-6.70085
-6.62097
-6.58945
-6.68715
-6.57894
-6.42717
-5.93871
-6.33004
-6.29743
-6.32518
-6.53807
-6.70985
-7.7179
-7.64519
-7.23108
-8.5368
-8.00377
-6.6141
-6.36979
0

0
-5.9938
-6.62216
-6.59094
-6.65134
-6.50942
-6.53096
-6.36509
-5.0412
-6.21648
-6.28919
-6.30432
-6.38946
-5.75668
-7.81405
-7.63327
-6.67536
-8.51539
-8.23311
-6.96274
-6.39686
0

0
-6.0126
-6.60138
-6.59311
-6.70299
-6.45631
-6.45678
-6.33163
-5.63136
-6.20166
-6.28505
-6.28378
-6.20708
-3.37734
-7.44215
-6.96172
-5.46551
-9.39647
-8.51327
-7.6799
-6.42074
0

0
-6.03275
-6.60831
-6.60654
-6.72397
-6.80299
-6.533
-6.36279
-5.9706
-6.23858
-6.28659
-6.26306
-5.94204
1.51507
-6.65436
-6.38981
-3.38764
-7.69321
-7.92022
-7.6192
-6.44856
0

0
-6.0424
-6.6186
-6.61602
-6.74122
-7.28434
-6.71369
-6.42058
-6.12914
-6.26536
-6.27872
-6.23733
-6.109
-5.10627
-6.34682
-5.87749
-0.703542
-6.77768
-7.71491
-7.2625
-6.45733
0

0
-6.007
-6.58075
-6.61478
-6.73872
-7.13987
-6.70079
-6.42168
-6.31488
-6.24724
-6.22239
-6.1749
-6.22086
-7.50739
-5.94115
-5.23379
1.21213
-6.52009
-7.66321
-7.08506
-6.40757
0

0
-5.85693
-6.35885
-6.3784
-6.59045
-7.06622
-6.54151
-6.28294
-6.30485
-6.1014
-6.05463
-6.01018
-6.01748
-6.4773
-5.17939
-5.15002
1.86297
-6.31031
-7.49218
-6.91097
-6.23318
0

0
-5.50843
-6.00363
-6.02692
-6.19684
-6.70988
-6.14602
-5.91001
-5.83056
-5.74825
-5.7165
-5.67962
-5.66167
-5.58194
-5.10682
-5.68414
1.81691
-6.17496
-7.16743
-6.56711
-5.86613
0

0
0
0
0
0
0
0
0
0
0
0
0
0
0
0
0
0
0
0
0
0
0


0
0
0
0
0
0
0
0
0
0
0
0
0
0
0
0
0
0
0
0
0
0

0
-6.54672
-5.82091
-7.17127
-7.31912
-6.1591
-7.54365
-7.40026
-7.4091
-7.45087
-7.221
-7.15837
-7.31304
-7.54019
-7.90295
-8.14131
-7.68221
-9.17551
-9.0502
-7.87955
-7.25174
0

0
-5.74241
-5.25465
-6.21915
-6.40522
-6.83583
-6.65805
-6.48035
-6.58836
-6.41309
-6.32202
-6.24889
-6.1028
-6.59447
-6.9645
-7.29771
-7.72852
-8.09262
-7.70329
-6.78909
-6.31322
0

0
-5.7685
-4.94945
-6.24019
-6.38179
-7.35806
-6.81404
-6.52058
-6.47076
-6.59196
-6.34068
-6.27355
-6.39693
-6.56999
-6.98649
-7.28144
-8.62547
-7.92841
-7.66574
-6.81966
-6.34412
0

0
-5.81855
-5.45964
-6.25086
-6.4556
-6.91344
-6.74559
-6.54348
-6.6018
-6.81456
-6.35258
-6.28053
-6.15955
-6.61
-6.99211
-7.25975
-5.51784
-8.0544
-7.68426
-6.83147
-6.3559
0

0
-5.88008
-6.03984
-6.38402
-6.53003
-6.58693
-6.46334
-6.52385
-6.69984
-6.7402
-6.37237
-6.31586
-6.64408
-6.62763
-7.01435
-7.30602
-6.2176
-8.06195
-7.74843
-6.84193
-6.37278
0

0
-5.94075
-6.63601
-6.50104
-6.56604
-6.48613
-6.4543
-6.50485
-6.56699
-6.58634
-6.37993
-6.36476
-6.86634
-6.97487
-7.07068
-7.65652
-7.6407
-8.32201
-7.85399
-6.83647
-6.391
0

0
-5.98966
-6.82746
-6.64736
-6.60728
-6.69716
-6.55734
-6.50419
-6.54371
-6.49366
-6.37592
-6.39205
-6.78807
-6.79427
-7.17649
-7.92501
-7.95608
-8.54606
-7.80911
-6.837
-6.41075
0

0
-6.02342
-6.77076
-6.68413
-6.65553
-6.84312
-6.63664
-6.50128
-6.39466
-6.43305
-6.36955
-6.38738
-6.60981
-6.60665
-7.39528
-7.66608
-7.62116
-8.57622
-7.85415
-6.88938
-6.43265
0

0
-6.04832
-6.70247
-6.6716
-6.70447
-6.7592
-6.6461
-6.48033
-5.96002
-6.36087
-6.36357
-6.37126
-6.45503
-6.13544
-7.58232
-7.45154
-7.04691
-8.3623
-7.94429
-6.97559
-6.45671
0

0
-6.0712
-6.67508
-6.67092
-6.75194
-6.54607
-6.59964
-6.45195
-5.77116
-6.30233
-6.35834
-6.35293
-6.31458
-5.02902
-7.55826
-6.96685
-6.01211
-7.90884
-7.99122
-7.15611
-6.48525
0

0
-6.09296
-6.67044
-6.68343
-6.7884
-6.63836
-6.60259
-6.45421
-6.03461
-6.31233
-6.35586
-6.33321
-6.16677
-3.53929
-7.13561
-6.19224
-4.18767
-7.8179
-8.09662
-7.52779
-6.5109
0

0
-6.10246
-6.66203
-6.68624
-6.80671
-7.147
-6.70894
-6.48369
-6.21311
-6.33003
-6.34285
-6.30371
-6.11173
-4.36522
-6.54731
-5.8161
-1.79899
-6.64311
-7.76779
-7.43435
-6.51761
0

0
-6.06327
-6.60767
-6.63399
-6.78527
-7.19219
-6.74801
-6.47701
-6.2813
-6.2981
-6.28172
-6.23426
-6.1554
-5.93487
-6.12928
-5.54685
0.294304
-6.03728
-7.54417
-7.17221
-6.46363
0

0
-5.90521
-6.43302
-6.45817
-6.62727
-6.9841
-6.58093
-6.33
-6.21579
-6.14683
-6.10894
-6.06351
-6.04821
-6.45191
-5.72566
-5.36489
1.06112
-5.93345
-7.35925
-6.9227
-6.28205
0

0
-5.55457
-6.06554
-6.08331
-6.23919
-6.60322
-6.18713
-5.96271
-5.89383
-5.80175
-5.76889
-5.73247
-5.71081
-5.75109
-5.30412
-5.39481
0.90167
-5.89218
-7.0762
-6.56914
-5.91471
0

0
0
0
0
0
0
0
0
0
0
0
0
0
0
0
0
0
0
0
0
0
0


0
0
0
0
0
0
0
0
0
0
0
0
0
0
0
0
0
0
0
0
0
0

0
-6.60579
-6.58617
-7.25444
-7.38606
-6.62078
-7.57288
-7.44872
-7.44485
-7.42196
-7.28239
-7.22486
-7.31446
-7.51286
-7.81575
-8.04632
-8.25792
-9.21763
-9.06349
-8.00296
-7.32074
0

0
-5.78136
-5.57189
-6.29296
-6.4666
-5.99415
-6.60822
-6.51936
-6.54346
-6.52261
-6.37209
-6.31569
-6.34803
-6.60349
-6.90383
-7.14956
-7.13264
-7.92071
-7.7657
-6.90642
-6.37696
0

0
-5.81729
-5.65313
-6.32679
-6.49123
-6.70574
-6.68301
-6.56756
-6.57712
-6.56391
-6.40295
-6.34117
-6.3548
-6.60543
-6.93913
-7.20337
-7.65206
-8.02971
-7.74067
-6.92936
-6.40951
0

0
-5.84732
-5.73143
-6.34573
-6.50186
-7.18722
-6.7686
-6.57981
-6.58456
-6.64855
-6.40936
-6.3477
-6.37937
-6.59242
-6.9439
-7.19265
-7.46852
-8.04691
-7.72452
-6.92934
-6.41966
0

0
-5.89892
-6.02688
-6.40472
-6.55997
-7.08247
-6.70751
-6.59188
-6.63481
-6.70209
-6.42361
-6.36804
-6.45426
-6.63163
-6.95717
-7.23583
-6.55896
-8.01598
-7.74987
-6.93523
-6.43506
0

0
-5.95898
-6.38614
-6.50747
-6.62136
-6.77479
-6.60962
-6.57999
-6.63152
-6.65087
-6.43486
-6.40035
-6.65235
-6.71731
-6.98712
-7.33129
-7.1095
-8.0221
-7.73964
-6.94429
-6.45285
0

0
-6.01609
-6.65827
-6.60871
-6.6649
-6.71069
-6.61878
-6.57249
-6.57423
-6.57248
-6.43762
-6.42826
-6.70327
-6.73771
-7.03949
-7.53016
-7.71497
-8.07127
-7.75825
-6.96062
-6.47225
0

0
-6.06241
-6.75275
-6.6917
-6.70831
-6.83138
-6.67771
-6.57184
-6.50478
-6.51333
-6.4348
-6.43705
-6.63049
-6.61114
-7.12426
-7.72582
-7.79942
-8.10101
-7.72274
-6.98539
-6.49338
0

0
-6.09792
-6.75226
-6.7242
-6.75386
-6.86964
-6.71781
-6.56662
-6.34365
-6.46274
-6.4306
-6.43009
-6.51897
-6.34714
-7.25006
-7.43635
-7.3614
-8.06796
-7.78053
-7.04082
-6.5173
0

0
-6.12716
-6.74045
-6.73642
-6.79913
-6.76088
-6.71343
-6.55397
-6.16139
-6.41794
-6.4267
-6.41671
-6.40535
-5.84009
-7.29194
-7.00744
-6.421
-7.79606
-7.86965
-7.15453
-6.54388
0

0
-6.15179
-6.73799
-6.74884
-6.83671
-6.70682
-6.69792
-6.5487
-6.17521
-6.39894
-6.42241
-6.39935
-6.29854
-5.18963
-7.10185
-6.24447
-4.82783
-7.16203
-7.87535
-7.29879
-6.56901
0

0
-6.16167
-6.72909
-6.74996
-6.85571
-6.91656
-6.73201
-6.55561
-6.29769
-6.39947
-6.40642
-6.36914
-6.22011
-5.03664
-6.64023
-5.62266
-2.71354
-6.57224
-7.82997
-7.40865
-6.57556
0

0
-6.12088
-6.67005
-6.69665
-6.82574
-7.13853
-6.76352
-6.5306
-6.35231
-6.35885
-6.34168
-6.29532
-6.17746
-5.59138
-6.12465
-5.4278
-0.840782
-5.9302
-7.55228
-7.26672
-6.51997
0

0
-5.96018
-6.48929
-6.51606
-6.66281
-6.96888
-6.61612
-6.3788
-6.25633
-6.20024
-6.16586
-6.1198
-6.06376
-6.00628
-5.73376
-5.33781
-0.0760131
-5.7655
-7.29792
-6.97736
-6.33551
0

0
-5.60984
-6.12751
-6.14378
-6.28097
-6.55287
-6.22938
-6.01731
-5.91742
-5.85681
-5.82578
-5.78848
-5.75397
-5.78979
-5.46424
-5.18714
-0.199437
-5.66116
-7.01947
-6.59417
-5.96958
0

0
0
0
0
0
0
0
0
0
0
0
0
0
0
0
0
0
0
0
0
0
0


0
0
0
0
0
0
0
0
0
0
0
0
0
0
0
0
0
0
0
0
0
0

0
-6.67369
-6.9131
-7.32057
-7.44153
-7.21866
-7.59107
-7.49176
-7.47098
-7.45382
-7.32883
-7.27541
-7.34296
-7.49615
-7.76288
-7.97348
-8.25981
-9.07229
-9.02629
-8.08512
-7.38158
0

0
-5.83919
-5.90509
-6.37107
-6.4926
-6.21722
-6.67263
-6.56293
-6.55432
-6.53796
-6.415
-6.36705
-6.42059
-6.59459
-6.85056
-7.05208
-7.1955
-7.89962
-7.78596
-6.98931
-6.43164
0

0
-5.876
-5.95337
-6.39967
-6.55132
-6.02881
-6.6436
-6.60486
-6.6059
-6.59226
-6.45307
-6.39874
-6.42739
-6.62112
-6.89995
-7.12272
-7.31789
-7.87938
-7.75867
-7.0132
-6.46949
0

0
-5.90256
-6.01069
-6.42265
-6.57148
-6.40421
-6.68419
-6.6208
-6.61834
-6.62475
-6.4623
-6.40635
-6.43775
-6.61344
-6.90748
-7.13581
-7.5336
-7.85842
-7.72
-7.01007
-6.48121
0

0
-5.94398
-6.14556
-6.46569
-6.60529
-6.92944
-6.74692
-6.63631
-6.63768
-6.66332
-6.47404
-6.42119
-6.47402
-6.62476
-6.91433
-7.13992
-7.17927
-7.80032
-7.69699
-7.01505
-6.49636
0

0
-5.99636
-6.35523
-6.53565
-6.65839
-7.01921
-6.73583
-6.64168
-6.64956
-6.66563
-6.48528
-6.44303
-6.55813
-6.65433
-6.9232
-7.17064
-7.08113
-7.69626
-7.68452
-7.02595
-6.51348
0

0
-6.05202
-6.56548
-6.61852
-6.71101
-6.89195
-6.71554
-6.63845
-6.62779
-6.62928
-6.49191
-6.46572
-6.62695
-6.6709
-6.93714
-7.26383
-7.43257
-7.70759
-7.67466
-7.04178
-6.53244
0

0
-6.1032
-6.70506
-6.69625
-6.75646
-6.85746
-6.73364
-6.63734
-6.58273
-6.58421
-6.49345
-6.47944
-6.61824
-6.61467
-6.95943
-7.36888
-7.66745
-7.81992
-7.69136
-7.06623
-6.55342
0

0
-6.14626
-6.76576
-6.7522
-6.79997
-6.89993
-6.76924
-6.63766
-6.50959
-6.54476
-6.49237
-6.48091
-6.55896
-6.46811
-6.98866
-7.34943
-7.4783
-7.8734
-7.72905
-7.10886
-6.57689
0

0
-6.182
-6.7865
-6.78459
-6.84226
-6.90178
-6.78997
-6.63573
-6.41326
-6.51155
-6.49063
-6.47404
-6.47953
-6.20794
-6.99243
-7.00357
-6.68722
-7.68577
-7.79464
-7.17787
-6.60267
0

0
-6.21079
-6.79549
-6.80447
-6.87981
-6.85434
-6.78872
-6.63369
-6.36708
-6.48914
-6.48693
-6.46085
-6.3978
-5.87056
-6.89016
-6.38491
-5.2422
-7.17204
-7.83813
-7.2675
-6.62685
0

0
-6.22268
-6.78909
-6.80659
-6.89935
-6.88466
-6.79081
-6.62968
-6.40059
-6.47359
-6.46953
-6.43236
-6.32324
-5.65449
-6.60789
-5.66605
-3.40479
-6.43173
-7.77514
-7.33391
-6.63276
0

0
-6.1823
-6.72882
-6.7524
-6.8637
-7.01759
-6.78293
-6.58862
-6.41817
-6.42178
-6.40281
-6.3573
-6.2465
-5.75015
-6.19484
-5.28064
-1.86431
-5.88097
-7.59952
-7.27707
-6.57753
0

0
-6.02141
-6.5471
-6.57128
-6.69822
-6.93517
-6.64411
-6.4297
-6.3029
-6.2576
-6.22558
-6.1793
-6.10345
-5.91372
-5.81322
-5.18552
-1.22213
-5.66076
-7.32254
-7.02909
-6.39346
0

0
-5.67295
-6.18898
-6.20384
-6.32461
-6.54162
-6.27356
-6.07442
-5.96414
-5.91669
-5.88682
-5.8481
-5.79729
-5.7286
-5.5393
-5.06554
-1.19869
-5.54915
-7.00902
-6.63878
-6.03067
0

0
0
0
0
0
0
0
0
0
0
0
0
0
0
0
0
0
0
0
0
0
0


0
0
0
0
0
0
0
0
0
0
0
0
0
0
0
0
0
0
0
0
0
0

0
-6.74554
-7.09524
-7.37839
-7.50187
-7.39605
-7.56607
-7.52877
-7.50371
-7.48396
-7.37027
-7.31737
-7.36642
-7.49399
-7.73305
-7.92782
-8.19911
-8.93191
-8.97417
-8.13772
-7.43521
0

0
-5.90289
-6.12587
-6.43024
-6.53255
-6.52349
-6.68255
-6.5909
-6.57189
-6.5549
-6.44896
-6.40479
-6.45153
-6.58553
-6.80863
-6.9862
-7.18778
-7.78396
-7.76067
-7.04214
-6.47717
0

0
-5.94606
-6.15842
-6.47145
-6.5847
-6.52845
-6.74412
-6.65022
-6.63336
-6.61677
-6.49803
-6.44864
-6.48401
-6.63235
-6.87316
-7.06566
-7.26014
-7.77354
-7.75883
-7.08013
-6.52652
0

0
-5.97059
-6.20029
-6.4918
-6.62029
-6.46756
-6.71403
-6.66399
-6.65142
-6.64136
-6.51058
-6.45866
-6.48817
-6.63314
-6.88378
-7.08021
-7.32018
-7.70301
-7.70959
-7.07692
-6.54043
0

0
-6.00597
-6.28113
-6.52841
-6.65653
-6.59441
-6.73423
-6.67771
-6.66583
-6.66544
-6.52266
-6.47179
-6.50885
-6.63584
-6.88606
-7.07794
-7.30892
-7.63853
-7.67976
-7.08149
-6.55624
0

0
-6.0506
-6.40727
-6.58139
-6.69926
-6.85916
-6.77119
-6.68897
-6.67531
-6.6771
-6.53341
-6.48817
-6.54918
-6.64418
-6.88268
-7.07376
-7.16495
-7.56786
-7.66615
-7.09186
-6.57313
0

0
-6.1009
-6.55482
-6.64753
-6.74885
-6.95968
-6.78615
-6.69412
-6.67001
-6.66664
-6.54167
-6.50608
-6.594
-6.64754
-6.87646
-7.08794
-7.24208
-7.5383
-7.66768
-7.10862
-6.5918
0

0
-6.15133
-6.68311
-6.71606
-6.7971
-6.9473
-6.79817
-6.6965
-6.64656
-6.64119
-6.54647
-6.5203
-6.60799
-6.61809
-6.86779
-7.11808
-7.42059
-7.57874
-7.6882
-7.13386
-6.61268
0

0
-6.19755
-6.76843
-6.77595
-6.84169
-6.95056
-6.82116
-6.69968
-6.60811
-6.61318
-6.54874
-6.52697
-6.58353
-6.53537
-6.85342
-7.10371
-7.3802
-7.62723
-7.72566
-7.1712
-6.6361
0

0
-6.23795
-6.81614
-6.82065
-6.88359
-6.96634
-6.84544
-6.70338
-6.55857
-6.58876
-6.54979
-6.52626
-6.53507
-6.39061
-6.81927
-6.91668
-6.8232
-7.55608
-7.77754
-7.22411
-6.66176
0

0
-6.27089
-6.84085
-6.85006
-6.9206
-6.95977
-6.85871
-6.70598
-6.51995
-6.56954
-6.54798
-6.51809
-6.47585
-6.19949
-6.73026
-6.46946
-5.5967
-7.20648
-7.81599
-7.2874
-6.68562
0

0
-6.28571
-6.84107
-6.85635
-6.93966
-6.95914
-6.85794
-6.69922
-6.51154
-6.54775
-6.53118
-6.49281
-6.4105
-6.0335
-6.54079
-5.83649
-3.95714
-6.57663
-7.78782
-7.32953
-6.69131
0

0
-6.24724
-6.78327
-6.80361
-6.90209
-6.98252
-6.82317
-6.64894
-6.48979
-6.48714
-6.46434
-6.419
-6.32269
-5.97556
-6.24302
-5.32537
-2.61422
-5.96288
-7.64258
-7.28327
-6.6368
0

0
-6.08838
-6.60397
-6.6249
-6.73572
-6.89935
-6.67553
-6.48409
-6.35631
-6.31874
-6.28781
-6.24126
-6.15968
-5.95414
-5.90604
-5.12539
-2.06988
-5.65277
-7.37695
-7.07321
-6.4554
0

0
-5.7439
-6.25157
-6.26425
-6.37119
-6.54513
-6.31957
-6.13499
-6.02234
-5.98158
-5.95216
-5.91199
-5.85003
-5.7264
-5.61112
-4.99646
-1.94537
-5.49703
-7.03784
-6.69594
-6.09824
0

0
0
0
0
0
0
0
0
0
0
0
0
0
0
0
0
0
0
0
0
0
0


0
0
0
0
0
0
0
0
0
0
0
0
0
0
0
0
0
0
0
0
0
0

0
-6.81529
-7.20701
-7.42608
-7.53347
-7.50538
-7.62672
-7.56667
-7.53655
-7.51485
-7.40563
-7.35196
-7.38778
-7.50104
-7.72523
-7.91098
-8.15496
-8.82974
-8.92827
-8.17137
-7.48222
0

0
-5.96457
-6.2545
-6.4717
-6.57353
-6.52179
-6.64981
-6.60512
-6.5856
-6.56818
-6.47243
-6.42979
-6.46691
-6.57667
-6.77587
-6.93533
-7.13112
-7.66986
-7.71496
-7.06763
-6.51173
0

0
-6.02254
-6.30685
-6.53566
-6.63738
-6.6134
-6.76031
-6.6869
-6.66541
-6.64723
-6.54115
-6.49412
-6.52644
-6.64744
-6.86276
-7.03472
-7.2181
-7.70887
-7.76097
-7.13535
-6.58239
0

0
-6.04652
-6.33698
-6.55659
-6.66338
-6.63341
-6.77969
-6.70778
-6.68608
-6.67002
-6.5563
-6.50696
-6.53426
-6.6545
-6.87565
-7.04764
-7.23117
-7.64018
-7.71798
-7.13424
-6.59856
0

0
-6.07777
-6.39497
-6.5884
-6.69984
-6.66346
-6.77816
-6.72095
-6.70014
-6.68847
-6.56889
-6.51954
-6.54772
-6.65574
-6.87581
-7.04103
-7.22722
-7.57527
-7.69057
-7.13875
-6.6147
0

0
-6.1163
-6.48081
-6.63202
-6.74058
-6.76541
-6.79534
-6.73156
-6.70825
-6.69954
-6.57939
-6.5331
-6.57019
-6.65537
-6.86654
-7.02102
-7.15808
-7.51404
-7.68048
-7.14936
-6.63143
0

0
-6.16073
-6.5867
-6.68638
-6.78574
-6.90012
-6.82256
-6.74028
-6.70831
-6.69894
-6.58817
-6.54773
-6.59707
-6.65063
-6.85054
-6.99851
-7.11724
-7.46062
-7.68686
-7.16722
-6.64987
0

0
-6.20773
-6.6925
-6.74596
-6.83282
-6.97424
-6.84639
-6.74694
-6.69758
-6.68703
-6.59494
-6.56106
-6.61262
-6.6292
-6.82799
-6.97715
-7.17225
-7.43938
-7.70851
-7.19349
-6.6707
0

0
-6.25378
-6.77912
-6.80342
-6.87844
-7.00058
-6.86942
-6.75343
-6.67733
-6.66988
-6.60005
-6.57033
-6.60556
-6.57741
-6.79568
-6.93001
-7.16979
-7.44556
-7.74546
-7.22989
-6.69436
0

0
-6.29644
-6.84008
-6.85259
-6.92143
-7.01777
-6.89357
-6.76094
-6.65144
-6.65344
-6.60414
-6.57433
-6.57836
-6.48899
-6.74452
-6.7894
-6.82766
-7.40801
-7.79215
-7.27711
-6.72047
0

0
-6.33262
-6.87763
-6.88882
-6.9592
-7.02966
-6.91322
-6.76748
-6.62755
-6.63907
-6.60508
-6.57116
-6.53765
-6.37042
-6.65608
-6.47627
-5.89686
-7.19802
-7.82885
-7.32859
-6.74483
0

0
-6.35057
-6.88595
-6.90023
-6.97845
-7.03228
-6.91626
-6.76161
-6.60889
-6.61698
-6.5903
-6.55004
-6.48315
-6.24816
-6.50556
-5.98816
-4.46966
-6.73825
-7.81254
-7.35809
-6.751
0

0
-6.315
-6.83295
-6.8509
-6.94049
-7.01303
-6.87267
-6.70811
-6.56436
-6.55262
-6.52517
-6.47934
-6.39468
-6.14904
-6.27768
-5.48657
-3.18689
-6.15745
-7.69106
-7.31039
-6.69782
0

0
-6.16035
-6.65908
-6.67723
-6.77613
-6.89768
-6.71619
-6.54145
-6.41703
-6.38304
-6.35185
-6.30489
-6.22348
-6.03434
-5.9896
-5.17919
-2.61682
-5.7457
-7.44391
-7.11854
-6.52089
0

0
-5.82292
-6.31578
-6.32632
-6.42234
-6.56215
-6.37068
-6.20024
-6.08934
-6.05201
-6.02232
-5.9807
-5.91316
-5.77204
-5.68668
-4.98782
-2.44713
-5.50813
-7.09853
-6.7582
-6.17253
0

0
0
0
0
0
0
0
0
0
0
0
0
0
0
0
0
0
0
0
0
0
0


0
0
0
0
0
0
0
0
0
0
0
0
0
0
0
0
0
0
0
0
0
0

0
-6.87695
-7.27269
-7.46031
-7.56285
-7.53894
-7.64598
-7.59302
-7.56447
-7.54187
-7.43408
-7.37916
-7.407
-7.51435
-7.73308
-7.91736
-8.13827
-8.7827
-8.89765
-8.19175
-7.5207
0

0
-6.02234
-6.32758
-6.49944
-6.58982
-6.56253
-6.66488
-6.61769
-6.59605
-6.5784
-6.48823
-6.446
-6.47523
-6.57097
-6.75588
-6.90466
-7.0795
-7.58981
-7.66598
-7.0739
-6.53781
0

0
-6.10048
-6.40966
-6.59095
-6.68603
-6.65907
-6.77423
-6.72098
-6.69953
-6.6811
-6.58206
-6.53591
-6.56317
-6.66797
-6.86802
-7.02802
-7.19467
-7.68311
-7.76614
-7.17857
-6.63523
0

0
-6.12626
-6.43921
-6.61563
-6.71171
-6.69871
-6.81072
-6.74667
-6.723
-6.70527
-6.60091
-6.55293
-6.57693
-6.68056
-6.88441
-7.04228
-7.19592
-7.63185
-7.73865
-7.18423
-6.65551
0

0
-6.1547
-6.4862
-6.64472
-6.74259
-6.73484
-6.82434
-6.76193
-6.73655
-6.72085
-6.61341
-6.5652
-6.58816
-6.68174
-6.88336
-7.03202
-7.17193
-7.56938
-7.71612
-7.18942
-6.67156
0

0
-6.18849
-6.55266
-6.68236
-6.77971
-6.79288
-6.83399
-6.77195
-6.74356
-6.72988
-6.62316
-6.57682
-6.60261
-6.67749
-6.87101
-7.00468
-7.11372
-7.50647
-7.70845
-7.20019
-6.68753
0

0
-6.22762
-6.63475
-6.72875
-6.82133
-6.88253
-6.85429
-6.78069
-6.74481
-6.73165
-6.63157
-6.58902
-6.6194
-6.66812
-6.85033
-6.96629
-7.03909
-7.44509
-7.71662
-7.21862
-6.70528
0

0
-6.27023
-6.72175
-6.78087
-6.86566
-6.96878
-6.88053
-6.78918
-6.73962
-6.72612
-6.63898
-6.60092
-6.63112
-6.64794
-6.82154
-6.91857
-6.99823
-7.39505
-7.73948
-7.24575
-6.72569
0

0
-6.31398
-6.80106
-6.83402
-6.91057
-7.02354
-6.90716
-6.79831
-6.72895
-6.71639
-6.64586
-6.61098
-6.63008
-6.60914
-6.78195
-6.84694
-6.95276
-7.36007
-7.77603
-7.28261
-6.74943
0

0
-6.35675
-6.86488
-6.88345
-6.95446
-7.05534
-6.93358
-6.80909
-6.71586
-6.70673
-6.65265
-6.61804
-6.61481
-6.5474
-6.72488
-6.71171
-6.72503
-7.30779
-7.82075
-7.32871
-6.7763
0

0
-6.39501
-6.90972
-6.92347
-6.99403
-7.07754
-6.95712
-6.81947
-6.70348
-6.6979
-6.65689
-6.61935
-6.58733
-6.46532
-6.63874
-6.46108
-6.06355
-7.15981
-7.85618
-7.37648
-6.80206
0

0
-6.41618
-6.92528
-6.93974
-7.01522
-7.08712
-6.96463
-6.8167
-6.687
-6.67908
-6.64563
-6.60316
-6.54349
-6.37202
-6.50843
-6.07906
-4.90074
-6.83304
-7.84563
-7.40109
-6.81007
0

0
-6.38473
-6.87859
-6.89539
-6.97918
-7.05783
-6.92117
-6.76465
-6.63533
-6.61603
-6.58443
-6.53758
-6.46028
-6.26916
-6.31968
-5.64329
-3.66267
-6.35476
-7.74149
-7.35292
-6.75977
0

0
-6.23681
-6.71303
-6.72945
-6.81996
-6.92433
-6.76383
-6.60133
-6.48312
-6.4499
-6.41747
-6.36984
-6.29056
-6.12046
-6.06737
-5.29572
-2.97698
-5.90517
-7.51463
-7.17216
-6.58963
0

0
-5.91057
-6.38277
-6.39196
-6.47991
-6.59868
-6.43
-6.27161
-6.165
-6.1289
-6.09824
-6.05514
-5.98566
-5.84514
-5.76459
-5.04449
-2.75298
-5.59047
-7.17614
-6.82863
-6.25388
0

0
0
0
0
0
0
0
0
0
0
0
0
0
0
0
0
0
0
0
0
0
0


0
0
0
0
0
0
0
0
0
0
0
0
0
0
0
0
0
0
0
0
0
0

0
-6.9157
-7.30596
-7.48404
-7.58305
-7.558
-7.6663
-7.61467
-7.58728
-7.56434
-7.45646
-7.40072
-7.42585
-7.53245
-7.75139
-7.93779
-8.15104
-8.79022
-8.90362
-8.21141
-7.54815
0

0
-6.0542
-6.35348
-6.50782
-6.59235
-6.56976
-6.66407
-6.61865
-6.59761
-6.58013
-6.49225
-6.4501
-6.47554
-6.56606
-6.7457
-6.89134
-7.05444
-7.55252
-7.63306
-7.06739
-6.54742
0

0
-6.14626
-6.45545
-6.61772
-6.70708
-6.68384
-6.78861
-6.73833
-6.71692
-6.69869
-6.60269
-6.55689
-6.58117
-6.67921
-6.87304
-7.02879
-7.18634
-7.67454
-7.76411
-7.19489
-6.6621
0

0
-6.17525
-6.48947
-6.64735
-6.7381
-6.72521
-6.8252
-6.76745
-6.74403
-6.72628
-6.62588
-6.57856
-6.6004
-6.69658
-6.89348
-7.0464
-7.18899
-7.63711
-7.74984
-7.20831
-6.68723
0

0
-6.20302
-6.53381
-6.67636
-6.76784
-6.76558
-6.84454
-6.78394
-6.75781
-6.74143
-6.63899
-6.5915
-6.61214
-6.6986
-6.89284
-7.03557
-7.15821
-7.57897
-7.73217
-7.21561
-6.70405
0

0
-6.2344
-6.59332
-6.71151
-6.80238
-6.81787
-6.85621
-6.79414
-6.76422
-6.7493
-6.64826
-6.60229
-6.62408
-6.69311
-6.87948
-7.00571
-7.09506
-7.51569
-7.72593
-7.22671
-6.71957
0

0
-6.2704
-6.66577
-6.7541
-6.84151
-6.89156
-6.87369
-6.80259
-6.76534
-6.751
-6.65612
-6.61317
-6.63682
-6.68171
-6.85707
-6.96203
-7.00888
-7.4517
-7.73459
-7.24523
-6.73665
0

0
-6.30996
-6.74351
-6.80221
-6.88376
-6.96959
-6.89816
-6.81131
-6.76162
-6.74721
-6.66342
-6.62398
-6.64575
-6.66095
-6.82597
-6.9048
-6.92683
-7.39231
-7.75778
-7.27262
-6.75654
0

0
-6.35156
-6.81727
-6.85251
-6.92766
-7.02975
-6.92547
-6.82154
-6.75447
-6.74056
-6.67097
-6.63402
-6.6456
-6.62571
-6.78392
-6.82253
-6.83412
-7.33935
-7.79444
-7.31006
-6.78023
0

0
-6.39377
-6.88046
-6.90145
-6.97213
-7.0703
-6.95385
-6.83441
-6.74693
-6.73473
-6.67947
-6.64262
-6.63488
-6.57328
-6.72548
-6.68565
-6.6194
-7.27206
-7.83929
-7.35699
-6.80793
0

0
-6.43339
-6.92852
-6.94368
-7.01389
-7.09999
-6.98063
-6.84804
-6.74107
-6.73019
-6.68659
-6.6471
-6.61423
-6.50564
-6.64187
-6.456
-6.08438
-7.13576
-7.87546
-7.40553
-6.83566
0

0
-6.45755
-6.94894
-6.96384
-7.03817
-7.1157
-6.99226
-6.84899
-6.72922
-6.71546
-6.67904
-6.6352
-6.57761
-6.42678
-6.52167
-6.12105
-5.11732
-6.86348
-7.86789
-7.43032
-6.84643
0

0
-6.42983
-6.90686
-6.92343
-7.00472
-7.08664
-6.95132
-6.7998
-6.67824
-6.65549
-6.62172
-6.57416
-6.50001
-6.32933
-6.35143
-5.73296
-3.98711
-6.45357
-7.77082
-7.38255
-6.79902
0

0
-6.28689
-6.74639
-6.76216
-6.84857
-6.94779
-6.79529
-6.63961
-6.52609
-6.49287
-6.45958
-6.41161
-6.33424
-6.17483
-6.11785
-5.39012
-3.22645
-6.02231
-7.55431
-7.20599
-6.63328
0

0
-5.96981
-6.42547
-6.43416
-6.51796
-6.6289
-6.47004
-6.31867
-6.21602
-6.18006
-6.14865
-6.10483
-6.03551
-5.9001
-5.81655
-5.1117
-2.91712
-5.67353
-7.2234
-6.87294
-6.3071
0

0
0
0
0
0
0
0
0
0
0
0
0
0
0
0
0
0
0
0
0
0
0


0
0
0
0
0
0
0
0
0
0
0
0
0
0
0
0
0
0
0
0
0
0

0
-6.74837
-7.08161
-7.25233
-7.34677
-7.3217
-7.42665
-7.37736
-7.35126
-7.32932
-7.22515
-7.17104
-7.195
-7.29791
-7.51004
-7.69115
-7.8952
-8.518
-8.62664
-7.957
-7.31761
0

0
-6.01477
-6.26889
-6.42093
-6.50358
-6.48018
-6.57383
-6.52966
-6.5092
-6.49209
-6.40541
-6.36355
-6.38838
-6.47763
-6.65527
-6.80003
-6.96044
-7.45553
-7.53388
-6.97511
-6.46296
0

0
-6.09756
-6.35903
-6.51883
-6.60593
-6.58198
-6.68603
-6.63706
-6.61634
-6.59852
-6.50416
-6.45887
-6.48244
-6.57898
-6.77002
-6.92457
-7.0795
-7.56259
-7.64825
-7.08822
-6.56543
0

0
-6.12593
-6.39166
-6.54758
-6.63601
-6.62214
-6.72243
-6.66588
-6.6432
-6.62586
-6.52713
-6.48028
-6.50139
-6.59653
-6.79095
-6.94338
-7.0848
-7.52828
-7.63504
-7.1017
-6.59001
0

0
-6.15274
-6.43376
-6.57515
-6.66449
-6.65986
-6.74081
-6.68192
-6.65674
-6.64079
-6.53985
-6.49277
-6.51261
-6.59879
-6.79107
-6.93435
-7.05839
-7.47304
-7.61721
-7.10841
-6.60607
0

0
-6.18303
-6.49063
-6.60851
-6.69752
-6.70935
-6.75151
-6.69174
-6.66315
-6.6487
-6.54879
-6.5031
-6.52411
-6.59389
-6.77893
-6.90698
-6.99971
-7.41256
-7.60994
-7.11851
-6.62075
0

0
-6.21779
-6.56048
-6.64908
-6.73497
-6.78102
-6.76784
-6.69973
-6.66442
-6.65058
-6.55625
-6.51346
-6.53679
-6.58364
-6.7581
-6.86647
-6.91721
-7.35064
-7.61663
-7.13544
-6.63678
0

0
-6.25603
-6.63607
-6.69509
-6.77541
-6.85775
-6.79091
-6.70777
-6.66085
-6.64684
-6.56302
-6.52376
-6.54619
-6.56485
-6.72915
-6.81416
-6.8415
-7.29288
-7.63701
-7.16057
-6.65535
0

0
-6.29621
-6.70821
-6.74337
-6.81738
-6.91691
-6.81671
-6.71702
-6.65357
-6.63988
-6.56983
-6.53326
-6.5469
-6.53238
-6.6903
-6.74126
-6.766
-7.24347
-7.67049
-7.19512
-6.67738
0

0
-6.33703
-6.7704
-6.79065
-6.85994
-6.95652
-6.84363
-6.72875
-6.64539
-6.63341
-6.57756
-6.54147
-6.53725
-6.48305
-6.6369
-6.62162
-6.59486
-7.18691
-7.7135
-7.23925
-6.70337
0

0
-6.37633
-6.81918
-6.83288
-6.90113
-6.98579
-6.87016
-6.7423
-6.6392
-6.62909
-6.58513
-6.54684
-6.51854
-6.41825
-6.56116
-6.41713
-6.13559
-7.0747
-7.7531
-7.28772
-6.7309
0

0
-6.40483
-6.84596
-6.85879
-6.93049
-7.00503
-6.88667
-6.74829
-6.6313
-6.61936
-6.58307
-6.54067
-6.48766
-6.3431
-6.45281
-6.10698
-5.23462
-6.83635
-7.75934
-7.32071
-6.74736
0

0
-6.39292
-6.82241
-6.8368
-6.91522
-6.99177
-6.86308
-6.71624
-6.59594
-6.57578
-6.54252
-6.49616
-6.42521
-6.25597
-6.29948
-5.73053
-4.09558
-6.44924
-7.68811
-7.29526
-6.7183
0

0
-6.28238
-6.69597
-6.71031
-6.79473
-6.88871
-6.7418
-6.58946
-6.47617
-6.44486
-6.41196
-6.36451
-6.28834
-6.12708
-6.0874
-5.38839
-3.2713
-6.0182
-7.50437
-7.15484
-6.58656
0

0
-6.00871
-6.41688
-6.42547
-6.50914
-6.61878
-6.46133
-6.31099
-6.2088
-6.17262
-6.141
-6.09685
-6.02732
-5.89192
-5.80907
-5.12173
-2.93649
-5.67235
-7.20577
-6.86253
-6.30211
0

0
0
0
0
0
0
0
0
0
0
0
0
0
0
0
0
0
0
0
0
0
0


0
0
0
0
0
0
0
0
0
0
0
0
0
0
0
0
0
0
0
0
0
0

0
0
0
0
0
0
0
0
0
0
0
0
0
0
0
0
0
0
0
0
0
0

0
0
0
0
0
0
0
0
0
0
0
0
0
0
0
0
0
0
0
0
0
0

0
0
0
0
0
0
0
0
0
0
0
0
0
0
0
0
0
0
0
0
0
0

0
0
0
0
0
0
0
0
0
0
0
0
0
0
0
0
0
0
0
0
0
0

0
0
0
0
0
0
0
0
0
0
0
0
0
0
0
0
0
0
0
0
0
0

0
0
0
0
0
0
0
0
0
0
0
0
0
0
0
0
0
0
0
0
0
0

0
0
0
0
0
0
0
0
0
0
0
0
0
0
0
0
0
0
0
0
0
0

0
0
0
0
0
0
0
0
0
0
0
0
0
0
0
0
0
0
0
0
0
0

0
0
0
0
0
0
0
0
0
0
0
0
0
0
0
0
0
0
0
0
0
0

0
0
0
0
0
0
0
0
0
0
0
0
0
0
0
0
0
0
0
0
0
0

0
0
0
0
0
0
0
0
0
0
0
0
0
0
0
0
0
0
0
0
0
0

0
0
0
0
0
0
0
0
0
0
0
0
0
0
0
0
0
0
0
0
0
0

0
0
0
0
0
0
0
0
0
0
0
0
0
0
0
0
0
0
0
0
0
0

0
0
0
0
0
0
0
0
0
0
0
0
0
0
0
0
0
0
0
0
0
0

0
0
0
0
0
0
0
0
0
0
0
0
0
0
0
0
0
0
0
0
0
0

0
0
0
0
0
0
0
0
0
0
0
0
0
0
0
0
0
0
0
0
0
0


