0
0
0
0
0
0
0
0
0
0
0
0
0
0
0
0
0
0
0
0
0
0

0
85089.2
85089.4
85089.5
85089.6
85089.5
85089.7
85090.3
85090.6
85092.6
85091.9
85092.4
85093.4
85092.8
85092.3
85091.9
85087.4
85091.4
85092.7
85094.1
85095.4
0

0
85089.2
85089.5
85089.6
85089.6
85089.5
85089.7
85090.4
85090.6
85090.8
85091.9
85092.4
85093.6
85092.9
85092.4
85091.9
85086.3
85091.4
85092.7
85094.1
85095.4
0

0
85089.3
85089.5
85089.7
85089.7
85089.6
85090.2
85090.5
85090.6
85091
85092
85092.5
85092.3
85092.8
85092.5
85092
85093.1
85091.5
85092.8
85094.2
85095.5
0

0
85089.4
85089.6
85089.8
85089.8
85090
85090.3
85090.6
85091
85091.2
85092.1
85092.6
85092.5
85092.9
85092.6
85092.2
85092.9
85091.6
85092.9
85094.3
85095.6
0

0
85089.5
85089.7
85089.7
85089.9
85090.1
85090.4
85090.7
85091
85091.5
85092.2
85092.7
85092.6
85093
85092.7
85092.4
85092.9
85091.6
85092.9
85094.5
85095.7
0

0
85089.7
85089.8
85089.8
85090
85090.1
85090.5
85090.9
85091
85091.7
85092.4
85092.8
85092.9
85093.1
85092.8
85092.2
85092.9
85091.5
85092.2
85094.7
85095.9
0

0
85089.8
85090
85090
85090.1
85090.2
85090.6
85091
85091.1
85091.9
85092.6
85093
85093.2
85093.4
85092.9
85092.7
85092.9
85091.3
85092.3
85094.9
85096.1
0

0
85090
85090.2
85090.2
85090.3
85090.3
85090.7
85091.2
85092.2
85092.2
85092.8
85093.3
85093.5
85093.7
85093
85092.8
85092.9
85091
85092.3
85095.2
85096.3
0

0
85090.2
85090.4
85090.4
85090.4
85090.5
85090.9
85091.5
85092.4
85092.5
85093
85093.6
85093.9
85094
85093.2
85092.7
85092.9
85090.6
85092.3
85094.7
85096.5
0

0
85090.5
85090.6
85090.6
85090.6
85090.7
85091.2
85091.7
85092.5
85092.8
85093.3
85093.9
85094.2
85094.3
85093.4
85092.5
85092.7
85089.5
85092.2
85095
85096.7
0

0
85090.7
85090.8
85090.8
85090.8
85090.8
85091.4
85092
85092.8
85093.1
85093.6
85094.2
85094.6
85095
85093.6
85092.3
85092.7
85087.6
85092.1
85095.4
85097
0

0
85091
85091.1
85091.1
85091.1
85091
85091.6
85092.2
85093
85093.4
85093.9
85094.5
85095
85095.3
85093.6
85092.6
85092.9
85087.5
85092.2
85095.8
85097.3
0

0
85091.3
85091.4
85091.4
85091.3
85091.2
85091.9
85092.5
85093.1
85093.7
85094.3
85094.9
85095.5
85095.8
85093.9
85098.3
85093.4
85085.1
85092.1
85096.1
85097.6
0

0
85091.7
85091.7
85091.7
85091.6
85091.3
85092.1
85092.8
85093.5
85094.1
85094.7
85095.3
85095.9
85096.4
85097.9
85097.7
85092.8
85080.8
85092
85096.5
85097.9
0

0
85092.1
85092.1
85092.1
85091.9
85091.5
85092.4
85093.2
85093.8
85094.4
85095.1
85095.7
85096.4
85097.1
85097.7
85097.5
85096.7
85078.3
85092
85097.1
85098.3
0

0
0
0
0
0
0
0
0
0
0
0
0
0
0
0
0
0
0
0
0
0
0


0
85089.2
85089.4
85089.5
85089.6
85089.5
85089.7
85090.3
85090.6
85092.6
85091.9
85092.4
85093.4
85092.8
85092.3
85091.9
85087.4
85091.4
85092.7
85094.1
85095.4
0

85089.2
85090.4
85090.7
85090.8
85090.8
85090.8
85091
85091.6
85091.8
85093.9
85093.2
85093.7
85094.7
85094.1
85093.6
85093.1
85088.7
85092.6
85093.9
85095.3
85096.6
85095.4

85089.2
85090.5
85090.8
85090.8
85090.8
85090.8
85091
85091.6
85091.8
85092
85093.2
85093.7
85094.8
85094.1
85093.6
85093.1
85087.6
85092.7
85094
85095.4
85096.7
85095.4

85089.3
85090.6
85090.8
85090.9
85090.9
85090.8
85091.5
85091.7
85091.8
85092.3
85093.2
85093.7
85093.5
85094.1
85093.7
85093.2
85094.4
85092.7
85094
85095.5
85096.8
85095.5

85089.4
85090.6
85090.9
85091
85091
85091.3
85091.6
85091.8
85092.2
85092.5
85093.3
85093.8
85093.7
85094.1
85093.8
85093.5
85094.1
85092.9
85094.1
85095.6
85096.9
85095.6

85089.5
85090.8
85091
85090.9
85091.1
85091.3
85091.6
85091.9
85092.2
85092.7
85093.4
85093.9
85093.9
85094.3
85093.9
85093.6
85094.1
85092.9
85094.2
85095.7
85097
85095.7

85089.7
85090.9
85091.1
85091.1
85091.2
85091.4
85091.7
85092.1
85092.3
85092.9
85093.6
85094.1
85094.2
85094.3
85094
85093.5
85094.1
85092.8
85093.5
85095.9
85097.1
85095.9

85089.8
85091.1
85091.2
85091.2
85091.4
85091.5
85091.9
85092.3
85092.3
85093.2
85093.8
85094.3
85094.5
85094.6
85094.1
85093.9
85094.1
85092.6
85093.6
85096.1
85097.3
85096.1

85090
85091.2
85091.4
85091.4
85091.5
85091.6
85092
85092.5
85093.5
85093.4
85094
85094.5
85094.8
85094.9
85094.2
85094
85094.1
85092.3
85093.6
85096.4
85097.5
85096.3

85090.2
85091.5
85091.6
85091.6
85091.7
85091.8
85092.1
85092.7
85093.6
85093.7
85094.3
85094.8
85095.1
85095.2
85094.4
85094
85094.1
85091.9
85093.5
85095.9
85097.7
85096.5

85090.5
85091.7
85091.8
85091.8
85091.8
85091.9
85092.4
85093
85093.8
85094
85094.5
85095.1
85095.5
85095.6
85094.7
85093.7
85094
85090.8
85093.4
85096.3
85098
85096.7

85090.7
85092
85092.1
85092.1
85092
85092
85092.6
85093.2
85094
85094.3
85094.8
85095.4
85095.9
85096.2
85094.8
85093.5
85093.9
85088.8
85093.4
85096.6
85098.2
85097

85091
85092.3
85092.4
85092.4
85092.3
85092.2
85092.9
85093.5
85094.3
85094.6
85095.2
85095.8
85096.3
85096.6
85094.9
85093.9
85094.1
85088.8
85093.4
85097
85098.5
85097.3

85091.3
85092.6
85092.7
85092.6
85092.6
85092.4
85093.1
85093.8
85094.4
85095
85095.5
85096.1
85096.7
85097
85095.1
85099.5
85094.7
85086.4
85093.4
85097.4
85098.8
85097.6

85091.7
85092.9
85093
85093
85092.8
85092.6
85093.4
85094.1
85094.7
85095.3
85095.9
85096.5
85097.2
85097.7
85099.1
85099
85094.1
85082.1
85093.3
85097.7
85099.2
85097.9

85092.1
85093.3
85093.4
85093.3
85093.2
85092.7
85093.7
85094.4
85095.1
85095.7
85096.3
85097
85097.7
85098.3
85099
85098.8
85097.9
85079.5
85093.3
85098.3
85099.5
85098.3

0
85092.1
85092.1
85092.1
85091.9
85091.5
85092.4
85093.2
85093.8
85094.4
85095.1
85095.7
85096.4
85097.1
85097.7
85097.5
85096.7
85078.3
85092
85097.1
85098.3
0


0
85089.8
85090.4
85090.1
85090.2
85090.1
85090.4
85090.9
85091.3
85091.6
85092.4
85092.9
85093.3
85093.4
85093.1
85092.8
85091.4
85092.9
85093.5
85094.8
85096
0

85089.8
85091
85091.6
85091.4
85091.4
85091.4
85091.7
85092.2
85092.5
85092.8
85093.7
85094.2
85094.6
85094.6
85094.3
85094
85092.7
85094.2
85094.8
85096
85097.2
85096

85089.9
85091.1
85092
85091.4
85091.4
85091.5
85091.7
85092.2
85092.5
85092.9
85093.7
85094.2
85094.7
85094.6
85094.3
85094
85091
85094
85094.8
85096.1
85097.3
85096

85089.9
85091.2
85091.6
85091.5
85091.5
85091.6
85091.9
85092.3
85092.6
85093
85093.8
85094.3
85094.5
85094.7
85094.4
85094.1
85094.3
85093.9
85094.8
85096.2
85097.4
85096.1

85090
85091.2
85091.6
85091.5
85091.6
85091.8
85092.1
85092.4
85092.7
85093.1
85093.9
85094.4
85094.5
85094.7
85094.5
85094.2
85094.9
85093.9
85094.9
85096.3
85097.5
85096.2

85090.1
85091.4
85091.6
85091.6
85091.7
85091.9
85092.2
85092.5
85092.9
85093.3
85094
85094.5
85094.6
85094.9
85094.6
85094.1
85094.9
85093.9
85094.8
85096.4
85097.6
85096.3

85090.3
85091.5
85091.7
85091.7
85091.8
85092
85092.3
85092.7
85093
85093.5
85094.2
85094.6
85094.8
85095
85094.8
85094.2
85094.9
85093.9
85094.7
85096.6
85097.7
85096.5

85090.4
85091.7
85091.8
85091.8
85092
85092.1
85092.5
85092.9
85093.2
85093.8
85094.3
85094.8
85095.1
85095.2
85094.9
85094.8
85095
85093.8
85094.7
85096.7
85097.9
85096.7

85090.6
85091.8
85092
85092
85092.1
85092.1
85092.6
85093.1
85093.7
85094
85094.6
85095.1
85095.4
85095.5
85095.1
85095
85095
85093.7
85094.7
85096.9
85098.1
85096.9

85090.8
85092.1
85092.2
85092.2
85092.3
85092.1
85092.8
85093.3
85094
85094.3
85094.8
85095.3
85095.7
85095.9
85095.4
85095.2
85095.1
85093.7
85094.7
85097
85098.3
85097.1

85091.1
85092.3
85092.4
85092.4
85092.5
85092.7
85093
85093.5
85094.2
85094.6
85095.1
85095.6
85096
85096.4
85095.7
85095.2
85095
85093.4
85094.7
85097.2
85098.6
85097.3

85091.3
85092.6
85092.7
85092.7
85092.7
85092.8
85093.3
85093.8
85094.5
85094.9
85095.4
85095.9
85096.4
85097.2
85096
85094.9
85095.1
85092.2
85094.8
85097.5
85098.9
85097.6

85091.6
85092.9
85092.9
85092.9
85092.9
85092.9
85093.5
85094.1
85094.7
85095.2
85095.7
85096.3
85096.8
85097.3
85096.3
85095.3
85095.5
85091.5
85094.8
85097.8
85099.1
85097.9

85091.9
85093.2
85093.2
85093.2
85093.2
85093.1
85093.7
85094.4
85095
85095.5
85096.1
85096.7
85097.2
85097.7
85096.7
85099
85096.4
85090.1
85094.9
85098.2
85099.5
85098.2

85092.3
85093.5
85093.6
85093.6
85093.5
85093.3
85094
85094.7
85095.3
85095.9
85096.4
85097.1
85097.7
85098.2
85098.8
85099.3
85097
85087.9
85095.1
85098.6
85099.8
85098.5

85092.7
85093.9
85093.9
85093.9
85093.8
85093.5
85094.3
85095
85095.6
85096.2
85096.8
85097.5
85098.1
85098.8
85099.4
85099.5
85098.5
85085.7
85095.4
85099
85100.1
85098.9

0
85092.7
85092.7
85092.7
85092.6
85092.3
85093.1
85093.8
85094.4
85095
85095.6
85096.2
85096.9
85097.6
85098.1
85098.2
85097.2
85084.5
85094.2
85097.8
85098.9
0


0
85090.4
85090.9
85090.7
85090.8
85090.7
85091.1
85091.5
85091.9
85092.3
85093
85093.5
85093.8
85093.9
85093.8
85093.6
85093.6
85093.7
85094.3
85095.5
85096.6
0

85090.4
85091.6
85092.1
85091.9
85092
85091.9
85092.3
85092.8
85093.1
85093.5
85094.2
85094.7
85095.1
85095.2
85095
85094.9
85094.8
85095
85095.6
85096.7
85097.8
85096.6

85090.4
85091.7
85092.2
85092
85092
85092.1
85092.4
85092.8
85093.2
85093.5
85094.2
85094.7
85095.2
85095.2
85095
85094.9
85094.4
85094.9
85095.6
85096.8
85097.9
85096.6

85090.5
85091.8
85092.2
85092
85092.1
85092.2
85092.5
85092.9
85093.2
85093.6
85094.3
85094.8
85095.2
85095.3
85095.1
85095
85095.6
85094.9
85095.6
85096.9
85098
85096.7

85090.6
85091.8
85092.2
85092.1
85092.2
85092.4
85092.6
85093
85093.3
85093.8
85094.4
85094.9
85095.2
85095.3
85095.2
85095.1
85095.7
85094.9
85095.7
85097
85098.1
85096.8

85090.7
85092
85092.2
85092.2
85092.3
85092.5
85092.8
85093.1
85093.5
85093.9
85094.6
85095
85095.3
85095.5
85095.3
85095.3
85095.7
85094.9
85095.7
85097.1
85098.2
85096.9

85090.9
85092.1
85092.3
85092.3
85092.4
85092.7
85092.9
85093.3
85093.7
85094.1
85094.7
85095.2
85095.5
85095.7
85095.5
85095.3
85095.7
85094.9
85095.7
85097.2
85098.3
85097.1

85091
85092.3
85092.4
85092.4
85092.6
85092.8
85093.1
85093.5
85093.9
85094.3
85094.9
85095.4
85095.7
85095.9
85095.7
85095.6
85095.8
85094.9
85095.7
85097.4
85098.5
85097.3

85091.2
85092.4
85092.6
85092.6
85092.7
85092.8
85093.2
85093.7
85094.2
85094.6
85095.1
85095.6
85095.9
85096.2
85095.9
85095.9
85095.9
85094.9
85095.7
85097.6
85098.7
85097.5

85091.4
85092.7
85092.8
85092.8
85092.9
85093
85093.4
85093.9
85094.5
85094.8
85095.4
85095.9
85096.2
85096.5
85096.2
85096.2
85096.1
85094.9
85095.8
85097.8
85098.9
85097.7

85091.7
85092.9
85093
85093
85093.1
85093.5
85093.6
85094.1
85094.7
85095.1
85095.6
85096.2
85096.6
85096.9
85096.6
85096.4
85096.2
85094.7
85095.9
85098
85099.2
85097.9

85091.9
85093.2
85093.3
85093.3
85093.3
85093.5
85093.9
85094.4
85095
85095.4
85095.9
85096.5
85096.9
85097.5
85097
85096.6
85096.3
85094.4
85096
85098.3
85099.5
85098.2

85092.2
85093.5
85093.5
85093.6
85093.6
85093.7
85094.1
85094.6
85095.3
85095.7
85096.3
85096.8
85097.3
85097.8
85097.4
85097.3
85096.8
85094
85096.2
85098.6
85099.7
85098.5

85092.5
85093.8
85093.8
85093.8
85093.8
85093.8
85094.4
85094.9
85095.6
85096.1
85096.6
85097.2
85097.7
85098.2
85098
85099.7
85097.9
85093.4
85096.4
85099
85100.1
85098.8

85092.9
85094.1
85094.2
85094.2
85094.1
85094.1
85094.7
85095.3
85095.9
85096.4
85097
85097.6
85098.2
85098.7
85099.3
85100
85099.1
85092.7
85096.8
85099.4
85100.4
85099.2

85093.3
85094.5
85094.5
85094.5
85094.4
85094.3
85095
85095.6
85096.2
85096.8
85097.4
85098
85098.6
85099.3
85099.8
85100.3
85100.8
85091.9
85097.1
85099.8
85100.8
85099.5

0
85093.3
85093.3
85093.3
85093.2
85093.1
85093.7
85094.4
85095
85095.6
85096.1
85096.8
85097.4
85098
85098.6
85099
85099.5
85090.7
85095.9
85098.6
85099.5
0


0
85091
85091.4
85091.3
85091.4
85091.1
85091.7
85092.1
85092.5
85092.9
85093.5
85094
85094.4
85094.5
85094.5
85094.4
85094.7
85094.6
85095.1
85096.2
85097.2
0

85091
85092.2
85092.6
85092.5
85092.6
85092.4
85092.9
85093.4
85093.7
85094.1
85094.8
85095.2
85095.6
85095.8
85095.7
85095.7
85095.9
85095.8
85096.4
85097.4
85098.4
85097.2

85091
85092.3
85092.7
85092.6
85092.6
85092.7
85093
85093.4
85093.8
85094.2
85094.8
85095.3
85095.7
85095.8
85095.7
85095.7
85095.8
85095.8
85096.4
85097.5
85098.5
85097.2

85091.1
85092.4
85092.7
85092.6
85092.7
85092.9
85093.1
85093.5
85093.9
85094.3
85094.9
85095.4
85095.7
85095.9
85095.8
85095.8
85096.1
85095.8
85096.5
85097.6
85098.6
85097.3

85091.2
85092.4
85092.7
85092.7
85092.8
85093
85093.2
85093.6
85094
85094.4
85095
85095.5
85095.8
85096
85095.9
85095.9
85096.3
85095.9
85096.5
85097.7
85098.7
85097.4

85091.3
85092.6
85092.8
85092.8
85092.9
85093.1
85093.4
85093.7
85094.1
85094.5
85095.1
85095.6
85095.9
85096.1
85096.1
85096.1
85096.4
85095.9
85096.6
85097.8
85098.8
85097.6

85091.5
85092.7
85092.9
85092.9
85093
85093.3
85093.5
85093.9
85094.3
85094.7
85095.3
85095.7
85096.1
85096.3
85096.2
85096.2
85096.5
85096
85096.6
85098
85098.9
85097.7

85091.6
85092.9
85093
85093.1
85093.2
85093.4
85093.7
85094
85094.5
85094.9
85095.5
85095.9
85096.3
85096.5
85096.4
85096.4
85096.7
85096
85096.7
85098.1
85099.1
85097.9

85091.8
85093
85093.2
85093.2
85093.3
85093.5
85093.8
85094.2
85094.7
85095.2
85095.7
85096.2
85096.5
85096.8
85096.7
85096.7
85096.8
85096.1
85096.8
85098.3
85099.3
85098.1

85092
85093.3
85093.4
85093.4
85093.5
85093.7
85094
85094.5
85095
85095.4
85095.9
85096.4
85096.8
85097.1
85097
85097.1
85097
85096.1
85096.9
85098.5
85099.5
85098.3

85092.3
85093.5
85093.6
85093.6
85093.7
85094.1
85094.2
85094.7
85095.3
85095.7
85096.2
85096.7
85097.1
85097.5
85097.4
85097.4
85097.3
85096.1
85097
85098.8
85099.8
85098.6

85092.5
85093.8
85093.9
85093.9
85093.9
85094.2
85094.5
85095
85095.5
85096
85096.5
85097
85097.5
85097.9
85097.8
85097.8
85097.6
85096.2
85097.2
85099.1
85100.1
85098.8

85092.8
85094.1
85094.1
85094.2
85094.2
85094.4
85094.7
85095.2
85095.8
85096.3
85096.8
85097.3
85097.8
85098.3
85098.3
85098.5
85098.1
85096.2
85097.5
85099.4
85100.4
85099.1

85093.2
85094.4
85094.5
85094.5
85094.5
85094.6
85095
85095.5
85096.1
85096.6
85097.2
85097.7
85098.2
85098.7
85098.9
85100
85099.2
85096.2
85097.8
85099.7
85100.7
85099.4

85093.5
85094.7
85094.8
85094.8
85094.8
85094.8
85095.3
85095.9
85096.4
85097
85097.5
85098.1
85098.7
85099.2
85099.7
85100.6
85100.8
85096.2
85098.2
85100.1
85101
85099.8

85093.9
85095.1
85095.2
85095.1
85095.1
85095.1
85095.6
85096.2
85096.8
85097.4
85097.9
85098.5
85099.1
85099.7
85100.3
85101
85102.7
85096.1
85098.6
85100.6
85101.4
85100.1

0
85093.9
85093.9
85093.9
85093.9
85093.8
85094.4
85095
85095.6
85096.1
85096.7
85097.3
85097.9
85098.5
85099.1
85099.8
85101.4
85094.9
85097.3
85099.3
85100.1
0


0
85091.6
85091.9
85091.9
85092
85091.9
85092.3
85092.7
85093.1
85093.5
85094.1
85094.6
85094.9
85095.1
85095.2
85095.2
85095.5
85095.5
85096
85096.9
85097.8
0

85091.6
85092.8
85093.1
85093.1
85093.2
85093.1
85093.6
85094
85094.4
85094.8
85095.3
85095.8
85096.2
85096.4
85096.4
85096.5
85096.8
85096.7
85097.2
85098.2
85099.1
85097.8

85091.6
85092.9
85093.2
85093.1
85093.3
85093.5
85093.6
85094
85094.4
85094.8
85095.4
85095.8
85096.2
85096.4
85096.4
85096.5
85096.7
85096.7
85097.3
85098.2
85099.1
85097.9

85091.7
85093
85093.2
85093.2
85093.3
85093.6
85093.7
85094.1
85094.5
85094.9
85095.5
85095.9
85096.3
85096.5
85096.5
85096.6
85096.8
85096.8
85097.3
85098.3
85099.2
85097.9

85091.8
85093
85093.3
85093.3
85093.4
85093.7
85093.8
85094.2
85094.6
85095
85095.6
85096
85096.4
85096.6
85096.6
85096.7
85097
85096.8
85097.4
85098.4
85099.3
85098

85091.9
85093.2
85093.4
85093.4
85093.5
85093.8
85094
85094.3
85094.7
85095.2
85095.7
85096.1
85096.5
85096.7
85096.8
85096.9
85097.1
85096.9
85097.5
85098.5
85099.4
85098.2

85092.1
85093.3
85093.5
85093.5
85093.6
85093.9
85094.1
85094.5
85094.9
85095.3
85095.8
85096.3
85096.6
85096.9
85096.9
85097
85097.3
85097
85097.5
85098.7
85099.6
85098.3

85092.2
85093.5
85093.6
85093.7
85093.8
85094
85094.3
85094.6
85095.1
85095.5
85096
85096.5
85096.8
85097.1
85097.2
85097.3
85097.5
85097.1
85097.7
85098.9
85099.7
85098.5

85092.4
85093.7
85093.8
85093.8
85093.9
85094.2
85094.4
85094.8
85095.3
85095.7
85096.3
85096.7
85097.1
85097.4
85097.4
85097.5
85097.7
85097.2
85097.8
85099.1
85099.9
85098.7

85092.6
85093.9
85094
85094
85094.1
85094.3
85094.6
85095.1
85095.6
85096
85096.5
85097
85097.4
85097.7
85097.7
85097.9
85098
85097.3
85097.9
85099.3
85100.2
85098.9

85092.9
85094.1
85094.2
85094.3
85094.3
85094.6
85094.9
85095.3
85095.8
85096.3
85096.8
85097.2
85097.7
85098
85098.1
85098.3
85098.3
85097.5
85098.1
85099.5
85100.4
85099.2

85093.1
85094.4
85094.5
85094.5
85094.6
85094.8
85095.1
85095.6
85096.1
85096.5
85097
85097.5
85098
85098.4
85098.5
85098.7
85098.7
85097.7
85098.4
85099.8
85100.7
85099.4

85093.4
85094.7
85094.8
85094.8
85094.8
85095
85095.4
85095.8
85096.4
85096.9
85097.4
85097.9
85098.4
85098.8
85099
85099.4
85099.3
85098
85098.7
85100.2
85101
85099.7

85093.8
85095
85095.1
85095.1
85095.1
85095.2
85095.6
85096.1
85096.7
85097.2
85097.7
85098.2
85098.8
85099.3
85099.5
85100.4
85100.4
85098.3
85099
85100.5
85101.3
85100

85094.1
85095.4
85095.4
85095.4
85095.4
85095.5
85095.9
85096.5
85097
85097.5
85098.1
85098.6
85099.2
85099.7
85100.2
85101.1
85101.9
85098.6
85099.4
85100.9
85101.6
85100.4

85094.5
85095.7
85095.8
85095.8
85095.7
85095.8
85096.3
85096.8
85097.4
85097.9
85098.5
85099
85099.6
85100.2
85100.8
85101.7
85103.8
85098.9
85099.8
85101.3
85102
85100.8

0
85094.5
85094.5
85094.5
85094.5
85094.5
85095
85095.6
85096.1
85096.7
85097.2
85097.8
85098.4
85099
85099.6
85100.5
85102.5
85097.7
85098.6
85100.1
85100.8
0


0
85092.2
85092.4
85092.5
85092.6
85092.8
85093
85093.4
85093.7
85094.1
85094.7
85095.1
85095.5
85095.7
85095.8
85096
85096.3
85096.4
85096.8
85097.7
85098.4
0

85092.2
85093.4
85093.7
85093.7
85093.8
85094
85094.2
85094.6
85095
85095.4
85095.9
85096.4
85096.7
85097
85097.1
85097.3
85097.6
85097.6
85098.1
85098.9
85099.7
85098.4

85092.2
85093.5
85093.7
85093.7
85093.9
85094.1
85094.2
85094.6
85095
85095.4
85096
85096.4
85096.8
85097
85097.1
85097.3
85097.6
85097.6
85098.1
85098.9
85099.7
85098.5

85092.3
85093.6
85093.8
85093.8
85093.9
85094.2
85094.3
85094.7
85095.1
85095.5
85096
85096.5
85096.8
85097.1
85097.2
85097.4
85097.6
85097.7
85098.2
85099
85099.8
85098.6

85092.4
85093.7
85093.8
85093.9
85094
85094.3
85094.5
85094.8
85095.2
85095.6
85096.1
85096.6
85096.9
85097.2
85097.3
85097.5
85097.8
85097.7
85098.2
85099.1
85099.9
85098.7

85092.5
85093.8
85093.9
85094
85094.1
85094.4
85094.6
85094.9
85095.3
85095.8
85096.3
85096.7
85097.1
85097.3
85097.5
85097.6
85097.9
85097.8
85098.3
85099.3
85100
85098.8

85092.7
85093.9
85094.1
85094.1
85094.2
85094.5
85094.7
85095.1
85095.5
85095.9
85096.4
85096.9
85097.2
85097.5
85097.6
85097.8
85098.1
85098
85098.5
85099.4
85100.2
85098.9

85092.8
85094.1
85094.2
85094.3
85094.4
85094.6
85094.9
85095.3
85095.7
85096.1
85096.6
85097.1
85097.4
85097.7
85097.9
85098.1
85098.3
85098.1
85098.6
85099.6
85100.4
85099.1

85093
85094.3
85094.4
85094.5
85094.6
85094.8
85095.1
85095.4
85095.9
85096.3
85096.8
85097.3
85097.7
85098
85098.1
85098.3
85098.6
85098.3
85098.8
85099.8
85100.6
85099.3

85093.2
85094.5
85094.6
85094.7
85094.8
85095
85095.3
85095.7
85096.1
85096.6
85097.1
85097.5
85097.9
85098.3
85098.4
85098.7
85098.9
85098.5
85099
85100
85100.8
85099.5

85093.5
85094.7
85094.8
85094.9
85095
85095.2
85095.5
85095.9
85096.4
85096.8
85097.3
85097.8
85098.2
85098.6
85098.8
85099
85099.2
85098.7
85099.2
85100.3
85101
85099.8

85093.8
85095
85095.1
85095.1
85095.2
85095.4
85095.7
85096.2
85096.7
85097.1
85097.6
85098.1
85098.5
85099
85099.2
85099.5
85099.7
85099.1
85099.5
85100.6
85101.3
85100.1

85094.1
85095.3
85095.4
85095.4
85095.5
85095.7
85096
85096.4
85097
85097.4
85097.9
85098.4
85098.9
85099.3
85099.6
85100.1
85100.3
85099.4
85099.8
85100.9
85101.6
85100.3

85094.4
85095.6
85095.7
85095.7
85095.8
85095.9
85096.3
85096.8
85097.3
85097.8
85098.3
85098.8
85099.3
85099.8
85100.1
85100.9
85101.3
85099.8
85100.2
85101.3
85101.9
85100.7

85094.7
85096
85096
85096
85096.1
85096.2
85096.6
85097.1
85097.6
85098.1
85098.6
85099.1
85099.7
85100.2
85100.7
85101.6
85102.7
85100.3
85100.5
85101.6
85102.2
85101

85095.1
85096.4
85096.4
85096.4
85096.4
85096.5
85096.9
85097.4
85098
85098.5
85099
85099.6
85100.1
85100.7
85101.3
85102.3
85104.3
85100.8
85101
85102.1
85102.6
85101.4

0
85095.1
85095.1
85095.1
85095.2
85095.2
85095.7
85096.2
85096.7
85097.2
85097.8
85098.3
85098.9
85099.5
85100.1
85101
85103
85099.5
85099.7
85100.8
85101.4
0


0
85092.8
85093
85093.1
85093.2
85093.4
85093.6
85094
85094.4
85094.8
85095.3
85095.7
85096
85096.3
85096.5
85096.8
85097.1
85097.2
85097.7
85098.4
85099.1
0

85092.8
85094
85094.2
85094.3
85094.4
85094.6
85094.8
85095.2
85095.6
85096
85096.5
85096.9
85097.3
85097.6
85097.8
85098
85098.3
85098.5
85098.9
85099.6
85100.3
85099.1

85092.8
85094.1
85094.3
85094.3
85094.5
85094.7
85094.9
85095.3
85095.6
85096.1
85096.5
85097
85097.3
85097.6
85097.8
85098
85098.4
85098.5
85099
85099.7
85100.3
85099.1

85092.9
85094.2
85094.3
85094.4
85094.5
85094.8
85095
85095.3
85095.7
85096.1
85096.6
85097
85097.4
85097.7
85097.9
85098.1
85098.4
85098.6
85099
85099.8
85100.4
85099.2

85093
85094.3
85094.4
85094.5
85094.6
85094.9
85095.1
85095.4
85095.8
85096.2
85096.7
85097.2
85097.5
85097.8
85098
85098.2
85098.6
85098.7
85099.1
85099.9
85100.5
85099.3

85093.1
85094.4
85094.5
85094.6
85094.7
85095
85095.2
85095.5
85095.9
85096.4
85096.8
85097.3
85097.6
85097.9
85098.1
85098.4
85098.7
85098.8
85099.2
85100
85100.6
85099.4

85093.3
85094.5
85094.7
85094.7
85094.9
85095.1
85095.3
85095.7
85096.1
85096.5
85097
85097.4
85097.8
85098.1
85098.3
85098.6
85098.9
85098.9
85099.4
85100.2
85100.8
85099.6

85093.5
85094.7
85094.8
85094.9
85095
85095.2
85095.5
85095.9
85096.3
85096.7
85097.2
85097.6
85098
85098.3
85098.5
85098.8
85099.1
85099.1
85099.5
85100.3
85101
85099.7

85093.7
85094.9
85095
85095.1
85095.2
85095.4
85095.7
85096.1
85096.5
85096.9
85097.4
85097.8
85098.2
85098.6
85098.8
85099.1
85099.4
85099.3
85099.7
85100.5
85101.2
85099.9

85093.9
85095.1
85095.2
85095.3
85095.4
85095.6
85095.9
85096.3
85096.7
85097.2
85097.6
85098.1
85098.5
85098.8
85099.1
85099.4
85099.7
85099.6
85100
85100.8
85101.4
85100.2

85094.1
85095.4
85095.4
85095.5
85095.6
85095.8
85096.1
85096.5
85097
85097.4
85097.9
85098.4
85098.8
85099.2
85099.4
85099.8
85100.1
85099.9
85100.2
85101.1
85101.6
85100.4

85094.4
85095.6
85095.7
85095.8
85095.8
85096
85096.4
85096.8
85097.2
85097.7
85098.2
85098.6
85099.1
85099.5
85099.8
85100.2
85100.6
85100.2
85100.5
85101.3
85101.9
85100.7

85094.7
85095.9
85096
85096
85096.1
85096.3
85096.6
85097.1
85097.5
85098
85098.5
85099
85099.4
85099.9
85100.2
85100.8
85101.2
85100.6
85100.8
85101.7
85102.2
85101

85095
85096.3
85096.3
85096.3
85096.4
85096.6
85096.9
85097.4
85097.9
85098.3
85098.8
85099.3
85099.8
85100.3
85100.7
85101.4
85102.1
85101.1
85101.2
85102
85102.5
85101.3

85095.4
85096.6
85096.6
85096.7
85096.7
85096.9
85097.2
85097.7
85098.2
85098.7
85099.2
85099.7
85100.2
85100.7
85101.2
85102.1
85103.2
85101.6
85101.6
85102.4
85102.9
85101.6

85095.8
85097
85097
85097
85097.1
85097.2
85097.6
85098.1
85098.6
85099.1
85099.6
85100.1
85100.6
85101.2
85101.8
85102.7
85104.5
85102.1
85102
85102.8
85103.2
85102

0
85095.8
85095.8
85095.8
85095.8
85095.9
85096.3
85096.8
85097.3
85097.8
85098.3
85098.8
85099.4
85099.9
85100.5
85101.5
85103.3
85100.9
85100.8
85101.6
85102
0


0
85093.4
85093.6
85093.7
85093.8
85094
85094.2
85094.6
85095
85095.4
85095.8
85096.3
85096.6
85096.9
85097.2
85097.5
85097.9
85098.1
85098.6
85099.1
85099.7
0

85093.4
85094.7
85094.8
85094.9
85095
85095.2
85095.5
85095.8
85096.2
85096.6
85097.1
85097.5
85097.9
85098.2
85098.4
85098.8
85099.1
85099.4
85099.8
85100.4
85100.9
85099.7

85093.5
85094.7
85094.9
85094.9
85095.1
85095.3
85095.5
85095.9
85096.3
85096.7
85097.1
85097.5
85097.9
85098.2
85098.5
85098.8
85099.2
85099.4
85099.8
85100.4
85101
85099.7

85093.5
85094.8
85094.9
85095
85095.1
85095.4
85095.6
85095.9
85096.3
85096.7
85097.2
85097.6
85098
85098.3
85098.6
85098.9
85099.2
85099.5
85099.9
85100.5
85101.1
85099.8

85093.6
85094.9
85095
85095.1
85095.2
85095.5
85095.7
85096
85096.4
85096.9
85097.3
85097.7
85098.1
85098.4
85098.7
85099
85099.3
85099.6
85100
85100.6
85101.2
85099.9

85093.8
85095
85095.1
85095.2
85095.3
85095.6
85095.8
85096.2
85096.6
85097
85097.4
85097.9
85098.2
85098.6
85098.8
85099.1
85099.5
85099.7
85100.1
85100.7
85101.3
85100

85093.9
85095.2
85095.3
85095.4
85095.5
85095.7
85096
85096.3
85096.7
85097.1
85097.6
85098
85098.4
85098.7
85099
85099.3
85099.7
85099.9
85100.3
85100.9
85101.4
85100.2

85094.1
85095.3
85095.4
85095.5
85095.6
85095.9
85096.1
85096.5
85096.9
85097.3
85097.8
85098.2
85098.6
85098.9
85099.2
85099.5
85099.9
85100.1
85100.5
85101.1
85101.6
85100.4

85094.3
85095.5
85095.6
85095.7
85095.8
85096
85096.3
85096.7
85097.1
85097.5
85098
85098.4
85098.8
85099.2
85099.4
85099.8
85100.2
85100.3
85100.7
85101.3
85101.8
85100.6

85094.5
85095.7
85095.8
85095.9
85096
85096.2
85096.5
85096.9
85097.3
85097.8
85098.2
85098.6
85099.1
85099.4
85099.7
85100.1
85100.5
85100.6
85100.9
85101.5
85102
85100.8

85094.7
85096
85096.1
85096.1
85096.2
85096.4
85096.7
85097.1
85097.6
85098
85098.5
85098.9
85099.3
85099.7
85100
85100.5
85100.9
85100.9
85101.2
85101.8
85102.3
85101

85095
85096.3
85096.3
85096.4
85096.5
85096.7
85097
85097.4
85097.8
85098.3
85098.8
85099.2
85099.6
85100
85100.4
85100.9
85101.3
85101.2
85101.5
85102.1
85102.5
85101.3

85095.3
85096.6
85096.6
85096.7
85096.8
85096.9
85097.3
85097.7
85098.1
85098.6
85099.1
85099.5
85100
85100.4
85100.8
85101.4
85101.9
85101.7
85101.8
85102.4
85102.8
85101.6

85095.6
85096.9
85096.9
85097
85097
85097.2
85097.6
85098
85098.5
85098.9
85099.4
85099.9
85100.3
85100.8
85101.3
85101.9
85102.6
85102.1
85102.2
85102.8
85103.1
85101.9

85096
85097.2
85097.3
85097.3
85097.4
85097.5
85097.9
85098.3
85098.8
85099.3
85099.7
85100.2
85100.7
85101.2
85101.7
85102.5
85103.6
85102.6
85102.6
85103.1
85103.5
85102.2

85096.4
85097.6
85097.6
85097.7
85097.7
85097.9
85098.2
85098.7
85099.2
85099.6
85100.1
85100.6
85101.1
85101.7
85102.2
85103.1
85104.6
85103.2
85103
85103.5
85103.9
85102.6

0
85096.4
85096.4
85096.4
85096.5
85096.6
85097
85097.4
85097.9
85098.4
85098.9
85099.4
85099.9
85100.4
85101
85101.9
85103.4
85101.9
85101.8
85102.3
85102.6
0


0
85094
85094.2
85094.3
85094.4
85094.6
85094.9
85095.2
85095.6
85096
85096.4
85096.8
85097.2
85097.6
85097.9
85098.2
85098.7
85099
85099.4
85099.9
85100.3
0

85094
85095.3
85095.4
85095.5
85095.6
85095.9
85096.1
85096.5
85096.8
85097.2
85097.7
85098.1
85098.5
85098.8
85099.1
85099.5
85099.9
85100.2
85100.7
85101.1
85101.6
85100.3

85094.1
85095.3
85095.5
85095.5
85095.7
85095.9
85096.2
85096.5
85096.9
85097.3
85097.7
85098.1
85098.5
85098.8
85099.2
85099.5
85099.9
85100.3
85100.7
85101.2
85101.6
85100.4

85094.2
85095.4
85095.5
85095.6
85095.8
85096
85096.2
85096.6
85097
85097.4
85097.8
85098.2
85098.6
85098.9
85099.2
85099.6
85100
85100.4
85100.8
85101.3
85101.7
85100.4

85094.3
85095.5
85095.6
85095.7
85095.9
85096.1
85096.3
85096.7
85097.1
85097.5
85097.9
85098.3
85098.7
85099
85099.4
85099.7
85100.1
85100.5
85100.9
85101.4
85101.8
85100.5

85094.4
85095.6
85095.7
85095.8
85096
85096.2
85096.4
85096.8
85097.2
85097.6
85098
85098.4
85098.8
85099.2
85099.5
85099.9
85100.3
85100.6
85101
85101.5
85101.9
85100.7

85094.5
85095.8
85095.9
85096
85096.1
85096.3
85096.6
85096.9
85097.3
85097.7
85098.2
85098.6
85099
85099.3
85099.7
85100
85100.5
85100.8
85101.2
85101.7
85102.1
85100.8

85094.7
85096
85096
85096.1
85096.3
85096.5
85096.7
85097.1
85097.5
85097.9
85098.4
85098.8
85099.2
85099.5
85099.9
85100.3
85100.7
85101
85101.4
85101.8
85102.2
85101

85094.9
85096.2
85096.2
85096.3
85096.4
85096.6
85096.9
85097.3
85097.7
85098.1
85098.6
85099
85099.4
85099.7
85100.1
85100.5
85100.9
85101.2
85101.6
85102.1
85102.4
85101.2

85095.1
85096.4
85096.5
85096.5
85096.6
85096.9
85097.1
85097.5
85097.9
85098.4
85098.8
85099.2
85099.6
85100
85100.4
85100.8
85101.2
85101.5
85101.8
85102.3
85102.6
85101.4

85095.4
85096.6
85096.7
85096.8
85096.9
85097.1
85097.4
85097.8
85098.2
85098.6
85099.1
85099.5
85099.9
85100.3
85100.7
85101.1
85101.6
85101.8
85102.1
85102.6
85102.9
85101.7

85095.7
85096.9
85097
85097
85097.1
85097.3
85097.6
85098
85098.4
85098.9
85099.3
85099.8
85100.2
85100.6
85101
85101.5
85102
85102.2
85102.4
85102.9
85103.2
85101.9

85096
85097.2
85097.2
85097.3
85097.4
85097.6
85097.9
85098.3
85098.7
85099.2
85099.6
85100.1
85100.5
85100.9
85101.4
85101.9
85102.5
85102.6
85102.8
85103.2
85103.5
85102.2

85096.3
85097.5
85097.6
85097.6
85097.7
85097.9
85098.2
85098.6
85099.1
85099.5
85100
85100.4
85100.9
85101.3
85101.8
85102.4
85103.1
85103
85103.1
85103.5
85103.8
85102.5

85096.6
85097.9
85097.9
85097.9
85098
85098.2
85098.5
85098.9
85099.4
85099.9
85100.3
85100.8
85101.2
85101.7
85102.2
85102.9
85103.9
85103.5
85103.5
85103.9
85104.1
85102.9

85097
85098.3
85098.3
85098.3
85098.4
85098.5
85098.9
85099.3
85099.8
85100.2
85100.7
85101.2
85101.6
85102.1
85102.7
85103.5
85104.6
85104.1
85104
85104.3
85104.5
85103.2

0
85097
85097
85097.1
85097.1
85097.3
85097.6
85098.1
85098.5
85099
85099.5
85099.9
85100.4
85100.9
85101.5
85102.2
85103.4
85102.8
85102.7
85103.1
85103.2
0


0
85094.7
85094.8
85094.9
85095
85095.2
85095.5
85095.8
85096.2
85096.6
85097
85097.4
85097.8
85098.2
85098.6
85099
85099.4
85099.9
85100.3
85100.7
85101
0

85094.7
85095.9
85096
85096.1
85096.3
85096.5
85096.8
85097.1
85097.5
85097.9
85098.3
85098.7
85099
85099.4
85099.8
85100.2
85100.7
85101.1
85101.5
85101.9
85102.2
85101

85094.7
85096
85096.1
85096.2
85096.3
85096.5
85096.8
85097.1
85097.5
85097.9
85098.3
85098.7
85099.1
85099.5
85099.8
85100.3
85100.7
85101.1
85101.6
85101.9
85102.3
85101

85094.8
85096.1
85096.1
85096.2
85096.4
85096.6
85096.9
85097.2
85097.6
85098
85098.4
85098.8
85099.2
85099.5
85099.9
85100.3
85100.8
85101.2
85101.6
85102
85102.3
85101.1

85094.9
85096.2
85096.2
85096.3
85096.5
85096.7
85097
85097.3
85097.7
85098.1
85098.5
85098.9
85099.3
85099.6
85100
85100.5
85100.9
85101.3
85101.8
85102.1
85102.4
85101.2

85095
85096.3
85096.4
85096.5
85096.6
85096.8
85097.1
85097.4
85097.8
85098.2
85098.6
85099
85099.4
85099.8
85100.2
85100.6
85101.1
85101.5
85101.9
85102.3
85102.6
85101.3

85095.2
85096.4
85096.5
85096.6
85096.7
85096.9
85097.2
85097.6
85098
85098.4
85098.8
85099.2
85099.6
85099.9
85100.3
85100.8
85101.2
85101.7
85102.1
85102.4
85102.7
85101.5

85095.4
85096.6
85096.7
85096.8
85096.9
85097.1
85097.4
85097.7
85098.1
85098.5
85099
85099.4
85099.7
85100.1
85100.5
85101
85101.5
85101.9
85102.3
85102.6
85102.9
85101.6

85095.6
85096.8
85096.9
85096.9
85097.1
85097.3
85097.6
85097.9
85098.3
85098.7
85099.2
85099.6
85100
85100.3
85100.7
85101.2
85101.7
85102.1
85102.5
85102.8
85103.1
85101.8

85095.8
85097
85097.1
85097.2
85097.3
85097.5
85097.8
85098.1
85098.5
85099
85099.4
85099.8
85100.2
85100.6
85101
85101.5
85102
85102.4
85102.8
85103.1
85103.3
85102

85096
85097.3
85097.3
85097.4
85097.5
85097.7
85098
85098.4
85098.8
85099.2
85099.6
85100.1
85100.5
85100.9
85101.3
85101.8
85102.3
85102.7
85103
85103.3
85103.5
85102.3

85096.3
85097.6
85097.6
85097.7
85097.8
85098
85098.3
85098.6
85099.1
85099.5
85099.9
85100.3
85100.7
85101.1
85101.6
85102.1
85102.7
85103.1
85103.4
85103.6
85103.8
85102.6

85096.6
85097.9
85097.9
85097.9
85098.1
85098.3
85098.6
85098.9
85099.4
85099.8
85100.2
85100.6
85101.1
85101.5
85101.9
85102.5
85103.1
85103.5
85103.7
85103.9
85104.1
85102.8

85096.9
85098.2
85098.2
85098.2
85098.4
85098.6
85098.9
85099.2
85099.7
85100.1
85100.5
85101
85101.4
85101.8
85102.3
85102.9
85103.6
85103.9
85104.1
85104.3
85104.4
85103.2

85097.3
85098.5
85098.5
85098.6
85098.7
85098.9
85099.2
85099.6
85100
85100.5
85100.9
85101.3
85101.8
85102.2
85102.7
85103.4
85104.1
85104.3
85104.5
85104.6
85104.7
85103.5

85097.7
85098.9
85098.9
85098.9
85099
85099.2
85099.5
85099.9
85100.4
85100.8
85101.3
85101.7
85102.2
85102.6
85103.2
85103.8
85104.6
85104.8
85104.9
85105
85105.1
85103.9

0
85097.7
85097.7
85097.7
85097.8
85098
85098.3
85098.7
85099.1
85099.6
85100
85100.5
85100.9
85101.4
85101.9
85102.6
85103.4
85103.6
85103.6
85103.8
85103.9
0


0
0
0
0
0
0
0
0
0
0
0
0
0
0
0
0
0
0
0
0
0
0

0
85094.7
85094.8
85094.9
85095
85095.2
85095.5
85095.8
85096.2
85096.6
85097
85097.4
85097.8
85098.2
85098.6
85099
85099.4
85099.9
85100.3
85100.7
85101
0

0
85094.7
85094.8
85094.9
85095.1
85095.3
85095.6
85095.9
85096.3
85096.7
85097.1
85097.5
85097.9
85098.2
85098.6
85099
85099.5
85099.9
85100.3
85100.7
85101
0

0
85094.8
85094.9
85095
85095.1
85095.4
85095.6
85096
85096.3
85096.7
85097.2
85097.6
85097.9
85098.3
85098.7
85099.1
85099.6
85100
85100.4
85100.8
85101.1
0

0
85094.9
85095
85095.1
85095.2
85095.4
85095.7
85096.1
85096.4
85096.8
85097.3
85097.7
85098
85098.4
85098.8
85099.2
85099.7
85100.1
85100.5
85100.9
85101.2
0

0
85095
85095.1
85095.2
85095.4
85095.6
85095.8
85096.2
85096.6
85097
85097.4
85097.8
85098.2
85098.5
85098.9
85099.3
85099.8
85100.3
85100.7
85101
85101.3
0

0
85095.2
85095.3
85095.4
85095.5
85095.7
85096
85096.3
85096.7
85097.1
85097.5
85097.9
85098.3
85098.7
85099.1
85099.5
85100
85100.4
85100.8
85101.2
85101.5
0

0
85095.4
85095.4
85095.5
85095.7
85095.9
85096.1
85096.5
85096.9
85097.3
85097.7
85098.1
85098.5
85098.9
85099.3
85099.7
85100.2
85100.7
85101
85101.4
85101.6
0

0
85095.6
85095.6
85095.7
85095.8
85096
85096.3
85096.7
85097.1
85097.5
85097.9
85098.3
85098.7
85099.1
85099.5
85100
85100.5
85100.9
85101.3
85101.6
85101.8
0

0
85095.8
85095.8
85095.9
85096
85096.2
85096.5
85096.9
85097.3
85097.7
85098.1
85098.6
85099
85099.3
85099.7
85100.2
85100.7
85101.2
85101.5
85101.8
85102
0

0
85096
85096.1
85096.2
85096.3
85096.5
85096.8
85097.1
85097.5
85098
85098.4
85098.8
85099.2
85099.6
85100
85100.5
85101.1
85101.5
85101.8
85102.1
85102.3
0

0
85096.3
85096.3
85096.4
85096.5
85096.7
85097
85097.4
85097.8
85098.2
85098.7
85099.1
85099.5
85099.9
85100.3
85100.9
85101.4
85101.8
85102.1
85102.4
85102.6
0

0
85096.6
85096.6
85096.7
85096.8
85097
85097.3
85097.7
85098.1
85098.5
85099
85099.4
85099.8
85100.2
85100.7
85101.2
85101.8
85102.2
85102.5
85102.7
85102.8
0

0
85096.9
85097
85097
85097.1
85097.3
85097.6
85098
85098.4
85098.9
85099.3
85099.7
85100.2
85100.6
85101.1
85101.7
85102.3
85102.6
85102.8
85103
85103.2
0

0
85097.3
85097.3
85097.3
85097.4
85097.6
85097.9
85098.3
85098.8
85099.2
85099.7
85100.1
85100.5
85101
85101.5
85102.1
85102.8
85103.1
85103.2
85103.4
85103.5
0

0
85097.7
85097.7
85097.7
85097.8
85098
85098.3
85098.7
85099.1
85099.6
85100
85100.5
85100.9
85101.4
85101.9
85102.6
85103.4
85103.6
85103.6
85103.8
85103.9
0

0
0
0
0
0
0
0
0
0
0
0
0
0
0
0
0
0
0
0
0
0
0


