0
0
0
0
0
0
0
0
0
0
0
0
0
0
0
0
0
0
0
0
0
0

0
0
0
0
0
0
0
0
0
0
0
0
0
0
0
0
0
0
0
0
0
0

0
0
0
0
0
0
0
0
0
0
0
0
0
0
0
0
0
0
0
0
0
0

0
0
0
0
0
0
0
0
0
0
0
0
0
0
0
0
0
0
0
0
0
0

0
0
0
0
0
0
0
0
0
0
0
0
0
0
0
0
0
0
0
0
0
0

0
0
0
0
0
0
0
0
0
0
0
0
0
0
0
0
0
0
0
0
0
0

0
0
0
0
0
0
0
0
0
0
0
0
0
0
0
0
0
0
0
0
0
0

0
0
0
0
0
0
0
0
0
0
0
0
0
0
0
0
0
0
0
0
0
0

0
0
0
0
0
0
0
0
0
0
0
0
0
0
0
0
0
0
0
0
0
0

0
0
0
0
0
0
0
0
0
0
0
0
0
0
0
0
0
0
0
0
0
0

0
0
0
0
0
0
0
0
0
0
0
0
0
0
0
0
0
0
0
0
0
0

0
0
0
0
0
0
0
0
0
0
0
0
0
0
0
0
0
0
0
0
0
0

0
0
0
0
0
0
0
0
0
0
0
0
0
0
0
0
0
0
0
0
0
0

0
0
0
0
0
0
0
0
0
0
0
0
0
0
0
0
0
0
0
0
0
0

0
0
0
0
0
0
0
0
0
0
0
0
0
0
0
0
0
0
0
0
0
0

0
0
0
0
0
0
0
0
0
0
0
0
0
0
0
0
0
0
0
0
0
0

0
0
0
0
0
0
0
0
0
0
0
0
0
0
0
0
0
0
0
0
0
0


0
0
0
0
0
0
0
0
0
0
0
0
0
0
0
0
0
0
0
0
0
0

0.5
-0.00124129
0.747367
0.596057
0.694211
0.0633723
-0.181753
0.211755
-0.537433
0.114425
-0.12788
-0.401756
0.548054
-0.594412
0.306942
0.506122
0.127153
-0.189206
-0.879746
-0.53125
-0.538676
0

0.5
0.29901
0.23286
0.535345
0.605596
0.216275
-0.235393
0.126032
0.217176
-0.602476
-0.169407
-0.384039
0.469461
0.441481
0.207583
1.12277
-0.636078
-0.306595
-0.870276
-0.54326
-0.552549
0

0.5
0.0229266
0.604773
0.539004
0.53428
0.0575098
0.0625531
0.209438
0.0501161
-0.519459
-0.173709
0.12154
-0.0471016
0.39015
0.28883
-0.0740535
1.24281
-0.409095
-0.890692
-0.527402
-0.536136
0

0.5
0.0951395
0.569567
0.518525
0.396477
0.1217
0.125755
0.154616
0.0535934
-0.40398
-0.162425
0.27182
0.0716421
0.255631
0.336811
-0.33236
0.698966
-0.356752
-0.928279
-0.504813
-0.511778
0

0.5
0.339083
0.412699
0.452897
0.378025
0.0951187
0.106597
0.155382
-0.0361314
-0.165563
-0.136157
0.361112
0.564521
0.178741
0.412089
-0.195826
0.561019
-0.392219
-0.977525
-0.473218
-0.477112
0

0.5
0.413526
0.395863
0.393397
0.418031
0.0557994
0.0563724
0.203662
-0.153068
-0.286641
-0.11403
0.261227
-0.112531
0.261561
0.542246
-0.219661
0.499839
-0.445659
-1.03202
-0.439731
-0.438485
0

0.5
0.420668
0.409457
0.400831
0.461153
0.0197395
0.00250798
0.132499
-0.139866
-0.210681
-0.10793
0.156027
0.0139937
0.355518
0.492688
-0.115867
0.521169
-0.447651
-1.1205
-0.432408
-0.423065
0

0.5
0.416185
0.422439
0.429113
0.434235
0.0320041
-0.0431752
-0.583623
0.520846
-0.139192
-0.108161
0.0640401
0.0408138
0.526577
1.02245
-0.123805
0.564439
-0.440142
-1.14126
-0.531415
-0.519768
0

0.5
0.414309
0.435584
0.464902
0.283863
0.103822
-0.0337733
-0.538412
0.397431
-0.085463
-0.10815
-0.0138773
-0.108422
0.937712
0.28596
-0.354097
0.687667
-0.46262
-0.918697
-0.740732
-0.796613
0

0.5
0.417852
0.449407
0.490824
0.151172
0.186534
0.0686616
-0.429523
0.267499
-0.0678101
-0.0910302
-0.0894989
-0.552089
1.60347
-0.0241921
-0.524156
1.00127
-0.522434
-0.823569
-0.857647
-0.907015
0

0.5
0.428021
0.462587
0.500079
0.34293
-0.0187825
-0.114864
-0.347546
0.157394
-0.0713159
-0.039159
-0.169372
-0.860147
1.90115
-0.465926
-0.419151
1.52917
-0.462781
-0.747111
-0.837374
-0.874449
0

0.5
0.44305
0.47227
0.517831
0.503547
-0.138994
-0.162483
-0.258255
0.0282283
-0.0915583
-0.160692
-0.211237
-0.426508
0.565752
-0.989385
0.250281
2.86717
-0.291808
-0.74605
-0.773826
-0.80268
0

0.5
0.450764
0.475888
0.541284
0.588599
-0.226477
-0.203102
-0.138867
-0.133122
-0.125815
-0.13657
-0.234016
-0.0385765
-0.609501
-2.54814
1.25305
4.25666
0.00910639
-0.702486
-0.732178
-0.757957
0

0.5
0.440903
0.47111
0.545726
0.667972
-0.340092
-0.243124
-0.149203
-0.177331
-0.162359
-0.221263
-0.255495
-0.255901
-1.30921
0.63097
0.213335
3.20521
0.213826
-0.676618
-0.709657
-0.736392
0

0.5
0.408297
0.445354
0.522153
0.687161
-0.427315
-0.264133
-0.179364
-0.180021
-0.179445
-0.218791
-0.263583
-0.32065
-0.474531
-0.0191257
0.328499
0.256682
0.0653224
-0.886873
-0.68032
-0.711366
0

0
0
0
0
0
0
0
0
0
0
0
0
0
0
0
0
0
0
0
0
0
0


0
0
0
0
0
0
0
0
0
0
0
0
0
0
0
0
0
0
0
0
0
0

0.5
-0.444569
1.23099
0.609385
0.506767
-0.113224
0.00454783
0.0904725
0.302406
-0.418448
-0.112389
0.0817639
0.0160025
0.632093
0.251882
-0.131495
0.627654
-0.0306405
-0.717197
-0.438292
-0.447812
0

0.5
-0.572479
1.27046
0.498951
0.378801
0.199044
-0.0581796
0.0282234
-0.0212544
-0.199153
-0.151027
-0.0579255
0.0563766
0.212856
0.148502
0.219546
0.156285
-0.189561
-0.721237
-0.465418
-0.475938
0

0.5
-0.380557
1.05133
0.526304
0.426013
0.278909
-0.0570842
0.0666108
0.0604157
-0.341299
-0.148602
-0.207327
0.251429
0.247892
0.149064
-0.152666
0.674738
-0.262657
-0.719577
-0.457686
-0.467894
0

0.5
-0.11486
0.815177
0.514686
0.433069
0.140652
0.063009
0.114121
0.00987138
-0.347305
-0.148593
5.53931e-05
0.0784765
0.160566
0.182535
-0.335884
0.717263
-0.242543
-0.734062
-0.450461
-0.459551
0

0.5
0.181651
0.553957
0.490804
0.377311
0.130135
0.0910936
0.0637984
0.0220136
-0.332879
-0.135814
0.115072
-0.118304
0.123747
0.231645
-0.144325
0.536948
-0.263223
-0.738376
-0.44145
-0.448923
0

0.5
0.343679
0.456999
0.447794
0.38333
0.102952
0.0672741
0.0499826
-0.0152209
-0.224023
-0.117653
0.137652
-0.0715696
0.163861
0.314821
-0.0366744
0.364807
-0.328131
-0.720509
-0.432053
-0.438185
0

0.5
0.401045
0.440745
0.426744
0.415157
0.0701034
0.0245959
0.0281701
-0.0402972
-0.190727
-0.108865
0.0843729
-0.0731264
0.247198
0.257827
0.00506663
0.304368
-0.37136
-0.731165
-0.420049
-0.427
0

0.5
0.41907
0.44333
0.433779
0.40866
0.0746804
-0.0177896
-0.0847424
0.0218667
-0.149524
-0.109078
0.018999
-0.110352
0.416936
0.0125022
0.0627269
0.292447
-0.378198
-0.772225
-0.39919
-0.409067
0

0.5
0.427387
0.451776
0.453885
0.321113
0.135931
-0.0483529
-0.315659
0.211919
-0.102909
-0.117362
-0.0477927
-0.298203
0.7611
0.153906
-0.0483557
0.338751
-0.390172
-0.81002
-0.416432
-0.430208
0

0.5
0.435401
0.463469
0.476278
0.224494
0.167653
-0.0718109
-0.303152
0.165965
-0.0799626
-0.138047
-0.118904
-0.788701
1.35499
-0.286146
-0.17581
0.59369
-0.389142
-0.645423
-0.577649
-0.61915
0

0.5
0.446336
0.476074
0.492239
0.280489
0.084117
-0.0554119
-0.257071
0.0968601
-0.0780436
-0.16903
-0.197187
-1.4743
2.00861
-0.703872
-0.120764
1.04037
-0.3251
-0.517024
-0.639966
-0.682003
0

0.5
0.460604
0.485569
0.506511
0.441246
-0.0542089
-0.110331
-0.223898
0.0307372
-0.0904626
-0.15992
-0.225616
-0.832078
0.744915
-0.918213
0.28541
1.83871
-0.0704911
-0.440016
-0.616079
-0.650419
0

0.5
0.472102
0.488249
0.522627
0.496623
-0.113371
-0.151752
-0.185901
-0.0515205
-0.11719
-0.193135
-0.235709
-0.299946
-0.224822
-0.671958
0.84086
2.78057
0.358132
-0.379867
-0.577587
-0.60862
0

0.5
0.464577
0.475052
0.516565
0.530895
-0.186054
-0.189317
-0.144508
-0.144887
-0.150223
-0.195821
-0.249016
-0.248488
-0.669123
-0.159258
-0.104622
4.08103
0.925455
-0.32096
-0.548851
-0.578837
0

0.5
0.431565
0.446416
0.488838
0.527659
-0.241143
-0.209441
-0.155352
-0.16438
-0.166811
-0.207886
-0.252171
-0.311031
-0.524495
-0.1179
-0.00205595
3.91843
1.06187
-0.264863
-0.5233
-0.553619
0

0
0
0
0
0
0
0
0
0
0
0
0
0
0
0
0
0
0
0
0
0
0


0
0
0
0
0
0
0
0
0
0
0
0
0
0
0
0
0
0
0
0
0
0

0.5
-0.121506
0.946762
0.574224
0.424252
-0.142967
0.0403906
0.116803
-0.0756814
-0.0547587
-0.0845272
-0.0590205
0.16119
0.104604
0.130588
-0.0854429
0.56097
-0.101858
-0.574141
-0.358968
-0.372981
0

0.5
-0.211307
0.867861
0.480985
0.222278
0.236193
-0.00241382
0.0502473
-0.0353477
-0.198912
-0.136412
-0.0872932
0.0601544
0.146875
0.0893815
-0.00984896
0.269933
-0.203458
-0.600765
-0.401065
-0.414408
0

0.5
-0.15311
0.843754
0.486249
0.38015
0.227074
0.0125535
0.0440844
-0.00168564
-0.216555
-0.134819
-0.0747761
0.0288149
0.168601
0.100511
0.0684319
0.185712
-0.212132
-0.583315
-0.394183
-0.407681
0

0.5
-0.0146367
0.729055
0.491358
0.39981
0.201839
0.0334358
0.0518072
0.0140708
-0.241975
-0.134433
-0.0741269
0.00791155
0.187412
0.116253
-0.294139
0.565827
-0.225591
-0.581081
-0.388374
-0.401892
0

0.5
0.146087
0.605686
0.478953
0.393141
0.140455
0.0646522
0.0605605
-0.00461262
-0.223174
-0.129069
0.00539382
-0.028407
0.137559
0.134166
-0.192362
0.486629
-0.224034
-0.580846
-0.379999
-0.393744
0

0.5
0.291209
0.497564
0.460011
0.380271
0.121287
0.0604051
0.0408016
-0.0156053
-0.202148
-0.119255
0.0408322
-0.0488931
0.116096
0.197235
-0.0140338
0.300093
-0.232572
-0.5958
-0.368259
-0.382441
0

0.5
0.373806
0.457539
0.438133
0.397472
0.0917972
0.0330801
0.0180116
-0.0287081
-0.169004
-0.111038
0.0253821
-0.0818469
0.147103
0.32028
0.0407313
0.178038
-0.27974
-0.582333
-0.354808
-0.368537
0

0.5
0.411104
0.450466
0.43377
0.414797
0.0671088
-0.00138056
-0.0403708
-0.00541753
-0.140101
-0.108896
-0.0139082
-0.109394
0.226228
0.283403
0.131428
0.125662
-0.304469
-0.575186
-0.351836
-0.364352
0

0.5
0.429393
0.454548
0.443196
0.383276
0.0800319
-0.0269605
-0.142583
0.0570751
-0.111887
-0.111038
-0.0630899
-0.195125
0.373003
0.147092
0.0967964
0.159564
-0.300373
-0.543576
-0.366228
-0.380489
0

0.5
0.44262
0.463457
0.458052
0.290197
0.13596
-0.0308032
-0.206867
0.0887623
-0.0893645
-0.1159
-0.116275
-0.412407
0.629771
-0.0241553
-0.0525336
0.476814
-0.265558
-0.498757
-0.391157
-0.41521
0

0.5
0.456121
0.474624
0.471862
0.255992
0.134965
-0.0385287
-0.196733
0.0546579
-0.084009
-0.125734
-0.171056
-0.733887
0.902907
-0.43254
-0.205242
1.25146
-0.145411
-0.401872
-0.457385
-0.493755
0

0.5
0.470387
0.484593
0.483542
0.37252
0.0161722
-0.0727591
-0.175635
0.00476571
-0.092901
-0.146967
-0.212896
-0.708049
0.693646
-0.759728
-0.27164
2.18189
0.256317
-0.298841
-0.470258
-0.506493
0

0.5
0.480394
0.48643
0.492108
0.436121
-0.0532579
-0.11406
-0.158661
-0.0535481
-0.11394
-0.16603
-0.232756
-0.457896
0.0668088
-0.742502
-0.431939
3.17067
0.823411
-0.212463
-0.447626
-0.479243
0

0.5
0.474372
0.472211
0.486724
0.454817
-0.110164
-0.151036
-0.147477
-0.114303
-0.142089
-0.190666
-0.244473
-0.301737
-0.417531
-0.467202
-0.964783
3.82304
1.20106
-0.128197
-0.426177
-0.454085
0

0.5
0.445806
0.441204
0.458503
0.443083
-0.153776
-0.171466
-0.14073
-0.15056
-0.158371
-0.198195
-0.245213
-0.299864
-0.51665
-0.285692
-0.868635
3.84114
1.22251
-0.0762158
-0.409114
-0.436045
0

0
0
0
0
0
0
0
0
0
0
0
0
0
0
0
0
0
0
0
0
0
0


0
0
0
0
0
0
0
0
0
0
0
0
0
0
0
0
0
0
0
0
0
0

0.5
0.106295
0.765326
0.54047
0.429293
0.0156212
0.0954779
0.0892104
0.0381256
-0.116863
-0.0723608
-0.0125383
0.0289811
0.130015
0.0786244
0.00366529
0.366465
-0.0320671
-0.411634
-0.261547
-0.279763
0

0.5
0.0474612
0.670265
0.457368
0.145433
0.340995
0.0414883
0.0387388
-0.0301046
-0.150979
-0.121779
-0.0808857
0.000556618
0.0680954
0.0323153
-0.0285642
0.227439
-0.137478
-0.462841
-0.320458
-0.336508
0

0.5
0.0628781
0.670612
0.461387
0.244464
0.313109
0.0525468
0.0383256
-0.0189602
-0.161268
-0.12103
-0.0793876
0.00566946
0.08558
0.0485002
0.0772672
0.105833
-0.164066
-0.446821
-0.314357
-0.330643
0

0.5
0.109489
0.639606
0.463118
0.335648
0.236572
0.0512816
0.0377003
-0.00910282
-0.176654
-0.121604
-0.0756441
0.00231412
0.0873919
0.0568022
-0.0188456
0.187907
-0.181692
-0.437149
-0.308715
-0.32513
0

0.5
0.192903
0.579184
0.460985
0.385632
0.16012
0.057511
0.0387411
-0.00945326
-0.181025
-0.119705
-0.0520515
-0.0254295
0.0863275
0.0681909
-0.126644
0.273716
-0.170015
-0.43047
-0.300135
-0.316879
0

0.5
0.285488
0.51592
0.452871
0.381869
0.133533
0.0586925
0.030627
-0.0154949
-0.1666
-0.114848
-0.0244358
-0.0616352
0.0762993
0.0814459
-0.0482017
0.180403
-0.166784
-0.416141
-0.288998
-0.305909
0

0.5
0.359515
0.474194
0.442275
0.378313
0.117818
0.0452975
0.0120817
-0.0214555
-0.147482
-0.109839
-0.0235746
-0.0852241
0.0865283
0.103502
0.0588762
0.0449395
-0.16657
-0.399867
-0.277552
-0.294372
0

0.5
0.405487
0.459585
0.435519
0.38776
0.0972648
0.0225508
-0.0167215
-0.0211587
-0.128051
-0.108077
-0.0438188
-0.115342
0.12386
0.13579
0.118718
-0.0507493
-0.170843
-0.36886
-0.268503
-0.285604
0

0.5
0.432405
0.459516
0.437442
0.383646
0.0895408
-0.000298928
-0.065351
-0.000917388
-0.109565
-0.110509
-0.0762358
-0.169882
0.197431
0.0935913
0.136784
-0.0128646
-0.160216
-0.337669
-0.266184
-0.284532
0

0.5
0.45114
0.465998
0.44563
0.339955
0.11095
-0.0145083
-0.116074
0.0217626
-0.0941748
-0.116854
-0.115212
-0.272225
0.305218
-0.0488717
-0.0245887
0.294393
-0.110362
-0.296616
-0.275976
-0.296666
0

0.5
0.467907
0.475422
0.455985
0.288515
0.133425
-0.0211646
-0.134871
0.0159824
-0.0875473
-0.12674
-0.156355
-0.412825
0.394933
-0.328904
-0.37327
1.02853
0.0665431
-0.235649
-0.296513
-0.324277
0

0.5
0.483804
0.48427
0.465012
0.321204
0.0839547
-0.0393487
-0.131349
-0.0135882
-0.0928727
-0.140045
-0.193404
-0.489303
0.315894
-0.649885
-0.870622
2.10811
0.433649
-0.16536
-0.31674
-0.34875
0

0.5
0.49383
0.485756
0.469776
0.379668
0.0118454
-0.0745439
-0.127101
-0.055548
-0.109895
-0.159221
-0.219753
-0.429279
0.0105235
-0.77207
-1.45082
3.09197
0.892401
-0.0939721
-0.31566
-0.346069
0

0.5
0.487503
0.470832
0.460472
0.395364
-0.0421287
-0.111092
-0.127778
-0.102864
-0.134284
-0.179462
-0.235526
-0.337218
-0.323036
-0.679456
-1.91762
3.57863
1.15613
-0.0614002
-0.307122
-0.333854
0

0.5
0.458905
0.438488
0.431925
0.378575
-0.0781383
-0.132523
-0.127384
-0.132605
-0.148917
-0.18876
-0.237083
-0.294534
-0.466656
-0.557766
-1.92252
3.51597
1.16835
-0.0714459
-0.298148
-0.32301
0

0
0
0
0
0
0
0
0
0
0
0
0
0
0
0
0
0
0
0
0
0
0


0
0
0
0
0
0
0
0
0
0
0
0
0
0
0
0
0
0
0
0
0
0

0.5
0.239582
0.652497
0.514024
0.357649
0.29998
0.136667
0.0883819
0.0221937
-0.0642426
-0.0590737
-0.026693
0.00214439
0.051687
0.0278848
0.014687
0.203841
-0.0254762
-0.264154
-0.162559
-0.183067
0

0.5
0.164635
0.571812
0.426967
0.23293
0.33258
0.0617016
0.0322014
-0.0267849
-0.123036
-0.110193
-0.0803728
-0.041982
0.00901615
-0.017748
-0.0552496
0.121504
-0.112824
-0.336678
-0.237195
-0.25449
0

0.5
0.185905
0.572451
0.436581
0.196661
0.347591
0.0731508
0.0344915
-0.022098
-0.126794
-0.109595
-0.0810664
-0.0348666
0.0232128
-0.00244983
-0.0224827
0.082262
-0.120596
-0.322019
-0.232182
-0.249637
0

0.5
0.212498
0.562122
0.439432
0.236523
0.302494
0.074149
0.0331126
-0.018511
-0.134258
-0.110885
-0.0805517
-0.038928
0.0301396
0.00533719
0.00887586
0.0369713
-0.130773
-0.309979
-0.227168
-0.244576
0

0.5
0.256017
0.53766
0.439895
0.316617
0.214409
0.0690538
0.0312132
-0.0172551
-0.138633
-0.110726
-0.0732464
-0.05061
0.0298162
0.0128052
-0.0423095
0.0662395
-0.126575
-0.295848
-0.218964
-0.236499
0

0.5
0.311239
0.505721
0.437932
0.358955
0.15697
0.0636667
0.0261216
-0.0198413
-0.135882
-0.109019
-0.0612355
-0.0686148
0.0258658
0.0233105
-0.0446931
0.0328168
-0.109198
-0.277371
-0.208604
-0.226258
0

0.5
0.364822
0.478652
0.433956
0.365577
0.133941
0.0544474
0.0145793
-0.0234498
-0.126445
-0.10675
-0.0576071
-0.089815
0.0263849
0.0378037
0.0198121
-0.0616309
-0.0947896
-0.253439
-0.197278
-0.215078
0

0.5
0.406852
0.464737
0.430372
0.365334
0.121274
0.0396854
-0.00406807
-0.024863
-0.114694
-0.105908
-0.0677566
-0.113672
0.0382755
0.0490835
0.0933569
-0.14329
-0.089982
-0.225739
-0.186646
-0.204709
0

0.5
0.43665
0.462608
0.430403
0.362484
0.112964
0.022467
-0.0310201
-0.0204161
-0.103145
-0.107734
-0.0882099
-0.149575
0.0643978
0.0284695
0.124732
-0.126202
-0.0886319
-0.196261
-0.179092
-0.19778
0

0.5
0.458966
0.467476
0.43474
0.345625
0.115675
0.00794891
-0.0622407
-0.0119148
-0.0934611
-0.112475
-0.115498
-0.207478
0.101579
-0.0554153
0.0142714
0.108054
-0.0559532
-0.163987
-0.176872
-0.196991
0

0.5
0.478329
0.475706
0.441618
0.317606
0.124502
-0.00190791
-0.0842632
-0.0120556
-0.0886211
-0.120421
-0.146313
-0.284768
0.12586
-0.24936
-0.364058
0.679089
0.0731158
-0.121497
-0.18051
-0.203332
0

0.5
0.495824
0.483488
0.448113
0.309795
0.112195
-0.0147465
-0.0928245
-0.0281992
-0.0922046
-0.132604
-0.177145
-0.348135
0.0759188
-0.531468
-1.02451
1.56635
0.345953
-0.06582
-0.187926
-0.213825
0

0.5
0.50659
0.48405
0.449178
0.336691
0.0633254
-0.0412195
-0.0981364
-0.0580411
-0.106237
-0.150077
-0.204385
-0.357571
-0.0914579
-0.745402
-1.77687
2.43368
0.70095
-0.00476917
-0.193391
-0.219235
0

0.5
0.500226
0.468715
0.436813
0.348245
0.0113031
-0.0752132
-0.107152
-0.0947863
-0.127662
-0.170387
-0.224272
-0.325916
-0.299135
-0.77468
-2.25986
2.85553
0.928668
0.0397911
-0.197558
-0.22071
0

0.5
0.471375
0.436667
0.408171
0.331716
-0.0234765
-0.0974083
-0.112807
-0.11842
-0.140805
-0.179836
-0.228522
-0.292973
-0.406779
-0.712064
-2.31376
2.82167
0.951983
0.0497752
-0.199243
-0.220881
0

0
0
0
0
0
0
0
0
0
0
0
0
0
0
0
0
0
0
0
0
0
0


0
0
0
0
0
0
0
0
0
0
0
0
0
0
0
0
0
0
0
0
0
0

0.5
0.324049
0.587583
0.496639
0.359031
0.379316
0.152295
0.0858258
0.0269903
-0.0454039
-0.0504338
-0.0352717
-0.0298776
0.00331108
-0.0117205
-0.00196447
0.0876722
-0.00340851
-0.13287
-0.0676945
-0.0878312
0

0.5
0.252678
0.504397
0.407588
0.283935
0.265925
0.0768694
0.0294335
-0.0256205
-0.099606
-0.101668
-0.0870219
-0.0731463
-0.04103
-0.0580961
-0.0630571
0.0249316
-0.0891724
-0.222628
-0.156094
-0.172563
0

0.5
0.268813
0.510898
0.413703
0.276843
0.263378
0.0766769
0.0315539
-0.0225873
-0.101844
-0.100864
-0.086123
-0.0654378
-0.0290426
-0.0448572
-0.0492701
0.00176597
-0.0914903
-0.211735
-0.152985
-0.169508
0

0.5
0.287216
0.50865
0.417649
0.264213
0.258685
0.0812288
0.0307203
-0.0218141
-0.10684
-0.102553
-0.0871037
-0.0657842
-0.0232024
-0.0373759
-0.0332586
-0.0333991
-0.0944985
-0.200233
-0.149534
-0.165779
0

0.5
0.313224
0.500232
0.420224
0.278695
0.235568
0.080755
0.0288732
-0.0214454
-0.110544
-0.103444
-0.0853406
-0.0715303
-0.0211318
-0.0320741
-0.0357075
-0.0528816
-0.0909452
-0.184907
-0.142543
-0.15868
0

0.5
0.346866
0.486703
0.421022
0.315298
0.190838
0.0745328
0.0248461
-0.0227963
-0.111025
-0.103516
-0.0814276
-0.0828542
-0.0226926
-0.0281917
-0.0435104
-0.0714494
-0.077953
-0.166054
-0.133159
-0.149265
0

0.5
0.383345
0.473115
0.420691
0.338343
0.157926
0.0656739
0.0172284
-0.0253462
-0.107696
-0.103204
-0.0799938
-0.0977503
-0.0248791
-0.0238451
-0.0171461
-0.120526
-0.0633739
-0.144052
-0.122302
-0.13844
0

0.5
0.416853
0.46477
0.420112
0.344348
0.141568
0.0546136
0.00522376
-0.0276416
-0.101913
-0.103543
-0.0857282
-0.115967
-0.0240187
-0.0220692
0.0360876
-0.176642
-0.0531084
-0.120005
-0.111122
-0.127373
0

0.5
0.444753
0.463483
0.420781
0.343092
0.133045
0.0418624
-0.0113356
-0.0279936
-0.0955331
-0.105529
-0.0988521
-0.140788
-0.0190874
-0.0361473
0.0783529
-0.187259
-0.0424708
-0.0941419
-0.101069
-0.11763
0

0.5
0.468055
0.467824
0.423699
0.336206
0.129498
0.0293957
-0.0309422
-0.0265866
-0.0901011
-0.109687
-0.11776
-0.176726
-0.0134982
-0.0923936
0.0296243
-0.0610836
-0.0135503
-0.0657026
-0.0935595
-0.11082
0

0.5
0.488969
0.475305
0.428396
0.322406
0.130026
0.01875
-0.0487688
-0.0278929
-0.087582
-0.116476
-0.140618
-0.223727
-0.0200571
-0.218465
-0.237576
0.318885
0.0696653
-0.0324393
-0.0894551
-0.107842
0

0.5
0.507699
0.482311
0.432535
0.310692
0.12416
0.00679608
-0.061474
-0.0379714
-0.090955
-0.127079
-0.165721
-0.270661
-0.0640132
-0.421162
-0.792305
0.972811
0.250602
0.00817261
-0.0894033
-0.108929
0

0.5
0.519124
0.482155
0.430756
0.312995
0.0958722
-0.0141142
-0.0730121
-0.0595225
-0.10318
-0.143259
-0.191394
-0.298755
-0.164698
-0.62508
-1.47967
1.66704
0.499578
0.0487784
-0.0945845
-0.113784
0

0.5
0.512931
0.466363
0.415758
0.312781
0.0528335
-0.0441116
-0.0876029
-0.088741
-0.122478
-0.162846
-0.213352
-0.301093
-0.291168
-0.715483
-1.92686
2.02578
0.680461
0.0732894
-0.105902
-0.123275
0

0.5
0.484099
0.43455
0.386867
0.295549
0.0192988
-0.06603
-0.0972325
-0.108034
-0.134461
-0.172489
-0.220129
-0.286485
-0.360938
-0.694999
-1.97464
2.00936
0.708508
0.0726251
-0.115829
-0.132845
0

0
0
0
0
0
0
0
0
0
0
0
0
0
0
0
0
0
0
0
0
0
0


0
0
0
0
0
0
0
0
0
0
0
0
0
0
0
0
0
0
0
0
0
0

0.5
0.381548
0.545741
0.478787
0.345632
0.243809
0.146968
0.0833372
0.0269676
-0.0298063
-0.0457098
-0.0458503
-0.0535415
-0.0377186
-0.0420455
-0.0221791
0.0019075
0.00879541
-0.0287448
0.0114455
-0.00499025
0

0.5
0.311576
0.460427
0.39148
0.267674
0.206289
0.0859645
0.0277855
-0.0256873
-0.084334
-0.0971892
-0.0961534
-0.0977828
-0.0814656
-0.0892373
-0.080288
-0.0495604
-0.0731656
-0.130006
-0.0871461
-0.100111
0

0.5
0.327477
0.46862
0.396044
0.280531
0.221851
0.0855849
0.0299923
-0.0233027
-0.0851155
-0.0960318
-0.0940913
-0.0907046
-0.0712882
-0.0779901
-0.0707177
-0.0592748
-0.0724958
-0.123724
-0.0864625
-0.099449
0

0.5
0.341699
0.470867
0.398551
0.282287
0.223957
0.0849946
0.0288875
-0.023711
-0.0888821
-0.0978177
-0.0952357
-0.0896928
-0.0664489
-0.0718918
-0.0617226
-0.0821941
-0.0735788
-0.115917
-0.0854202
-0.0979226
0

0.5
0.359429
0.470213
0.401552
0.283869
0.216619
0.0853362
0.0273414
-0.0242499
-0.0920506
-0.0992838
-0.0955976
-0.0923057
-0.0643558
-0.0676778
-0.055102
-0.104902
-0.0707872
-0.103731
-0.0805361
-0.0927006
0

0.5
0.381409
0.46682
0.403913
0.295464
0.198714
0.0822387
0.0243621
-0.0255582
-0.093865
-0.100428
-0.0952823
-0.0988659
-0.0653666
-0.0654718
-0.0544391
-0.12303
-0.0630494
-0.0885626
-0.0729995
-0.0849059
0

0.5
0.406421
0.46255
0.405566
0.311493
0.176335
0.0756181
0.0191247
-0.0276881
-0.0937038
-0.101416
-0.0960159
-0.109012
-0.0686137
-0.0651616
-0.04366
-0.148619
-0.051553
-0.0709469
-0.0636404
-0.0753548
0

0.5
0.431905
0.460117
0.406944
0.32135
0.159503
0.0669541
0.0111308
-0.0301036
-0.0918611
-0.102776
-0.100349
-0.122488
-0.072688
-0.0685234
-0.0145545
-0.182434
-0.038787
-0.0513852
-0.0533379
-0.06494
0

0.5
0.455937
0.461328
0.408728
0.323847
0.1496
0.0571842
0.000349955
-0.0321056
-0.0892706
-0.105153
-0.109418
-0.140447
-0.0773468
-0.0826075
0.0186017
-0.20086
-0.0233335
-0.029878
-0.0430265
-0.0546527
0

0.5
0.478261
0.466262
0.411543
0.321339
0.144117
0.0471454
-0.0125484
-0.0336096
-0.0870358
-0.109061
-0.122896
-0.164933
-0.0850498
-0.122153
0.0085496
-0.14865
0.0036433
-0.00587323
-0.0336465
-0.0454996
0

0.5
0.499531
0.473583
0.415228
0.314674
0.140941
0.0373406
-0.0258768
-0.0364082
-0.0866277
-0.115103
-0.140061
-0.196523
-0.102776
-0.206587
-0.137183
0.0604165
0.061942
0.0218359
-0.0262302
-0.0384364
0

0.5
0.518941
0.480124
0.41775
0.306199
0.134669
0.02586
-0.038582
-0.0443351
-0.0905548
-0.124672
-0.160499
-0.231646
-0.142241
-0.344638
-0.501156
0.476797
0.174987
0.0530072
-0.022659
-0.034911
0

0.5
0.530886
0.479337
0.413814
0.298794
0.1156
0.00755367
-0.0530055
-0.0611596
-0.101979
-0.139823
-0.183888
-0.262306
-0.210966
-0.502638
-1.00918
0.979916
0.334397
0.0821887
-0.0267141
-0.0380222
0

0.5
0.524976
0.46306
0.396702
0.287618
0.0818586
-0.0190789
-0.070952
-0.0852615
-0.119888
-0.15876
-0.206253
-0.279849
-0.291124
-0.603029
-1.37349
1.28071
0.463827
0.0982729
-0.0407614
-0.0506816
0

0.5
0.496371
0.431548
0.36758
0.267365
0.0516303
-0.0399011
-0.0830809
-0.101425
-0.13094
-0.168279
-0.214448
-0.277882
-0.333244
-0.610334
-1.4251
1.28794
0.493373
0.0962012
-0.0550573
-0.0657092
0

0
0
0
0
0
0
0
0
0
0
0
0
0
0
0
0
0
0
0
0
0
0


0
0
0
0
0
0
0
0
0
0
0
0
0
0
0
0
0
0
0
0
0
0

0.5
0.42053
0.517993
0.462699
0.368007
0.27198
0.154741
0.0821534
0.0258199
-0.0220515
-0.0453184
-0.0563336
-0.070746
-0.0656117
-0.0600863
-0.0353879
-0.0513221
0.0164826
0.0422967
0.0650057
0.0547176
0

0.5
0.350862
0.43038
0.375092
0.279432
0.198977
0.0894401
0.0250964
-0.0275638
-0.0765019
-0.0970726
-0.106371
-0.116236
-0.110577
-0.109392
-0.0929804
-0.0972326
-0.0647859
-0.0660247
-0.039827
-0.0472408
0

0.5
0.367549
0.438848
0.380353
0.281923
0.202548
0.0909543
0.0278412
-0.0252703
-0.076167
-0.0955184
-0.103609
-0.109918
-0.101951
-0.0996851
-0.0837911
-0.097341
-0.0626523
-0.0641567
-0.0414596
-0.0490356
0

0.5
0.380074
0.443268
0.382476
0.28321
0.202906
0.089045
0.0268296
-0.0261544
-0.0791049
-0.0972383
-0.104556
-0.108617
-0.0983053
-0.0948337
-0.0773116
-0.108869
-0.0635636
-0.0614145
-0.0432973
-0.0503325
0

0.5
0.393778
0.446673
0.385253
0.284431
0.200582
0.0879724
0.0253513
-0.0272151
-0.0818648
-0.0989698
-0.105677
-0.109819
-0.0968964
-0.0917134
-0.0704501
-0.123528
-0.0618792
-0.0540493
-0.0411453
-0.047743
0

0.5
0.409627
0.448857
0.388116
0.288084
0.193448
0.0859133
0.0229677
-0.0287273
-0.0841331
-0.100734
-0.107018
-0.114037
-0.0982729
-0.0909365
-0.0653472
-0.137311
-0.0569252
-0.0436389
-0.0361569
-0.0423878
0

0.5
0.427724
0.45044
0.390792
0.295069
0.182267
0.0816073
0.0191616
-0.0307771
-0.0855269
-0.102577
-0.109211
-0.121377
-0.102447
-0.0929974
-0.058514
-0.151955
-0.0480183
-0.0307666
-0.0290745
-0.0350091
0

0.5
0.447325
0.45264
0.393354
0.301786
0.170848
0.0753507
0.013591
-0.0332135
-0.0860133
-0.104749
-0.113464
-0.131874
-0.109154
-0.0992992
-0.0444924
-0.169915
-0.0351275
-0.015591
-0.020583
-0.0263029
0

0.5
0.46757
0.456598
0.39608
0.305279
0.162085
0.0679251
0.00621489
-0.0357639
-0.0859665
-0.107627
-0.120702
-0.145978
-0.118617
-0.113969
-0.0266427
-0.183859
-0.0170111
0.00202757
-0.0113407
-0.0169548
0

0.5
0.488141
0.462736
0.399268
0.305369
0.156088
0.0599151
-0.00268541
-0.0384005
-0.0860455
-0.111612
-0.131144
-0.164596
-0.132479
-0.1455
-0.0266204
-0.168887
0.0111163
0.0225271
-0.00204369
-0.00766937
0

0.5
0.509005
0.470363
0.402696
0.302671
0.151353
0.0513504
-0.0126484
-0.0420428
-0.0873592
-0.117341
-0.144762
-0.188331
-0.154622
-0.205602
-0.0960632
-0.0760081
0.0586676
0.0462074
0.00624927
0.000624341
0

0.5
0.52861
0.476711
0.404359
0.297219
0.144267
0.040551
-0.0240476
-0.0492904
-0.0921044
-0.126324
-0.16197
-0.216431
-0.190692
-0.301065
-0.299048
0.143353
0.135417
0.0715518
0.0110748
0.00589925
0

0.5
0.540795
0.475375
0.398931
0.287439
0.12829
0.0234747
-0.0392627
-0.0637456
-0.103406
-0.140813
-0.183333
-0.245755
-0.242851
-0.41601
-0.622624
0.451951
0.234428
0.0925329
0.00761991
0.0037439
0

0.5
0.535005
0.45851
0.380138
0.269926
0.100349
-0.00109916
-0.0588837
-0.0847369
-0.120562
-0.159185
-0.205249
-0.268926
-0.297985
-0.50321
-0.893768
0.675456
0.314486
0.100367
-0.00703229
-0.00977176
0

0.5
0.506718
0.427213
0.350747
0.246464
0.0737445
-0.0207108
-0.0723977
-0.0987195
-0.130891
-0.168363
-0.213812
-0.273281
-0.323168
-0.522104
-0.952837
0.702658
0.333872
0.0947305
-0.0225293
-0.026726
0

0
0
0
0
0
0
0
0
0
0
0
0
0
0
0
0
0
0
0
0
0
0


0
0
0
0
0
0
0
0
0
0
0
0
0
0
0
0
0
0
0
0
0
0

0.5
0.444326
0.501525
0.453079
0.360114
0.251417
0.154097
0.0806548
0.024102
-0.0197791
-0.0472706
-0.0640893
-0.0796194
-0.0790292
-0.0662734
-0.0403628
-0.0758345
0.019318
0.0787542
0.090166
0.086075
0

0.5
0.37348
0.41034
0.3624
0.274169
0.184107
0.088629
0.0221679
-0.0303106
-0.0746154
-0.0996006
-0.114731
-0.126835
-0.126043
-0.118025
-0.0990666
-0.12088
-0.0631757
-0.033234
-0.0178382
-0.0198395
0

0.5
0.391039
0.418861
0.367839
0.278328
0.189895
0.091833
0.0252553
-0.0278382
-0.0733461
-0.0976126
-0.111544
-0.121209
-0.118559
-0.109259
-0.088956
-0.114783
-0.0602752
-0.034123
-0.02073
-0.0231546
0

0.5
0.403259
0.424138
0.369987
0.279309
0.190902
0.0907402
0.0244683
-0.0288475
-0.0756335
-0.0991865
-0.112307
-0.120192
-0.11595
-0.10527
-0.0824889
-0.118337
-0.0614255
-0.0355948
-0.0249549
-0.0270592
0

0.5
0.415399
0.429528
0.372747
0.280652
0.19017
0.0892757
0.0230764
-0.0301255
-0.0779696
-0.100973
-0.113683
-0.12111
-0.115394
-0.102978
-0.0755335
-0.125425
-0.0605387
-0.0324118
-0.02524
-0.0270966
0

0.5
0.428477
0.434634
0.375817
0.282551
0.18718
0.0872152
0.0209038
-0.0317921
-0.0802393
-0.103032
-0.115816
-0.124539
-0.117509
-0.103215
-0.0687564
-0.133641
-0.056926
-0.0258931
-0.0225743
-0.0242376
0

0.5
0.443061
0.439584
0.379019
0.285634
0.181852
0.0839504
0.0177359
-0.0338645
-0.0822219
-0.10537
-0.118968
-0.130793
-0.122676
-0.106872
-0.0618913
-0.141956
-0.0494781
-0.0165295
-0.0176033
-0.0191333
0

0.5
0.459241
0.44485
0.382304
0.289176
0.175266
0.0792884
0.0133797
-0.0363053
-0.0838366
-0.108103
-0.123677
-0.140097
-0.13122
-0.11548
-0.0539102
-0.150447
-0.0369915
-0.00437452
-0.0108873
-0.0123485
0

0.5
0.476894
0.451023
0.385752
0.291785
0.168942
0.0735169
0.00780007
-0.0390337
-0.0852135
-0.111439
-0.130489
-0.152725
-0.143727
-0.132052
-0.0467853
-0.156464
-0.017528
0.0108165
-0.00292331
-0.00438647
0

0.5
0.495975
0.458442
0.389464
0.292808
0.163551
0.0669585
0.00110831
-0.0421014
-0.0867276
-0.115667
-0.139717
-0.169088
-0.161486
-0.161838
-0.050675
-0.150396
0.0126386
0.0294279
0.00573593
0.00422263
0

0.5
0.516273
0.466638
0.393094
0.29218
0.158382
0.0594163
-0.00673918
-0.0461681
-0.0892388
-0.1214
-0.151657
-0.189609
-0.186796
-0.211562
-0.0899336
-0.111702
0.0586396
0.0513564
0.0140285
0.0125787
0

0.5
0.535802
0.473014
0.394504
0.288855
0.150682
0.0491708
-0.0168563
-0.0533051
-0.0947463
-0.130201
-0.167161
-0.214451
-0.222318
-0.284606
-0.198999
-0.0151023
0.12231
0.0742146
0.0192202
0.0183704
0

0.5
0.547861
0.471147
0.388154
0.279115
0.135298
0.0325906
-0.0319751
-0.0668207
-0.106284
-0.144405
-0.187261
-0.242424
-0.267401
-0.371001
-0.38179
0.132979
0.191824
0.0912257
0.0160931
0.016647
0

0.5
0.541673
0.453385
0.36792
0.258802
0.109799
0.00895692
-0.0522154
-0.0862442
-0.123173
-0.162408
-0.208553
-0.267159
-0.310326
-0.440519
-0.554115
0.254522
0.238069
0.0944689
0.00168613
0.00322544
0

0.5
0.513436
0.421951
0.33803
0.233176
0.08566
-0.00973937
-0.0662925
-0.0988855
-0.133028
-0.171205
-0.216895
-0.273868
-0.326053
-0.459287
-0.604921
0.277016
0.242258
0.0864876
-0.0134386
-0.0136341
0

0
0
0
0
0
0
0
0
0
0
0
0
0
0
0
0
0
0
0
0
0
0


0
0
0
0
0
0
0
0
0
0
0
0
0
0
0
0
0
0
0
0
0
0

0.5
0.454875
0.496121
0.450136
0.360993
0.253107
0.155301
0.0803753
0.0232932
-0.0199574
-0.048679
-0.0669442
-0.0815534
-0.0816051
-0.0662718
-0.0409505
-0.0810042
0.0197239
0.0880222
0.0949658
0.094078
0

0.5
0.380347
0.399347
0.354531
0.270436
0.180103
0.0874971
0.0204258
-0.0318943
-0.0749
-0.101069
-0.117749
-0.129329
-0.12944
-0.118846
-0.100191
-0.126631
-0.0641699
-0.0252473
-0.0140967
-0.0135813
0

0.5
0.398539
0.408285
0.360549
0.27485
0.185179
0.0912026
0.0237419
-0.0291996
-0.0731483
-0.098831
-0.114404
-0.124077
-0.12246
-0.110396
-0.0894732
-0.118646
-0.0610423
-0.0267122
-0.0169836
-0.0170126
0

0.5
0.410917
0.413797
0.362802
0.275558
0.185957
0.0905187
0.0230299
-0.0301972
-0.0750989
-0.100299
-0.115096
-0.123373
-0.120364
-0.106729
-0.0826104
-0.119324
-0.0623569
-0.0298072
-0.0220934
-0.0220847
0

0.5
0.422864
0.419876
0.365692
0.276946
0.185526
0.0891553
0.0216783
-0.0315103
-0.0771588
-0.102049
-0.116526
-0.124423
-0.120254
-0.10473
-0.0753433
-0.123309
-0.0617299
-0.028343
-0.0234186
-0.0234779
0

0.5
0.435348
0.426113
0.368969
0.278817
0.183542
0.0870372
0.0195288
-0.0332196
-0.0792835
-0.10417
-0.118933
-0.127814
-0.122776
-0.105333
-0.0678451
-0.128914
-0.0584503
-0.0233716
-0.0217826
-0.0219567
0

0.5
0.44902
0.432496
0.372509
0.281237
0.180014
0.083967
0.0164856
-0.0353041
-0.0813252
-0.106671
-0.122517
-0.133922
-0.128427
-0.109609
-0.0601598
-0.134802
-0.0513619
-0.0152945
-0.0177563
-0.0180824
0

0.5
0.464195
0.439232
0.376246
0.283853
0.175385
0.0798016
0.0124517
-0.0377397
-0.0832235
-0.109629
-0.127601
-0.143057
-0.137768
-0.119297
-0.0527533
-0.139904
-0.0389612
-0.00413387
-0.0118437
-0.0123506
0

0.5
0.481009
0.446647
0.380196
0.285967
0.170455
0.0746625
0.00743012
-0.0405024
-0.0850532
-0.113189
-0.134531
-0.155487
-0.151615
-0.137334
-0.0484309
-0.141625
-0.0189318
0.0103852
-0.00447743
-0.0051832
0

0.5
0.49958
0.45496
0.384386
0.287168
0.165718
0.0687179
0.00150336
-0.04369
-0.0870924
-0.117585
-0.143571
-0.171469
-0.171277
-0.168138
-0.0554408
-0.133596
0.0124467
0.0286401
0.00385637
0.00297865
0

0.5
0.519688
0.463704
0.388387
0.287279
0.160626
0.0616452
-0.00551391
-0.0479217
-0.0901006
-0.1234
-0.155086
-0.191275
-0.19861
-0.216526
-0.0895995
-0.105047
0.0593949
0.0503946
0.0121191
0.011279
0

0.5
0.539115
0.470231
0.389899
0.284884
0.15265
0.051634
-0.0150002
-0.055122
-0.0959872
-0.132193
-0.170046
-0.215183
-0.235163
-0.283495
-0.16868
-0.0470866
0.121379
0.072891
0.0174915
0.0173183
0

0.5
0.550663
0.46785
0.383028
0.275383
0.137026
0.0351257
-0.0298864
-0.0684325
-0.107694
-0.146271
-0.189571
-0.242433
-0.278852
-0.359041
-0.288431
0.028774
0.183337
0.0888171
0.0145995
0.0159248
0

0.5
0.543234
0.448804
0.361496
0.253933
0.111867
0.0117425
-0.0501218
-0.0872556
-0.124401
-0.163906
-0.210209
-0.26694
-0.317633
-0.418137
-0.395632
0.0794421
0.216539
0.0902483
0.000511196
0.002835
0

0.5
0.514135
0.416521
0.330717
0.227173
0.0886059
-0.00643933
-0.0641161
-0.0991815
-0.133851
-0.172221
-0.217953
-0.273687
-0.329214
-0.432641
-0.42451
0.0784897
0.211019
0.0810508
-0.0141019
-0.0135015
0

0
0
0
0
0
0
0
0
0
0
0
0
0
0
0
0
0
0
0
0
0
0


0
0
0
0
0
0
0
0
0
0
0
0
0
0
0
0
0
0
0
0
0
0

0
0
0
0
0
0
0
0
0
0
0
0
0
0
0
0
0
0
0
0
0
0

0
0
0
0
0
0
0
0
0
0
0
0
0
0
0
0
0
0
0
0
0
0

0
0
0
0
0
0
0
0
0
0
0
0
0
0
0
0
0
0
0
0
0
0

0
0
0
0
0
0
0
0
0
0
0
0
0
0
0
0
0
0
0
0
0
0

0
0
0
0
0
0
0
0
0
0
0
0
0
0
0
0
0
0
0
0
0
0

0
0
0
0
0
0
0
0
0
0
0
0
0
0
0
0
0
0
0
0
0
0

0
0
0
0
0
0
0
0
0
0
0
0
0
0
0
0
0
0
0
0
0
0

0
0
0
0
0
0
0
0
0
0
0
0
0
0
0
0
0
0
0
0
0
0

0
0
0
0
0
0
0
0
0
0
0
0
0
0
0
0
0
0
0
0
0
0

0
0
0
0
0
0
0
0
0
0
0
0
0
0
0
0
0
0
0
0
0
0

0
0
0
0
0
0
0
0
0
0
0
0
0
0
0
0
0
0
0
0
0
0

0
0
0
0
0
0
0
0
0
0
0
0
0
0
0
0
0
0
0
0
0
0

0
0
0
0
0
0
0
0
0
0
0
0
0
0
0
0
0
0
0
0
0
0

0
0
0
0
0
0
0
0
0
0
0
0
0
0
0
0
0
0
0
0
0
0

0
0
0
0
0
0
0
0
0
0
0
0
0
0
0
0
0
0
0
0
0
0

0
0
0
0
0
0
0
0
0
0
0
0
0
0
0
0
0
0
0
0
0
0


