0
0
0
0
0
0
0
0
0
0
0
0
-0.127442
0
0
0
0
0
0
0
0
0

0
-0.0627674
-0.0884902
-0.0607892
-0.117407
-0.179456
-0.115614
-0.067793
-0.0489509
-0.114205
-0.0380676
-0.0626158
0.405543
-0.062245
-0.0784078
-0.0895344
-0.892177
-0.13923
-0.160886
-0.132581
-0.0874988
0

0
-0.0644462
0.0807444
-0.047381
-0.143858
-0.0601292
-0.110835
-0.16213
-0.0925504
-0.114205
-0.0439543
-0.042573
-0.167981
-0.132463
-0.0755413
-0.0628236
-1.02474
-0.288479
-0.163533
-0.133643
-0.0875127
0

0
-0.0623839
-0.0835585
-0.048864
-0.134236
-0.112882
-0.0993441
-0.0695419
-0.100496
-0.0908809
-0.0493407
-0.0391678
-0.20857
-0.153205
-0.0715573
-0.0405854
0.856986
-0.1131
-0.150542
-0.135497
-0.0875995
0

0
-0.0620496
-0.0716187
-0.0300125
-0.127033
-0.371241
-0.132054
-0.0782603
-0.0540924
-0.0765545
-0.0483271
-0.0301527
-0.195145
0.0131317
-0.054027
0.0842329
0.324054
-0.138627
-0.13923
-0.138716
-0.0877208
0

0
-0.0616411
-0.0673207
-0.101856
-0.134329
-0.363605
-0.136359
-0.0794432
-0.0731606
-0.0713727
-0.0463912
-0.0310955
0.405543
-0.21861
-0.0387784
-1.07947
0.0887997
-0.170032
-0.099472
-0.142551
-0.087843
0

0
-0.0611603
-0.0655932
-0.0855182
-0.126781
-0.41355
-0.141656
-0.0783267
-0.0926256
-0.0666265
-0.0463208
-0.0242124
0.157507
-0.12618
-0.057719
0.142652
0.0847051
-0.200961
-0.331717
-0.162658
-0.0883312
0

0
-0.0605816
-0.0640409
-0.0769994
-0.117407
-0.541268
-0.15001
-0.0752636
-0.126274
-0.0636475
-0.0457479
-0.0230914
0.0878849
-0.0724614
-0.0519716
0.00992499
0.0439396
-0.25664
-0.320439
-0.167248
-0.0884784
0

0
-0.0598934
-0.0622945
-0.0707474
-0.10177
-0.747632
-0.16213
-0.0724776
0.0188699
-0.051689
-0.0446989
-0.0236742
0.0492617
-0.0432981
-0.0544837
-0.029543
0.0371964
-0.344088
-0.343743
-0.16772
-0.088615
0

0
-0.0590976
-0.0601292
-0.065132
-0.0842312
-0.663567
-0.149231
-0.0680156
-0.0154424
-0.0503225
-0.0439543
-0.0249112
0.0269234
-0.0259856
-0.00442116
-0.125754
0.0495214
-0.549035
-0.405922
-0.210254
-0.0890727
0

0
-0.0582068
-0.0571896
-0.0589786
-0.101907
1.35711
0.128013
-0.0508199
-0.0245864
-0.0489509
-0.0431403
-0.0263939
0.014107
-0.013182
-0.0401211
-0.201173
0.0533916
0.676669
-0.331717
-0.204482
-0.0889099
0

0
-0.0572518
-0.0524182
-0.0547725
-0.0490854
0.444541
0.0473517
-0.0417892
-0.0208597
-0.0475785
-0.042049
-0.0280732
0.00672552
0.0573904
-0.0843704
-0.368955
0.191896
-0.620116
-0.528348
-0.209905
-0.0890119
0

0
-0.0562816
-0.0443776
-0.0510919
-0.0271369
0.251882
0.0284733
-0.0362719
-0.005144
-0.0462121
-0.0428242
-0.0280906
0.00408116
0.0131317
-0.176243
-0.377016
0.418635
-0.827125
-0.630866
-0.203563
-0.0887862
0

0
-0.0533299
-0.134329
-0.0011083
-0.0124411
0.158901
0.0184402
-0.031757
-0.0758878
-0.0503625
-0.043515
-0.0282488
0.00321842
0.0370942
-0.286969
1.25949
0.923933
-1.07947
-0.767874
-0.18258
-0.0883891
0

0
-0.054484
-0.039487
-0.042752
-0.00764215
0.106735
0.0114641
-0.028818
-0.0550113
-0.0489703
-0.0438441
-0.0286911
0.00376635
0.0558091
0.574999
0.676669
1.55997
-1.46874
-0.957047
-0.130396
-0.087771
0

0
-0.0535538
-0.0488133
-0.0331998
-0.0011083
0.0788659
0.00599051
-0.0259316
-0.0433166
-0.0477968
-0.0441948
-0.0291113
0.00453351
0.078228
0.256064
0.513493
2.46099
-2.08109
-1.23862
-0.00249068
-0.0868825
0

0
0
0
0
0
0
0
0
0
0
0
0
0
0
0
0
0
0
-0.149151
0
0
0


0
0.0627674
0.0884902
0.0607892
0.117407
0.179456
0.115614
0.067793
0.0489509
0.114205
0.0380676
0.0626158
-0.405543
0.062245
0.0784078
0.0895344
0.892177
0.13923
0.160886
0.132581
0.0874988
-0.0884784

0.0627674
-0.0627674
-0.0884902
-0.0607892
-0.117407
-0.179456
-0.115614
-0.067793
-0.0489509
-0.114205
-0.0380676
-0.0626158
0.405543
-0.062245
-0.0784078
-0.0895344
-0.892177
-0.13923
-0.160886
-0.132581
-0.0874988
-0.0874988

0.0644462
-0.0644462
0.0807444
-0.047381
-0.143858
-0.0601292
-0.110835
-0.16213
-0.0925504
-0.114205
-0.0439543
-0.042573
-0.167981
-0.132463
-0.0755413
-0.0628236
-1.02474
-0.288479
-0.163533
-0.133643
-0.0875127
-0.0875127

0.0623839
-0.0623839
-0.0835585
-0.048864
-0.134236
-0.112882
-0.0993441
-0.0695419
-0.100496
-0.0908809
-0.0493407
-0.0391678
-0.20857
-0.153205
-0.0715573
-0.0405854
0.856986
-0.1131
-0.150542
-0.135497
-0.0875995
-0.0875995

0.0620496
-0.0620496
-0.0716187
-0.0300125
-0.127033
-0.371241
-0.132054
-0.0782603
-0.0540924
-0.0765545
-0.0483271
-0.0301527
-0.195145
0.0131317
-0.054027
0.0842329
0.324054
-0.138627
-0.13923
-0.138716
-0.0877208
-0.0877208

0.0616411
-0.0616411
-0.0673207
-0.101856
-0.134329
-0.363605
-0.136359
-0.0794432
-0.0731606
-0.0713727
-0.0463912
-0.0310955
0.405543
-0.21861
-0.0387784
-1.07947
0.0887997
-0.170032
-0.099472
-0.142551
-0.087843
-0.087843

0.0611603
-0.0611603
-0.0655932
-0.0855182
-0.126781
-0.41355
-0.141656
-0.0783267
-0.0926256
-0.0666265
-0.0463208
-0.0242124
0.157507
-0.12618
-0.057719
0.142652
0.0847051
-0.200961
-0.331717
-0.162658
-0.0883312
-0.0883312

0.0605816
-0.0605816
-0.0640409
-0.0769994
-0.117407
-0.541268
-0.15001
-0.0752636
-0.126274
-0.0636475
-0.0457479
-0.0230914
0.0878849
-0.0724614
-0.0519716
0.00992499
0.0439396
-0.25664
-0.320439
-0.167248
-0.0884784
-0.0884784

0.0598934
-0.0598934
-0.0622945
-0.0707474
-0.10177
-0.747632
-0.16213
-0.0724776
0.0188699
-0.051689
-0.0446989
-0.0236742
0.0492617
-0.0432981
-0.0544837
-0.029543
0.0371964
-0.344088
-0.343743
-0.16772
-0.088615
-0.088615

0.0590976
-0.0590976
-0.0601292
-0.065132
-0.0842312
-0.663567
-0.149231
-0.0680156
-0.0154424
-0.0503225
-0.0439543
-0.0249112
0.0269234
-0.0259856
-0.00442116
-0.125754
0.0495214
-0.549035
-0.405922
-0.210254
-0.0890727
-0.0890727

0.0582068
-0.0582068
-0.0571896
-0.0589786
-0.101907
1.35711
0.128013
-0.0508199
-0.0245864
-0.0489509
-0.0431403
-0.0263939
0.014107
-0.013182
-0.0401211
-0.201173
0.0533916
0.676669
-0.331717
-0.204482
-0.0889099
-0.0889099

0.0572518
-0.0572518
-0.0524182
-0.0547725
-0.0490854
0.444541
0.0473517
-0.0417892
-0.0208597
-0.0475785
-0.042049
-0.0280732
0.00672552
0.0573904
-0.0843704
-0.368955
0.191896
-0.620116
-0.528348
-0.209905
-0.0890119
-0.0890119

0.0562816
-0.0562816
-0.0443776
-0.0510919
-0.0271369
0.251882
0.0284733
-0.0362719
-0.005144
-0.0462121
-0.0428242
-0.0280906
0.00408116
0.0131317
-0.176243
-0.377016
0.418635
-0.827125
-0.630866
-0.203563
-0.0887862
-0.0887862

0.0533299
-0.0533299
-0.134329
-0.0011083
-0.0124411
0.158901
0.0184402
-0.031757
-0.0758878
-0.0503625
-0.043515
-0.0282488
0.00321842
0.0370942
-0.286969
1.25949
0.923933
-1.07947
-0.767874
-0.18258
-0.0883891
-0.0883891

0.054484
-0.054484
-0.039487
-0.042752
-0.00764215
0.106735
0.0114641
-0.028818
-0.0550113
-0.0489703
-0.0438441
-0.0286911
0.00376635
0.0558091
0.574999
0.676669
1.55997
-1.46874
-0.957047
-0.130396
-0.087771
-0.087771

0.0535538
-0.0535538
-0.0488133
-0.0331998
-0.0011083
0.0788659
0.00599051
-0.0259316
-0.0433166
-0.0477968
-0.0441948
-0.0291113
0.00453351
0.078228
0.256064
0.513493
2.46099
-2.08109
-1.23862
-0.00249068
-0.0868825
-0.0868825

0
-0.0535538
-0.0488133
-0.0331998
-0.0011083
0.0788659
0.00599051
-0.0259316
-0.0433166
-0.0477968
-0.0441948
-0.0291113
0.00453351
0.078228
0.256064
0.513493
2.46099
-2.08109
-1.23862
-0.00249068
-0.0868825
0


0
0.0625273
0.0572659
0.0629561
0.126282
0.161936
0.105294
0.0871884
0.0686026
0.0826035
0.0454982
0.0479504
-0.15784
0.0702328
0.0714305
0.0949444
0.525821
0.186937
0.165521
0.136264
0.0889718
0

0.0625273
-0.0625273
-0.0572659
-0.0629561
-0.126282
-0.161936
-0.105294
-0.0871884
-0.0686026
-0.0826035
-0.0454982
-0.0479504
0.15784
-0.0702328
-0.0714305
-0.0949444
-0.525821
-0.186937
-0.165521
-0.136264
-0.0889718
-0.0889718

0.0626391
-0.0626391
-0.0265142
-0.0591505
-0.129729
-0.17764
-0.109966
-0.104394
-0.0801495
-0.0888563
-0.0472758
-0.0416877
-0.047634
-0.0927667
-0.0694054
-0.0853204
-0.433666
-0.204979
-0.166396
-0.137453
-0.0889826
-0.0889826

0.062307
-0.062307
-0.0582878
-0.0591263
-0.127375
-0.195354
-0.111416
-0.086654
-0.0820703
-0.0823131
-0.0488497
-0.0379188
-0.0810078
-0.0961038
-0.0649726
-0.0804909
0.148896
-0.15913
-0.164898
-0.140015
-0.0890784
-0.0890784

0.0621033
-0.0621033
-0.0645747
-0.0597646
-0.12505
-0.262498
-0.122219
-0.0822271
-0.0710155
-0.0747118
-0.0485078
-0.0322592
-0.0515864
-0.0697026
-0.0568824
-0.11247
0.120102
-0.158076
-0.168248
-0.144383
-0.0892208
-0.0892208

0.0618018
-0.0618018
-0.0655852
-0.0786348
-0.124839
-0.295055
-0.127782
-0.0802934
-0.0734627
-0.0695017
-0.0474445
-0.0281622
0.161745
-0.106043
-0.0513918
-0.266912
0.0522697
-0.176329
-0.186095
-0.151387
-0.0894154
-0.0894154

0.0613741
-0.0613741
-0.0652082
-0.0787022
-0.120449
-0.330746
-0.130221
-0.0778977
-0.0779274
-0.0651485
-0.0466581
-0.0243669
0.0895545
-0.0902498
-0.0491925
-0.101285
0.0366717
-0.204291
-0.262593
-0.163256
-0.089706
-0.089706

0.0608168
-0.0608168
-0.0641797
-0.0747151
-0.112571
-0.371578
-0.129201
-0.0741559
-0.0759959
-0.0609055
-0.0458179
-0.0234483
0.0576823
-0.0609444
-0.0427495
-0.0360192
0.0254822
-0.243681
-0.296537
-0.172662
-0.0899367
-0.0899367

0.0601347
-0.0601347
-0.0627238
-0.0697629
-0.100261
-0.389014
-0.119994
-0.0688876
-0.035613
-0.054803
-0.044881
-0.0237952
0.0360588
-0.0373503
-0.0351441
-0.0373226
0.0273789
-0.289086
-0.330384
-0.18266
-0.0901546
-0.0901546

0.0593406
-0.0593406
-0.0609428
-0.0643644
-0.0834745
-0.260955
-0.0866434
-0.0618135
-0.0320237
-0.051699
-0.0440812
-0.024667
0.0216223
-0.0191637
-0.0181355
-0.0641566
0.0444817
-0.308005
-0.36911
-0.200527
-0.0904105
-0.0904105

0.0584547
-0.0584547
-0.0589991
-0.0585111
-0.0705591
0.642134
0.0307986
-0.0501416
-0.0324847
-0.049788
-0.0433871
-0.025679
0.0126312
-0.00210855
-0.022837
-0.0859261
0.0781295
-0.087679
-0.402013
-0.207839
-0.0904731
-0.0904731

0.057502
-0.057502
-0.0575097
-0.0525377
-0.0430737
0.237052
0.0210271
-0.0423202
-0.0314127
-0.0484805
-0.0428495
-0.0265887
0.00761293
0.0223981
-0.0329936
-0.0980577
0.175413
-0.529732
-0.507172
-0.213391
-0.0904808
-0.0904808

0.0564813
-0.0564813
-0.0593091
-0.0451079
-0.0260394
0.158923
0.0161666
-0.036644
-0.0317249
-0.047853
-0.0429195
-0.0269605
0.00555901
0.0268074
-0.0400872
0.011299
0.347613
-0.744595
-0.61274
-0.212024
-0.0903303
-0.0903303

0.0551868
-0.0551868
-0.0756741
-0.0303296
-0.0146199
0.113795
0.0119444
-0.032451
-0.0497461
-0.04874
-0.0431739
-0.0271963
0.0053509
0.0432715
-0.0010407
0.657947
0.694604
-0.999242
-0.741521
-0.199805
-0.090028
-0.090028

0.0545118
-0.0545118
-0.0553474
-0.0355013
-0.0079497
0.0819368
0.00798069
-0.0290571
-0.0480304
-0.048331
-0.0433996
-0.0274672
0.00624285
0.0638347
0.278974
0.563662
1.20712
-1.30558
-0.896277
-0.17033
-0.0895765
-0.0895765

0.0535862
-0.0535862
-0.0490735
-0.0331629
-0.00216091
0.0585937
0.00441575
-0.0259913
-0.0429009
-0.0475658
-0.0436407
-0.0277656
0.0073971
0.0828328
0.253349
0.51991
1.89007
-1.55115
-1.04995
-0.118357
-0.0889173
-0.0889173

0
-0.0535862
-0.0490735
-0.0331629
-0.00216091
0.0585937
0.00441575
-0.0259913
-0.0429009
-0.0475658
-0.0436407
-0.0277656
0.0073971
0.0828328
0.253349
0.51991
1.89007
-1.55115
-1.04995
-0.118357
-0.0889173
0


0
0.0625175
0.0558474
0.0666194
0.13028
0.151847
0.0902415
0.0875987
0.0734166
0.0778711
0.0485856
0.0404626
-0.0532907
0.0654285
0.0658232
0.0933856
0.315899
0.18412
0.170099
0.139372
0.0902785
0

0.0625175
-0.0625175
-0.0558474
-0.0666194
-0.13028
-0.151847
-0.0902415
-0.0875987
-0.0734166
-0.0778711
-0.0485856
-0.0404626
0.0532907
-0.0654285
-0.0658232
-0.0933856
-0.315899
-0.18412
-0.170099
-0.139372
-0.0902785
-0.0902785

0.0624507
-0.0624507
-0.0501814
-0.0657128
-0.123963
-0.264911
-0.108504
-0.0914337
-0.0764008
-0.0785763
-0.0490799
-0.0386523
-0.0126415
-0.0722748
-0.0640505
-0.0893883
-0.246802
-0.18406
-0.171836
-0.140731
-0.0902909
-0.0902909

0.0624113
-0.0624113
-0.0582334
-0.0660818
-0.120271
-0.218772
-0.11117
-0.0867754
-0.0765887
-0.0757502
-0.0494021
-0.036205
-0.030327
-0.0731803
-0.0603644
-0.0881348
-0.0523536
-0.170325
-0.175783
-0.143747
-0.0903936
-0.0903936

0.0623207
-0.0623207
-0.0628333
-0.0680133
-0.117591
-0.221919
-0.115402
-0.0830466
-0.0731306
-0.0715259
-0.0489829
-0.0324378
-0.0125615
-0.0671189
-0.0549663
-0.102037
0.0073311
-0.168872
-0.185777
-0.148685
-0.0905472
-0.0905472

0.0620984
-0.0620984
-0.0646448
-0.0736338
-0.115335
-0.233087
-0.117328
-0.0800725
-0.0719049
-0.0675398
-0.0481203
-0.0286285
0.0564787
-0.0695847
-0.0493233
-0.128874
0.005367
-0.18084
-0.207541
-0.155957
-0.0907506
-0.0907506

0.0617235
-0.0617235
-0.0649142
-0.0744716
-0.110971
-0.243239
-0.115924
-0.0767412
-0.0705233
-0.063804
-0.0472034
-0.0260099
0.0471909
-0.0619995
-0.0426701
-0.0867382
0.00427284
-0.202079
-0.246409
-0.165666
-0.0909982
-0.0909982

0.0611994
-0.0611994
-0.0642987
-0.0721878
-0.103445
-0.242578
-0.109554
-0.0723243
-0.0648542
-0.0600373
-0.0462773
-0.0249942
0.0339172
-0.0461488
-0.0337699
-0.0451914
0.00692956
-0.230145
-0.280947
-0.175907
-0.0912445
-0.0912445

0.0605395
-0.0605395
-0.0631447
-0.0682665
-0.0918634
-0.215963
-0.0949755
-0.0664912
-0.0500826
-0.0559944
-0.0453701
-0.0249425
0.0226808
-0.0291669
-0.0230922
-0.027133
0.0177788
-0.259995
-0.316636
-0.18707
-0.0914821
-0.0914821

0.0597636
-0.0597636
-0.0616875
-0.0633981
-0.0757779
-0.121738
-0.0663719
-0.0592645
-0.0433264
-0.053029
-0.0445752
-0.0253478
0.0144712
-0.0132357
-0.00985762
-0.0195265
0.0414163
-0.281586
-0.357474
-0.199845
-0.0917007
-0.0917007

0.0588973
-0.0588973
-0.0602037
-0.0579067
-0.0580758
0.220016
-0.013053
-0.0504521
-0.0405533
-0.0509807
-0.0439236
-0.0258887
0.0092025
0.00242828
-0.000402042
-0.00460481
0.0844323
-0.300742
-0.40954
-0.209898
-0.0918273
-0.0918273

0.057967
-0.057967
-0.0591954
-0.0520239
-0.0402262
0.150407
0.00108121
-0.0432539
-0.0392426
-0.0496013
-0.0434603
-0.0263619
0.00643554
0.0191824
0.0110373
0.0342247
0.164621
-0.483617
-0.487538
-0.217527
-0.0918661
-0.0918661

0.0569879
-0.0569879
-0.0595739
-0.0455635
-0.0267342
0.108015
0.00411576
-0.037719
-0.0399411
-0.0488294
-0.0432828
-0.0266229
0.0056071
0.0320905
0.0341052
0.142068
0.302838
-0.654087
-0.578597
-0.220801
-0.0917938
-0.0917938

0.055941
-0.055941
-0.061651
-0.0383802
-0.0169784
0.0801357
0.00416278
-0.0333994
-0.0446621
-0.0486431
-0.0432807
-0.0267701
0.00616211
0.0483639
0.087866
0.422233
0.550009
-0.838245
-0.683338
-0.217492
-0.0916082
-0.0916082

0.0549252
-0.0549252
-0.0551009
-0.0361671
-0.00999778
0.0593773
0.00313953
-0.0297593
-0.0448105
-0.048218
-0.0433536
-0.0269061
0.00751948
0.0672376
0.205554
0.486716
0.92895
-1.01468
-0.796493
-0.205488
-0.0913211
-0.0913211

0.053873
-0.053873
-0.0495495
-0.0335681
-0.00422661
0.0427125
0.00186461
-0.0264984
-0.0427431
-0.0476197
-0.0434703
-0.0270793
0.00904947
0.084844
0.245788
0.510728
1.40927
-1.14809
-0.903456
-0.18474
-0.0908715
-0.0908715

0
-0.053873
-0.0495495
-0.0335681
-0.00422661
0.0427125
0.00186461
-0.0264984
-0.0427431
-0.0476197
-0.0434703
-0.0270793
0.00904947
0.084844
0.245788
0.510728
1.40927
-1.14809
-0.903456
-0.18474
-0.0908715
0


0
0.0629784
0.0593086
0.0692368
0.131322
0.215382
0.0740135
0.0853012
0.0743767
0.0737076
0.050302
0.0378503
-0.0114596
0.0586908
0.0609834
0.0878974
0.211144
0.177019
0.173485
0.141703
0.0914137
0

0.0629784
-0.0629784
-0.0593086
-0.0692368
-0.131322
-0.215382
-0.0740135
-0.0853012
-0.0743767
-0.0737076
-0.050302
-0.0378503
0.0114596
-0.0586908
-0.0609834
-0.0878974
-0.211144
-0.177019
-0.173485
-0.141703
-0.0914137
-0.0914137

0.0629209
-0.0629209
-0.0585891
-0.0692044
-0.116141
-0.265482
-0.101348
-0.0869283
-0.0749535
-0.0733022
-0.0503269
-0.0370631
-0.0088721
-0.0604034
-0.0592859
-0.0852911
-0.173258
-0.175589
-0.176036
-0.143164
-0.091428
-0.091428

0.0628967
-0.0628967
-0.0611993
-0.0696193
-0.109626
-0.239944
-0.109486
-0.0851227
-0.074437
-0.0715535
-0.0501798
-0.0354632
-0.0159985
-0.0599092
-0.0558425
-0.0826643
-0.0963484
-0.171629
-0.182103
-0.146371
-0.091535
-0.091535

0.0628129
-0.0628129
-0.0635614
-0.0706978
-0.107303
-0.204536
-0.109267
-0.082244
-0.0725072
-0.0688789
-0.0496562
-0.0329567
-0.00702241
-0.0565506
-0.050779
-0.0832785
-0.0483569
-0.172871
-0.1936
-0.15143
-0.0916937
-0.0916937

0.0626077
-0.0626077
-0.064822
-0.0723467
-0.105026
-0.188501
-0.107477
-0.0790894
-0.0704254
-0.06592
-0.0488514
-0.0302162
0.0165166
-0.052955
-0.0443238
-0.0825528
-0.0298245
-0.182234
-0.212815
-0.158472
-0.0918984
-0.0918984

0.0622548
-0.0622548
-0.0650839
-0.0722709
-0.100881
-0.181316
-0.103431
-0.0753861
-0.0675828
-0.0628869
-0.0479424
-0.028198
0.019588
-0.0459165
-0.0360138
-0.0622063
-0.0192812
-0.198899
-0.240116
-0.167347
-0.0921374
-0.0921374

0.0617522
-0.0617522
-0.0646026
-0.0703201
-0.0938969
-0.168322
-0.0953427
-0.0707621
-0.0626537
-0.0597976
-0.0470196
-0.0271229
0.0158679
-0.0348831
-0.0255022
-0.0351965
-0.00807781
-0.22153
-0.270609
-0.177403
-0.092389
-0.092389

0.0611117
-0.0611117
-0.0636092
-0.0669527
-0.0834993
-0.137844
-0.0813428
-0.0650473
-0.0552474
-0.0567386
-0.0461386
-0.0267319
0.0111538
-0.0218955
-0.0128502
-0.011869
0.00884517
-0.248895
-0.304959
-0.18842
-0.0926363
-0.0926363

0.0603533
-0.0603533
-0.0623076
-0.0626
-0.0697029
-0.07347
-0.0597436
-0.0583717
-0.0497838
-0.0541783
-0.0453569
-0.0267178
0.00734853
-0.00827158
0.00210824
0.0109537
0.0362496
-0.282364
-0.345587
-0.200088
-0.0928596
-0.0928596

0.0595008
-0.0595008
-0.0609118
-0.0576053
-0.0541911
0.056162
-0.0309506
-0.0511008
-0.0464051
-0.0522112
-0.0447092
-0.0268485
0.00500009
0.0058002
0.0187069
0.0424726
0.0803013
-0.336137
-0.396355
-0.211002
-0.0930251
-0.0930251

0.0585784
-0.0585784
-0.0596669
-0.0522609
-0.0400499
0.0754128
-0.0144796
-0.0445753
-0.0444834
-0.0507767
-0.0442226
-0.0269745
0.00412506
0.0204678
0.0399696
0.0941229
0.151373
-0.439617
-0.460397
-0.220446
-0.0931185
-0.0931185

0.0576015
-0.0576015
-0.0587384
-0.0467607
-0.0286307
0.0648089
-0.0070345
-0.0391772
-0.0439276
-0.0498038
-0.0439187
-0.0270205
0.00449651
0.034952
0.0712718
0.184326
0.265172
-0.555536
-0.534658
-0.227351
-0.09313
-0.09313

0.0565695
-0.0565695
-0.0576467
-0.0414724
-0.0197755
0.0518389
-0.00366919
-0.0347222
-0.0445914
-0.0491744
-0.0437607
-0.0270111
0.00579771
0.0509416
0.119478
0.333851
0.448575
-0.674399
-0.616459
-0.230603
-0.0930608
-0.0930608

0.0554977
-0.0554977
-0.0541385
-0.0376938
-0.0127884
0.0402513
-0.00209108
-0.0308696
-0.0442107
-0.0485907
-0.0437029
-0.0270065
0.00762334
0.0682069
0.187538
0.425649
0.720928
-0.781203
-0.701162
-0.229607
-0.0929246
-0.0929246

0.0544065
-0.0544065
-0.0502089
-0.0343816
-0.00687751
0.030202
-0.00118424
-0.0274036
-0.0429683
-0.0479831
-0.0437043
-0.0270529
0.00950618
0.0845799
0.235273
0.483083
1.04924
-0.86773
-0.781014
-0.224774
-0.0926487
-0.0926487

0
-0.0544065
-0.0502089
-0.0343816
-0.00687751
0.030202
-0.00118424
-0.0274036
-0.0429683
-0.0479831
-0.0437043
-0.0270529
0.00950618
0.0845799
0.235273
0.483083
1.04924
-0.86773
-0.781014
-0.224774
-0.0926487
0


0
0.0637816
0.0627532
0.0709462
0.0693438
0.0121219
0.137731
0.0883861
0.0745682
0.0708494
0.0515275
0.0374624
0.0071642
0.0529993
0.0569268
0.0811854
0.15761
0.170358
0.175258
0.143147
0.0923728
0

0.0637816
-0.0637816
-0.0627532
-0.0709462
-0.0693438
-0.0121219
-0.137731
-0.0883861
-0.0745682
-0.0708494
-0.0515275
-0.0374624
-0.0071642
-0.0529993
-0.0569268
-0.0811854
-0.15761
-0.170358
-0.175258
-0.143147
-0.0923728
-0.0923728

0.0637253
-0.0637253
-0.0628557
-0.0708842
-0.0861562
0.0619245
-0.102974
-0.0855297
-0.0742483
-0.0702927
-0.0513854
-0.0369343
-0.0131264
-0.0529321
-0.0552029
-0.0786892
-0.137669
-0.169869
-0.178156
-0.144635
-0.0923886
-0.0923886

0.0636753
-0.0636753
-0.0638993
-0.07118
-0.0934581
-0.018078
-0.0973621
-0.0833676
-0.0733884
-0.0690161
-0.0510711
-0.0358095
-0.0151562
-0.0515208
-0.0517089
-0.0745371
-0.101789
-0.16966
-0.184756
-0.147859
-0.0924982
-0.0924982

0.0635618
-0.0635618
-0.0649998
-0.0716103
-0.095487
-0.0909274
-0.0981982
-0.0808813
-0.0717525
-0.067119
-0.0505084
-0.0340926
-0.010524
-0.0482744
-0.0464415
-0.0694056
-0.0706811
-0.172708
-0.195962
-0.152827
-0.0926597
-0.0926597

0.0633403
-0.0633403
-0.0656319
-0.0718422
-0.0948278
-0.123364
-0.097195
-0.0778553
-0.0695603
-0.0648663
-0.0497476
-0.0321658
-0.00126038
-0.0435481
-0.0393419
-0.0611147
-0.0502433
-0.181024
-0.212715
-0.159557
-0.0928658
-0.0928658

0.0629849
-0.0629849
-0.065663
-0.0711015
-0.0916347
-0.130773
-0.0931278
-0.0741565
-0.0666427
-0.0624313
-0.0488867
-0.0305721
0.00266214
-0.0367344
-0.03013
-0.0448243
-0.0348258
-0.194985
-0.235054
-0.167909
-0.0931052
-0.0931052

0.0624889
-0.0624889
-0.0651443
-0.0691411
-0.0856743
-0.122559
-0.0854384
-0.0696437
-0.062685
-0.0599176
-0.048005
-0.0295068
0.00288362
-0.0275938
-0.018585
-0.0228241
-0.0190837
-0.214481
-0.261892
-0.177566
-0.0933619
-0.0933619

0.0618597
-0.0618597
-0.0641898
-0.0660766
-0.0768542
-0.0996651
-0.0735687
-0.0642896
-0.0578977
-0.0574557
-0.0471599
-0.0288913
0.00184702
-0.0167238
-0.00458039
0.00180482
0.0011867
-0.239946
-0.293474
-0.188243
-0.0936196
-0.0936196

0.061113
-0.061113
-0.0629317
-0.0621511
-0.0655241
-0.0592792
-0.057492
-0.0582666
-0.0536501
-0.0552628
-0.0463974
-0.0285628
0.000897646
-0.00473115
0.0121574
0.0303633
0.0300904
-0.273852
-0.331027
-0.199563
-0.0938595
-0.0938595

0.0602696
-0.0602696
-0.0615053
-0.0576413
-0.0529322
-0.00168171
-0.0390336
-0.0519568
-0.0504044
-0.0534442
-0.045748
-0.0283733
0.000617843
0.00812198
0.0320776
0.0675616
0.0726228
-0.322406
-0.376165
-0.210852
-0.0940609
-0.0940609

0.0593502
-0.0593502
-0.0600239
-0.0528252
-0.0411353
0.0255348
-0.0249429
-0.0460298
-0.0481194
-0.0520074
-0.0452304
-0.0282214
0.00117362
0.0217705
0.0568717
0.119714
0.135866
-0.390223
-0.429453
-0.221489
-0.0942099
-0.0942099

0.0583692
-0.0583692
-0.0584972
-0.0479487
-0.0310895
0.0309651
-0.0161119
-0.0408217
-0.0466847
-0.0509105
-0.0448513
-0.0280582
0.00250204
0.0360694
0.0890214
0.194069
0.230014
-0.466736
-0.489416
-0.230805
-0.0943005
-0.0943005

0.0573364
-0.0573364
-0.0566712
-0.0432904
-0.0228116
0.0287819
-0.0107088
-0.0363073
-0.045824
-0.050067
-0.0445959
-0.0278894
0.00441592
0.051324
0.13054
0.292668
0.369191
-0.543425
-0.553682
-0.238223
-0.0943355
-0.0943355

0.0562678
-0.0562678
-0.0540296
-0.0392095
-0.0158652
0.0245891
-0.007148
-0.032296
-0.0448238
-0.0493438
-0.0444421
-0.0277532
0.00663377
0.0672106
0.179783
0.378331
0.563685
-0.612566
-0.619226
-0.24358
-0.0943268
-0.0943268

0.0551851
-0.0551851
-0.0510798
-0.0355356
-0.00980977
0.0202472
-0.00443726
-0.0286505
-0.0435886
-0.0486663
-0.044352
-0.0276839
0.00880621
0.0823457
0.223041
0.445248
0.786932
-0.672071
-0.681382
-0.246945
-0.094191
-0.094191

0
-0.0551851
-0.0510798
-0.0355356
-0.00980977
0.0202472
-0.00443726
-0.0286505
-0.0435886
-0.0486663
-0.044352
-0.0276839
0.00880621
0.0823457
0.223041
0.445248
0.786932
-0.672071
-0.681382
-0.246945
-0.094191
0


0
0.0648212
0.0655464
0.0718345
0.0735046
0.0170588
0.109865
0.0857035
0.0743356
0.069149
0.0526591
0.0382283
0.0170561
0.0490934
0.0538415
0.0749616
0.128949
0.164553
0.175372
0.143674
0.0931527
0

0.0648212
-0.0648212
-0.0655464
-0.0718345
-0.0735046
-0.0170588
-0.109865
-0.0857035
-0.0743356
-0.069149
-0.0526591
-0.0382283
-0.0170561
-0.0490934
-0.0538415
-0.0749616
-0.128949
-0.164553
-0.175372
-0.143674
-0.0931527
-0.0931527

0.0647552
-0.0647552
-0.0656734
-0.0718897
-0.0794655
-0.0143488
-0.100176
-0.0842079
-0.0738697
-0.0686418
-0.0524642
-0.0378049
-0.0185218
-0.0483664
-0.052062
-0.0723445
-0.11795
-0.164872
-0.178308
-0.14514
-0.0931697
-0.0931697

0.0646765
-0.0646765
-0.0661095
-0.0720268
-0.0844044
-0.0436869
-0.0947264
-0.0822159
-0.0729113
-0.0676422
-0.0521046
-0.0369609
-0.0185127
-0.0464636
-0.0484533
-0.067326
-0.0985829
-0.166299
-0.184788
-0.14829
-0.0932812
-0.0932812

0.0645288
-0.0645288
-0.0665504
-0.072037
-0.0868721
-0.0746667
-0.0924918
-0.0798047
-0.0713705
-0.0661863
-0.0515505
-0.0357209
-0.015737
-0.043087
-0.0429524
-0.0599463
-0.0781631
-0.170237
-0.195234
-0.153082
-0.0934447
-0.0934447

0.0642813
-0.0642813
-0.0667312
-0.0716603
-0.0868781
-0.0941927
-0.0901181
-0.0768657
-0.0692817
-0.0644051
-0.0508411
-0.034307
-0.0112008
-0.0382098
-0.0354436
-0.049256
-0.0603616
-0.177955
-0.210107
-0.159492
-0.0936529
-0.0936529

0.0639127
-0.0639127
-0.0665232
-0.0705561
-0.0844152
-0.100653
-0.0858413
-0.0732887
-0.066616
-0.0624225
-0.0500422
-0.0330169
-0.00799503
-0.0316942
-0.0257224
-0.0336629
-0.0440408
-0.190095
-0.22953
-0.167412
-0.0938951
-0.0938951

0.0634149
-0.0634149
-0.0659088
-0.0685581
-0.0794577
-0.0955681
-0.0789076
-0.0690099
-0.0633589
-0.060346
-0.0492172
-0.0320035
-0.00636318
-0.0234879
-0.0135874
-0.0132589
-0.026534
-0.207038
-0.253355
-0.176641
-0.094158
-0.094158

0.0627912
-0.0627912
-0.0649335
-0.0656918
-0.0721275
-0.0799861
-0.069087
-0.0640632
-0.0597282
-0.0582917
-0.0484178
-0.0312676
-0.00552184
-0.0137981
0.00116294
0.0114813
-0.00491784
-0.229451
-0.281777
-0.186938
-0.0944269
-0.0944269

0.0620538
-0.0620538
-0.0636727
-0.062103
-0.062868
-0.0548364
-0.0567671
-0.0586185
-0.056256
-0.0563899
-0.0476838
-0.0307365
-0.0047747
-0.00290106
0.0188367
0.0415411
0.0239845
-0.258762
-0.315329
-0.197989
-0.0946862
-0.0946862

0.0612198
-0.0612198
-0.0622079
-0.058
-0.052608
-0.0241657
-0.0433963
-0.0529791
-0.0532658
-0.0547258
-0.0470425
-0.0303271
-0.00371808
0.00901699
0.0399294
0.0794326
0.0639633
-0.296931
-0.354508
-0.209371
-0.0949205
-0.0949205

0.0603067
-0.0603067
-0.060601
-0.0536127
-0.0426137
-0.00274924
-0.0317665
-0.0475386
-0.0508454
-0.0533275
-0.0465099
-0.0299762
-0.00218986
0.0218455
0.0653266
0.128351
0.119872
-0.343956
-0.399145
-0.220633
-0.0951191
-0.0951191

0.0593314
-0.0593314
-0.0588568
-0.0491547
-0.0336371
0.007521
-0.0229833
-0.0425482
-0.0489528
-0.0521792
-0.0460911
-0.0296528
-0.000195816
0.03547
0.0959996
0.190954
0.197911
-0.395512
-0.448154
-0.231326
-0.0952776
-0.0952776

0.0583101
-0.0583101
-0.056891
-0.0448179
-0.0258281
0.0113264
-0.0165895
-0.0380502
-0.0474268
-0.0512313
-0.0457803
-0.0293592
0.00214555
0.0497973
0.132206
0.26595
0.305139
-0.446751
-0.499831
-0.241105
-0.0953986
-0.0953986

0.0572642
-0.0572642
-0.0546012
-0.0407484
-0.0189638
0.0122824
-0.0117234
-0.0339513
-0.0459991
-0.0504155
-0.0455663
-0.0291224
0.00463297
0.0644513
0.172157
0.340138
0.445336
-0.493929
-0.552251
-0.249883
-0.0954917
-0.0954917

0.0562094
-0.0562094
-0.0521732
-0.0369697
-0.0128197
0.0122898
-0.00769587
-0.0301811
-0.0445752
-0.0496695
-0.0454149
-0.0289648
0.00699846
0.078402
0.209734
0.405039
0.599439
-0.53635
-0.602293
-0.257434
-0.0954662
-0.0954662

0
-0.0562094
-0.0521732
-0.0369697
-0.0128197
0.0122898
-0.00769587
-0.0301811
-0.0445752
-0.0496695
-0.0454149
-0.0289648
0.00699846
0.078402
0.209734
0.405039
0.599439
-0.53635
-0.602293
-0.257434
-0.0954662
0


0
0.0660388
0.0677873
0.0727819
0.0752487
0.0350135
0.0973324
0.0840253
0.0743001
0.0683919
0.0538778
0.0396634
0.0233498
0.0470391
0.0519269
0.0701239
0.112938
0.159375
0.173993
0.143311
0.0937519
0

0.0660388
-0.0660388
-0.0677873
-0.0727819
-0.0752487
-0.0350135
-0.0973324
-0.0840253
-0.0743001
-0.0683919
-0.0538778
-0.0396634
-0.0233498
-0.0470391
-0.0519269
-0.0701239
-0.112938
-0.159375
-0.173993
-0.143311
-0.0937519
-0.0937519

0.0659616
-0.0659616
-0.0678308
-0.0727749
-0.077573
-0.0410957
-0.0941902
-0.0830203
-0.0738082
-0.0679538
-0.0536736
-0.0393066
-0.0234218
-0.0460628
-0.0501068
-0.0674259
-0.106247
-0.160144
-0.176827
-0.144732
-0.0937702
-0.0937702

0.0658599
-0.0658599
-0.0679742
-0.072738
-0.0802544
-0.0551172
-0.091014
-0.0813401
-0.0728576
-0.0671356
-0.0533173
-0.0386387
-0.0227094
-0.0439467
-0.0464224
-0.0620463
-0.0942196
-0.162277
-0.182969
-0.147768
-0.0938832
-0.0938832

0.0656846
-0.0656846
-0.0680641
-0.0724785
-0.0818538
-0.0702634
-0.0884664
-0.0790996
-0.0714062
-0.0659537
-0.0527952
-0.0376856
-0.0207119
-0.040522
-0.0407906
-0.0538804
-0.0797528
-0.166531
-0.19262
-0.152356
-0.0940485
-0.0940485

0.0654144
-0.0654144
-0.0679608
-0.0718014
-0.0817325
-0.0809392
-0.0855386
-0.0762967
-0.0694723
-0.0644886
-0.0521423
-0.036584
-0.0178654
-0.0357256
-0.0330923
-0.0424572
-0.0647183
-0.173724
-0.206053
-0.15846
-0.0942589
-0.0942589

0.0650327
-0.0650327
-0.0675727
-0.0705133
-0.0795989
-0.0846092
-0.0812295
-0.0728897
-0.0670796
-0.062831
-0.0514091
-0.0355059
-0.0152355
-0.0295157
-0.0231592
-0.0270702
-0.0489976
-0.184446
-0.223422
-0.165993
-0.0945045
-0.0945045

0.0645318
-0.0645318
-0.0668675
-0.0685077
-0.0753735
-0.0807832
-0.074985
-0.0688669
-0.0642896
-0.0610728
-0.0506471
-0.0345632
-0.0131584
-0.0218951
-0.0108056
-0.0073634
-0.0312393
-0.199134
-0.244794
-0.174807
-0.0947736
-0.0947736

0.0639133
-0.0639133
-0.065859
-0.0657907
-0.0691933
-0.0699438
-0.0667061
-0.0642884
-0.0612661
-0.0593086
-0.0499015
-0.0337863
-0.0114441
-0.012959
0.00417438
0.0169586
-0.00949823
-0.21826
-0.270298
-0.184709
-0.0950533
-0.0950533

0.0631868
-0.0631868
-0.0645887
-0.0624604
-0.0614578
-0.053425
-0.0567912
-0.0593069
-0.0582712
-0.0576309
-0.0492075
-0.0331524
-0.00978961
-0.00284989
0.0220466
0.0467192
0.0185621
-0.242405
-0.300105
-0.195449
-0.0953302
-0.0953302

0.0623657
-0.0623657
-0.0631079
-0.058675
-0.0528499
-0.0343195
-0.046216
-0.054155
-0.055511
-0.0561076
-0.0485904
-0.0326205
-0.00796761
0.00829933
0.0431539
0.0833258
0.0557018
-0.271914
-0.334236
-0.206719
-0.0955923
-0.0955923

0.0614672
-0.0614672
-0.0614606
-0.0546174
-0.0441916
-0.0182778
-0.0363696
-0.0490962
-0.0530831
-0.0547714
-0.0480653
-0.0321555
-0.00586849
0.0203642
0.0679009
0.12832
0.10516
-0.306015
-0.372301
-0.21818
-0.095831
-0.095831

0.0605094
-0.0605094
-0.0596667
-0.0504624
-0.0360606
-0.00752965
-0.0280617
-0.0443194
-0.0509916
-0.0536224
-0.0476383
-0.0317397
-0.00349075
0.0331916
0.0965345
0.182508
0.170518
-0.342441
-0.413425
-0.229509
-0.0960428
-0.0960428

0.059512
-0.059512
-0.0577199
-0.0463542
-0.0286653
-0.00101459
-0.0213071
-0.03989
-0.0491643
-0.0526362
-0.047308
-0.0313765
-0.000919417
0.0465651
0.128717
0.244384
0.25495
-0.378596
-0.456389
-0.24045
-0.0962299
-0.0962299

0.0584994
-0.0584994
-0.0556263
-0.0423873
-0.0219285
0.0030449
-0.0156962
-0.0357718
-0.0474865
-0.0517748
-0.0470687
-0.0310868
0.00169363
0.0601058
0.16302
0.308305
0.358792
-0.412655
-0.49989
-0.250899
-0.0963994
-0.0963994

0.057481
-0.057481
-0.0534857
-0.0386346
-0.0157692
0.00598065
-0.0108209
-0.0319423
-0.0458924
-0.0509873
-0.0468884
-0.0308833
0.00413552
0.072969
0.19586
0.367405
0.468948
-0.444276
-0.541695
-0.260475
-0.0964573
-0.0964573

0
-0.057481
-0.0534857
-0.0386346
-0.0157692
0.00598065
-0.0108209
-0.0319423
-0.0458924
-0.0509873
-0.0468884
-0.0308833
0.00413552
0.072969
0.19586
0.367405
0.468948
-0.444276
-0.541695
-0.260475
-0.0964573
0


0
0.0674072
0.0696495
0.0738006
0.0760982
0.0478008
0.0916438
0.0832413
0.0745843
0.0683971
0.0552627
0.0415139
0.0279283
0.0467311
0.0513314
0.0670687
0.103868
0.154614
0.171334
0.142108
0.0941701
0

0.0674072
-0.0674072
-0.0696495
-0.0738006
-0.0760982
-0.0478008
-0.0916438
-0.0832413
-0.0745843
-0.0683971
-0.0552627
-0.0415139
-0.0279283
-0.0467311
-0.0513314
-0.0670687
-0.103868
-0.154614
-0.171334
-0.142108
-0.0941701
-0.0941701

0.0673223
-0.0673223
-0.0696271
-0.073725
-0.0771791
-0.0526509
-0.0902631
-0.0824313
-0.0741032
-0.0680143
-0.0550657
-0.0412054
-0.027588
-0.0456737
-0.0495043
-0.0643633
-0.0992083
-0.155577
-0.17403
-0.143477
-0.0941902
-0.0941902

0.067206
-0.067206
-0.0696198
-0.0735607
-0.0786199
-0.0607552
-0.088285
-0.0809642
-0.0731948
-0.0673167
-0.0547304
-0.04065
-0.0266809
-0.0435036
-0.0458163
-0.0589161
-0.0905829
-0.157959
-0.179807
-0.146391
-0.0943049
-0.0943049

0.0670134
-0.0670134
-0.069525
-0.07314
-0.0794647
-0.0692269
-0.0859771
-0.0788911
-0.0718346
-0.066311
-0.0542483
-0.039871
-0.0250336
-0.0401204
-0.0401797
-0.0505914
-0.0792662
-0.162214
-0.188769
-0.150777
-0.0944718
-0.0944718

0.0667291
-0.0667291
-0.0692595
-0.0723112
-0.079066
-0.0752532
-0.082988
-0.0762378
-0.0700471
-0.0650565
-0.053652
-0.0389618
-0.0228535
-0.0354778
-0.0324846
-0.0390929
-0.0661873
-0.168907
-0.201104
-0.156598
-0.0946841
-0.0946841

0.0663405
-0.0663405
-0.0687594
-0.0709405
-0.0770488
-0.0769676
-0.0788039
-0.0730041
-0.0678747
-0.0636242
-0.0529835
-0.038034
-0.0205696
-0.0295599
-0.0225858
-0.0239868
-0.051361
-0.178515
-0.216962
-0.163782
-0.0949327
-0.0949327

0.0658411
-0.0658411
-0.0679941
-0.0689537
-0.0732816
-0.07362
-0.0730922
-0.0692097
-0.0653919
-0.0620908
-0.0522868
-0.0371719
-0.0184105
-0.0223841
-0.0103177
-0.00485722
-0.0339873
-0.191396
-0.236439
-0.17221
-0.0952069
-0.0952069

0.0652322
-0.0652322
-0.0669651
-0.0663536
-0.0678654
-0.0654103
-0.065833
-0.0649264
-0.0627233
-0.0605343
-0.0516017
-0.0364139
-0.0163669
-0.0140103
0.00450294
0.0187596
-0.0127125
-0.207829
-0.259606
-0.181723
-0.0954951
-0.0954951

0.0645207
-0.0645207
-0.0656968
-0.063215
-0.061128
-0.0534107
-0.0573647
-0.0602902
-0.0600301
-0.0590275
-0.0509601
-0.0357611
-0.0143227
-0.00453054
0.0220806
0.0475305
0.0141971
-0.227963
-0.28647
-0.192113
-0.0957857
-0.0957857

0.0637195
-0.0637195
-0.0642255
-0.0596641
-0.053587
-0.0396672
-0.0483613
-0.0554878
-0.0574533
-0.0576268
-0.0503854
-0.0351969
-0.0121635
0.00594586
0.0426183
0.0822968
0.0487522
-0.251624
-0.316869
-0.203135
-0.0960684
-0.0960684

0.0628447
-0.0628447
-0.0625885
-0.0558514
-0.0458305
-0.0269181
-0.0396532
-0.0507171
-0.0550789
-0.0563644
-0.0498918
-0.0347029
-0.00982767
0.0172876
0.0662552
0.12378
0.0931123
-0.278027
-0.35037
-0.214517
-0.0963359
-0.0963359

0.0619149
-0.0619149
-0.0608156
-0.0519229
-0.0383148
-0.0167599
-0.0318204
-0.0461303
-0.0529329
-0.0552491
-0.0494864
-0.03427
-0.00732057
0.0293182
0.0929122
0.172045
0.149277
-0.305787
-0.386243
-0.225995
-0.0965852
-0.0965852

0.0609514
-0.0609514
-0.0589315
-0.0479989
-0.0312618
-0.00922484
-0.0250133
-0.0417987
-0.0509903
-0.0542702
-0.0491701
-0.0339028
-0.00471176
0.0417866
0.122067
0.225784
0.21839
-0.333432
-0.423554
-0.237351
-0.0968181
-0.0968181

0.0599796
-0.0599796
-0.0569723
-0.0441607
-0.0246781
-0.00353662
-0.0190525
-0.037717
-0.0491974
-0.0534053
-0.0489396
-0.0336186
-0.0021233
0.0543317
0.152564
0.281894
0.299272
-0.360002
-0.461317
-0.248452
-0.09704
-0.09704

0.0590036
-0.0590036
-0.0550061
-0.0404932
-0.0185666
0.00111616
-0.0137162
-0.0338906
-0.0475096
-0.0526111
-0.0487633
-0.0334221
0.000269155
0.0662244
0.181844
0.335098
0.382784
-0.385239
-0.497843
-0.258858
-0.0971565
-0.0971565

0
-0.0590036
-0.0550061
-0.0404932
-0.0185666
0.00111616
-0.0137162
-0.0338906
-0.0475096
-0.0526111
-0.0487633
-0.0334221
0.000269155
0.0662244
0.181844
0.335098
0.382784
-0.385239
-0.497843
-0.258858
-0.0971565
0


0
0.0689164
0.0712503
0.0749313
0.0769615
0.0541
0.0895821
0.083275
0.0752281
0.0690391
0.0568422
0.0436397
0.0315091
0.0480519
0.0521343
0.0659266
0.0990989
0.150151
0.16757
0.140109
0.094407
0

0.0689164
-0.0689164
-0.0712503
-0.0749313
-0.0769615
-0.0541
-0.0895821
-0.083275
-0.0752281
-0.0690391
-0.0568422
-0.0436397
-0.0315091
-0.0480519
-0.0521343
-0.0659266
-0.0990989
-0.150151
-0.16757
-0.140109
-0.094407
-0.094407

0.0688308
-0.0688308
-0.0711965
-0.0748218
-0.0776275
-0.0577074
-0.0886972
-0.0825505
-0.0747687
-0.0686953
-0.0566598
-0.0433664
-0.0310758
-0.0469953
-0.0503408
-0.0632719
-0.0952784
-0.151159
-0.170147
-0.141433
-0.0944312
-0.0944312

0.0687085
-0.0687085
-0.0711211
-0.0745946
-0.0785548
-0.063534
-0.0872081
-0.0812073
-0.0739079
-0.0680736
-0.05635
-0.0428794
-0.030151
-0.0448614
-0.0467252
-0.0579222
-0.0880989
-0.153549
-0.175611
-0.14423
-0.0945476
-0.0945476

0.0685095
-0.0685095
-0.0709432
-0.0741016
-0.0790286
-0.0695197
-0.0851313
-0.0792602
-0.0726278
-0.0671774
-0.0559079
-0.0422034
-0.0286784
-0.0415819
-0.0412047
-0.0497362
-0.0782576
-0.157653
-0.184034
-0.148428
-0.0947156
-0.0947156

0.0682218
-0.0682218
-0.0706034
-0.0732144
-0.0784711
-0.0736806
-0.0822485
-0.076736
-0.0709568
-0.0660565
-0.0553644
-0.0414137
-0.0267912
-0.0371261
-0.0336791
-0.038477
-0.0662896
-0.163918
-0.195577
-0.153995
-0.0949291
-0.0949291

0.0678354
-0.0678354
-0.070053
-0.0718245
-0.0765057
-0.0745428
-0.0782321
-0.073649
-0.0689414
-0.0647717
-0.0547577
-0.040597
-0.0247262
-0.0314896
-0.0240211
-0.0238024
-0.052185
-0.172745
-0.21038
-0.160868
-0.0951796
-0.0951796

0.0673456
-0.0673456
-0.0692655
-0.069872
-0.0729831
-0.071409
-0.0728643
-0.0700315
-0.0666542
-0.0633895
-0.0541271
-0.0398236
-0.022648
-0.024695
-0.0120823
-0.00531227
-0.0353477
-0.184435
-0.22854
-0.168945
-0.095457
-0.095457

0.0667527
-0.0667527
-0.0682388
-0.0673604
-0.0679797
-0.0643939
-0.0661657
-0.0659582
-0.064199
-0.061978
-0.0535086
-0.0391325
-0.0205926
-0.0167933
0.00229696
0.0174547
-0.0147134
-0.199172
-0.250105
-0.178086
-0.0957505
-0.0957505

0.0660636
-0.0660636
-0.0669906
-0.0643541
-0.061777
-0.0543729
-0.0584368
-0.061555
-0.0616982
-0.0605998
-0.0529317
-0.0385337
-0.0185136
-0.00786042
0.0192715
0.0450539
0.0111136
-0.216958
-0.275027
-0.18811
-0.0960492
-0.0960492

0.0652902
-0.0652902
-0.065551
-0.0609636
-0.0548092
-0.042873
-0.0502127
-0.0569849
-0.059263
-0.0593038
-0.0524175
-0.0380197
-0.0163467
0.00200314
0.0389633
0.0780574
0.0437119
-0.237501
-0.303104
-0.198802
-0.0963439
-0.0963439

0.064448
-0.064448
-0.063954
-0.0573217
-0.0475586
-0.0316814
-0.0421121
-0.0524173
-0.0569701
-0.0581212
-0.0519797
-0.0375793
-0.0140544
0.0126641
0.0613909
0.116828
0.0846449
-0.260111
-0.333915
-0.209924
-0.0966279
-0.0966279

0.0635554
-0.0635554
-0.0622331
-0.0535591
-0.0404187
-0.022021
-0.0346025
-0.0479866
-0.0548531
-0.0570637
-0.0516246
-0.0372065
-0.0116462
0.0239407
0.0863507
0.16115
0.135106
-0.283778
-0.366815
-0.221239
-0.0968982
-0.0968982

0.062634
-0.062634
-0.0604226
-0.0497854
-0.03361
-0.0141977
-0.027865
-0.0437652
-0.0529068
-0.0561268
-0.0513539
-0.0369054
-0.00918289
0.0355808
0.11328
0.209853
0.195306
-0.307485
-0.401003
-0.232541
-0.0971565
-0.0971565

0.0617093
-0.0617093
-0.058566
-0.0460781
-0.0271771
-0.00783997
-0.0218152
-0.0397623
-0.0511017
-0.0552955
-0.051165
-0.0366905
-0.0067692
0.0472461
0.141177
0.260698
0.263504
-0.330603
-0.435624
-0.243677
-0.0974076
-0.0974076

0.0607818
-0.0607818
-0.0567179
-0.042521
-0.0211569
-0.00241019
-0.0163183
-0.0359942
-0.0494039
-0.0545306
-0.051026
-0.0365602
-0.00455515
0.0582908
0.167965
0.309433
0.332777
-0.35285
-0.469271
-0.254203
-0.0975606
-0.0975606

0
-0.0607818
-0.0567179
-0.042521
-0.0211569
-0.00241019
-0.0163183
-0.0359942
-0.0494039
-0.0545306
-0.051026
-0.0365602
-0.00455515
0.0582908
0.167965
0.309433
0.332777
-0.35285
-0.469271
-0.254203
-0.0975606
0


0
0.0630502
0.0652047
0.0687623
0.0705869
0.0472445
0.0826623
0.0766006
0.068746
0.0627392
0.0511044
0.0384511
0.0268989
0.043504
0.0469352
0.0593627
0.0902995
0.138646
0.155322
0.12972
0.0870076
0

0.0630502
-0.0689164
-0.0712503
-0.0749313
-0.0769615
-0.0541
-0.0895821
-0.083275
-0.0752281
-0.0690391
-0.0568422
-0.0436397
-0.0315091
-0.0480519
-0.0521343
-0.0659266
-0.0990989
-0.150151
-0.16757
-0.140109
-0.094407
-0.0870076

0.062973
-0.0688308
-0.0711965
-0.0748218
-0.0776275
-0.0577074
-0.0886972
-0.0825505
-0.0747687
-0.0686953
-0.0566598
-0.0433664
-0.0310758
-0.0469953
-0.0503408
-0.0632719
-0.0952784
-0.151159
-0.170147
-0.141433
-0.0944312
-0.0870434

0.0628516
-0.0687085
-0.0711211
-0.0745946
-0.0785548
-0.063534
-0.0872081
-0.0812073
-0.0739079
-0.0680736
-0.05635
-0.0428794
-0.030151
-0.0448614
-0.0467252
-0.0579222
-0.0880989
-0.153549
-0.175611
-0.14423
-0.0945476
-0.0871597

0.0626555
-0.0685095
-0.0709432
-0.0741016
-0.0790286
-0.0695197
-0.0851313
-0.0792602
-0.0726278
-0.0671774
-0.0559079
-0.0422034
-0.0286784
-0.0415819
-0.0412047
-0.0497362
-0.0782576
-0.157653
-0.184034
-0.148428
-0.0947156
-0.087328

0.0623739
-0.0682218
-0.0706034
-0.0732144
-0.0784711
-0.0736806
-0.0822485
-0.076736
-0.0709568
-0.0660565
-0.0553644
-0.0414137
-0.0267912
-0.0371261
-0.0336791
-0.038477
-0.0662896
-0.163918
-0.195577
-0.153995
-0.0949291
-0.087542

0.0619977
-0.0678354
-0.070053
-0.0718245
-0.0765057
-0.0745428
-0.0782321
-0.073649
-0.0689414
-0.0647717
-0.0547577
-0.040597
-0.0247262
-0.0314896
-0.0240211
-0.0238024
-0.052185
-0.172745
-0.21038
-0.160868
-0.0951796
-0.0877935

0.061523
-0.0673456
-0.0692655
-0.069872
-0.0729831
-0.071409
-0.0728643
-0.0700315
-0.0666542
-0.0633895
-0.0541271
-0.0398236
-0.022648
-0.024695
-0.0120823
-0.00531227
-0.0353477
-0.184435
-0.22854
-0.168945
-0.095457
-0.0880724

0.0609506
-0.0667527
-0.0682388
-0.0673604
-0.0679797
-0.0643939
-0.0661657
-0.0659582
-0.064199
-0.061978
-0.0535086
-0.0391325
-0.0205926
-0.0167933
0.00229696
0.0174547
-0.0147134
-0.199172
-0.250105
-0.178086
-0.0957505
-0.0883682

0.0602875
-0.0660636
-0.0669906
-0.0643541
-0.061777
-0.0543729
-0.0584368
-0.061555
-0.0616982
-0.0605998
-0.0529317
-0.0385337
-0.0185136
-0.00786042
0.0192715
0.0450539
0.0111136
-0.216958
-0.275027
-0.18811
-0.0960492
-0.0886703

0.0595452
-0.0652902
-0.065551
-0.0609636
-0.0548092
-0.042873
-0.0502127
-0.0569849
-0.059263
-0.0593038
-0.0524175
-0.0380197
-0.0163467
0.00200314
0.0389633
0.0780574
0.0437119
-0.237501
-0.303104
-0.198802
-0.0963439
-0.0889694

0.0587387
-0.064448
-0.063954
-0.0573217
-0.0475586
-0.0316814
-0.0421121
-0.0524173
-0.0569701
-0.0581212
-0.0519797
-0.0375793
-0.0140544
0.0126641
0.0613909
0.116828
0.0846449
-0.260111
-0.333915
-0.209924
-0.0966279
-0.0892589

0.0578858
-0.0635554
-0.0622331
-0.0535591
-0.0404187
-0.022021
-0.0346025
-0.0479866
-0.0548531
-0.0570637
-0.0516246
-0.0372065
-0.0116462
0.0239407
0.0863507
0.16115
0.135106
-0.283778
-0.366815
-0.221239
-0.0968982
-0.0895359

0.0570071
-0.062634
-0.0604226
-0.0497854
-0.03361
-0.0141977
-0.027865
-0.0437652
-0.0529068
-0.0561268
-0.0513539
-0.0369054
-0.00918289
0.0355808
0.11328
0.209853
0.195306
-0.307485
-0.401003
-0.232541
-0.0971565
-0.0898012

0.0561271
-0.0617093
-0.058566
-0.0460781
-0.0271771
-0.00783997
-0.0218152
-0.0397623
-0.0511017
-0.0552955
-0.051165
-0.0366905
-0.0067692
0.0472461
0.141177
0.260698
0.263504
-0.330603
-0.435624
-0.243677
-0.0974076
-0.0900596

0.0552514
-0.0607818
-0.0567179
-0.042521
-0.0211569
-0.00241019
-0.0163183
-0.0359942
-0.0494039
-0.0545306
-0.051026
-0.0365602
-0.00455515
0.0582908
0.167965
0.309433
0.332777
-0.35285
-0.469271
-0.254203
-0.0975606
-0.0902343

0
-0.0552514
-0.0510997
-0.0371689
-0.0159612
0.00285097
-0.011218
-0.030872
-0.0441576
-0.0492848
-0.0461603
-0.0327029
-0.00261146
0.0571116
0.162465
0.299224
0.320293
-0.338491
-0.446117
-0.23953
-0.0902343
0


0
0
0
0
0
0
0
0
0
0
0
0
0
0
0
0
0
0
0
0
0
0

0
0
0
0
0
0
0
0
0
0
0
0
0
0
0
0
0
0
0
0
0
0

0
0
0
0
0
0
0
0
0
0
0
0
0
0
0
0
0
0
0
0
0
0

0
0
0
0
0
0
0
0
0
0
0
0
0
0
0
0
0
0
0
0
0
0

0
0
0
0
0
0
0
0
0
0
0
0
0
0
0
0
0
0
0
0
0
0

0
0
0
0
0
0
0
0
0
0
0
0
0
0
0
0
0
0
0
0
0
0

0
0
0
0
0
0
0
0
0
0
0
0
0
0
0
0
0
0
0
0
0
0

0
0
0
0
0
0
0
0
0
0
0
0
0
0
0
0
0
0
0
0
0
0

0
0
0
0
0
0
0
0
0
0
0
0
0
0
0
0
0
0
0
0
0
0

0
0
0
0
0
0
0
0
0
0
0
0
0
0
0
0
0
0
0
0
0
0

0
0
0
0
0
0
0
0
0
0
0
0
0
0
0
0
0
0
0
0
0
0

0
0
0
0
0
0
0
0
0
0
0
0
0
0
0
0
0
0
0
0
0
0

0
0
0
0
0
0
0
0
0
0
0
0
0
0
0
0
0
0
0
0
0
0

0
0
0
0
0
0
0
0
0
0
0
0
0
0
0
0
0
0
0
0
0
0

0
0
0
0
0
0
0
0
0
0
0
0
0
0
0
0
0
0
0
0
0
0

0
0
0
0
0
0
0
0
0
0
0
0
0
0
0
0
0
0
0
0
0
0

0
0
0
0
0
0
0
0
0
0
0
0
0
0
0
0
0
0
0
0
0
0


