0
0
0
0
0
0
0
0
0
0
0
0
0
0
0
0
0
0
0
0
0
0

0
-8.92808
-8.92738
-9.38642
-8.55571
-9.55425
-10.9136
-9.68884
-8.13421
-10.0567
-9.51623
-9.39829
-10.3409
-10.2781
-10.8768
-11.4891
-12.598
-9.70443
-11.5241
-9.80571
-9.43026
0

0
-7.54839
8.30045
-7.71759
-7.95279
-8.69509
-9.43927
-8.45927
-8.64089
-10.0567
-8.25617
-7.95885
-6.90847
-8.41176
-9.49012
-9.75312
-10.4479
-9.39673
-9.42478
-8.26153
-8.02041
0

0
-7.85493
-7.73702
-8.1437
-8.30588
-8.4462
-8.00611
-8.44752
-9.31426
-9.6087
-8.18461
-8.06631
-9.2121
-8.7322
-9.56772
-10.0503
-1.68989
-10.176
-9.5779
-8.34212
-8.11942
0

0
-7.89255
-10.0359
-8.50219
-8.41389
-8.03364
-7.69372
-8.42452
-9.03074
-8.84572
-8.24856
-8.17449
-10.3421
-12.9793
-9.61839
-10.1965
-8.5441
-10.1362
-9.70443
-8.30661
-8.15483
0

0
-7.87721
-10.7952
-8.81885
-8.42526
-8.20642
-8.10574
-8.38497
-8.90541
-8.47849
-8.27257
-8.30392
-10.3409
-10.5196
-9.80405
-8.37722
-10.8866
-10.3533
-9.70626
-8.25322
-8.1871
0

0
-7.90042
-9.91219
-8.87591
-8.47113
-8.55146
-8.39519
-8.40387
-8.99234
-8.42454
-8.24814
-8.36843
-9.4289
-9.26644
-10.0609
-10.2246
-10.1615
-10.5524
-9.64872
-8.23306
-8.21738
0

0
-7.91409
-9.02411
-8.7224
-8.55571
-8.60998
-8.47619
-8.4149
-7.94581
-8.35222
-8.25521
-8.35099
-8.79862
-9.1608
-10.2677
-10.2711
-9.00064
-10.5718
-9.96744
-8.41238
-8.2477
0

0
-7.9181
-8.74779
-8.61008
-8.64484
-8.45507
-8.45927
-8.28915
-4.96114
-8.19285
-8.25901
-8.31893
-8.60022
-8.38903
-10.189
-10.1773
-8.59377
-10.5049
-10.3164
-9.23999
-8.2784
0

0
-7.93011
-8.69509
-8.61144
-8.71199
-8.39568
-8.42332
-8.18687
-6.48182
-8.0799
-8.25617
-8.29275
-8.39189
-6.12039
-9.78941
-9.85199
-7.86545
-10.4056
-10.3017
-10.1492
-8.31067
0

0
-7.95224
-8.68516
-8.64512
-8.73456
-8.78715
-8.48496
-8.2287
-7.64296
-8.13421
-8.26026
-8.26744
-8.0038
-1.0183
-9.06149
-9.00362
-6.16056
-7.79575
-9.64872
-9.92626
-8.35417
0

0
-7.97657
-8.6805
-8.66423
-8.75041
-9.35156
-8.68768
-8.31849
-8.0063
-8.19873
-8.26472
-8.24543
-7.69759
8.6189
-8.4475
-8.30806
-3.45145
-8.30345
-9.43612
-9.21217
-8.39693
0

0
-7.98161
-8.62646
-8.58174
-8.8022
-9.57095
-8.79561
-8.40698
-8.4327
-8.22674
-8.25186
-8.2125
-8.70657
-12.9793
-9.15984
-6.75453
-0.720748
-8.14304
-9.59385
-9.03684
-8.39524
0

0
-7.91722
-8.42526
-8.05064
-8.78611
-9.48033
-8.71352
-8.39189
-8.69983
-8.18063
-8.15257
-8.12032
-8.34545
-11.0451
-7.46323
-4.11219
0.317889
-8.37722
-9.54473
-9.12418
-8.30878
0

0
-7.70129
-8.26962
-8.30797
-8.56654
-9.53819
-8.50259
-8.18546
-8.17759
-7.96837
-7.92376
-7.88829
-7.94363
-7.54315
-4.26175
-7.79575
0.0684666
-8.45727
-9.19446
-8.95616
-8.06884
0

0
-7.24945
-7.81947
-7.83414
-8.05064
-8.99661
-7.99009
-7.68995
-7.57165
-7.50785
-7.48615
-7.46309
-7.48204
-7.51102
-6.80958
-7.5334
0.157378
-8.31534
-8.74486
-8.46836
-7.60023
0

0
0
0
0
0
0
0
0
0
0
0
0
0
0
0
0
0
0
0
0
0
0


0
0
0
0
0
0
0
0
0
0
0
0
0
0
0
0
0
0
0
0
0
0

0
-9.17025
-7.674
-9.77964
-9.36239
-9.56397
-10.8615
-10.0722
-9.3168
-10.6781
-9.91415
-9.80468
-9.9719
-10.7798
-11.1383
-11.7139
-11.8903
-11.467
-12.086
-10.2738
-9.81408
0

0
-7.58773
9.92419
-7.89337
-8.10594
-9.3455
-9.34351
-8.57744
-8.54226
-9.07265
-8.36499
-8.15943
-7.99299
-8.7211
-9.55764
-9.84026
-10.2389
-9.60264
-9.67183
-8.47783
-8.19064
0

0
-7.89505
-6.55014
-8.25275
-8.43499
-8.63818
-8.64232
-8.62082
-9.17075
-9.66742
-8.36486
-8.25152
-8.57002
-8.965
-9.65267
-9.99036
-2.7978
-10.2256
-9.78719
-8.57758
-8.29258
0

0
-7.95769
-9.22264
-8.58451
-8.58285
-8.31952
-7.99281
-8.6104
-9.217
-9.10799
-8.42352
-8.34353
-9.982
-10.7998
-9.67766
-10.0696
-7.6303
-10.3186
-9.89827
-8.56308
-8.32734
0

0
-7.96796
-10.2259
-8.8664
-8.61667
-8.35795
-8.25026
-8.57047
-9.0316
-8.68821
-8.45815
-8.46792
-10.0958
-10.5739
-9.82813
-9.41118
-10.4673
-10.5047
-9.8658
-8.53165
-8.36058
0

0
-8.00321
-9.98202
-9.01229
-8.66014
-8.71875
-8.55977
-8.58393
-9.05654
-8.59018
-8.43585
-8.53922
-9.59317
-9.61017
-10.1152
-10.2807
-10.614
-10.7657
-9.90711
-8.51811
-8.39174
0

0
-8.02757
-9.25783
-8.92459
-8.74064
-8.85743
-8.68313
-8.58676
-7.96961
-8.51803
-8.43597
-8.52981
-8.9826
-9.29358
-10.4224
-10.3426
-9.44769
-10.8038
-10.079
-8.67404
-8.42363
0

0
-8.0382
-8.93548
-8.81037
-8.82974
-8.73101
-8.67804
-8.46969
-5.82232
-8.37227
-8.43815
-8.49778
-8.73426
-8.41409
-10.4293
-10.217
-8.81407
-10.6767
-10.4307
-9.37013
-8.45699
0

0
-8.05336
-8.86574
-8.79636
-8.90136
-8.68289
-8.62916
-8.38198
-6.67777
-8.269
-8.43649
-8.47001
-8.48894
-5.70118
-9.98024
-9.97183
-7.98101
-10.5009
-10.502
-9.96499
-8.49198
0

0
-8.07702
-8.86095
-8.82493
-8.93302
-8.88598
-8.66326
-8.42569
-7.77323
-8.31357
-8.43977
-8.44271
-8.02355
0.611249
-9.07622
-9.14882
-6.13479
-9.17691
-10.1003
-10.1067
-8.5349
0

0
-8.09955
-8.85923
-8.83489
-8.95036
-9.46401
-8.8582
-8.50812
-8.21444
-8.37985
-8.43795
-8.41728
-7.58721
7.06366
-8.16325
-8.33131
-3.24005
-8.59788
-9.67102
-9.53179
-8.57383
0

0
-8.09321
-8.79466
-8.70853
-8.98152
-9.75729
-8.97452
-8.58413
-8.61758
-8.39829
-8.41176
-8.37474
-8.72443
-11.7291
-8.99371
-6.52979
-0.47236
-8.14512
-9.68107
-9.20945
-8.55804
0

0
-7.99851
-8.61187
-8.42139
-8.92882
-9.58383
-8.86821
-8.53651
-8.66406
-8.31811
-8.2816
-8.2524
-8.45191
-10.5823
-7.44355
-5.11276
0.379166
-8.27999
-9.64816
-9.18965
-8.43657
0

0
-7.727
-8.34666
-8.38182
-8.64496
-9.52226
-8.5799
-8.26425
-8.25167
-8.04494
-7.99823
-7.9652
-8.01102
-7.84664
-5.17264
-7.61393
0.140381
-8.32759
-9.3163
-8.96697
-8.13725
0

0
-7.19517
-7.8145
-7.81868
-8.02762
-8.83502
-7.96389
-7.67472
-7.56755
-7.49958
-7.48446
-7.46275
-7.47955
-7.42959
-6.72754
-7.49821
0.212042
-8.09333
-8.82299
-8.40401
-7.58679
0

0
0
0
0
0
0
0
0
0
0
0
0
0
0
0
0
0
0
0
0
0
0


0
0
0
0
0
0
0
0
0
0
0
0
0
0
0
0
0
0
0
0
0
0

0
-9.17343
-7.42297
-10.0517
-10.5627
-8.90305
-10.2893
-10.3076
-11.294
-9.49267
-10.1558
-10.0939
-9.05937
-10.9844
-11.1662
-11.4332
-10.4514
-14.1814
-12.6425
-10.7624
-10.071
0

0
-7.62877
-0.589631
-8.26053
-8.207
-10.2193
-9.29058
-8.57104
-8.09349
-8.3793
-8.36665
-8.38786
-9.24431
-9.14974
-9.41687
-9.7565
-10.8934
-10.0635
-10.0392
-8.75946
-8.3244
0

0
-7.72319
-5.8041
-8.16689
-8.40623
-9.37749
-9.49768
-8.72109
-8.60551
-9.46972
-8.50324
-8.38391
-7.64406
-8.85379
-9.51004
-9.70106
-10.4194
-10.1538
-10.017
-8.88058
-8.40669
0

0
-7.83256
-6.70825
-8.27745
-8.64946
-8.70011
-8.61401
-8.76106
-9.1375
-9.47095
-8.53681
-8.41751
-8.53256
-7.52312
-9.49445
-9.93108
-5.6838
-10.5127
-10.069
-8.92859
-8.43797
0

0
-7.96567
-8.77217
-8.63109
-8.76247
-8.40592
-8.3109
-8.72599
-9.04266
-8.99754
-8.58511
-8.53845
-9.808
-10.3577
-9.58424
-10.96
-8.68495
-10.5632
-10.1155
-8.94817
-8.4739
0

0
-8.05254
-9.93946
-8.99038
-8.80055
-8.7138
-8.61169
-8.72007
-9.05051
-8.7424
-8.59438
-8.64779
-9.85459
-10.0968
-9.91696
-10.1377
-11.0614
-10.9168
-10.1005
-8.90004
-8.50932
0

0
-8.11831
-9.64103
-9.11578
-8.86719
-9.126
-8.86258
-8.7457
-8.90994
-8.67865
-8.58142
-8.67975
-9.2746
-9.50819
-10.4068
-10.2941
-10.4579
-10.9937
-10.0114
-8.78837
-8.54788
0

0
-8.15295
-9.1807
-9.01918
-8.95863
-9.16308
-8.92236
-8.73049
-8.02624
-8.58956
-8.5824
-8.65415
-8.88672
-8.94858
-10.6743
-10.0135
-9.38083
-10.7111
-10.2635
-8.83462
-8.59024
0

0
-8.17658
-9.02293
-8.95496
-9.04902
-8.96234
-8.85011
-8.6177
-6.73149
-8.46449
-8.58324
-8.62442
-8.65142
-7.16132
-10.3551
-9.86039
-8.58321
-10.485
-10.5613
-9.55043
-8.63118
0

0
-8.2033
-9.00982
-8.96746
-9.10807
-8.90342
-8.80224
-8.58101
-7.5698
-8.43715
-8.58407
-8.59506
-8.25733
-3.3722
-9.45298
-9.26241
-7.20192
-11.4506
-10.6224
-10.2453
-8.67005
0

0
-8.2255
-9.0224
-8.99389
-9.1246
-9.34705
-8.93491
-8.64446
-8.21138
-8.50555
-8.58171
-8.55644
-7.72242
4.92064
-8.38411
-8.5096
-4.78908
-9.12075
-9.90272
-10.0429
-8.70545
0

0
-8.21014
-8.98838
-8.98188
-9.11898
-9.84481
-9.10034
-8.70239
-8.441
-8.52342
-8.5401
-8.50105
-8.32717
-7.72705
-8.65517
-7.58939
-1.84785
-7.87911
-9.52066
-9.3679
-8.68638
0

0
-8.09132
-8.82698
-8.92897
-9.03575
-9.55331
-9.0039
-8.63783
-8.58779
-8.42013
-8.39413
-8.36024
-8.58465
-10.5496
-8.61909
-6.56527
-0.23569
-7.85083
-9.49825
-9.09218
-8.53782
0

0
-7.78506
-8.42295
-8.39087
-8.71201
-9.2349
-8.64106
-8.33543
-8.36476
-8.11592
-8.07259
-8.04715
-8.13233
-8.88305
-7.81232
-6.48518
-0.26299
-7.81384
-9.26445
-8.87556
-8.19996
0

0
-7.2381
-7.88832
-7.88519
-8.09371
-8.70033
-8.02454
-7.74236
-7.66037
-7.56235
-7.54696
-7.52794
-7.53374
-7.26612
-6.76827
-7.35842
-0.6011
-7.58524
-8.77301
-8.39279
-7.63922
0

0
0
0
0
0
0
0
0
0
0
0
0
0
0
0
0
0
0
0
0
0
0


0
0
0
0
0
0
0
0
0
0
0
0
0
0
0
0
0
0
0
0
0
0

0
-9.23027
-8.42801
-10.1746
-10.3174
-9.03391
-10.5604
-10.3972
-10.2347
-10.4578
-10.1988
-10.1711
-10.6289
-10.6568
-10.9892
-11.1405
-11.2997
-12.8775
-12.6371
-10.9934
-10.1696
0

0
-7.70895
-7.17442
-8.35377
-8.64039
-8.77547
-8.81075
-8.6765
-8.88378
-8.48059
-8.53328
-8.46669
-8.11638
-9.02992
-9.34887
-9.71471
-9.87543
-10.8568
-10.2633
-8.9994
-8.44045
0

0
-7.74237
-6.57551
-8.40438
-8.55948
-10.0461
-9.19582
-8.79087
-8.60167
-8.70163
-8.58465
-8.53608
-8.88577
-9.01776
-9.417
-9.74847
-11.4357
-10.5499
-10.1512
-9.06023
-8.50677
0

0
-7.80948
-7.12109
-8.37945
-8.65651
-9.57992
-9.28138
-8.83106
-8.83446
-9.22449
-8.60578
-8.52621
-8.30179
-9.02608
-9.46891
-9.6606
-8.47916
-10.6463
-10.1053
-9.0661
-8.52684
0

0
-7.92213
-7.76205
-8.54686
-8.81486
-8.92409
-8.78699
-8.84756
-9.09842
-9.20415
-8.65019
-8.57764
-8.88129
-8.88369
-9.55021
-9.83189
-7.36213
-10.597
-10.1716
-9.06974
-8.56046
0

0
-8.04332
-8.93707
-8.78204
-8.90098
-8.6425
-8.6739
-8.82327
-8.93823
-8.9376
-8.68006
-8.67375
-9.48136
-9.76654
-9.6944
-10.4
-9.69719
-10.6991
-10.1587
-9.06979
-8.59674
0

0
-8.14442
-9.50409
-9.04408
-8.95883
-8.98642
-8.84948
-8.82711
-8.91907
-8.79193
-8.68574
-8.74036
-9.41757
-9.48844
-9.95099
-10.3814
-10.7793
-10.8174
-10.0523
-9.09468
-8.63358
0

0
-8.21239
-9.3663
-9.1281
-9.03353
-9.26392
-8.9958
-8.83442
-8.70695
-8.73134
-8.68331
-8.74521
-9.05756
-9.03034
-10.316
-10.0539
-10.1118
-10.6559
-9.99436
-9.13338
-8.67235
0

0
-8.2547
-9.16875
-9.09092
-9.11262
-9.15705
-9.02451
-8.80572
-8.04811
-8.64781
-8.68406
-8.72213
-8.78255
-8.04926
-10.436
-9.42882
-9.06215
-10.1857
-10.1907
-9.20287
-8.71671
0

0
-8.28766
-9.09923
-9.07712
-9.18156
-8.97018
-8.98122
-8.74852
-7.69155
-8.57484
-8.68328
-8.69419
-8.52559
-6.02181
-9.94213
-8.91617
-7.79488
-9.57205
-10.3767
-9.6275
-8.76311
0

0
-8.31052
-9.08346
-9.08605
-9.21787
-9.19203
-8.98805
-8.74898
-8.17912
-8.58684
-8.67407
-8.65475
-8.22902
-3.42046
-9.03196
-8.29222
-5.7708
-9.29319
-10.3188
-10.0773
-8.78969
0

0
-8.29127
-9.04225
-9.05315
-9.20093
-9.63975
-9.08577
-8.77226
-8.46889
-8.59443
-8.62405
-8.58137
-8.16271
-5.32738
-8.39475
-7.86972
-3.1879
-7.91491
-9.73109
-9.77795
-8.76406
0

0
-8.16221
-8.89001
-8.89664
-9.08277
-9.68396
-9.06015
-8.69324
-8.47511
-8.48202
-8.46829
-8.42544
-8.34663
-8.13715
-8.20764
-7.29887
-1.32188
-7.4393
-9.35808
-9.23225
-8.60931
0

0
-7.84386
-8.53809
-8.55142
-8.75494
-9.16904
-8.69803
-8.38762
-8.27699
-8.17429
-8.13933
-8.10908
-8.18559
-8.95691
-7.76905
-6.96145
-1.17827
-7.56656
-9.15954
-8.86684
-8.26024
0

0
-7.30024
-7.96346
-7.95094
-8.1543
-8.56745
-8.08267
-7.81379
-7.75658
-7.6339
-7.61615
-7.59838
-7.61281
-7.75393
-7.18996
-6.7606
-1.55115
-7.3818
-8.76959
-8.39917
-7.70549
0

0
0
0
0
0
0
0
0
0
0
0
0
0
0
0
0
0
0
0
0
0
0


0
0
0
0
0
0
0
0
0
0
0
0
0
0
0
0
0
0
0
0
0
0

0
-9.32362
-9.54978
-10.2608
-10.4314
-9.71587
-10.6018
-10.4651
-10.4013
-10.381
-10.2798
-10.2414
-10.3735
-10.5968
-10.8636
-11.0666
-11.8029
-12.7311
-12.5196
-11.1332
-10.2606
0

0
-7.76705
-7.42902
-8.47702
-8.68896
-7.87783
-8.86924
-8.7476
-8.71758
-8.72625
-8.58814
-8.55585
-8.69809
-8.97304
-9.24249
-9.42682
-9.3454
-10.5694
-10.313
-9.14961
-8.52368
0

0
-7.83814
-7.63776
-8.52734
-8.76391
-8.85824
-8.97063
-8.84922
-8.87043
-8.7753
-8.67079
-8.61632
-8.59315
-9.02211
-9.36082
-9.63431
-9.96498
-10.642
-10.2377
-9.20065
-8.60111
0

0
-7.86915
-7.60243
-8.54185
-8.74995
-9.84141
-9.17355
-8.88519
-8.83474
-8.90774
-8.68444
-8.62596
-8.73052
-8.98733
-9.38824
-9.66843
-10.7013
-10.4512
-10.1241
-9.1901
-8.61881
0

0
-7.94834
-7.94677
-8.60103
-8.84416
-9.73898
-9.17208
-8.92602
-8.95056
-9.10374
-8.71542
-8.65268
-8.69429
-9.04934
-9.43113
-9.68838
-8.76748
-10.3316
-10.0557
-9.19927
-8.64777
0

0
-8.05481
-8.49306
-8.76929
-8.96317
-9.17919
-8.95352
-8.92741
-9.03789
-9.06585
-8.74886
-8.71176
-9.05161
-9.16171
-9.49839
-9.85682
-8.97479
-10.1851
-10.0081
-9.21708
-8.68135
0

0
-8.1644
-9.07647
-8.95096
-9.03691
-8.95306
-8.92758
-8.92053
-8.95238
-8.93311
-8.76748
-8.77678
-9.2546
-9.36721
-9.62349
-10.2417
-10.1524
-10.3337
-10.0055
-9.22967
-8.71739
0

0
-8.2551
-9.31314
-9.11457
-9.10138
-9.15637
-9.03389
-8.92738
-8.86072
-8.84685
-8.7731
-8.80945
-9.14653
-9.1107
-9.82313
-10.2269
-10.3719
-10.4464
-9.99742
-9.25246
-8.75633
0

0
-8.31964
-9.27467
-9.17293
-9.1743
-9.29338
-9.11569
-8.92501
-8.63083
-8.79006
-8.77523
-8.80559
-8.92759
-8.57918
-9.9989
-9.59124
-9.54169
-10.1512
-10.1139
-9.33929
-8.79902
0

0
-8.36492
-9.20989
-9.1758
-9.24132
-9.21471
-9.11978
-8.90084
-8.31751
-8.73324
-8.77522
-8.78478
-8.71577
-7.61342
-9.84338
-8.80399
-8.19521
-9.48479
-10.2537
-9.50404
-8.84232
0

0
-8.39148
-9.17825
-9.17363
-9.28209
-9.15901
-9.09543
-8.87731
-8.3125
-8.69801
-8.76268
-8.74794
-8.51081
-6.46194
-9.22618
-8.07338
-6.39339
-8.77052
-10.2426
-9.72758
-8.87158
0

0
-8.37114
-9.12196
-9.13288
-9.26578
-9.38836
-9.10859
-8.85606
-8.53186
-8.67434
-8.70624
-8.66973
-8.36029
-6.27993
-8.45509
-7.63493
-4.25148
-8.17793
-10.0047
-9.83794
-8.84186
0

0
-8.23835
-8.95406
-8.9715
-9.13286
-9.59097
-9.06132
-8.75076
-8.56508
-8.55207
-8.54359
-8.49977
-8.30228
-7.29603
-7.96813
-7.38089
-2.649
-7.53314
-9.50922
-9.46801
-8.68334
0

0
-7.91622
-8.60213
-8.61396
-8.7985
-9.20871
-8.74864
-8.44497
-8.31863
-8.23926
-8.21108
-8.17666
-8.14511
-8.08271
-7.69745
-6.99969
-2.36314
-7.417
-9.15395
-8.94534
-8.33162
0

0
-7.37664
-8.05806
-8.0506
-8.21687
-8.53323
-8.1501
-7.88874
-7.77386
-7.71051
-7.69416
-7.67338
-7.67185
-7.90157
-7.40139
-6.66126
-2.5209
-7.2161
-8.77171
-8.42285
-7.78381
0

0
0
0
0
0
0
0
0
0
0
0
0
0
0
0
0
0
0
0
0
0
0


0
0
0
0
0
0
0
0
0
0
0
0
0
0
0
0
0
0
0
0
0
0

0
-9.41537
-9.85591
-10.3362
-10.5071
-10.2756
-10.6524
-10.5303
-10.461
-10.4504
-10.3352
-10.294
-10.3952
-10.558
-10.8008
-10.9705
-11.4749
-12.3276
-12.3786
-11.2118
-10.3387
0

0
-7.85164
-7.9653
-8.57749
-8.72906
-8.4845
-8.95245
-8.79839
-8.75248
-8.73927
-8.63647
-8.60738
-8.7162
-8.91109
-9.1443
-9.30688
-9.65519
-10.3945
-10.2575
-9.242
-8.59006
0

0
-7.92617
-7.99493
-8.63495
-8.84257
-8.08081
-8.98222
-8.90692
-8.88729
-8.8643
-8.73448
-8.69139
-8.75427
-9.01503
-9.29003
-9.49274
-9.72032
-10.2793
-10.2259
-9.31258
-8.68527
0

0
-7.95977
-8.05436
-8.65579
-8.87191
-8.63369
-9.02418
-8.94204
-8.92299
-8.91135
-8.75632
-8.70388
-8.75208
-9.01223
-9.31975
-9.54488
-10.0569
-10.142
-10.0972
-9.30084
-8.70644
0

0
-8.01883
-8.18631
-8.70794
-8.91395
-9.50506
-9.16503
-8.97877
-8.96298
-9.00661
-8.78282
-8.72835
-8.80013
-9.02718
-9.33981
-9.55813
-9.90054
-10.018
-10.0198
-9.30684
-8.73452
0

0
-8.10374
-8.48441
-8.80658
-9.00075
-9.64206
-9.16618
-9.00581
-9.02287
-9.06525
-8.81211
-8.76708
-8.90742
-9.08497
-9.35996
-9.62181
-9.32413
-9.98464
-9.99738
-9.31983
-8.7658
0

0
-8.20304
-8.86246
-8.95001
-9.09442
-9.33216
-9.09801
-9.01034
-9.02681
-9.0275
-8.83642
-8.8175
-9.07973
-9.16229
-9.40005
-9.79549
-9.7466
-10.1552
-9.99934
-9.33919
-8.80079
0

0
-8.29891
-9.16053
-9.09182
-9.16655
-9.21156
-9.11154
-9.01352
-8.96643
-8.95866
-8.85066
-8.85759
-9.11684
-9.11927
-9.47382
-9.96964
-10.1561
-10.3339
-10.0529
-9.37196
-8.83926
0

0
-8.37803
-9.2778
-9.19683
-9.23263
-9.31509
-9.176
-9.01904
-8.86412
-8.90533
-8.85804
-8.87225
-9.01687
-8.85214
-9.56476
-9.78496
-9.7471
-10.1933
-10.1125
-9.42937
-8.88098
0

0
-8.4369
-9.28462
-9.24368
-9.29582
-9.35879
-9.21579
-9.01521
-8.70621
-8.86191
-8.86046
-8.8643
-8.86577
-8.36749
-9.56233
-9.02891
-8.49128
-9.62674
-10.2139
-9.52716
-8.92298
0

0
-8.47109
-9.26147
-9.25102
-9.33873
-9.29981
-9.20903
-8.99664
-8.60103
-8.821
-8.84789
-8.83365
-8.70617
-7.75188
-9.27395
-8.14264
-6.75668
-8.78171
-10.233
-9.65362
-8.94984
0

0
-8.45314
-9.19862
-9.20553
-9.32221
-9.32193
-9.17449
-8.95116
-8.63006
-8.76535
-8.78796
-8.75583
-8.55303
-7.3761
-8.70393
-7.45991
-5.00945
-8.06515
-10.0613
-9.70494
-8.91932
0

0
-8.32009
-9.02669
-9.04125
-9.18282
-9.39528
-9.07615
-8.81885
-8.6161
-8.62556
-8.62154
-8.58006
-8.40208
-7.58132
-8.13039
-7.19396
-3.79151
-7.69068
-9.71955
-9.5326
-8.76076
0

0
-7.99889
-8.67771
-8.6883
-8.84744
-9.18025
-8.78331
-8.50705
-8.36814
-8.31154
-8.28894
-8.25195
-8.1689
-7.91459
-7.75726
-7.00145
-3.41421
-7.42942
-9.26015
-9.06745
-8.41197
0

0
-7.46622
-8.14355
-8.13876
-8.28469
-8.56587
-8.222
-7.96996
-7.83841
-7.79482
-7.77958
-7.75487
-7.71118
-7.63969
-7.4476
-6.70341
-3.28399
-7.17516
-8.81299
-8.50712
-7.87391
0

0
0
0
0
0
0
0
0
0
0
0
0
0
0
0
0
0
0
0
0
0
0


0
0
0
0
0
0
0
0
0
0
0
0
0
0
0
0
0
0
0
0
0
0

0
-9.50756
-10.0398
-10.4013
-10.5742
-10.5002
-10.6683
-10.5817
-10.518
-10.4981
-10.3833
-10.3372
-10.4104
-10.5456
-10.7676
-10.92
-11.3283
-12.0305
-12.2543
-11.2578
-10.4051
0

0
-7.93051
-8.24408
-8.63675
-8.77836
-8.83288
-8.93432
-8.81946
-8.77391
-8.75925
-8.66442
-8.63467
-8.71543
-8.86209
-9.0599
-9.19647
-9.54739
-10.087
-10.1447
-9.28324
-8.63611
0

0
-8.02923
-8.29381
-8.74054
-8.89594
-8.87264
-9.1186
-8.97061
-8.93011
-8.91103
-8.79467
-8.75548
-8.82624
-9.00946
-9.24098
-9.40434
-9.6907
-10.1455
-10.2201
-9.40489
-8.76628
0

0
-8.05982
-8.32231
-8.7558
-8.94274
-8.68612
-9.07939
-9.00027
-8.97313
-8.95558
-8.81949
-8.77223
-8.82379
-9.02456
-9.27217
-9.44566
-9.74182
-9.99324
-10.1093
-9.39195
-8.78903
0

0
-8.11045
-8.41351
-8.80221
-8.99395
-8.87442
-9.11141
-9.03201
-9.01064
-9.00936
-8.84691
-8.79629
-8.85312
-9.03664
-9.28647
-9.46219
-9.86981
-9.92225
-10.0508
-9.39689
-8.81804
0

0
-8.1797
-8.58461
-8.87663
-9.05638
-9.36239
-9.19258
-9.06193
-9.04666
-9.0593
-8.87353
-8.82701
-8.91206
-9.06223
-9.29022
-9.46677
-9.63779
-9.8883
-10.0311
-9.4105
-8.84869
0

0
-8.26487
-8.82905
-8.98313
-9.13821
-9.52873
-9.2167
-9.08183
-9.06759
-9.07074
-8.89864
-8.86601
-9.00546
-9.09614
-9.29723
-9.52354
-9.62764
-9.90948
-10.0454
-9.4345
-8.88285
0

0
-8.35543
-9.07445
-9.10373
-9.21869
-9.43553
-9.21858
-9.09195
-9.04928
-9.04232
-8.91833
-8.9041
-9.07084
-9.09023
-9.31666
-9.63939
-9.88702
-10.0535
-10.0823
-9.47015
-8.92091
0

0
-8.43918
-9.24222
-9.21169
-9.28826
-9.39807
-9.24781
-9.10084
-8.99669
-9.00351
-8.93169
-8.9285
-9.0509
-8.97189
-9.34291
-9.63232
-9.7393
-10.1359
-10.1475
-9.52193
-8.96241
0

0
-8.50734
-9.31579
-9.28481
-9.34951
-9.43145
-9.28763
-9.10624
-8.91631
-8.96854
-8.93819
-8.93297
-8.96588
-8.72049
-9.33167
-9.2456
-8.77427
-9.84889
-10.2191
-9.59375
-9.00352
0

0
-8.54946
-9.32414
-9.31155
-9.39084
-9.43384
-9.30013
-9.09581
-8.83186
-8.93004
-8.92748
-8.91079
-8.84755
-8.37432
-9.18616
-8.45356
-7.14506
-9.1251
-10.2468
-9.66815
-9.02852
0

0
-8.53597
-9.26788
-9.27103
-9.37415
-9.39742
-9.25811
-9.04362
-8.77639
-8.86173
-8.86721
-8.83662
-8.70488
-8.06856
-8.83284
-7.64476
-5.50629
-8.2854
-10.1293
-9.68136
-8.99644
0

0
-8.40602
-9.09716
-9.10839
-9.23393
-9.33714
-9.12517
-8.89505
-8.68771
-8.70607
-8.70053
-8.66094
-8.51891
-7.96424
-8.34524
-7.18929
-4.50707
-7.74371
-9.81993
-9.53093
-8.83978
0

0
-8.09064
-8.75444
-8.76338
-8.9025
-9.12548
-8.82469
-8.57826
-8.42721
-8.39085
-8.37213
-8.33378
-8.23504
-7.94717
-7.8965
-7.01052
-4.12375
-7.50711
-9.39104
-9.15166
-8.49934
0

0
-7.56874
-8.23374
-8.22947
-8.35949
-8.59776
-8.29456
-8.05883
-7.92185
-7.88831
-7.87338
-7.84523
-7.77611
-7.59208
-7.5198
-6.75132
-3.832
-7.22314
-8.91248
-8.61634
-7.97561
0

0
0
0
0
0
0
0
0
0
0
0
0
0
0
0
0
0
0
0
0
0
0


0
0
0
0
0
0
0
0
0
0
0
0
0
0
0
0
0
0
0
0
0
0

0
-9.59183
-10.1529
-10.452
-10.6109
-10.6335
-10.7341
-10.6256
-10.5656
-10.5418
-10.4236
-10.373
-10.4292
-10.5505
-10.7658
-10.9127
-11.2494
-11.8908
-12.1839
-11.2899
-10.4615
0

0
-7.99437
-8.37659
-8.66211
-8.8037
-8.75539
-8.88317
-8.81508
-8.77315
-8.75742
-8.66726
-8.63588
-8.6972
-8.81159
-8.9833
-9.09462
-9.37203
-9.85896
-10.0197
-9.27672
-8.65572
0

0
-8.13691
-8.50516
-8.83023
-8.97531
-8.96973
-9.12787
-9.02144
-8.98156
-8.96232
-8.85347
-8.81431
-8.8746
-9.01786
-9.22201
-9.36056
-9.62068
-10.0812
-10.2306
-9.4814
-8.84474
0

0
-8.16726
-8.51846
-8.84886
-9.00204
-8.98882
-9.17773
-9.05914
-9.0225
-9.00294
-8.8798
-8.83507
-8.88649
-9.04177
-9.25516
-9.39688
-9.63384
-9.97429
-10.1495
-9.47215
-8.86935
0

0
-8.21153
-8.58557
-8.88801
-9.05402
-8.99469
-9.17344
-9.08786
-9.05812
-9.04396
-8.90634
-8.85822
-8.90673
-9.05553
-9.2684
-9.406
-9.65617
-9.88389
-10.0978
-9.47576
-8.89724
0

0
-8.27044
-8.70375
-8.94977
-9.11454
-9.14205
-9.20236
-9.11332
-9.08701
-9.08094
-8.9316
-8.88503
-8.94478
-9.06855
-9.26802
-9.3969
-9.62217
-9.82064
-10.0805
-9.49076
-8.92733
0

0
-8.34374
-8.87273
-9.03514
-9.18532
-9.3987
-9.25589
-9.13754
-9.10761
-9.10291
-8.95639
-8.91756
-9.00139
-9.08367
-9.26379
-9.39774
-9.54782
-9.79141
-10.0936
-9.51768
-8.9612
0

0
-8.42589
-9.06283
-9.13675
-9.2629
-9.51912
-9.29316
-9.15659
-9.10908
-9.10059
-8.97895
-8.95208
-9.05469
-9.08135
-9.26123
-9.42829
-9.64944
-9.84511
-10.1313
-9.55668
-8.99944
0

0
-8.50801
-9.22627
-9.23782
-9.33669
-9.5196
-9.32264
-9.1718
-9.0869
-9.0818
-8.99739
-8.9803
-9.06771
-9.02411
-9.25588
-9.42869
-9.63839
-9.94289
-10.1899
-9.60846
-9.04147
0

0
-8.58025
-9.33059
-9.31898
-9.40029
-9.52074
-9.35521
-9.18315
-9.04504
-9.05768
-9.00876
-8.99356
-9.02891
-8.88706
-9.22367
-9.23776
-9.01529
-9.87534
-10.2501
-9.66945
-9.08273
0

0
-8.62807
-9.36802
-9.35939
-9.44126
-9.5266
-9.37194
-9.17853
-8.98788
-9.02393
-9.00115
-8.97971
-8.94708
-8.67842
-9.11434
-8.72042
-7.62148
-9.43745
-10.2677
-9.71972
-9.1066
0

0
-8.61907
-9.32552
-9.3274
-9.42335
-9.49009
-9.33352
-9.1263
-8.91308
-8.95242
-8.94232
-8.91095
-8.82075
-8.44582
-8.87089
-7.99284
-5.97263
-8.68709
-10.1713
-9.70866
-9.07306
0

0
-8.49427
-9.16189
-9.17089
-9.28424
-9.37867
-9.18942
-8.97228
-8.77987
-8.78989
-8.77861
-8.73969
-8.62588
-8.24887
-8.48946
-7.39692
-4.91095
-7.99674
-9.91127
-9.56087
-8.91942
0

0
-8.18977
-8.83145
-8.83889
-8.96308
-9.12543
-8.88275
-8.65767
-8.50294
-8.47761
-8.45969
-8.42051
-8.32111
-8.05137
-8.05054
-7.08726
-4.52669
-7.61183
-9.50945
-9.22364
-8.59195
0

0
-7.68453
-8.32991
-8.32573
-8.44349
-8.63148
-8.37554
-8.15813
-8.02013
-7.99243
-7.97674
-7.94574
-7.86735
-7.65611
-7.63514
-6.80354
-4.22567
-7.29428
-9.03622
-8.72202
-8.08832
0

0
0
0
0
0
0
0
0
0
0
0
0
0
0
0
0
0
0
0
0
0
0


0
0
0
0
0
0
0
0
0
0
0
0
0
0
0
0
0
0
0
0
0
0

0
-9.66111
-10.2157
-10.4849
-10.6379
-10.6395
-10.7465
-10.6529
-10.6
-10.5746
-10.454
-10.3999
-10.447
-10.5645
-10.7829
-10.9368
-11.2325
-11.8839
-12.1624
-11.3121
-10.5042
0

0
-8.04578
-8.43426
-8.66408
-8.7873
-8.78431
-8.87977
-8.80053
-8.76017
-8.74377
-8.65589
-8.62259
-8.67065
-8.76757
-8.92777
-9.0282
-9.24709
-9.72086
-9.91181
-9.24613
-8.65901
0

0
-8.23859
-8.63929
-8.89926
-9.03631
-9.01304
-9.14224
-9.06363
-9.02719
-9.00812
-8.90325
-8.86288
-8.91274
-9.03326
-9.22416
-9.34989
-9.56702
-10.0539
-10.2359
-9.53358
-8.91113
0

0
-8.27509
-8.6629
-8.9292
-9.06857
-9.06655
-9.20755
-9.1086
-9.07281
-9.05313
-8.93731
-8.89291
-8.93875
-9.06715
-9.26533
-9.39175
-9.57985
-9.98961
-10.1907
-9.54047
-8.94477
0

0
-8.31546
-8.71744
-8.96536
-9.10938
-9.11205
-9.23736
-9.13918
-9.10492
-9.08743
-8.96212
-8.91519
-8.95806
-9.08122
-9.27761
-9.3951
-9.55786
-9.89676
-10.1462
-9.54448
-8.97125
0

0
-8.36692
-8.81098
-9.01871
-9.1649
-9.18786
-9.25017
-9.16203
-9.12952
-9.11628
-8.98504
-8.93883
-8.98575
-9.08883
-9.27494
-9.37856
-9.51387
-9.81789
-10.1292
-9.55921
-8.99938
0

0
-8.43108
-8.94172
-9.09172
-9.23055
-9.33542
-9.28586
-9.18474
-9.1479
-9.13728
-9.00855
-8.9672
-9.02513
-9.09463
-9.26593
-9.35751
-9.44595
-9.76595
-10.1426
-9.58769
-9.03228
0

0
-8.50496
-9.09401
-9.17989
-9.30328
-9.49135
-9.33357
-9.20753
-9.15605
-9.14513
-9.03205
-8.9986
-9.06553
-9.08956
-9.25367
-9.34211
-9.44844
-9.75637
-10.1807
-9.62956
-9.07054
0

0
-8.58268
-9.23934
-9.27271
-9.37743
-9.57069
-9.37639
-9.22906
-9.15046
-9.14087
-9.05409
-9.02794
-9.08631
-9.05369
-9.2343
-9.30805
-9.46128
-9.79204
-10.2355
-9.68366
-9.11373
0

0
-8.65551
-9.34946
-9.35444
-9.44453
-9.59463
-9.41305
-9.2471
-9.13104
-9.12894
-9.07067
-9.04708
-9.07215
-8.96853
-9.19192
-9.16862
-9.10562
-9.78134
-10.2887
-9.74291
-9.15681
0

0
-8.70719
-9.40315
-9.40204
-9.48836
-9.59977
-9.4325
-9.24875
-9.09435
-9.10321
-9.06809
-9.04108
-9.01738
-8.8299
-9.09472
-8.81814
-8.04183
-9.54719
-10.3005
-9.78452
-9.18204
0

0
-8.70295
-9.37427
-9.37813
-9.47177
-9.56471
-9.39777
-9.20029
-9.02302
-9.03491
-9.01348
-8.97964
-8.90986
-8.64922
-8.90112
-8.25468
-6.48855
-9.00128
-10.215
-9.76225
-9.14939
0

0
-8.58534
-9.22211
-9.23092
-9.33642
-9.43925
-9.25454
-9.04884
-8.87601
-8.87418
-8.85634
-8.81684
-8.72151
-8.43973
-8.58885
-7.66513
-5.25908
-8.32267
-9.98774
-9.61644
-9.00095
0

0
-8.29618
-8.90961
-8.9167
-9.02996
-9.16858
-8.95376
-8.74464
-8.59443
-8.57184
-8.5521
-8.51206
-8.41807
-8.17779
-8.18831
-7.24595
-4.76899
-7.79835
-9.62183
-9.30522
-8.69008
0

0
-7.81381
-8.43267
-8.4293
-8.53794
-8.69413
-8.47102
-8.2692
-8.13458
-8.10842
-8.09057
-8.05714
-7.97846
-7.77587
-7.76543
-6.90423
-4.49211
-7.40515
-9.16584
-8.83213
-8.21154
0

0
0
0
0
0
0
0
0
0
0
0
0
0
0
0
0
0
0
0
0
0
0


0
0
0
0
0
0
0
0
0
0
0
0
0
0
0
0
0
0
0
0
0
0

0
-9.70853
-10.2589
-10.5228
-10.6732
-10.671
-10.7839
-10.6914
-10.6403
-10.6144
-10.4922
-10.4366
-10.482
-10.6005
-10.8235
-10.9835
-11.2745
-11.9419
-12.2071
-11.3539
-10.5467
0

0
-8.05726
-8.43371
-8.64395
-8.76055
-8.75753
-8.84694
-8.7728
-8.73545
-8.71919
-8.63236
-8.59825
-8.64121
-8.7329
-8.89077
-8.98997
-9.18737
-9.65689
-9.84548
-9.20853
-8.6418
0

0
-8.28076
-8.6814
-8.91905
-9.04845
-9.03347
-9.15311
-9.07397
-9.03825
-9.01945
-8.91627
-8.87539
-8.92065
-9.03336
-9.22057
-9.34256
-9.54122
-10.0364
-10.225
-9.54147
-8.93089
0

0
-8.32535
-8.71818
-8.96063
-9.09433
-9.0885
-9.2156
-9.12665
-9.09224
-9.07297
-8.95998
-8.91559
-8.95807
-9.07689
-9.27086
-9.39263
-9.56313
-9.99551
-10.2026
-9.56362
-8.97496
0

0
-8.36607
-8.77217
-8.99858
-9.13483
-9.14435
-9.25409
-9.15923
-9.12484
-9.10715
-8.98619
-8.93973
-8.97993
-9.09301
-9.28501
-9.39622
-9.53211
-9.90951
-10.1656
-9.57154
-9.00325
0

0
-8.41461
-8.85807
-9.04929
-9.18672
-9.21852
-9.27281
-9.18236
-9.14795
-9.13338
-9.0082
-8.96238
-9.0051
-9.09928
-9.28164
-9.37636
-9.46916
-9.82662
-10.1496
-9.58654
-9.03066
0

0
-8.47461
-8.9763
-9.11775
-9.24981
-9.3405
-9.30313
-9.20454
-9.16536
-9.15307
-9.03097
-8.98913
-9.03913
-9.10208
-9.27089
-9.34833
-9.38619
-9.76492
-10.1631
-9.61561
-9.06295
0

0
-8.54447
-9.11483
-9.20102
-9.32084
-9.4799
-9.34872
-9.22834
-9.17538
-9.16349
-9.05492
-9.01948
-9.07469
-9.09544
-9.25558
-9.31854
-9.34345
-9.73513
-10.2021
-9.65932
-9.10153
0

0
-8.62005
-9.2519
-9.29109
-9.39568
-9.57663
-9.39657
-9.25347
-9.17621
-9.16546
-9.07936
-9.0499
-9.09676
-9.06511
-9.23248
-9.26882
-9.32953
-9.74078
-10.2579
-9.71646
-9.14645
0

0
-8.69389
-9.36303
-9.37421
-9.46649
-9.62179
-9.43954
-9.27692
-9.16701
-9.16119
-9.10028
-9.07309
-9.09184
-8.99666
-9.18859
-9.13612
-9.07375
-9.72414
-10.311
-9.7786
-9.19277
0

0
-8.74911
-9.4237
-9.42641
-9.51481
-9.63569
-9.46393
-9.2842
-9.14092
-9.14219
-9.10263
-9.07283
-9.04986
-8.88316
-9.09767
-8.83748
-8.21525
-9.54822
-10.3217
-9.82026
-9.22139
0

0
-8.74851
-9.40115
-9.40657
-9.50023
-9.60179
-9.4316
-9.23893
-9.0745
-9.07746
-9.0515
-9.01622
-8.95269
-8.72454
-8.92295
-8.35454
-6.8219
-9.10495
-10.2372
-9.79426
-9.19031
0

0
-8.63391
-9.25282
-9.26191
-9.36466
-9.47063
-9.28774
-9.08811
-8.92462
-8.91776
-8.89696
-8.85716
-8.76933
-8.5188
-8.63822
-7.80771
-5.56264
-8.4847
-10.0192
-9.64657
-9.04287
0

0
-8.35172
-8.94735
-8.95429
-9.06261
-9.19368
-8.98919
-8.78829
-8.64229
-8.62014
-8.59932
-8.55925
-8.46951
-8.24431
-8.25875
-7.36016
-4.94206
-7.92679
-9.66922
-9.34329
-8.73872
0

0
-7.88471
-8.48519
-8.48233
-8.58682
-8.73419
-8.52228
-8.32823
-8.19784
-8.17106
-8.15174
-8.11744
-8.04124
-7.85186
-7.83482
-6.9882
-4.62934
-7.49363
-9.22344
-8.88528
-8.27617
0

0
0
0
0
0
0
0
0
0
0
0
0
0
0
0
0
0
0
0
0
0
0


0
0
0
0
0
0
0
0
0
0
0
0
0
0
0
0
0
0
0
0
0
0

0
-9.37558
-9.8456
-10.094
-10.2351
-10.2316
-10.3395
-10.2527
-10.2046
-10.1805
-10.0637
-10.0099
-10.0524
-10.1652
-10.3807
-10.5357
-10.806
-11.4592
-11.7128
-10.8941
-10.1233
0

0
-7.97315
-8.29156
-8.49757
-8.61099
-8.60651
-8.69512
-8.62334
-8.58691
-8.57117
-8.48576
-8.45159
-8.4933
-8.58316
-8.74002
-8.83997
-9.0344
-9.5041
-9.68758
-9.05837
-8.50125
0

0
-8.17081
-8.50693
-8.73914
-8.86425
-8.84745
-8.96515
-8.88944
-8.85499
-8.83688
-8.73635
-8.69585
-8.73945
-8.84931
-9.03369
-9.15576
-9.35104
-9.84072
-10.0209
-9.35191
-8.75625
0

0
-8.21477
-8.54243
-8.78038
-8.90941
-8.90201
-9.02902
-8.94244
-8.9091
-8.89047
-8.7804
-8.73642
-8.7771
-8.89367
-9.08553
-9.20848
-9.37769
-9.80645
-10.0027
-9.37572
-8.8001
0

0
-8.25335
-8.59171
-8.81555
-8.94746
-8.95213
-9.06557
-8.97389
-8.94065
-8.92356
-8.80555
-8.75936
-8.79739
-8.90948
-9.1004
-9.21425
-9.35401
-9.72462
-9.96512
-9.38248
-8.82665
0

0
-8.29912
-8.67101
-8.86226
-8.99597
-9.01918
-9.08214
-8.99582
-8.96298
-8.94912
-8.82631
-8.78041
-8.8205
-8.91565
-9.09801
-9.19663
-9.2987
-9.6442
-9.94616
-9.3952
-8.85194
0

0
-8.35572
-8.78183
-8.92559
-9.05488
-9.13584
-9.10983
-9.01647
-8.97994
-8.96847
-8.84743
-8.80507
-8.85266
-8.91915
-9.08807
-9.17021
-9.21511
-9.58099
-9.95464
-9.42056
-8.88142
0

0
-8.42179
-8.91393
-9.00333
-9.12141
-9.27276
-9.15206
-9.03827
-8.98984
-8.97852
-8.86942
-8.83323
-8.88789
-8.91537
-9.0739
-9.14383
-9.17146
-9.54641
-9.98734
-9.45934
-8.91647
0

0
-8.49363
-9.04708
-9.08859
-9.19188
-9.3683
-9.19658
-9.06119
-8.99073
-8.97985
-8.89189
-8.86199
-8.91181
-8.89098
-9.05382
-9.10717
-9.18316
-9.5521
-10.0383
-9.51124
-8.95758
0

0
-8.56526
-9.15859
-9.17
-9.26038
-9.41415
-9.23826
-9.08402
-8.9826
-8.97599
-8.91261
-8.88583
-8.91152
-8.83151
-9.01827
-9.00782
-9.01733
-9.55733
-10.0935
-9.57123
-9.00197
0

0
-8.62428
-9.22815
-9.22888
-9.31398
-9.43415
-9.26851
-9.09728
-8.96204
-8.96309
-8.92141
-8.89301
-8.87969
-8.72965
-8.94615
-8.76286
-8.29643
-9.43769
-10.121
-9.62088
-9.0363
0

0
-8.64161
-9.22978
-9.23199
-9.32107
-9.41893
-9.25718
-9.07254
-8.91279
-8.91778
-8.89083
-8.8575
-8.8034
-8.58632
-8.80415
-8.33078
-6.97442
-9.06181
-10.072
-9.62069
-9.02698
0

0
-8.56555
-9.1243
-9.13054
-9.22857
-9.32558
-9.1542
-8.96159
-8.79851
-8.79574
-8.77514
-8.73703
-8.65529
-8.40461
-8.56056
-7.80155
-5.65323
-8.47013
-9.90112
-9.5177
-8.92142
0

0
-8.33944
-8.87457
-8.88028
-8.98547
-9.10691
-8.91264
-8.7167
-8.56956
-8.55054
-8.5301
-8.49064
-8.40296
-8.17193
-8.21663
-7.35133
-4.95006
-7.90394
-9.59755
-9.27016
-8.67302
0

0
-7.9331
-8.4686
-8.46642
-8.57063
-8.71653
-8.50692
-8.31446
-8.18516
-8.15727
-8.13702
-8.10161
-8.02505
-7.83652
-7.81699
-7.00249
-4.64621
-7.48534
-9.19003
-8.86663
-8.26685
0

0
0
0
0
0
0
0
0
0
0
0
0
0
0
0
0
0
0
0
0
0
0


0
0
0
0
0
0
0
0
0
0
0
0
0
0
0
0
0
0
0
0
0
0

0
0
0
0
0
0
0
0
0
0
0
0
0
0
0
0
0
0
0
0
0
0

0
0
0
0
0
0
0
0
0
0
0
0
0
0
0
0
0
0
0
0
0
0

0
0
0
0
0
0
0
0
0
0
0
0
0
0
0
0
0
0
0
0
0
0

0
0
0
0
0
0
0
0
0
0
0
0
0
0
0
0
0
0
0
0
0
0

0
0
0
0
0
0
0
0
0
0
0
0
0
0
0
0
0
0
0
0
0
0

0
0
0
0
0
0
0
0
0
0
0
0
0
0
0
0
0
0
0
0
0
0

0
0
0
0
0
0
0
0
0
0
0
0
0
0
0
0
0
0
0
0
0
0

0
0
0
0
0
0
0
0
0
0
0
0
0
0
0
0
0
0
0
0
0
0

0
0
0
0
0
0
0
0
0
0
0
0
0
0
0
0
0
0
0
0
0
0

0
0
0
0
0
0
0
0
0
0
0
0
0
0
0
0
0
0
0
0
0
0

0
0
0
0
0
0
0
0
0
0
0
0
0
0
0
0
0
0
0
0
0
0

0
0
0
0
0
0
0
0
0
0
0
0
0
0
0
0
0
0
0
0
0
0

0
0
0
0
0
0
0
0
0
0
0
0
0
0
0
0
0
0
0
0
0
0

0
0
0
0
0
0
0
0
0
0
0
0
0
0
0
0
0
0
0
0
0
0

0
0
0
0
0
0
0
0
0
0
0
0
0
0
0
0
0
0
0
0
0
0

0
0
0
0
0
0
0
0
0
0
0
0
0
0
0
0
0
0
0
0
0
0


