0
0
0
0
0
0
0
0
0
0
0
0
0
0
0
0
0
0
0
0
0
0

0
0
0
0
0
0
0
0
0
0
0
0
0
0
0
0
0
0
0
0
0
0

0
0
0
0
0
0
0
0
0
0
0
0
0
0
0
0
0
0
0
0
0
0

0
0
0
0
0
0
0
0
0
0
0
0
0
0
0
0
0
0
0
0
0
0

0
0
0
0
0
0
0
0
0
0
0
0
0
0
0
0
0
0
0
0
0
0

0
0
0
0
0
0
0
0
0
0
0
0
0
0
0
0
0
0
0
0
0
0

0
0
0
0
0
0
0
0
0
0
0
0
0
0
0
0
0
0
0
0
0
0

0
0
0
0
0
0
0
0
0
0
0
0
0
0
0
0
0
0
0
0
0
0

0
0
0
0
0
0
0
0
0
0
0
0
0
0
0
0
0
0
0
0
0
0

0
0
0
0
0
0
0
0
0
0
0
0
0
0
0
0
0
0
0
0
0
0

0
0
0
0
0
0
0
0
0
0
0
0
0
0
0
0
0
0
0
0
0
0

0
0
0
0
0
0
0
0
0
0
0
0
0
0
0
0
0
0
0
0
0
0

0
0
0
0
0
0
0
0
0
0
0
0
0
0
0
0
0
0
0
0
0
0

0
0
0
0
0
0
0
0
0
0
0
0
0
0
0
0
0
0
0
0
0
0

0
0
0
0
0
0
0
0
0
0
0
0
0
0
0
0
0
0
0
0
0
0

0
0
0
0
0
0
0
0
0
0
0
0
0
0
0
0
0
0
0
0
0
0

0
0
0
0
0
0
0
0
0
0
0
0
0
0
0
0
0
0
0
0
0
0


0
0
0
0
0
0
0
0
0
0
0
0
0
0
0
0
0
0
0
0
0
0

0
-0.286644
-0.203753
-0.296442
-0.263006
-0.285377
-0.255296
-0.295921
-0.242284
-1.91933
-0.341986
-0.321451
-0.464916
-0.356265
-0.22983
-0.212689
1.18084
0.170684
-0.133091
-0.197573
-0.274584
0

0
-0.123687
0.0486707
-0.129075
-0.105692
-0.0859058
0.104671
-0.151214
-0.0941973
0.882072
-0.143133
-0.150823
-0.927253
-0.157417
-0.0958105
-0.0446005
6.75481
0.25625
0.0157265
-0.0332685
-0.108773
0

0
-0.124543
-0.0582184
-0.145804
-0.104922
-0.0956864
-0.332547
-0.125897
0.0801302
-0.0875836
-0.144931
-0.15603
0.676571
-0.113343
-0.10333
0.0293205
-5.45926
0.171562
0.00326885
-0.0345336
-0.110686
0

0
-0.125362
-0.10509
-0.307914
-0.114231
-0.048039
-0.142069
-0.127193
-0.286033
-0.10429
-0.143319
-0.152872
0.152307
-0.111572
-0.105428
-0.183217
-0.364446
0.0815867
-0.0223792
-0.0339148
-0.112007
0

0
-0.125863
-0.117882
0.0640645
-0.113987
-0.0446338
-0.125519
-0.12344
-0.109563
-0.111519
-0.146283
-0.160504
-0.391287
-0.118511
-0.11972
-0.470003
-0.2295
0.113523
-0.708508
-0.03733
-0.113833
0

0
-0.126298
-0.122206
-0.100662
-0.110827
-0.0071701
-0.120118
-0.123003
-0.071891
-0.120449
-0.144535
-0.158449
-0.0616654
-0.0209169
-0.090144
0.038078
-0.168707
0.147216
0.958046
-0.032902
-0.117998
0

0
-0.126727
-0.124597
-0.111832
-0.115595
0.0132739
-0.116998
-0.125708
0.478689
-0.121935
-0.145515
-0.160107
-0.1678
-0.142439
-0.0700627
-0.222479
-0.114853
0.234196
0.193807
-0.0467395
-0.11978
0

0
-0.127218
-0.126143
-0.117678
-0.119782
-0.0198915
-0.0975449
-0.124024
-0.746512
-0.140675
-0.147213
-0.162526
-0.173123
-0.154931
0.0973827
-0.147557
-0.0889545
0.371897
0.255997
-0.431524
-0.122512
0

0
-0.127802
-0.1275
-0.121165
-0.0847774
0.357887
0.0124808
-0.125622
-0.210473
-0.142914
-0.148893
-0.165659
-0.178942
-0.154182
-0.0583631
0.07175
-0.0927359
0.415585
0.276122
0.439159
-0.131533
0

0
-0.128487
-0.128982
-0.124353
-0.0534172
-0.661236
-0.151922
-0.122755
-0.182013
-0.144754
-0.150196
-0.1695
-0.185118
-0.107822
-0.0195006
0.217418
-0.0198866
0.698309
0.374447
0.0401223
-0.132868
0

0
-0.129267
-0.131123
-0.126247
-0.113597
0.134506
-0.117687
-0.132059
-0.178163
-0.146441
-0.146777
-0.178193
-0.192667
-0.134853
0.0629441
0.570996
0.0557458
3.04237
0.522768
0.0103826
-0.133132
0

0
-0.129962
-0.142528
-0.123446
-0.125296
-0.0578847
-0.112031
-0.133899
-0.316912
-0.148782
-0.153535
-0.177077
-0.200282
-0.156388
0.24455
4.6408
0.365508
0.19953
0.437933
-0.0173048
-0.132456
0

0
-0.131089
-0.133846
-0.137093
-0.126785
-0.0897845
-0.118664
-0.136134
0.0128381
-0.145947
-0.149945
-0.186128
-0.209315
-0.201096
3.00267
-5.35615
-0.130654
1.47634
0.570981
-0.0470741
-0.130994
0

0
-0.131197
-0.13572
-0.131421
-0.126101
-0.086003
-0.118973
-0.135353
-0.128485
-0.146895
-0.157633
-0.183039
-0.218448
-0.246414
-3.34986
-0.692163
3.24473
5.21461
0.802831
0.0515449
-0.129015
0

0
-0.0427592
-0.0409581
-0.0418373
-0.0240658
0.155788
0.00300488
-0.0367446
-0.0564236
-0.0595805
-0.0847673
-0.125664
-0.220101
-0.410303
-0.150271
-0.115362
-3.58567
7.38481
1.89984
-0.442377
0.0158236
0

0
0
0
0
0
0
0
0
0
0
0
0
0
0
0
0
0
0
0
0
0
0


0
0
0
0
0
0
0
0
0
0
0
0
0
0
0
0
0
0
0
0
0
0

0
-0.30987
-0.315186
-0.308109
-0.328589
-0.314473
-0.310091
-0.305703
-0.369187
0.483931
-0.3002
-0.307337
-0.213118
-0.301678
-0.312533
-0.340864
-1.40019
-0.812302
-0.3083
-0.306143
-0.310593
0

0
-0.144368
-0.736022
-0.143602
-0.145097
-0.186341
-0.140451
-0.0573733
-0.147161
-0.151313
-0.149243
-0.141899
-0.0800453
-0.155817
-0.142923
-0.184507
1.16771
-0.281133
-0.146503
-0.141933
-0.144776
0

0
-0.147214
-0.152075
-0.143839
-0.143059
-0.139565
-0.140605
-0.132236
-0.143232
-0.139991
-0.143141
-0.143548
-0.252773
-0.142554
-0.143017
-0.177152
-0.341421
-0.172395
-0.144066
-0.14347
-0.146558
0

0
-0.147222
-0.144642
-0.139973
-0.14519
-0.175433
-0.152412
-0.144752
-0.137194
-0.141026
-0.142435
-0.144221
-0.0828979
-0.236126
-0.142494
-0.210665
-0.501403
-0.166157
-0.154318
-0.143842
-0.147529
0

0
-0.147142
-0.142126
-0.150787
-0.148018
-0.156114
-0.148442
-0.143581
-0.146424
-0.142532
-0.142214
-0.145358
-0.175903
-0.119553
-0.160252
1.02725
-0.136189
-0.156702
-0.115043
-0.144183
-0.14898
0

0
-0.14711
-0.142334
-0.141068
-0.145987
-0.179649
-0.150882
-0.143372
-0.15205
-0.142647
-0.142475
-0.142889
-0.156793
-0.129824
-0.150486
0.171194
-0.160442
-0.153215
-0.163717
-0.152935
-0.151123
0

0
-0.147093
-0.142389
-0.14175
-0.147125
-0.315643
-0.158555
-0.143526
-0.135823
-0.142723
-0.142396
-0.142833
-0.144123
-0.139306
-0.14568
-0.269662
-0.164754
-0.154271
-0.155385
-0.150411
-0.153057
0

0
-0.147083
-0.142388
-0.142219
-0.151664
-0.343612
-0.169992
-0.143696
-0.133424
-0.141579
-0.142301
-0.142666
-0.144755
-0.144445
-0.144662
-0.188457
-0.16982
-0.167709
-0.136966
-0.143532
-0.155626
0

0
-0.147077
-0.142325
-0.142291
-0.168038
1.20543
-0.128743
-0.143223
-0.152194
-0.142835
-0.142344
-0.142565
-0.144198
-0.145808
-0.141191
-0.229037
-0.198916
-0.415581
-0.187813
-0.169834
-0.1608
0

0
-0.147077
-0.142131
-0.142667
-0.156449
-0.625855
-0.206961
-0.140713
-0.143952
-0.142526
-0.14232
-0.142506
-0.143776
-0.135621
-0.17239
-0.379869
-0.159299
-2.1216
-0.139768
-0.162642
-0.162219
0

0
-0.147083
-0.141773
-0.142839
-0.143007
-0.080037
-0.167305
-0.143088
-0.142119
-0.142363
-0.142331
-0.142452
-0.141522
-0.521567
-0.231478
-0.410469
-0.157304
-0.0796846
-0.175343
-0.17926
-0.163162
0

0
-0.14699
-0.145399
-0.140304
-0.145294
-0.125775
-0.146036
-0.14284
-0.143664
-0.142645
-0.142443
-0.142338
-0.142885
-0.153288
-0.345623
1.72905
-0.0534629
-0.573189
-0.184953
-0.194038
-0.163214
0

0
-0.147119
-0.110813
-0.148963
-0.144443
-0.143946
-0.144515
-0.142793
-0.148953
-0.142985
-0.142437
-0.142333
-0.143075
-0.151714
0.351102
-0.90003
-0.25826
-0.512066
-0.198679
-0.210745
-0.162712
0

0
-0.146629
-0.132174
-0.145164
-0.142859
-0.143617
-0.142758
-0.141876
-0.138431
-0.141538
-0.141778
-0.14199
-0.14304
-0.158137
-0.323335
-0.380355
-0.313521
-0.575044
-0.288861
-0.221228
-0.161045
0

0
-0.0562152
-0.0505826
-0.0438631
-0.0355647
0.0166685
-0.0231053
-0.0406175
-0.0440413
-0.0514787
-0.0630903
-0.0798664
-0.127445
-0.237039
-0.347842
-0.240303
-0.447781
2.07338
-0.168673
-0.111873
-0.0556404
0

0
0
0
0
0
0
0
0
0
0
0
0
0
0
0
0
0
0
0
0
0
0


0
0
0
0
0
0
0
0
0
0
0
0
0
0
0
0
0
0
0
0
0
0

0
-0.309731
-0.310508
-0.307293
-0.306466
-0.314853
-0.310655
-0.307461
-0.30628
-0.312164
-0.306841
-0.308147
-0.359454
-0.308697
-0.311251
-0.320779
-0.730614
-0.309281
-0.30236
-0.305461
-0.307659
0

0
-0.146339
-0.146937
-0.141139
-0.144395
-0.115835
-0.138809
-0.14722
-0.143639
-0.143719
-0.141925
-0.141902
-0.161258
-0.147263
-0.142573
-0.146586
-0.444716
-0.169978
-0.141114
-0.140859
-0.141776
0

0
-0.147171
-0.147965
-0.142475
-0.144282
-0.143364
-0.142463
-0.140085
-0.143802
-0.142265
-0.14276
-0.142625
-0.171243
-0.146616
-0.14321
-0.144081
-0.671197
-0.136835
-0.140933
-0.142555
-0.143548
0

0
-0.147156
-0.143658
-0.142409
-0.143958
-0.169467
-0.146835
-0.142259
-0.14073
-0.141755
-0.142497
-0.142517
-0.153153
-0.141302
-0.142765
-0.172045
-0.293379
-0.145269
-0.139735
-0.142754
-0.144451
0

0
-0.147115
-0.142702
-0.145967
-0.145051
-0.168635
-0.14683
-0.142836
-0.143339
-0.14216
-0.142379
-0.14292
-0.198463
-0.153481
-0.144623
-0.446802
-0.169821
-0.147722
-0.130818
-0.143297
-0.145736
0

0
-0.147086
-0.14246
-0.143036
-0.144667
-0.182241
-0.147591
-0.142895
-0.144765
-0.142318
-0.142393
-0.14257
-0.153002
-0.144322
-0.145423
-0.114352
-0.155929
-0.148479
-0.160808
-0.14646
-0.147409
0

0
-0.147068
-0.142383
-0.142313
-0.144478
-0.22101
-0.149298
-0.142797
-0.145369
-0.142286
-0.142372
-0.142643
-0.145138
-0.141149
-0.14492
-0.14118
-0.157509
-0.153589
-0.146989
-0.146552
-0.149278
0

0
-0.147058
-0.142343
-0.14223
-0.144843
-0.250209
-0.150413
-0.142709
-0.138891
-0.141813
-0.142335
-0.142605
-0.144046
-0.142446
-0.14474
-0.165441
-0.162921
-0.169599
-0.142601
-0.146456
-0.151494
0

0
-0.147052
-0.142298
-0.142234
-0.147939
-0.133495
-0.145426
-0.142447
-0.14376
-0.142303
-0.142347
-0.142561
-0.143547
-0.143012
-0.147058
-0.186034
-0.174157
-0.265999
-0.147962
-0.157012
-0.154165
0

0
-0.147052
-0.142244
-0.14231
-0.150959
-0.90896
-0.171255
-0.142028
-0.143249
-0.142394
-0.142351
-0.142525
-0.14326
-0.141198
-0.157281
-0.222619
-0.184023
-0.396073
-0.112163
-0.157111
-0.155875
0

0
-0.147054
-0.142277
-0.142312
-0.143006
-0.177287
-0.154363
-0.142599
-0.14264
-0.142392
-0.142363
-0.142489
-0.143018
-0.14882
-0.171557
-0.22851
-0.170926
-0.29435
-0.148491
-0.164943
-0.15688
0

0
-0.147048
-0.143182
-0.141933
-0.143507
-0.147023
-0.145448
-0.142618
-0.14339
-0.14246
-0.142405
-0.142453
-0.142915
-0.146798
-0.183157
0.0154069
-0.0933859
-0.337015
-0.155068
-0.174748
-0.157214
0

0
-0.147028
-0.146136
-0.141958
-0.143283
-0.145447
-0.143858
-0.142616
-0.144964
-0.142624
-0.142413
-0.142459
-0.142982
-0.145369
-0.143739
-1.07082
-0.187494
-0.442002
-0.176739
-0.186559
-0.156973
0

0
-0.14645
-0.139316
-0.142708
-0.142185
-0.143635
-0.142391
-0.141776
-0.141304
-0.141767
-0.141843
-0.142017
-0.142853
-0.148454
-0.363136
-0.366382
-0.402977
-0.849512
-0.257424
-0.199998
-0.155635
0

0
-0.0552368
-0.0465372
-0.0421502
-0.0335441
0.00893019
-0.0235013
-0.0395464
-0.0396792
-0.0502954
-0.0605881
-0.0770082
-0.118582
-0.209877
-0.345238
-0.344709
-1.95101
-0.295841
-0.100216
-0.146216
-0.052487
0

0
0
0
0
0
0
0
0
0
0
0
0
0
0
0
0
0
0
0
0
0
0


0
0
0
0
0
0
0
0
0
0
0
0
0
0
0
0
0
0
0
0
0
0

0
-0.30969
-0.306992
-0.307048
-0.309918
0.0606935
-0.307158
-0.308518
-0.307368
-0.307983
-0.306933
-0.307305
-0.314921
-0.308476
-0.310457
-0.315333
-0.429617
-0.310418
-0.302699
-0.305798
-0.30489
0

0
-0.146201
-0.140659
-0.14137
-0.145553
-0.268123
-0.137679
-0.142039
-0.141973
-0.141986
-0.141743
-0.141916
-0.147933
-0.143691
-0.142421
-0.142919
-0.180121
-0.144247
-0.139733
-0.140728
-0.138934
0

0
-0.147136
-0.143404
-0.142469
-0.144857
-0.114737
-0.141693
-0.142073
-0.142848
-0.14252
-0.142567
-0.142529
-0.146985
-0.144097
-0.143254
-0.144008
-0.131434
-0.139316
-0.140586
-0.142546
-0.14065
0

0
-0.147128
-0.143122
-0.142637
-0.143944
-0.111521
-0.144138
-0.142314
-0.142153
-0.142204
-0.142471
-0.142386
-0.1425
-0.142977
-0.143208
-0.150042
-0.165621
-0.141853
-0.139348
-0.142762
-0.141419
0

0
-0.147105
-0.142764
-0.143486
-0.143965
-0.13621
-0.144811
-0.142575
-0.142691
-0.142221
-0.1424
-0.142399
-0.149906
-0.145117
-0.143675
-0.160501
-0.157149
-0.144748
-0.138328
-0.14336
-0.142481
0

0
-0.147082
-0.142555
-0.142954
-0.143725
-0.155807
-0.14506
-0.14263
-0.142972
-0.142253
-0.142378
-0.142447
-0.146302
-0.143887
-0.144023
-0.140141
-0.152213
-0.146934
-0.144708
-0.144632
-0.143809
0

0
-0.147065
-0.142446
-0.142528
-0.143349
-0.166243
-0.144959
-0.142536
-0.142345
-0.142203
-0.142361
-0.142515
-0.144171
-0.142429
-0.144171
-0.14113
-0.153215
-0.150594
-0.143477
-0.145513
-0.145343
0

0
-0.147055
-0.142387
-0.142335
-0.142953
-0.166689
-0.143957
-0.142373
-0.140824
-0.142084
-0.142346
-0.142527
-0.143458
-0.142338
-0.144526
-0.151404
-0.156846
-0.156515
-0.141786
-0.146921
-0.147048
0

0
-0.147049
-0.142353
-0.142253
-0.142906
-0.138946
-0.140913
-0.14217
-0.142192
-0.142224
-0.142348
-0.142514
-0.143163
-0.142482
-0.145849
-0.159287
-0.16276
-0.160261
-0.13899
-0.150759
-0.148806
0

0
-0.147047
-0.142349
-0.142227
-0.143898
-0.378297
-0.144188
-0.142009
-0.142578
-0.14232
-0.142354
-0.142494
-0.142977
-0.142308
-0.148842
-0.164123
-0.168102
-0.124394
-0.13299
-0.153449
-0.150206
0

0
-0.14705
-0.142428
-0.142212
-0.142655
-0.174334
-0.146661
-0.142353
-0.142587
-0.142368
-0.142365
-0.142474
-0.142864
-0.143532
-0.15073
-0.14931
-0.163527
-0.220008
-0.144839
-0.157805
-0.151141
0

0
-0.147052
-0.142703
-0.142129
-0.142824
-0.146785
-0.144638
-0.14249
-0.142792
-0.142418
-0.142382
-0.142458
-0.14283
-0.144091
-0.148365
-0.0777075
-0.127979
-0.285695
-0.156667
-0.163551
-0.151603
0

0
-0.147053
-0.142968
-0.142176
-0.142843
-0.144477
-0.143561
-0.14253
-0.143113
-0.142465
-0.142388
-0.142458
-0.142879
-0.144021
-0.136764
-0.372729
-0.143862
-0.42024
-0.180995
-0.17001
-0.151623
0

0
-0.146403
-0.141148
-0.14187
-0.141874
-0.143035
-0.142223
-0.14174
-0.141757
-0.141793
-0.141832
-0.141979
-0.142659
-0.145869
-0.185128
-0.262213
-0.349187
-0.635782
-0.225769
-0.17723
-0.150702
0

0
-0.0542387
-0.0433906
-0.0405854
-0.0320782
0.0035242
-0.0243848
-0.0386354
-0.0390645
-0.0491956
-0.058291
-0.0736826
-0.109778
-0.186558
-0.330947
-0.390118
-1.69974
-0.296133
-0.0268683
-0.105034
-0.0496576
0

0
0
0
0
0
0
0
0
0
0
0
0
0
0
0
0
0
0
0
0
0
0


0
0
0
0
0
0
0
0
0
0
0
0
0
0
0
0
0
0
0
0
0
0

0
-0.309669
-0.306726
-0.307803
-0.346193
-0.0389423
-0.235715
-0.310756
-0.30763
-0.307771
-0.306983
-0.306993
-0.306754
-0.3083
-0.309832
-0.313243
-0.348379
-0.308921
-0.303346
-0.306187
-0.302054
0

0
-0.146155
-0.141244
-0.141529
-0.171636
-0.334956
-0.0842545
-0.141297
-0.141561
-0.141606
-0.141661
-0.141867
-0.143548
-0.14263
-0.142315
-0.1427
-0.147834
-0.140591
-0.139322
-0.140644
-0.136018
0

0
-0.147101
-0.142694
-0.142523
-0.150128
-0.344721
-0.138878
-0.142515
-0.142607
-0.142493
-0.14249
-0.142499
-0.143612
-0.143391
-0.143195
-0.144011
-0.130312
-0.141056
-0.140781
-0.142528
-0.137653
0

0
-0.147101
-0.142766
-0.142639
-0.144319
-0.253767
-0.145246
-0.142469
-0.142429
-0.142339
-0.142444
-0.142401
-0.142132
-0.14313
-0.143181
-0.145771
-0.14186
-0.141598
-0.14025
-0.142734
-0.138262
0

0
-0.147089
-0.142667
-0.142858
-0.143485
-0.178144
-0.144083
-0.142495
-0.142497
-0.142286
-0.142401
-0.142366
-0.142181
-0.143336
-0.143305
-0.147081
-0.147519
-0.143414
-0.140388
-0.143181
-0.139088
0

0
-0.147074
-0.142555
-0.142731
-0.143179
-0.153364
-0.143693
-0.142488
-0.142485
-0.142264
-0.142376
-0.142404
-0.143286
-0.143073
-0.143423
-0.143807
-0.148505
-0.14525
-0.14194
-0.143908
-0.140104
0

0
-0.147061
-0.142472
-0.142527
-0.142827
-0.149389
-0.143258
-0.142406
-0.142168
-0.142228
-0.142361
-0.142452
-0.143244
-0.142576
-0.143531
-0.143215
-0.149881
-0.14743
-0.141997
-0.14475
-0.141268
0

0
-0.147051
-0.142418
-0.142375
-0.142402
-0.145953
-0.142393
-0.14228
-0.141745
-0.142193
-0.142351
-0.142474
-0.143051
-0.142389
-0.143745
-0.146049
-0.152257
-0.149625
-0.141384
-0.145987
-0.14252
0

0
-0.147045
-0.14239
-0.142282
-0.142021
-0.137334
-0.141067
-0.142158
-0.142064
-0.14224
-0.142351
-0.142475
-0.142898
-0.142396
-0.144203
-0.147995
-0.155432
-0.150106
-0.140486
-0.147983
-0.143757
0

0
-0.147043
-0.142389
-0.142237
-0.142023
-0.172719
-0.141232
-0.142105
-0.142326
-0.142299
-0.142355
-0.142467
-0.142793
-0.142463
-0.144717
-0.14674
-0.157929
-0.151843
-0.141253
-0.150126
-0.144812
0

0
-0.147044
-0.142429
-0.142224
-0.14229
-0.157894
-0.143368
-0.142267
-0.14245
-0.142345
-0.142362
-0.142457
-0.142736
-0.142866
-0.144657
-0.138234
-0.155379
-0.195081
-0.147314
-0.152895
-0.145586
0

0
-0.147047
-0.142507
-0.142221
-0.142516
-0.147977
-0.143525
-0.142398
-0.142569
-0.142383
-0.142371
-0.142449
-0.142733
-0.143219
-0.142982
-0.116438
-0.140836
-0.248027
-0.157218
-0.15618
-0.146049
0

0
-0.147049
-0.142505
-0.142273
-0.142609
-0.144618
-0.143192
-0.14246
-0.142652
-0.142405
-0.142375
-0.14245
-0.142786
-0.143536
-0.139996
-0.197125
-0.144572
-0.325549
-0.172668
-0.159748
-0.14622
0

0
-0.14639
-0.141532
-0.141674
-0.141734
-0.142653
-0.142074
-0.141714
-0.141801
-0.141782
-0.141815
-0.141946
-0.142493
-0.144654
-0.156969
-0.207041
-0.280159
-0.416163
-0.193623
-0.163536
-0.145597
0

0
-0.0532508
-0.041261
-0.0388807
-0.0310607
-0.00271027
-0.0255518
-0.0377491
-0.0393279
-0.0480512
-0.0561301
-0.0701568
-0.101143
-0.165078
-0.289345
-0.376712
-1.25143
-0.21859
-0.0139478
-0.0781244
-0.0454745
0

0
0
0
0
0
0
0
0
0
0
0
0
0
0
0
0
0
0
0
0
0
0


0
0
0
0
0
0
0
0
0
0
0
0
0
0
0
0
0
0
0
0
0
0

0
-0.309667
-0.306801
-0.306999
-0.306604
-0.363277
-0.308612
-0.308658
-0.307592
-0.307561
-0.306992
-0.306888
-0.306431
-0.308049
-0.309284
-0.311871
-0.324728
-0.308438
-0.304274
-0.306604
-0.29917
0

0
-0.146123
-0.141413
-0.141395
-0.144061
-0.129502
-0.135654
-0.141149
-0.141444
-0.141503
-0.141618
-0.141811
-0.142528
-0.142228
-0.142203
-0.142562
-0.143394
-0.140124
-0.139226
-0.140611
-0.133053
0

0
-0.147078
-0.142527
-0.142498
-0.143856
-0.169581
-0.142871
-0.142439
-0.14251
-0.14246
-0.142455
-0.142476
-0.142887
-0.143012
-0.143062
-0.143715
-0.138969
-0.14173
-0.141055
-0.142491
-0.134596
0

0
-0.147079
-0.142596
-0.142575
-0.143334
-0.159314
-0.143766
-0.142467
-0.142448
-0.142377
-0.142427
-0.142415
-0.142358
-0.142903
-0.143021
-0.144133
-0.140787
-0.141977
-0.140864
-0.142673
-0.135039
0

0
-0.147074
-0.142577
-0.142638
-0.143111
-0.153408
-0.143509
-0.14246
-0.142423
-0.142325
-0.142398
-0.142382
-0.14217
-0.142844
-0.143022
-0.144342
-0.144052
-0.142861
-0.141028
-0.143013
-0.135634
0

0
-0.147064
-0.142525
-0.14259
-0.142889
-0.148151
-0.143147
-0.142426
-0.142363
-0.142292
-0.142377
-0.142395
-0.142603
-0.142707
-0.143023
-0.143608
-0.145932
-0.144308
-0.141536
-0.143507
-0.136356
0

0
-0.147054
-0.142473
-0.142485
-0.142605
-0.145197
-0.142717
-0.142357
-0.142215
-0.142264
-0.142363
-0.142421
-0.142766
-0.142503
-0.143026
-0.143274
-0.147382
-0.145913
-0.141777
-0.144162
-0.137175
0

0
-0.147046
-0.142432
-0.142383
-0.142283
-0.142413
-0.142151
-0.14227
-0.142072
-0.142249
-0.142355
-0.142439
-0.142757
-0.14238
-0.143051
-0.143754
-0.148973
-0.147961
-0.141882
-0.14508
-0.138038
0

0
-0.147041
-0.142407
-0.142308
-0.142006
-0.139206
-0.141556
-0.142196
-0.142144
-0.142267
-0.142353
-0.142445
-0.142704
-0.142359
-0.143093
-0.143655
-0.150675
-0.151215
-0.142326
-0.146345
-0.138878
0

0
-0.147038
-0.142401
-0.142266
-0.141952
-0.141644
-0.141526
-0.142179
-0.14227
-0.1423
-0.142355
-0.142443
-0.142655
-0.142424
-0.143049
-0.142177
-0.151746
-0.15988
-0.144196
-0.147828
-0.139609
0

0
-0.147037
-0.142412
-0.142255
-0.142163
-0.146385
-0.142394
-0.142257
-0.142369
-0.142333
-0.142359
-0.142439
-0.142633
-0.142615
-0.142742
-0.137294
-0.150425
-0.181709
-0.148332
-0.149525
-0.140171
0

0
-0.147038
-0.142427
-0.142266
-0.142362
-0.14525
-0.142813
-0.142349
-0.142447
-0.14236
-0.142364
-0.142436
-0.142647
-0.142875
-0.141979
-0.132552
-0.14543
-0.212125
-0.154789
-0.151469
-0.140541
0

0
-0.147038
-0.142403
-0.142303
-0.142473
-0.143941
-0.142842
-0.142408
-0.142487
-0.142375
-0.142367
-0.142438
-0.142704
-0.143253
-0.142313
-0.157962
-0.150645
-0.250634
-0.163288
-0.153596
-0.140732
0

0
-0.146381
-0.141635
-0.141629
-0.141668
-0.142444
-0.141928
-0.141693
-0.141778
-0.141766
-0.141798
-0.141912
-0.142348
-0.143892
-0.149843
-0.175965
-0.231778
-0.293458
-0.173463
-0.155685
-0.140231
0

0
-0.0522835
-0.0396263
-0.037143
-0.0302915
-0.00919002
-0.0266416
-0.0367843
-0.0394135
-0.0468048
-0.0540418
-0.0665467
-0.0926895
-0.144855
-0.243199
-0.333274
-0.881651
-0.176353
-0.0165867
-0.0634024
-0.0402214
0

0
0
0
0
0
0
0
0
0
0
0
0
0
0
0
0
0
0
0
0
0
0


0
0
0
0
0
0
0
0
0
0
0
0
0
0
0
0
0
0
0
0
0
0

0
-0.309676
-0.306903
-0.30704
-0.306332
-0.307316
-0.310544
-0.308027
-0.307503
-0.307406
-0.306989
-0.306845
-0.306582
-0.307793
-0.308797
-0.310752
-0.316308
-0.30844
-0.305336
-0.307035
-0.296262
0

0
-0.146094
-0.141433
-0.141386
-0.141903
-0.141263
-0.140413
-0.141285
-0.14141
-0.141463
-0.141588
-0.141765
-0.142132
-0.142033
-0.142087
-0.142355
-0.142494
-0.140178
-0.139236
-0.14058
-0.130066
0

0
-0.147061
-0.142476
-0.142473
-0.143124
-0.143231
-0.142089
-0.142419
-0.142467
-0.142439
-0.142439
-0.14246
-0.142644
-0.14279
-0.142914
-0.143392
-0.141932
-0.142081
-0.141296
-0.142488
-0.131516
0

0
-0.147062
-0.142516
-0.142516
-0.143033
-0.145424
-0.142731
-0.14243
-0.142431
-0.142389
-0.142417
-0.142422
-0.142439
-0.142715
-0.142849
-0.143418
-0.141991
-0.142278
-0.141251
-0.142647
-0.131797
0

0
-0.147059
-0.142517
-0.142537
-0.142897
-0.145762
-0.142899
-0.142425
-0.142394
-0.142348
-0.142396
-0.142397
-0.142325
-0.142634
-0.142795
-0.143392
-0.14332
-0.142929
-0.141391
-0.142896
-0.13217
0

0
-0.147054
-0.142494
-0.14251
-0.142725
-0.144932
-0.142781
-0.142395
-0.142342
-0.142318
-0.142378
-0.142395
-0.142443
-0.142536
-0.142738
-0.143129
-0.144614
-0.143879
-0.141682
-0.143262
-0.132621
0

0
-0.147046
-0.142463
-0.14245
-0.142517
-0.143569
-0.142522
-0.142344
-0.142266
-0.142296
-0.142366
-0.142407
-0.142545
-0.142426
-0.142674
-0.142887
-0.145728
-0.145259
-0.142005
-0.143757
-0.133123
0

0
-0.14704
-0.142434
-0.142383
-0.142296
-0.142087
-0.142193
-0.142285
-0.142205
-0.142285
-0.142358
-0.142417
-0.142575
-0.142348
-0.142604
-0.142746
-0.146791
-0.147365
-0.142446
-0.144405
-0.133643
0

0
-0.147034
-0.142414
-0.142328
-0.142118
-0.14079
-0.141901
-0.14224
-0.142219
-0.142291
-0.142355
-0.142423
-0.142567
-0.142328
-0.142513
-0.142344
-0.147783
-0.151064
-0.143298
-0.145224
-0.134138
0

0
-0.147031
-0.142403
-0.142295
-0.14207
-0.141027
-0.141865
-0.142231
-0.142274
-0.142308
-0.142355
-0.142423
-0.142553
-0.142373
-0.142417
-0.141112
-0.148409
-0.158222
-0.145006
-0.146206
-0.134564
0

0
-0.147029
-0.142401
-0.142285
-0.142173
-0.142867
-0.142195
-0.142271
-0.142334
-0.142329
-0.142356
-0.142422
-0.142551
-0.142499
-0.142206
-0.139093
-0.148184
-0.170403
-0.147802
-0.147334
-0.134886
0

0
-0.147028
-0.142398
-0.142293
-0.142306
-0.143437
-0.142483
-0.142329
-0.142384
-0.142346
-0.142359
-0.142422
-0.142575
-0.142716
-0.142174
-0.138721
-0.147657
-0.186782
-0.151658
-0.148589
-0.135093
0

0
-0.147027
-0.142379
-0.142315
-0.142399
-0.143264
-0.142599
-0.142375
-0.142412
-0.142358
-0.142361
-0.142426
-0.142635
-0.143065
-0.143138
-0.14821
-0.154175
-0.206263
-0.156232
-0.149932
-0.135197
0

0
-0.146373
-0.141676
-0.141627
-0.141641
-0.142179
-0.14181
-0.14168
-0.14175
-0.141751
-0.141782
-0.14188
-0.142223
-0.143361
-0.146999
-0.160099
-0.200482
-0.228538
-0.16133
-0.151115
-0.134671
0

0
-0.0513343
-0.0382095
-0.0354151
-0.0295516
-0.0148299
-0.0273775
-0.0356819
-0.0390826
-0.0454593
-0.0520041
-0.0629277
-0.084428
-0.125613
-0.199638
-0.277376
-0.608881
-0.151048
-0.0260156
-0.0564216
-0.0341745
0

0
0
0
0
0
0
0
0
0
0
0
0
0
0
0
0
0
0
0
0
0
0


0
0
0
0
0
0
0
0
0
0
0
0
0
0
0
0
0
0
0
0
0
0

0
-0.30969
-0.306983
-0.307075
-0.30681
-0.306418
-0.308561
-0.307726
-0.307412
-0.307299
-0.306984
-0.306828
-0.306674
-0.307576
-0.308373
-0.309818
-0.312627
-0.308645
-0.30639
-0.307464
-0.293356
0

0
-0.146065
-0.141419
-0.141367
-0.141479
-0.141324
-0.141218
-0.141327
-0.141388
-0.141438
-0.141563
-0.141727
-0.141959
-0.141914
-0.141976
-0.142148
-0.142174
-0.140301
-0.13937
-0.140569
-0.127086
0

0
-0.147048
-0.142454
-0.142448
-0.142724
-0.142766
-0.142356
-0.14244
-0.142447
-0.142428
-0.14243
-0.142449
-0.142541
-0.142658
-0.142783
-0.143129
-0.142854
-0.142301
-0.14149
-0.142479
-0.128442
0

0
-0.147048
-0.142475
-0.142472
-0.142758
-0.143482
-0.142525
-0.142423
-0.142418
-0.142394
-0.142412
-0.142424
-0.142452
-0.142595
-0.142705
-0.143049
-0.142729
-0.142479
-0.141526
-0.142616
-0.128567
0

0
-0.147047
-0.14248
-0.142479
-0.14271
-0.143767
-0.142622
-0.142409
-0.142386
-0.142363
-0.142395
-0.142405
-0.142389
-0.142524
-0.14263
-0.14296
-0.143248
-0.142949
-0.141666
-0.142817
-0.128733
0

0
-0.147043
-0.142469
-0.142462
-0.142611
-0.143513
-0.142584
-0.142384
-0.142347
-0.142338
-0.142381
-0.142398
-0.14241
-0.142449
-0.142551
-0.142802
-0.143977
-0.143744
-0.141914
-0.143096
-0.128929
0

0
-0.147037
-0.142451
-0.142426
-0.142479
-0.142924
-0.14245
-0.142348
-0.142304
-0.14232
-0.142369
-0.1424
-0.14245
-0.142376
-0.142464
-0.14261
-0.144721
-0.144952
-0.142272
-0.143462
-0.12914
0

0
-0.147032
-0.142432
-0.142383
-0.14234
-0.14223
-0.142272
-0.142308
-0.142271
-0.14231
-0.142361
-0.142404
-0.142472
-0.142324
-0.142373
-0.142387
-0.145457
-0.146816
-0.142817
-0.143932
-0.129347
0

0
-0.147027
-0.142416
-0.142345
-0.142229
-0.141664
-0.142121
-0.142278
-0.142269
-0.14231
-0.142357
-0.142406
-0.142477
-0.14231
-0.142281
-0.142031
-0.146177
-0.149807
-0.143629
-0.144514
-0.129527
0

0
-0.147023
-0.142404
-0.14232
-0.142188
-0.14163
-0.142087
-0.142271
-0.142292
-0.142317
-0.142355
-0.142407
-0.142477
-0.142348
-0.142209
-0.141381
-0.146845
-0.154566
-0.14492
-0.145201
-0.129657
0

0
-0.14702
-0.142397
-0.14231
-0.142229
-0.142231
-0.14221
-0.142291
-0.142324
-0.142328
-0.142355
-0.142407
-0.142488
-0.142455
-0.142199
-0.140745
-0.147514
-0.161471
-0.14676
-0.145986
-0.129722
0

0
-0.147018
-0.142389
-0.142313
-0.142302
-0.142667
-0.142363
-0.142324
-0.142354
-0.142339
-0.142355
-0.142409
-0.142518
-0.142636
-0.142473
-0.14136
-0.14906
-0.170428
-0.149075
-0.146854
-0.12972
0

0
-0.147015
-0.142377
-0.142325
-0.142365
-0.142778
-0.14246
-0.142356
-0.142373
-0.142347
-0.142356
-0.142414
-0.142579
-0.14294
-0.143421
-0.145625
-0.155372
-0.181329
-0.151557
-0.147791
-0.129664
0

0
-0.146364
-0.141701
-0.14164
-0.141639
-0.141947
-0.141733
-0.141675
-0.141728
-0.141738
-0.141768
-0.141848
-0.142117
-0.14298
-0.1455
-0.152309
-0.180845
-0.194269
-0.154079
-0.148459
-0.129012
0

0
-0.0503982
-0.0368857
-0.033688
-0.0286872
-0.0191247
-0.027649
-0.0344221
-0.0383754
-0.0440458
-0.0500183
-0.0593541
-0.0763688
-0.107173
-0.159522
-0.217902
-0.412055
-0.135765
-0.0382338
-0.0542572
-0.0275882
0

0
0
0
0
0
0
0
0
0
0
0
0
0
0
0
0
0
0
0
0
0
0


0
0
0
0
0
0
0
0
0
0
0
0
0
0
0
0
0
0
0
0
0
0

0
-0.309352
-0.306722
-0.306793
-0.306737
-0.306364
-0.307664
-0.307296
-0.307079
-0.306956
-0.306658
-0.306482
-0.306387
-0.307029
-0.307737
-0.308977
-0.311056
-0.310382
-0.309241
-0.308777
-0.290394
0

0
-0.145676
-0.141077
-0.141032
-0.141039
-0.141176
-0.141081
-0.141071
-0.141108
-0.141139
-0.141207
-0.141346
-0.14154
-0.141449
-0.141594
-0.141884
-0.142358
-0.141891
-0.141385
-0.141487
-0.124046
0

0
-0.14668
-0.142123
-0.142117
-0.142226
-0.142298
-0.142207
-0.142193
-0.142173
-0.142142
-0.142093
-0.142095
-0.142166
-0.142203
-0.142399
-0.142831
-0.14342
-0.143981
-0.143732
-0.143439
-0.125312
0

0
-0.14668
-0.142139
-0.142133
-0.14227
-0.142548
-0.14221
-0.142162
-0.142142
-0.14211
-0.142075
-0.142075
-0.142124
-0.142152
-0.14232
-0.142709
-0.143246
-0.144237
-0.144062
-0.143635
-0.125286
0

0
-0.146681
-0.142148
-0.14214
-0.142267
-0.14266
-0.142227
-0.142136
-0.142108
-0.142078
-0.142056
-0.142057
-0.142088
-0.142099
-0.142246
-0.142594
-0.143364
-0.14473
-0.144556
-0.143908
-0.125253
0

0
-0.146679
-0.142149
-0.142134
-0.142228
-0.142582
-0.142208
-0.142107
-0.142071
-0.142049
-0.142038
-0.142043
-0.14208
-0.142051
-0.142178
-0.142476
-0.143673
-0.145523
-0.145238
-0.144264
-0.125208
0

0
-0.146676
-0.142143
-0.142117
-0.142165
-0.142364
-0.142147
-0.142075
-0.142033
-0.142023
-0.142021
-0.142033
-0.142086
-0.142014
-0.142128
-0.142372
-0.144091
-0.146697
-0.146126
-0.144713
-0.125144
0

0
-0.146672
-0.142133
-0.142094
-0.142095
-0.142091
-0.142065
-0.142045
-0.142003
-0.142003
-0.142006
-0.142025
-0.142091
-0.142005
-0.142113
-0.142312
-0.144617
-0.148392
-0.147254
-0.145261
-0.125056
0

0
-0.146668
-0.142122
-0.142073
-0.142039
-0.141862
-0.141993
-0.142022
-0.141987
-0.14199
-0.141992
-0.142016
-0.142093
-0.142039
-0.142169
-0.142279
-0.145323
-0.150816
-0.1487
-0.145909
-0.124934
0

0
-0.146664
-0.142113
-0.142057
-0.142017
-0.141811
-0.141972
-0.142013
-0.141987
-0.141983
-0.141981
-0.142006
-0.142098
-0.142135
-0.142295
-0.142303
-0.146369
-0.154203
-0.150488
-0.14665
-0.124773
0

0
-0.14666
-0.142104
-0.14205
-0.142035
-0.141992
-0.14202
-0.142022
-0.141997
-0.14198
-0.14197
-0.141997
-0.142116
-0.142325
-0.142578
-0.142703
-0.148063
-0.158701
-0.152571
-0.147476
-0.124569
0

0
-0.146656
-0.142095
-0.142051
-0.142078
-0.142209
-0.142101
-0.142043
-0.14201
-0.141979
-0.141961
-0.141989
-0.142153
-0.142592
-0.143196
-0.14409
-0.15129
-0.164395
-0.154862
-0.148372
-0.124326
0

0
-0.146652
-0.142085
-0.142058
-0.142124
-0.142337
-0.142173
-0.142067
-0.142022
-0.141978
-0.141952
-0.141983
-0.142216
-0.14295
-0.144344
-0.147259
-0.15814
-0.171433
-0.1573
-0.149328
-0.124058
0

0
-0.146001
-0.141423
-0.141383
-0.141435
-0.141639
-0.141495
-0.141404
-0.141383
-0.14136
-0.141345
-0.141389
-0.141729
-0.1429
-0.145836
-0.151823
-0.173924
-0.17985
-0.159482
-0.149918
-0.123212
0

0
-0.0491168
-0.0352946
-0.0316598
-0.0274169
-0.0220156
-0.0272975
-0.0327473
-0.0370764
-0.0422322
-0.0476816
-0.0554305
-0.0682401
-0.089677
-0.123839
-0.163554
-0.273376
-0.128494
-0.0634025
-0.0580106
-0.0205408
0

0
0
0
0
0
0
0
0
0
0
0
0
0
0
0
0
0
0
0
0
0
0


0
0
0
0
0
0
0
0
0
0
0
0
0
0
0
0
0
0
0
0
0
0

0
-0.277251
-0.263395
-0.266461
-0.268767
-0.276323
-0.28332
-0.276427
-0.273091
-0.268791
-0.254385
-0.241784
-0.232281
-0.238964
-0.261853
-0.300362
-0.352652
-0.41466
-0.419555
-0.364375
-0.270856
0

0
-0.11381
-0.0981856
-0.100964
-0.102876
-0.108105
-0.115942
-0.110056
-0.106968
-0.102779
-0.0888721
-0.0765328
-0.0672277
-0.0727951
-0.0947888
-0.131971
-0.183189
-0.248124
-0.25389
-0.197958
-0.104481
0

0
-0.114923
-0.0997405
-0.10221
-0.103755
-0.10503
-0.114765
-0.110284
-0.107238
-0.102954
-0.0892696
-0.0766832
-0.0670713
-0.0717548
-0.0929022
-0.129083
-0.180588
-0.254061
-0.261532
-0.201827
-0.105325
0

0
-0.115023
-0.100374
-0.102389
-0.103542
-0.101684
-0.111893
-0.108933
-0.10598
-0.101684
-0.0884866
-0.0756913
-0.0656381
-0.0688204
-0.0885586
-0.122989
-0.17477
-0.260008
-0.269841
-0.204862
-0.104641
0

0
-0.11508
-0.100985
-0.102498
-0.103274
-0.0994552
-0.109093
-0.107298
-0.104326
-0.10007
-0.0874337
-0.0742991
-0.0634194
-0.0646315
-0.0824557
-0.114617
-0.167707
-0.268027
-0.280854
-0.20879
-0.103729
0

0
-0.115057
-0.101451
-0.102457
-0.10287
-0.0979761
-0.10658
-0.105488
-0.102344
-0.0981931
-0.0861293
-0.0724997
-0.0603405
-0.0590184
-0.0743178
-0.103583
-0.159398
-0.278071
-0.294336
-0.213439
-0.102602
0

0
-0.114926
-0.101693
-0.102199
-0.102272
-0.0967491
-0.104373
-0.103589
-0.100133
-0.0961465
-0.0846039
-0.0703082
-0.0563976
-0.0518223
-0.0637764
-0.0892282
-0.14907
-0.289872
-0.309926
-0.218584
-0.101277
0

0
-0.11467
-0.101673
-0.101687
-0.101467
-0.0954912
-0.102418
-0.101666
-0.0978259
-0.0940225
-0.0828968
-0.0677571
-0.0516225
-0.0429239
-0.0503936
-0.0707068
-0.135208
-0.302847
-0.327118
-0.223944
-0.099772
0

0
-0.114281
-0.101388
-0.100916
-0.100486
-0.0942201
-0.100678
-0.0997707
-0.0955747
-0.0919068
-0.0810518
-0.0648923
-0.0460704
-0.032271
-0.0337035
-0.0470045
-0.115622
-0.316045
-0.345273
-0.229206
-0.0981143
0

0
-0.113765
-0.100856
-0.0999007
-0.0993989
-0.0932881
-0.0991617
-0.0979439
-0.0935088
-0.0898682
-0.079113
-0.0617692
-0.039821
-0.0198948
-0.0132922
-0.0168704
-0.0874927
-0.328209
-0.363681
-0.234078
-0.0963344
0

0
-0.113131
-0.100106
-0.0986728
-0.0982891
-0.0932549
-0.097928
-0.0962111
-0.0917
-0.0879509
-0.0771222
-0.0584507
-0.0329805
-0.0059312
0.0111432
0.0208167
-0.0472896
-0.338044
-0.381715
-0.238355
-0.0944698
0

0
-0.112396
-0.0991735
-0.0972642
-0.0971967
-0.0942696
-0.0970076
-0.0945785
-0.090155
-0.0861732
-0.0751179
-0.0550064
-0.0256811
0.0094035
0.0396319
0.0665519
0.00886652
-0.344717
-0.399006
-0.24197
-0.0925619
0

0
-0.111582
-0.0980918
-0.0957043
-0.0961052
-0.0960329
-0.0963489
-0.0930279
-0.0888298
-0.0845322
-0.0731358
-0.0515108
-0.0180804
0.02579
0.0716932
0.119198
0.0840118
-0.348232
-0.415594
-0.245023
-0.0906529
0

0
-0.11007
-0.096251
-0.0933515
-0.0942762
-0.0974369
-0.0951484
-0.0908545
-0.0870145
-0.0823946
-0.0706051
-0.0474351
-0.00975506
0.0434255
0.106658
0.175666
0.177425
-0.349368
-0.431561
-0.247296
-0.0882058
0

0
-0.011522
0.0123355
0.0199066
0.0222886
0.0178651
0.0200484
0.0207915
0.0193859
0.0194365
0.0265647
0.0450764
0.0789183
0.131475
0.200869
0.279211
0.306203
-0.29417
-0.369753
-0.160197
0.0170604
0

0
0
0
0
0
0
0
0
0
0
0
0
0
0
0
0
0
0
0
0
0
0


0
0
0
0
0
0
0
0
0
0
0
0
0
0
0
0
0
0
0
0
0
0

0
0
0
0
0
0
0
0
0
0
0
0
0
0
0
0
0
0
0
0
0
0

0
0
0
0
0
0
0
0
0
0
0
0
0
0
0
0
0
0
0
0
0
0

0
0
0
0
0
0
0
0
0
0
0
0
0
0
0
0
0
0
0
0
0
0

0
0
0
0
0
0
0
0
0
0
0
0
0
0
0
0
0
0
0
0
0
0

0
0
0
0
0
0
0
0
0
0
0
0
0
0
0
0
0
0
0
0
0
0

0
0
0
0
0
0
0
0
0
0
0
0
0
0
0
0
0
0
0
0
0
0

0
0
0
0
0
0
0
0
0
0
0
0
0
0
0
0
0
0
0
0
0
0

0
0
0
0
0
0
0
0
0
0
0
0
0
0
0
0
0
0
0
0
0
0

0
0
0
0
0
0
0
0
0
0
0
0
0
0
0
0
0
0
0
0
0
0

0
0
0
0
0
0
0
0
0
0
0
0
0
0
0
0
0
0
0
0
0
0

0
0
0
0
0
0
0
0
0
0
0
0
0
0
0
0
0
0
0
0
0
0

0
0
0
0
0
0
0
0
0
0
0
0
0
0
0
0
0
0
0
0
0
0

0
0
0
0
0
0
0
0
0
0
0
0
0
0
0
0
0
0
0
0
0
0

0
0
0
0
0
0
0
0
0
0
0
0
0
0
0
0
0
0
0
0
0
0

0
0
0
0
0
0
0
0
0
0
0
0
0
0
0
0
0
0
0
0
0
0

0
0
0
0
0
0
0
0
0
0
0
0
0
0
0
0
0
0
0
0
0
0


