0
0
0
0
0
-0.0892719
0
0
0
0
0
0
0
0
0
0
0
0
0
0
0
0

0
-0.0866238
-0.0962008
-0.103028
-0.0902014
-0.0689193
-0.0548124
-0.110786
0.00459527
-0.60383
-0.0424754
-0.074974
-0.273479
-0.0188449
-0.15513
-0.248136
0.246552
-0.0390571
-0.0495126
-0.0742002
-0.0927082
0

0
-0.114966
-0.101753
-0.149646
-0.139084
-0.0682612
0
-0.175275
-0.0261221
-0.350648
-0.126622
-0.106821
-0.629852
-0.0537471
-0.188896
-0.459016
0.927778
-0.140553
-0.0420585
-0.0964043
-0.132054
0

0
-0.147356
-0.13862
-0.204245
-0.178051
0
-0.121681
-0.218689
0
-0.349451
-0.19206
-0.188446
-0.466356
-0.144568
-0.240522
-0.444825
0.240888
0.027817
-0.00213462
-0.117921
-0.171258
0

0
-0.181749
-0.175078
-0.275866
-0.217438
-0.0618281
-0.171556
-0.258523
-0.0895792
-0.351555
-0.249544
-0.262923
-0.50679
-0.253995
-0.292198
-0.374065
0.0602124
0.171194
0.0419128
-0.142479
-0.210318
0

0
-0.218664
-0.223426
-0.281904
-0.275866
-0.0609756
-0.219983
-0.305851
-0.115227
-0.380812
-0.294621
-0.310437
-0.307158
-0.517493
-0.356062
-0.516596
-0.112634
0.305688
0.0419128
-0.169977
-0.249194
0

0
-0.257044
-0.271847
-0.315137
-0.33469
-0.04843
-0.267375
-0.362158
-0.118938
-0.413108
-0.345819
-0.360766
-0.389095
-0.554163
-0.408217
-0.456525
-0.290568
0.426663
0.216068
-0.243376
-0.287759
0

0
-0.29628
-0.319226
-0.350411
-0.398905
-0.0312159
-0.314678
-0.422621
0
-0.459777
-0.393001
-0.410564
-0.457396
-0.612992
-0.464457
-0.412973
-0.460074
0.56674
0.357804
-0.330189
-0.326077
0

0
-0.336047
-0.365394
-0.386964
-0.468116
-0.0153935
-0.365252
-0.441886
-0.253459
-0.462715
-0.43348
-0.459256
-0.524508
-0.675161
-0.664813
-0.227725
-0.636148
0.736206
0.519332
-0.519098
-0.36427
0

0
-0.376161
-0.410423
-0.425043
-0.533819
-0.0352521
-0.410688
-0.465841
-0.353842
-0.480814
-0.471845
-0.50679
-0.588924
-0.75976
-0.599678
-0.242763
-0.886773
0.927778
0.669052
-0.459392
-0.40342
0

0
-0.41653
-0.454295
-0.466982
-0.516745
-0.126003
-0.392836
-0.487731
-0.439084
-0.504952
-0.509264
-0.552122
-0.648147
-0.886118
-0.611533
-0.183556
-1.24241
1.38135
0.844073
-0.519098
-0.442387
0

0
-0.457144
-0.496967
-0.506529
-0.516097
-0.180397
-0.415687
-0.502476
-0.514144
-0.531845
-0.552932
-0.588351
-0.689055
-0.978019
-0.590739
-0.161022
-1.76251
1.79893
1.01033
-0.614821
-0.481037
0

0
-0.498269
-0.537236
-0.545137
-0.531111
-0.215205
-0.444199
-0.525929
-0.60383
-0.560423
-0.588573
-0.629852
-0.735578
-1.09383
-0.529979
0
-2.37725
2.29394
1.20844
-0.744697
-0.51931
0

0
-0.540758
-0.578698
-0.585536
-0.556504
-0.228841
-0.477081
-0.56375
-0.610726
-0.601037
-0.631605
-0.662573
-0.780004
-1.19535
0
-0.838078
-3.17184
3.03957
1.44071
-0.91356
-0.557215
0

0
-0.583095
-0.617408
-0.625848
-0.592233
-0.218009
-0.515102
-0.60383
-0.646649
-0.639559
-0.666696
-0.70006
-0.817373
-1.1545
-0.447096
-0.840394
-4.35807
3.98037
1.74575
-1.14288
-0.595041
0

0
-0.583095
-0.617408
-0.625848
-0.592233
-0.110786
-0.515102
-0.60383
-0.646649
-0.639559
-0.666696
-0.70006
-0.817373
-1.1545
-0.447096
-0.840394
-4.35807
3.98037
1.74575
-1.14288
-0.595041
0

0
0
0
0
0
0
0
0
0
0
0
0
0
0
0
0
0
0
0
0
0
0


0
0
0
0
0
0
0
0
0
0
0
0
0
0
0
0
0
0
0
0
0
-0.40342

0.0866238
-0.0866238
-0.0962008
-0.103028
-0.0902014
-0.0689193
-0.0548124
-0.110786
0.00459527
-0.60383
-0.0424754
-0.074974
-0.273479
-0.0188449
-0.15513
-0.248136
0.246552
-0.0390571
-0.0495126
-0.0742002
-0.0927082
-0.0927082

0.114966
-0.114966
-0.101753
-0.149646
-0.139084
-0.0682612
0
-0.175275
-0.0261221
-0.350648
-0.126622
-0.106821
-0.629852
-0.0537471
-0.188896
-0.459016
0.927778
-0.140553
-0.0420585
-0.0964043
-0.132054
-0.132054

0.147356
-0.147356
-0.13862
-0.204245
-0.178051
0
-0.121681
-0.218689
0
-0.349451
-0.19206
-0.188446
-0.466356
-0.144568
-0.240522
-0.444825
0.240888
0.027817
-0.00213462
-0.117921
-0.171258
-0.171258

0.181749
-0.181749
-0.175078
-0.275866
-0.217438
-0.0618281
-0.171556
-0.258523
-0.0895792
-0.351555
-0.249544
-0.262923
-0.50679
-0.253995
-0.292198
-0.374065
0.0602124
0.171194
0.0419128
-0.142479
-0.210318
-0.210318

0.218664
-0.218664
-0.223426
-0.281904
-0.275866
-0.0609756
-0.219983
-0.305851
-0.115227
-0.380812
-0.294621
-0.310437
-0.307158
-0.517493
-0.356062
-0.516596
-0.112634
0.305688
0.0419128
-0.169977
-0.249194
-0.249194

0.257044
-0.257044
-0.271847
-0.315137
-0.33469
-0.04843
-0.267375
-0.362158
-0.118938
-0.413108
-0.345819
-0.360766
-0.389095
-0.554163
-0.408217
-0.456525
-0.290568
0.426663
0.216068
-0.243376
-0.287759
-0.287759

0.29628
-0.29628
-0.319226
-0.350411
-0.398905
-0.0312159
-0.314678
-0.422621
0
-0.459777
-0.393001
-0.410564
-0.457396
-0.612992
-0.464457
-0.412973
-0.460074
0.56674
0.357804
-0.330189
-0.326077
-0.326077

0.336047
-0.336047
-0.365394
-0.386964
-0.468116
-0.0153935
-0.365252
-0.441886
-0.253459
-0.462715
-0.43348
-0.459256
-0.524508
-0.675161
-0.664813
-0.227725
-0.636148
0.736206
0.519332
-0.519098
-0.36427
-0.36427

0.376161
-0.376161
-0.410423
-0.425043
-0.533819
-0.0352521
-0.410688
-0.465841
-0.353842
-0.480814
-0.471845
-0.50679
-0.588924
-0.75976
-0.599678
-0.242763
-0.886773
0.927778
0.669052
-0.459392
-0.40342
-0.40342

0.41653
-0.41653
-0.454295
-0.466982
-0.516745
-0.126003
-0.392836
-0.487731
-0.439084
-0.504952
-0.509264
-0.552122
-0.648147
-0.886118
-0.611533
-0.183556
-1.24241
1.38135
0.844073
-0.519098
-0.442387
-0.442387

0.457144
-0.457144
-0.496967
-0.506529
-0.516097
-0.180397
-0.415687
-0.502476
-0.514144
-0.531845
-0.552932
-0.588351
-0.689055
-0.978019
-0.590739
-0.161022
-1.76251
1.79893
1.01033
-0.614821
-0.481037
-0.481037

0.498269
-0.498269
-0.537236
-0.545137
-0.531111
-0.215205
-0.444199
-0.525929
-0.60383
-0.560423
-0.588573
-0.629852
-0.735578
-1.09383
-0.529979
0
-2.37725
2.29394
1.20844
-0.744697
-0.51931
-0.51931

0.540758
-0.540758
-0.578698
-0.585536
-0.556504
-0.228841
-0.477081
-0.56375
-0.610726
-0.601037
-0.631605
-0.662573
-0.780004
-1.19535
0
-0.838078
-3.17184
3.03957
1.44071
-0.91356
-0.557215
-0.557215

0.583095
-0.583095
-0.617408
-0.625848
-0.592233
-0.218009
-0.515102
-0.60383
-0.646649
-0.639559
-0.666696
-0.70006
-0.817373
-1.1545
-0.447096
-0.840394
-4.35807
3.98037
1.74575
-1.14288
-0.595041
-0.595041

0.545125
-0.583095
-0.617408
-0.625848
-0.592233
-0.110786
-0.515102
-0.60383
-0.646649
-0.639559
-0.666696
-0.70006
-0.817373
-1.1545
-0.447096
-0.840394
-4.35807
3.98037
1.74575
-1.14288
-0.595041
-0.555216

0
0
0
0
0
0
0
0
0
0
0
0
0
0
0
0
0
0
0
0
0
0


0
0
0
0
0
0
0
0
0
0
0
0
0
0
0
0
0
0
0
0
0
0

0.0827401
-0.0827401
-0.559437
-0.117341
-0.0667086
-0.197983
-0.17906
-0.082966
-0.00366387
-0.068753
-0.0825168
-0.102773
-0.0650586
-0.0287193
-0.129354
-0.0667664
-1.61643
0.0727708
-0.0166206
-0.0721679
-0.0934333
-0.0934333

0.11854
-0.11854
0.546594
-0.0732097
-0.127296
-0.0242713
-0.31388
-0.222397
-0.146329
-0.248493
-0.1319
-0.139761
0.364802
-0.0802808
-0.205441
-0.148294
-1.9744
-0.37701
-0.0246845
-0.0925212
-0.132203
-0.132203

0.14503
-0.14503
0.105937
-0.106317
-0.173797
-0.10176
-0.195002
-0.222223
-0.305665
-0.308557
-0.191671
-0.183364
-0.239405
-0.204671
-0.277954
-0.191938
-0.335667
-0.00405508
0.0560772
-0.108576
-0.170852
-0.170852

0.17973
-0.17973
-0.0997273
-0.0840627
-0.204268
-0.140473
-0.217617
-0.259502
-0.238411
-0.333472
-0.245414
-0.239215
-0.405264
-0.310504
-0.333435
0.00897438
-0.117584
0.0845316
0.182611
-0.120367
-0.20912
-0.20912

0.217537
-0.217537
-0.195247
-0.227315
-0.258017
-0.233323
-0.270122
-0.304098
-0.305646
-0.368517
-0.294724
-0.302519
-0.326969
-0.459927
-0.349331
-1.36473
-0.341741
0.123211
0.527005
-0.120188
-0.246556
-0.246556

0.256425
-0.256425
-0.259666
-0.293295
-0.306866
-0.371055
-0.343291
-0.35325
-0.486648
-0.414427
-0.342776
-0.353748
-0.393816
-0.550949
-0.494529
-0.541376
-0.363225
0.203504
0.380168
-0.14652
-0.284999
-0.284999

0.295888
-0.295888
-0.312681
-0.340313
-0.348286
-0.558323
-0.442915
-0.403883
-0.773412
-0.463873
-0.388751
-0.40363
-0.454364
-0.636484
-0.6011
-0.667188
-0.503956
0.235423
0.338742
-0.115586
-0.321299
-0.321299

0.335731
-0.335731
-0.360459
-0.382714
-0.389555
-0.690506
-0.55478
-0.453195
-0.418714
-0.459234
-0.429358
-0.451706
-0.515798
-0.764445
-0.740072
-0.901971
-0.666352
0.17868
0.359238
0.0452602
-0.355699
-0.355699

0.375886
-0.375886
-0.404728
-0.423474
-0.44706
-0.610236
-0.588239
-0.484209
-0.402729
-0.475698
-0.468799
-0.497943
-0.575792
-0.956915
-0.932478
-1.26799
-0.849483
-0.261036
0.316741
-0.291644
-0.40109
-0.40109

0.416391
-0.416391
-0.445145
-0.463094
-0.487172
-0.48257
-0.419564
-0.483698
-0.425103
-0.498563
-0.507763
-0.541673
-0.631201
-1.08848
-1.21134
-1.66398
-1.08724
1.30245
0.703479
-0.430366
-0.441351
-0.441351

0.457374
-0.457374
-0.480975
-0.502775
-0.505572
-0.343993
-0.439071
-0.506662
-0.433702
-0.523354
-0.547097
-0.582144
-0.679578
-0.358662
-1.55121
-1.94003
-1.03171
1.57896
0.82992
-0.530057
-0.480631
-0.480631

0.498555
-0.498555
-0.524076
-0.537174
-0.527542
-0.321093
-0.464324
-0.534756
-0.421275
-0.551127
-0.58527
-0.621526
-0.718109
-0.873509
-1.87055
-2.09397
-0.930517
1.93318
0.945462
-0.620258
-0.518975
-0.518975

0.53838
-0.53838
-0.620568
-0.578478
-0.554511
-0.331186
-0.496828
-0.567052
-0.566919
-0.596644
-0.624356
-0.658727
-0.760886
-1.03336
-1.77075
-1.48297
-0.827989
2.47433
1.05565
-0.700033
-0.556511
-0.556511

0.582634
-0.582634
-0.629108
-0.621919
-0.593957
-0.356792
-0.535762
-0.606335
-0.622638
-0.636115
-0.661562
-0.695148
-0.797763
-1.06356
-0.906349
-1.20395
-1.13268
3.18481
1.09216
-0.745113
-0.59385
-0.59385

0.544442
-0.582634
-0.629108
-0.621919
-0.593957
-0.356792
-0.535762
-0.606335
-0.622638
-0.636115
-0.661562
-0.695148
-0.797763
-1.06356
-0.906349
-1.20395
-1.13268
3.18481
1.09216
-0.745113
-0.59385
-0.553856

0
0
0
0
0
0
0
0
0
0
0
0
0
0
0
0
0
0
0
0
0
0


0
0
0
0
0
0
0
0
0
0
0
0
0
0
0
0
0
0
0
0
0
0

0.0864563
-0.0864563
-0.167701
-0.0872825
-0.0841529
-0.22718
-0.15961
-0.113194
-0.0884297
-0.098161
-0.0955828
-0.0998185
-0.0176408
-0.0814474
-0.12688
-0.124729
-0.768291
-0.0989153
-0.0301213
-0.073599
-0.0938161
-0.0938161

0.1141
-0.1141
0.10763
-0.0991112
-0.119496
-0.173429
-0.218569
-0.167491
-0.151051
-0.183412
-0.141366
-0.14239
-0.0184658
-0.13679
-0.19865
-0.207906
-1.36091
-0.136195
0.00186186
-0.0919651
-0.132413
-0.132413

0.145229
-0.145229
0.0165179
-0.122912
-0.163916
-0.161211
-0.227614
-0.21931
-0.228493
-0.254777
-0.192071
-0.18974
-0.152922
-0.218504
-0.269264
-0.312336
0.122122
-0.0410836
0.0491852
-0.109609
-0.170997
-0.170997

0.18011
-0.18011
-0.0954064
-0.156644
-0.207339
-0.19022
-0.244466
-0.257999
-0.275323
-0.304229
-0.242816
-0.241886
-0.298449
-0.322494
-0.340077
-0.443825
-0.158861
-0.00532607
0.126285
-0.125102
-0.209402
-0.209402

0.217647
-0.217647
-0.184699
-0.21461
-0.251532
-0.287343
-0.289435
-0.300438
-0.332215
-0.345599
-0.291359
-0.297207
-0.314122
-0.401439
-0.417877
-0.448713
-0.299808
0.0261048
0.184488
-0.140884
-0.247622
-0.247622

0.25647
-0.25647
-0.252423
-0.277449
-0.298573
-0.416172
-0.35054
-0.345689
-0.419883
-0.386647
-0.337911
-0.34798
-0.381223
-0.509086
-0.50785
-0.78963
-0.449866
0.0411224
0.215234
-0.151367
-0.285525
-0.285525

0.295905
-0.295905
-0.308217
-0.32948
-0.344897
-0.55169
-0.420952
-0.390868
-0.510057
-0.424746
-0.382454
-0.397019
-0.444749
-0.603183
-0.625387
-0.789458
-0.582205
0.0469836
0.220471
-0.159314
-0.323383
-0.323383

0.3357
-0.3357
-0.357647
-0.37502
-0.391383
-0.662888
-0.491258
-0.431659
-0.470907
-0.45004
-0.424475
-0.444449
-0.504687
-0.702443
-0.758981
-0.966475
-0.760289
0.0521374
0.233158
-0.183465
-0.361631
-0.361631

0.375779
-0.375779
-0.40341
-0.417398
-0.437431
-0.597751
-0.518573
-0.463641
-0.441494
-0.471319
-0.464545
-0.49008
-0.56159
-0.81108
-0.921366
-1.24566
-0.984802
0.222682
0.312687
-0.263901
-0.400941
-0.400941

0.416158
-0.416158
-0.446924
-0.458068
-0.468047
-0.151847
-0.415658
-0.4802
-0.448809
-0.496568
-0.503757
-0.533668
-0.613537
-0.874956
-1.11263
-1.59844
-1.21329
0.598971
0.372327
-0.379991
-0.441213
-0.441213

0.456901
-0.456901
-0.489646
-0.49791
-0.495254
-0.311812
-0.446834
-0.505927
-0.467453
-0.52504
-0.542561
-0.575057
-0.65836
-0.691281
-1.33958
-1.85263
-1.29857
0.728829
0.428941
-0.472817
-0.480601
-0.480601

0.498069
-0.498069
-0.534528
-0.53702
-0.524026
-0.361528
-0.478322
-0.535902
-0.493367
-0.556807
-0.580858
-0.61471
-0.700684
-0.809274
-1.56189
-1.7443
-1.1918
0.863795
0.457327
-0.551714
-0.519375
-0.519375

0.539702
-0.539702
-0.585084
-0.576545
-0.556595
-0.395474
-0.513054
-0.570146
-0.54944
-0.593776
-0.618871
-0.652708
-0.741556
-0.932064
-1.52199
-1.13526
-1.05479
1.0234
0.438003
-0.619502
-0.557764
-0.557764

0.58209
-0.58209
-0.631378
-0.616258
-0.595076
-0.433659
-0.552612
-0.60856
-0.60477
-0.632844
-0.65635
-0.689349
-0.77848
-0.981585
-0.97304
-1.32337
-1.20021
1.02526
0.356483
-0.673386
-0.596219
-0.596219

0.543748
-0.58209
-0.631378
-0.616258
-0.595076
-0.433659
-0.552612
-0.60856
-0.60477
-0.632844
-0.65635
-0.689349
-0.77848
-0.981585
-0.97304
-1.32337
-1.20021
1.02526
0.356483
-0.673386
-0.596219
-0.555894

0
0
0
0
0
0
0
0
0
0
0
0
0
0
0
0
0
0
0
0
0
0


0
0
0
0
0
0
0
0
0
0
0
0
0
0
0
0
0
0
0
0
0
0

0.0870918
-0.0870918
-0.078721
-0.0841555
-0.0887663
-0.0376028
-0.134994
-0.1107
-0.102763
-0.108525
-0.0996505
-0.0999219
-0.0647177
-0.103023
-0.125903
-0.139245
-0.321332
-0.078443
-0.0370356
-0.0760576
-0.0940086
-0.0940086

0.116069
-0.116069
-0.0413022
-0.110937
-0.113532
-0.23878
-0.205323
-0.160695
-0.154548
-0.16747
-0.145035
-0.144741
-0.101763
-0.158986
-0.196367
-0.224697
-0.62768
-0.100833
-0.0172224
-0.0970316
-0.13271
-0.13271

0.147677
-0.147677
-0.0671346
-0.140701
-0.155496
-0.292231
-0.233342
-0.2085
-0.212003
-0.226679
-0.19245
-0.192072
-0.171378
-0.228493
-0.268444
-0.315356
-0.311686
-0.101666
0.00587013
-0.118071
-0.17138
-0.17138

0.182242
-0.182242
-0.127515
-0.17831
-0.201723
-0.282328
-0.255646
-0.251473
-0.2668
-0.27851
-0.24042
-0.241929
-0.259512
-0.31049
-0.343841
-0.408056
-0.273862
-0.0812458
0.0344452
-0.139011
-0.209963
-0.209963

0.219128
-0.219128
-0.193332
-0.223523
-0.247782
-0.305736
-0.291363
-0.293487
-0.3201
-0.323532
-0.287447
-0.293044
-0.317285
-0.388091
-0.424184
-0.497871
-0.359073
-0.0709215
0.0548939
-0.160338
-0.248425
-0.248425

0.257431
-0.257431
-0.253608
-0.274303
-0.294194
-0.371482
-0.338144
-0.33587
-0.377076
-0.364787
-0.332977
-0.342709
-0.374215
-0.473973
-0.513632
-0.656303
-0.483799
-0.0697861
0.0751323
-0.181346
-0.286736
-0.286736

0.296519
-0.296519
-0.30752
-0.323524
-0.340167
-0.461615
-0.390329
-0.377442
-0.428514
-0.402645
-0.376871
-0.390811
-0.433801
-0.560297
-0.617321
-0.784681
-0.626957
-0.0667314
0.086126
-0.207666
-0.325125
-0.325125

0.336072
-0.336072
-0.356768
-0.369352
-0.384166
-0.564431
-0.442599
-0.416143
-0.44813
-0.435453
-0.419037
-0.43747
-0.491289
-0.643483
-0.733497
-0.924715
-0.802426
-0.0422884
0.0979103
-0.246611
-0.363727
-0.363727

0.375969
-0.375969
-0.40298
-0.412504
-0.424336
-0.577445
-0.47562
-0.450133
-0.452048
-0.46424
-0.45961
-0.482553
-0.545573
-0.720929
-0.862677
-1.13231
-1.02383
0.0164674
0.112906
-0.300557
-0.402507
-0.402507

0.416199
-0.416199
-0.447345
-0.453858
-0.45815
-0.237026
-0.446623
-0.477111
-0.465166
-0.493335
-0.499132
-0.525912
-0.595584
-0.772897
-1.00405
-1.41047
-1.27284
-0.0183047
0.0983162
-0.373891
-0.441825
-0.441825

0.456818
-0.456818
-0.490791
-0.494247
-0.488698
-0.328103
-0.460941
-0.505136
-0.487836
-0.524312
-0.537984
-0.567482
-0.640656
-0.761264
-1.15897
-1.66012
-1.46202
-0.0828404
0.0750151
-0.447637
-0.481038
-0.481038

0.497932
-0.497932
-0.534117
-0.534187
-0.521451
-0.39051
-0.490726
-0.536684
-0.518184
-0.557547
-0.576307
-0.607384
-0.68303
-0.806607
-1.3064
-1.62693
-1.47442
-0.215132
0.0231744
-0.514228
-0.51994
-0.51994

0.539655
-0.539655
-0.577959
-0.574028
-0.556973
-0.436875
-0.52614
-0.571688
-0.558092
-0.593314
-0.614177
-0.645729
-0.723094
-0.87561
-1.33502
-1.1587
-1.39178
-0.371315
-0.0533578
-0.571842
-0.558619
-0.558619

0.581897
-0.581897
-0.621471
-0.613736
-0.596184
-0.480637
-0.565837
-0.609969
-0.60241
-0.631061
-0.651613
-0.682686
-0.759948
-0.922581
-1.15101
-1.32505
-1.50271
-0.459893
-0.110497
-0.617337
-0.597306
-0.597306

0.543364
-0.581897
-0.621471
-0.613736
-0.596184
-0.480637
-0.565837
-0.609969
-0.60241
-0.631061
-0.651613
-0.682686
-0.759948
-0.922581
-1.15101
-1.32505
-1.50271
-0.459893
-0.110497
-0.617337
-0.597306
-0.556793

0
0
0
0
0
0
0
0
0
0
0
0
0
0
0
0
0
0
0
0
0
0


0
0
0
0
0
1
0
0
0
0
0
0
0
0
0
0
0
0
0
0
0
0

0.0881371
-0.0881371
-0.0746714
-0.0862316
-0.0923117
1.04435
-0.074137
-0.103114
-0.104006
-0.107066
-0.100555
-0.100526
-0.088828
-0.110075
-0.1244
-0.13809
-0.192539
-0.0792253
-0.0500422
-0.0798373
-0.0941872
-0.0941872

0.118616
-0.118616
-0.0873557
-0.117653
-0.127204
0.741194
-0.122156
-0.151027
-0.153072
-0.159195
-0.145801
-0.145936
-0.130922
-0.167185
-0.193451
-0.220835
-0.336917
-0.105022
-0.0455873
-0.104636
-0.13305
-0.13305

0.15082
-0.15082
-0.113816
-0.151366
-0.162476
0.28114
-0.183394
-0.198151
-0.203909
-0.211269
-0.191734
-0.192697
-0.186258
-0.230924
-0.264405
-0.304809
-0.361207
-0.1288
-0.0415182
-0.12984
-0.171864
-0.171864

0.185174
-0.185174
-0.156959
-0.189181
-0.20186
-0.0629991
-0.235128
-0.242586
-0.25467
-0.260535
-0.237902
-0.240849
-0.251357
-0.301174
-0.33842
-0.391564
-0.354481
-0.139484
-0.0377126
-0.155652
-0.210608
-0.210608

0.22145
-0.22145
-0.208005
-0.230933
-0.244991
-0.234349
-0.28027
-0.284954
-0.303697
-0.30586
-0.283552
-0.289607
-0.312211
-0.373185
-0.416595
-0.486182
-0.409155
-0.150139
-0.0359272
-0.182432
-0.249271
-0.249271

0.259115
-0.259115
-0.259977
-0.275921
-0.289686
-0.324373
-0.324346
-0.326228
-0.351027
-0.347785
-0.328175
-0.337786
-0.367854
-0.447585
-0.500848
-0.601525
-0.509287
-0.166666
-0.0357895
-0.211066
-0.287867
-0.287867

0.297684
-0.297684
-0.309989
-0.321545
-0.334031
-0.395171
-0.368956
-0.366334
-0.393762
-0.386764
-0.371552
-0.384859
-0.423448
-0.522934
-0.593042
-0.725654
-0.640365
-0.188619
-0.0407924
-0.244215
-0.326486
-0.326486

0.336846
-0.336846
-0.357578
-0.366018
-0.376534
-0.460079
-0.412089
-0.404507
-0.425749
-0.422731
-0.413614
-0.43071
-0.477826
-0.595566
-0.692848
-0.856021
-0.803342
-0.219145
-0.0531337
-0.28438
-0.365174
-0.365174

0.376449
-0.376449
-0.40315
-0.408919
-0.41579
-0.485711
-0.44636
-0.439962
-0.448353
-0.456081
-0.454418
-0.475216
-0.529749
-0.66191
-0.799316
-1.01693
-1.00792
-0.280586
-0.078552
-0.332174
-0.403938
-0.403938

0.416453
-0.416453
-0.447259
-0.450471
-0.451425
-0.382819
-0.458615
-0.47217
-0.47102
-0.488661
-0.494214
-0.518258
-0.578387
-0.714953
-0.91094
-1.21827
-1.2537
-0.4063
-0.121961
-0.388272
-0.442894
-0.442894

0.456895
-0.456895
-0.490371
-0.49113
-0.485135
-0.385708
-0.474433
-0.503457
-0.497922
-0.521884
-0.533262
-0.559774
-0.623421
-0.747942
-1.025
-1.41564
-1.49547
-0.571378
-0.179881
-0.447321
-0.481891
-0.481891

0.497861
-0.497861
-0.532806
-0.53131
-0.519963
-0.425599
-0.502217
-0.536579
-0.529636
-0.556372
-0.571719
-0.599782
-0.665614
-0.78804
-1.12789
-1.46256
-1.6331
-0.760647
-0.248821
-0.50361
-0.520769
-0.520769

0.539457
-0.539457
-0.574764
-0.571262
-0.556946
-0.469369
-0.536961
-0.572239
-0.566111
-0.592342
-0.609667
-0.638331
-0.705261
-0.836166
-1.17663
-1.24398
-1.63641
-0.905446
-0.314202
-0.553941
-0.559509
-0.559509

0.581573
-0.581573
-0.615973
-0.611112
-0.596541
-0.513482
-0.57622
-0.610474
-0.605943
-0.629685
-0.647163
-0.675548
-0.742156
-0.877342
-1.14765
-1.30497
-1.69563
-0.964449
-0.360009
-0.59629
-0.598214
-0.598214

0.542866
-0.581573
-0.615973
-0.611112
-0.596541
-0.513482
-0.57622
-0.610474
-0.605943
-0.629685
-0.647163
-0.675548
-0.742156
-0.877342
-1.14765
-1.30497
-1.69563
-0.964449
-0.360009
-0.59629
-0.598214
-0.557553

0
0
0
0
0
0
0
0
0
0
0
0
0
0
0
0
0
0
0
0
0
0


0
0
0
0
0
0
0
0
0
0
0
0
0
0
0
0
0
0
0
0
0
0

0.0893181
-0.0893181
-0.0813312
-0.0892099
-0.0789423
-0.141731
-0.140083
-0.1061
-0.103035
-0.104423
-0.100437
-0.100789
-0.098026
-0.111514
-0.122004
-0.133257
-0.149986
-0.0864527
-0.0640503
-0.0841964
-0.0943841
-0.0943841

0.120959
-0.120959
-0.107628
-0.123028
-0.11675
-0.134945
-0.172686
-0.150228
-0.150032
-0.153092
-0.145275
-0.146206
-0.143091
-0.168369
-0.188642
-0.211103
-0.246292
-0.119121
-0.073681
-0.113209
-0.13343
-0.13343

0.15381
-0.15381
-0.138834
-0.158352
-0.158901
-0.0997063
-0.195975
-0.192904
-0.197273
-0.2013
-0.190254
-0.192313
-0.193912
-0.228391
-0.256816
-0.290177
-0.319784
-0.152537
-0.0844783
-0.142665
-0.172397
-0.172397

0.188185
-0.188185
-0.177454
-0.196084
-0.201004
-0.132366
-0.229501
-0.23523
-0.244276
-0.248029
-0.235202
-0.239143
-0.249772
-0.291912
-0.327321
-0.371922
-0.367426
-0.182705
-0.0966518
-0.17288
-0.211289
-0.211289

0.224062
-0.224062
-0.221459
-0.236247
-0.243355
-0.2122
-0.269868
-0.276789
-0.289984
-0.292491
-0.279754
-0.286273
-0.306196
-0.35752
-0.40091
-0.459641
-0.427694
-0.212882
-0.110597
-0.204279
-0.250113
-0.250113

0.261175
-0.261175
-0.267707
-0.278404
-0.286227
-0.289747
-0.311972
-0.317419
-0.333697
-0.334559
-0.323576
-0.33307
-0.360213
-0.424279
-0.478443
-0.557368
-0.515309
-0.248917
-0.127496
-0.237635
-0.288889
-0.288889

0.299209
-0.299209
-0.314042
-0.321466
-0.328895
-0.353381
-0.353786
-0.356993
-0.374287
-0.374395
-0.366466
-0.37909
-0.413051
-0.491224
-0.560598
-0.664656
-0.630238
-0.296135
-0.149817
-0.274119
-0.327651
-0.327651

0.337919
-0.337919
-0.359508
-0.364355
-0.370355
-0.405151
-0.393891
-0.395219
-0.410067
-0.412154
-0.408342
-0.424124
-0.464701
-0.55624
-0.647152
-0.779894
-0.773712
-0.362436
-0.180721
-0.314688
-0.366425
-0.366425

0.37716
-0.37716
-0.403889
-0.406512
-0.409743
-0.436837
-0.42949
-0.431795
-0.441106
-0.44816
-0.449218
-0.468032
-0.51449
-0.616851
-0.737173
-0.910322
-0.951989
-0.459374
-0.222989
-0.359561
-0.405227
-0.405227

0.41688
-0.41688
-0.447277
-0.447833
-0.446855
-0.42936
-0.456914
-0.466665
-0.470662
-0.483272
-0.489212
-0.510704
-0.561811
-0.670181
-0.828986
-1.05978
-1.16976
-0.590785
-0.276195
-0.408327
-0.44409
-0.44409

0.457095
-0.457095
-0.489828
-0.488477
-0.482703
-0.431623
-0.481345
-0.500671
-0.501537
-0.518389
-0.528475
-0.552068
-0.606378
-0.714772
-0.919129
-1.20664
-1.40862
-0.747497
-0.337524
-0.458904
-0.482976
-0.482976

0.497874
-0.497874
-0.531656
-0.528676
-0.518989
-0.458772
-0.510665
-0.535425
-0.534905
-0.554077
-0.567125
-0.592096
-0.648349
-0.757015
-0.99864
-1.28015
-1.60242
-0.906708
-0.400268
-0.508215
-0.521802
-0.521802

0.539304
-0.539304
-0.572787
-0.56861
-0.556754
-0.496693
-0.545298
-0.571809
-0.570996
-0.590593
-0.605231
-0.630787
-0.68784
-0.799104
-1.04979
-1.2228
-1.6805
-1.02895
-0.455705
-0.553795
-0.560524
-0.560524

0.581264
-0.581264
-0.61302
-0.608405
-0.596395
-0.538679
-0.584043
-0.610075
-0.609392
-0.627973
-0.642851
-0.668227
-0.7249
-0.837299
-1.06745
-1.24071
-1.71173
-1.07934
-0.495906
-0.59403
-0.599178
-0.599178

0.542383
-0.581264
-0.61302
-0.608405
-0.596395
-0.538679
-0.584043
-0.610075
-0.609392
-0.627973
-0.642851
-0.668227
-0.7249
-0.837299
-1.06745
-1.24071
-1.71173
-1.07934
-0.495906
-0.59403
-0.599178
-0.558377

0
0
0
0
0
0
0
0
0
0
0
0
0
0
0
0
0
0
0
0
0
0


0
0
0
0
0
0
0
0
0
0
0
0
0
0
0
0
0
0
0
0
0
0

0.0904255
-0.0904255
-0.0869327
-0.0909038
-0.0889942
-0.0969468
-0.107185
-0.100651
-0.101044
-0.102103
-0.099982
-0.10072
-0.101272
-0.110685
-0.118823
-0.127497
-0.132628
-0.094191
-0.0769786
-0.0886989
-0.0946203
-0.0946203

0.123011
-0.123011
-0.118922
-0.126548
-0.124083
-0.128395
-0.154087
-0.144983
-0.146316
-0.148364
-0.144244
-0.145861
-0.147734
-0.166088
-0.18219
-0.199669
-0.211073
-0.133816
-0.0989146
-0.121948
-0.133862
-0.133862

0.156444
-0.156444
-0.153205
-0.163012
-0.162109
-0.146202
-0.190718
-0.187484
-0.191287
-0.194104
-0.188411
-0.191279
-0.196642
-0.222985
-0.24661
-0.273045
-0.285418
-0.174705
-0.12185
-0.155467
-0.172968
-0.172968

0.190961
-0.190961
-0.190988
-0.200822
-0.201926
-0.175987
-0.225833
-0.228898
-0.235758
-0.238891
-0.232413
-0.237016
-0.248059
-0.281714
-0.312617
-0.348564
-0.351306
-0.216205
-0.146269
-0.189612
-0.211981
-0.211981

0.226622
-0.226622
-0.23194
-0.24012
-0.242698
-0.223917
-0.263482
-0.269613
-0.279242
-0.282302
-0.276074
-0.282859
-0.300414
-0.341818
-0.380678
-0.427971
-0.419239
-0.259698
-0.172697
-0.224755
-0.250928
-0.250928

0.263322
-0.263322
-0.274819
-0.280706
-0.283966
-0.279229
-0.303052
-0.309664
-0.32125
-0.324142
-0.319193
-0.328446
-0.351957
-0.402564
-0.451191
-0.513226
-0.500581
-0.309038
-0.202234
-0.261374
-0.28983
-0.28983

0.300887
-0.300887
-0.318413
-0.32207
-0.325201
-0.332211
-0.343015
-0.348968
-0.361265
-0.364424
-0.361618
-0.37346
-0.40246
-0.463148
-0.524371
-0.605204
-0.600561
-0.368999
-0.23651
-0.29999
-0.328705
-0.328705

0.339154
-0.339154
-0.361939
-0.363617
-0.365789
-0.378603
-0.382064
-0.387385
-0.398756
-0.40326
-0.40327
-0.417694
-0.451841
-0.522333
-0.599973
-0.70381
-0.722292
-0.444614
-0.277223
-0.34096
-0.367568
-0.367568

0.378016
-0.378016
-0.405025
-0.404919
-0.405215
-0.414834
-0.418828
-0.424802
-0.433776
-0.440881
-0.444134
-0.461006
-0.499744
-0.578631
-0.677215
-0.810863
-0.870243
-0.539555
-0.325036
-0.38426
-0.406431
-0.406431

0.417428
-0.417428
-0.447545
-0.445791
-0.443321
-0.437047
-0.452078
-0.461259
-0.467531
-0.477733
-0.484258
-0.50329
-0.545769
-0.6306
-0.754594
-0.926376
-1.04863
-0.652946
-0.378694
-0.429408
-0.445303
-0.445303

0.457401
-0.457401
-0.489478
-0.48623
-0.480589
-0.455416
-0.483013
-0.497163
-0.501486
-0.514337
-0.523718
-0.544464
-0.589653
-0.677577
-0.829162
-1.03849
-1.25064
-0.779198
-0.435453
-0.475293
-0.484167
-0.484167

0.497987
-0.497987
-0.530805
-0.526324
-0.517986
-0.482629
-0.515383
-0.533346
-0.53658
-0.551096
-0.562583
-0.584476
-0.631328
-0.720948
-0.895146
-1.1139
-1.43888
-0.904208
-0.490796
-0.520276
-0.522975
-0.522975

0.539254
-0.539254
-0.57145
-0.566164
-0.556285
-0.517929
-0.550846
-0.570475
-0.573184
-0.58823
-0.600889
-0.623288
-0.670777
-0.761577
-0.944214
-1.12519
-1.55049
-1.00269
-0.539451
-0.562771
-0.561675
-0.561675

0.581057
-0.581057
-0.611214
-0.605812
-0.595844
-0.55797
-0.589367
-0.60884
-0.611248
-0.625809
-0.638667
-0.660939
-0.708083
-0.798848
-0.975239
-1.14095
-1.58307
-1.04727
-0.576543
-0.601622
-0.600263
-0.600263

0.541993
-0.581057
-0.611214
-0.605812
-0.595844
-0.55797
-0.589367
-0.60884
-0.611248
-0.625809
-0.638667
-0.660939
-0.708083
-0.798848
-0.975239
-1.14095
-1.58307
-1.04727
-0.576543
-0.601622
-0.600263
-0.559317

0
0
0
0
0
0
0
0
0
0
0
0
0
0
0
0
0
0
0
0
0
0


0
0
0
0
0
0
0
0
0
0
0
0
0
0
0
0
0
0
0
0
0
0

0.091472
-0.091472
-0.0907971
-0.0923785
-0.0918432
-0.0913355
-0.099364
-0.0983091
-0.0993615
-0.100293
-0.099482
-0.100497
-0.102198
-0.108905
-0.115122
-0.121431
-0.123116
-0.10105
-0.0885564
-0.093214
-0.0949454
-0.0949454

0.124826
-0.124826
-0.126005
-0.129177
-0.128052
-0.127554
-0.142814
-0.140783
-0.142879
-0.144666
-0.143084
-0.145174
-0.148857
-0.162159
-0.174653
-0.187567
-0.191862
-0.146797
-0.121176
-0.130552
-0.134376
-0.134376

0.158735
-0.158735
-0.162207
-0.166331
-0.165248
-0.159761
-0.182589
-0.182345
-0.186013
-0.188561
-0.186463
-0.189853
-0.196449
-0.216023
-0.234761
-0.254576
-0.260468
-0.193556
-0.154247
-0.167836
-0.173579
-0.173579

0.193418
-0.193418
-0.200101
-0.204219
-0.203605
-0.193571
-0.220091
-0.223051
-0.228675
-0.231825
-0.229638
-0.234612
-0.245181
-0.270752
-0.295804
-0.323063
-0.327457
-0.241813
-0.18846
-0.205466
-0.212677
-0.212677

0.22897
-0.22897
-0.239753
-0.242994
-0.242856
-0.23346
-0.257691
-0.263145
-0.270644
-0.27425
-0.27253
-0.279355
-0.29449
-0.326189
-0.358043
-0.39392
-0.395603
-0.292535
-0.224339
-0.24372
-0.251712
-0.251712

0.265373
-0.265373
-0.280731
-0.282596
-0.282659
-0.277908
-0.296123
-0.302751
-0.311663
-0.315698
-0.31502
-0.323873
-0.343519
-0.381898
-0.421646
-0.468179
-0.470321
-0.34783
-0.262572
-0.282849
-0.290707
-0.290707

0.302552
-0.302552
-0.322449
-0.322794
-0.322643
-0.32305
-0.334987
-0.341879
-0.351487
-0.356135
-0.357006
-0.367952
-0.391832
-0.437316
-0.486638
-0.546569
-0.556018
-0.410373
-0.303961
-0.323063
-0.329675
-0.329675

0.340422
-0.340422
-0.36442
-0.363279
-0.362425
-0.365789
-0.37357
-0.380483
-0.389934
-0.395613
-0.398416
-0.411424
-0.43922
-0.491694
-0.552779
-0.629334
-0.655894
-0.482484
-0.349088
-0.364457
-0.368623
-0.368623

0.378925
-0.378925
-0.406327
-0.403781
-0.401691
-0.403993
-0.411141
-0.418526
-0.42706
-0.434265
-0.439222
-0.454159
-0.485441
-0.544158
-0.619461
-0.716779
-0.773183
-0.565125
-0.397804
-0.406923
-0.407562
-0.407562

0.418038
-0.418038
-0.447997
-0.444135
-0.440317
-0.436473
-0.447173
-0.456052
-0.463356
-0.472325
-0.479433
-0.49606
-0.530225
-0.593874
-0.685521
-0.807814
-0.910693
-0.657185
-0.448982
-0.450098
-0.446493
-0.446493

0.457781
-0.457781
-0.489328
-0.484279
-0.478496
-0.465703
-0.482002
-0.493278
-0.499527
-0.510077
-0.519077
-0.537046
-0.573354
-0.640336
-0.748826
-0.895664
-1.06568
-0.755098
-0.500663
-0.493335
-0.485404
-0.485404

0.4982
-0.4982
-0.530224
-0.524213
-0.516719
-0.497207
-0.51717
-0.530612
-0.536145
-0.547762
-0.558176
-0.577048
-0.614693
-0.683637
-0.805762
-0.964219
-1.21814
-0.850528
-0.550106
-0.53573
-0.524256
-0.524256

0.539345
-0.539345
-0.570538
-0.563938
-0.55545
-0.532893
-0.553887
-0.568444
-0.573507
-0.585519
-0.596724
-0.616002
-0.654153
-0.7239
-0.851936
-0.999402
-1.32596
-0.927704
-0.594047
-0.576306
-0.562984
-0.562984

0.581023
-0.581023
-0.610022
-0.603426
-0.594919
-0.572029
-0.592483
-0.606965
-0.611644
-0.62337
-0.634699
-0.653883
-0.69176
-0.761154
-0.886949
-1.02278
-1.36534
-0.968335
-0.629571
-0.614277
-0.601536
-0.601536

0.541757
-0.581023
-0.610022
-0.603426
-0.594919
-0.572029
-0.592483
-0.606965
-0.611644
-0.62337
-0.634699
-0.653883
-0.69176
-0.761154
-0.886949
-1.02278
-1.36534
-0.968335
-0.629571
-0.614277
-0.601536
-0.560424

0
0
0
0
0
0
0
0
0
0
0
0
0
0
0
0
0
0
0
0
0
0


0
0
0
0
0
0
0
0
0
0
0
0
0
0
0
0
0
0
0
0
0
0

0.0926285
-0.0926285
-0.0937154
-0.0937583
-0.0933262
-0.0924764
-0.0964354
-0.0968811
-0.0980691
-0.0990174
-0.0991736
-0.100363
-0.102321
-0.106878
-0.11129
-0.115414
-0.116232
-0.107051
-0.0990432
-0.0977775
-0.0954971
-0.0954971

0.126505
-0.126505
-0.130945
-0.131284
-0.130309
-0.129248
-0.136784
-0.137582
-0.139893
-0.141716
-0.141987
-0.144366
-0.148399
-0.157539
-0.166576
-0.175225
-0.177582
-0.157808
-0.141025
-0.13893
-0.134999
-0.134999

0.160755
-0.160755
-0.168412
-0.168849
-0.167426
-0.165133
-0.176011
-0.177845
-0.181393
-0.184049
-0.18455
-0.188231
-0.194696
-0.208326
-0.222061
-0.235507
-0.239496
-0.208987
-0.182798
-0.179693
-0.174231
-0.174231

0.195576
-0.195576
-0.206599
-0.206761
-0.205037
-0.201077
-0.214148
-0.217683
-0.222595
-0.226023
-0.226941
-0.232059
-0.241396
-0.259402
-0.27795
-0.29658
-0.30164
-0.26127
-0.225085
-0.220466
-0.213367
-0.213367

0.231062
-0.231062
-0.245664
-0.245158
-0.24319
-0.238746
-0.251961
-0.257174
-0.263413
-0.26755
-0.269128
-0.275807
-0.28831
-0.310699
-0.334337
-0.358816
-0.364683
-0.315206
-0.268245
-0.26142
-0.25246
-0.25246

0.267241
-0.267241
-0.285519
-0.284057
-0.281794
-0.278367
-0.289995
-0.296394
-0.303734
-0.308549
-0.311043
-0.319359
-0.335057
-0.361981
-0.391245
-0.422659
-0.430579
-0.371617
-0.312544
-0.302647
-0.291524
-0.291524

0.304103
-0.304103
-0.325942
-0.323385
-0.320697
-0.318912
-0.328315
-0.33538
-0.343452
-0.348979
-0.352612
-0.362575
-0.381321
-0.412911
-0.44861
-0.488491
-0.50158
-0.431472
-0.358177
-0.344187
-0.330568
-0.330568

0.341627
-0.341627
-0.366701
-0.363011
-0.359718
-0.359094
-0.366703
-0.374135
-0.382501
-0.388845
-0.39378
-0.405331
-0.426888
-0.463061
-0.506231
-0.556492
-0.579736
-0.495493
-0.405147
-0.386019
-0.369598
-0.369598

0.379804
-0.379804
-0.407602
-0.402799
-0.398695
-0.397871
-0.404854
-0.412659
-0.42091
-0.428202
-0.434509
-0.447522
-0.47157
-0.511938
-0.56369
-0.626627
-0.667091
-0.563791
-0.453114
-0.428041
-0.40862
-0.40862

0.418647
-0.418647
-0.448504
-0.442643
-0.437537
-0.434656
-0.442525
-0.450981
-0.458865
-0.467152
-0.474788
-0.489063
-0.515181
-0.559052
-0.620235
-0.697996
-0.765467
-0.635679
-0.501343
-0.470044
-0.447641
-0.447641

0.458195
-0.458195
-0.489293
-0.482476
-0.476291
-0.469973
-0.479774
-0.489199
-0.496663
-0.505826
-0.514615
-0.529886
-0.557559
-0.604017
-0.67456
-0.767087
-0.87415
-0.709327
-0.548738
-0.511704
-0.486657
-0.486657

0.498512
-0.498512
-0.529845
-0.522259
-0.515141
-0.505673
-0.517129
-0.527487
-0.534584
-0.544343
-0.553989
-0.569927
-0.598575
-0.646622
-0.724605
-0.826238
-0.983661
-0.780521
-0.593849
-0.552568
-0.525643
-0.525643

0.53964
-0.53964
-0.569972
-0.561934
-0.554285
-0.543015
-0.555152
-0.566011
-0.572782
-0.582758
-0.592874
-0.609109
-0.638122
-0.68672
-0.767987
-0.867771
-1.06969
-0.840903
-0.634855
-0.592072
-0.564526
-0.564526

0.581312
-0.581312
-0.609338
-0.601357
-0.593756
-0.582076
-0.594042
-0.604789
-0.611218
-0.620998
-0.631158
-0.647324
-0.676138
-0.724342
-0.804366
-0.897335
-1.10985
-0.87978
-0.670024
-0.629617
-0.603169
-0.603169

0.5418
-0.581312
-0.609338
-0.601357
-0.593756
-0.582076
-0.594042
-0.604789
-0.611218
-0.620998
-0.631158
-0.647324
-0.676138
-0.724342
-0.804366
-0.897335
-1.10985
-0.87978
-0.670024
-0.629617
-0.603169
-0.561845

0
0
0
0
0
0
0
0
0
0
0
0
0
0
0
0
0
0
0
0
0
0


0
0
0
0
0
0
0
0
0
0
0
0
0
0
0
0
0
0
0
0
0
0

0.0941374
-0.0941374
-0.0964008
-0.0954768
-0.0949245
-0.0944997
-0.0956401
-0.0966151
-0.0977793
-0.0987653
-0.0995152
-0.100742
-0.102583
-0.105555
-0.108666
-0.111348
-0.112548
-0.112896
-0.108067
-0.102422
-0.0967456
-0.0967456

0.128
-0.128
-0.134607
-0.133028
-0.131862
-0.131242
-0.133245
-0.13526
-0.137572
-0.139506
-0.141092
-0.143593
-0.147371
-0.153118
-0.159228
-0.164483
-0.16686
-0.166758
-0.156903
-0.146152
-0.135704
-0.135704

0.162401
-0.162401
-0.172907
-0.170743
-0.16892
-0.168087
-0.170968
-0.174025
-0.177442
-0.180305
-0.18273
-0.186517
-0.192267
-0.20076
-0.209933
-0.217887
-0.221693
-0.221066
-0.205819
-0.18986
-0.174766
-0.174766

0.197312
-0.197312
-0.211408
-0.208627
-0.2061
-0.204932
-0.208687
-0.212817
-0.21729
-0.221055
-0.224332
-0.229422
-0.237185
-0.248356
-0.260639
-0.271422
-0.276922
-0.275899
-0.2548
-0.23344
-0.213865
-0.213865

0.232756
-0.232756
-0.250204
-0.246725
-0.24346
-0.241862
-0.246393
-0.251598
-0.257061
-0.261694
-0.265839
-0.27224
-0.282043
-0.295798
-0.311229
-0.324988
-0.332397
-0.331265
-0.303815
-0.276836
-0.252976
-0.252976

0.268765
-0.268765
-0.289343
-0.285071
-0.281065
-0.279051
-0.284166
-0.290364
-0.296719
-0.302172
-0.307195
-0.314893
-0.326718
-0.342955
-0.361573
-0.378489
-0.38801
-0.387068
-0.352755
-0.319979
-0.292086
-0.292086

0.305368
-0.305368
-0.328825
-0.323685
-0.318962
-0.31663
-0.322104
-0.329129
-0.336242
-0.342453
-0.34835
-0.3573
-0.371058
-0.389667
-0.411511
-0.431831
-0.443699
-0.443104
-0.401429
-0.362794
-0.331191
-0.331191

0.342596
-0.342596
-0.368612
-0.362562
-0.35717
-0.354645
-0.360278
-0.367916
-0.375624
-0.382517
-0.389258
-0.399375
-0.414906
-0.43575
-0.460846
-0.484863
-0.499372
-0.499055
-0.449575
-0.4052
-0.370293
-0.370293

0.380485
-0.380485
-0.408646
-0.40168
-0.395684
-0.393073
-0.398714
-0.406748
-0.41487
-0.422359
-0.429885
-0.441043
-0.458122
-0.481
-0.509312
-0.537332
-0.554795
-0.554465
-0.496879
-0.447123
-0.409401
-0.409401

0.419089
-0.419089
-0.448852
-0.441008
-0.434483
-0.431838
-0.437404
-0.445649
-0.45401
-0.461992
-0.470205
-0.482238
-0.500582
-0.525201
-0.556547
-0.588791
-0.609449
-0.608723
-0.542985
-0.488487
-0.448527
-0.448527

0.458482
-0.458482
-0.489147
-0.480514
-0.473555
-0.470849
-0.476325
-0.484649
-0.493098
-0.501445
-0.51021
-0.522914
-0.542191
-0.568139
-0.60206
-0.63847
-0.662246
-0.660937
-0.587504
-0.529223
-0.48769
-0.48769

0.498774
-0.498774
-0.529435
-0.520173
-0.512913
-0.510113
-0.515494
-0.523793
-0.532205
-0.540762
-0.549905
-0.563043
-0.582879
-0.609626
-0.645247
-0.685132
-0.71113
-0.709748
-0.630004
-0.569259
-0.526911
-0.526911

0.540088
-0.540088
-0.569584
-0.559965
-0.552596
-0.54973
-0.55497
-0.563138
-0.571404
-0.579989
-0.5893
-0.602612
-0.622612
-0.649538
-0.685562
-0.727297
-0.753366
-0.753191
-0.669979
-0.608501
-0.566212
-0.566212

0.582193
-0.582193
-0.609277
-0.599746
-0.592523
-0.58967
-0.594704
-0.602616
-0.610625
-0.619043
-0.628302
-0.641537
-0.661359
-0.687939
-0.723131
-0.764287
-0.788546
-0.789221
-0.706538
-0.646568
-0.605473
-0.605473

0.542353
-0.582193
-0.609277
-0.599746
-0.592523
-0.58967
-0.594704
-0.602616
-0.610625
-0.619043
-0.628302
-0.641537
-0.661359
-0.687939
-0.723131
-0.764287
-0.788546
-0.789221
-0.706538
-0.646568
-0.605473
-0.563842

0
0
0
0
0
0
0
0
0
0
0
0
0
0
0
0
0
0
0
0
0
0


0
0
0
0
0
0
0
0
0
0
0
0
0
0
0
0
0
0
0
0
0
0

0
-0.0941374
-0.0964008
-0.0954768
-0.0949245
-0.0944997
-0.0956401
-0.0966151
-0.0977793
-0.0987653
-0.0995152
-0.100742
-0.102583
-0.105555
-0.108666
-0.111348
-0.112548
-0.112896
-0.108067
-0.102422
-0.0967456
0

0
-0.128
-0.134607
-0.133028
-0.131862
-0.131242
-0.133245
-0.13526
-0.137572
-0.139506
-0.141092
-0.143593
-0.147371
-0.153118
-0.159228
-0.164483
-0.16686
-0.166758
-0.156903
-0.146152
-0.135704
0

0
-0.162401
-0.172907
-0.170743
-0.16892
-0.168087
-0.170968
-0.174025
-0.177442
-0.180305
-0.18273
-0.186517
-0.192267
-0.20076
-0.209933
-0.217887
-0.221693
-0.221066
-0.205819
-0.18986
-0.174766
0

0
-0.197312
-0.211408
-0.208627
-0.2061
-0.204932
-0.208687
-0.212817
-0.21729
-0.221055
-0.224332
-0.229422
-0.237185
-0.248356
-0.260639
-0.271422
-0.276922
-0.275899
-0.2548
-0.23344
-0.213865
0

0
-0.232756
-0.250204
-0.246725
-0.24346
-0.241862
-0.246393
-0.251598
-0.257061
-0.261694
-0.265839
-0.27224
-0.282043
-0.295798
-0.311229
-0.324988
-0.332397
-0.331265
-0.303815
-0.276836
-0.252976
0

0
-0.268765
-0.289343
-0.285071
-0.281065
-0.279051
-0.284166
-0.290364
-0.296719
-0.302172
-0.307195
-0.314893
-0.326718
-0.342955
-0.361573
-0.378489
-0.38801
-0.387068
-0.352755
-0.319979
-0.292086
0

0
-0.305368
-0.328825
-0.323685
-0.318962
-0.31663
-0.322104
-0.329129
-0.336242
-0.342453
-0.34835
-0.3573
-0.371058
-0.389667
-0.411511
-0.431831
-0.443699
-0.443104
-0.401429
-0.362794
-0.331191
0

0
-0.342596
-0.368612
-0.362562
-0.35717
-0.354645
-0.360278
-0.367916
-0.375624
-0.382517
-0.389258
-0.399375
-0.414906
-0.43575
-0.460846
-0.484863
-0.499372
-0.499055
-0.449575
-0.4052
-0.370293
0

0
-0.380485
-0.408646
-0.40168
-0.395684
-0.393073
-0.398714
-0.406748
-0.41487
-0.422359
-0.429885
-0.441043
-0.458122
-0.481
-0.509312
-0.537332
-0.554795
-0.554465
-0.496879
-0.447123
-0.409401
0

0
-0.419089
-0.448852
-0.441008
-0.434483
-0.431838
-0.437404
-0.445649
-0.45401
-0.461992
-0.470205
-0.482238
-0.500582
-0.525201
-0.556547
-0.588791
-0.609449
-0.608723
-0.542985
-0.488487
-0.448527
0

0
-0.458482
-0.489147
-0.480514
-0.473555
-0.470849
-0.476325
-0.484649
-0.493098
-0.501445
-0.51021
-0.522914
-0.542191
-0.568139
-0.60206
-0.63847
-0.662246
-0.660937
-0.587504
-0.529223
-0.48769
0

0
-0.498774
-0.529435
-0.520173
-0.512913
-0.510113
-0.515494
-0.523793
-0.532205
-0.540762
-0.549905
-0.563043
-0.582879
-0.609626
-0.645247
-0.685132
-0.71113
-0.709748
-0.630004
-0.569259
-0.526911
0

0
-0.540088
-0.569584
-0.559965
-0.552596
-0.54973
-0.55497
-0.563138
-0.571404
-0.579989
-0.5893
-0.602612
-0.622612
-0.649538
-0.685562
-0.727297
-0.753366
-0.753191
-0.669979
-0.608501
-0.566212
0

0
-0.582193
-0.609277
-0.599746
-0.592523
-0.58967
-0.594704
-0.602616
-0.610625
-0.619043
-0.628302
-0.641537
-0.661359
-0.687939
-0.723131
-0.764287
-0.788546
-0.789221
-0.706538
-0.646568
-0.605473
0

0
-0.582193
-0.609277
-0.599746
-0.592523
-0.58967
-0.594704
-0.602616
-0.610625
-0.619043
-0.628302
-0.641537
-0.661359
-0.687939
-0.723131
-0.764287
-0.788546
-0.789221
-0.706538
-0.646568
-0.605473
0

0
0
0
0
0
0
0
0
0
0
0
0
0
0
0
0
0
0
0
0
0
0


