0
0
0
0
0
0
0
0
0
0
0
0
0
0
0
0
0
0
0
0
0
0

0
0
0
0
0
0
0
0
0
0
0
0
0
0
0
0
0
0
0
0
0
0

0
0
0
0
0
0
0
0
0
0
0
0
0
0
0
0
0
0
0
0
0
0

0
0
0
0
0
0
0
0
0
0
0
0
0
0
0
0
0
0
0
0
0
0

0
0
0
0
0
0
0
0
0
0
0
0
0
0
0
0
0
0
0
0
0
0

0
0
0
0
0
0
0
0
0
0
0
0
0
0
0
0
0
0
0
0
0
0

0
0
0
0
0
0
0
0
0
0
0
0
0
0
0
0
0
0
0
0
0
0

0
0
0
0
0
0
0
0
0
0
0
0
0
0
0
0
0
0
0
0
0
0

0
0
0
0
0
0
0
0
0
0
0
0
0
0
0
0
0
0
0
0
0
0

0
0
0
0
0
0
0
0
0
0
0
0
0
0
0
0
0
0
0
0
0
0

0
0
0
0
0
0
0
0
0
0
0
0
0
0
0
0
0
0
0
0
0
0

0
0
0
0
0
0
0
0
0
0
0
0
0
0
0
0
0
0
0
0
0
0

0
0
0
0
0
0
0
0
0
0
0
0
0
0
0
0
0
0
0
0
0
0

0
0
0
0
0
0
0
0
0
0
0
0
0
0
0
0
0
0
0
0
0
0

0
0
0
0
0
0
0
0
0
0
0
0
0
0
0
0
0
0
0
0
0
0

0
0
0
0
0
0
0
0
0
0
0
0
0
0
0
0
0
0
0
0
0
0

0
0
0
0
0
0
0
0
0
0
0
0
0
0
0
0
0
0
0
0
0
0


0
0
0
0
0
0
0
0
0
0
0
0
0
0
0
0
0
0
0
0
0
0

0.5
0.487184
0.516766
0.580441
0.554572
0.513264
0.47527
0.517775
0.378399
0.657315
0.545784
0.556128
0.710382
0.552745
0.799498
1.40708
0.417985
0.621438
0.545686
0.474115
0.473052
0

0.5
0.483027
0.514062
0.488584
0.539901
0.505922
0.469047
0.518487
0.531555
0.429954
0.523165
0.558741
0.728126
0.711094
0.797962
1.38938
0.304907
0.625522
0.541402
0.468132
0.467385
0

0.5
0.487577
0.507977
0.584598
0.562602
0.483788
0.498885
0.526304
0.519183
0.465085
0.520394
0.624444
0.622323
0.688791
0.79997
0.707994
1.36784
0.764617
0.54705
0.461551
0.460763
0

0.5
0.490962
0.505732
0.583978
0.62829
0.410412
0.47772
0.50631
0.5392
0.480744
0.516557
0.608091
0.598431
0.666565
0.782428
0.601501
1.26544
0.762807
0.538951
0.450469
0.449675
0

0.5
0.493329
0.535574
0.484116
0.637617
0.398344
0.470943
0.514986
0.517859
0.512784
0.517846
0.444351
-0.544638
0.638854
0.821175
0.659871
1.239
0.767053
0.539338
0.435952
0.435126
0

0.5
0.495116
0.529215
0.550366
0.672543
0.376086
0.465038
0.52757
0.501087
0.49369
0.511239
0.484141
0.77786
0.683582
0.777579
0.70651
1.27951
0.856468
0.368706
0.406027
0.405579
0

0.5
0.495881
0.523708
0.54435
0.704018
0.349215
0.460687
0.533463
0.477972
0.499437
0.508826
0.496656
0.711044
0.697551
0.819304
0.765166
1.3557
0.859775
0.33739
0.386349
0.385961
0

0.5
0.495949
0.51834
0.535291
0.740493
0.31614
0.460805
0.457817
0.586143
0.513122
0.507427
0.503381
0.667614
0.688443
1.39099
0.827409
1.47328
0.852776
0.278246
0.37
0.369752
0

0.5
0.495532
0.513044
0.523783
0.786713
0.399848
0.477456
0.468473
0.56174
0.515585
0.505459
0.504632
0.628589
0.718327
0.301137
0.664218
1.60999
0.850855
0.247365
0.287569
0.286834
0

0.5
0.494808
0.507442
0.525188
0.298225
0.817809
0.473862
0.477041
0.553937
0.517127
0.50266
0.501258
0.592694
0.706469
0.809765
0.642612
1.88779
0.76564
0.140974
0.273305
0.272621
0

0.5
0.493905
0.502477
0.50613
0.308757
0.67483
0.5836
0.500605
0.552952
0.518241
0.504803
0.493119
0.549085
0.726239
0.784238
0.53081
2.32314
0.701385
0.00892181
0.258155
0.257562
0

0.5
0.493023
0.497637
0.493855
0.373141
0.616806
0.568138
0.508535
0.554809
0.517485
0.497252
0.485321
0.515117
0.734909
0.66771
0.560436
2.66315
0.713813
-0.130478
0.25013
0.249464
0

0.5
0.494502
0.490726
0.487672
0.419739
0.582937
0.55962
0.540725
0.516593
0.513003
0.511112
0.47399
0.47313
0.690009
-0.325253
1.00653
3.50059
0.692399
-0.303818
0.255068
0.254105
0

0.5
0.492227
0.487916
0.483944
0.458499
0.555533
0.551562
0.541918
0.52454
0.512096
0.488459
0.461133
0.429344
0.222818
0.371704
0.392494
4.45287
0.760615
-0.619225
0.287243
0.285245
0

0.5
0.48851
0.483074
0.480013
0.488782
0.52632
0.541099
0.538326
0.526131
0.508884
0.483537
0.447919
0.390415
0.293009
0.276581
0.2917
-0.641997
0.163538
0.466344
0.386141
0.38554
0

0
0
0
0
0
0
0
0
0
0
0
0
0
0
0
0
0
0
0
0
0
0


0
0
0
0
0
0
0
0
0
0
0
0
0
0
0
0
0
0
0
0
0
0

0.5
0.470418
0.539136
0.564163
0.55056
0.523055
0.494184
0.507854
0.533519
0.4628
0.532645
0.51836
0.740275
0.734618
0.806562
1.07777
0.703908
0.740222
0.573948
0.497923
0.496599
0

0.5
0.451565
0.568237
0.569363
0.540037
0.526206
0.498456
0.50294
0.533857
0.478284
0.528064
0.543001
0.701497
0.714456
0.79874
1.01733
0.807561
0.722062
0.566689
0.491867
0.490891
0

0.5
0.474819
0.529709
0.564136
0.552873
0.499198
0.497654
0.514727
0.527727
0.484266
0.524907
0.570889
0.673433
0.70501
0.800312
0.719986
1.11883
0.754898
0.561402
0.485227
0.484248
0

0.5
0.487242
0.520152
0.56088
0.576205
0.47684
0.491925
0.512857
0.526825
0.491713
0.52198
0.562575
0.658984
0.706033
0.812617
0.66694
1.11152
0.772838
0.548353
0.474584
0.473615
0

0.5
0.492728
0.524473
0.553782
0.596464
0.455864
0.486913
0.515436
0.521426
0.497109
0.519791
0.500385
0.607699
0.677375
0.831289
0.589211
1.12771
0.791394
0.519603
0.459368
0.458447
0

0.5
0.495392
0.52364
0.544629
0.607929
0.443184
0.484395
0.518504
0.516401
0.502781
0.516872
0.509896
0.711599
0.687229
0.801269
0.711808
1.19006
0.830804
0.468195
0.439393
0.438525
0

0.5
0.496617
0.520336
0.539415
0.609755
0.43987
0.485406
0.5159
0.518572
0.507725
0.514691
0.514793
0.677921
0.690143
0.743168
0.766102
1.26546
0.851263
0.420262
0.417371
0.416584
0

0.5
0.49701
0.51622
0.532412
0.598243
0.446555
0.492294
0.492572
0.540648
0.51352
0.512879
0.516145
0.645921
0.690796
0.714202
0.780942
1.36181
0.869097
0.372609
0.391631
0.390889
0

0.5
0.49693
0.51171
0.52382
0.536724
0.500911
0.511797
0.492523
0.544649
0.516752
0.510845
0.514315
0.613162
0.683299
0.740378
0.776795
1.4899
0.900703
0.327786
0.357099
0.355967
0

0.5
0.496681
0.506808
0.516429
0.305429
0.759294
0.565377
0.502168
0.543537
0.518185
0.508365
0.509552
0.576378
0.680758
0.701244
0.748013
1.71549
1.01553
0.26661
0.33227
0.331271
0

0.5
0.49669
0.501496
0.50484
0.370397
0.615246
0.560281
0.509313
0.541713
0.518453
0.505392
0.502338
0.533256
0.687272
0.638693
0.697249
1.94698
0.894199
0.160899
0.313069
0.312214
0

0.5
0.497866
0.494524
0.496912
0.411755
0.585517
0.555679
0.517069
0.538476
0.517745
0.501906
0.493
0.510633
0.62987
0.431299
0.693194
2.30997
0.842789
0.0444606
0.300083
0.299326
0

0.5
0.501291
0.48236
0.493854
0.443018
0.56394
0.550592
0.530833
0.529453
0.515917
0.497946
0.48224
0.478721
0.538154
0.0356595
0.858313
2.86087
0.820741
-0.0850453
0.294743
0.294023
0

0.5
0.496607
0.487573
0.488376
0.470347
0.54514
0.545048
0.535838
0.527333
0.514412
0.494527
0.470457
0.440772
0.328329
0.324267
0.376708
3.56906
0.815162
-0.201136
0.299386
0.298717
0

0.5
0.490994
0.486205
0.48372
0.491441
0.524609
0.536874
0.535001
0.525383
0.510849
0.489092
0.458161
0.408052
0.33013
0.298178
0.177296
3.50914
0.84541
-0.547415
0.313907
0.313547
0

0
0
0
0
0
0
0
0
0
0
0
0
0
0
0
0
0
0
0
0
0
0


0
0
0
0
0
0
0
0
0
0
0
0
0
0
0
0
0
0
0
0
0
0

0.5
0.477435
0.534441
0.548936
0.540524
0.517313
0.49814
0.512058
0.53353
0.49772
0.534982
0.52962
0.707818
0.718206
0.791931
0.93501
0.802701
0.736592
0.587845
0.51827
0.516935
0

0.5
0.471369
0.535167
0.547556
0.523676
0.53388
0.500621
0.511116
0.528984
0.495363
0.530814
0.54748
0.684501
0.708935
0.785783
0.898779
0.836203
0.737165
0.581473
0.512413
0.511435
0

0.5
0.48087
0.527262
0.54778
0.534704
0.520572
0.501416
0.513662
0.526583
0.498363
0.529185
0.558662
0.672267
0.702807
0.784051
0.783757
0.960731
0.754205
0.574641
0.506316
0.505338
0

0.5
0.488433
0.522036
0.546092
0.547988
0.503188
0.499518
0.514513
0.525042
0.502396
0.527178
0.554691
0.670563
0.697611
0.784333
0.74272
1.0214
0.773078
0.561517
0.496707
0.495734
0

0.5
0.493075
0.520847
0.541788
0.559195
0.489016
0.49737
0.515386
0.523024
0.506314
0.525118
0.531335
0.684002
0.691673
0.782582
0.743163
1.06256
0.792799
0.538947
0.483435
0.482479
0

0.5
0.495703
0.519472
0.537599
0.563841
0.481466
0.496818
0.515723
0.521938
0.509915
0.522882
0.530452
0.673951
0.685605
0.770133
0.752972
1.11405
0.815079
0.507007
0.466736
0.465803
0

0.5
0.49707
0.517095
0.532839
0.559388
0.481904
0.499149
0.513479
0.524238
0.51337
0.520901
0.530257
0.654524
0.68117
0.742211
0.780664
1.18114
0.835589
0.47149
0.447311
0.446395
0

0.5
0.497663
0.51399
0.526743
0.543292
0.491847
0.505789
0.507073
0.531751
0.516715
0.518998
0.528494
0.631061
0.675055
0.720997
0.7976
1.26567
0.856197
0.432586
0.425226
0.424302
0

0.5
0.497812
0.510407
0.519181
0.495599
0.530392
0.519642
0.506323
0.535645
0.518985
0.51689
0.524769
0.605047
0.664827
0.701307
0.802234
1.37211
0.879884
0.388351
0.400898
0.399906
0

0.5
0.497786
0.506461
0.511705
0.362335
0.654392
0.545141
0.510737
0.536413
0.520076
0.51441
0.519067
0.576116
0.650928
0.671676
0.794403
1.51157
0.894184
0.329443
0.378812
0.377853
0

0.5
0.497847
0.502221
0.504046
0.41037
0.590558
0.547998
0.515853
0.535664
0.520215
0.511516
0.511604
0.544226
0.629842
0.614375
0.766899
1.76027
0.874653
0.257853
0.360374
0.359497
0

0.5
0.498262
0.497608
0.49844
0.438655
0.567927
0.546707
0.521532
0.533691
0.519588
0.508268
0.502697
0.518917
0.585382
0.488515
0.734816
2.06533
0.87034
0.176453
0.345903
0.345127
0

0.5
0.498904
0.493035
0.494942
0.461183
0.551724
0.543854
0.528216
0.530299
0.518389
0.504785
0.492701
0.489995
0.514092
0.27088
0.717244
2.47944
0.883898
0.0892113
0.336088
0.335415
0

0.5
0.497309
0.49174
0.491958
0.480846
0.538104
0.540228
0.532633
0.528448
0.517063
0.50121
0.482006
0.45802
0.403788
0.336544
0.36427
3.01177
0.935737
0.00186853
0.33124
0.3307
0

0.5
0.493094
0.489197
0.487714
0.495049
0.522809
0.533839
0.532625
0.525247
0.513415
0.495742
0.470637
0.430274
0.370826
0.336638
0.098821
3.57947
0.998033
-0.0751946
0.328075
0.327837
0

0
0
0
0
0
0
0
0
0
0
0
0
0
0
0
0
0
0
0
0
0
0


0
0
0
0
0
0
0
0
0
0
0
0
0
0
0
0
0
0
0
0
0
0

0.5
0.485635
0.527915
0.535363
0.47365
0.431945
0.489671
0.514669
0.53053
0.509726
0.538297
0.552735
0.679595
0.708267
0.776601
0.867275
0.836353
0.744672
0.603348
0.539387
0.538027
0

0.5
0.483499
0.525248
0.533931
0.472741
0.544533
0.503476
0.513807
0.527116
0.50759
0.534818
0.556579
0.668923
0.701759
0.770866
0.847707
0.853644
0.744749
0.597099
0.533771
0.53278
0

0.5
0.487239
0.522531
0.534996
0.506945
0.544817
0.506432
0.51516
0.526094
0.509211
0.533801
0.560462
0.662582
0.697566
0.768039
0.807082
0.907181
0.75561
0.590786
0.52848
0.527486
0

0.5
0.491312
0.519845
0.535011
0.524637
0.525718
0.506199
0.51597
0.525202
0.511465
0.532368
0.558126
0.659481
0.692813
0.764659
0.779346
0.957181
0.770294
0.57984
0.520266
0.519269
0

0.5
0.494442
0.518167
0.533379
0.53495
0.5115
0.505444
0.516413
0.524488
0.51388
0.530666
0.549329
0.659723
0.687336
0.759399
0.772692
1.00013
0.786611
0.563162
0.509144
0.508145
0

0.5
0.496508
0.516643
0.530677
0.538342
0.504462
0.505671
0.516363
0.524495
0.516231
0.528829
0.545213
0.651945
0.680889
0.74953
0.778247
1.04798
0.804043
0.541035
0.495343
0.494342
0

0.5
0.497728
0.514728
0.526985
0.534578
0.50414
0.507876
0.515386
0.526
0.518453
0.526982
0.542367
0.638258
0.673628
0.732505
0.79195
1.10716
0.821905
0.514546
0.479234
0.478227
0

0.5
0.498354
0.512346
0.522129
0.522138
0.511307
0.512866
0.513668
0.529069
0.520429
0.525057
0.538915
0.620673
0.66435
0.713559
0.804334
1.18211
0.840089
0.483826
0.461286
0.460264
0

0.5
0.498609
0.509587
0.516197
0.494187
0.531877
0.521479
0.513792
0.531396
0.521816
0.522917
0.534248
0.600293
0.651485
0.691985
0.81076
1.27952
0.857696
0.447598
0.442336
0.441294
0

0.5
0.498679
0.506556
0.51007
0.43936
0.577339
0.533589
0.516253
0.532336
0.522467
0.520465
0.528223
0.577545
0.633766
0.661808
0.808486
1.41146
0.870247
0.403638
0.424004
0.422974
0

0.5
0.498723
0.503386
0.504661
0.447101
0.566121
0.538667
0.519689
0.532199
0.522436
0.517674
0.520922
0.553049
0.608414
0.613685
0.792267
1.59088
0.879302
0.352919
0.407475
0.406493
0

0.5
0.498824
0.500211
0.500553
0.461603
0.553393
0.539391
0.523513
0.531257
0.521855
0.514594
0.51257
0.529017
0.569782
0.531873
0.755321
1.82495
0.89552
0.29721
0.393306
0.392393
0

0.5
0.498861
0.497358
0.497697
0.475961
0.542474
0.538166
0.527493
0.529794
0.5209
0.511324
0.503421
0.503423
0.51579
0.412639
0.677184
2.13814
0.927672
0.239552
0.381833
0.381011
0

0.5
0.498291
0.495559
0.495458
0.489349
0.532877
0.536006
0.530726
0.528596
0.519726
0.507914
0.493778
0.476437
0.448304
0.391734
0.431256
2.54268
0.982436
0.183309
0.372894
0.372195
0

0.5
0.495062
0.492168
0.491556
0.498391
0.521303
0.530959
0.530468
0.525196
0.516075
0.502497
0.483282
0.452679
0.409989
0.382741
0.192541
2.99103
1.0466
0.117949
0.362774
0.362332
0

0
0
0
0
0
0
0
0
0
0
0
0
0
0
0
0
0
0
0
0
0
0


0
0
0
0
0
0
0
0
0
0
0
0
0
0
0
0
0
0
0
0
0
0

0.5
0.491708
0.522571
0.528707
0.0985611
0.0659876
0.4575
0.514637
0.529821
0.519287
0.542775
0.566071
0.662536
0.699838
0.762251
0.829817
0.839669
0.747816
0.619035
0.560961
0.559582
0

0.5
0.48994
0.519641
0.524535
0.326103
0.415954
0.4968
0.515777
0.52692
0.516879
0.539474
0.564861
0.656071
0.694403
0.756831
0.818631
0.848105
0.74698
0.613177
0.555643
0.554646
0

0.5
0.491867
0.518494
0.525941
0.45273
0.560097
0.511758
0.517239
0.52651
0.517786
0.53873
0.565718
0.652245
0.691269
0.754045
0.803167
0.876668
0.754744
0.608088
0.551287
0.550283
0

0.5
0.494134
0.517081
0.526918
0.496423
0.550507
0.512439
0.517811
0.526103
0.519048
0.53762
0.563919
0.648748
0.687106
0.75006
0.789649
0.911449
0.765808
0.59968
0.54458
0.543566
0

0.5
0.496121
0.515805
0.526528
0.515523
0.529019
0.511697
0.518077
0.525885
0.520462
0.536215
0.559564
0.645178
0.681931
0.744445
0.784784
0.948029
0.77886
0.587554
0.535608
0.53458
0

0.5
0.497597
0.514523
0.524978
0.522699
0.518539
0.51184
0.518079
0.5261
0.521872
0.534615
0.555614
0.638312
0.675487
0.736029
0.787483
0.989505
0.793184
0.571711
0.524557
0.523513
0

0.5
0.49857
0.513024
0.522396
0.521894
0.515822
0.513421
0.517807
0.526978
0.523177
0.532878
0.55194
0.62778
0.667512
0.723627
0.795182
1.03999
0.808456
0.552331
0.511726
0.510662
0

0.5
0.499143
0.511232
0.518846
0.514449
0.519236
0.516776
0.51753
0.528409
0.524267
0.530982
0.547833
0.61419
0.657311
0.707962
0.803548
1.10346
0.824398
0.529379
0.497557
0.496469
0

0.5
0.499437
0.509173
0.514532
0.499641
0.529267
0.521997
0.518048
0.529671
0.524982
0.528863
0.542891
0.59813
0.643855
0.688348
0.808957
1.18488
0.840513
0.502438
0.48268
0.481572
0

0.5
0.499578
0.50694
0.51003
0.478431
0.54534
0.528315
0.519646
0.53034
0.525225
0.526471
0.536975
0.580011
0.625958
0.661695
0.808256
1.29055
0.856388
0.471208
0.467926
0.466811
0

0.5
0.499661
0.504644
0.506088
0.474628
0.546574
0.53232
0.521907
0.530397
0.525004
0.523802
0.530125
0.560295
0.601917
0.623121
0.796697
1.42635
0.874631
0.436468
0.454031
0.452929
0

0.5
0.499737
0.502407
0.503007
0.479881
0.541406
0.533695
0.524439
0.529966
0.5244
0.520901
0.522488
0.539658
0.569534
0.566593
0.765267
1.60125
0.899362
0.399446
0.441445
0.440373
0

0.5
0.499797
0.500416
0.500758
0.487875
0.535023
0.533445
0.527012
0.529253
0.523529
0.51784
0.514262
0.517858
0.528194
0.493829
0.693008
1.82955
0.93486
0.361781
0.430355
0.429328
0

0.5
0.499682
0.498799
0.498978
0.496348
0.528689
0.532296
0.529275
0.528485
0.52244
0.514631
0.50567
0.495306
0.481131
0.452285
0.532751
2.11977
0.983667
0.324906
0.420512
0.419562
0

0.5
0.497005
0.495145
0.495268
0.501434
0.519918
0.528182
0.528453
0.525162
0.518791
0.509314
0.496026
0.475019
0.447405
0.433044
0.364506
2.43471
1.03408
0.280888
0.408192
0.407465
0

0
0
0
0
0
0
0
0
0
0
0
0
0
0
0
0
0
0
0
0
0
0


0
0
0
0
0
0
0
0
0
0
0
0
0
0
0
0
0
0
0
0
0
0

0.5
0.495933
0.51898
0.520069
0.500477
0.574303
0.513064
0.521179
0.530728
0.526973
0.547641
0.574446
0.651168
0.69237
0.749391
0.80538
0.829651
0.747656
0.634694
0.582769
0.581379
0

0.5
0.494011
0.516035
0.518745
0.494484
0.566721
0.51276
0.518816
0.527777
0.524339
0.544385
0.571612
0.646159
0.687439
0.74428
0.798219
0.833377
0.746019
0.629319
0.577778
0.576782
0

0.5
0.495165
0.515465
0.520563
0.495781
0.556308
0.514954
0.519357
0.527586
0.524816
0.54377
0.571295
0.643506
0.684965
0.741923
0.792232
0.850891
0.751744
0.625546
0.574382
0.573376
0

0.5
0.496513
0.514694
0.521589
0.503916
0.542797
0.515636
0.519738
0.527404
0.525477
0.542842
0.569682
0.640212
0.681387
0.738349
0.786564
0.874865
0.760108
0.61948
0.569193
0.568171
0

0.5
0.497779
0.51385
0.521651
0.511932
0.531264
0.515613
0.519936
0.527339
0.526224
0.541633
0.566782
0.636033
0.676691
0.733364
0.784428
0.903279
0.770406
0.61095
0.5623
0.561257
0

0.5
0.498807
0.512919
0.5208
0.51629
0.523934
0.515849
0.519996
0.527501
0.526961
0.540195
0.563412
0.629937
0.670676
0.726402
0.786358
0.936855
0.782136
0.599889
0.553856
0.552787
0

0.5
0.499556
0.511832
0.51911
0.51634
0.521006
0.516894
0.519996
0.527958
0.527607
0.538563
0.559761
0.621496
0.66304
0.716779
0.791244
0.977743
0.795076
0.586318
0.544102
0.543002
0

0.5
0.500053
0.510548
0.51668
0.512357
0.521981
0.518984
0.520113
0.528627
0.528081
0.536733
0.555641
0.610801
0.653287
0.704179
0.796894
1.0286
0.809122
0.570237
0.533374
0.532241
0

0.5
0.50037
0.509095
0.513726
0.504822
0.526351
0.522059
0.520639
0.529245
0.528296
0.53468
0.550866
0.598103
0.64073
0.687839
0.800859
1.09259
0.824317
0.551625
0.522099
0.520933
0

0.5
0.50058
0.507532
0.51062
0.495675
0.532482
0.525551
0.521696
0.529598
0.5282
0.532389
0.545362
0.58367
0.624544
0.665979
0.800446
1.17328
0.841194
0.530671
0.510772
0.509579
0

0.5
0.500741
0.50593
0.507818
0.491817
0.534434
0.528172
0.52314
0.529623
0.527793
0.529871
0.539156
0.567789
0.603762
0.636065
0.791756
1.27469
0.861362
0.507951
0.499843
0.498632
0

0.5
0.500917
0.504393
0.505568
0.493124
0.532656
0.529422
0.524768
0.529365
0.527119
0.52716
0.532355
0.550783
0.577479
0.595681
0.767835
1.40284
0.886774
0.484247
0.489605
0.488386
0

0.5
0.501132
0.503005
0.503865
0.497131
0.529248
0.529581
0.526433
0.528932
0.526253
0.524314
0.525108
0.532798
0.545722
0.546768
0.715384
1.56589
0.919242
0.46037
0.480163
0.478947
0

0.5
0.501325
0.501735
0.502464
0.502109
0.52531
0.529019
0.527938
0.528374
0.525197
0.521329
0.517586
0.514306
0.510946
0.506888
0.616592
1.76796
0.959395
0.436925
0.471278
0.470091
0

0.5
0.498973
0.498123
0.498884
0.504256
0.518593
0.525469
0.52651
0.525114
0.521524
0.516136
0.508782
0.497151
0.483396
0.484036
0.512909
1.98391
0.998086
0.407127
0.459263
0.458276
0

0
0
0
0
0
0
0
0
0
0
0
0
0
0
0
0
0
0
0
0
0
0


0
0
0
0
0
0
0
0
0
0
0
0
0
0
0
0
0
0
0
0
0
0

0.5
0.498971
0.516356
0.519106
0.507127
0.551541
0.518747
0.523925
0.532112
0.533378
0.552562
0.58045
0.643072
0.685693
0.737964
0.786675
0.813437
0.745191
0.650069
0.60457
0.603177
0

0.5
0.496884
0.513528
0.516922
0.504222
0.546796
0.516674
0.521267
0.529194
0.530586
0.549315
0.5771
0.638648
0.681076
0.733159
0.781403
0.814412
0.742927
0.645155
0.599902
0.598917
0

0.5
0.497647
0.513251
0.517738
0.505574
0.542099
0.517623
0.521511
0.529079
0.530785
0.548773
0.576393
0.636653
0.679102
0.731333
0.779305
0.825806
0.747154
0.642614
0.597457
0.596459
0

0.5
0.498508
0.512841
0.518326
0.508878
0.535569
0.518089
0.521701
0.528959
0.531057
0.547954
0.574911
0.633814
0.676119
0.728482
0.777401
0.842286
0.753429
0.6386
0.593742
0.592723
0

0.5
0.499348
0.512339
0.518427
0.512403
0.529322
0.518212
0.521798
0.52889
0.531349
0.546875
0.572628
0.630006
0.672085
0.724481
0.77709
0.86311
0.761392
0.633027
0.588832
0.587786
0

0.5
0.500077
0.511747
0.517957
0.514573
0.524786
0.518414
0.521827
0.528923
0.531607
0.545562
0.569773
0.624851
0.666843
0.719013
0.778872
0.88852
0.770763
0.625858
0.582847
0.581768
0

0.5
0.500659
0.51104
0.516915
0.514661
0.522489
0.519032
0.521852
0.529075
0.531775
0.544034
0.566464
0.618097
0.660143
0.711629
0.782297
0.919612
0.781424
0.617114
0.575967
0.574848
0

0.5
0.501103
0.510213
0.515377
0.512611
0.52237
0.520221
0.521977
0.529304
0.531804
0.542297
0.562672
0.609707
0.651636
0.701889
0.786215
0.957978
0.793386
0.606834
0.56842
0.567258
0

0.5
0.501445
0.509282
0.51349
0.508844
0.524003
0.521921
0.522321
0.529502
0.531646
0.540349
0.558339
0.599777
0.640866
0.689117
0.789028
1.00553
0.806869
0.595139
0.560492
0.559283
0

0.5
0.501723
0.508278
0.511482
0.504568
0.526351
0.52381
0.522935
0.529569
0.531276
0.538193
0.553438
0.58845
0.627308
0.672225
0.788764
1.06453
0.822391
0.582268
0.552481
0.551227
0

0.5
0.501997
0.507267
0.509633
0.502142
0.527428
0.52534
0.523766
0.529461
0.530693
0.535845
0.548003
0.57591
0.61043
0.64986
0.782564
1.1377
0.840849
0.568606
0.544651
0.543354
0

0.5
0.502311
0.506301
0.508108
0.502228
0.526769
0.526188
0.524717
0.529191
0.529924
0.533334
0.542107
0.562357
0.589865
0.620996
0.76584
1.22874
0.863188
0.554607
0.537178
0.535843
0

0.5
0.502708
0.505419
0.506919
0.504114
0.524976
0.526389
0.525707
0.528817
0.529027
0.530717
0.535884
0.548012
0.565828
0.586852
0.731231
1.34195
0.890077
0.540654
0.530106
0.528739
0

0.5
0.503147
0.504543
0.505887
0.506845
0.522602
0.526078
0.526593
0.528312
0.527964
0.527968
0.529438
0.533263
0.539938
0.554577
0.672338
1.47874
0.921307
0.52692
0.523222
0.521846
0

0.5
0.501016
0.50111
0.502438
0.506919
0.517281
0.52278
0.524588
0.525033
0.524236
0.522909
0.521462
0.518975
0.518136
0.533073
0.612405
1.62301
0.949526
0.507681
0.512849
0.511663
0

0
0
0
0
0
0
0
0
0
0
0
0
0
0
0
0
0
0
0
0
0
0


0
0
0
0
0
0
0
0
0
0
0
0
0
0
0
0
0
0
0
0
0
0

0.5
0.501343
0.514484
0.518088
0.512638
0.539407
0.522107
0.526317
0.533834
0.538922
0.557396
0.585228
0.636992
0.679722
0.727746
0.770621
0.794431
0.741243
0.664976
0.626126
0.624738
0

0.5
0.499144
0.511738
0.515573
0.510182
0.535361
0.519515
0.523531
0.530912
0.536013
0.554148
0.581731
0.632882
0.675353
0.723233
0.766232
0.793569
0.738476
0.660486
0.621776
0.620808
0

0.5
0.499692
0.511629
0.515937
0.510974
0.532873
0.519824
0.523589
0.5308
0.536022
0.553654
0.580954
0.63136
0.673825
0.721948
0.765785
0.800842
0.741502
0.659063
0.620254
0.619271
0

0.5
0.500285
0.51145
0.516234
0.512354
0.529579
0.519998
0.523613
0.530658
0.536023
0.552912
0.57963
0.629068
0.671465
0.719897
0.765569
0.811655
0.746052
0.656839
0.617954
0.616947
0

0.5
0.500875
0.511213
0.516308
0.513842
0.526293
0.520038
0.523581
0.530517
0.535991
0.551931
0.577736
0.625944
0.668224
0.71699
0.766165
0.825788
0.751961
0.653787
0.614931
0.613893
0

0.5
0.501418
0.510917
0.516076
0.514795
0.523696
0.520101
0.523505
0.530396
0.535897
0.550723
0.575335
0.621831
0.663983
0.713028
0.767828
0.843383
0.759098
0.649911
0.611272
0.610194
0

0.5
0.501897
0.51056
0.515523
0.51481
0.522149
0.520353
0.523425
0.530306
0.53571
0.549301
0.572481
0.6166
0.658571
0.707722
0.770368
0.865011
0.767416
0.645237
0.607088
0.605963
0

0.5
0.502315
0.510141
0.514681
0.513796
0.521685
0.520878
0.523396
0.530225
0.535403
0.547676
0.569185
0.61021
0.651753
0.700699
0.773137
0.891547
0.776979
0.639851
0.602534
0.601356
0

0.5
0.502688
0.509663
0.513628
0.511984
0.522087
0.521648
0.523472
0.530111
0.534957
0.545857
0.56544
0.602686
0.643236
0.691462
0.775198
0.924151
0.787967
0.633864
0.597776
0.596539
0

0.5
0.503052
0.509159
0.512505
0.509983
0.522845
0.522508
0.523682
0.529922
0.53436
0.543856
0.561253
0.59411
0.632712
0.679351
0.775243
0.96422
0.800721
0.627456
0.592976
0.591679
0

0.5
0.503446
0.508661
0.51146
0.508698
0.523211
0.523219
0.524008
0.529635
0.533614
0.541688
0.556651
0.584585
0.619893
0.66361
0.771414
1.01351
0.815698
0.620859
0.588279
0.58692
0

0.5
0.50391
0.508195
0.510587
0.508561
0.522831
0.523603
0.524406
0.52926
0.532746
0.539391
0.551708
0.574262
0.604644
0.643753
0.760942
1.07422
0.833313
0.614296
0.583769
0.582349
0

0.5
0.50449
0.507777
0.5099
0.509427
0.521831
0.523646
0.52484
0.528827
0.531792
0.537008
0.546521
0.563326
0.587176
0.620406
0.740004
1.14851
0.853751
0.607913
0.579449
0.577971
0

0.5
0.505145
0.507307
0.509257
0.510814
0.520396
0.523353
0.525191
0.528276
0.530696
0.534498
0.541146
0.552053
0.56848
0.596719
0.706413
1.23657
0.876538
0.601632
0.575112
0.573596
0

0.5
0.503184
0.50411
0.505964
0.509482
0.515944
0.520072
0.522642
0.5249
0.526886
0.529576
0.533984
0.540421
0.551742
0.578971
0.673105
1.3274
0.895784
0.590587
0.567063
0.565743
0

0
0
0
0
0
0
0
0
0
0
0
0
0
0
0
0
0
0
0
0
0
0


0
0
0
0
0
0
0
0
0
0
0
0
0
0
0
0
0
0
0
0
0
0

0.5
0.503369
0.513019
0.517085
0.516733
0.530247
0.524242
0.528451
0.535645
0.543806
0.56198
0.589237
0.632017
0.674247
0.718397
0.755957
0.774782
0.737016
0.679628
0.647251
0.645882
0

0.5
0.501096
0.510333
0.514436
0.514089
0.526956
0.521463
0.525581
0.5327
0.540804
0.558727
0.585718
0.628137
0.670102
0.714159
0.751983
0.772487
0.733824
0.675537
0.643213
0.642277
0

0.5
0.501518
0.51034
0.514582
0.514399
0.525907
0.521495
0.525511
0.532555
0.54067
0.558273
0.584998
0.627022
0.669004
0.713389
0.752226
0.776521
0.735849
0.675147
0.642586
0.641633
0

0.5
0.501953
0.51033
0.514718
0.514864
0.524521
0.521464
0.525389
0.532351
0.540465
0.557593
0.583862
0.625306
0.667284
0.712131
0.752704
0.782623
0.738944
0.674554
0.641647
0.640668
0

0.5
0.502391
0.510308
0.514784
0.515353
0.523075
0.521359
0.525209
0.532102
0.540183
0.556693
0.582299
0.622958
0.664903
0.710323
0.753608
0.790763
0.743063
0.673772
0.640431
0.639418
0

0.5
0.502823
0.510276
0.514743
0.515663
0.52183
0.521229
0.524979
0.53182
0.539813
0.555578
0.580324
0.619919
0.661796
0.707858
0.755037
0.801032
0.748168
0.672816
0.638981
0.637924
0

0.5
0.503243
0.510234
0.514578
0.515636
0.520949
0.521137
0.524719
0.53151
0.539343
0.554262
0.577961
0.616134
0.657858
0.704552
0.756881
0.813678
0.754271
0.671751
0.637362
0.636255
0

0.5
0.503654
0.510177
0.514292
0.51522
0.520468
0.521121
0.524456
0.53117
0.538767
0.552757
0.575228
0.611576
0.652951
0.700169
0.758863
0.829133
0.761419
0.670637
0.635652
0.634486
0

0.5
0.504074
0.510115
0.513927
0.514511
0.520325
0.521188
0.524223
0.530789
0.538082
0.551078
0.572139
0.606256
0.646924
0.694427
0.76052
0.847991
0.769712
0.669538
0.633913
0.632683
0

0.5
0.504528
0.510061
0.513542
0.513748
0.52034
0.521288
0.524039
0.530357
0.537285
0.549236
0.568706
0.600207
0.639611
0.686927
0.761156
0.871027
0.779307
0.668555
0.632216
0.630917
0

0.5
0.505045
0.510024
0.513193
0.513243
0.520246
0.521332
0.523904
0.52987
0.536389
0.547256
0.564971
0.593498
0.63087
0.677235
0.759731
0.899253
0.790378
0.667782
0.630611
0.629241
0

0.5
0.50566
0.510015
0.51292
0.513197
0.519886
0.52125
0.523809
0.529339
0.535415
0.545172
0.560987
0.586223
0.62065
0.66507
0.754768
0.933922
0.80304
0.667267
0.629107
0.627666
0

0.5
0.506418
0.510034
0.51273
0.513594
0.519266
0.52103
0.523743
0.528783
0.534389
0.543019
0.556829
0.578514
0.60908
0.650695
0.744453
0.976221
0.817261
0.666998
0.627671
0.626159
0

0.5
0.507271
0.509969
0.512493
0.514194
0.518381
0.520612
0.523602
0.528122
0.533239
0.540744
0.552507
0.570523
0.596692
0.635448
0.727931
1.02615
0.832584
0.666752
0.626089
0.624529
0

0.5
0.505456
0.50703
0.509388
0.511901
0.514441
0.517189
0.52053
0.524593
0.529331
0.535957
0.546142
0.561405
0.584526
0.622449
0.711067
1.07637
0.844366
0.662267
0.620625
0.619284
0

0
0
0
0
0
0
0
0
0
0
0
0
0
0
0
0
0
0
0
0
0
0


0
0
0
0
0
0
0
0
0
0
0
0
0
0
0
0
0
0
0
0
0
0

0.5
0.504072
0.510771
0.51524
0.518737
0.522281
0.525128
0.529519
0.53635
0.54665
0.564165
0.59012
0.62511
0.667146
0.708813
0.743397
0.759972
0.73738
0.695526
0.66695
0.665807
0

0.5
0.501739
0.50812
0.512505
0.515877
0.519561
0.52222
0.52655
0.533345
0.543547
0.560888
0.586599
0.621391
0.66314
0.704707
0.739467
0.756429
0.733842
0.691766
0.663171
0.662482
0

0.5
0.502083
0.50822
0.512536
0.515823
0.519531
0.52207
0.526345
0.533125
0.543275
0.56045
0.585948
0.620574
0.662313
0.704194
0.739728
0.757825
0.735249
0.692348
0.663359
0.66266
0

0.5
0.502422
0.508345
0.512582
0.515749
0.519427
0.521835
0.526041
0.532799
0.542872
0.559792
0.584961
0.619295
0.661003
0.703335
0.740033
0.760011
0.737461
0.69326
0.663648
0.662936
0

0.5
0.502766
0.508498
0.512647
0.51567
0.519221
0.521508
0.525645
0.532377
0.542344
0.558923
0.583636
0.617554
0.659194
0.702098
0.740369
0.763034
0.740508
0.69451
0.664043
0.663314
0

0.5
0.503125
0.508679
0.512727
0.515582
0.518889
0.521081
0.525163
0.531866
0.541696
0.557849
0.58198
0.615349
0.656854
0.700419
0.740684
0.766914
0.744428
0.696132
0.664553
0.663803
0

0.5
0.503502
0.508882
0.512813
0.515469
0.518431
0.520552
0.524602
0.531277
0.540937
0.55658
0.580004
0.612674
0.653943
0.698219
0.740905
0.771669
0.749237
0.698142
0.665187
0.664412
0

0.5
0.503909
0.509109
0.512905
0.515323
0.517862
0.519937
0.52398
0.530623
0.540077
0.555134
0.577728
0.609534
0.650429
0.695417
0.740905
0.777303
0.754946
0.700537
0.665939
0.665136
0

0.5
0.504361
0.509363
0.513009
0.515158
0.517232
0.519267
0.523322
0.529918
0.539124
0.553524
0.575167
0.605933
0.646271
0.691898
0.740534
0.783864
0.761531
0.703294
0.666793
0.665959
0

0.5
0.504875
0.509644
0.513123
0.514996
0.516575
0.518565
0.522646
0.529176
0.538093
0.551773
0.572354
0.601897
0.641436
0.687512
0.739555
0.79138
0.768979
0.706413
0.66774
0.666873
0

0.5
0.505477
0.50995
0.513253
0.514878
0.515927
0.517855
0.521974
0.528411
0.537003
0.549909
0.569325
0.597467
0.635906
0.682102
0.737751
0.799941
0.777216
0.709831
0.668746
0.667844
0

0.5
0.506198
0.510278
0.5134
0.514837
0.515307
0.517156
0.521321
0.527639
0.535871
0.547962
0.566127
0.592704
0.629695
0.675534
0.734751
0.80964
0.786137
0.713469
0.669765
0.668829
0

0.5
0.507079
0.510621
0.513555
0.514876
0.514714
0.516475
0.520697
0.526871
0.534719
0.545963
0.562815
0.587689
0.622873
0.66787
0.729966
0.820549
0.795595
0.717224
0.670736
0.669767
0

0.5
0.50807
0.510859
0.5136
0.51487
0.514037
0.515715
0.520004
0.526016
0.533461
0.543849
0.559363
0.582477
0.615624
0.659536
0.723204
0.832539
0.805243
0.720821
0.671445
0.670467
0

0.5
0.506341
0.508102
0.510597
0.511794
0.510304
0.511949
0.516356
0.522262
0.52941
0.539141
0.553658
0.575514
0.60725
0.650751
0.715121
0.842557
0.811312
0.720286
0.668071
0.667383
0

0
0
0
0
0
0
0
0
0
0
0
0
0
0
0
0
0
0
0
0
0
0


0
0
0
0
0
0
0
0
0
0
0
0
0
0
0
0
0
0
0
0
0
0

0
0
0
0
0
0
0
0
0
0
0
0
0
0
0
0
0
0
0
0
0
0

0
0
0
0
0
0
0
0
0
0
0
0
0
0
0
0
0
0
0
0
0
0

0
0
0
0
0
0
0
0
0
0
0
0
0
0
0
0
0
0
0
0
0
0

0
0
0
0
0
0
0
0
0
0
0
0
0
0
0
0
0
0
0
0
0
0

0
0
0
0
0
0
0
0
0
0
0
0
0
0
0
0
0
0
0
0
0
0

0
0
0
0
0
0
0
0
0
0
0
0
0
0
0
0
0
0
0
0
0
0

0
0
0
0
0
0
0
0
0
0
0
0
0
0
0
0
0
0
0
0
0
0

0
0
0
0
0
0
0
0
0
0
0
0
0
0
0
0
0
0
0
0
0
0

0
0
0
0
0
0
0
0
0
0
0
0
0
0
0
0
0
0
0
0
0
0

0
0
0
0
0
0
0
0
0
0
0
0
0
0
0
0
0
0
0
0
0
0

0
0
0
0
0
0
0
0
0
0
0
0
0
0
0
0
0
0
0
0
0
0

0
0
0
0
0
0
0
0
0
0
0
0
0
0
0
0
0
0
0
0
0
0

0
0
0
0
0
0
0
0
0
0
0
0
0
0
0
0
0
0
0
0
0
0

0
0
0
0
0
0
0
0
0
0
0
0
0
0
0
0
0
0
0
0
0
0

0
0
0
0
0
0
0
0
0
0
0
0
0
0
0
0
0
0
0
0
0
0

0
0
0
0
0
0
0
0
0
0
0
0
0
0
0
0
0
0
0
0
0
0


