0
0
0
0
0
0
0
0
0
0
0
0
0
0
0
0
0
0
0
0
0
0

0
0
0
0
0
0
0
0
0
0
0
0
0
0
0
0
0
0
0
0
0
0

0
0
0
0
0
0
0
0
0
0
0
0
0
0
0
0
0
0
0
0
0
0

0
0
0
0
0
0
0
0
0
0
0
0
0
0
0
0
0
0
0
0
0
0

0
0
0
0
0
0
0
0
0
0
0
0
0
0
0
0
0
0
0
0
0
0

0
0
0
0
0
0
0
0
0
0
0
0
0
0
0
0
0
0
0
0
0
0

0
0
0
0
0
0
0
0
0
0
0
0
0
0
0
0
0
0
0
0
0
0

0
0
0
0
0
0
0
0
0
0
0
0
0
0
0
0
0
0
0
0
0
0

0
0
0
0
0
0
0
0
0
0
0
0
0
0
0
0
0
0
0
0
0
0

0
0
0
0
0
0
0
0
0
0
0
0
0
0
0
0
0
0
0
0
0
0

0
0
0
0
0
0
0
0
0
0
0
0
0
0
0
0
0
0
0
0
0
0

0
0
0
0
0
0
0
0
0
0
0
0
0
0
0
0
0
0
0
0
0
0

0
0
0
0
0
0
0
0
0
0
0
0
0
0
0
0
0
0
0
0
0
0

0
0
0
0
0
0
0
0
0
0
0
0
0
0
0
0
0
0
0
0
0
0

0
0
0
0
0
0
0
0
0
0
0
0
0
0
0
0
0
0
0
0
0
0

0
0
0
0
0
0
0
0
0
0
0
0
0
0
0
0
0
0
0
0
0
0

0
0
0
0
0
0
0
0
0
0
0
0
0
0
0
0
0
0
0
0
0
0


0
0
0
0
0
0
0
0
0
0
0
0
0
0
0
0
0
0
0
0
0
0

0
0.144417
-0.282883
0.112404
0.218576
0.0759537
0.163164
0.130747
0.126714
0.0836996
2.36433
-2.10471
0.142857
0.145533
0.172354
-0.0027508
0.546513
1.34886
5.91817
-15.7017
1454.53
0

0
0.0677072
-0.0264235
0.0596397
0.152887
0.0506629
0.0557603
0.0583257
0.0535404
0.0339268
-0.199703
0.455322
0.086231
0.0714849
0.100207
0.410914
0.636957
-0.540881
1.86464
-97.5269
1585.06
0

0
0.0670665
0.0457419
0.085978
0.221153
0.0560543
0.0555621
0.0585115
0.0553704
0.0389183
-0.0850826
0.183957
0.0839329
0.067051
0.102421
0.2052
0.212524
1.28158
4.8854
85.3956
-1103.4
0

0
0.065851
0.0527905
-0.159699
0.792487
0.0542214
0.0563803
0.0588336
0.0567754
0.0144724
0.0095687
0.11646
0.147556
-0.00277847
0.102682
0.200495
0.728987
1.32763
5.77245
-0.0888334
2017.21
0

0
0.0646352
0.0655723
0.0739364
-0.296413
0.0665292
0.0586373
0.0592486
0.0576611
0.0871511
0.0301989
0.0950939
0.0809491
-0.106685
0.103049
0.198783
0.476836
1.31005
4.79921
18.4702
19.1281
0

0
0.0636174
0.0636017
0.0520615
0.062732
0.0634568
0.0595845
0.0596358
0.0584164
0.0574128
0.0381732
0.0551502
0.105946
0.250258
0.108986
0.199641
0.471689
1.27791
4.36962
12.7655
-89.0092
0

0
0.0629198
0.0606038
0.0537636
0.0644549
0.0605001
0.0601608
0.0600569
0.0588979
0.0584942
0.0368366
0.091953
0.0704143
0.0813385
0.109834
0.203075
0.479795
1.25972
4.14774
10.7477
-6.81061
0

0
0.0625917
0.057075
0.0544292
0.0950002
0.0277986
0.0603187
0.0581197
0.0616371
0.056531
0.0247187
0.111863
0.0677166
0.0760536
0.113359
0.208751
0.500916
1.20223
17.6496
8.70785
12.6651
0

0
0.0626953
0.0515337
0.0539285
0.0624018
0.0582544
0.0610824
0.0614181
0.0593636
0.0546233
-0.313231
0.4247
0.0770713
0.0370337
0.152529
0.216623
0.535331
1.46096
-12.0128
6.3941
13.3903
0

0
0.0637493
-0.0358606
0.0505802
0.0599895
0.0590058
0.0616604
0.0624822
0.0596734
0.0554116
0.0377446
0.119326
0.0830425
0.0750294
0.11692
0.225336
0.597949
1.53461
1.39237
5.06777
10.7887
0

0
0.06491
0.16767
0.0474259
0.0585132
0.0590823
0.0622581
0.0629047
0.0605582
0.0547553
0.0363933
0.0842794
0.0750455
0.0769059
0.116708
0.2349
0.695517
1.70665
1.61665
4.00357
8.14663
0

0
0.066223
0.0712862
-0.231718
0.0560305
0.0588532
0.0627225
0.0592723
0.0217612
0.0515723
-0.142306
0.0722187
0.0668663
0.0786146
0.117477
0.242833
0.862259
2.15524
1.61428
3.22715
5.88155
0

0
0.0669975
0.0695195
0.348091
0.0601752
0.0586451
0.0174312
0.0629203
0.0691949
0.0943958
0.251867
0.070552
0.065041
0.0787588
0.117912
0.241427
1.19899
2.5951
1.57574
2.6954
4.67848
0

0
0.067939
0.0664564
0.0726017
0.0576648
0.0578219
0.10689
0.0629279
0.0687568
0.0518272
0.0635413
0.0662906
0.0669546
0.0791038
0.117797
0.208165
1.90044
10.7135
1.5249
2.36022
3.50725
0

0
0.0802072
0.0362144
0.092071
0.059643
0.0605548
0.0687791
0.0637338
0.0621893
0.0724676
0.0749042
0.0622864
0.0821585
0.106566
0.183395
-0.0265044
4.52718
55.9538
1.93623
1.55945
-0.229685
0

0
0
0
0
0
0
0
0
0
0
0
0
0
0
0
0
0
0
0
0
0
0


0
0
0
0
0
0
0
0
0
0
0
0
0
0
0
0
0
0
0
0
0
0

0
0.122605
3.63692
0.155836
0.130485
0.131112
0.134041
0.135481
0.135496
0.134617
0.143747
0.141079
0.134159
0.135565
0.135263
0.132642
0.133323
0.0772338
-1.58592
-4.16693
1858.37
0

0
0.065441
0.0641286
0.0610755
0.0259816
0.0630139
0.0625834
0.0631168
0.0716699
0.0615787
0.388803
0.0663632
0.0626855
0.0630966
0.0628019
0.0694516
0.0577162
0.0463722
-4.42904
151.177
-3918.32
0

0
0.0653677
0.0606944
0.053739
0.0552787
0.0531313
0.0625022
0.0631777
0.0631728
0.062747
0.0596263
0.0635334
0.0630815
0.0631945
0.0630707
0.0570511
0.0613565
0.0116989
-1.65793
22.137
3749.49
0

0
0.0653478
0.0618463
0.0491294
-0.0519633
0.0628809
0.0628837
0.0631879
0.0631356
0.0638229
0.0635186
0.0620512
0.0629024
0.0633306
0.063123
0.0628086
0.0606171
0.0271038
-0.755093
-12.2523
-945.419
0

0
0.0653344
0.0631292
0.067195
0.0403083
0.062317
0.0631623
0.0631976
0.0631625
0.0646037
0.0628796
0.0626054
0.0501576
0.0630859
0.063104
0.0630296
0.0611691
0.0364876
-0.418988
-15.5857
74.9496
0

0
0.0653222
0.0632041
0.0634865
0.0547284
0.0625399
0.0631817
0.0632035
0.0631974
0.0618631
0.0627327
0.0629711
0.0627192
0.0633052
0.0631591
0.0629359
0.0612381
0.0419962
-0.241136
-6.31721
20.3496
0

0
0.0653064
0.063198
0.0632347
0.0623619
0.062992
0.0632058
0.0632089
0.0631961
0.0650762
0.0628535
0.0628588
0.0632751
0.0630856
0.0631345
0.0628402
0.0611685
0.0443315
-0.166375
-2.85457
-18.5571
0

0
0.065288
0.0629887
0.063142
0.0629698
0.0631501
0.0632112
0.0632189
0.0631936
0.0630738
0.062238
0.06221
0.0634535
0.0631662
0.0631214
0.0627351
0.0609134
0.0378009
-0.136194
-1.43394
-10.7078
0

0
0.0652709
0.0612229
0.0628373
0.0630652
0.0631763
0.0632249
0.0632055
0.063205
0.0631726
0.064562
0.0683225
0.0615135
0.0631259
0.0630065
0.0625865
0.065871
-0.918187
0.121878
-0.761985
-4.59928
0

0
0.065118
0.0658511
0.0647784
0.0630108
0.0631819
0.0632243
0.0631871
0.0631919
0.0631128
0.0636878
0.0634311
0.061805
0.0630444
0.0630682
0.0623929
0.0583172
0.0227454
-0.0711892
-0.420268
-1.96941
0

0
0.0652618
0.0692729
0.063024
0.0630549
0.0631818
0.0632125
0.0632234
0.063085
0.0631501
0.0627251
0.0630518
0.0649959
0.0629451
0.063046
0.062146
0.0550666
0.00054879
3.68492e-05
-0.214952
-0.895443
0

0
0.0654669
0.0570349
0.0647084
0.0628578
0.0631857
0.0626503
0.170951
0.0641056
0.0631284
0.0640124
0.0621175
0.180897
0.0642787
0.0630563
0.061892
0.0392593
-0.107133
0.000317533
-0.100118
-0.412166
0

0
0.0654563
0.0626976
0.0644176
0.0629543
0.0631788
0.0632506
0.0630963
0.0633953
0.0630745
0.0646949
0.0627925
0.0622334
0.063105
0.063033
0.0645005
-0.427973
-0.875978
-0.033595
-0.0430081
1.5012
0

0
0.0654527
0.0633223
0.0407851
0.0629946
0.0632125
0.0633321
0.0631969
0.0629779
0.0631747
0.0613905
0.0631814
0.0631915
0.0631856
0.0630188
0.0990766
-5.69857
-2.98691
-0.11212
-0.0069736
-0.220995
0

0
0.0755359
0.0663845
0.0705059
0.0659351
0.0667022
0.0682386
0.0675001
0.0672659
0.0757288
0.076866
0.0628193
0.0751464
0.0902553
0.12759
0.236711
0.566904
80.2257
0.104494
-1.10158
-2.77227
0

0
0
0
0
0
0
0
0
0
0
0
0
0
0
0
0
0
0
0
0
0
0


0
0
0
0
0
0
0
0
0
0
0
0
0
0
0
0
0
0
0
0
0
0

0
0.136586
0.115689
0.13413
0.128602
0.130978
0.134491
0.135493
0.13549
0.135078
0.122381
0.129743
0.135256
0.135596
0.135651
0.128276
0.135318
0.101757
-2.27606
10.8342
290.568
0

0
0.0655175
0.0618258
0.0616583
0.0495176
0.0731555
0.0624274
0.0631705
0.0631676
0.0630832
0.0648023
0.0615835
0.0629125
0.0631146
0.0630823
0.0602021
0.0609026
0.0248738
-1.75765
331.883
-1967.17
0

0
0.0654088
0.0623734
0.0597851
0.0387052
0.0602314
0.0626416
0.06319
0.0631846
0.0629462
0.0614685
0.0632948
0.063171
0.0632011
0.063159
0.0621877
0.0618595
0.0326694
-0.98108
20.5455
5689.56
0

0
0.0653816
0.0626224
0.0540971
0.0679607
0.0593446
0.0628342
0.0631935
0.0631892
0.0624536
0.0628744
0.0629991
0.0631486
0.0631872
0.0631671
0.0629031
0.0620978
0.0411732
-0.529009
0.801611
-1859.13
0

0
0.0653666
0.0630295
0.0626935
0.0575223
0.0623339
0.0630784
0.0632006
0.0631985
0.0630016
0.0630597
0.0629625
0.0634002
0.063137
0.0631655
0.0630893
0.0622374
0.0475074
-0.222792
-8.38408
-242.55
0

0
0.0653568
0.0631339
0.0630874
0.059454
0.0632117
0.0631768
0.0632067
0.0632026
0.0629585
0.0630025
0.0630214
0.0631056
0.0632853
0.0631878
0.0630865
0.0623208
0.0518067
-0.0938614
-2.36869
12.6932
0

0
0.0653485
0.0631229
0.063167
0.0621103
0.0632905
0.0632108
0.0632113
0.0632064
0.0630605
0.0629689
0.0629553
0.0632333
0.0632068
0.0631755
0.0630309
0.0623279
0.054237
-0.0363274
-0.83629
23.6789
0

0
0.0653438
0.0629459
0.0631702
0.0628463
0.0632403
0.0632202
0.0632151
0.063207
0.0631264
0.0624995
0.0626071
0.0632478
0.0631949
0.0631589
0.0629493
0.0621946
0.0542103
-0.0269867
-0.389822
8.55744
0

0
0.0653475
0.0623501
0.063107
0.0630458
0.0632247
0.0632235
0.0632111
0.0632082
0.0631391
0.0605165
0.0616929
0.0625801
0.0631604
0.0631256
0.0628331
0.0617137
0.0642742
0.041938
-0.201708
1.71631
0

0
0.0653596
0.0605427
0.0621818
0.0630438
0.0632144
0.0632207
0.0632068
0.0632044
0.0631666
0.0628405
0.0628393
0.0627297
0.0631407
0.0631205
0.062676
0.0602896
0.0563631
0.018277
-0.104891
0.316531
0

0
0.0654134
0.0620099
0.0631754
0.0631089
0.0632058
0.0632112
0.063188
0.0631908
0.0631852
0.0628158
0.0631456
0.0623601
0.0631316
0.0631066
0.0624718
0.056876
0.0550009
0.0309494
-0.0401976
-0.0159422
0

0
0.0654403
0.0619235
0.0614217
0.0631085
0.0632047
0.0631889
0.0632103
0.0631449
0.0631948
0.0623593
0.063122
0.0623142
0.0632456
0.0631019
0.0622343
0.0475502
0.0595601
0.029215
0.00178877
-0.098605
0

0
0.0654429
0.0628225
0.0622281
0.063127
0.0631997
0.0631523
0.0631543
0.0630837
0.0631921
0.0628302
0.0630649
0.0629401
0.0631812
0.0630838
0.0619439
0.0326094
0.139564
0.013694
0.0278438
-0.190978
0

0
0.0654426
0.0630965
0.0619767
0.0631598
0.0632081
0.0632618
0.0632062
0.063161
0.0631909
0.0628336
0.0631626
0.0631597
0.0631941
0.0630619
0.0610896
-0.0849902
0.0429142
-0.0226245
0.0407107
-0.155484
0

0
0.0745306
0.0682608
0.069205
0.0663534
0.0671523
0.068002
0.0688513
0.0698019
0.0735736
0.0762832
0.0647732
0.0746534
0.0900212
0.12749
0.253934
1.20601
-10.1678
0.563339
-0.760415
-1.81519
0

0
0
0
0
0
0
0
0
0
0
0
0
0
0
0
0
0
0
0
0
0
0


0
0
0
0
0
0
0
0
0
0
0
0
0
0
0
0
0
0
0
0
0
0

0
0.136595
0.134873
0.134776
0.129405
0.318042
0.140083
0.135305
0.135491
0.135257
0.132206
0.133812
0.135472
0.135602
0.135682
0.135527
0.135511
0.110667
-2.79211
-12.911
-78.8664
0

0
0.0655159
0.0630491
0.0624022
0.055031
0.00531282
0.0659634
0.0631588
0.0631989
0.063165
0.0635024
0.0621997
0.06303
0.0631227
0.0631145
0.0625711
0.0613596
0.0357724
-3.04082
298.237
-3059.6
0

0
0.0654272
0.0629566
0.0616104
0.0573383
0.049111
0.0629414
0.0631952
0.0631971
0.0630976
0.0627936
0.0630001
0.0631998
0.063207
0.0631845
0.0628452
0.0619076
0.0407726
-1.16886
-45.8641
2787.64
0

0
0.0654061
0.0629732
0.0595226
0.0620621
0.0750116
0.0628617
0.0631998
0.0632007
0.0631212
0.0629979
0.0630914
0.0632269
0.0632029
0.0631809
0.0629731
0.0620948
0.0458831
-0.524516
-13.0808
-1301.86
0

0
0.0653935
0.0630791
0.0624574
0.0629824
0.0734234
0.0631029
0.0632066
0.0632045
0.0632049
0.0630769
0.0630908
0.0632818
0.0632019
0.0631792
0.0630431
0.0622419
0.0506192
-0.189519
-6.3341
-187.513
0

0
0.065386
0.0631329
0.0629723
0.0623393
0.066311
0.0631915
0.0632108
0.0632061
0.0631461
0.0630707
0.0630861
0.0632147
0.0632339
0.0631823
0.0630513
0.0623424
0.0544499
-0.056068
-2.38853
-57.7963
0

0
0.0653818
0.0631311
0.0631027
0.0626698
0.0639173
0.0632173
0.0632135
0.063208
0.063154
0.0630322
0.0630391
0.0632134
0.0632164
0.0631749
0.06302
0.0623739
0.0573675
-0.00596422
-0.686563
-10.1431
0

0
0.0653826
0.0630702
0.0631252
0.0629503
0.0633935
0.0632233
0.063215
0.0632094
0.0631709
0.0628607
0.0629327
0.0631825
0.0632022
0.0631617
0.0629589
0.0622746
0.0597714
0.0186645
-0.117849
0.877065
0

0
0.0653909
0.0629862
0.063086
0.0630773
0.063278
0.0632234
0.0632143
0.0632109
0.0631815
0.0625224
0.0628165
0.0630464
0.0631859
0.0631436
0.0628654
0.061889
0.0635378
0.0482368
-0.00313626
1.50927
0

0
0.0654077
0.0630952
0.0629125
0.0631176
0.0632349
0.0632203
0.0632138
0.0632116
0.0631929
0.0629408
0.0629976
0.0630631
0.0631781
0.0631313
0.0627343
0.0608455
0.0664799
0.0488179
0.02376
0.68408
0

0
0.0654277
0.063211
0.0631243
0.0631478
0.0632203
0.0632149
0.0632153
0.0632135
0.0632016
0.0630248
0.0631358
0.0631518
0.0631832
0.0631191
0.0625619
0.0585732
0.0731
0.0474027
0.0382971
0.175739
0

0
0.0654351
0.0629537
0.0630437
0.0631707
0.0632138
0.0632084
0.0632251
0.063221
0.0632067
0.0630893
0.06317
0.0633285
0.0632147
0.0631088
0.0623505
0.0541332
0.088746
0.0468451
0.0488852
-0.0473605
0

0
0.0654376
0.0630443
0.0631616
0.0631798
0.0632098
0.0632076
0.0632051
0.0631947
0.0632043
0.0631467
0.0631619
0.0631852
0.0631987
0.0630949
0.062095
0.0476224
0.11549
0.0393811
0.0565761
-0.140651
0

0
0.0654376
0.0631351
0.0630603
0.0631845
0.0632106
0.0632302
0.0632104
0.063197
0.063201
0.0631087
0.0631846
0.0631932
0.0631995
0.0630736
0.0615717
0.0339793
-0.0500816
0.0188271
0.0608464
-0.17999
0

0
0.0735512
0.0686391
0.0684429
0.0667026
0.0675711
0.0681581
0.0696005
0.0706366
0.0725521
0.0749402
0.0665356
0.0746795
0.0897267
0.126465
0.249295
0.892037
3.0973
0.532517
-0.356865
-0.821708
0

0
0
0
0
0
0
0
0
0
0
0
0
0
0
0
0
0
0
0
0
0
0


0
0
0
0
0
0
0
0
0
0
0
0
0
0
0
0
0
0
0
0
0
0

0
0.136587
0.135402
0.134215
0.0886382
0.306567
0.21333
0.132605
0.135435
0.135349
0.134499
0.13495
0.135548
0.135607
0.135678
0.135837
0.135548
0.11607
-1.82714
-15.9374
-309.421
0

0
0.0655129
0.0631958
0.0627005
0.0313907
0.0243656
0.123623
0.063152
0.0631959
0.0632037
0.0631349
0.0626798
0.063086
0.06313
0.0631239
0.0628722
0.0615081
0.0397384
-2.76058
-31.3508
-3123.58
0

0
0.0654364
0.0631307
0.0625329
0.0530181
-0.116969
0.0724019
0.0632122
0.063204
0.0631617
0.0630248
0.0630253
0.0632116
0.063212
0.0631972
0.063
0.0619488
0.0445002
-0.953313
-33.054
417.075
0

0
0.0654224
0.0631224
0.0621351
0.0611672
-0.055043
0.0621314
0.0632019
0.0632059
0.0631862
0.0630796
0.0631116
0.0632287
0.0632108
0.0631911
0.0630236
0.0620862
0.0486009
-0.416421
-10.5416
-375.345
0

0
0.0654131
0.0631391
0.0627471
0.0628717
0.0300709
0.0627958
0.0632112
0.0632075
0.0632084
0.0631113
0.0631324
0.0632419
0.063212
0.063187
0.0630413
0.0622172
0.052525
-0.165572
-4.67548
-94.0102
0

0
0.0654078
0.063162
0.0630057
0.0629765
0.0573999
0.0631297
0.0632141
0.0632085
0.0631902
0.0631141
0.0631302
0.0632241
0.0632191
0.063184
0.0630401
0.06232
0.0559658
-0.0487863
-2.03063
-43.0714
0

0
0.0654056
0.0631657
0.0631002
0.0630181
0.062447
0.0632023
0.0632154
0.0632097
0.0631874
0.0630972
0.0631111
0.0632116
0.063214
0.0631774
0.063017
0.0623678
0.0589555
0.0061111
-0.784777
-16.5896
0

0
0.0654074
0.0631574
0.0631277
0.0630864
0.063156
0.0632183
0.063216
0.063211
0.0631922
0.0630493
0.063081
0.0631915
0.0632059
0.0631672
0.0629707
0.0623097
0.0617994
0.0337351
-0.24765
-4.9483
0

0
0.0654136
0.0631677
0.0631226
0.0631343
0.063231
0.0632209
0.063216
0.0632124
0.063198
0.0629996
0.0630662
0.0631579
0.0631976
0.0631545
0.0628977
0.0620408
0.0650436
0.0510876
-0.021634
-1.18884
0

0
0.0654232
0.0632423
0.0631034
0.0631589
0.0632331
0.0632196
0.0632163
0.0632138
0.0632035
0.0630797
0.0631107
0.0631671
0.0631937
0.0631428
0.0627939
0.0613622
0.0684107
0.0551475
0.0540892
-0.326363
0

0
0.0654316
0.06325
0.0631576
0.0631766
0.0632238
0.063217
0.0632174
0.0632156
0.0632077
0.0631292
0.0631617
0.063212
0.0631966
0.0631314
0.0626564
0.0600007
0.0728766
0.057217
0.0669262
-0.209074
0

0
0.065435
0.0631652
0.0631733
0.0631892
0.0632176
0.0632147
0.0632192
0.0632165
0.0632095
0.0631685
0.0631862
0.0632637
0.0632045
0.0631208
0.0624866
0.0576352
0.0768733
0.05684
0.0702527
-0.227451
0

0
0.0654367
0.0631575
0.0631928
0.0631945
0.0632141
0.0632149
0.0632134
0.063209
0.0632083
0.0631836
0.0631914
0.0632239
0.0632007
0.0631095
0.062285
0.0540466
0.066831
0.0528149
0.0709803
-0.249894
0

0
0.0654365
0.0631787
0.0631668
0.0631955
0.0632131
0.0632206
0.0632135
0.0632076
0.063206
0.0631745
0.0631999
0.0632128
0.0632029
0.0630911
0.0619063
0.0458195
-0.0408642
0.0426512
0.0709134
-0.258369
0

0
0.0725922
0.0683507
0.0678939
0.0670193
0.0679549
0.068453
0.0699204
0.0708023
0.0719857
0.0737306
0.0679968
0.0749247
0.089394
0.124772
0.236983
0.700404
2.08349
0.52216
0.0704672
0.125182
0

0
0
0
0
0
0
0
0
0
0
0
0
0
0
0
0
0
0
0
0
0
0


0
0
0
0
0
0
0
0
0
0
0
0
0
0
0
0
0
0
0
0
0
0

0
0.136581
0.135489
0.135354
0.133858
0.155041
0.136561
0.135173
0.135491
0.135407
0.135121
0.135323
0.135577
0.135609
0.13567
0.135815
0.135506
0.119595
-0.836393
-10.1192
-47.7831
0

0
0.0655115
0.0632597
0.0631294
0.0599869
0.0967654
0.0664084
0.0631394
0.0632036
0.0632221
0.0631335
0.0629157
0.0631124
0.0631362
0.0631285
0.0629434
0.0615757
0.0433472
-1.00942
-28.1522
-1049.28
0

0
0.0654425
0.0631905
0.0629604
0.0617122
0.0527213
0.0626851
0.0632123
0.0632069
0.0631871
0.0631047
0.0630922
0.0632161
0.0632149
0.0632034
0.0630536
0.061967
0.0473666
-0.552451
-11.0948
46.2673
0

0
0.0654336
0.0631791
0.06286
0.0626229
0.0581773
0.0627921
0.0632147
0.0632085
0.0631984
0.0631298
0.0631385
0.0632239
0.0632142
0.0631975
0.0630515
0.0620724
0.0504983
-0.312697
-5.65542
-67.7336
0

0
0.0654272
0.0631828
0.0629851
0.0630221
0.0612238
0.0630343
0.0632159
0.0632096
0.0632055
0.0631444
0.0631565
0.0632271
0.0632142
0.0631925
0.0630497
0.0621829
0.0536557
-0.149392
-3.02309
-36.8882
0

0
0.0654234
0.0631902
0.0630808
0.0631176
0.0619299
0.0631466
0.0632164
0.0632103
0.0632019
0.0631485
0.0631594
0.0632212
0.063215
0.0631877
0.0630415
0.0622775
0.0565876
-0.0449819
-1.55135
-22.9491
0

0
0.065422
0.0631947
0.06313
0.0631384
0.0627162
0.0631941
0.0632165
0.0632111
0.0632004
0.063145
0.0631542
0.063213
0.0632124
0.0631814
0.0630215
0.0623309
0.0592507
0.0063047
-0.729377
-12.5583
0

0
0.0654232
0.0631993
0.063151
0.0631564
0.0630819
0.0632116
0.0632167
0.0632121
0.0632021
0.0631357
0.0631471
0.0632022
0.0632079
0.0631731
0.0629855
0.0623029
0.0617409
0.0333761
-0.297267
-6.00475
0

0
0.0654268
0.0632137
0.0631579
0.0631741
0.0631922
0.0632171
0.0632167
0.0632132
0.063205
0.0631325
0.0631475
0.0631934
0.0632034
0.0631635
0.0629295
0.0621243
0.064171
0.0492823
-0.0874059
-2.67957
0

0
0.0654314
0.0632396
0.0631635
0.0631845
0.0632163
0.063218
0.0632169
0.0632143
0.063208
0.0631534
0.0631634
0.0631978
0.063201
0.0631535
0.0628496
0.0616809
0.0663165
0.0564642
0.0119569
-1.26599
0

0
0.0654351
0.063238
0.0631821
0.0631936
0.0632197
0.0632172
0.0632172
0.0632151
0.0632099
0.0631728
0.0631836
0.0632153
0.0632014
0.0631437
0.0627441
0.0608217
0.0676191
0.0596445
0.0576139
-0.723323
0

0
0.0654368
0.0632115
0.0631923
0.0631998
0.0632177
0.0632163
0.0632172
0.0632148
0.0632105
0.0631937
0.063197
0.0632314
0.0632035
0.0631343
0.0626135
0.0593618
0.0652912
0.060044
0.0682628
-0.506723
0

0
0.0654378
0.0632009
0.0631953
0.0632027
0.0632155
0.0632161
0.0632151
0.0632123
0.06321
0.0631968
0.0632028
0.0632227
0.0632022
0.0631254
0.062462
0.0570728
0.0510734
0.0579154
0.0714911
-0.415163
0

0
0.0654377
0.0632034
0.0631895
0.0632025
0.0632146
0.0632182
0.063215
0.0632113
0.0632085
0.0631951
0.0632081
0.0632179
0.0632037
0.0631093
0.0621813
0.0521282
-0.00242557
0.0521843
0.0711712
-0.376928
0

0
0.0716489
0.0678041
0.0675261
0.0673102
0.0683003
0.0687702
0.0700287
0.0707396
0.0716005
0.0728376
0.0691508
0.0752378
0.0890449
0.122704
0.222763
0.567437
1.42895
0.537256
0.474609
0.936817
0

0
0
0
0
0
0
0
0
0
0
0
0
0
0
0
0
0
0
0
0
0
0


0
0
0
0
0
0
0
0
0
0
0
0
0
0
0
0
0
0
0
0
0
0

0
0.136579
0.135488
0.135411
0.135389
0.135384
0.134586
0.13549
0.135503
0.135443
0.135332
0.135458
0.135588
0.13561
0.135661
0.135765
0.135406
0.12019
-0.322349
-5.70164
-29.785
0

0
0.0655121
0.0632873
0.0632193
0.0627918
0.0575904
0.0629608
0.063171
0.0632074
0.0632304
0.0631744
0.0630338
0.0631267
0.0631414
0.0631329
0.0629668
0.0616334
0.0441254
-0.402373
-8.37142
-201.276
0

0
0.0654474
0.0632129
0.0631082
0.0628294
0.0605544
0.0630648
0.0632211
0.0632089
0.0631989
0.0631499
0.06314
0.0632167
0.0632163
0.0632063
0.0630734
0.061976
0.0482717
-0.274997
-4.45493
12.6417
0

0
0.0654417
0.0632069
0.0630825
0.0629739
0.0632456
0.0630955
0.0632204
0.0632102
0.0632037
0.0631621
0.0631622
0.0632201
0.0632156
0.0632014
0.0630657
0.0620592
0.0519539
-0.176004
-2.82726
-13.2201
0

0
0.0654373
0.0632064
0.0631083
0.0631038
0.0629884
0.0631432
0.0632187
0.0632109
0.0632065
0.0631696
0.0631741
0.063221
0.0632148
0.0631965
0.063058
0.0621498
0.0543837
-0.0992507
-1.78289
-14.3873
0

0
0.0654347
0.0632089
0.0631398
0.0631592
0.0628897
0.0631783
0.0632176
0.0632115
0.0632062
0.0631733
0.0631782
0.0632183
0.063214
0.0631915
0.0630472
0.0622311
0.0567025
-0.0434884
-1.06025
-11.7947
0

0
0.0654335
0.0632121
0.0631616
0.0631779
0.0630066
0.0631993
0.0632171
0.0632121
0.0632059
0.0631745
0.0631783
0.0632139
0.063212
0.0631858
0.0630296
0.0622812
0.0588518
0.000537277
-0.58731
-8.22006
0

0
0.0654339
0.0632167
0.0631739
0.0631869
0.0631257
0.0632102
0.0632169
0.0632128
0.0632069
0.0631751
0.0631778
0.063209
0.0632093
0.063179
0.0630014
0.0622691
0.0607856
0.0310218
-0.293732
-5.10659
0

0
0.0654353
0.0632246
0.063181
0.0631939
0.0631864
0.0632148
0.0632167
0.0632136
0.0632085
0.0631776
0.0631805
0.0632049
0.0632065
0.0631714
0.0629589
0.0621462
0.0624209
0.0456961
-0.117921
-2.98735
0

0
0.0654373
0.063233
0.0631873
0.0631986
0.0632089
0.0632164
0.0632167
0.0632143
0.06321
0.0631849
0.0631878
0.0632077
0.0632048
0.0631633
0.0628989
0.0618404
0.06345
0.0540624
-0.0219334
-1.75688
0

0
0.0654388
0.0632315
0.0631949
0.0632033
0.0632149
0.0632165
0.0632167
0.0632146
0.0632109
0.0631967
0.0631969
0.0632142
0.0632044
0.0631553
0.0628198
0.0612567
0.063122
0.0579456
0.0308701
-1.10745
0

0
0.0654395
0.0632221
0.0631991
0.0632064
0.0632161
0.0632162
0.0632164
0.0632144
0.0632112
0.0632023
0.0632041
0.0632198
0.0632047
0.0631477
0.0627226
0.0602821
0.0596019
0.0592246
0.0558526
-0.772002
0

0
0.0654401
0.0632163
0.0631998
0.0632077
0.0632154
0.063216
0.0632155
0.0632134
0.0632109
0.0632038
0.0632083
0.0632183
0.0632042
0.0631408
0.0626123
0.0588004
0.049541
0.0584715
0.063712
-0.593067
0

0
0.0654393
0.0632151
0.0631979
0.0632072
0.0632152
0.0632173
0.0632156
0.0632128
0.06321
0.0632035
0.0632121
0.0632178
0.0632047
0.0631264
0.0624017
0.0558541
0.0240844
0.0549747
0.0643266
-0.511378
0

0
0.0707098
0.0671567
0.0672661
0.0675708
0.0686065
0.0690759
0.0700568
0.0706117
0.0713019
0.0722296
0.0700419
0.0755512
0.0887047
0.120533
0.209066
0.471601
1.02669
0.566469
0.823036
1.56719
0

0
0
0
0
0
0
0
0
0
0
0
0
0
0
0
0
0
0
0
0
0
0


0
0
0
0
0
0
0
0
0
0
0
0
0
0
0
0
0
0
0
0
0
0

0
0.13658
0.135479
0.135427
0.135448
0.135324
0.135252
0.135528
0.135506
0.135464
0.135417
0.135512
0.135592
0.135609
0.135651
0.135711
0.135258
0.120993
-0.0941567
-2.72327
-29.8415
0

0
0.0655145
0.0632975
0.0632517
0.0630771
0.062334
0.063006
0.0631802
0.0632094
0.0632343
0.0632011
0.0630909
0.063135
0.063146
0.0631382
0.0629809
0.0616996
0.0453655
-0.178192
-3.00492
-44.7081
0

0
0.0654518
0.0632231
0.0631678
0.0630888
0.0626835
0.063141
0.063219
0.0632104
0.0632055
0.0631771
0.0631688
0.0632162
0.063217
0.0632075
0.0630791
0.0619844
0.0486356
-0.135306
-2.00925
-3.3868
0

0
0.065448
0.0632194
0.0631594
0.0631207
0.0631415
0.0631663
0.0632195
0.0632112
0.0632074
0.0631828
0.0631793
0.0632177
0.0632161
0.0632036
0.0630719
0.0620507
0.0517287
-0.0936952
-1.41077
-5.4578
0

0
0.065445
0.0632184
0.0631647
0.0631573
0.063156
0.0631834
0.0632185
0.0632117
0.0632086
0.0631868
0.0631861
0.0632178
0.063215
0.0631992
0.0630636
0.0621239
0.0547081
-0.0565028
-1.00271
-7.22347
0

0
0.065443
0.0632191
0.0631747
0.0631822
0.0631173
0.063197
0.0632175
0.0632122
0.0632088
0.0631895
0.0631898
0.0632164
0.0632138
0.0631947
0.0630533
0.0621907
0.0566474
-0.0236057
-0.678329
-6.76991
0

0
0.0654418
0.0632207
0.0631835
0.0631938
0.0631343
0.0632058
0.0632169
0.0632127
0.063209
0.0631916
0.0631917
0.0632141
0.0632122
0.0631898
0.0630386
0.0622335
0.0582767
0.00297854
-0.426369
-5.50726
0

0
0.0654414
0.0632232
0.0631898
0.0631995
0.0631691
0.0632109
0.0632165
0.0632132
0.0632096
0.0631934
0.063193
0.0632117
0.0632103
0.0631843
0.0630169
0.0622279
0.0596876
0.0246419
-0.243491
-4.04472
0

0
0.0654417
0.0632265
0.0631943
0.0632029
0.0631946
0.063214
0.0632164
0.0632138
0.0632104
0.0631971
0.0631954
0.0632103
0.0632085
0.0631783
0.0629852
0.062139
0.0607348
0.0423104
-0.121031
-2.79744
0

0
0.0654422
0.063229
0.063198
0.0632061
0.0632076
0.0632153
0.0632163
0.0632142
0.0632111
0.0632022
0.0631992
0.0632105
0.0632072
0.0631721
0.0629409
0.0619187
0.0611374
0.0504315
-0.0399213
-1.89978
0

0
0.0654425
0.0632278
0.0632012
0.0632086
0.0632127
0.0632157
0.0632162
0.0632144
0.0632116
0.063205
0.0632042
0.0632127
0.0632065
0.0631658
0.0628829
0.0615074
0.0603653
0.0548752
0.00881381
-1.31576
0

0
0.0654427
0.0632242
0.0632028
0.0632101
0.0632145
0.0632157
0.0632159
0.0632142
0.0632117
0.0632068
0.0632084
0.0632155
0.0632063
0.0631599
0.0628124
0.0608446
0.0575175
0.0568012
0.0397846
-0.958932
0

0
0.0654422
0.0632214
0.0632034
0.0632107
0.0632148
0.0632156
0.0632154
0.0632138
0.0632115
0.0632076
0.0632112
0.0632156
0.063206
0.0631548
0.0627335
0.0598935
0.0515012
0.0570563
0.0523484
-0.74031
0

0
0.0654418
0.0632202
0.063202
0.0632104
0.0632153
0.0632167
0.0632158
0.0632136
0.0632111
0.0632076
0.063214
0.0632166
0.0632065
0.0631417
0.0625735
0.0581004
0.0390942
0.0548601
0.0538428
-0.63405
0

0
0.0697545
0.0664507
0.0670509
0.0677973
0.068878
0.0693676
0.0700658
0.0704749
0.0710572
0.0718369
0.0707292
0.0758421
0.0884012
0.118479
0.197026
0.402046
0.778747
0.599519
1.0992
2.01578
0

0
0
0
0
0
0
0
0
0
0
0
0
0
0
0
0
0
0
0
0
0
0


0
0
0
0
0
0
0
0
0
0
0
0
0
0
0
0
0
0
0
0
0
0

0
0.136587
0.135484
0.135439
0.135468
0.135283
0.135416
0.135531
0.135508
0.135477
0.135455
0.135514
0.135571
0.135579
0.135572
0.135428
0.133869
0.113582
-0.0441911
-1.23543
-22.9956
0

0
0.0655216
0.0633128
0.0632691
0.0631488
0.0630737
0.0630711
0.0631797
0.0632103
0.0632366
0.063215
0.0631009
0.0631181
0.0631208
0.0630776
0.0627664
0.0605713
0.0388647
-0.129226
-1.30557
-19.2538
0

0
0.0654592
0.0632364
0.0631939
0.0631581
0.0630521
0.0631556
0.0632126
0.0632107
0.0632095
0.0631924
0.0631671
0.0631943
0.063188
0.06314
0.0628442
0.0607833
0.0415935
-0.110769
-1.01821
-7.80036
0

0
0.0654562
0.0632324
0.0631902
0.063169
0.0631463
0.0631802
0.0632138
0.0632112
0.0632102
0.0631951
0.0631744
0.0631958
0.0631872
0.0631356
0.0628307
0.0608213
0.0443748
-0.0894325
-0.81133
-5.24398
0

0
0.0654535
0.0632297
0.0631905
0.063182
0.0631721
0.0631941
0.0632139
0.0632116
0.0632107
0.0631974
0.0631805
0.0631967
0.0631863
0.0631305
0.0628134
0.060851
0.0471559
-0.0664647
-0.660912
-4.97901
0

0
0.0654513
0.063228
0.0631931
0.0631923
0.0631737
0.063202
0.0632137
0.0632119
0.0632108
0.0631992
0.0631851
0.0631969
0.0631853
0.0631249
0.062792
0.0608544
0.0495551
-0.0433626
-0.524012
-4.68251
0

0
0.0654496
0.0632271
0.0631962
0.0631989
0.0631815
0.0632066
0.0632135
0.0632121
0.063211
0.063201
0.0631884
0.0631966
0.0631842
0.0631188
0.0627645
0.0608081
0.0507675
-0.0204876
-0.392368
-4.10542
0

0
0.0654483
0.0632268
0.0631989
0.0632032
0.0631926
0.0632093
0.0632134
0.0632124
0.0632111
0.0632033
0.0631911
0.0631962
0.0631831
0.0631121
0.0627284
0.0606819
0.0515539
-0.000940434
-0.273251
-3.36823
0

0
0.0654473
0.0632269
0.0632011
0.0632063
0.0632018
0.0632109
0.0632134
0.0632127
0.0632113
0.0632052
0.063194
0.0631963
0.0631822
0.0631051
0.0626809
0.0604384
0.0516765
0.0164759
-0.17651
-2.62318
0

0
0.0654466
0.0632267
0.0632028
0.0632086
0.0632076
0.0632122
0.0632135
0.0632128
0.0632114
0.0632066
0.0631974
0.0631974
0.0631817
0.0630979
0.0626199
0.0600333
0.0508181
0.0287239
-0.10221
-1.98319
0

0
0.0654458
0.0632255
0.0632041
0.0632103
0.0632107
0.0632128
0.0632135
0.0632128
0.0632113
0.0632076
0.0632008
0.0631994
0.0631817
0.0630908
0.062545
0.0594225
0.0485661
0.0355384
-0.0479983
-1.49029
0

0
0.0654441
0.0632232
0.0632045
0.0632114
0.0632126
0.0632132
0.0632134
0.0632125
0.063211
0.0632081
0.063204
0.0632014
0.0631822
0.0630842
0.0624582
0.058578
0.0444725
0.0393453
-0.00981427
-1.13915
0

0
0.0654426
0.0632207
0.0632045
0.063212
0.0632135
0.0632134
0.0632132
0.063212
0.0632105
0.0632081
0.0632069
0.0632027
0.063183
0.0630787
0.0623655
0.057517
0.0383127
0.0412168
0.0136515
-0.9003
0

0
0.0654409
0.0632185
0.0632034
0.063212
0.0632146
0.0632147
0.0632138
0.0632118
0.0632102
0.0632079
0.0632096
0.0632052
0.063184
0.0630653
0.062206
0.0559118
0.0288826
0.0402994
0.0201424
-0.775126
0

0
0.0687542
0.0656734
0.0668382
0.0679895
0.0691236
0.0696513
0.0700755
0.0703449
0.0708522
0.0715982
0.0712647
0.0760998
0.0881391
0.116623
0.186649
0.348014
0.601915
0.613946
1.278
2.26726
0

0
0
0
0
0
0
0
0
0
0
0
0
0
0
0
0
0
0
0
0
0
0


0
0
0
0
0
0
0
0
0
0
0
0
0
0
0
0
0
0
0
0
0
0

0
0.129503
0.116911
0.128124
0.129794
0.125322
0.123001
0.130796
0.134134
0.138118
0.142071
0.118723
0.121154
0.116239
0.0904182
0.0122602
-0.22438
-0.939679
-2.77509
-3.3511
12.078
0

0
0.0587146
0.045931
0.0563042
0.0576796
0.0558086
0.0516681
0.0585633
0.0617728
0.0655864
0.0690931
0.046936
0.0488798
0.0437445
0.0176722
-0.0609756
-0.297412
-1.00583
-2.83705
-3.727
13.6305
0

0
0.0592198
0.0479797
0.056941
0.0579971
0.0590749
0.05343
0.0588024
0.0616754
0.0650882
0.0678648
0.0480292
0.0492174
0.0436841
0.017184
-0.0621581
-0.297204
-0.987325
-2.77043
-4.14277
10.3455
0

0
0.0599013
0.0504683
0.0578047
0.0583781
0.06139
0.0552384
0.0590564
0.0615436
0.0644891
0.0664531
0.0492456
0.0495446
0.043489
0.0163617
-0.0641506
-0.298046
-0.963472
-2.6649
-4.53358
4.17224
0

0
0.0605696
0.0528871
0.0586835
0.0588307
0.0623698
0.0567607
0.0593047
0.0613885
0.0638469
0.0650796
0.0504371
0.0498852
0.0432256
0.0152763
-0.0669795
-0.300745
-0.937745
-2.51923
-4.72499
-1.29409
0

0
0.0611196
0.0549574
0.0594832
0.0593405
0.0624557
0.0578975
0.0595168
0.0612206
0.0632282
0.0638919
0.0514835
0.0502026
0.0428997
0.0139322
-0.0708009
-0.306535
-0.915285
-2.34181
-4.67367
-4.84418
0

0
0.061482
0.0565499
0.060154
0.0598714
0.0621739
0.0587006
0.0596816
0.0610478
0.0626734
0.0629373
0.0523516
0.0504808
0.0425241
0.0123385
-0.0757813
-0.316776
-0.902558
-2.14568
-4.41576
-6.59361
0

0
0.0616213
0.0576386
0.0606739
0.0603844
0.0618615
0.0592647
0.0598006
0.0608752
0.0621963
0.0621934
0.0530683
0.0507241
0.0421141
0.0105134
-0.0820525
-0.332793
-0.905603
-1.94714
-4.02373
-7.07197
0

0
0.0615285
0.0582572
0.0610377
0.0608522
0.0616599
0.0596756
0.0598814
0.0607051
0.061793
0.0616072
0.0536865
0.0509488
0.0416852
0.00849084
-0.0896616
-0.355646
-0.930252
-1.76082
-3.56984
-6.78383
0

0
0.0612135
0.0584699
0.0612501
0.0612607
0.0615945
0.0599973
0.0599346
0.0605387
0.0614512
0.0611262
0.0542569
0.0511746
0.0412539
0.00632467
-0.0985215
-0.385847
-0.981312
-1.59594
-3.1137
-6.11845
0

0
0.0606977
0.0583528
0.0613245
0.0616063
0.0616429
0.0602736
0.0599706
0.0603775
0.0611577
0.0607186
0.0548086
0.0514143
0.0408387
0.00409178
-0.108369
-0.423033
-1.06078
-1.46453
-2.6902
-5.3351
0

0
0.0600089
0.0579787
0.0612825
0.0618924
0.0617728
0.0605333
0.0599984
0.0602242
0.0609017
0.0603741
0.0553484
0.0516697
0.0404597
0.00189273
-0.118739
-0.465651
-1.16612
-1.36621
-2.32537
-4.58765
0

0
0.0591732
0.057406
0.0611501
0.0621273
0.0619563
0.0607942
0.060023
0.0600825
0.0606766
0.0600956
0.0558678
0.0519322
0.0401374
-0.000152147
-0.128969
-0.510727
-1.28863
-1.29919
-2.03178
-3.95697
0

0
0.0582142
0.0566755
0.0609567
0.0623213
0.0621732
0.0610675
0.0600457
0.0599555
0.060481
0.0598925
0.056355
0.0521906
0.0398902
-0.00192277
-0.138309
-0.554199
-1.41417
-1.2607
-1.82491
-3.51191
0

0
0.0594155
0.0574188
0.0641428
0.0674303
0.068553
0.0680846
0.0669492
0.0668662
0.0677983
0.0680529
0.065296
0.0655784
0.0645387
0.0489271
-0.0287587
-0.333021
-1.04659
-0.652095
-0.306999
-0.030618
0

0
0
0
0
0
0
0
0
0
0
0
0
0
0
0
0
0
0
0
0
0
0


0
0
0
0
0
0
0
0
0
0
0
0
0
0
0
0
0
0
0
0
0
0

0
0
0
0
0
0
0
0
0
0
0
0
0
0
0
0
0
0
0
0
0
0

0
0
0
0
0
0
0
0
0
0
0
0
0
0
0
0
0
0
0
0
0
0

0
0
0
0
0
0
0
0
0
0
0
0
0
0
0
0
0
0
0
0
0
0

0
0
0
0
0
0
0
0
0
0
0
0
0
0
0
0
0
0
0
0
0
0

0
0
0
0
0
0
0
0
0
0
0
0
0
0
0
0
0
0
0
0
0
0

0
0
0
0
0
0
0
0
0
0
0
0
0
0
0
0
0
0
0
0
0
0

0
0
0
0
0
0
0
0
0
0
0
0
0
0
0
0
0
0
0
0
0
0

0
0
0
0
0
0
0
0
0
0
0
0
0
0
0
0
0
0
0
0
0
0

0
0
0
0
0
0
0
0
0
0
0
0
0
0
0
0
0
0
0
0
0
0

0
0
0
0
0
0
0
0
0
0
0
0
0
0
0
0
0
0
0
0
0
0

0
0
0
0
0
0
0
0
0
0
0
0
0
0
0
0
0
0
0
0
0
0

0
0
0
0
0
0
0
0
0
0
0
0
0
0
0
0
0
0
0
0
0
0

0
0
0
0
0
0
0
0
0
0
0
0
0
0
0
0
0
0
0
0
0
0

0
0
0
0
0
0
0
0
0
0
0
0
0
0
0
0
0
0
0
0
0
0

0
0
0
0
0
0
0
0
0
0
0
0
0
0
0
0
0
0
0
0
0
0

0
0
0
0
0
0
0
0
0
0
0
0
0
0
0
0
0
0
0
0
0
0


