0
0
0
0
0
0
0
0
0
0
0
0
0
0
0
0
0
0
0
0
0
0

0
0
0
0
0
0
0
0
0
0
0
0
0
0
0
0
0
0
0
0
0
0

0
0
0
0
0
0
0
0
0
0
0
0
0
0
0
0
0
0
0
0
0
0

0
0
0
0
0
0
0
0
0
0
0
0
0
0
0
0
0
0
0
0
0
0

0
0
0
0
0
0
0
0
0
0
0
0
0
0
0
0
0
0
0
0
0
0

0
0
0
0
0
0
0
0
0
0
0
0
0
0
0
0
0
0
0
0
0
0

0
0
0
0
0
0
0
0
0
0
0
0
0
0
0
0
0
0
0
0
0
0

0
0
0
0
0
0
0
0
0
0
0
0
0
0
0
0
0
0
0
0
0
0

0
0
0
0
0
0
0
0
0
0
0
0
0
0
0
0
0
0
0
0
0
0

0
0
0
0
0
0
0
0
0
0
0
0
0
0
0
0
0
0
0
0
0
0

0
0
0
0
0
0
0
0
0
0
0
0
0
0
0
0
0
0
0
0
0
0

0
0
0
0
0
0
0
0
0
0
0
0
0
0
0
0
0
0
0
0
0
0

0
0
0
0
0
0
0
0
0
0
0
0
0
0
0
0
0
0
0
0
0
0

0
0
0
0
0
0
0
0
0
0
0
0
0
0
0
0
0
0
0
0
0
0

0
0
0
0
0
0
0
0
0
0
0
0
0
0
0
0
0
0
0
0
0
0

0
0
0
0
0
0
0
0
0
0
0
0
0
0
0
0
0
0
0
0
0
0

0
0
0
0
0
0
0
0
0
0
0
0
0
0
0
0
0
0
0
0
0
0


0
0
0
0
0
0
0
0
0
0
0
0
0
0
0
0
0
0
0
0
0
0

0.5
0.422904
0.536175
0.585541
0.603481
0.47679
0.33112
0.459345
0.0318887
0.701387
0.424924
0.280219
0.856188
0.372588
0.789643
1.56473
0.267251
0.384501
0.210388
0.16657
0.162834
0

0.5
0.409722
0.492887
0.521366
0.569795
0.451792
0.307707
0.44522
0.455478
0.119395
0.36394
0.291828
0.852098
0.791391
0.791253
1.72843
-0.0043433
0.380547
0.188641
0.150891
0.14788
0

0.5
0.419124
0.499318
0.573655
0.57825
0.337322
0.43861
0.469962
0.400352
0.221116
0.362925
0.571766
0.437153
0.729287
0.833925
0.71878
1.56491
0.527221
0.185582
0.148585
0.145681
0

0.5
0.43178
0.495928
0.563755
0.554142
0.384537
0.407511
0.413402
0.450843
0.269412
0.367643
0.552997
0.342961
0.699125
0.81658
0.414275
1.31147
0.528032
0.164037
0.143489
0.140753
0

0.5
0.449215
0.534176
0.49277
0.567335
0.357047
0.38875
0.434432
0.387781
0.35577
0.377992
0.452291
-0.31403
0.688599
0.869045
0.465679
1.27762
0.531417
0.133905
0.136476
0.134127
0

0.5
0.458272
0.528097
0.509302
0.598697
0.337741
0.369708
0.46449
0.335002
0.307748
0.371909
0.445183
0.689672
0.728601
0.893773
0.486396
1.3255
0.641375
-0.0854411
0.11927
0.116647
0

0.5
0.463656
0.520832
0.508284
0.624676
0.320596
0.35115
0.462207
0.293366
0.3303
0.369369
0.43338
0.587956
0.750879
0.941331
0.637921
1.41744
0.653868
-0.154705
0.110469
0.108791
0

0.5
0.467348
0.515111
0.508802
0.651152
0.308545
0.337955
0.211539
0.593413
0.366683
0.366752
0.418818
0.564828
0.757806
1.7005
0.720334
1.53835
0.650787
-0.255504
0.0856133
0.0883341
0

0.5
0.470244
0.510926
0.514752
0.619466
0.362727
0.344367
0.236266
0.511432
0.374882
0.362143
0.402642
0.532392
0.841719
0.502591
0.515292
1.68018
0.662154
-0.168874
-0.10116
-0.110832
0

0.5
0.472861
0.507638
0.531522
0.25234
0.653979
0.392671
0.267826
0.479649
0.378239
0.362342
0.384188
0.477086
0.892342
0.876007
0.452095
2.03925
0.54108
-0.303108
-0.10315
-0.110942
0

0.5
0.475668
0.506176
0.5198
0.345831
0.470128
0.424565
0.296337
0.460483
0.377235
0.400209
0.364945
0.344398
1.05117
0.762549
0.364201
2.52573
0.493406
-0.438563
-0.0972267
-0.104061
0

0.5
0.480303
0.503476
0.51595
0.423967
0.417507
0.391716
0.315745
0.437158
0.371349
0.343577
0.341446
0.35779
0.933201
0.310846
0.611124
3.06216
0.512035
-0.57292
-0.0817218
-0.0882546
0

0.5
0.48978
0.498203
0.518831
0.485786
0.371805
0.371878
0.376145
0.356781
0.358144
0.36919
0.318806
0.334097
0.642529
-1.39018
1.148
4.50391
0.57196
-0.718435
-0.0527192
-0.0593069
0

0.5
0.489213
0.499401
0.523336
0.548201
0.31795
0.350356
0.369763
0.359256
0.349364
0.315399
0.291341
0.265139
-0.193283
0.529249
0.415464
5.5098
0.755218
-0.916074
-0.00142557
-0.0074255
0

0.5
0.477287
0.489747
0.516317
0.588256
0.245751
0.320594
0.348402
0.346601
0.332339
0.303375
0.265904
0.212885
0.143538
0.283956
0.485655
-0.435922
0.0876386
0.0346784
0.0563977
0.0560754
0

0
0
0
0
0
0
0
0
0
0
0
0
0
0
0
0
0
0
0
0
0
0


0
0
0
0
0
0
0
0
0
0
0
0
0
0
0
0
0
0
0
0
0
0

0.5
0.313274
0.664037
0.577279
0.582938
0.447812
0.384398
0.429421
0.48795
0.202469
0.392214
0.411932
0.648922
0.824204
0.821005
0.91567
0.791901
0.650602
0.28659
0.22416
0.219508
0

0.5
0.234124
0.760047
0.57216
0.540133
0.459472
0.380933
0.416651
0.43582
0.27816
0.378353
0.386737
0.65128
0.735568
0.78302
1.0048
0.781431
0.571205
0.257198
0.205533
0.201851
0

0.5
0.332031
0.611999
0.552872
0.530963
0.437066
0.400777
0.428762
0.424251
0.279278
0.377479
0.4433
0.617704
0.7185
0.795501
0.534475
1.35812
0.567628
0.236943
0.201462
0.197854
0

0.5
0.403354
0.549165
0.542259
0.519597
0.425833
0.410635
0.427455
0.412881
0.298228
0.378952
0.481962
0.582222
0.690173
0.802608
0.506795
1.14388
0.586002
0.210368
0.194378
0.190906
0

0.5
0.440017
0.527204
0.534912
0.528132
0.412524
0.403979
0.421912
0.404156
0.312307
0.381119
0.460441
0.622096
0.692873
0.788215
0.459553
1.16112
0.611517
0.156124
0.183458
0.180138
0

0.5
0.457133
0.524024
0.515525
0.53133
0.401819
0.394939
0.418523
0.392631
0.335748
0.381269
0.445467
0.580829
0.695815
0.849405
0.540578
1.2136
0.626286
0.121735
0.171189
0.168032
0

0.5
0.466245
0.518997
0.513145
0.534826
0.393949
0.386494
0.398991
0.39993
0.350353
0.378999
0.436059
0.561039
0.714054
0.687715
0.646925
1.29391
0.659803
0.0477969
0.148167
0.14527
0

0.5
0.471849
0.514585
0.512712
0.527837
0.398241
0.382358
0.33663
0.440177
0.364604
0.375748
0.422612
0.528179
0.734757
0.569794
0.67313
1.38632
0.689849
-0.00696655
0.114543
0.111301
0

0.5
0.475942
0.511257
0.514557
0.441632
0.475951
0.398311
0.309907
0.460537
0.375898
0.371252
0.407043
0.478595
0.751888
0.781498
0.698116
1.53209
0.725289
-0.057185
0.0803078
0.0735167
0

0.5
0.47959
0.508812
0.518076
0.257863
0.642699
0.446213
0.321721
0.448549
0.379389
0.364514
0.389405
0.389714
0.820382
0.638957
0.612011
1.75674
0.821492
-0.103904
0.0329225
0.0256322
0

0.5
0.483594
0.507052
0.515393
0.38974
0.449628
0.412744
0.330599
0.432717
0.378466
0.353639
0.370178
0.258895
0.939295
0.369286
0.546348
1.90767
0.737502
-0.180982
0.0182653
0.0111581
0

0.5
0.489001
0.504707
0.514466
0.439895
0.422213
0.396426
0.342805
0.414504
0.374251
0.349176
0.349834
0.303821
0.687042
-0.203821
0.689704
2.41379
0.694774
-0.274087
0.0170396
0.0102919
0

0.5
0.496325
0.50065
0.516617
0.484833
0.389446
0.380238
0.361266
0.391575
0.367316
0.337605
0.328588
0.315415
0.406445
-0.553778
1.04549
3.20007
0.712418
-0.358764
0.0231222
0.0168642
0

0.5
0.498026
0.501947
0.521128
0.528291
0.352333
0.362185
0.369036
0.370977
0.357296
0.331709
0.306269
0.272809
0.0311597
0.434702
0.300031
4.41802
0.839509
-0.372924
0.0338964
0.0285262
0

0.5
0.484461
0.493393
0.512687
0.548631
0.304659
0.335498
0.354171
0.352668
0.340192
0.315049
0.282328
0.234504
0.18425
0.240829
0.336989
3.62464
0.859264
-0.85299
0.048375
0.0442743
0

0
0
0
0
0
0
0
0
0
0
0
0
0
0
0
0
0
0
0
0
0
0


0
0
0
0
0
0
0
0
0
0
0
0
0
0
0
0
0
0
0
0
0
0

0.5
0.35827
0.623152
0.558771
0.533443
0.356658
0.388292
0.433936
0.436026
0.343709
0.40645
0.433851
0.642674
0.722041
0.770961
0.758596
0.871125
0.605121
0.32171
0.268659
0.263724
0

0.5
0.328864
0.610824
0.533834
0.479087
0.439174
0.388162
0.41763
0.41797
0.315126
0.385734
0.421329
0.606233
0.694062
0.739872
0.745185
0.813808
0.573921
0.295348
0.248621
0.244782
0

0.5
0.368673
0.580695
0.532831
0.496436
0.462405
0.403031
0.418943
0.415314
0.318874
0.386429
0.438832
0.590726
0.685495
0.739223
0.563893
1.03879
0.581727
0.281068
0.244816
0.240983
0

0.5
0.409235
0.548491
0.527521
0.497492
0.450022
0.410258
0.419347
0.410148
0.328154
0.387313
0.457041
0.573827
0.675163
0.734699
0.565065
1.06845
0.603915
0.25871
0.237883
0.234085
0

0.5
0.438354
0.527828
0.520098
0.497473
0.437684
0.409473
0.414662
0.405734
0.340348
0.388245
0.454496
0.564711
0.672091
0.726628
0.621656
1.08328
0.623048
0.228215
0.228001
0.224217
0

0.5
0.456079
0.518985
0.514258
0.498679
0.428165
0.404726
0.407446
0.402337
0.351225
0.387785
0.444743
0.555167
0.665545
0.736254
0.62106
1.11737
0.63698
0.192048
0.214748
0.210998
0

0.5
0.466616
0.51433
0.510204
0.499044
0.420648
0.399082
0.394739
0.404257
0.361372
0.385897
0.436059
0.538356
0.665533
0.716406
0.66105
1.18167
0.658172
0.150605
0.196618
0.192677
0

0.5
0.473295
0.511047
0.508136
0.490662
0.422113
0.39526
0.372255
0.417192
0.370449
0.382896
0.424559
0.5107
0.668288
0.683259
0.707499
1.26981
0.68064
0.105328
0.174237
0.169798
0

0.5
0.478074
0.508744
0.507432
0.436257
0.464985
0.399987
0.35217
0.428531
0.37758
0.378796
0.410612
0.471467
0.671816
0.641252
0.718388
1.37799
0.694666
0.0552756
0.150646
0.145619
0

0.5
0.482075
0.507285
0.508714
0.305662
0.573757
0.418476
0.349245
0.426692
0.380678
0.373494
0.394623
0.415353
0.675194
0.610803
0.697462
1.52151
0.66178
0.00126023
0.125586
0.119464
0

0.5
0.485979
0.506674
0.508354
0.39063
0.47247
0.412632
0.353551
0.418084
0.380183
0.367231
0.377254
0.34443
0.673555
0.452302
0.650557
1.76363
0.697894
-0.0401053
0.109111
0.102571
0

0.5
0.490268
0.506769
0.509524
0.440888
0.431009
0.399153
0.359401
0.406511
0.377021
0.359897
0.359373
0.328513
0.587468
0.0936014
0.664542
2.19804
0.750462
-0.0825212
0.102605
0.0959762
0

0.5
0.495192
0.506976
0.512718
0.477876
0.402395
0.385923
0.366357
0.392808
0.371695
0.352203
0.340792
0.31712
0.412447
-0.213057
0.745598
2.8978
0.858779
-0.117647
0.102967
0.0964313
0

0.5
0.498698
0.504583
0.515489
0.509133
0.374177
0.370719
0.370027
0.377813
0.363336
0.342204
0.320759
0.287439
0.201669
0.232885
0.00192296
3.7561
1.06485
-0.149985
0.107563
0.101437
0

0.5
0.488316
0.493437
0.505859
0.518727
0.336978
0.346463
0.358057
0.357275
0.346545
0.325707
0.298312
0.257514
0.211982
0.218598
-0.100955
4.26942
1.27628
-0.0848347
0.109362
0.104321
0

0
0
0
0
0
0
0
0
0
0
0
0
0
0
0
0
0
0
0
0
0
0


0
0
0
0
0
0
0
0
0
0
0
0
0
0
0
0
0
0
0
0
0
0

0.5
0.40495
0.585496
0.543562
0.39825
0.157381
0.374022
0.431108
0.43228
0.363719
0.414989
0.457774
0.604804
0.687366
0.731259
0.713822
0.871265
0.629363
0.367882
0.316796
0.311386
0

0.5
0.391079
0.561516
0.519136
0.367322
0.404458
0.393363
0.414691
0.412246
0.344785
0.394638
0.437417
0.576554
0.658443
0.700971
0.695789
0.83534
0.593967
0.340612
0.295169
0.291009
0

0.5
0.405655
0.551107
0.517167
0.438134
0.486911
0.410549
0.415992
0.411329
0.347034
0.395167
0.444132
0.568517
0.6543
0.698797
0.666944
0.883117
0.596409
0.330425
0.292006
0.287818
0

0.5
0.426232
0.535791
0.515312
0.468506
0.476358
0.415202
0.415236
0.409012
0.351797
0.395548
0.45135
0.556597
0.647559
0.694923
0.62854
0.947626
0.610141
0.31466
0.286233
0.282018
0

0.5
0.444974
0.522934
0.512495
0.480055
0.454869
0.414742
0.411871
0.406899
0.35844
0.395628
0.452028
0.545603
0.641003
0.690188
0.630981
0.984112
0.625981
0.29446
0.278127
0.273851
0

0.5
0.458969
0.515109
0.509028
0.482743
0.443583
0.41176
0.406126
0.405547
0.365499
0.3949
0.44527
0.536426
0.635172
0.683253
0.64931
1.02483
0.64236
0.270387
0.267584
0.263197
0

0.5
0.46862
0.510799
0.506256
0.481756
0.437411
0.407758
0.39782
0.406145
0.371997
0.393073
0.437195
0.521575
0.629238
0.668713
0.670291
1.08139
0.66043
0.242086
0.254517
0.249903
0

0.5
0.475313
0.50828
0.504398
0.474982
0.437058
0.404442
0.386513
0.409766
0.377577
0.390229
0.427209
0.499588
0.623216
0.640761
0.697139
1.1589
0.679981
0.210494
0.239617
0.234648
0

0.5
0.4803
0.506814
0.503344
0.450085
0.452131
0.404427
0.37526
0.414026
0.381802
0.386403
0.41512
0.469882
0.614832
0.611279
0.712815
1.2597
0.698912
0.177742
0.224153
0.218766
0

0.5
0.484482
0.506141
0.503345
0.397471
0.490286
0.409544
0.370018
0.413815
0.383766
0.381578
0.401211
0.432107
0.601627
0.564007
0.702118
1.39044
0.72814
0.150024
0.20901
0.203054
0

0.5
0.488488
0.506161
0.503929
0.411031
0.46956
0.409692
0.369949
0.409206
0.383293
0.375831
0.385998
0.38979
0.575845
0.456373
0.647669
1.58833
0.772572
0.125779
0.196967
0.190552
0

0.5
0.492789
0.506714
0.505688
0.444535
0.438055
0.401727
0.371864
0.401963
0.380785
0.369359
0.370109
0.358919
0.512588
0.242527
0.539265
1.97548
0.849062
0.107075
0.190211
0.183551
0

0.5
0.497562
0.50735
0.508709
0.472705
0.41429
0.391621
0.374445
0.39308
0.376536
0.362166
0.3536
0.334687
0.404699
0.0315411
0.354949
2.6266
0.989264
0.094464
0.188138
0.181427
0

0.5
0.500833
0.506133
0.510554
0.49525
0.39189
0.378995
0.374681
0.381762
0.369314
0.352939
0.335664
0.306863
0.282258
0.156622
-0.289062
3.40578
1.20269
0.0860349
0.188213
0.181795
0

0.5
0.491654
0.493685
0.499983
0.498134
0.36099
0.356803
0.362416
0.362086
0.353049
0.336399
0.3143
0.28041
0.240947
0.1838
-0.544807
3.95606
1.39111
0.0511029
0.183279
0.177652
0

0
0
0
0
0
0
0
0
0
0
0
0
0
0
0
0
0
0
0
0
0
0


0
0
0
0
0
0
0
0
0
0
0
0
0
0
0
0
0
0
0
0
0
0

0.5
0.437642
0.558577
0.53131
0.172338
0.0995974
0.378856
0.430685
0.430708
0.386183
0.424413
0.469211
0.58048
0.655506
0.696351
0.693883
0.833001
0.634611
0.413192
0.366196
0.360367
0

0.5
0.422913
0.535003
0.506048
0.271742
0.318147
0.393586
0.414194
0.410552
0.366258
0.403493
0.447018
0.553955
0.62775
0.667228
0.669817
0.799109
0.60182
0.386019
0.34312
0.338697
0

0.5
0.431375
0.530329
0.505814
0.370014
0.492862
0.418214
0.415535
0.410253
0.367725
0.403733
0.44924
0.549206
0.625289
0.665666
0.667954
0.818572
0.604653
0.379539
0.340847
0.336369
0

0.5
0.442668
0.523091
0.50565
0.424828
0.511055
0.422571
0.414486
0.409148
0.370315
0.403675
0.451425
0.541372
0.620376
0.661828
0.653642
0.856698
0.613437
0.369316
0.336649
0.332105
0

0.5
0.454285
0.516008
0.504699
0.455452
0.476414
0.420518
0.411807
0.407948
0.373975
0.403273
0.450904
0.532317
0.614271
0.656217
0.648678
0.894895
0.626521
0.356311
0.330848
0.326196
0

0.5
0.46427
0.510822
0.503301
0.469488
0.455795
0.417335
0.40761
0.407031
0.378036
0.402235
0.446271
0.522528
0.60731
0.64809
0.654593
0.934188
0.641924
0.340779
0.323543
0.318729
0

0.5
0.472092
0.507667
0.501929
0.472953
0.446332
0.413831
0.402015
0.40679
0.381878
0.400368
0.439356
0.509672
0.599107
0.635148
0.66611
0.982372
0.65966
0.323263
0.314968
0.309923
0

0.5
0.478092
0.505957
0.500882
0.470375
0.443121
0.410701
0.395245
0.407488
0.385096
0.397644
0.430718
0.492133
0.589038
0.613807
0.680156
1.04413
0.680784
0.304677
0.305579
0.300234
0

0.5
0.482887
0.505211
0.500261
0.460815
0.446265
0.408938
0.388446
0.408409
0.387351
0.394076
0.420368
0.469418
0.575517
0.584237
0.689047
1.12201
0.707475
0.287125
0.296042
0.290344
0

0.5
0.487074
0.505179
0.500221
0.4437
0.455706
0.409085
0.383842
0.407735
0.388218
0.38968
0.40848
0.441802
0.555852
0.540227
0.680455
1.22557
0.744341
0.273072
0.287132
0.281029
0

0.5
0.49115
0.505728
0.500968
0.438544
0.454509
0.408631
0.381992
0.404782
0.387503
0.384522
0.395402
0.411209
0.52503
0.461172
0.628896
1.39445
0.797266
0.263309
0.279915
0.273415
0

0.5
0.495526
0.506738
0.502711
0.45271
0.439089
0.404039
0.381746
0.399997
0.385327
0.378719
0.381543
0.382366
0.474029
0.326393
0.485423
1.70242
0.878218
0.258117
0.275467
0.268665
0

0.5
0.500331
0.507851
0.505306
0.470662
0.422528
0.396811
0.382024
0.393819
0.381765
0.372217
0.36702
0.355815
0.39944
0.180793
0.183879
2.21265
1.00377
0.25665
0.27376
0.266805
0

0.5
0.503683
0.506932
0.506351
0.485776
0.405188
0.386525
0.380203
0.384985
0.375363
0.363576
0.350961
0.329014
0.317662
0.167619
-0.334395
2.83357
1.17566
0.256306
0.272604
0.265845
0

0.5
0.494886
0.494163
0.494968
0.483713
0.378626
0.36612
0.367037
0.366729
0.359571
0.347125
0.33045
0.303737
0.270414
0.172656
-0.65019
3.27494
1.31483
0.246604
0.264073
0.258054
0

0
0
0
0
0
0
0
0
0
0
0
0
0
0
0
0
0
0
0
0
0
0


0
0
0
0
0
0
0
0
0
0
0
0
0
0
0
0
0
0
0
0
0
0

0.5
0.459891
0.541384
0.517343
0.517636
0.607132
0.449775
0.438253
0.431934
0.403392
0.433385
0.4758
0.561918
0.628181
0.666161
0.676878
0.787234
0.636056
0.458218
0.416505
0.410305
0

0.5
0.443809
0.518755
0.496298
0.470422
0.532807
0.42222
0.416591
0.411217
0.38296
0.412022
0.452987
0.536233
0.601075
0.637804
0.650599
0.755503
0.604654
0.43077
0.392006
0.387369
0

0.5
0.44938
0.516588
0.497711
0.448128
0.505943
0.423219
0.416203
0.411013
0.383791
0.412004
0.453365
0.533199
0.599395
0.63677
0.652545
0.76643
0.607324
0.427101
0.390678
0.385967
0

0.5
0.45625
0.51316
0.498413
0.445811
0.490595
0.424909
0.415162
0.410323
0.385107
0.411611
0.45331
0.527672
0.595552
0.633492
0.64921
0.788335
0.613868
0.421222
0.388161
0.383361
0

0.5
0.463646
0.509566
0.498526
0.454698
0.474681
0.424102
0.413123
0.409466
0.386977
0.41088
0.451808
0.520508
0.590142
0.628243
0.646199
0.816679
0.624353
0.413853
0.38477
0.379834
0

0.5
0.470601
0.506691
0.498279
0.463598
0.460437
0.421593
0.410056
0.408614
0.389085
0.409628
0.448002
0.511921
0.583285
0.620498
0.647612
0.848738
0.638076
0.405422
0.380641
0.37552
0

0.5
0.47662
0.50488
0.497931
0.468275
0.451026
0.418505
0.40612
0.407925
0.391071
0.407722
0.442241
0.501087
0.574659
0.608945
0.652506
0.886609
0.655077
0.396522
0.375995
0.370637
0

0.5
0.48169
0.50404
0.497679
0.468736
0.44606
0.415522
0.401583
0.407464
0.392638
0.405114
0.434923
0.487089
0.563599
0.591362
0.658423
0.933493
0.676505
0.388045
0.37113
0.365488
0

0.5
0.486071
0.503964
0.497647
0.465498
0.4447
0.413153
0.397015
0.406967
0.393537
0.401802
0.426188
0.469524
0.548881
0.565813
0.660621
0.993334
0.704412
0.381274
0.366433
0.360466
0

0.5
0.490115
0.504484
0.497961
0.459458
0.445895
0.411601
0.393317
0.405774
0.393538
0.39781
0.41618
0.448553
0.528515
0.527926
0.650223
1.07586
0.741551
0.377359
0.362351
0.35603
0

0.5
0.494185
0.505492
0.498829
0.455825
0.445224
0.410048
0.390958
0.403432
0.392508
0.393191
0.405125
0.425082
0.499462
0.467811
0.607497
1.20647
0.791578
0.376742
0.359375
0.352697
0

0.5
0.49862
0.506896
0.500445
0.460901
0.4381
0.406788
0.389635
0.399958
0.390467
0.38802
0.393293
0.400802
0.457836
0.376129
0.489203
1.43266
0.861988
0.379366
0.357963
0.350969
0

0.5
0.503501
0.508356
0.502591
0.470822
0.427811
0.401589
0.38865
0.395406
0.387347
0.382198
0.380759
0.376551
0.402669
0.271589
0.232209
1.79945
0.96303
0.384614
0.358021
0.350825
0

0.5
0.506963
0.507683
0.502938
0.479715
0.414959
0.393242
0.385602
0.388204
0.381521
0.374175
0.36651
0.351981
0.343008
0.216354
-0.165913
2.25484
1.09218
0.389453
0.357303
0.350266
0

0.5
0.498295
0.494863
0.490859
0.473674
0.391845
0.374363
0.371675
0.371132
0.366061
0.35785
0.346739
0.327494
0.300429
0.198099
-0.447109
2.57745
1.1918
0.380928
0.346731
0.340484
0

0
0
0
0
0
0
0
0
0
0
0
0
0
0
0
0
0
0
0
0
0
0


0
0
0
0
0
0
0
0
0
0
0
0
0
0
0
0
0
0
0
0
0
0

0.5
0.475852
0.529977
0.514752
0.473979
0.497254
0.445734
0.439177
0.433833
0.417306
0.441802
0.480078
0.547014
0.604176
0.63943
0.658151
0.740098
0.634405
0.50208
0.467027
0.460538
0

0.5
0.45887
0.50811
0.492818
0.455928
0.479741
0.425264
0.418217
0.413042
0.396442
0.420073
0.456976
0.521874
0.577615
0.611679
0.630976
0.709909
0.604034
0.474118
0.441124
0.436353
0

0.5
0.462877
0.507354
0.493121
0.456242
0.47971
0.426413
0.417762
0.412863
0.396821
0.41988
0.456656
0.519859
0.576425
0.61104
0.633093
0.716643
0.606411
0.472597
0.440723
0.435862
0

0.5
0.467438
0.505924
0.493515
0.45649
0.475057
0.427084
0.416733
0.412271
0.397316
0.419261
0.455696
0.515884
0.573405
0.608473
0.633003
0.729453
0.6115
0.47013
0.439844
0.434879
0

0.5
0.472383
0.504387
0.493904
0.459514
0.467251
0.426458
0.415094
0.411498
0.398056
0.41832
0.453778
0.510395
0.56888
0.604117
0.632055
0.74774
0.619764
0.46729
0.438762
0.433646
0

0.5
0.477289
0.503169
0.494219
0.463757
0.458901
0.424598
0.412779
0.410607
0.398879
0.41694
0.450446
0.503449
0.562805
0.597559
0.63214
0.77013
0.631181
0.464476
0.437569
0.432256
0

0.5
0.481867
0.502526
0.49451
0.467023
0.452031
0.422069
0.40988
0.409664
0.399589
0.415035
0.445671
0.494725
0.554904
0.58792
0.63355
0.79701
0.645983
0.462179
0.436398
0.430845
0

0.5
0.486052
0.502509
0.494859
0.468364
0.447331
0.419393
0.406592
0.40869
0.399998
0.412563
0.439615
0.483759
0.544622
0.573713
0.634939
0.830384
0.664985
0.461008
0.435415
0.429584
0

0.5
0.489949
0.503051
0.495337
0.467763
0.444635
0.416933
0.403231
0.40758
0.399947
0.409519
0.432404
0.470268
0.531044
0.553005
0.633185
0.874001
0.68952
0.461632
0.434812
0.428673
0

0.5
0.493768
0.504069
0.496034
0.465812
0.443315
0.414823
0.400212
0.406087
0.399301
0.405924
0.424151
0.454281
0.512812
0.52266
0.622118
0.935556
0.721361
0.464562
0.434797
0.42833
0

0.5
0.497775
0.5055
0.497093
0.464431
0.441776
0.412764
0.397822
0.403986
0.397979
0.401818
0.415012
0.436196
0.488113
0.477383
0.588479
1.03116
0.763165
0.469998
0.435577
0.428778
0

0.5
0.502229
0.50726
0.498635
0.466475
0.437826
0.410019
0.396012
0.401217
0.395974
0.397255
0.405165
0.416718
0.455082
0.41257
0.504196
1.18932
0.819417
0.477815
0.437301
0.430193
0

0.5
0.507178
0.509028
0.500437
0.471569
0.431569
0.406073
0.39434
0.397647
0.393137
0.392099
0.394619
0.396381
0.413573
0.335909
0.327504
1.43904
0.895422
0.487409
0.439719
0.432395
0

0.5
0.510734
0.508578
0.500225
0.475853
0.42222
0.39918
0.390564
0.391509
0.387711
0.384691
0.382159
0.375017
0.368529
0.27592
0.0539821
1.75263
0.986951
0.495467
0.440349
0.433194
0

0.5
0.502113
0.495789
0.487572
0.466672
0.401885
0.381533
0.37611
0.375277
0.372452
0.368506
0.363094
0.351569
0.331669
0.244896
-0.157488
1.973
1.05235
0.488713
0.42881
0.422557
0

0
0
0
0
0
0
0
0
0
0
0
0
0
0
0
0
0
0
0
0
0
0


0
0
0
0
0
0
0
0
0
0
0
0
0
0
0
0
0
0
0
0
0
0

0.5
0.48824
0.522252
0.510678
0.483582
0.488852
0.450362
0.441056
0.436229
0.428754
0.449399
0.482944
0.534255
0.582589
0.615234
0.637967
0.695142
0.632035
0.544291
0.516548
0.509997
0

0.5
0.470674
0.500815
0.48911
0.462434
0.467307
0.429275
0.420041
0.415308
0.407515
0.427364
0.459673
0.509564
0.556531
0.588011
0.610518
0.666051
0.602343
0.515675
0.489295
0.484608
0

0.5
0.473788
0.500862
0.489431
0.462519
0.466138
0.429278
0.41956
0.415105
0.40757
0.427064
0.459143
0.508267
0.555746
0.587702
0.612115
0.669768
0.604368
0.515824
0.489757
0.484972
0

0.5
0.477037
0.500576
0.489777
0.462569
0.463606
0.429044
0.418576
0.414503
0.407503
0.426307
0.457914
0.505467
0.553471
0.585857
0.612605
0.676433
0.60825
0.516053
0.490384
0.485492
0

0.5
0.480509
0.500296
0.490268
0.463639
0.459715
0.428252
0.417189
0.413707
0.407481
0.425244
0.455974
0.501448
0.549927
0.582587
0.612386
0.686421
0.614535
0.516804
0.491402
0.48636
0

0.5
0.484059
0.50022
0.490851
0.46552
0.455137
0.426734
0.415352
0.412742
0.407426
0.423806
0.453094
0.4962
0.545011
0.577563
0.612071
0.699401
0.623416
0.518337
0.492823
0.487592
0

0.5
0.48757
0.500495
0.491513
0.46738
0.450794
0.424674
0.413108
0.411636
0.40724
0.421943
0.449195
0.489576
0.538497
0.570187
0.611909
0.715592
0.635165
0.520952
0.494682
0.489227
0

0.5
0.491011
0.501181
0.492263
0.46857
0.447253
0.42236
0.410571
0.410402
0.406824
0.41963
0.444322
0.481346
0.529975
0.559459
0.611252
0.736291
0.650296
0.524968
0.497025
0.491317
0

0.5
0.494446
0.502273
0.493123
0.468889
0.444652
0.420044
0.407918
0.409008
0.406088
0.416862
0.438544
0.471328
0.518812
0.543939
0.608242
0.764286
0.669602
0.530652
0.499887
0.493907
0

0.5
0.49802
0.503745
0.494145
0.468555
0.442774
0.417845
0.405364
0.407365
0.404958
0.413656
0.431942
0.459494
0.504131
0.52147
0.598907
0.804889
0.694218
0.538189
0.503314
0.497049
0

0.5
0.501923
0.505556
0.495392
0.468333
0.440992
0.415672
0.403072
0.405382
0.403392
0.410044
0.424618
0.445997
0.484856
0.488965
0.574959
0.868056
0.725831
0.547598
0.507341
0.50079
0

0.5
0.506367
0.507643
0.496922
0.469393
0.438381
0.413222
0.40106
0.403009
0.401381
0.406068
0.416696
0.431158
0.460018
0.443788
0.519763
0.970459
0.766939
0.55871
0.511948
0.505129
0

0.5
0.511363
0.509694
0.498497
0.471867
0.434475
0.410055
0.399013
0.400043
0.398725
0.401555
0.408106
0.415214
0.429587
0.388746
0.408702
1.12992
0.819903
0.570886
0.516752
0.509755
0

0.5
0.514992
0.509457
0.497872
0.473027
0.427616
0.404195
0.394799
0.394601
0.393576
0.394748
0.397424
0.397594
0.39585
0.337032
0.236782
1.33322
0.880265
0.580649
0.518994
0.51223
0

0.5
0.50639
0.496732
0.484766
0.461499
0.409438
0.3875
0.380003
0.378932
0.37843
0.378716
0.379075
0.375522
0.364134
0.302032
0.0908886
1.4797
0.918439
0.57425
0.50699
0.501281
0

0
0
0
0
0
0
0
0
0
0
0
0
0
0
0
0
0
0
0
0
0
0


0
0
0
0
0
0
0
0
0
0
0
0
0
0
0
0
0
0
0
0
0
0

0.5
0.497811
0.515954
0.506583
0.486203
0.476339
0.4518
0.441963
0.437822
0.437167
0.454783
0.483536
0.521969
0.5626
0.593641
0.619243
0.65808
0.632518
0.582833
0.561068
0.555177
0

0.5
0.479805
0.494761
0.485158
0.464792
0.455583
0.430702
0.420886
0.416743
0.415581
0.432481
0.460145
0.49765
0.536936
0.566757
0.591558
0.629435
0.602963
0.553409
0.532557
0.52865
0

0.5
0.482387
0.495317
0.485573
0.465079
0.455284
0.43047
0.420467
0.416503
0.415399
0.432119
0.459601
0.496895
0.536462
0.566643
0.592451
0.630923
0.604804
0.5548
0.533723
0.529726
0

0.5
0.484842
0.495755
0.48598
0.465217
0.454221
0.429855
0.419557
0.415845
0.414922
0.431275
0.458371
0.495005
0.534787
0.565318
0.592536
0.633221
0.607898
0.557007
0.53555
0.531472
0

0.5
0.487392
0.4963
0.486562
0.465654
0.452509
0.428913
0.418336
0.414974
0.414349
0.430136
0.456588
0.492204
0.532104
0.562918
0.592054
0.636922
0.612769
0.56035
0.538226
0.534036
0

0.5
0.49004
0.497026
0.487299
0.466445
0.450303
0.427553
0.416794
0.413905
0.413655
0.428672
0.454154
0.488461
0.528316
0.55922
0.591142
0.642127
0.619622
0.56491
0.541679
0.537352
0

0.5
0.492782
0.497996
0.488167
0.467362
0.447916
0.425812
0.414952
0.412656
0.41281
0.426862
0.451015
0.483706
0.523266
0.553855
0.589901
0.649072
0.62866
0.570779
0.545854
0.541369
0

0.5
0.495639
0.499247
0.489152
0.468133
0.445635
0.423816
0.412872
0.411247
0.411775
0.424695
0.447174
0.477831
0.516706
0.546252
0.588112
0.658477
0.640152
0.57801
0.55068
0.546023
0

0.5
0.498681
0.500799
0.490255
0.468613
0.443631
0.421711
0.41065
0.409682
0.410516
0.422173
0.44266
0.47074
0.508274
0.535547
0.584946
0.671871
0.654481
0.586618
0.556081
0.551242
0

0.5
0.502017
0.502645
0.491482
0.46883
0.441908
0.419593
0.408396
0.407946
0.409004
0.41931
0.437521
0.462398
0.497479
0.52045
0.578448
0.692113
0.672231
0.596601
0.561996
0.55697
0

0.5
0.5058
0.504769
0.492851
0.469038
0.440289
0.41747
0.406204
0.406018
0.407229
0.416138
0.431829
0.452862
0.483751
0.499222
0.56442
0.724466
0.694249
0.607866
0.568348
0.56314
0

0.5
0.510208
0.507125
0.49437
0.469653
0.438453
0.415247
0.404104
0.403875
0.405179
0.412682
0.425657
0.442267
0.466595
0.470258
0.534297
0.777822
0.721689
0.620228
0.575024
0.569649
0

0.5
0.515225
0.50941
0.49578
0.470671
0.435973
0.412589
0.40184
0.401285
0.402631
0.408743
0.418877
0.430643
0.445893
0.434076
0.474468
0.862946
0.755284
0.633049
0.581556
0.576103
0

0.5
0.518898
0.509348
0.494841
0.469797
0.430835
0.407447
0.39735
0.396297
0.397667
0.402484
0.409871
0.416909
0.422008
0.395713
0.378419
0.976451
0.790988
0.642792
0.584947
0.579845
0

0.5
0.510293
0.496684
0.481386
0.456609
0.414279
0.391463
0.382334
0.381009
0.382586
0.386623
0.392264
0.396508
0.395126
0.362636
0.285399
1.061
0.807618
0.635562
0.572519
0.568618
0

0
0
0
0
0
0
0
0
0
0
0
0
0
0
0
0
0
0
0
0
0
0


0
0
0
0
0
0
0
0
0
0
0
0
0
0
0
0
0
0
0
0
0
0

0.5
0.501813
0.509172
0.501311
0.484863
0.467145
0.450453
0.440316
0.436585
0.439679
0.454628
0.479336
0.509671
0.546232
0.578671
0.608459
0.639585
0.638177
0.609208
0.588742
0.58463
0

0.5
0.48324
0.48778
0.479604
0.462982
0.44622
0.428943
0.418845
0.415057
0.417564
0.431879
0.455605
0.485251
0.520339
0.551347
0.579855
0.610206
0.607691
0.578529
0.558946
0.556922
0

0.5
0.485578
0.488694
0.48016
0.463338
0.446302
0.428651
0.418492
0.414785
0.417246
0.431491
0.455101
0.4848
0.519956
0.551186
0.580116
0.610738
0.60966
0.580541
0.560463
0.558366
0

0.5
0.48765
0.489617
0.480693
0.463557
0.445934
0.427876
0.417632
0.414047
0.416502
0.430583
0.45391
0.483401
0.518464
0.549868
0.579436
0.610958
0.612603
0.58367
0.562845
0.560707
0

0.5
0.489743
0.490723
0.481398
0.463864
0.445296
0.426839
0.416488
0.413064
0.415559
0.429373
0.452239
0.481254
0.516056
0.547563
0.578072
0.611446
0.616991
0.588161
0.566274
0.564083
0

0.5
0.491928
0.492007
0.482257
0.464274
0.444378
0.425538
0.415076
0.411854
0.414429
0.427856
0.450055
0.478319
0.512641
0.544101
0.575985
0.612388
0.622962
0.593967
0.570637
0.568382
0

0.5
0.494257
0.493473
0.483247
0.464743
0.443212
0.423984
0.41342
0.410441
0.41312
0.426031
0.447334
0.474556
0.508111
0.539261
0.573137
0.613947
0.630613
0.60101
0.575811
0.573484
0

0.5
0.496788
0.495138
0.484355
0.465197
0.441874
0.422218
0.41156
0.408856
0.411637
0.423903
0.444074
0.469933
0.502344
0.532744
0.569349
0.616298
0.640052
0.609198
0.581663
0.579258
0

0.5
0.499598
0.497019
0.485567
0.465581
0.440472
0.420311
0.409552
0.407128
0.409982
0.421478
0.440286
0.464421
0.495173
0.524098
0.564212
0.619763
0.651403
0.618433
0.588066
0.585578
0

0.5
0.502787
0.499123
0.486875
0.465886
0.439079
0.418324
0.407455
0.405282
0.408163
0.418779
0.436006
0.458027
0.486409
0.512717
0.5569
0.624857
0.664893
0.628652
0.594913
0.592338
0

0.5
0.506491
0.501452
0.48828
0.466189
0.437732
0.416308
0.405332
0.403338
0.406189
0.415835
0.43129
0.450799
0.475872
0.497865
0.545967
0.632521
0.680804
0.639747
0.602082
0.59942
0

0.5
0.510871
0.503978
0.489766
0.466603
0.436401
0.414263
0.403209
0.401295
0.404057
0.412667
0.42619
0.442821
0.463448
0.478906
0.52881
0.644293
0.699436
0.651577
0.609431
0.60669
0

0.5
0.515893
0.506405
0.491061
0.466963
0.434784
0.411927
0.400854
0.39891
0.40153
0.409064
0.42055
0.434035
0.449111
0.455918
0.501353
0.662092
0.720514
0.66353
0.616453
0.613716
0

0.5
0.519552
0.506415
0.489894
0.465049
0.43072
0.407218
0.396216
0.394169
0.396628
0.403122
0.412631
0.423046
0.432222
0.430041
0.46025
0.684352
0.740052
0.671984
0.619981
0.617686
0

0.5
0.510778
0.493628
0.476066
0.450828
0.415114
0.391583
0.380991
0.379017
0.381481
0.387309
0.395517
0.404008
0.409302
0.401851
0.412867
0.692302
0.741478
0.6631
0.606827
0.605814
0

0
0
0
0
0
0
0
0
0
0
0
0
0
0
0
0
0
0
0
0
0
0


0
0
0
0
0
0
0
0
0
0
0
0
0
0
0
0
0
0
0
0
0
0

0
0
0
0
0
0
0
0
0
0
0
0
0
0
0
0
0
0
0
0
0
0

0
0
0
0
0
0
0
0
0
0
0
0
0
0
0
0
0
0
0
0
0
0

0
0
0
0
0
0
0
0
0
0
0
0
0
0
0
0
0
0
0
0
0
0

0
0
0
0
0
0
0
0
0
0
0
0
0
0
0
0
0
0
0
0
0
0

0
0
0
0
0
0
0
0
0
0
0
0
0
0
0
0
0
0
0
0
0
0

0
0
0
0
0
0
0
0
0
0
0
0
0
0
0
0
0
0
0
0
0
0

0
0
0
0
0
0
0
0
0
0
0
0
0
0
0
0
0
0
0
0
0
0

0
0
0
0
0
0
0
0
0
0
0
0
0
0
0
0
0
0
0
0
0
0

0
0
0
0
0
0
0
0
0
0
0
0
0
0
0
0
0
0
0
0
0
0

0
0
0
0
0
0
0
0
0
0
0
0
0
0
0
0
0
0
0
0
0
0

0
0
0
0
0
0
0
0
0
0
0
0
0
0
0
0
0
0
0
0
0
0

0
0
0
0
0
0
0
0
0
0
0
0
0
0
0
0
0
0
0
0
0
0

0
0
0
0
0
0
0
0
0
0
0
0
0
0
0
0
0
0
0
0
0
0

0
0
0
0
0
0
0
0
0
0
0
0
0
0
0
0
0
0
0
0
0
0

0
0
0
0
0
0
0
0
0
0
0
0
0
0
0
0
0
0
0
0
0
0

0
0
0
0
0
0
0
0
0
0
0
0
0
0
0
0
0
0
0
0
0
0


