0
0
0
0
0
0
0
0
0
0
0
0.00420784
0
0
0.0504689
-0.284732
0
0
0
0
0
0

0
-0.82509
-322274
-0.773478
-0.67596
-0.48958
-0.438814
-0.377748
-0.288422
0.0467398
1.71433
6.89478
33.2503
149.307
651.702
2563.3
5200.07
-74837.6
-1.41805e+06
-3.09003e+06
1.22544e+07
0

0
-0.726788
-4.15172
-0.585416
-0.724909
-0.527277
-0.427491
-0.37656
-0.375786
0.0505601
-0.101014
6.94807
32.8479
147.156
640.718
2521.97
5325.11
-70891
-1.41573e+06
3.18203e+06
-2.26807e+07
0

0
-0.616605
-2.03165
-0.449236
-0.839631
-0.540702
-0.423267
-0.376943
-0.291289
0.0434806
1.42277
6.89979
32.0495
142.997
619.463
2446.01
5777.02
-50914.6
-1.07514e+06
-2.5878e+06
5.47837e+06
0

0
-0.544893
-1.17269
-0.274689
-0.404326
-0.479025
-0.415305
-0.376503
-0.295423
0.0474163
1.34257
6.72718
30.8467
137.127
589.117
2332.78
6267.74
-26489.9
-644608
-2.33295e+06
1.2905e+07
0

0
-0.496777
-0.792595
-0.355358
-0.314177
-0.439161
-0.409302
-0.376157
-0.296384
-0.0236859
1.26732
6.48135
16.4794
129.739
551.324
2181.82
6485.82
-7437.32
-331585
-1.4808e+06
4.44384e+06
0

0
-0.463833
-0.605503
-0.369062
-0.370394
-0.426618
-0.405448
-0.375829
-0.300008
-0.0224792
1.21382
6.19187
27.9682
120.837
508.164
1998.76
6334.02
4004.32
-150206
-761520
1.18942e+06
0

0
-0.441129
-0.503581
-0.371308
-0.386275
-0.413046
-0.402027
-0.37544
-0.302283
-0.376157
1.17158
5.84574
26.2657
111.829
462.029
1794.88
5871.85
9358.97
-58199.4
-366454
188153
0

0
-0.425747
-0.440409
-0.368092
-0.397425
-0.396958
-0.399177
-0.374572
-0.305915
-0.036824
1.16406
5.46541
24.5232
102.592
415.295
1583.71
5219.37
10869.6
-16123.4
-176212
-102067
0

0
-0.416121
-0.390503
-0.360125
-0.389739
-0.398774
-0.397107
-0.375929
-0.306185
-0.049247
1.23284
5.01769
22.6844
93.5831
370.165
1378.02
4491.84
5871.85
915.654
-88960.6
-161987
0

0
-0.41214
-0.325938
-0.585416
-0.379322
-0.396728
-0.395358
-0.375786
-0.305755
-0.0595792
1.04934
4.82412
21.0717
85.1663
328.568
1188.13
3774.39
8851.1
6365.8
-48987.2
-148342
0

0
-0.404442
-0.491976
-0.330983
-0.382719
-0.395436
-0.393604
-0.369821
-0.30229
-0.0709986
0.965353
4.60079
19.5907
77.6956
291.969
1021.45
3117.69
6999.47
7060.55
-30133.4
-118008
0

0
-0.404605
-0.457039
-0.237667
-0.376009
-0.393414
-0.390018
-0.114318
-0.291975
-0.0818447
0.95793
4.38899
-0.047762
71.4498
261.504
882.717
2541.67
4816.97
6044.59
-20790.7
-89952.2
0

0
-0.404976
-0.427916
-0.544723
-0.404326
-0.394158
-0.381175
-0.370864
-0.350572
-0.089114
0.695764
4.19555
17.4972
66.5804
237.982
774.789
915.654
1560.48
4665.3
-15939
-89952.2
0

0
-0.405525
-0.417108
-0.440409
-0.389827
-0.39235
-0.404537
-0.377252
-0.334263
-0.101014
0.719232
4.08027
16.8203
63.2597
221.966
699.439
79.2651
-6022.55
3406.85
-13420.4
-56009.7
0

0
-0.40686
-0.397438
-0.427122
-0.394555
-0.391515
-0.397345
-0.378327
-0.326129
-0.10714
0.728581
4.02355
16.4794
61.5761
213.826
660.169
1137.87
3.18203e+06
2748.4
-12329.7
-49687.5
0

0
0
0
0
0
0
0
0
0
0
0
0
0
0
0
0
0
0
0
0
0
0


0
0.82509
322274
0.773478
0.67596
0.48958
0.438814
0.377748
0.288422
-0.0467398
-1.71433
-6.89478
-33.2503
-149.307
-651.702
-2563.3
-5200.07
74837.6
1.41805e+06
3.09003e+06
-1.22544e+07
0

0.82509
-0.82509
-322274
-0.773478
-0.67596
-0.48958
-0.438814
-0.377748
-0.288422
0.0467398
1.71433
6.89478
33.2503
149.307
651.702
2563.3
5200.07
-74837.6
-1.41805e+06
-3.09003e+06
1.22544e+07
1.22544e+07

0.726788
-0.726788
-4.15172
-0.585416
-0.724909
-0.527277
-0.427491
-0.37656
-0.375786
0.0505601
-0.101014
6.94807
32.8479
147.156
640.718
2521.97
5325.11
-70891
-1.41573e+06
3.18203e+06
-2.26807e+07
-4.76609e+07

0.616605
-0.616605
-2.03165
-0.449236
-0.839631
-0.540702
-0.423267
-0.376943
-0.291289
0.0434806
1.42277
6.89979
32.0495
142.997
619.463
2446.01
5777.02
-50914.6
-1.07514e+06
-2.5878e+06
5.47837e+06
5.47837e+06

0.544893
-0.544893
-1.17269
-0.274689
-0.404326
-0.479025
-0.415305
-0.376503
-0.295423
0.0474163
1.34257
6.72718
30.8467
137.127
589.117
2332.78
6267.74
-26489.9
-644608
-2.33295e+06
1.2905e+07
1.2905e+07

0.496777
-0.496777
-0.792595
-0.355358
-0.314177
-0.439161
-0.409302
-0.376157
-0.296384
-0.0236859
1.26732
6.48135
16.4794
129.739
551.324
2181.82
6485.82
-7437.32
-331585
-1.4808e+06
4.44384e+06
4.44384e+06

0.463833
-0.463833
-0.605503
-0.369062
-0.370394
-0.426618
-0.405448
-0.375829
-0.300008
-0.0224792
1.21382
6.19187
27.9682
120.837
508.164
1998.76
6334.02
4004.32
-150206
-761520
1.18942e+06
1.18942e+06

0.441129
-0.441129
-0.503581
-0.371308
-0.386275
-0.413046
-0.402027
-0.37544
-0.302283
-0.376157
1.17158
5.84574
26.2657
111.829
462.029
1794.88
5871.85
9358.97
-58199.4
-366454
188153
188153

0.425747
-0.425747
-0.440409
-0.368092
-0.397425
-0.396958
-0.399177
-0.374572
-0.305915
-0.036824
1.16406
5.46541
24.5232
102.592
415.295
1583.71
5219.37
10869.6
-16123.4
-176212
-102067
-102067

0.416121
-0.416121
-0.390503
-0.360125
-0.389739
-0.398774
-0.397107
-0.375929
-0.306185
-0.049247
1.23284
5.01769
22.6844
93.5831
370.165
1378.02
4491.84
5871.85
915.654
-88960.6
-161987
-161987

0.41214
-0.41214
-0.325938
-0.585416
-0.379322
-0.396728
-0.395358
-0.375786
-0.305755
-0.0595792
1.04934
4.82412
21.0717
85.1663
328.568
1188.13
3774.39
8851.1
6365.8
-48987.2
-148342
-148342

0.404442
-0.404442
-0.491976
-0.330983
-0.382719
-0.395436
-0.393604
-0.369821
-0.30229
-0.0709986
0.965353
4.60079
19.5907
77.6956
291.969
1021.45
3117.69
6999.47
7060.55
-30133.4
-118008
-118008

0.404605
-0.404605
-0.457039
-0.237667
-0.376009
-0.393414
-0.390018
-0.114318
-0.291975
-0.0818447
0.95793
4.38899
-0.047762
71.4498
261.504
882.717
2541.67
4816.97
6044.59
-20790.7
-89952.2
-89952.2

0.404976
-0.404976
-0.427916
-0.544723
-0.404326
-0.394158
-0.381175
-0.370864
-0.350572
-0.089114
0.695764
4.19555
17.4972
66.5804
237.982
774.789
915.654
1560.48
4665.3
-15939
-89952.2
-69185.4

0.405525
-0.405525
-0.417108
-0.440409
-0.389827
-0.39235
-0.404537
-0.377252
-0.334263
-0.101014
0.719232
4.08027
16.8203
63.2597
221.966
699.439
79.2651
-6022.55
3406.85
-13420.4
-56009.7
-56009.7

0.40686
-0.40686
-0.397438
-0.427122
-0.394555
-0.391515
-0.397345
-0.378327
-0.326129
-0.10714
0.728581
4.02355
16.4794
61.5761
213.826
660.169
1137.87
3.18203e+06
2748.4
-12329.7
-49687.5
-49687.5

0
-0.40686
-0.397438
-0.427122
-0.394555
-0.391515
-0.397345
-0.378327
-0.326129
-0.10714
0.728581
4.02355
16.4794
61.5761
213.826
660.169
1137.87
25594.9
2748.4
-12329.7
-49687.5
0


0
0.954975
4.77669
0.936578
0.673312
0.506578
0.429416
0.374599
0.22668
-0.38462
-3.07441
-13.879
-63.7541
-285.721
-1258.5
-5138.08
-13585.4
103083
2.8216e+06
1.27722e+07
-7.64973e+07
0

0.954975
-0.954975
-4.77669
-0.936578
-0.673312
-0.506578
-0.429416
-0.374599
-0.22668
0.38462
3.07441
13.879
63.7541
285.721
1258.5
5138.08
13585.4
-103083
-2.8216e+06
-1.27722e+07
7.64973e+07
7.64973e+07

0.8764
-0.8764
-4.53384
-0.781022
-0.672501
-0.560839
-0.4349
-0.374973
-0.230463
0.380719
2.94
13.7804
62.9854
281.559
1236.66
5044.15
13485.8
-107030
-3.38911e+06
2.05374e+07
-1.77376e+08
-1.77376e+08

0.765363
-0.765363
-2.5425
-0.630445
-0.657842
-0.540371
-0.432636
-0.375329
-0.229902
0.368736
2.88923
13.5557
61.487
273.49
1194.48
4869.87
13922.9
-67559.9
-2.22778e+06
-9.8744e+06
1.10746e+08
1.10746e+08

0.670982
-0.670982
-1.56446
-0.489128
-0.564656
-0.505502
-0.42831
-0.375434
-0.232806
0.351911
2.79748
13.191
59.3389
261.989
1134.47
4616.55
14278.4
-24179.1
-1.12597e+06
-6.52274e+06
1.45258e+07
1.45258e+07

0.598995
-0.598995
-1.06016
-0.475439
-0.444653
-0.469886
-0.423326
-0.375494
-0.236358
0.315065
2.69369
12.7125
56.7071
247.659
1060.1
4289.54
14074.7
5152.24
-498573
-3.04513e+06
1.95574e+06
1.95574e+06

0.545935
-0.545935
-0.786726
-0.453609
-0.426851
-0.448764
-0.4191
-0.375637
-0.240829
0.29294
2.5891
12.1487
53.6628
231.222
975.655
3905.24
13246.7
20174.4
-192828
-1.29868e+06
243954
243954

0.507435
-0.507435
-0.630218
-0.435049
-0.422208
-0.433906
-0.415574
-0.375952
-0.245276
0.269629
2.48709
11.5216
50.377
213.741
885.816
3487.95
11959.1
25404.8
-56803.3
-561360
-333996
-333996

0.479947
-0.479947
-0.535449
-0.419025
-0.419802
-0.42271
-0.412745
-0.376618
-0.249849
0.251573
2.39613
10.8625
46.9976
195.97
795.221
3063.92
10434.4
25107.7
-1916.32
-258375
-465786
-465786

0.460904
-0.460904
-0.475243
-0.403827
-0.413854
-0.418242
-0.410627
-0.378523
-0.253446
0.230255
2.31552
10.2068
43.6535
178.692
708.082
2656.65
8865.99
22198.6
16515.8
-131059
-413468
-413468

0.448385
-0.448385
-0.441265
-0.385076
-0.40774
-0.415133
-0.408946
-0.381936
-0.256556
0.208718
2.16862
9.64356
40.5371
162.616
627.963
2284.65
7389.73
18378.5
19695.5
-75004.2
-321022
-321022

0.439454
-0.439454
-0.472551
-0.381493
-0.406644
-0.413075
-0.407434
-0.390461
-0.259359
0.187725
2.04548
9.13894
37.7503
148.356
557.663
1960.96
6084.98
14486.5
17319.5
-48686.4
-238049
-238049

0.434722
-0.434722
-0.462464
-0.373625
-0.406199
-0.411493
-0.405602
-0.422053
-0.26419
0.168607
1.94311
8.70347
35.4158
136.403
499.282
1693.89
4986.27
10754
13576.3
-35379.4
-175639
-175639

0.432118
-0.432118
-0.449593
-0.450151
-0.414277
-0.410886
-0.404178
-0.391947
-0.28179
0.152265
1.80565
8.35281
33.5984
127.125
454.31
1488.37
4097.02
6883.04
10161
-28228
-132979
-132979

0.43114
-0.43114
-0.439557
-0.429554
-0.412832
-0.409911
-0.409616
-0.384795
-0.282299
0.138992
1.75348
8.11556
32.3405
120.794
423.762
1347.41
3406.07
1911.41
7690.19
-24379.6
-106857
-106857

0.431701
-0.431701
-0.429852
-0.440956
-0.414781
-0.409059
-0.408951
-0.382361
-0.280206
0.131194
1.73252
7.99732
31.6999
117.585
408.303
1274.55
2906.74
25736.3
6466.23
-22666.6
-94521.4
-94521.4

0
-0.431701
-0.429852
-0.440956
-0.414781
-0.409059
-0.408951
-0.382361
-0.280206
0.131194
1.73252
7.99732
31.6999
117.585
408.303
1274.55
2906.74
25736.3
6466.23
-22666.6
-94521.4
0


0
0.965828
3.33503
0.901217
0.659837
0.486446
0.415848
0.374635
0.17939
-0.64533
-4.21027
-19.3932
-88.1419
-396.264
-1770.85
-7624.05
-27074.6
23317.6
3.374e+06
5.5726e+07
1.05787e+08
0

0.965828
-0.965828
-3.33503
-0.901217
-0.659837
-0.486446
-0.415848
-0.374635
-0.17939
0.64533
4.21027
19.3932
88.1419
396.264
1770.85
7624.05
27074.6
-23317.6
-3.374e+06
-5.5726e+07
-1.05787e+08
-1.05787e+08

0.912403
-0.912403
-3.02811
-0.822161
-0.640012
-0.631453
-0.444257
-0.376974
-0.181186
0.638219
4.13955
19.2162
87.0789
390.407
1738.85
7461.34
26267.6
-60027.6
-7.73845e+06
-9.34249e+07
3.85868e+08
3.85868e+08

0.826176
-0.826176
-2.20347
-0.715058
-0.612295
-0.574403
-0.443702
-0.377569
-0.183367
0.622696
4.05912
18.8622
85.0116
379.055
1677.14
7157.67
25771.6
-4932.94
-3.08817e+06
-4.92238e+07
-2.16816e+07
-2.16816e+07

0.738762
-0.738762
-1.5609
-0.612499
-0.561976
-0.526997
-0.440971
-0.378019
-0.187119
0.599896
3.94835
18.3384
82.0554
362.886
1589.79
6726.82
24773.3
34714.3
-965025
-1.31927e+07
-8.54347e+06
-8.54347e+06

0.663627
-0.663627
-1.13917
-0.55963
-0.500196
-0.490876
-0.436708
-0.3784
-0.191964
0.568581
3.81625
17.6701
78.3786
342.825
1482.29
6192.31
23036.3
51842
-263945
-3.16361e+06
-9.82203e+06
-9.82203e+06

0.603647
-0.603647
-0.874048
-0.519212
-0.469374
-0.467737
-0.432666
-0.378926
-0.197603
0.538161
3.67133
16.8907
74.1571
319.979
1361.13
5588.23
20715.7
54933.3
-30444.4
-933049
-3.61252e+06
-3.61252e+06

0.557635
-0.557635
-0.707795
-0.488319
-0.4543
-0.452629
-0.429303
-0.37975
-0.203592
0.507192
3.51999
16.0372
69.6014
295.593
1233.16
4953.03
18084.4
50804.8
42517.7
-351489
-1.90233e+06
-1.90233e+06

0.523318
-0.523318
-0.602585
-0.464392
-0.445247
-0.442611
-0.426665
-0.381079
-0.209699
0.47717
3.36818
15.1514
64.9238
270.842
1104.91
4323.28
15401.1
43625.1
57888.1
-166884
-1.13814e+06
-1.13814e+06

0.498441
-0.498441
-0.536482
-0.445501
-0.438022
-0.436793
-0.42469
-0.383325
-0.215561
0.446644
3.21596
14.2788
60.3301
246.825
982.215
3729.57
12863.2
35740.7
53031.6
-96521.1
-735645
-735645

0.481004
-0.481004
-0.499715
-0.430668
-0.43253
-0.4331
-0.4232
-0.38693
-0.221249
0.416549
3.05013
13.4706
56.0255
224.521
869.884
3194.92
10598.2
28364.6
42420.6
-65238.6
-497103
-497103

0.469081
-0.469081
-0.49057
-0.425135
-0.429986
-0.430695
-0.422034
-0.392906
-0.227026
0.388139
2.89641
12.748
52.1791
204.76
771.681
2735.03
8675.18
22036.5
31696.7
-49296.5
-345594
-345594

0.46146
-0.46146
-0.479105
-0.426505
-0.429503
-0.429077
-0.42107
-0.401364
-0.233767
0.362764
2.76064
12.1334
48.9373
188.209
690.383
2359.59
7122.65
16948.4
22849.6
-40160.3
-247224
-247224

0.456916
-0.456916
-0.469193
-0.447927
-0.431874
-0.428089
-0.420572
-0.39477
-0.24236
0.341576
2.63967
11.649
46.4092
175.375
627.937
2074.17
5949.66
13287.6
16378
-34550.7
-184431
-184431

0.454834
-0.454834
-0.461663
-0.449836
-0.432582
-0.427249
-0.42167
-0.390547
-0.24592
0.325856
2.56438
11.3171
44.6743
166.624
585.642
1882.02
5168.2
12020.8
12248
-31187.1
-147192
-147192

0.454903
-0.454903
-0.45668
-0.455977
-0.434001
-0.426462
-0.421406
-0.388332
-0.246874
0.316707
2.52727
11.1499
43.7923
162.191
564.301
1785.44
4805.9
17683.6
10321.5
-29584.4
-129872
-129872

0
-0.454903
-0.45668
-0.455977
-0.434001
-0.426462
-0.421406
-0.388332
-0.246874
0.316707
2.52727
11.1499
43.7923
162.191
564.301
1785.44
4805.9
17683.6
10321.5
-29584.4
-129872
0


0
0.934724
2.40388
0.855743
0.647589
0.538563
0.405629
0.380652
0.1552
-0.804308
-4.94643
-22.9394
-104.018
-470.006
-2136.06
-9728.84
-44164.4
-224836
-2.80071e+06
-6.31452e+07
-1.70286e+08
0

0.934724
-0.934724
-2.40388
-0.855743
-0.647589
-0.538563
-0.405629
-0.380652
-0.1552
0.804308
4.94643
22.9394
104.018
470.006
2136.06
9728.84
44164.4
224836
2.80071e+06
6.31452e+07
1.70286e+08
1.70286e+08

0.896769
-0.896769
-2.20042
-0.809316
-0.619444
-0.620242
-0.445279
-0.383988
-0.156742
0.795999
4.89268
22.7188
102.758
462.947
2095.78
9496.12
42950.5
241180
5.71078e+06
1.3006e+08
-6.74246e+08
-6.74246e+08

0.83289
-0.83289
-1.7979
-0.737508
-0.590051
-0.628971
-0.460737
-0.385597
-0.159794
0.778693
4.80303
22.2855
100.309
449.274
2018.16
9047.3
40095.2
195463
2.48653e+06
3.70766e+07
1.79428e+08
1.79428e+08

0.761187
-0.761187
-1.40798
-0.662888
-0.557407
-0.567702
-0.45684
-0.385934
-0.164178
0.753743
4.67913
21.6575
96.8083
429.833
1908.84
8424.38
36331
156525
1.06966e+06
1.8971e+07
6.27752e+07
6.27752e+07

0.693885
-0.693885
-1.10419
-0.60623
-0.521928
-0.512623
-0.450801
-0.386318
-0.169746
0.722278
4.52771
20.8645
92.4452
405.776
1775.3
7679.3
32102.9
126360
543033
4.41179e+06
1.04743e+06
1.04743e+06

0.636387
-0.636387
-0.887671
-0.561507
-0.496093
-0.482817
-0.446441
-0.387024
-0.176194
0.68787
4.35663
19.9451
87.4434
378.463
1625.99
6866.31
27732.1
101701
325458
1.11473e+06
-3.26972e+06
-3.26972e+06

0.589956
-0.589956
-0.739242
-0.526608
-0.479381
-0.467598
-0.443369
-0.388107
-0.183177
0.651701
4.17345
18.9435
82.0506
349.349
1469.48
6036.21
23477.9
80899.4
214936
295819
-2.25411e+06
-2.25411e+06

0.553913
-0.553913
-0.63953
-0.499756
-0.468195
-0.458925
-0.44111
-0.389656
-0.190408
0.615021
3.98504
17.9074
76.5205
319.853
1313.69
5232.24
19536.7
63407.1
147501
67669.6
-1.41752e+06
-1.41752e+06

0.52686
-0.52686
-0.574219
-0.479552
-0.460168
-0.45364
-0.439432
-0.391824
-0.197632
0.578379
3.79599
16.886
71.0995
291.288
1165.5
4487.99
16037.8
48998.8
101981
-3512.05
-907732
-907732

0.507233
-0.507233
-0.53419
-0.465394
-0.454557
-0.4502
-0.438185
-0.394733
-0.204744
0.542843
3.60898
15.9267
66.0181
264.808
1030.49
3827.32
13050.3
37451.6
70128.6
-27203.1
-600775
-600775

0.493496
-0.493496
-0.512534
-0.4583
-0.451343
-0.447894
-0.43725
-0.398333
-0.211734
0.509804
3.43582
15.0662
61.4775
241.38
912.937
3265.56
10598
28495.1
47822.6
-34497.8
-410944
-410944

0.484339
-0.484339
-0.497955
-0.45752
-0.450103
-0.446333
-0.436549
-0.401526
-0.218646
0.480689
3.2844
14.3358
57.6467
221.78
815.95
2811.51
8676.96
21873.7
32503.1
-35654.6
-291162
-291162

0.478733
-0.478733
-0.488087
-0.463664
-0.450514
-0.445287
-0.436107
-0.400408
-0.225102
0.456833
3.16065
13.7629
54.6585
206.598
741.667
2469.55
7272.12
17471.3
22413.9
-34669.8
-216178
-216178

0.476035
-0.476035
-0.481915
-0.467096
-0.451192
-0.444501
-0.436046
-0.398774
-0.229247
0.439495
3.07599
13.3696
52.6112
196.254
691.476
2241.49
6369.12
15463.7
16351.3
-33331.6
-172200
-172200

0.475839
-0.475839
-0.479204
-0.471563
-0.452344
-0.443796
-0.435568
-0.397558
-0.231368
0.42957
3.03186
13.1706
51.5713
191.016
666.195
2127.76
5948.62
16100.3
13547.8
-32486.7
-151868
-151868

0
-0.475839
-0.479204
-0.471563
-0.452344
-0.443796
-0.435568
-0.397558
-0.231368
0.42957
3.03186
13.1706
51.5713
191.016
666.195
2127.76
5948.62
16100.3
13547.8
-32486.7
-151868
0


0
0.882192
1.79899
0.804166
0.557714
0.476805
0.526359
0.404494
0.15931
-0.844814
-5.18149
-24.1824
-109.757
-498.804
-2304.5
-10992.6
-56618.7
-360849
-3.11784e+06
9.27322e+06
6.88464e+07
0

0.882192
-0.882192
-1.79899
-0.804166
-0.557714
-0.476805
-0.526359
-0.404494
-0.15931
0.844814
5.18149
24.1824
109.757
498.804
2304.5
10992.6
56618.7
360849
3.11784e+06
-9.27322e+06
-6.88464e+07
-6.88464e+07

0.855141
-0.855141
-1.67796
-0.774328
-0.571909
-0.345385
-0.474366
-0.399664
-0.160201
0.836383
5.13326
23.9455
108.42
491.194
2259.33
10704.8
54673.6
359852
3.40553e+06
3.72137e+06
1.74166e+08
1.74166e+08

0.808645
-0.808645
-1.46058
-0.726143
-0.568421
-0.353293
-0.458902
-0.398712
-0.163294
0.818879
5.04277
23.4823
105.822
476.466
2172.48
10150.3
50354.8
303012
2.72837e+06
-7.76412e+06
-4.33045e+07
-4.33045e+07

0.753152
-0.753152
-1.22485
-0.672251
-0.551753
-0.422736
-0.459546
-0.399136
-0.167871
0.7938
4.91539
22.8148
102.108
455.555
2050.65
9388.44
44661.2
237849
1.53516e+06
-444102
-4.71635e+07
-4.71635e+07

0.697743
-0.697743
-1.01853
-0.623894
-0.530655
-0.463859
-0.460225
-0.399849
-0.173663
0.762528
4.75768
21.9756
97.4805
429.735
1902.7
8493.4
38518.8
182478
905478
1.47607e+06
-1.02493e+07
-1.02493e+07

0.647827
-0.647827
-0.856487
-0.583052
-0.512025
-0.475092
-0.459249
-0.400772
-0.18038
0.727146
4.5773
21.0054
92.1797
400.487
1738.36
7536.47
32507.8
138626
552538
942533
-3.47603e+06
-3.47603e+06

0.605749
-0.605749
-0.736626
-0.549942
-0.497715
-0.474823
-0.457736
-0.401977
-0.187711
0.689234
4.38224
19.9507
86.4695
369.373
1567.2
6578.27
26959.5
104624
346654
462776
-2.03106e+06
-2.03106e+06

0.571936
-0.571936
-0.651305
-0.524019
-0.487136
-0.471843
-0.456282
-0.403523
-0.195369
0.650224
4.18032
18.861
80.6194
337.914
1397.88
5666.03
22047.5
78498.4
221834
201857
-1.32222e+06
-1.32222e+06

0.545816
-0.545816
-0.592628
-0.504544
-0.47939
-0.468855
-0.455067
-0.405445
-0.20309
0.611336
3.97862
17.7861
74.89
307.506
1237.67
4833.74
17844.5
58596.3
143625
73893.9
-884309
-884309

0.52638
-0.52638
-0.554061
-0.490981
-0.473954
-0.466439
-0.454107
-0.407702
-0.21067
0.5739
3.78401
16.7731
69.522
279.366
1092.39
4103.76
14360.1
43617.9
93497.5
13436.3
-602550
-602550

0.512485
-0.512485
-0.529921
-0.483127
-0.470565
-0.464624
-0.453362
-0.410064
-0.217924
0.539371
3.60541
15.8629
64.7265
254.506
966.385
3489.2
11567.2
32561.9
61029.5
-14094.1
-419170
-419170

0.503059
-0.503059
-0.514445
-0.480237
-0.468887
-0.463309
-0.452778
-0.411883
-0.224633
0.509191
3.45074
15.0906
60.6807
233.734
862.757
2996.56
9421.76
24683.3
40078.1
-25806.4
-299891
-299891

0.497238
-0.497238
-0.504798
-0.481339
-0.468532
-0.462376
-0.45232
-0.412175
-0.230389
0.484695
3.3269
14.4853
57.5252
217.659
783.594
2628.05
7876.88
19470.8
26903.9
-30170
-223988
-223988

0.494422
-0.494422
-0.499524
-0.483513
-0.468918
-0.461689
-0.451943
-0.411823
-0.234535
0.467035
3.24067
14.0697
55.3642
206.714
730.21
2383.56
6889.29
16592.3
19222.1
-31417.4
-179085
-179085

0.494184
-0.494184
-0.498007
-0.486867
-0.469841
-0.461091
-0.45136
-0.411347
-0.236971
0.457033
3.19519
13.859
54.267
201.175
703.354
2261.95
6417.47
15659.7
15705.2
-31614.6
-158250
-158250

0
-0.494184
-0.498007
-0.486867
-0.469841
-0.461091
-0.45136
-0.411347
-0.236971
0.457033
3.19519
13.859
54.267
201.175
703.354
2261.95
6417.47
15659.7
15705.2
-31614.6
-158250
0


0
0.8194
1.39188
0.749173
0.559233
0.457665
0.506389
0.422133
0.191378
-0.761049
-4.87847
-22.9994
-104.694
-478.547
-2242.79
-11066.7
-60674
-399694
-2.9166e+06
-2.30179e+06
4.82272e+07
0

0.8194
-0.8194
-1.39188
-0.749173
-0.559233
-0.457665
-0.506389
-0.422133
-0.191378
0.761049
4.87847
22.9994
104.694
478.547
2242.79
11066.7
60674
399694
2.9166e+06
2.30179e+06
-4.82272e+07
-4.82272e+07

0.800307
-0.800307
-1.32115
-0.729877
-0.560979
-0.424207
-0.490176
-0.420227
-0.192336
0.75324
4.83509
22.7718
103.411
471.143
2197.48
10759.4
58320.5
385602
3.12265e+06
-1.94035e+07
1.17012e+08
1.17012e+08

0.767138
-0.767138
-1.19711
-0.697654
-0.557379
-0.428623
-0.47974
-0.41937
-0.195269
0.736966
4.75082
22.3273
100.918
456.825
2110.52
10171.5
53491
331608
2.35553e+06
1.64973e+06
-7.16602e+07
-7.16602e+07

0.725982
-0.725982
-1.05345
-0.659456
-0.547739
-0.452242
-0.476275
-0.419363
-0.199583
0.713664
4.63092
21.6883
97.3559
436.522
1988.88
9368.29
47123.4
265203
1.55403e+06
1.55096e+06
5.49272e+06
5.49272e+06

0.683094
-0.683094
-0.91742
-0.622046
-0.534917
-0.471473
-0.475207
-0.419872
-0.205059
0.684575
4.48146
20.8862
92.919
411.493
1841.76
8432.02
40246
203913
996449
1.40347e+06
-714660
-714660

0.642907
-0.642907
-0.802587
-0.588656
-0.522147
-0.481315
-0.47444
-0.420717
-0.211434
0.651257
4.30955
19.9604
87.8401
383.193
1679.12
7440.99
33574.7
153388
633507
923229
-1.70211e+06
-1.70211e+06

0.607875
-0.607875
-0.712345
-0.560605
-0.511167
-0.48458
-0.473573
-0.421843
-0.218428
0.615221
4.12288
18.9549
82.373
353.145
1510.57
6459.55
27513.5
113897
402417
519794
-1.36804e+06
-1.36804e+06

0.578938
-0.578938
-0.64487
-0.538163
-0.502399
-0.484654
-0.472683
-0.423228
-0.225762
0.577916
3.92929
17.9167
76.7762
322.818
1344.62
5535.34
22246.4
83892.4
256134
264016
-1.02009e+06
-1.02009e+06

0.55608
-0.55608
-0.596461
-0.521108
-0.495723
-0.483566
-0.471868
-0.424839
-0.233176
0.540723
3.73643
16.8924
71.2988
293.555
1188.29
4700.6
17823
61500
163396
119382
-738884
-738884

0.538761
-0.538761
-0.563146
-0.509057
-0.490927
-0.482246
-0.471172
-0.426589
-0.240424
0.50503
3.55188
15.9262
66.1695
266.516
1047.08
3974.97
14218.4
45037.7
104412
42544.1
-528582
-528582

0.526216
-0.526216
-0.54113
-0.501577
-0.487805
-0.481054
-0.47059
-0.428288
-0.247263
0.472239
3.38346
15.0575
61.5891
242.661
925.017
3368.72
11372.2
33153
66866.3
3656.94
-378806
-378806

0.517655
-0.517655
-0.526981
-0.497991
-0.486103
-0.480095
-0.470095
-0.42961
-0.253431
0.443703
3.23838
14.3204
57.7259
222.751
824.908
2885.8
9212.58
24821.9
43127.9
-14996.7
-276000
-276000

0.512399
-0.512399
-0.518448
-0.497424
-0.485527
-0.47937
-0.469652
-0.430255
-0.258607
0.420639
3.12296
13.7428
54.7135
207.356
748.6
2526.36
7670.55
19302.7
28482.2
-23325
-208492
-208492

0.509942
-0.509942
-0.514194
-0.49867
-0.485749
-0.47883
-0.469211
-0.430437
-0.26246
0.404061
3.04239
13.3462
52.6511
196.882
697.224
2288.68
6686.16
16060
20063.5
-26675.1
-167842
-167842

0.509876
-0.509876
-0.513497
-0.50129
-0.486521
-0.478363
-0.468628
-0.430353
-0.264825
0.394709
2.99986
13.1449
51.6042
191.583
671.402
2170.64
6210.88
14652.4
16235.8
-27773.8
-148817
-148817

0
-0.509876
-0.513497
-0.50129
-0.486521
-0.478363
-0.468628
-0.430353
-0.264825
0.394709
2.99986
13.1449
51.6042
191.583
671.402
2170.64
6210.88
14652.4
16235.8
-27773.8
-148817
0


0
0.752122
1.10394
0.694579
0.557403
0.471293
0.507877
0.447051
0.250865
-0.559037
-4.05916
-19.5012
-89.2279
-410.078
-1944.01
-9816.69
-55506.6
-365500
-2.58107e+06
-1.00671e+07
-7.03838e+06
0

0.752122
-0.752122
-1.10394
-0.694579
-0.557403
-0.471293
-0.507877
-0.447051
-0.250865
0.559037
4.05916
19.5012
89.2279
410.078
1944.01
9816.69
55506.6
365500
2.58107e+06
1.00671e+07
7.03838e+06
7.03838e+06

0.739009
-0.739009
-1.06271
-0.682009
-0.556105
-0.464345
-0.502062
-0.446091
-0.251656
0.552541
4.02305
19.3065
88.128
403.66
1903.87
9534.62
53254.5
350614
2.95645e+06
6.33131e+06
-5.01462e+07
-5.01462e+07

0.716238
-0.716238
-0.990554
-0.660843
-0.552638
-0.467377
-0.496777
-0.445643
-0.254186
0.53882
3.95202
18.9264
85.991
391.258
1826.92
8997.57
48773.3
302726
2.05273e+06
8.92068e+06
1.91902e+06
1.91902e+06

0.687264
-0.687264
-0.90344
-0.634761
-0.546259
-0.477246
-0.493837
-0.445602
-0.257872
0.519165
3.85044
18.3804
82.9384
373.688
1719.52
8266.18
42882.5
244608
1.37713e+06
3.47503e+06
295155
295155

0.656195
-0.656195
-0.816486
-0.607912
-0.538007
-0.487055
-0.492458
-0.44595
-0.262548
0.494577
3.72338
17.6956
79.1378
352.053
1589.95
7416.43
36492.6
189420
906997
1.69649e+06
-539810
-539810

0.626274
-0.626274
-0.739215
-0.583015
-0.529376
-0.493737
-0.49169
-0.44661
-0.268006
0.46627
3.57685
16.9057
74.7897
327.627
1447.16
6521.06
30284.4
142701
589825
923996
-1.10364e+06
-1.10364e+06

0.599565
-0.599565
-0.675705
-0.561536
-0.521479
-0.497193
-0.491082
-0.447517
-0.27401
0.435515
3.41746
16.0485
70.112
301.728
1299.68
5639.39
24660.2
105596
380114
506622
-993244
-993244

0.577078
-0.577078
-0.626416
-0.544063
-0.514851
-0.498439
-0.490507
-0.448625
-0.280325
0.403586
3.25205
15.1636
65.3263
275.629
1154.97
4814.37
19804.3
77250.5
243445
266432
-774599
-774599

0.559058
-0.559058
-0.589937
-0.530663
-0.509648
-0.498487
-0.489962
-0.449877
-0.286717
0.371736
3.08749
14.2906
60.6453
250.48
1019.1
4073.96
15760.5
56145
155254
129570
-577517
-577517

0.545278
-0.545278
-0.564122
-0.521125
-0.505847
-0.498012
-0.489459
-0.451189
-0.292956
0.3412
2.93051
13.4669
56.264
227.272
896.737
3434.18
12495.3
40738.2
98741.9
54017.9
-422718
-422718

0.535275
-0.535275
-0.54667
-0.515079
-0.503337
-0.497391
-0.489001
-0.452431
-0.298814
0.313189
2.78766
12.7263
52.353
206.82
791.239
2902.53
9939.45
29713.6
62775.5
13911.6
-308418
-308418

0.528509
-0.528509
-0.53547
-0.512006
-0.501951
-0.496803
-0.488577
-0.453438
-0.304057
0.288843
2.66493
12.0978
49.0555
189.766
704.907
2480.94
8014.58
22040.9
40144.1
-6414.23
-227738
-227738

0.524484
-0.524484
-0.528944
-0.511291
-0.501482
-0.496317
-0.488165
-0.454091
-0.308445
0.269178
2.56748
11.6054
46.4848
176.59
639.214
2168.25
6647.06
16956.2
26273.7
-16131.6
-173693
-173693

0.522801
-0.522801
-0.526052
-0.512289
-0.501724
-0.495946
-0.487735
-0.454433
-0.311769
0.25502
2.49944
11.2672
44.7253
167.63
595.039
1961.97
5775.18
13909.5
18349
-20406.8
-140726
-140726

0.523114
-0.523114
-0.52614
-0.514564
-0.502446
-0.495614
-0.487192
-0.454508
-0.313861
0.24699
2.46351
11.0955
43.8322
163.098
572.853
1859.63
5352.82
12510.5
14758.9
-21957.5
-125183
-125183

0
-0.523114
-0.52614
-0.514564
-0.502446
-0.495614
-0.487192
-0.454508
-0.313861
0.24699
2.46351
11.0955
43.8322
163.098
572.853
1859.63
5352.82
12510.5
14758.9
-21957.5
-125183
0


0
0.683165
0.887342
0.641024
0.55419
0.490174
0.519527
0.477994
0.333623
-0.256467
-2.79881
-14.0267
-64.8171
-299.503
-1431.83
-7336.08
-42019.3
-269964
-1.6568e+06
-2.34616e+06
8.75875e+06
0

0.683165
-0.683165
-0.887342
-0.641024
-0.55419
-0.490174
-0.519527
-0.477994
-0.333623
0.256467
2.79881
14.0267
64.8171
299.503
1431.83
7336.08
42019.3
269964
1.6568e+06
2.34616e+06
-8.75875e+06
-8.75875e+06

0.674756
-0.674756
-0.864015
-0.63316
-0.552628
-0.489353
-0.516944
-0.477338
-0.33411
0.251847
2.77284
13.8849
64.0132
294.776
1401.83
7121.27
40272.1
256244
1.62363e+06
-995632
9.25668e+06
9.25668e+06

0.660387
-0.660387
-0.823303
-0.620127
-0.550048
-0.492164
-0.514297
-0.477094
-0.336005
0.241805
2.72132
13.6078
62.4515
285.643
1344.38
6713.81
36898.3
224235
1.31024e+06
1.83483e+06
-6.35261e+06
-6.35261e+06

0.641817
-0.641817
-0.772849
-0.603691
-0.545914
-0.497632
-0.512355
-0.477024
-0.33874
0.227431
2.64751
13.21
60.2212
272.713
1264.3
6159.66
32456
183850
957024
1.69343e+06
-4.65901e+06
-4.65901e+06

0.621562
-0.621562
-0.720798
-0.586315
-0.540696
-0.503546
-0.511207
-0.477196
-0.342205
0.209439
2.55505
12.7113
57.4452
256.806
1167.83
5516.46
27603.5
143872
661799
1.10266e+06
-2.05743e+06
-2.05743e+06

0.601746
-0.601746
-0.673011
-0.569865
-0.535132
-0.50832
-0.510537
-0.477597
-0.346255
0.188684
2.44829
12.1363
54.2707
238.863
1061.71
4839.86
22864
109007
443114
662684
-1.24177e+06
-1.24177e+06

0.583834
-0.583834
-0.632607
-0.555492
-0.529881
-0.511453
-0.51007
-0.47819
-0.350723
0.16609
2.33207
11.5124
50.857
219.859
952.341
4175.33
18562
80792.9
290635
380607
-837234
-837234

0.568634
-0.568634
-0.600549
-0.54376
-0.525363
-0.513147
-0.509666
-0.478933
-0.355437
0.142597
2.21144
10.8686
47.366
200.728
845.266
3555.56
14851.6
59017.7
187988
207909
-585410
-585410

0.55643
-0.55643
-0.576458
-0.534822
-0.521779
-0.513842
-0.509274
-0.479776
-0.360221
0.11914
2.09147
10.2334
43.9529
182.312
744.959
3001.4
11771.6
42742.1
120422
105682
-417235
-417235

0.547158
-0.547158
-0.559281
-0.528585
-0.519176
-0.513957
-0.508887
-0.480655
-0.364904
0.0966373
1.97714
9.63418
40.7596
165.334
654.805
2524.33
9295.43
30866.1
76638.2
47330.3
-300716
-300716

0.540555
-0.540555
-0.547726
-0.524798
-0.51751
-0.513791
-0.508503
-0.481488
-0.369313
0.0759749
1.87319
9.09534
37.91
150.384
577.222
2129.24
7366.29
22391
48629.9
15327.7
-218976
-218976

0.536281
-0.536281
-0.540543
-0.523108
-0.516676
-0.513528
-0.508121
-0.482189
-0.373275
0.0579803
1.78393
8.63814
35.508
137.927
513.831
1816.88
5919.52
16509.2
30988.2
-1447.42
-162229
-162229

0.533997
-0.533997
-0.536722
-0.523114
-0.516539
-0.51327
-0.507731
-0.482698
-0.376626
0.0433834
1.71304
8.27995
33.636
128.307
465.654
1585.74
4894.74
12611.3
20190
-9772.42
-124297
-124297

0.533431
-0.533431
-0.535554
-0.524428
-0.516954
-0.513058
-0.50732
-0.483016
-0.379224
0.0327806
1.66345
8.03404
32.3549
121.769
433.287
1433.5
4242.1
10260.6
14033
-13593.4
-101106
-101106

0.5343
-0.5343
-0.536528
-0.526705
-0.517725
-0.512846
-0.506816
-0.483121
-0.380927
0.0266329
1.63712
7.90922
31.7049
118.462
417.038
1358.02
3925.69
9165.08
11248
-15036.4
-90136.8
-90136.8

0
-0.5343
-0.536528
-0.526705
-0.517725
-0.512846
-0.506816
-0.483121
-0.380927
0.0266329
1.63712
7.90922
31.7049
118.462
417.038
1358.02
3925.69
9165.08
11248
-15036.4
-90136.8
0


0
0.613691
0.711668
0.588307
0.551043
0.506943
0.536398
0.513279
0.433219
0.119011
-1.21756
-7.11198
-33.8548
-157.751
-758.769
-3919.12
-22548.8
-141791
-793500
-732536
5.60339e+06
0

0.613691
-0.613691
-0.711668
-0.588307
-0.551043
-0.506943
-0.536398
-0.513279
-0.433219
-0.119011
1.21756
7.11198
33.8548
157.751
758.769
3919.12
22548.8
141791
793500
732536
-5.60339e+06
-5.60339e+06

0.609272
-0.609272
-0.700246
-0.584113
-0.549989
-0.50745
-0.534904
-0.512748
-0.433367
-0.1214
1.20397
7.03747
33.4307
155.245
742.735
3803.32
21603.4
134105
751698
256424
8.15062e+06
8.15062e+06

0.602042
-0.602042
-0.680622
-0.577513
-0.548563
-0.510281
-0.533357
-0.512515
-0.434454
-0.126945
1.17665
6.89172
32.6067
150.404
712.052
3584.12
19805.6
118176
630255
604684
-4.44833e+06
-4.44833e+06

0.592637
-0.592637
-0.656039
-0.569132
-0.546291
-0.51457
-0.53203
-0.51232
-0.435994
-0.134836
1.13754
6.68248
31.4302
143.553
669.303
3286.16
17435.9
97816.2
480604
664284
-2.64502e+06
-2.64502e+06

0.582351
-0.582351
-0.630366
-0.560257
-0.543395
-0.51929
-0.531144
-0.512251
-0.437942
-0.144691
1.08858
6.42023
29.9662
135.128
617.849
2940.35
14834
77145.1
343227
503551
-1.30935e+06
-1.30935e+06

0.572301
-0.572301
-0.606558
-0.551909
-0.540256
-0.523449
-0.530598
-0.512328
-0.440227
-0.156046
1.03206
6.11784
28.2924
125.631
561.302
2576.73
12281.3
58744.3
234793
329257
-742557
-742557

0.563289
-0.563289
-0.586343
-0.544751
-0.53726
-0.526547
-0.530225
-0.512536
-0.442763
-0.168404
0.970523
5.78978
26.493
115.579
503.089
2219.96
9958.37
43644.5
156108
198316
-468349
-468349

0.555777
-0.555777
-0.570388
-0.539123
-0.534695
-0.528545
-0.529904
-0.51285
-0.445457
-0.181261
0.906623
5.45124
24.6533
105.465
446.167
1887.72
7953.62
31892.4
101804
111832
-314716
-314716

0.549947
-0.549947
-0.558635
-0.535134
-0.532722
-0.529663
-0.52958
-0.513239
-0.448219
-0.194128
0.843022
5.11731
22.8553
95.7354
392.91
1591.2
6290.92
23070.9
65505.3
58478.9
-219586
-219586

0.545779
-0.545779
-0.550613
-0.532737
-0.531397
-0.530183
-0.529236
-0.513665
-0.450958
-0.206523
0.782334
4.80228
21.1734
86.7706
345.102
1336.43
4956.57
16625.2
41765.5
27173.6
-156747
-156747

0.543136
-0.543136
-0.545676
-0.531784
-0.530702
-0.53035
-0.528872
-0.514083
-0.453582
-0.217982
0.727044
4.51907
19.673
78.881
304.004
1125.83
3919.27
12026.7
26503
9622.25
-113814
-113814

0.54182
-0.54182
-0.543168
-0.532063
-0.530571
-0.530341
-0.528491
-0.51445
-0.455998
-0.228067
0.679424
4.27883
18.4086
72.3096
270.454
959.608
3142.98
8838.01
16868.5
235.081
-84373.3
-84373.3

0.54164
-0.54164
-0.542535
-0.533336
-0.530908
-0.530263
-0.528095
-0.514737
-0.458114
-0.236388
0.641427
4.09071
17.4235
67.2371
244.976
836.769
2593.99
6724.82
10968.6
-4519.39
-64774.3
-64774.3

0.542435
-0.542435
-0.543379
-0.535376
-0.531611
-0.53018
-0.527683
-0.514937
-0.459852
-0.242623
0.614599
3.96166
16.7496
63.79
227.868
755.933
2244.6
5447.63
7605.93
-6748.49
-52797.6
-52797.6

0.544
-0.544
-0.545373
-0.537937
-0.532517
-0.530062
-0.5272
-0.515007
-0.461103
-0.246498
0.60001
3.89629
16.4079
62.0472
219.281
715.88
2075.2
4849.83
6085.8
-7605.64
-47126.8
-47126.8

0
-0.544
-0.545373
-0.537937
-0.532517
-0.530062
-0.5272
-0.515007
-0.461103
-0.246498
0.60001
3.89629
16.4079
62.0472
219.281
715.88
2075.2
4849.83
6085.8
-7605.64
-47126.8
0


0
-0.138409
-0.126519
-0.146583
-0.13337
-0.161857
-0.124983
-0.13027
-0.139332
-0.148038
-0.148069
-0.117613
-0.109769
-0.0989373
-0.0500656
0.107217
0.390945
-0.788803
1.71313
512.006
474.742
0

-0.138409
-0.613691
-0.711668
-0.588307
-0.551043
-0.506943
-0.536398
-0.513279
-0.433219
-0.119011
1.21756
7.11198
33.8548
157.751
758.769
3919.12
22548.8
141791
793500
732536
-5.60339e+06
-474.742

-0.139044
-0.609272
-0.700246
-0.584113
-0.549989
-0.50745
-0.534904
-0.512748
-0.433367
-0.1214
1.20397
7.03747
33.4307
155.245
742.735
3803.32
21603.4
134105
751698
256424
8.15062e+06
9413.28

-0.139845
-0.602042
-0.680622
-0.577513
-0.548563
-0.510281
-0.533357
-0.512515
-0.434454
-0.126945
1.17665
6.89172
32.6067
150.404
712.052
3584.12
19805.6
118176
630255
604684
-4.44833e+06
-1212.38

-0.140775
-0.592637
-0.656039
-0.569132
-0.546291
-0.51457
-0.53203
-0.51232
-0.435994
-0.134836
1.13754
6.68248
31.4302
143.553
669.303
3286.16
17435.9
97816.2
480604
664284
-2.64502e+06
-1587.96

-0.1416
-0.582351
-0.630366
-0.560257
-0.543395
-0.51929
-0.531144
-0.512251
-0.437942
-0.144691
1.08858
6.42023
29.9662
135.128
617.849
2940.35
14834
77145.1
343227
503551
-1.30935e+06
-1339.13

-0.142134
-0.572301
-0.606558
-0.551909
-0.540256
-0.523449
-0.530598
-0.512328
-0.440227
-0.156046
1.03206
6.11784
28.2924
125.631
561.302
2576.73
12281.3
58744.3
234793
329257
-742557
-964.95

-0.142257
-0.563289
-0.586343
-0.544751
-0.53726
-0.526547
-0.530225
-0.512536
-0.442763
-0.168404
0.970523
5.78978
26.493
115.579
503.089
2219.96
9958.37
43644.5
156108
198316
-468349
-633.32

-0.14191
-0.555777
-0.570388
-0.539123
-0.534695
-0.528545
-0.529904
-0.51285
-0.445457
-0.181261
0.906623
5.45124
24.6533
105.465
446.167
1887.72
7953.62
31892.4
101804
111832
-314716
-393.059

-0.141092
-0.549947
-0.558635
-0.535134
-0.532722
-0.529663
-0.52958
-0.513239
-0.448219
-0.194128
0.843022
5.11731
22.8553
95.7354
392.91
1591.2
6290.92
23070.9
65505.3
58478.9
-219586
-236.895

-0.139838
-0.545779
-0.550613
-0.532737
-0.531397
-0.530183
-0.529236
-0.513665
-0.450958
-0.206523
0.782334
4.80228
21.1734
86.7706
345.102
1336.43
4956.57
16625.2
41765.5
27173.6
-156747
-141.344

-0.138212
-0.543136
-0.545676
-0.531784
-0.530702
-0.53035
-0.528872
-0.514083
-0.453582
-0.217982
0.727044
4.51907
19.673
78.881
304.004
1125.83
3919.27
12026.7
26503
9622.25
-113814
-84.7863

-0.136294
-0.54182
-0.543168
-0.532063
-0.530571
-0.530341
-0.528491
-0.51445
-0.455998
-0.228067
0.679424
4.27883
18.4086
72.3096
270.454
959.608
3142.98
8838.01
16868.5
235.081
-84373.3
-51.9617

-0.134155
-0.54164
-0.542535
-0.533336
-0.530908
-0.530263
-0.528095
-0.514737
-0.458114
-0.236388
0.641427
4.09071
17.4235
67.2371
244.976
836.769
2593.99
6724.82
10968.6
-4519.39
-64774.3
-33.3021

-0.131852
-0.542435
-0.543379
-0.535376
-0.531611
-0.53018
-0.527683
-0.514937
-0.459852
-0.242623
0.614599
3.96166
16.7496
63.79
227.868
755.933
2244.6
5447.63
7605.93
-6748.49
-52797.6
-23.2231

-0.129461
-0.544
-0.545373
-0.537937
-0.532517
-0.530062
-0.5272
-0.515007
-0.461103
-0.246498
0.60001
3.89629
16.4079
62.0472
219.281
715.88
2075.2
4849.83
6085.8
-7605.64
-47126.8
-18.414

0
0.129461
0.128845
0.133585
0.134992
0.134496
0.133479
0.132501
0.132606
0.133042
0.132112
0.128213
0.122045
0.103422
0.0376234
-0.18508
-0.871188
-2.40008
-3.87221
-8.9309
-18.414
0


0
0
0
0
0
0
0
0
0
0
0
0
0
0
0
0
0
0
0
0
0
0

0
0
0
0
0
0
0
0
0
0
0
0
0
0
0
0
0
0
0
0
0
0

0
0
0
0
0
0
0
0
0
0
0
0
0
0
0
0
0
0
0
0
0
0

0
0
0
0
0
0
0
0
0
0
0
0
0
0
0
0
0
0
0
0
0
0

0
0
0
0
0
0
0
0
0
0
0
0
0
0
0
0
0
0
0
0
0
0

0
0
0
0
0
0
0
0
0
0
0
0
0
0
0
0
0
0
0
0
0
0

0
0
0
0
0
0
0
0
0
0
0
0
0
0
0
0
0
0
0
0
0
0

0
0
0
0
0
0
0
0
0
0
0
0
0
0
0
0
0
0
0
0
0
0

0
0
0
0
0
0
0
0
0
0
0
0
0
0
0
0
0
0
0
0
0
0

0
0
0
0
0
0
0
0
0
0
0
0
0
0
0
0
0
0
0
0
0
0

0
0
0
0
0
0
0
0
0
0
0
0
0
0
0
0
0
0
0
0
0
0

0
0
0
0
0
0
0
0
0
0
0
0
0
0
0
0
0
0
0
0
0
0

0
0
0
0
0
0
0
0
0
0
0
0
0
0
0
0
0
0
0
0
0
0

0
0
0
0
0
0
0
0
0
0
0
0
0
0
0
0
0
0
0
0
0
0

0
0
0
0
0
0
0
0
0
0
0
0
0
0
0
0
0
0
0
0
0
0

0
0
0
0
0
0
0
0
0
0
0
0
0
0
0
0
0
0
0
0
0
0

0
0
0
0
0
0
0
0
0
0
0
0
0
0
0
0
0
0
0
0
0
0


