0
0
0
0
0
0
0
0
0
0
0
0
0
0
0
0
0
0
0
0
0
0

0
0
0
0
0
0
0
0
0
0
0
0
0
0
0
0
0
0
0
0
0
0

0
0
0
0
0
0
0
0
0
0
0
0
0
0
0
0
0
0
0
0
0
0

0
0
0
0
0
0
0
0
0
0
0
0
0
0
0
0
0
0
0
0
0
0

0
0
0
0
0
0
0
0
0
0
0
0
0
0
0
0
0
0
0
0
0
0

0
0
0
0
0
0
0
0
0
0
0
0
0
0
0
0
0
0
0
0
0
0

0
0
0
0
0
0
0
0
0
0
0
0
0
0
0
0
0
0
0
0
0
0

0
0
0
0
0
0
0
0
0
0
0
0
0
0
0
0
0
0
0
0
0
0

0
0
0
0
0
0
0
0
0
0
0
0
0
0
0
0
0
0
0
0
0
0

0
0
0
0
0
0
0
0
0
0
0
0
0
0
0
0
0
0
0
0
0
0

0
0
0
0
0
0
0
0
0
0
0
0
0
0
0
0
0
0
0
0
0
0

0
0
0
0
0
0
0
0
0
0
0
0
0
0
0
0
0
0
0
0
0
0

0
0
0
0
0
0
0
0
0
0
0
0
0
0
0
0
0
0
0
0
0
0

0
0
0
0
0
0
0
0
0
0
0
0
0
0
0
0
0
0
0
0
0
0

0
0
0
0
0
0
0
0
0
0
0
0
0
0
0
0
0
0
0
0
0
0

0
0
0
0
0
0
0
0
0
0
0
0
0
0
0
0
0
0
0
0
0
0

0
0
0
0
0
0
0
0
0
0
0
0
0
0
0
0
0
0
0
0
0
0


0
0
0
0
0
0
0
0
0
0
0
0
0
0
0
0
0
0
0
0
0
0

0
-0.148294
-0.142842
-0.171839
-0.160112
-0.127561
-0.107413
-0.193701
0.00576039
-1.00607
-0.0930072
-0.124851
-0.48231
-0.0446817
-0.242282
-0.31991
0.0111089
-0.0477731
-0.0939662
-0.151787
-0.163152
0

0
-0.18915
-0.228593
-0.240456
-0.231414
-0.0923131
-0.00136797
-0.287517
-0.0560403
-0.520261
-0.216874
-0.161663
-0.993375
-0.104621
-0.269988
-0.57279
1.07566
-0.214382
-0.0890055
-0.199798
-0.220474
0

0
-0.239728
-0.241455
-0.32402
-0.295734
-0.00514197
-0.197954
-0.34924
-0.00691675
-0.540014
-0.316479
-0.281737
-0.754067
-0.253299
-0.338193
-0.54953
0.0894496
0.0448541
-0.0546821
-0.258468
-0.284936
0

0
-0.29428
-0.330558
-0.425391
-0.351149
-0.132137
-0.276626
-0.412607
-0.138522
-0.549172
-0.404331
-0.392245
-0.790262
-0.446498
-0.406819
-0.488507
-0.0719195
0.163477
-0.0163509
-0.323458
-0.348924
0

0
-0.354131
-0.388135
-0.449274
-0.426852
-0.160097
-0.349182
-0.485466
-0.183658
-0.600745
-0.473986
-0.483358
-0.592009
-0.690199
-0.487571
-0.68594
-0.285621
0.293277
-0.00597902
-0.399499
-0.412461
0

0
-0.41612
-0.456631
-0.497008
-0.505964
-0.175268
-0.418477
-0.570915
-0.196264
-0.654635
-0.554809
-0.568102
-0.692089
-0.756524
-0.578109
-0.453392
-0.484761
0.41729
0.135195
-0.52572
-0.475401
0

0
-0.479304
-0.527299
-0.551428
-0.590207
-0.180551
-0.48616
-0.658714
0.0148861
-0.721856
-0.628548
-0.649863
-0.767361
-0.850968
-0.654555
-0.480994
-0.68931
0.551122
0.26622
-0.67371
-0.537728
0

0
-0.543247
-0.59778
-0.609302
-0.677341
-0.174854
-0.550666
-0.682002
-0.409426
-0.727323
-0.693183
-0.727802
-0.850915
-0.948115
-0.877598
-0.282254
-0.90052
0.703951
0.426942
-0.959222
-0.600298
0

0
-0.607748
-0.667441
-0.670543
-0.746319
-0.191818
-0.600693
-0.715169
-0.576902
-0.761799
-0.755122
-0.802509
-0.935315
-1.06394
-0.822576
-0.293069
-1.19743
0.834108
0.547754
-0.885186
-0.664278
0

0
-0.672737
-0.736012
-0.736101
-0.738994
-0.345061
-0.614213
-0.745805
-0.706762
-0.80303
-0.817042
-0.872172
-1.01025
-1.16507
-0.833976
-0.206931
-1.59857
1.42328
0.76438
-0.957463
-0.727418
0

0
-0.738291
-0.803559
-0.799082
-0.764388
-0.376438
-0.667106
-0.781006
-0.825145
-0.848913
-0.887415
-0.929601
-1.05332
-1.53296
-0.763109
-0.15217
-2.14997
1.85167
0.896876
-1.07644
-0.790249
0

0
-0.804921
-0.869734
-0.862072
-0.805979
-0.398691
-0.715359
-0.827138
-0.96762
-0.900015
-0.945921
-0.995151
-1.11918
-1.64672
-0.590781
0.126755
-2.84285
2.18327
1.05788
-1.23261
-0.852398
0

0
-0.873538
-0.933366
-0.927821
-0.857997
-0.397577
-0.771722
-0.892299
-0.97379
-0.96622
-1.01314
-1.05034
-1.19048
-1.66187
0.121046
-1.22504
-3.85337
2.83791
1.25667
-1.42182
-0.914074
0

0
-0.937573
-0.989348
-0.988051
-0.917103
-0.360199
-0.831013
-0.954575
-1.02406
-1.02434
-1.06645
-1.10762
-1.24652
-1.60751
-0.707856
-1.11502
-4.7439
3.89578
1.49908
-1.62122
-0.97184
0

0
-0.937833
-0.985223
-0.982156
-0.910013
-0.177602
-0.825459
-0.948521
-1.0199
-1.01834
-1.06088
-1.10184
-1.24162
-1.61944
-0.64447
-1.07226
-4.93024
3.99103
1.48894
-1.60651
-0.965632
0

0
0
0
0
0
0
0
0
0
0
0
0
0
0
0
0
0
0
0
0
0
0


0
0
0
0
0
0
0
0
0
0
0
0
0
0
0
0
0
0
0
0
0
0

0
-0.145065
-0.876064
-0.201065
-0.12275
-0.351606
-0.341924
-0.179975
-0.0152489
-0.119006
-0.151764
-0.16844
-0.263018
-0.0811795
-0.209662
-0.0748342
-2.23484
0.0660914
-0.0522172
-0.147483
-0.165684
0

0
-0.194143
0.94543
-0.0974815
-0.210728
-0.0876903
-0.529484
-0.328391
-0.264008
-0.429905
-0.222505
-0.218581
0.570313
-0.104337
-0.303497
-0.204378
-1.68283
-0.485899
-0.0631125
-0.188173
-0.221313
0

0
-0.235593
0.236496
-0.167953
-0.280002
-0.308324
-0.306793
-0.3472
-0.501808
-0.502185
-0.3144
-0.281285
-0.336008
-0.250316
-0.394974
-0.314268
-0.349329
0.0272454
0.0260686
-0.233502
-0.28485
0

0
-0.291244
-0.180468
-0.169861
-0.329601
-0.289219
-0.346054
-0.411616
-0.388016
-0.53532
-0.397632
-0.373803
-0.506042
-0.585099
-0.477253
-0.331089
-0.257412
0.0449611
0.164053
-0.272203
-0.347725
0

0
-0.352709
-0.340001
-0.386565
-0.40359
-0.416251
-0.427995
-0.481542
-0.540119
-0.590819
-0.475451
-0.477069
-0.546424
-0.677972
-0.525108
-1.65166
-0.513374
0.0541924
0.526364
-0.297667
-0.409712
0

0
-0.415802
-0.437715
-0.477751
-0.469255
-0.58826
-0.535018
-0.556183
-0.862232
-0.663125
-0.550853
-0.559975
-0.657683
-0.813695
-0.751028
-0.679979
-0.543154
0.119131
0.319439
-0.323302
-0.472349
0

0
-0.479625
-0.518076
-0.544924
-0.528743
-0.759392
-0.663388
-0.633517
-1.15755
-0.727801
-0.623196
-0.640431
-0.743077
-0.966506
-0.923591
-1.00216
-0.720894
0.116023
0.230638
-0.252721
-0.532529
0

0
-0.543964
-0.591661
-0.608608
-0.596556
-0.801879
-0.770231
-0.702242
-0.55729
-0.720932
-0.688569
-0.716918
-0.828191
-1.20321
-1.16411
-1.43346
-0.899936
-0.0038102
0.211865
-0.0735221
-0.593476
0

0
-0.608808
-0.660973
-0.671289
-0.681126
-0.660449
-0.757553
-0.735841
-0.605385
-0.753388
-0.752654
-0.789575
-0.912739
-1.46591
-1.53998
-1.83351
-1.04925
-0.430371
0.130054
-0.664576
-0.6646
0

0
-0.674256
-0.726502
-0.7333
-0.734967
-0.615251
-0.61517
-0.746729
-0.656489
-0.794043
-0.816371
-0.8579
-0.990785
-1.37257
-1.93358
-2.10146
-1.15809
1.40042
0.613456
-0.84761
-0.728924
0

0
-0.740338
-0.791958
-0.79472
-0.769798
-0.541499
-0.694511
-0.794509
-0.677642
-0.838369
-0.880076
-0.922282
-1.04709
-0.250345
-2.18433
-2.23772
-0.942289
1.58491
0.687883
-0.947165
-0.792243
0

0
-0.806543
-0.875144
-0.853719
-0.814764
-0.529135
-0.744906
-0.844962
-0.706873
-0.891705
-0.942837
-0.985201
-1.09714
-1.33976
-2.2376
-2.27233
-0.841911
1.93218
0.765554
-1.03054
-0.854591
0

0
-0.873015
-0.98266
-0.93411
-0.869271
-0.561035
-0.804047
-0.901798
-0.940066
-0.965029
-1.00558
-1.04657
-1.16514
-1.51197
-1.78702
-1.80159
-0.775925
2.44527
0.827449
-1.09432
-0.916245
0

0
-0.940055
-1.00283
-0.99204
-0.93218
-0.610351
-0.86617
-0.963998
-1.00441
-1.02389
-1.06233
-1.10238
-1.2214
-1.51405
-1.011
-1.45807
-1.06699
3.17923
0.791813
-1.12408
-0.973979
0

0
-0.940328
-0.999541
-0.985862
-0.924914
-0.599777
-0.859835
-0.957843
-0.996093
-1.01766
-1.05651
-1.09677
-1.21635
-1.51372
-1.0409
-1.44659
-1.16694
3.2683
0.786997
-1.12333
-0.967669
0

0
0
0
0
0
0
0
0
0
0
0
0
0
0
0
0
0
0
0
0
0
0


0
0
0
0
0
0
0
0
0
0
0
0
0
0
0
0
0
0
0
0
0
0

0
-0.150719
-0.281752
-0.148602
-0.15522
-0.368059
-0.272301
-0.199823
-0.169151
-0.162749
-0.170456
-0.169591
-0.0856075
-0.150255
-0.20869
-0.205107
-1.16082
-0.190696
-0.0770452
-0.148525
-0.167198
0

0
-0.186309
0.241513
-0.160565
-0.198104
-0.349591
-0.358716
-0.263186
-0.25049
-0.294638
-0.23455
-0.227237
-0.0634688
-0.213399
-0.299298
-0.314259
-1.58741
-0.172476
-0.0316433
-0.183924
-0.222378
0

0
-0.236488
0.0653725
-0.200914
-0.269415
-0.310686
-0.375568
-0.350703
-0.373261
-0.416774
-0.313869
-0.299263
-0.191049
-0.327003
-0.39911
-0.48347
0.610295
-0.0651349
0.000637839
-0.228924
-0.285832
0

0
-0.292407
-0.140903
-0.267643
-0.336394
-0.339071
-0.388542
-0.41041
-0.463265
-0.49508
-0.394011
-0.381046
-0.413822
-0.496233
-0.50786
-0.630207
-0.183985
-0.0728998
0.064418
-0.270473
-0.349043
0

0
-0.353312
-0.305421
-0.351596
-0.398134
-0.460056
-0.451928
-0.476341
-0.549603
-0.55679
-0.470781
-0.469632
-0.513428
-0.616606
-0.630635
-0.611815
-0.43656
-0.0684006
0.0689432
-0.309115
-0.412026
0

0
-0.416507
-0.420227
-0.452479
-0.465765
-0.611076
-0.535413
-0.545264
-0.678088
-0.618469
-0.544376
-0.552481
-0.62109
-0.773509
-0.759316
-1.22235
-0.681237
-0.0923776
0.11419
-0.331035
-0.474471
0

0
-0.480588
-0.510118
-0.53254
-0.533978
-0.746014
-0.624608
-0.613133
-0.793187
-0.676138
-0.615303
-0.631386
-0.717051
-0.916157
-0.947589
-1.13868
-0.84331
-0.100102
0.094424
-0.359207
-0.537423
0

0
-0.545141
-0.588695
-0.602243
-0.60359
-0.811831
-0.703029
-0.67329
-0.729879
-0.718714
-0.683031
-0.707044
-0.803761
-1.07142
-1.1507
-1.43468
-1.05969
-0.0665668
0.0797478
-0.428753
-0.600915
0

0
-0.610122
-0.661907
-0.66812
-0.67198
-0.659067
-0.720012
-0.720389
-0.675788
-0.752252
-0.747697
-0.779345
-0.885112
-1.2247
-1.39431
-1.81024
-1.27287
0.219357
0.165886
-0.532147
-0.664389
0

0
-0.675618
-0.732632
-0.732589
-0.723578
-0.269041
-0.637484
-0.753931
-0.701282
-0.79559
-0.811338
-0.848352
-0.957973
-1.23433
-1.66312
-2.11097
-1.36268
0.330176
0.117238
-0.731367
-0.730243
0

0
-0.741793
-0.802864
-0.796777
-0.771106
-0.572032
-0.711891
-0.800281
-0.74425
-0.845012
-0.874482
-0.914268
-1.01803
-0.863491
-1.92141
-2.10677
-1.24328
0.502784
0.150816
-0.859919
-0.794421
0

0
-0.808874
-0.874406
-0.861526
-0.823917
-0.624566
-0.771158
-0.853492
-0.800594
-0.899809
-0.937193
-0.977928
-1.07812
-1.11111
-2.02174
-1.83825
-1.02132
0.645284
0.12483
-0.953338
-0.857936
0

0
-0.877002
-0.949401
-0.927845
-0.882439
-0.674011
-0.832333
-0.912659
-0.890159
-0.96104
-0.999403
-1.04001
-1.14105
-1.3456
-1.70032
-1.53645
-0.938859
0.807828
0.0419293
-1.03042
-0.921186
0

0
-0.941183
-1.02117
-0.989125
-0.943252
-0.734963
-0.894763
-0.972668
-0.977489
-1.0216
-1.05681
-1.09619
-1.19737
-1.41248
-1.05532
-1.84587
-1.09313
0.797059
-0.0696788
-1.09332
-0.980156
0

0
-0.94168
-1.01406
-0.982593
-0.936101
-0.72432
-0.888035
-0.966504
-0.968455
-1.01539
-1.05096
-1.0906
-1.19221
-1.4048
-1.10627
-1.78427
-1.21473
0.838517
-0.0602747
-1.08752
-0.973687
0

0
0
0
0
0
0
0
0
0
0
0
0
0
0
0
0
0
0
0
0
0
0


0
0
0
0
0
0
0
0
0
0
0
0
0
0
0
0
0
0
0
0
0
0

0
-0.151893
-0.123191
-0.146656
-0.165597
-0.0122315
-0.218768
-0.189956
-0.185534
-0.188599
-0.175863
-0.172253
-0.133444
-0.179876
-0.209807
-0.231817
-0.434217
-0.137363
-0.0907015
-0.151496
-0.168
0

0
-0.190523
-0.0551604
-0.184728
-0.19684
-0.414085
-0.323453
-0.258967
-0.25703
-0.270897
-0.239921
-0.233986
-0.175641
-0.25157
-0.301532
-0.339606
-0.806586
-0.167371
-0.0733769
-0.189442
-0.223465
0

0
-0.241113
-0.0908938
-0.233258
-0.259518
-0.532199
-0.379267
-0.334635
-0.347927
-0.368118
-0.314645
-0.306784
-0.25499
-0.351004
-0.40621
-0.467419
-0.31005
-0.196526
-0.0711414
-0.237252
-0.287127
0

0
-0.296689
-0.194771
-0.29547
-0.329338
-0.502218
-0.410496
-0.402905
-0.439662
-0.452841
-0.39066
-0.384525
-0.384224
-0.473002
-0.518025
-0.594287
-0.304111
-0.186271
-0.0698569
-0.284614
-0.350647
0

0
-0.356487
-0.312075
-0.366065
-0.397673
-0.493235
-0.456865
-0.467797
-0.521395
-0.523602
-0.465459
-0.465683
-0.502261
-0.594699
-0.637783
-0.736485
-0.499247
-0.20567
-0.0769884
-0.330727
-0.414031
0

0
-0.418875
-0.416886
-0.446478
-0.465702
-0.556025
-0.519681
-0.532784
-0.604102
-0.587415
-0.538017
-0.54585
-0.597348
-0.720709
-0.768778
-0.952262
-0.708892
-0.235634
-0.0751533
-0.376039
-0.477267
0

0
-0.48258
-0.507112
-0.524917
-0.533475
-0.660317
-0.590418
-0.596637
-0.679312
-0.647015
-0.608308
-0.623127
-0.691134
-0.848892
-0.919898
-1.16005
-0.919869
-0.25822
-0.0860016
-0.430401
-0.540673
0

0
-0.546991
-0.587627
-0.59737
-0.59935
-0.75932
-0.660296
-0.656725
-0.712461
-0.700563
-0.67627
-0.69772
-0.777709
-0.969987
-1.0863
-1.34822
-1.1456
-0.259631
-0.106642
-0.500667
-0.604187
0

0
-0.611929
-0.662586
-0.665732
-0.662677
-0.717789
-0.704306
-0.71068
-0.714499
-0.747227
-0.741878
-0.769551
-0.857492
-1.07565
-1.26639
-1.65357
-1.38771
-0.292701
-0.150107
-0.582601
-0.667664
0

0
-0.677436
-0.734495
-0.731945
-0.721286
-0.406115
-0.693961
-0.757506
-0.738243
-0.795199
-0.805994
-0.838637
-0.929864
-1.1227
-1.46263
-1.975
-1.55839
-0.505068
-0.237548
-0.696096
-0.732085
0

0
-0.743672
-0.804656
-0.797392
-0.773599
-0.567812
-0.7321
-0.805866
-0.781511
-0.847227
-0.869294
-0.90514
-0.994508
-1.0642
-1.66402
-2.07752
-1.53822
-0.664119
-0.335388
-0.80973
-0.796557
0

0
-0.810876
-0.873812
-0.862799
-0.830857
-0.670546
-0.791996
-0.860658
-0.836712
-0.903117
-0.932059
-0.969462
-1.05685
-1.12805
-1.79826
-1.83532
-1.34893
-0.872233
-0.459564
-0.903155
-0.860612
0

0
-0.879142
-0.943137
-0.928385
-0.892208
-0.742365
-0.855253
-0.920494
-0.903188
-0.96274
-0.994308
-1.03202
-1.11902
-1.25463
-1.72312
-1.52946
-1.28792
-1.05297
-0.584749
-0.979746
-0.924372
0

0
-0.943271
-1.0079
-0.989301
-0.953344
-0.80815
-0.917638
-0.980014
-0.972111
-1.02097
-1.05159
-1.08858
-1.17493
-1.33363
-1.49491
-1.84649
-1.4477
-1.13035
-0.648192
-1.03772
-0.983477
0

0
-0.943766
-1.00125
-0.982728
-0.946108
-0.797692
-0.910692
-0.973788
-0.964761
-1.01499
-1.04575
-1.08299
-1.16979
-1.32619
-1.52129
-1.79317
-1.59771
-1.0849
-0.624691
-1.03114
-0.976952
0

0
0
0
0
0
0
0
0
0
0
0
0
0
0
0
0
0
0
0
0
0
0


0
0
0
0
0
1
0
0
0
0
0
0
0
0
0
0
0
0
0
0
0
0

0
-0.154247
-0.125305
-0.152832
-0.169744
1.14478
-0.148247
-0.180075
-0.184911
-0.18736
-0.176977
-0.174489
-0.161199
-0.189415
-0.20913
-0.229644
-0.266605
-0.147332
-0.115174
-0.156838
-0.168682
0

0
-0.19558
-0.140405
-0.197034
-0.220581
0.787231
-0.206082
-0.246249
-0.254625
-0.260847
-0.241283
-0.237744
-0.215457
-0.265642
-0.300585
-0.336043
-0.440872
-0.187415
-0.120423
-0.198995
-0.224518
0

0
-0.24729
-0.17988
-0.251904
-0.273595
0.233495
-0.30275
-0.320593
-0.335269
-0.344259
-0.314168
-0.310441
-0.291393
-0.358544
-0.404139
-0.454545
-0.499842
-0.245535
-0.141397
-0.251359
-0.288511
0

0
-0.302598
-0.250108
-0.312669
-0.332223
-0.22665
-0.382617
-0.391133
-0.416668
-0.424033
-0.387569
-0.38573
-0.387897
-0.462145
-0.512551
-0.579483
-0.477677
-0.283793
-0.166356
-0.304339
-0.352333
0

0
-0.361373
-0.337074
-0.379149
-0.39719
-0.426745
-0.446693
-0.457563
-0.493424
-0.496746
-0.460444
-0.462908
-0.490463
-0.571468
-0.626889
-0.71784
-0.578557
-0.326027
-0.192961
-0.358156
-0.416063
0

0
-0.422704
-0.426066
-0.450788
-0.464424
-0.516673
-0.507808
-0.521883
-0.565655
-0.563393
-0.531913
-0.540042
-0.582357
-0.681758
-0.748481
-0.877265
-0.744739
-0.383572
-0.223466
-0.414449
-0.479727
0

0
-0.485646
-0.510388
-0.52403
-0.531373
-0.592783
-0.571051
-0.584737
-0.631972
-0.625764
-0.601651
-0.615529
-0.670341
-0.792572
-0.879531
-1.06026
-0.944159
-0.461433
-0.263267
-0.475996
-0.543384
0

0
-0.549585
-0.589266
-0.595504
-0.59668
-0.665232
-0.634381
-0.645442
-0.684217
-0.684166
-0.669565
-0.688949
-0.754091
-0.897576
-1.01949
-1.24438
-1.17193
-0.578792
-0.323065
-0.544827
-0.607046
0

0
-0.614249
-0.663956
-0.664522
-0.659629
-0.690979
-0.689205
-0.70303
-0.720255
-0.738599
-0.735676
-0.760148
-0.832502
-0.989668
-1.16657
-1.47417
-1.4315
-0.77523
-0.411471
-0.621436
-0.670762
0

0
-0.679598
-0.735789
-0.731685
-0.720086
-0.614319
-0.723661
-0.757075
-0.757237
-0.791978
-0.800347
-0.829072
-0.905134
-1.05545
-1.32021
-1.73963
-1.67772
-1.0439
-0.520885
-0.708246
-0.734789
0

0
-0.745738
-0.805644
-0.797807
-0.777705
-0.633185
-0.758189
-0.80996
-0.803336
-0.846922
-0.864045
-0.895792
-0.972253
-1.08678
-1.47398
-1.91374
-1.79411
-1.34238
-0.648698
-0.800063
-0.799055
0

0
-0.812853
-0.874073
-0.863499
-0.837148
-0.712399
-0.812168
-0.86628
-0.8578
-0.904269
-0.927067
-0.960507
-1.03607
-1.13625
-1.59808
-1.85054
-1.72648
-1.58326
-0.771542
-0.885383
-0.863219
0

0
-0.880997
-0.941481
-0.928998
-0.899862
-0.788386
-0.874456
-0.926591
-0.919112
-0.964086
-0.989482
-1.02342
-1.09822
-1.21446
-1.63697
-1.68243
-1.66504
-1.70663
-0.867163
-0.959801
-0.9271
0

0
-0.94494
-1.00296
-0.989664
-0.961003
-0.856245
-0.936229
-0.985714
-0.980757
-1.02149
-1.04678
-1.08025
-1.15408
-1.28207
-1.60533
-1.82941
-1.79264
-1.75121
-0.92468
-1.01885
-0.986122
0

0
-0.945446
-0.996485
-0.983022
-0.953735
-0.846254
-0.929249
-0.979454
-0.974126
-1.01557
-1.04094
-1.07466
-1.14897
-1.2764
-1.61226
-1.79836
-1.9396
-1.71507
-0.897826
-1.01107
-0.979573
0

0
0
0
0
0
0
0
0
0
0
0
0
0
0
0
0
0
0
0
0
0
0


0
0
0
0
0
0
0
0
0
0
0
0
0
0
0
0
0
0
0
0
0
0

0
-0.156881
-0.142156
-0.159018
-0.148705
-0.214971
-0.229112
-0.184308
-0.182509
-0.183613
-0.176902
-0.17575
-0.172391
-0.19137
-0.206446
-0.222729
-0.22761
-0.165225
-0.13882
-0.163063
-0.169372
0

0
-0.200286
-0.177633
-0.206777
-0.203933
-0.215739
-0.271322
-0.245903
-0.249693
-0.252815
-0.240868
-0.239557
-0.233578
-0.26854
-0.295567
-0.324458
-0.346568
-0.21589
-0.16282
-0.210065
-0.225604
0

0
-0.253294
-0.227278
-0.264304
-0.270102
-0.179534
-0.31171
-0.313877
-0.325077
-0.329944
-0.312666
-0.311874
-0.308763
-0.357422
-0.39553
-0.437842
-0.464497
-0.283908
-0.201542
-0.267276
-0.289934
0

0
-0.308787
-0.289563
-0.325095
-0.334347
-0.234866
-0.367954
-0.381557
-0.400028
-0.405235
-0.38442
-0.385464
-0.393161
-0.451572
-0.49861
-0.555762
-0.536388
-0.35129
-0.244272
-0.32533
-0.354038
0

0
-0.366952
-0.362518
-0.389595
-0.39875
-0.360346
-0.432041
-0.447809
-0.472568
-0.476975
-0.455775
-0.460083
-0.482765
-0.549837
-0.605648
-0.681663
-0.627317
-0.42176
-0.290802
-0.384788
-0.41805
0

0
-0.427382
-0.44018
-0.457315
-0.464371
-0.469725
-0.496102
-0.512363
-0.54155
-0.544752
-0.526201
-0.534756
-0.569647
-0.649196
-0.717191
-0.819273
-0.762996
-0.508056
-0.343875
-0.446521
-0.481996
0

0
-0.489492
-0.517849
-0.526833
-0.53034
-0.552531
-0.559265
-0.575474
-0.606264
-0.609127
-0.59537
-0.60847
-0.653163
-0.747965
-0.833883
-0.972286
-0.936579
-0.622438
-0.407422
-0.51144
-0.545898
0

0
-0.552798
-0.593441
-0.596331
-0.595538
-0.620824
-0.621491
-0.637101
-0.664546
-0.67056
-0.663141
-0.680686
-0.733575
-0.842843
-0.955572
-1.13586
-1.14519
-0.777735
-0.486781
-0.580315
-0.609784
0

0
-0.617023
-0.666618
-0.664795
-0.659247
-0.670662
-0.680321
-0.696951
-0.715336
-0.729435
-0.729509
-0.751159
-0.810203
-0.929478
-1.08113
-1.31975
-1.39343
-0.980478
-0.582912
-0.653493
-0.673707
0

0
-0.682079
-0.737703
-0.732079
-0.721199
-0.687762
-0.731339
-0.75491
-0.763678
-0.786993
-0.794634
-0.819777
-0.88257
-1.00286
-1.20878
-1.52428
-1.66528
-1.2202
-0.690509
-0.730808
-0.737745
0

0
-0.748015
-0.807098
-0.798453
-0.781774
-0.703903
-0.776973
-0.811843
-0.81492
-0.84481
-0.858782
-0.886527
-0.95076
-1.06139
-1.33317
-1.69605
-1.88114
-1.47718
-0.803379
-0.810554
-0.801913
0

0
-0.814957
-0.875085
-0.864264
-0.842988
-0.758525
-0.830164
-0.870178
-0.870804
-0.903831
-0.922163
-0.951474
-1.01566
-1.11836
-1.43974
-1.74737
-1.94193
-1.69396
-0.908053
-0.887935
-0.866043
0

0
-0.882903
-0.941709
-0.929666
-0.90631
-0.826819
-0.890944
-0.93111
-0.93114
-0.96432
-0.984818
-1.01467
-1.07821
-1.18291
-1.5068
-1.7089
-1.90129
-1.81764
-0.992473
-0.95887
-0.929891
0

0
-0.946578
-1.00207
-0.990017
-0.967119
-0.892753
-0.951593
-0.989934
-0.990339
-1.02157
-1.0422
-1.07174
-1.13429
-1.24276
-1.53645
-1.76697
-1.96497
-1.8531
-1.04543
-1.01712
-0.988749
0

0
-0.9471
-0.995595
-0.983305
-0.959872
-0.883542
-0.944673
-0.983638
-0.983986
-1.01564
-1.03635
-1.06613
-1.1292
-1.23812
-1.53659
-1.75253
-2.09055
-1.82646
-1.02136
-1.00864
-0.982166
0

0
0
0
0
0
0
0
0
0
0
0
0
0
0
0
0
0
0
0
0
0
0


0
0
0
0
0
0
0
0
0
0
0
0
0
0
0
0
0
0
0
0
0
0

0
-0.159411
-0.154465
-0.16269
-0.16247
-0.163309
-0.182142
-0.176796
-0.179267
-0.180385
-0.17652
-0.176362
-0.176876
-0.190354
-0.202312
-0.214909
-0.215082
-0.180089
-0.15895
-0.169448
-0.170154
0

0
-0.204541
-0.199052
-0.213561
-0.212402
-0.214227
-0.250258
-0.239854
-0.244182
-0.246495
-0.239854
-0.240207
-0.241336
-0.266259
-0.287714
-0.310426
-0.315777
-0.240864
-0.198668
-0.221364
-0.226799
0

0
-0.258724
-0.254658
-0.273179
-0.273765
-0.251094
-0.310022
-0.308074
-0.316461
-0.320022
-0.310694
-0.311948
-0.316022
-0.351635
-0.38288
-0.416952
-0.42838
-0.317289
-0.251738
-0.283133
-0.291409
0

0
-0.314625
-0.315965
-0.334512
-0.336858
-0.298007
-0.366239
-0.374505
-0.387762
-0.392253
-0.381228
-0.384201
-0.394844
-0.439467
-0.479869
-0.526413
-0.529845
-0.398243
-0.30827
-0.345514
-0.355744
0

0
-0.372536
-0.383219
-0.398112
-0.40086
-0.370732
-0.426069
-0.43993
-0.457505
-0.462506
-0.451387
-0.456947
-0.476693
-0.529579
-0.57929
-0.640722
-0.631313
-0.485282
-0.369129
-0.409039
-0.419981
0

0
-0.432339
-0.454359
-0.463833
-0.465615
-0.454094
-0.488568
-0.504392
-0.524977
-0.530348
-0.52089
-0.529688
-0.558295
-0.620513
-0.681432
-0.762236
-0.752621
-0.585118
-0.435934
-0.474114
-0.484157
0

0
-0.493729
-0.526915
-0.531028
-0.530772
-0.532534
-0.551706
-0.567897
-0.589682
-0.595836
-0.589497
-0.601811
-0.637978
-0.710776
-0.78648
-0.893243
-0.901167
-0.705463
-0.510651
-0.541067
-0.548297
0

0
-0.556396
-0.599196
-0.598757
-0.595732
-0.60213
-0.614376
-0.630426
-0.650948
-0.659224
-0.657068
-0.672868
-0.715385
-0.798446
-0.894253
-1.03363
-1.07978
-0.851183
-0.594632
-0.610121
-0.612423
0

0
-0.620126
-0.670432
-0.666261
-0.659958
-0.661892
-0.675389
-0.691898
-0.70851
-0.720851
-0.723565
-0.742597
-0.790094
-0.881097
-1.00389
-1.18523
-1.29346
-1.02215
-0.686864
-0.681274
-0.676569
0

0
-0.684829
-0.740426
-0.733189
-0.723152
-0.708453
-0.732997
-0.752323
-0.764013
-0.781356
-0.789045
-0.810849
-0.861719
-0.956384
-1.11354
-1.34651
-1.53945
-1.2141
-0.784031
-0.754126
-0.740762
0

0
-0.750522
-0.809202
-0.799503
-0.785541
-0.746786
-0.78734
-0.81213
-0.820059
-0.841603
-0.853632
-0.877548
-0.930165
-1.0236
-1.21901
-1.49384
-1.77657
-1.41621
-0.881326
-0.827657
-0.80499
0

0
-0.81728
-0.876778
-0.865298
-0.848142
-0.797374
-0.84361
-0.872459
-0.878281
-0.90227
-0.917427
-0.942661
-0.995715
-1.08631
-1.312
-1.58245
-1.91917
-1.59754
-0.971999
-0.899672
-0.869141
0

0
-0.885032
-0.942965
-0.930568
-0.911889
-0.859772
-0.904334
-0.934198
-0.939075
-0.963598
-0.980389
-1.00612
-1.05878
-1.14865
-1.38275
-1.60982
-1.93977
-1.71333
-1.04768
-0.9675
-0.932951
0

0
-0.948431
-1.0028
-0.99059
-0.972276
-0.922581
-0.964038
-0.992866
-0.99745
-1.02095
-1.03791
-1.06341
-1.11525
-1.20561
-1.42991
-1.64994
-1.96182
-1.75147
-1.09856
-1.02482
-0.991631
0

0
-0.948967
-0.996271
-0.983808
-0.965067
-0.914107
-0.957159
-0.986512
-0.991182
-1.01498
-1.03202
-1.05778
-1.11015
-1.20139
-1.42822
-1.64519
-2.05742
-1.73325
-1.07896
-1.01596
-0.984981
0

0
0
0
0
0
0
0
0
0
0
0
0
0
0
0
0
0
0
0
0
0
0


0
0
0
0
0
0
0
0
0
0
0
0
0
0
0
0
0
0
0
0
0
0

0
-0.161947
-0.162778
-0.165999
-0.166119
-0.161988
-0.17429
-0.174476
-0.176981
-0.178088
-0.176257
-0.176768
-0.178693
-0.188204
-0.197417
-0.206771
-0.207567
-0.191273
-0.175972
-0.175836
-0.171177
0

0
-0.208447
-0.212932
-0.218938
-0.218228
-0.215014
-0.235947
-0.235013
-0.239489
-0.241715
-0.238787
-0.240263
-0.244095
-0.261681
-0.278261
-0.295302
-0.298495
-0.260087
-0.228817
-0.232441
-0.228185
0

0
-0.263592
-0.272193
-0.28
-0.278995
-0.270751
-0.301078
-0.302386
-0.309319
-0.312651
-0.308637
-0.311239
-0.31794
-0.343478
-0.367988
-0.393877
-0.401512
-0.342366
-0.29336
-0.298271
-0.292966
0

0
-0.319931
-0.334089
-0.341906
-0.340946
-0.325415
-0.361849
-0.368301
-0.378259
-0.382657
-0.378101
-0.382296
-0.393477
-0.426244
-0.458604
-0.49421
-0.503554
-0.428801
-0.360177
-0.364272
-0.35745
0

0
-0.37779
-0.399164
-0.40515
-0.403981
-0.387533
-0.422338
-0.433307
-0.446183
-0.451528
-0.447247
-0.453532
-0.470524
-0.51008
-0.550551
-0.597419
-0.605869
-0.520714
-0.430174
-0.430891
-0.421854
0

0
-0.437192
-0.466823
-0.469771
-0.467851
-0.456739
-0.484184
-0.497677
-0.512763
-0.519
-0.515936
-0.5247
-0.547763
-0.594318
-0.643981
-0.704855
-0.7165
-0.620831
-0.504055
-0.498308
-0.486224
0

0
-0.498025
-0.535958
-0.535502
-0.532273
-0.527489
-0.547031
-0.561499
-0.577718
-0.585006
-0.584013
-0.595441
-0.624028
-0.678006
-0.738922
-0.817898
-0.842642
-0.7324
-0.582377
-0.56661
-0.550585
0

0
-0.560133
-0.605551
-0.601877
-0.596878
-0.595644
-0.610081
-0.624779
-0.6408
-0.649637
-0.651361
-0.665436
-0.698766
-0.759989
-0.835159
-0.937152
-0.989007
-0.857222
-0.665083
-0.635806
-0.614956
0

0
-0.623396
-0.67494
-0.668428
-0.661303
-0.659253
-0.672526
-0.687495
-0.701973
-0.713091
-0.717927
-0.734456
-0.771616
-0.838908
-0.932008
-1.06281
-1.16012
-0.995143
-0.751122
-0.705785
-0.679357
0

0
-0.687763
-0.743781
-0.734836
-0.725302
-0.716879
-0.733532
-0.749677
-0.761858
-0.775704
-0.78371
-0.802349
-0.842272
-0.913479
-1.02797
-1.19272
-1.3572
-1.14444
-0.838504
-0.77622
-0.743794
0

0
-0.75325
-0.811894
-0.800949
-0.788923
-0.769618
-0.793011
-0.811542
-0.821611
-0.837923
-0.848742
-0.869004
-0.910562
-0.983106
-1.12006
-1.31513
-1.56227
-1.29917
-0.924351
-0.846456
-0.808237
0

0
-0.819898
-0.879104
-0.866689
-0.852611
-0.824904
-0.852796
-0.873592
-0.882219
-0.900127
-0.913029
-0.934321
-0.976484
-1.0486
-1.20322
-1.40736
-1.7225
-1.44224
-1.0047
-0.915293
-0.872567
0

0
-0.887556
-0.945022
-0.931871
-0.91679
-0.886136
-0.914595
-0.93624
-0.944024
-0.962393
-0.976416
-0.998108
-1.0401
-1.11146
-1.27244
-1.46116
-1.79074
-1.54435
-1.07413
-0.980996
-0.93647
0

0
-0.950741
-1.00452
-0.991608
-0.976827
-0.94678
-0.973843
-0.994906
-1.00222
-1.02
-1.03415
-1.05569
-1.09705
-1.16794
-1.3251
-1.50372
-1.81255
-1.58896
-1.12458
-1.03752
-0.995036
0

0
-0.951269
-0.997895
-0.984739
-0.969631
-0.938782
-0.96693
-0.988458
-0.995919
-1.01393
-1.02819
-1.04998
-1.0919
-1.1638
-1.32301
-1.50397
-1.87704
-1.57781
-1.10906
-1.02849
-0.988264
0

0
0
0
0
0
0
0
0
0
0
0
0
0
0
0
0
0
0
0
0
0
0


0
0
0
0
0
0
0
0
0
0
0
0
0
0
0
0
0
0
0
0
0
0

0
-0.164954
-0.169274
-0.169405
-0.168926
-0.166514
-0.172423
-0.173731
-0.175833
-0.177028
-0.176661
-0.177595
-0.179826
-0.186163
-0.192844
-0.199338
-0.201411
-0.200168
-0.190724
-0.18243
-0.17289
0

0
-0.212121
-0.22283
-0.223469
-0.222129
-0.219223
-0.229549
-0.231761
-0.235708
-0.238061
-0.237856
-0.240067
-0.244548
-0.256174
-0.268088
-0.279726
-0.283567
-0.274097
-0.254204
-0.242905
-0.229688
0

0
-0.268003
-0.284606
-0.285569
-0.283407
-0.279313
-0.294016
-0.297622
-0.303392
-0.30685
-0.306656
-0.310117
-0.317155
-0.334244
-0.352038
-0.369842
-0.376982
-0.35988
-0.328338
-0.312504
-0.294559
0

0
-0.324726
-0.347352
-0.34795
-0.345058
-0.338497
-0.356632
-0.362749
-0.37049
-0.375046
-0.375097
-0.380021
-0.390221
-0.412475
-0.436208
-0.460713
-0.470992
-0.447538
-0.403007
-0.381675
-0.359126
0

0
-0.382616
-0.411628
-0.411056
-0.407434
-0.399412
-0.418534
-0.427392
-0.437078
-0.442689
-0.443327
-0.449941
-0.463868
-0.491036
-0.520893
-0.552952
-0.565626
-0.537958
-0.478966
-0.450845
-0.42365
0

0
-0.441764
-0.477396
-0.475007
-0.470539
-0.463282
-0.480791
-0.491711
-0.50303
-0.50965
-0.511282
-0.519765
-0.537624
-0.569648
-0.606135
-0.647188
-0.663234
-0.631897
-0.556399
-0.520087
-0.488182
0

0
-0.502177
-0.544289
-0.539746
-0.53427
-0.52905
-0.543716
-0.555804
-0.568217
-0.575854
-0.578866
-0.589299
-0.610886
-0.647818
-0.691886
-0.744133
-0.767377
-0.730241
-0.635249
-0.589397
-0.552746
0

0
-0.563825
-0.611844
-0.605094
-0.598453
-0.594992
-0.607114
-0.61971
-0.632541
-0.641303
-0.645994
-0.65834
-0.683222
-0.724916
-0.777948
-0.844263
-0.881463
-0.833581
-0.715181
-0.65873
-0.617361
0

0
-0.626691
-0.679664
-0.670819
-0.662879
-0.659781
-0.670603
-0.683438
-0.695997
-0.706072
-0.712612
-0.72672
-0.754329
-0.800213
-0.863836
-0.947557
-1.00892
-0.942042
-0.795546
-0.728003
-0.682046
0

0
-0.690791
-0.747458
-0.736719
-0.727381
-0.722509
-0.733778
-0.74701
-0.758808
-0.770308
-0.778695
-0.79431
-0.823968
-0.872982
-0.948554
-1.05254
-1.15216
-1.05514
-0.875358
-0.797042
-0.746813
0

0
-0.756183
-0.814999
-0.802645
-0.791912
-0.78323
-0.796503
-0.810523
-0.821423
-0.834214
-0.844238
-0.861009
-0.891966
-0.942716
-1.03025
-1.15345
-1.30576
-1.17033
-0.953168
-0.865506
-0.811645
0

0
-0.822924
-0.882023
-0.868453
-0.856584
-0.84407
-0.859275
-0.874148
-0.884285
-0.897947
-0.909195
-0.926699
-0.95821
-1.00937
-1.10603
-1.2391
-1.44451
-1.27965
-1.02679
-0.932728
-0.876435
0

0
-0.890803
-0.947987
-0.933813
-0.921402
-0.906875
-0.922691
-0.937911
-0.947468
-0.9614
-0.973313
-0.991102
-1.02255
-1.07326
-1.17321
-1.30232
-1.53069
-1.36763
-1.09289
-0.997485
-0.940811
0

0
-0.954066
-1.00744
-0.993534
-0.981378
-0.966681
-0.982023
-0.996886
-1.00598
-1.01957
-1.03156
-1.04925
-1.08028
-1.13039
-1.22839
-1.35049
-1.56581
-1.41937
-1.14411
-1.05369
-0.999567
0

0
-0.954496
-1.00063
-0.986494
-0.974093
-0.958815
-0.974937
-0.99024
-0.999499
-1.0133
-1.02542
-1.04337
-1.07496
-1.12612
-1.22622
-1.35241
-1.60434
-1.41395
-1.1314
-1.04447
-0.992546
0

0
0
0
0
0
0
0
0
0
0
0
0
0
0
0
0
0
0
0
0
0
0


0
0
0
0
0
0
0
0
0
0
0
0
0
0
0
0
0
0
0
0
0
0

0
-0.16896
-0.175499
-0.173998
-0.17308
-0.171781
-0.17433
-0.175808
-0.177489
-0.178734
-0.179051
-0.180085
-0.182171
-0.186544
-0.191912
-0.19709
-0.200793
-0.209698
-0.203876
-0.190152
-0.176628
0

0
-0.215408
-0.23004
-0.227343
-0.225299
-0.223573
-0.227098
-0.230196
-0.233492
-0.235984
-0.237507
-0.240084
-0.244372
-0.251601
-0.260079
-0.267963
-0.273246
-0.284454
-0.272804
-0.251527
-0.23145
0

0
-0.271536
-0.293403
-0.289832
-0.286763
-0.284612
-0.289412
-0.294002
-0.29878
-0.302424
-0.304852
-0.308777
-0.315242
-0.325622
-0.337905
-0.349316
-0.356891
-0.371851
-0.354101
-0.32384
-0.295839
0

0
-0.32852
-0.357023
-0.352538
-0.348432
-0.345863
-0.351822
-0.357884
-0.364053
-0.368825
-0.372174
-0.377468
-0.386145
-0.399557
-0.415678
-0.430729
-0.440541
-0.459404
-0.435058
-0.395726
-0.360276
0

0
-0.386492
-0.42118
-0.415634
-0.410485
-0.40747
-0.414376
-0.421871
-0.429328
-0.435187
-0.439482
-0.446166
-0.457081
-0.473362
-0.493345
-0.512179
-0.523959
-0.547167
-0.51576
-0.467224
-0.424824
0

0
-0.445511
-0.485976
-0.479185
-0.47301
-0.469653
-0.477164
-0.485939
-0.494544
-0.501432
-0.5067
-0.514778
-0.527917
-0.546879
-0.570742
-0.593564
-0.606833
-0.634851
-0.596002
-0.538236
-0.489464
0

0
-0.505639
-0.551424
-0.543229
-0.536075
-0.532579
-0.540319
-0.550099
-0.559667
-0.567501
-0.573762
-0.583205
-0.598466
-0.619912
-0.647689
-0.674824
-0.688983
-0.722093
-0.675503
-0.608681
-0.554195
0

0
-0.566939
-0.617457
-0.607764
-0.599701
-0.596267
-0.603927
-0.614381
-0.624685
-0.633366
-0.640612
-0.651341
-0.668517
-0.692228
-0.723946
-0.755847
-0.770165
-0.808518
-0.753959
-0.678504
-0.619032
0

0
-0.629487
-0.683966
-0.672754
-0.663872
-0.660637
-0.668014
-0.678818
-0.689613
-0.699028
-0.70721
-0.719089
-0.737875
-0.763565
-0.799159
-0.836334
-0.849807
-0.893694
-0.831063
-0.747669
-0.684001
0

0
-0.693388
-0.750819
-0.738148
-0.728551
-0.725572
-0.732564
-0.743454
-0.754505
-0.764521
-0.77354
-0.786374
-0.806383
-0.833643
-0.872796
-0.915609
-0.926591
-0.976945
-0.906472
-0.81615
-0.749141
0

0
-0.758795
-0.817873
-0.803901
-0.793729
-0.790982
-0.797564
-0.808355
-0.819466
-0.829917
-0.839615
-0.853154
-0.873934
-0.902197
-0.944103
-0.992423
-0.997816
-1.05699
-0.979725
-0.883915
-0.814502
0

0
-0.825903
-0.884954
-0.869978
-0.859434
-0.856859
-0.863043
-0.873609
-0.884629
-0.895306
-0.905461
-0.91941
-0.940477
-0.969036
-1.01223
-1.06511
-1.05961
-1.13157
-1.05008
-0.950856
-0.880129
0

0
-0.894676
-0.951634
-0.936169
-0.92556
-0.923143
-0.928916
-0.939144
-0.949942
-0.960597
-0.970942
-0.984996
-1.00592
-1.03413
-1.07689
-1.13265
-1.11215
-1.19788
-1.11597
-1.01639
-0.945837
0

0
-0.959087
-1.01211
-0.996958
-0.986669
-0.98434
-0.989781
-0.999595
-1.01003
-1.02043
-1.03071
-1.04465
-1.06529
-1.09306
-1.13476
-1.19151
-1.1658
-1.25136
-1.16985
-1.07394
-1.00602
0

0
-0.959465
-1.00515
-0.989796
-0.9793
-0.976405
-0.982511
-0.992793
-1.0034
-1.01402
-1.02445
-1.03867
-1.05986
-1.08865
-1.13267
-1.19358
-1.19131
-1.25168
-1.1588
-1.06455
-0.998794
0

0
0
0
0
0
0
0
0
0
0
0
0
0
0
0
0
0
0
0
0
0
0


0
0
0
0
0
0
0
0
0
0
0
0
0
0
0
0
0
0
0
0
0
0

0
0
0
0
0
0
0
0
0
0
0
0
0
0
0
0
0
0
0
0
0
0

0
0
0
0
0
0
0
0
0
0
0
0
0
0
0
0
0
0
0
0
0
0

0
0
0
0
0
0
0
0
0
0
0
0
0
0
0
0
0
0
0
0
0
0

0
0
0
0
0
0
0
0
0
0
0
0
0
0
0
0
0
0
0
0
0
0

0
0
0
0
0
0
0
0
0
0
0
0
0
0
0
0
0
0
0
0
0
0

0
0
0
0
0
0
0
0
0
0
0
0
0
0
0
0
0
0
0
0
0
0

0
0
0
0
0
0
0
0
0
0
0
0
0
0
0
0
0
0
0
0
0
0

0
0
0
0
0
0
0
0
0
0
0
0
0
0
0
0
0
0
0
0
0
0

0
0
0
0
0
0
0
0
0
0
0
0
0
0
0
0
0
0
0
0
0
0

0
0
0
0
0
0
0
0
0
0
0
0
0
0
0
0
0
0
0
0
0
0

0
0
0
0
0
0
0
0
0
0
0
0
0
0
0
0
0
0
0
0
0
0

0
0
0
0
0
0
0
0
0
0
0
0
0
0
0
0
0
0
0
0
0
0

0
0
0
0
0
0
0
0
0
0
0
0
0
0
0
0
0
0
0
0
0
0

0
0
0
0
0
0
0
0
0
0
0
0
0
0
0
0
0
0
0
0
0
0

0
0
0
0
0
0
0
0
0
0
0
0
0
0
0
0
0
0
0
0
0
0

0
0
0
0
0
0
0
0
0
0
0
0
0
0
0
0
0
0
0
0
0
0


