0
0
0
0
0
0
0
0
0
0
0
0
0
0
0
0
0
0
0
0
0
0

0
0
0
0
0
0
0
0
0
0
0
0
0
0
0
0
0
0
0
0
0
0

0
0
0
0
0
0
0
0
0
0
0
0
0
0
0
0
0
0
0
0
0
0

0
0
0
0
0
0
0
0
0
0
0
0
0
0
0
0
0
0
0
0
0
0

0
0
0
0
0
0
0
0
0
0
0
0
0
0
0
0
0
0
0
0
0
0

0
0
0
0
0
0
0
0
0
0
0
0
0
0
0
0
0
0
0
0
0
0

0
0
0
0
0
0
0
0
0
0
0
0
0
0
0
0
0
0
0
0
0
0

0
0
0
0
0
0
0
0
0
0
0
0
0
0
0
0
0
0
0
0
0
0

0
0
0
0
0
0
0
0
0
0
0
0
0
0
0
0
0
0
0
0
0
0

0
0
0
0
0
0
0
0
0
0
0
0
0
0
0
0
0
0
0
0
0
0

0
0
0
0
0
0
0
0
0
0
0
0
0
0
0
0
0
0
0
0
0
0

0
0
0
0
0
0
0
0
0
0
0
0
0
0
0
0
0
0
0
0
0
0

0
0
0
0
0
0
0
0
0
0
0
0
0
0
0
0
0
0
0
0
0
0

0
0
0
0
0
0
0
0
0
0
0
0
0
0
0
0
0
0
0
0
0
0

0
0
0
0
0
0
0
0
0
0
0
0
0
0
0
0
0
0
0
0
0
0

0
0
0
0
0
0
0
0
0
0
0
0
0
0
0
0
0
0
0
0
0
0

0
0
0
0
0
0
0
0
0
0
0
0
0
0
0
0
0
0
0
0
0
0


0
0
0
0
0
0
0
0
0
0
0
0
0
0
0
0
0
0
0
0
0
0

0
4.60008e-25
-3.81823e-22
2.42792e-19
-1.17753e-16
3.2269e-14
3.06841e-16
1.79571e-18
8.00044e-21
3.18602e-23
8.80241e-26
1.98827e-28
1.15803e-31
4.80924e-34
6.69625e-37
6.63028e-40
2.11016e-42
4.85752e-46
0
0
0
0

0
1.08695e-27
-1.0369e-24
1.07086e-21
-7.93222e-19
4.35124e-17
1.12549e-18
1.19399e-20
4.36075e-23
1.28546e-25
2.46729e-28
3.7165e-31
2.07313e-33
4.00068e-36
3.18045e-39
1.59333e-42
1.95711e-45
0
0
0
0
0

0
9.49796e-30
-1.3052e-26
1.37051e-23
-1.12793e-20
3.68483e-18
2.86381e-20
1.01277e-22
3.03737e-25
6.86225e-28
1.07123e-30
1.25904e-33
2.09846e-36
4.16939e-39
1.97051e-42
3.93083e-46
0
0
0
0
0
0

0
5.92736e-32
-1.13823e-28
1.71867e-25
-2.02732e-22
1.44741e-19
4.72549e-22
1.15433e-24
2.26985e-27
3.65177e-30
4.28333e-33
3.61704e-36
3.50693e-39
2.23934e-42
4.30971e-46
0
0
0
0
0
0
0

0
1.0046e-34
-2.57463e-31
5.08654e-28
-8.63038e-25
8.01994e-22
1.86588e-24
3.47417e-27
5.36537e-30
6.44509e-33
5.67065e-36
3.23356e-39
8.70028e-43
5.20734e-46
0
0
0
0
0
0
0
0

0
1.47424e-37
-5.16642e-34
1.35146e-30
-2.61037e-27
3.31777e-24
5.20721e-27
7.4274e-30
8.88099e-33
7.83429e-36
4.82129e-39
1.80115e-42
4.96121e-46
0
0
0
0
0
0
0
0
0

0
1.48818e-40
-7.47531e-37
2.64833e-33
-6.79637e-30
1.12974e-26
1.14515e-29
1.2426e-32
1.11217e-35
6.89824e-39
2.70914e-42
4.99458e-46
0
0
0
0
0
0
0
0
0
0

0
1.12049e-43
-9.1197e-40
4.68621e-36
-1.6678e-32
3.53638e-29
2.16371e-32
1.73842e-35
1.08899e-38
4.27444e-42
7.9283e-46
0
0
0
0
0
0
0
0
0
0
0

0
5.79595e-47
-1.01743e-42
8.50746e-39
-4.45284e-35
1.2266e-31
7.90002e-35
4.62705e-38
1.73708e-41
3.1274e-45
0
0
0
0
0
0
0
0
0
0
0
0

0
0
-3.4913e-46
5.98209e-42
-5.00483e-38
4.79234e-34
4.16289e-37
1.45421e-40
2.5861e-44
0
0
0
0
0
0
0
0
0
0
0
0
0

0
0
0
2.80786e-45
-5.12551e-41
7.24234e-37
3.30166e-40
6.01542e-44
0
0
0
0
0
0
0
0
0
0
0
0
0
0

0
0
0
0
-1.77e-44
4.65097e-40
9.39989e-44
0
0
0
0
0
0
0
0
0
0
0
0
0
0
0

0
0
0
0
0
9.17825e-44
0
0
0
0
0
0
0
0
0
0
0
0
0
0
0
0

0
0
0
0
0
0
0
0
0
0
0
0
0
0
0
0
0
0
0
0
0
0

0
0
0
0
0
0
0
0
0
0
0
0
0
0
0
0
0
0
0
0
0
0

0
0
0
0
0
0
0
0
0
0
0
0
0
0
0
0
0
0
0
0
0
0


0
0
0
0
0
0
0
0
0
0
0
0
0
0
0
0
0
0
0
0
0
0

0
1.08637e-21
-7.02477e-19
3.57896e-16
-1.3444e-13
2.82548e-11
3.6472e-13
2.98473e-15
1.77572e-17
8.43205e-20
2.97814e-22
8.4511e-25
1.20161e-27
4.44604e-30
7.92339e-33
1.09059e-35
2.26001e-38
1.31641e-41
3.55619e-45
0
0
0

0
8.41287e-24
-7.00209e-21
4.89529e-18
-2.50819e-15
6.67857e-13
6.47731e-15
4.26746e-17
1.931e-19
7.12764e-22
1.90719e-24
4.05003e-27
1.02305e-29
2.48588e-32
3.00036e-35
2.63559e-38
2.4521e-41
7.1084e-45
0
0
0
0

0
5.0518e-26
-5.51275e-23
4.75806e-20
-3.18689e-17
1.26768e-14
8.73789e-17
3.85134e-19
1.35385e-21
3.81705e-24
8.00615e-27
1.29914e-29
1.9248e-32
3.39756e-35
2.72404e-38
1.42545e-41
-7.01508e-46
0
0
0
0
0

0
2.10547e-28
-3.0386e-25
3.49641e-22
-3.13563e-19
1.86219e-16
8.17416e-19
2.6234e-21
6.83506e-24
1.45347e-26
2.34466e-29
2.83225e-32
2.32512e-35
2.25423e-38
1.0383e-41
2.9761e-45
0
0
0
0
0
0

0
3.98765e-31
-7.54656e-28
1.13004e-24
-1.30044e-21
1.01593e-18
3.16062e-21
7.74281e-24
1.57969e-26
2.57522e-29
3.17356e-32
2.78746e-35
6.01301e-39
8.88388e-42
1.79948e-45
0
0
0
0
0
0
0

0
4.14876e-34
-1.01093e-30
1.9109e-27
-2.78134e-24
2.87498e-21
6.32233e-24
1.21128e-26
1.96709e-29
2.49008e-32
2.34398e-35
1.50437e-38
5.4639e-42
1.26713e-45
0
0
0
0
0
0
0
0

0
1.85158e-37
-5.72367e-34
1.33142e-30
-2.43493e-27
3.53636e-24
4.98013e-27
7.46303e-30
9.74085e-33
9.88089e-36
7.1706e-39
3.23869e-42
1.03803e-45
0
0
0
0
0
0
0
0
0

0
-1.569e-41
9.84548e-38
-3.72105e-34
7.80334e-31
-3.17514e-28
-1.84511e-30
-2.71899e-33
-2.64663e-36
-1.46137e-39
-4.18713e-43
-2.45704e-47
0
0
0
0
0
0
0
0
0
0

0
-2.77752e-45
8.11716e-42
2.73981e-38
-2.3878e-34
3.49394e-31
6.90733e-34
3.55959e-37
-6.33221e-41
-1.48193e-43
-5.05646e-47
0
0
0
0
0
0
0
0
0
0
0

0
1.53682e-48
-1.93492e-44
9.60981e-41
-1.6507e-37
-2.82376e-34
6.80381e-37
1.2462e-39
7.6886e-43
1.8636e-46
0
0
0
0
0
0
0
0
0
0
0
0

0
0
3.4128e-48
-4.45667e-44
2.19114e-40
-4.02964e-37
-9.47809e-40
-6.35561e-43
-1.52173e-46
0
0
0
0
0
0
0
0
0
0
0
0
0

0
0
0
2.87136e-48
-2.96321e-44
4.20424e-41
1.04284e-43
3.58375e-47
0
0
0
0
0
0
0
0
0
0
0
0
0
0

0
0
0
0
7.63206e-49
3.19498e-45
-1.51882e-48
0
0
0
0
0
0
0
0
0
0
0
0
0
0
0

0
0
0
0
0
1.31793e-49
0
0
0
0
0
0
0
0
0
0
0
0
0
0
0
0

0
0
0
0
0
0
0
0
0
0
0
0
0
0
0
0
0
0
0
0
0
0

0
0
0
0
0
0
0
0
0
0
0
0
0
0
0
0
0
0
0
0
0
0


0
0
0
0
0
0
0
0
0
0
0
0
0
0
0
0
0
0
0
0
0
0

0
1.74991e-18
-8.87836e-16
3.50508e-13
-1.01238e-10
1.77258e-08
2.98904e-10
3.21833e-12
2.5101e-14
1.52507e-16
7.01607e-19
2.56618e-21
6.51402e-24
2.26426e-26
5.013e-29
8.92047e-32
1.59587e-34
1.55328e-37
9.06734e-41
2.26376e-44
0
0

0
2.17e-20
-1.43927e-17
7.66258e-15
-3.08397e-12
8.01638e-10
9.1227e-12
6.9841e-14
4.02343e-16
1.8548e-18
6.52055e-21
1.82787e-23
4.63195e-26
1.2161e-28
1.98949e-31
2.5477e-34
2.71917e-37
1.73874e-40
5.08665e-44
0
0
0

0
1.36036e-22
-1.15911e-19
7.92411e-17
-4.18066e-14
1.42615e-11
1.18842e-13
6.7459e-16
3.00692e-18
1.07819e-20
2.96313e-23
6.39979e-26
1.14491e-28
2.3e-31
2.6859e-34
2.3723e-37
8.75588e-41
3.23753e-44
0
0
0
0

0
5.01321e-25
-5.48913e-22
4.8255e-19
-3.31352e-16
1.54457e-13
9.09309e-16
3.85308e-18
1.32215e-20
3.68664e-23
7.9418e-26
1.31295e-28
1.51004e-31
2.13023e-34
1.62017e-37
9.31367e-41
1.78182e-44
0
0
0
0
0

0
9.32602e-28
-1.30326e-24
1.4608e-21
-1.28583e-18
7.9262e-16
3.38225e-18
1.10313e-20
2.98148e-23
6.51944e-26
1.10307e-28
1.38931e-31
9.20326e-35
9.49002e-38
4.05576e-41
1.1448e-44
0
0
0
0
0
0

0
7.80094e-31
-1.34747e-27
1.84423e-24
-2.00446e-21
1.6198e-18
4.98821e-21
1.29319e-23
2.86742e-26
5.11569e-29
7.01e-32
6.9215e-35
4.31633e-38
2.11384e-41
3.62106e-45
0
0
0
0
0
0
0

0
4.27851e-35
-3.48981e-33
-1.32432e-28
2.41851e-25
3.80655e-23
-8.44878e-25
-1.89647e-27
-1.95646e-30
3.02977e-34
4.02303e-36
5.46314e-39
5.35628e-42
9.13229e-46
0
0
0
0
0
0
0
0

0
-4.70751e-38
1.18992e-34
-1.9714e-31
2.01654e-28
-1.33495e-25
-4.35083e-28
-1.33928e-30
-2.66122e-33
-3.41586e-36
-2.69227e-39
-1.17275e-42
-8.32673e-48
0
0
0
0
0
0
0
0
0

0
1.52194e-41
-6.60621e-38
1.86289e-34
-3.35024e-31
3.22737e-28
9.46552e-31
1.63518e-33
1.83243e-36
1.30916e-39
5.35084e-43
9.42956e-47
0
0
0
0
0
0
0
0
0
0

0
-3.98908e-45
3.08471e-41
-1.41885e-37
4.09868e-34
-7.32008e-31
-1.4311e-33
-1.55114e-36
-1.04552e-39
-4.13171e-43
-7.24171e-47
0
0
0
0
0
0
0
0
0
0
0

0
3.50811e-49
-6.12645e-45
4.82943e-41
-2.08805e-37
4.79765e-34
7.68908e-37
5.76076e-40
2.29012e-43
3.98556e-47
0
0
0
0
0
0
0
0
0
0
0
0

0
0
3.0912e-49
-5.45246e-45
3.62423e-41
-8.41249e-38
-1.25978e-40
-6.34708e-44
-1.15305e-47
0
0
0
0
0
0
0
0
0
0
0
0
0

0
0
0
1.6407e-49
-2.06692e-45
3.19825e-42
6.08325e-45
1.69139e-48
0
0
0
0
0
0
0
0
0
0
0
0
0
0

0
0
0
0
3.59924e-50
-1.86606e-47
-8.12785e-50
0
0
0
0
0
0
0
0
0
0
0
0
0
0
0

0
0
0
0
0
9.89593e-54
0
0
0
0
0
0
0
0
0
0
0
0
0
0
0
0

0
0
0
0
0
0
0
0
0
0
0
0
0
0
0
0
0
0
0
0
0
0


0
0
0
0
0
0
0
0
0
0
0
0
0
0
0
0
0
0
0
0
0
0

0
1.49801e-15
-5.93909e-13
1.79071e-10
-3.91097e-08
5.90887e-06
1.33555e-07
1.90708e-09
1.95807e-11
1.53099e-13
9.15151e-16
4.32366e-18
1.57743e-20
5.89705e-23
1.59944e-25
3.54329e-28
6.74756e-31
9.15181e-34
8.3259e-37
4.35722e-40
1.01185e-43
0

0
2.82689e-17
-1.47145e-14
6.02735e-12
-1.866e-09
4.09252e-07
6.17828e-09
6.08786e-11
4.52926e-13
2.65661e-15
1.20793e-17
4.38393e-20
1.30567e-22
3.91745e-25
8.26888e-28
1.40347e-30
1.89852e-33
1.88148e-36
1.12751e-39
2.84894e-43
0
0

0
2.34396e-19
-1.5689e-16
8.3888e-14
-3.46624e-11
9.84433e-09
1.04496e-10
7.6089e-13
4.33098e-15
1.97466e-17
7.01953e-20
1.9815e-22
4.43114e-25
1.04252e-27
1.6462e-30
2.04552e-33
1.62757e-36
1.1133e-39
3.59765e-43
0
0
0

0
9.50229e-22
-8.05461e-19
5.48889e-16
-2.93261e-13
1.0987e-10
8.40029e-13
4.62616e-15
2.05199e-17
7.38014e-20
2.0835e-22
4.60742e-25
7.54759e-28
1.32102e-30
1.45887e-33
1.22955e-36
5.39985e-40
2.04191e-43
0
0
0
0

0
1.79166e-24
-1.89457e-21
1.61979e-18
-1.10345e-15
5.45103e-13
3.06195e-15
1.30797e-17
4.61897e-20
1.32953e-22
3.01528e-25
5.2547e-28
6.08634e-31
7.55349e-34
5.26712e-37
2.47522e-40
4.63845e-44
0
0
0
0
0

0
1.30733e-27
-1.65027e-24
1.67063e-21
-1.37601e-18
8.71191e-16
3.60181e-18
1.24447e-20
3.72307e-23
9.13519e-26
1.75543e-28
2.51277e-31
2.42405e-34
1.79732e-37
6.34695e-41
6.47601e-45
0
0
0
0
0
0

0
-1.19347e-31
3.06592e-28
-4.81119e-25
4.48467e-22
-1.4427e-19
-1.41856e-21
-4.85134e-24
-1.03824e-26
-1.40173e-29
-9.07834e-33
2.72156e-36
1.16698e-38
1.29846e-42
-8.17128e-46
0
0
0
0
0
0
0

0
-3.28948e-35
2.43504e-32
3.10811e-29
-8.86667e-26
4.70879e-23
3.61863e-25
6.4334e-28
7.01374e-32
-1.92893e-33
-3.89165e-36
-3.64598e-39
-1.39099e-42
-4.05687e-46
0
0
0
0
0
0
0
0

0
1.75091e-38
-4.05406e-35
5.6386e-32
-3.81787e-29
5.50703e-27
7.83242e-29
4.52668e-31
1.10869e-33
1.53141e-36
1.22102e-39
5.2637e-43
9.20794e-47
0
0
0
0
0
0
0
0
0

0
-5.01494e-42
2.0347e-38
-5.1084e-35
7.66174e-32
-5.75364e-29
-2.4503e-31
-5.21557e-34
-6.55686e-37
-4.96249e-40
-2.08243e-43
-3.73201e-47
0
0
0
0
0
0
0
0
0
0

0
7.11177e-46
-5.20329e-42
2.16022e-38
-5.10634e-35
5.91693e-32
1.73886e-34
2.37216e-37
1.79654e-40
7.46303e-44
1.31773e-47
0
0
0
0
0
0
0
0
0
0
0

0
-3.1576e-50
5.36277e-46
-3.92455e-42
1.40867e-38
-2.00626e-35
-4.72024e-38
-4.32834e-41
-1.87008e-44
-3.31462e-48
0
0
0
0
0
0
0
0
0
0
0
0

0
0
-1.64386e-50
2.72185e-46
-1.56434e-42
2.36605e-39
4.87215e-42
2.8684e-45
5.4544e-49
0
0
0
0
0
0
0
0
0
0
0
0
0

0
0
0
-5.6255e-51
6.83166e-47
-9.88046e-44
-1.87638e-46
-5.56122e-50
0
0
0
0
0
0
0
0
0
0
0
0
0
0

0
0
0
0
-9.90185e-52
1.54853e-48
2.29918e-51
0
0
0
0
0
0
0
0
0
0
0
0
0
0
0

0
0
0
0
0
0
0
0
0
0
0
0
0
0
0
0
0
0
0
0
0
0


0
0
0
0
0
1
0
0
0
0
0
0
0
0
0
0
0
0
0
0
0
0

0
4.37779e-13
-1.28724e-10
2.73245e-08
-3.88231e-06
0.000706574
1.84269e-05
3.99154e-07
5.82231e-09
6.15332e-11
4.90774e-13
3.04861e-15
1.50555e-17
6.44177e-20
2.12697e-22
5.75862e-25
1.27139e-27
2.18672e-30
2.68795e-33
2.17862e-36
1.06652e-39
0

0
1.9595e-14
-7.98293e-12
2.49854e-09
-5.82875e-07
0.000110371
2.20523e-06
2.85152e-08
2.76813e-10
2.08945e-12
1.24179e-14
5.89636e-17
2.2762e-19
7.58752e-22
1.94786e-24
4.06706e-27
6.73295e-30
8.64736e-33
7.53985e-36
3.83345e-39
8.8064e-43
0

0
2.46029e-16
-1.31265e-13
5.54512e-11
-1.82507e-08
4.68533e-06
5.92922e-08
5.39319e-10
3.88711e-12
2.24808e-14
1.04305e-16
3.89487e-19
1.18117e-21
3.06989e-24
6.03432e-27
9.45385e-30
1.10682e-32
1.03445e-35
6.01672e-39
1.47993e-42
0
0

0
1.19292e-18
-8.04982e-16
4.36661e-13
-1.8871e-10
6.37175e-08
5.64812e-10
3.85889e-12
2.16151e-14
9.89893e-17
3.67222e-19
1.09255e-21
2.57265e-24
5.14133e-27
7.47061e-30
8.31472e-33
6.39425e-36
4.17664e-39
1.3313e-42
0
0
0

0
2.34892e-21
-1.94375e-18
1.30854e-15
-7.17318e-13
3.11604e-10
2.07152e-12
1.10738e-14
4.97865e-17
1.85061e-19
5.59585e-22
1.34243e-24
2.42734e-27
3.60817e-30
3.61192e-33
2.50688e-36
1.07789e-39
4.57712e-43
0
0
0
0

0
1.62147e-24
-1.56281e-21
1.22182e-18
-7.99403e-16
4.2965e-13
2.16322e-15
9.50183e-18
3.709e-20
1.21138e-22
3.18935e-25
6.45618e-28
9.46017e-31
9.42085e-34
5.29271e-37
1.27434e-40
7.55438e-45
0
0
0
0
0

0
-1.65979e-28
3.18017e-25
-3.77792e-22
2.67921e-19
-7.23708e-17
-8.9332e-19
-4.00288e-21
-1.11599e-23
-1.96765e-26
-1.62779e-29
1.0882e-32
4.63538e-35
6.68205e-39
-1.83603e-41
-8.53247e-45
0
0
0
0
0
0

0
-3.4179e-32
1.05738e-29
3.69877e-26
-5.82278e-23
2.28392e-20
2.42203e-22
6.46853e-25
4.45379e-28
-1.95751e-30
-6.51924e-33
-9.43698e-36
-7.44615e-39
-4.97756e-42
-1.01746e-45
0
0
0
0
0
0
0

0
1.79775e-35
-2.88038e-32
2.67961e-29
-9.29028e-27
-1.54182e-24
7.28722e-27
1.99557e-28
7.96673e-31
1.62557e-33
1.9454e-36
1.37277e-39
5.42681e-43
2.1624e-46
0
0
0
0
0
0
0
0

0
-4.54116e-39
1.24628e-35
-2.18551e-32
2.24469e-29
-1.05529e-26
-6.91989e-29
-2.19874e-31
-4.02057e-34
-4.50783e-37
-3.0267e-40
-1.12271e-43
-1.81631e-47
0
0
0
0
0
0
0
0
0

0
6.61549e-43
-3.02954e-39
8.51151e-36
-1.39188e-32
1.06112e-29
4.59486e-32
9.09718e-35
1.02147e-37
6.75811e-41
2.44344e-44
3.70069e-48
0
0
0
0
0
0
0
0
0
0

0
-4.52005e-47
3.73808e-43
-1.70367e-39
4.14438e-36
-4.13306e-33
-1.36189e-35
-1.83121e-38
-1.26222e-41
-4.57425e-45
-6.75357e-49
0
0
0
0
0
0
0
0
0
0
0

0
1.01244e-51
-1.99931e-47
1.60099e-43
-5.9056e-40
6.98792e-37
1.86226e-39
1.6787e-42
6.52697e-46
9.76905e-50
0
0
0
0
0
0
0
0
0
0
0
0

0
0
3.45417e-52
-6.34879e-48
3.90448e-44
-5.30928e-41
-1.14867e-43
-6.38042e-47
-1.05481e-50
0
0
0
0
0
0
0
0
0
0
0
0
0

0
0
0
8.21946e-53
-1.13787e-48
1.89418e-45
3.06236e-48
7.7868e-52
0
0
0
0
0
0
0
0
0
0
0
0
0
0

0
0
0
0
0
0
0
0
0
0
0
0
0
0
0
0
0
0
0
0
0
0


0
0
0
0
0
0
0
0
0
0
0
0
0
0
0
0
0
0
0
0
0
0

0
1.22914e-15
-4.76481e-13
1.39212e-10
-2.95248e-08
4.51103e-06
1.06875e-07
1.5518e-09
1.63173e-11
1.30431e-13
8.16332e-16
4.16514e-18
1.80059e-20
5.95e-23
1.54241e-25
3.22581e-28
5.28896e-31
6.54326e-34
5.44767e-37
2.70261e-40
6.17798e-44
0

0
1.86042e-17
-9.39674e-15
3.70025e-12
-1.12347e-09
2.657e-07
3.75679e-09
3.75764e-11
2.92556e-13
1.801e-15
8.91832e-18
3.71231e-20
1.33111e-22
3.44335e-25
6.92173e-28
1.09808e-30
1.31384e-33
1.13285e-36
5.91956e-40
1.3801e-43
0
0

0
1.04252e-19
-6.5061e-17
3.19204e-14
-1.23128e-11
3.75348e-09
3.79188e-11
2.94825e-13
1.84651e-15
9.27547e-18
3.78513e-20
1.32477e-22
3.9737e-25
7.97351e-28
1.21284e-30
1.39776e-33
1.15228e-36
6.36227e-40
1.63566e-43
0
0
0

0
2.39717e-22
-1.80125e-19
1.06266e-16
-4.98784e-14
2.00138e-11
1.48416e-13
9.25876e-16
4.8021e-18
2.0153e-20
6.91617e-23
2.08511e-25
5.3376e-28
8.07656e-31
8.83909e-34
6.80108e-37
3.40807e-40
9.62801e-44
0
0
0
0

0
2.08634e-25
-1.78676e-22
1.17851e-19
-6.21273e-17
3.266e-14
1.81805e-16
1.00419e-18
4.72609e-21
1.76895e-23
5.34859e-26
1.44924e-28
3.25226e-31
3.53484e-34
2.54203e-37
1.10094e-40
2.47379e-44
0
0
0
0
0

0
2.78852e-29
-9.94644e-27
-1.27138e-23
2.17919e-20
-9.52545e-18
-6.72217e-20
-1.55117e-22
1.52254e-25
2.47779e-27
1.05371e-29
3.37801e-32
7.31074e-35
5.04757e-38
1.79258e-41
2.01024e-45
0
0
0
0
0
0

0
-1.07566e-32
1.19883e-29
-6.41294e-27
-1.68907e-24
2.18375e-21
5.6355e-24
-5.95896e-26
-3.69553e-28
-1.02393e-30
-1.59063e-33
-8.65345e-37
1.4202e-39
-1.86285e-43
-3.74206e-46
0
0
0
0
0
0
0

0
2.19325e-36
-4.15353e-33
4.75759e-30
-2.58897e-27
2.67667e-25
8.20981e-27
4.77306e-29
1.28121e-31
1.92021e-34
1.44302e-37
-2.9509e-41
-1.29702e-43
-4.20699e-47
0
0
0
0
0
0
0
0

0
-3.37221e-40
1.02747e-36
-1.90846e-33
2.02651e-30
-8.88028e-28
-6.24009e-30
-1.8245e-32
-2.86352e-35
-2.47647e-38
-8.57776e-42
4.25525e-45
3.46149e-48
0
0
0
0
0
0
0
0
0

0
1.51298e-44
-7.97346e-41
2.11447e-37
-2.47555e-34
-1.34033e-31
-1.09945e-34
3.62035e-37
-3.6558e-42
-7.53388e-43
-7.94256e-46
-3.25501e-49
0
0
0
0
0
0
0
0
0
0

0
4.132e-48
-3.49823e-44
1.77569e-40
-5.68478e-37
1.00835e-33
2.46226e-36
2.58458e-39
1.72023e-42
6.66782e-46
1.15898e-49
0
0
0
0
0
0
0
0
0
0
0

0
-2.96574e-52
6.03475e-48
-5.29754e-44
2.46636e-40
-5.03682e-37
-9.38359e-40
-6.75965e-43
-2.49369e-46
-3.83963e-50
0
0
0
0
0
0
0
0
0
0
0
0

0
0
-2.12335e-52
4.31689e-48
-3.29908e-44
8.47585e-41
1.17266e-43
5.17873e-47
8.0962e-51
0
0
0
0
0
0
0
0
0
0
0
0
0

0
0
0
-9.5349e-53
1.59918e-48
-5.58619e-45
-5.32269e-48
-1.07952e-51
0
0
0
0
0
0
0
0
0
0
0
0
0
0

0
0
0
0
-2.37505e-53
1.49674e-49
7.36408e-53
0
0
0
0
0
0
0
0
0
0
0
0
0
0
0

0
0
0
0
0
0
0
0
0
0
0
0
0
0
0
0
0
0
0
0
0
0


0
0
0
0
0
0
0
0
0
0
0
0
0
0
0
0
0
0
0
0
0
0

0
1.09e-18
-5.27795e-16
1.95791e-13
-5.4301e-11
1.08257e-08
1.768e-10
1.94378e-12
1.60334e-14
1.02543e-16
5.21932e-19
2.23195e-21
8.2298e-24
2.13654e-26
4.34042e-29
6.94163e-32
8.36236e-35
7.04639e-38
3.55965e-41
8.15527e-45
0
0

0
9.05442e-21
-5.54624e-18
2.65671e-15
-9.87068e-13
2.79571e-10
3.10972e-12
2.53929e-14
1.6267e-16
8.26892e-19
3.3923e-21
1.1936e-23
3.65812e-26
7.41715e-29
1.15223e-31
1.35924e-34
1.14006e-37
6.00536e-41
1.44039e-44
0
0
0

0
2.93613e-23
-2.19514e-20
1.28414e-17
-5.86911e-15
2.0538e-12
1.77278e-14
1.16521e-16
6.12119e-19
2.56911e-21
8.72616e-24
2.58464e-26
6.6731e-29
1.03429e-31
1.17898e-34
9.5566e-38
4.96182e-41
1.25368e-44
0
0
0
0

0
3.77489e-26
-3.33251e-23
2.31395e-20
-1.29388e-17
5.86218e-15
3.83095e-17
2.03476e-19
8.98348e-22
3.20685e-24
9.26516e-27
2.38487e-29
5.36309e-32
6.10891e-35
4.75847e-38
2.31961e-41
5.57514e-45
0
0
0
0
0

0
1.90847e-29
-2.04037e-26
1.72056e-23
-1.19282e-20
6.85924e-18
3.41151e-20
1.45311e-22
5.37668e-25
1.63338e-27
4.02469e-30
9.21947e-33
1.87209e-35
1.42937e-38
6.43418e-42
1.30379e-45
0
0
0
0
0
0

0
2.27794e-33
-2.6646e-30
2.64898e-27
-2.60275e-24
2.04566e-21
6.36779e-24
1.69715e-26
5.43966e-29
1.71669e-31
4.42176e-34
1.11113e-36
2.26167e-39
9.74279e-43
1.60478e-46
0
0
0
0
0
0
0

0
-2.4914e-37
4.42461e-34
-5.72434e-31
5.08598e-28
-2.22123e-25
-1.64821e-27
-5.85697e-30
-1.51669e-32
-2.86111e-35
-3.78899e-38
-2.90495e-41
9.447e-45
-5.12232e-48
0
0
0
0
0
0
0
0

0
1.66669e-42
-1.33803e-39
3.51352e-36
-1.72872e-33
-2.9618e-30
9.72731e-32
4.01158e-34
8.97877e-37
1.27163e-39
1.038e-42
-7.19679e-47
-8.09905e-49
0
0
0
0
0
0
0
0
0

0
1.09708e-45
-5.42144e-42
1.4549e-38
-2.28534e-35
1.60252e-32
3.89892e-35
5.76689e-38
4.14391e-41
1.01369e-44
9.71775e-48
1.91161e-50
0
0
0
0
0
0
0
0
0
0

0
-8.25701e-50
6.46485e-46
-2.89899e-42
7.1626e-39
-8.91446e-36
-2.24042e-38
-2.76144e-41
-1.95322e-44
-8.86503e-48
-2.51744e-51
0
0
0
0
0
0
0
0
0
0
0

0
1.61926e-53
-3.27746e-49
2.96334e-45
-1.4731e-41
3.80084e-38
6.20113e-41
4.03825e-44
1.46476e-47
2.37566e-51
0
0
0
0
0
0
0
0
0
0
0
0

0
0
3.0813e-53
-6.60215e-49
5.73191e-45
-1.99621e-41
-2.24563e-44
-8.60876e-48
-1.30793e-51
0
0
0
0
0
0
0
0
0
0
0
0
0

0
0
0
2.92049e-53
-5.71699e-49
2.92091e-45
2.12123e-48
3.6889e-52
0
0
0
0
0
0
0
0
0
0
0
0
0
0

0
0
0
0
1.4403e-53
-1.41381e-49
-5.07312e-53
0
0
0
0
0
0
0
0
0
0
0
0
0
0
0

0
0
0
0
0
2.00113e-54
0
0
0
0
0
0
0
0
0
0
0
0
0
0
0
0

0
0
0
0
0
0
0
0
0
0
0
0
0
0
0
0
0
0
0
0
0
0


0
0
0
0
0
0
0
0
0
0
0
0
0
0
0
0
0
0
0
0
0
0

0
4.43155e-22
-2.65131e-19
1.22561e-16
-4.30428e-14
1.08977e-11
1.32647e-13
1.14241e-15
7.55556e-18
3.92429e-20
1.63675e-22
5.87836e-25
1.82321e-27
3.69414e-30
5.74915e-33
6.78154e-36
5.65023e-39
2.86788e-42
6.54066e-46
0
0
0

0
2.26745e-24
-1.68096e-21
9.73371e-19
-4.37532e-16
1.47162e-13
1.33186e-15
8.95935e-18
4.75192e-20
2.00291e-22
6.81602e-25
2.02608e-27
5.21356e-30
8.14712e-33
9.43302e-36
7.79242e-39
4.07016e-42
9.72394e-46
0
0
0
0

0
4.27428e-27
-3.83602e-24
2.67752e-21
-1.45554e-18
5.94967e-16
4.34616e-18
2.41194e-20
1.06784e-22
3.75856e-25
1.06442e-27
2.67413e-30
5.79581e-33
6.71743e-36
5.40431e-39
2.76132e-42
6.79597e-46
0
0
0
0
0

0
2.94487e-30
-3.11245e-27
2.52051e-24
-1.58799e-21
7.81127e-19
4.58485e-21
2.19315e-23
8.52218e-26
2.61443e-28
6.37789e-31
1.41076e-33
2.66891e-36
2.14643e-39
1.05208e-42
2.43552e-46
0
0
0
0
0
0

0
5.0274e-34
-5.88439e-31
5.36873e-28
-4.23384e-25
3.04523e-22
1.11767e-24
4.08004e-27
1.48814e-29
4.53475e-32
1.09377e-34
2.52912e-37
4.66526e-40
2.26091e-43
4.8259e-47
0
0
0
0
0
0
0

0
-5.47843e-38
1.13728e-34
-1.57078e-31
1.34973e-28
-5.23362e-26
-4.16587e-28
-1.49017e-30
-3.26962e-33
-4.35351e-36
-2.08116e-39
8.93197e-42
2.40041e-44
4.68658e-48
0
0
0
0
0
0
0
0

0
4.39679e-43
-4.0941e-39
1.13512e-35
-1.43289e-32
5.40669e-30
5.15311e-32
1.34426e-34
1.49797e-37
1.72057e-41
-1.73825e-43
-2.35689e-46
-1.6908e-50
0
0
0
0
0
0
0
0
0

0
1.48987e-46
-3.91049e-43
5.0712e-40
-2.196e-37
1.92715e-34
-7.19031e-37
1.47315e-39
8.76832e-42
1.35698e-44
1.04257e-47
2.28069e-51
0
0
0
0
0
0
0
0
0
0

0
-8.84228e-51
4.66409e-47
-1.48801e-43
2.50716e-40
-1.7655e-37
-5.95842e-40
-1.16147e-42
-1.21656e-45
-7.38522e-49
-2.15125e-52
0
0
0
0
0
0
0
0
0
0
0

0
1.68048e-55
-1.21414e-51
3.37248e-48
5.5781e-45
-6.18676e-41
-7.82951e-44
-2.38722e-47
7.01927e-51
6.49851e-54
0
0
0
0
0
0
0
0
0
0
0
0

0
0
-7.01095e-55
1.60546e-50
-1.47036e-46
6.08359e-43
6.42217e-46
2.30989e-49
3.43707e-53
0
0
0
0
0
0
0
0
0
0
0
0
0

0
0
0
-2.33277e-54
4.95962e-50
-3.10442e-46
-1.98845e-49
-3.09095e-53
0
0
0
0
0
0
0
0
0
0
0
0
0
0

0
0
0
0
-2.73338e-54
3.45426e-50
1.04186e-53
0
0
0
0
0
0
0
0
0
0
0
0
0
0
0

0
0
0
0
0
-8.93285e-55
0
0
0
0
0
0
0
0
0
0
0
0
0
0
0
0

0
0
0
0
0
0
0
0
0
0
0
0
0
0
0
0
0
0
0
0
0
0

0
0
0
0
0
0
0
0
0
0
0
0
0
0
0
0
0
0
0
0
0
0


0
0
0
0
0
0
0
0
0
0
0
0
0
0
0
0
0
0
0
0
0
0

0
9.65591e-26
-7.09984e-23
4.04248e-20
-1.75918e-17
5.4647e-15
5.23506e-17
3.62132e-19
1.94907e-21
8.29183e-24
2.84053e-26
8.49496e-29
2.17384e-31
3.36665e-34
3.86152e-37
3.15642e-40
1.61923e-43
3.7094e-47
0
0
0
0

0
3.2177e-28
-2.90182e-25
2.03283e-22
-1.09866e-19
4.31173e-17
3.25054e-19
1.81571e-21
7.99859e-24
2.79462e-26
7.85289e-29
1.94158e-31
4.07795e-34
4.74189e-37
3.83957e-40
1.97689e-43
4.82317e-47
0
0
0
0
0

0
3.48611e-31
-3.79417e-28
3.167e-25
-2.02622e-22
9.35528e-20
5.90744e-22
2.79125e-24
1.04549e-26
3.08614e-29
7.25356e-32
1.52006e-34
2.6653e-37
2.18203e-40
1.10478e-43
2.67298e-47
0
0
0
0
0
0

0
1.11129e-34
-1.37207e-31
1.25655e-28
-8.70482e-26
4.26327e-23
2.41251e-25
1.05256e-27
3.7072e-30
1.00935e-32
2.13251e-35
4.12014e-38
6.34692e-41
3.22004e-44
7.4562e-48
0
0
0
0
0
0
0

0
-1.76102e-39
7.79463e-36
-1.2764e-32
9.65674e-30
-1.28851e-27
-3.37884e-29
-1.36991e-31
-2.46113e-34
-7.18592e-38
6.90256e-40
2.67179e-42
4.6135e-45
1.05157e-48
0
0
0
0
0
0
0
0

0
-6.05507e-43
6.19967e-40
1.48502e-37
-8.14921e-34
2.45821e-31
3.06229e-33
3.30953e-36
-1.7701e-38
-5.85867e-41
-7.55367e-44
-9.51804e-48
6.60499e-50
0
0
0
0
0
0
0
0
0

0
4.52304e-47
-1.13908e-43
1.43543e-40
-5.97618e-38
1.06732e-35
1.51837e-37
1.3468e-39
3.45551e-42
3.99967e-45
2.11653e-48
1.2306e-52
0
0
0
0
0
0
0
0
0
0

0
-1.38158e-51
6.70781e-48
-1.73691e-44
2.14751e-41
-1.01598e-38
-6.45357e-41
-1.6973e-43
-1.99104e-46
-1.09916e-49
-2.21812e-53
0
0
0
0
0
0
0
0
0
0
0

0
2.03975e-56
-1.8786e-52
8.53893e-49
-1.84682e-45
1.24717e-42
5.28433e-45
7.91549e-48
4.94491e-51
1.23922e-54
0
0
0
0
0
0
0
0
0
0
0
0

0
0
2.82294e-57
-2.65418e-53
1.38606e-49
-3.92847e-46
-5.09715e-49
-2.87163e-52
-6.93481e-56
0
0
0
0
0
0
0
0
0
0
0
0
0

0
0
0
2.77828e-56
-6.00765e-52
4.41989e-48
2.71662e-51
4.1546e-55
0
0
0
0
0
0
0
0
0
0
0
0
0
0

0
0
0
0
1.30499e-55
-1.94061e-51
-5.36849e-55
0
0
0
0
0
0
0
0
0
0
0
0
0
0
0

0
0
0
0
0
1.21172e-55
0
0
0
0
0
0
0
0
0
0
0
0
0
0
0
0

0
0
0
0
0
0
0
0
0
0
0
0
0
0
0
0
0
0
0
0
0
0

0
0
0
0
0
0
0
0
0
0
0
0
0
0
0
0
0
0
0
0
0
0

0
0
0
0
0
0
0
0
0
0
0
0
0
0
0
0
0
0
0
0
0
0


0
0
0
0
0
0
0
0
0
0
0
0
0
0
0
0
0
0
0
0
0
0

0
1.36188e-29
-1.23567e-26
8.64841e-24
-4.61508e-21
1.72977e-18
1.33869e-20
7.53099e-23
3.30756e-25
1.14717e-27
3.18677e-30
7.67638e-33
1.55463e-35
1.76769e-38
1.40351e-41
7.08576e-45
1.68672e-48
0
0
0
0
0

0
3.00322e-32
-3.3315e-29
2.84097e-26
-1.8491e-23
8.51033e-21
5.36067e-23
2.4821e-25
9.0108e-28
2.57461e-30
5.84998e-33
1.15303e-35
1.87257e-38
1.51517e-41
7.62172e-45
1.83522e-48
0
0
0
0
0
0

0
1.76445e-35
-2.35709e-32
2.37173e-29
-1.79957e-26
9.59152e-24
5.17706e-26
2.06186e-28
6.4403e-31
1.56374e-33
2.97083e-36
4.95517e-39
6.5879e-42
3.37448e-45
8.0281e-49
0
0
0
0
0
0
0

0
1.94789e-39
-2.77997e-36
2.80628e-33
-2.10049e-30
1.16494e-27
5.60093e-30
2.29049e-32
7.66198e-35
1.89768e-37
3.4772e-40
5.75882e-43
6.71433e-46
1.58238e-49
0
0
0
0
0
0
0
0

0
-1.21557e-43
2.84007e-40
-4.31202e-37
4.17787e-34
-2.19293e-31
-1.25046e-33
-3.98739e-36
-8.17134e-39
-1.01246e-41
-5.58455e-45
8.18041e-48
1.41702e-50
0
0
0
0
0
0
0
0
0

0
3.68838e-48
-1.31492e-44
2.80988e-41
-3.40366e-38
1.93553e-35
1.09176e-37
2.77764e-40
3.58459e-43
1.87643e-46
-5.71934e-50
-6.16754e-53
0
0
0
0
0
0
0
0
0
0

0
-2.55407e-53
2.25289e-49
-9.32034e-46
1.73608e-42
-1.13537e-39
-5.60173e-42
-8.96701e-45
-3.70889e-48
2.94475e-51
2.45356e-54
0
0
0
0
0
0
0
0
0
0
0

0
-2.28803e-58
3.227e-54
-1.34696e-51
-3.26612e-47
3.5369e-44
6.62797e-47
-9.23371e-50
-2.2793e-52
-1.0013e-55
0
0
0
0
0
0
0
0
0
0
0
0

0
0
-8.36777e-59
1.08117e-54
-2.66756e-51
2.31597e-48
1.18736e-50
1.47184e-53
5.10812e-57
0
0
0
0
0
0
0
0
0
0
0
0
0

0
0
0
-2.41232e-59
2.80111e-55
-1.16804e-51
-1.07052e-54
-3.29036e-58
0
0
0
0
0
0
0
0
0
0
0
0
0
0

0
0
0
0
-7.85664e-58
1.43003e-53
3.71756e-57
0
0
0
0
0
0
0
0
0
0
0
0
0
0
0

0
0
0
0
0
-4.03933e-57
0
0
0
0
0
0
0
0
0
0
0
0
0
0
0
0

0
0
0
0
0
0
0
0
0
0
0
0
0
0
0
0
0
0
0
0
0
0

0
0
0
0
0
0
0
0
0
0
0
0
0
0
0
0
0
0
0
0
0
0

0
0
0
0
0
0
0
0
0
0
0
0
0
0
0
0
0
0
0
0
0
0

0
0
0
0
0
0
0
0
0
0
0
0
0
0
0
0
0
0
0
0
0
0


0
0
0
0
0
0
0
0
0
0
0
0
0
0
0
0
0
0
0
0
0
0

0
0
0
0
0
0
0
0
0
0
0
0
0
0
0
0
0
0
0
0
0
0

0
0
0
0
0
0
0
0
0
0
0
0
0
0
0
0
0
0
0
0
0
0

0
0
0
0
0
0
0
0
0
0
0
0
0
0
0
0
0
0
0
0
0
0

0
0
0
0
0
0
0
0
0
0
0
0
0
0
0
0
0
0
0
0
0
0

0
0
0
0
0
0
0
0
0
0
0
0
0
0
0
0
0
0
0
0
0
0

0
0
0
0
0
0
0
0
0
0
0
0
0
0
0
0
0
0
0
0
0
0

0
0
0
0
0
0
0
0
0
0
0
0
0
0
0
0
0
0
0
0
0
0

0
0
0
0
0
0
0
0
0
0
0
0
0
0
0
0
0
0
0
0
0
0

0
0
0
0
0
0
0
0
0
0
0
0
0
0
0
0
0
0
0
0
0
0

0
0
0
0
0
0
0
0
0
0
0
0
0
0
0
0
0
0
0
0
0
0

0
0
0
0
0
0
0
0
0
0
0
0
0
0
0
0
0
0
0
0
0
0

0
0
0
0
0
0
0
0
0
0
0
0
0
0
0
0
0
0
0
0
0
0

0
0
0
0
0
0
0
0
0
0
0
0
0
0
0
0
0
0
0
0
0
0

0
0
0
0
0
0
0
0
0
0
0
0
0
0
0
0
0
0
0
0
0
0

0
0
0
0
0
0
0
0
0
0
0
0
0
0
0
0
0
0
0
0
0
0

0
0
0
0
0
0
0
0
0
0
0
0
0
0
0
0
0
0
0
0
0
0


