0
0
0
0
0
0
0
0
0
0
0
0
0
0
0
0
0
0
0
0
0
0

0
-1.18608
-1.5682
-1.2663
-1.27951
-1.41135
-1.53769
-1.31188
-1.14437
-1.62504
-1.12849
-1.1431
-1.05581
-1.06774
-1.4725
-1.57191
-4.28519
-1.67954
-1.77751
-1.55645
-1.32194
0

0
-1.19107
1.46411
-1.10373
-1.31831
-1.2374
-1.52589
-1.37036
-1.44871
-1.62504
-1.15041
-1.11116
-0.208458
-1.15801
-1.4378
-1.6292
-2.79325
-2.35151
-1.77043
-1.5189
-1.29241
0

0
-1.15812
-1.52298
-1.19944
-1.30589
-1.56539
-1.09384
-1.24787
-1.49896
-1.441
-1.17274
-1.11135
-1.78815
-1.29774
-1.4246
-1.79331
2.86528
-1.52963
-1.69989
-1.51228
-1.29304
0

0
-1.15372
-1.42566
-1.15782
-1.2845
-1.38503
-1.23634
-1.25931
-1.17815
-1.33606
-1.1737
-1.13091
-1.37568
-1.51018
-1.40836
-1.63288
-1.17336
-1.90479
-1.67954
-1.50297
-1.29307
0

0
-1.15125
-1.32117
-1.37811
-1.29861
-1.50449
-1.30056
-1.25982
-1.34606
-1.29768
-1.16942
-1.1539
-1.05581
-1.32256
-1.38539
-3.1014
-1.53442
-1.99692
-1.58607
-1.48522
-1.29286
0

0
-1.14985
-1.27528
-1.31596
-1.29019
-1.5845
-1.34387
-1.25822
-1.51131
-1.27251
-1.16819
-1.13703
-1.16451
-1.32494
-1.52997
-1.28122
-1.41887
-2.05668
-2.19247
-1.49246
-1.29436
0

0
-1.1493
-1.25414
-1.2834
-1.27951
-1.62683
-1.37801
-1.25414
-1.55926
-1.24069
-1.16408
-1.12952
-1.13522
-1.28493
-1.58002
-1.72863
-1.54614
-2.21407
-2.26343
-1.42802
-1.29375
0

0
-1.14925
-1.24359
-1.26615
-1.28248
-1.48903
-1.37036
-1.24975
-0.508495
-1.14668
-1.15515
-1.12129
-1.11818
-1.29357
-1.68029
-1.98078
-1.62669
-2.41842
-2.33481
-1.35409
-1.29522
0

0
-1.14948
-1.2374
-1.2549
-1.32636
-0.855603
-1.21079
-1.21453
-0.886268
-1.14726
-1.15041
-1.11241
-1.10512
-1.28362
-1.77365
-2.24027
-1.65543
-2.75912
-2.47113
-2.05739
-1.30884
0

0
-1.1499
-1.23287
-1.24606
-1.35997
0.125678
-0.870111
-1.16638
-0.983509
-1.14437
-1.14685
-1.10223
-1.09613
-0.906406
-1.90485
-2.26881
-1.46953
-0.793913
-2.19247
-1.90685
-1.30714
0

0
-1.15033
-1.2312
-1.24204
-1.28233
-1.13632
-1.1855
-1.18849
-1.00639
-1.14157
-1.14452
-1.09097
-1.09053
1.0577
-2.00938
-1.66432
-0.440391
-2.754
-2.65745
-1.81351
-1.30699
0

0
-1.15002
-1.24777
-1.23423
-1.26418
-1.20558
-1.20276
-1.18986
-1.0355
-1.14489
-1.13887
-1.0842
-1.04449
-1.51018
-1.9303
-0.172853
0.983571
-3.00647
-2.8564
-1.7454
-1.30716
0

0
-1.14821
-1.29861
-1.25141
-1.25892
-1.29456
-1.22435
-1.19133
-1.29199
-1.1653
-1.13543
-1.07639
-1.02492
-1.15644
-0.903935
2.33047
2.63741
-3.1014
-3.06647
-1.6768
-1.30781
0

0
-1.15151
-1.21365
-1.23252
-1.26502
-1.39585
-1.24461
-1.19719
-1.2099
-1.15778
-1.1266
-1.07032
-1.00126
-0.964468
1.31759
-0.793913
3.86234
-3.30639
-3.31298
-1.59505
-1.30784
0

0
-1.13512
-1.21184
-1.21394
-1.25141
-1.49146
-1.24306
-1.18421
-1.16372
-1.13929
-1.10726
-1.05388
-0.974966
-0.854642
-0.763237
-0.895188
5.21555
-4.04361
-3.4558
-1.45307
-1.29264
0

0
0
0
0
0
0
0
0
0
0
0
0
0
0
0
0
0
0
0
0
0
0


0
0
0
0
0
0
0
0
0
0
0
0
0
0
0
0
0
0
0
0
0
0

0
-1.18439
-1.50313
-1.27331
-1.29058
-1.4108
-1.53994
-1.32244
-1.16059
-1.63197
-1.14044
-1.15106
-1.04884
-1.07976
-1.47762
-1.57831
-4.02442
-1.71831
-1.79
-1.56785
-1.33137
0

0
-1.18608
1.51238
-1.09852
-1.32046
-1.25561
-1.5155
-1.37001
-1.44588
-1.60212
-1.15558
-1.11606
-0.234834
-1.15804
-1.43849
-1.63089
-2.60465
-2.31232
-1.77591
-1.52462
-1.29709
0

0
-1.15252
-1.47046
-1.20416
-1.30874
-1.55996
-1.1104
-1.25324
-1.49009
-1.4403
-1.17719
-1.11522
-1.74298
-1.30297
-1.42649
-1.79617
2.97523
-1.50228
-1.70875
-1.51833
-1.29774
0

0
-1.14846
-1.41818
-1.16792
-1.28859
-1.3937
-1.2433
-1.26383
-1.19068
-1.3385
-1.17802
-1.13494
-1.3668
-1.50044
-1.41265
-1.65696
-1.20027
-1.90318
-1.69262
-1.50942
-1.29775
0

0
-1.14626
-1.32099
-1.37539
-1.30234
-1.50582
-1.30567
-1.26399
-1.34976
-1.30079
-1.17386
-1.15722
-1.06089
-1.32287
-1.39012
-2.90168
-1.53865
-1.99506
-1.61327
-1.49293
-1.29756
0

0
-1.14503
-1.27762
-1.31783
-1.29392
-1.5823
-1.34791
-1.2621
-1.50597
-1.27571
-1.17235
-1.14065
-1.16718
-1.32538
-1.5304
-1.32538
-1.43066
-2.05487
-2.17162
-1.49893
-1.29895
0

0
-1.14456
-1.25737
-1.28669
-1.28363
-1.62019
-1.3802
-1.25782
-1.52336
-1.24258
-1.16801
-1.13319
-1.13805
-1.2862
-1.58017
-1.73222
-1.55283
-2.20491
-2.25643
-1.43862
-1.29839
0

0
-1.14455
-1.24716
-1.26982
-1.28736
-1.47901
-1.36881
-1.25314
-0.528934
-1.14923
-1.15899
-1.12493
-1.12107
-1.29197
-1.67489
-1.97574
-1.63292
-2.39574
-2.33095
-1.38617
-1.30006
0

0
-1.14482
-1.24115
-1.25868
-1.33046
-0.848542
-1.20608
-1.21749
-0.89698
-1.15067
-1.15422
-1.11599
-1.10793
-1.26456
-1.7665
-2.21941
-1.6547
-2.70366
-2.46312
-2.0315
-1.31288
0

0
-1.14524
-1.23683
-1.24998
-1.36084
0.110876
-0.877633
-1.17068
-0.99014
-1.14793
-1.15061
-1.10579
-1.09907
-0.816417
-1.88668
-2.22612
-1.43438
-0.899595
-2.22207
-1.90187
-1.31141
0

0
-1.14567
-1.23569
-1.24599
-1.2854
-1.15504
-1.19161
-1.19285
-1.01346
-1.14539
-1.14806
-1.09473
-1.09289
1.03051
-1.96258
-1.59119
-0.348455
-2.62262
-2.64593
-1.81414
-1.31134
0

0
-1.14533
-1.25268
-1.23908
-1.26814
-1.21365
-1.2076
-1.19413
-1.04958
-1.14923
-1.14252
-1.08784
-1.04644
-1.49247
-1.85654
-0.0441858
1.15173
-2.92119
-2.84783
-1.74775
-1.31157
0

0
-1.14367
-1.29799
-1.25473
-1.26327
-1.30065
-1.22934
-1.19566
-1.28886
-1.16908
-1.1389
-1.08008
-1.02713
-1.13957
-0.782074
2.27395
2.85883
-2.93977
-3.05015
-1.6796
-1.31225
0

0
-1.14636
-1.21812
-1.23584
-1.26844
-1.39994
-1.24917
-1.20099
-1.21099
-1.16113
-1.12976
-1.07351
-1.00344
-0.956
1.31291
-0.860411
4.16877
-2.99622
-3.27982
-1.59565
-1.31186
0

0
-1.12724
-1.21241
-1.21451
-1.25112
-1.48485
-1.24374
-1.18489
-1.16417
-1.14009
-1.10815
-1.05484
-0.975866
-0.854217
-0.781829
-0.902034
5.34165
-3.72399
-3.40134
-1.46138
-1.29348
0

0
0
0
0
0
0
0
0
0
0
0
0
0
0
0
0
0
0
0
0
0
0


0
0
0
0
0
0
0
0
0
0
0
0
0
0
0
0
0
0
0
0
0
0

0
-1.17668
-1.04284
-1.2407
-1.34903
-1.26128
-1.42256
-1.3466
-1.33947
-1.37146
-1.20556
-1.16556
-0.936397
-1.20249
-1.45574
-1.67629
-2.48741
-1.99106
-1.82531
-1.59363
-1.34786
0

0
-1.14933
-0.395156
-1.19111
-1.30419
-1.52705
-1.39781
-1.30096
-1.32956
-1.41276
-1.17857
-1.13521
-0.962637
-1.2031
-1.42369
-1.64594
-2.24763
-1.88544
-1.76626
-1.54695
-1.31177
0

0
-1.15
-1.05342
-1.20857
-1.31153
-1.47292
-1.32107
-1.31186
-1.35926
-1.40044
-1.18814
-1.14154
-1.14899
-1.25822
-1.42445
-1.72938
1.18057
-1.84004
-1.79191
-1.54833
-1.31242
0

0
-1.15004
-1.22767
-1.23898
-1.30827
-1.42426
-1.28207
-1.28225
-1.32989
-1.34664
-1.19182
-1.14899
-1.28156
-1.31662
-1.43085
-1.7443
-1.56238
-1.92373
-1.81412
-1.54886
-1.31279
0

0
-1.15127
-1.2747
-1.27091
-1.30256
-1.44302
-1.30509
-1.27593
-1.31259
-1.30092
-1.18973
-1.1569
-1.1691
-1.27626
-1.44431
-1.54025
-1.50383
-1.9728
-1.9273
-1.55339
-1.3133
0

0
-1.15228
-1.27275
-1.29992
-1.30496
-1.46746
-1.32302
-1.27061
-1.32633
-1.26965
-1.18534
-1.1522
-1.16861
-1.30293
-1.44997
-2.11457
-1.59976
-2.07216
-1.98609
-1.55136
-1.31375
0

0
-1.15306
-1.26542
-1.29171
-1.30306
-1.47554
-1.33028
-1.26222
-1.28432
-1.23943
-1.18002
-1.14529
-1.15258
-1.26635
-1.50385
-1.60156
-1.59281
-2.15958
-2.13689
-1.5762
-1.31548
0

0
-1.15379
-1.25995
-1.2809
-1.30192
-1.41691
-1.3193
-1.24892
-1.07029
-1.20286
-1.17346
-1.13761
-1.13302
-1.2228
-1.5302
-1.74961
-1.67068
-2.24656
-2.25732
-1.64155
-1.31783
0

0
-1.15451
-1.25666
-1.27266
-1.31041
-1.01364
-1.24092
-1.23029
-1.0014
-1.17454
-1.16665
-1.12905
-1.11479
-1.14994
-1.56327
-1.88163
-1.71322
-2.21529
-2.31834
-1.71029
-1.31996
0

0
-1.15524
-1.25516
-1.26635
-1.32532
-0.130862
-1.06055
-1.20503
-1.05044
-1.16729
-1.16132
-1.11992
-1.09615
-0.934544
-1.57681
-1.91034
-1.54165
-2.59479
-2.5571
-1.82704
-1.32447
0

0
-1.15595
-1.2555
-1.26266
-1.29721
-1.3319
-1.20731
-1.20677
-1.08641
-1.16497
-1.15659
-1.11061
-1.07725
-0.405999
-1.60124
-1.39263
-0.838402
-2.80385
-2.65125
-1.81432
-1.32547
0

0
-1.15662
-1.25821
-1.2602
-1.28542
-1.2835
-1.22874
-1.20922
-1.12299
-1.16598
-1.15192
-1.10189
-1.05587
-0.921066
-1.50202
-0.0700222
0.568232
-3.00852
-2.82424
-1.78507
-1.32657
0

0
-1.15704
-1.26337
-1.25812
-1.28211
-1.32453
-1.24729
-1.2129
-1.18135
-1.17037
-1.14697
-1.09393
-1.03465
-1.03652
-0.859168
1.24547
2.19877
-3.06494
-2.99504
-1.75297
-1.32792
0

0
-1.15538
-1.26393
-1.25188
-1.28257
-1.38905
-1.26421
-1.21512
-1.20872
-1.17163
-1.14017
-1.08493
-1.01281
-0.943676
0.259861
-1.17794
3.54578
-3.08762
-3.12036
-1.71206
-1.3272
0

0
-1.13673
-1.22618
-1.22992
-1.26562
-1.42686
-1.2561
-1.19831
-1.17632
-1.15108
-1.11835
-1.06448
-0.984961
-0.86737
-0.767262
-0.904205
4.82003
-3.03159
-3.09334
-1.65536
-1.30588
0

0
0
0
0
0
0
0
0
0
0
0
0
0
0
0
0
0
0
0
0
0
0


0
0
0
0
0
0
0
0
0
0
0
0
0
0
0
0
0
0
0
0
0
0

0
-1.17305
-1.0408
-1.25272
-1.36708
-1.08291
-1.36615
-1.34546
-1.35254
-1.3785
-1.22993
-1.18152
-1.07161
-1.24666
-1.44525
-1.65459
-1.86362
-1.92522
-1.8554
-1.61846
-1.36248
0

0
-1.14432
-0.948399
-1.22283
-1.31446
-1.59629
-1.37527
-1.31017
-1.32001
-1.35012
-1.19921
-1.15345
-1.07232
-1.22413
-1.41184
-1.61217
-1.89941
-1.89359
-1.80752
-1.57216
-1.32577
0

0
-1.14814
-1.06249
-1.23056
-1.31193
-1.54366
-1.3542
-1.31012
-1.32729
-1.34956
-1.20233
-1.1574
-1.12967
-1.24788
-1.41451
-1.62132
-1.07047
-1.91215
-1.83436
-1.57587
-1.32628
0

0
-1.15212
-1.17444
-1.2485
-1.31118
-1.45201
-1.32193
-1.29853
-1.32187
-1.32804
-1.20364
-1.16161
-1.19543
-1.27196
-1.41751
-1.62665
-1.26816
-1.90649
-1.87552
-1.58217
-1.32673
0

0
-1.15591
-1.23554
-1.26543
-1.3092
-1.39416
-1.31164
-1.28738
-1.30315
-1.29853
-1.20172
-1.16416
-1.19112
-1.26654
-1.41899
-1.63313
-1.47462
-1.96143
-1.93854
-1.59173
-1.32733
0

0
-1.15893
-1.25942
-1.28327
-1.30908
-1.38488
-1.31213
-1.27875
-1.28607
-1.27146
-1.1975
-1.16213
-1.16662
-1.26036
-1.42215
-1.68863
-1.56556
-2.03431
-2.0028
-1.60586
-1.32814
0

0
-1.16118
-1.26647
-1.28885
-1.30814
-1.39324
-1.31203
-1.26948
-1.2542
-1.24687
-1.19204
-1.15644
-1.15653
-1.23942
-1.43071
-1.66241
-1.61042
-2.11616
-2.09883
-1.63381
-1.32954
0

0
-1.1629
-1.26788
-1.2866
-1.30519
-1.37661
-1.30479
-1.2582
-1.18445
-1.22254
-1.18576
-1.14933
-1.14025
-1.19482
-1.43334
-1.6002
-1.64863
-2.21188
-2.208
-1.67389
-1.33123
0

0
-1.16428
-1.26785
-1.28249
-1.30408
-1.18383
-1.26871
-1.24496
-1.12279
-1.20031
-1.17909
-1.14122
-1.12147
-1.1267
-1.42468
-1.64674
-1.67945
-2.37192
-2.33698
-1.71489
-1.33301
0

0
-1.16545
-1.26771
-1.27854
-1.30829
-0.679664
-1.18492
-1.22975
-1.11919
-1.18817
-1.17301
-1.13247
-1.10118
-1.00947
-1.40709
-1.65235
-1.58626
-2.67371
-2.48784
-1.77053
-1.33587
0

0
-1.16649
-1.26778
-1.2756
-1.29976
-1.19738
-1.21152
-1.22338
-1.13577
-1.18294
-1.16758
-1.12346
-1.08045
-0.840406
-1.38226
-1.34183
-1.10922
-2.79212
-2.60701
-1.79846
-1.33807
0

0
-1.16741
-1.26818
-1.27336
-1.29525
-1.28397
-1.24153
-1.22437
-1.15736
-1.18137
-1.16252
-1.11462
-1.06131
-0.895625
-1.29326
-0.474333
0.0184542
-2.91405
-2.72611
-1.79953
-1.33975
0

0
-1.16805
-1.26933
-1.27099
-1.29413
-1.32794
-1.26043
-1.22703
-1.18286
-1.18197
-1.15748
-1.10608
-1.04212
-0.953381
-0.973857
0.400384
1.55545
-2.87205
-2.81924
-1.78927
-1.34127
0

0
-1.16639
-1.26779
-1.26592
-1.29402
-1.37248
-1.27475
-1.22824
-1.20237
-1.18131
-1.15062
-1.09638
-1.02163
-0.924994
-0.491766
-0.932978
2.87383
-2.64914
-2.85702
-1.76716
-1.34012
0

0
-1.14694
-1.24054
-1.24341
-1.27556
-1.38813
-1.26449
-1.21046
-1.18677
-1.16209
-1.12896
-1.07476
-0.994391
-0.87744
-0.740163
-0.849174
3.97157
-2.46943
-2.86091
-1.71292
-1.31767
0

0
0
0
0
0
0
0
0
0
0
0
0
0
0
0
0
0
0
0
0
0
0


0
0
0
0
0
0
0
0
0
0
0
0
0
0
0
0
0
0
0
0
0
0

0
-1.1786
-1.12248
-1.27208
-1.3542
-1.0804
-1.38503
-1.35309
-1.3541
-1.36135
-1.24769
-1.19916
-1.1435
-1.26759
-1.4335
-1.61376
-1.70241
-1.91227
-1.88076
-1.64095
-1.3764
0

0
-1.15025
-1.09548
-1.24202
-1.31443
-1.39251
-1.34749
-1.3159
-1.31832
-1.32691
-1.21556
-1.17002
-1.12247
-1.23842
-1.39953
-1.57363
-1.69432
-1.87697
-1.83322
-1.5946
-1.33924
0

0
-1.15371
-1.13103
-1.24835
-1.30847
-1.5116
-1.35857
-1.31429
-1.3177
-1.32374
-1.21602
-1.17218
-1.14708
-1.24695
-1.39979
-1.57065
-1.5695
-1.90222
-1.85689
-1.59949
-1.3397
0

0
-1.15818
-1.18506
-1.25886
-1.30868
-1.51208
-1.34411
-1.30719
-1.31223
-1.31224
-1.21552
-1.17416
-1.17637
-1.2549
-1.39818
-1.56923
-1.43751
-1.91389
-1.89381
-1.60801
-1.34015
0

0
-1.1628
-1.22864
-1.27048
-1.31015
-1.43315
-1.32619
-1.29763
-1.29879
-1.29422
-1.21323
-1.17464
-1.18542
-1.2527
-1.39391
-1.56921
-1.48651
-1.94845
-1.94196
-1.62048
-1.3408
0

0
-1.16685
-1.25488
-1.28188
-1.31114
-1.37651
-1.31594
-1.28842
-1.28117
-1.27439
-1.20919
-1.17246
-1.17249
-1.2409
-1.38709
-1.57057
-1.54456
-2.00691
-2.00307
-1.63812
-1.34167
0

0
-1.17011
-1.26822
-1.289
-1.31093
-1.35422
-1.30993
-1.27932
-1.2579
-1.25511
-1.20393
-1.16755
-1.1608
-1.21988
-1.37774
-1.55768
-1.58169
-2.08548
-2.08075
-1.66236
-1.34284
0

0
-1.17265
-1.27444
-1.29112
-1.30908
-1.33296
-1.30217
-1.26964
-1.22452
-1.23666
-1.1979
-1.16094
-1.14651
-1.18316
-1.36226
-1.51203
-1.6038
-2.19097
-2.17599
-1.69205
-1.34425
0

0
-1.17465
-1.27728
-1.29041
-1.30656
-1.258
-1.28434
-1.25934
-1.18982
-1.21982
-1.19151
-1.15321
-1.12914
-1.12964
-1.33686
-1.48579
-1.61449
-2.33512
-2.28424
-1.72445
-1.34591
0

0
-1.17626
-1.2786
-1.28864
-1.30546
-1.08773
-1.25043
-1.24888
-1.17502
-1.20773
-1.1853
-1.14477
-1.10975
-1.0566
-1.30004
-1.44365
-1.55455
-2.47885
-2.38811
-1.75925
-1.34803
0

0
-1.1776
-1.27921
-1.28676
-1.3035
-1.16392
-1.23884
-1.24149
-1.17686
-1.20068
-1.17954
-1.13598
-1.0896
-0.973894
-1.24838
-1.24503
-1.237
-2.5768
-2.48352
-1.78744
-1.35021
0

0
-1.17874
-1.27953
-1.28501
-1.30226
-1.26499
-1.25502
-1.23986
-1.1865
-1.19713
-1.17422
-1.12714
-1.07019
-0.945183
-1.15834
-0.739091
-0.40859
-2.58435
-2.55763
-1.80205
-1.35217
0

0
-1.17951
-1.27971
-1.28303
-1.30289
-1.31876
-1.27118
-1.24089
-1.1995
-1.19565
-1.16905
-1.11837
-1.05124
-0.942537
-0.976034
-0.20548
0.927728
-2.45022
-2.60851
-1.80593
-1.35379
0

0
-1.17792
-1.27703
-1.27863
-1.30282
-1.35683
-1.28317
-1.24081
-1.21035
-1.19315
-1.16211
-1.10827
-1.03146
-0.919814
-0.741454
-0.678324
2.17476
-2.22928
-2.64243
-1.79838
-1.35242
0

0
-1.15817
-1.2537
-1.25593
-1.28356
-1.36244
-1.27124
-1.22213
-1.1971
-1.17359
-1.14032
-1.08592
-1.00458
-0.885918
-0.737575
-0.721054
3.03076
-2.07765
-2.6355
-1.758
-1.32934
0

0
0
0
0
0
0
0
0
0
0
0
0
0
0
0
0
0
0
0
0
0
0


0
0
0
0
0
0
0
0
0
0
0
0
0
0
0
0
0
0
0
0
0
0

0
-1.18958
-1.1911
-1.29085
-1.30043
-1.25806
-1.46844
-1.36738
-1.35528
-1.35082
-1.26187
-1.21579
-1.18432
-1.27914
-1.42219
-1.57804
-1.65812
-1.90394
-1.89704
-1.65982
-1.38963
0

0
-1.16088
-1.16599
-1.25869
-1.28672
-1.18422
-1.36588
-1.32355
-1.31863
-1.31562
-1.22921
-1.18557
-1.15684
-1.24785
-1.38757
-1.53925
-1.63249
-1.86287
-1.84764
-1.61321
-1.35212
0

0
-1.16392
-1.18421
-1.26333
-1.30165
-1.12188
-1.32918
-1.31779
-1.31568
-1.31211
-1.22871
-1.1865
-1.16697
-1.24946
-1.38544
-1.53464
-1.61302
-1.88238
-1.8669
-1.61845
-1.35258
0

0
-1.16797
-1.21185
-1.27046
-1.30785
-1.21236
-1.32449
-1.31261
-1.30981
-1.30427
-1.2273
-1.18696
-1.17943
-1.24963
-1.38011
-1.52684
-1.54911
-1.90273
-1.89794
-1.62758
-1.35305
0

0
-1.17246
-1.23929
-1.27882
-1.31088
-1.31489
-1.32393
-1.30586
-1.29961
-1.29237
-1.22469
-1.18622
-1.18472
-1.24439
-1.37103
-1.51641
-1.52771
-1.93133
-1.9393
-1.6407
-1.35371
0

0
-1.17673
-1.26024
-1.287
-1.31306
-1.34382
-1.31971
-1.29809
-1.28577
-1.27818
-1.22077
-1.18359
-1.1782
-1.23137
-1.35751
-1.50143
-1.5377
-1.97608
-1.99205
-1.658
-1.35456
0

0
-1.18041
-1.27386
-1.2933
-1.31408
-1.3385
-1.31407
-1.28994
-1.26885
-1.2634
-1.21578
-1.17893
-1.16733
-1.21035
-1.33883
-1.47724
-1.54804
-2.03736
-2.05633
-1.67934
-1.35561
0

0
-1.18343
-1.28193
-1.2968
-1.31366
-1.32335
-1.30715
-1.28156
-1.24859
-1.24898
-1.21007
-1.17268
-1.1539
-1.17901
-1.31313
-1.43407
-1.54767
-2.11309
-2.13112
-1.70401
-1.35688
0

0
-1.18587
-1.28649
-1.29799
-1.31215
-1.29162
-1.29653
-1.27306
-1.22787
-1.23571
-1.20399
-1.16529
-1.13782
-1.13652
-1.27797
-1.38115
-1.53178
-2.19429
-2.21033
-1.7307
-1.35839
0

0
-1.18783
-1.28901
-1.29778
-1.31052
-1.23624
-1.28056
-1.26489
-1.21429
-1.22499
-1.19791
-1.15714
-1.11967
-1.08391
-1.23104
-1.30664
-1.46757
-2.26052
-2.28519
-1.75782
-1.36018
0

0
-1.18944
-1.29036
-1.29691
-1.30941
-1.22378
-1.26833
-1.25833
-1.21004
-1.2175
-1.19211
-1.14856
-1.10045
-1.02754
-1.16829
-1.14886
-1.2404
-2.29904
-2.35218
-1.78243
-1.36217
0

0
-1.19077
-1.29107
-1.29577
-1.30929
-1.2704
-1.27216
-1.25519
-1.21241
-1.2128
-1.18669
-1.13983
-1.08118
-0.985074
-1.07909
-0.835815
-0.650019
-2.27328
-2.40564
-1.80081
-1.36414
0

0
-1.1917
-1.29121
-1.29426
-1.31042
-1.31336
-1.28228
-1.25457
-1.21832
-1.20995
-1.18145
-1.13104
-1.06219
-0.956095
-0.948
-0.492739
0.398335
-2.151
-2.44672
-1.8121
-1.3658
0

0
-1.19021
-1.28849
-1.29029
-1.31023
-1.34531
-1.29095
-1.2531
-1.2233
-1.20609
-1.17446
-1.12079
-1.04263
-0.926532
-0.800711
-0.549546
1.51365
-1.94806
-2.47333
-1.8131
-1.36434
0

0
-1.17035
-1.26635
-1.26766
-1.29055
-1.34578
-1.27736
-1.23349
-1.20823
-1.1857
-1.15244
-1.09796
-1.0157
-0.894862
-0.740886
-0.58698
2.17057
-1.80872
-2.4632
-1.77986
-1.34089
0

0
0
0
0
0
0
0
0
0
0
0
0
0
0
0
0
0
0
0
0
0
0


0
0
0
0
0
0
0
0
0
0
0
0
0
0
0
0
0
0
0
0
0
0

0
-1.2036
-1.24028
-1.30618
-1.33095
-1.28984
-1.39858
-1.36551
-1.35686
-1.34666
-1.27451
-1.2312
-1.21085
-1.28725
-1.41271
-1.55066
-1.64331
-1.89419
-1.9049
-1.67464
-1.40214
0

0
-1.17434
-1.21185
-1.27375
-1.29621
-1.25698
-1.36341
-1.32988
-1.32093
-1.31145
-1.24151
-1.20021
-1.18123
-1.25496
-1.37751
-1.51213
-1.60968
-1.84958
-1.85425
-1.62788
-1.36435
0

0
-1.17703
-1.22288
-1.27746
-1.30222
-1.23837
-1.34431
-1.32564
-1.31795
-1.3085
-1.24076
-1.20041
-1.18489
-1.2535
-1.37369
-1.50647
-1.605
-1.8642
-1.86999
-1.63314
-1.3649
0

0
-1.18057
-1.23879
-1.28269
-1.30839
-1.25153
-1.33137
-1.32022
-1.31245
-1.3026
-1.23901
-1.19991
-1.18921
-1.24971
-1.36572
-1.49511
-1.57797
-1.88311
-1.89607
-1.64216
-1.36542
0

0
-1.18462
-1.25616
-1.2889
-1.31308
-1.28777
-1.32635
-1.31425
-1.30427
-1.29402
-1.23627
-1.19838
-1.19022
-1.24179
-1.35322
-1.47828
-1.55024
-1.90688
-1.9314
-1.65489
-1.36609
0

0
-1.18866
-1.27145
-1.29512
-1.31638
-1.31572
-1.3233
-1.30763
-1.29359
-1.2835
-1.23247
-1.19536
-1.18504
-1.22796
-1.33539
-1.45481
-1.53342
-1.93856
-1.97548
-1.67103
-1.36691
0

0
-1.19236
-1.28307
-1.30039
-1.31839
-1.32558
-1.31949
-1.30057
-1.28095
-1.27207
-1.22776
-1.19074
-1.17531
-1.20746
-1.31137
-1.42185
-1.51839
-1.97798
-2.02727
-1.69017
-1.36789
0

0
-1.19554
-1.29107
-1.30403
-1.31908
-1.32247
-1.31432
-1.29329
-1.26691
-1.26057
-1.22237
-1.18471
-1.16263
-1.17941
-1.27983
-1.37424
-1.49431
-2.02065
-2.08459
-1.71167
-1.36905
0

0
-1.19818
-1.29625
-1.30601
-1.31864
-1.30958
-1.30725
-1.28601
-1.25295
-1.24976
-1.2166
-1.17761
-1.1475
-1.14353
-1.239
-1.31018
-1.45174
-2.05844
-2.14333
-1.73463
-1.37043
0

0
-1.20036
-1.29945
-1.3067
-1.31762
-1.28854
-1.29811
-1.27914
-1.24206
-1.24045
-1.21075
-1.16974
-1.13043
-1.10089
-1.18677
-1.22161
-1.36833
-2.08258
-2.19928
-1.75785
-1.37205
0

0
-1.20215
-1.30138
-1.30657
-1.31679
-1.27532
-1.28997
-1.27337
-1.23612
-1.23321
-1.20508
-1.16141
-1.11211
-1.05488
-1.12003
-1.08075
-1.1773
-2.08434
-2.24983
-1.77986
-1.37386
0

0
-1.20365
-1.30249
-1.30595
-1.31681
-1.29042
-1.28902
-1.26966
-1.23476
-1.22804
-1.19971
-1.15288
-1.09331
-1.01169
-1.03384
-0.856202
-0.746476
-2.04343
-2.29313
-1.79886
-1.37578
0

0
-1.20474
-1.30287
-1.30486
-1.31775
-1.31639
-1.29389
-1.26784
-1.23643
-1.22436
-1.19451
-1.14423
-1.07449
-0.973685
-0.925055
-0.601608
0.0275318
-1.93311
-2.32822
-1.81351
-1.37745
0

0
-1.2034
-1.3004
-1.30125
-1.31716
-1.3397
-1.29891
-1.26517
-1.2375
-1.21961
-1.18758
-1.13405
-1.05509
-0.938568
-0.811757
-0.505392
0.951693
-1.76029
-2.3509
-1.81941
-1.37599
0

0
-1.18352
-1.27867
-1.27876
-1.29716
-1.33585
-1.28348
-1.24469
-1.22014
-1.19844
-1.16535
-1.11091
-1.0279
-0.905143
-0.744011
-0.492142
1.48499
-1.63386
-2.33799
-1.79099
-1.35237
0

0
0
0
0
0
0
0
0
0
0
0
0
0
0
0
0
0
0
0
0
0
0


0
0
0
0
0
0
0
0
0
0
0
0
0
0
0
0
0
0
0
0
0
0

0
-1.21941
-1.27534
-1.32095
-1.34118
-1.30973
-1.39033
-1.37108
-1.3612
-1.34763
-1.28646
-1.24552
-1.23007
-1.29432
-1.40616
-1.53138
-1.63595
-1.88358
-1.90679
-1.68556
-1.41386
0

0
-1.18968
-1.24476
-1.28786
-1.30651
-1.27993
-1.35534
-1.33532
-1.3253
-1.31242
-1.25326
-1.21405
-1.19953
-1.26147
-1.37048
-1.4925
-1.59774
-1.83716
-1.85592
-1.63892
-1.37592
0

0
-1.19218
-1.25211
-1.291
-1.3097
-1.27807
-1.34889
-1.33306
-1.32292
-1.31017
-1.25259
-1.21395
-1.20045
-1.25871
-1.36564
-1.4859
-1.59406
-1.84824
-1.86945
-1.64427
-1.37669
0

0
-1.19529
-1.26233
-1.29511
-1.31402
-1.28153
-1.34
-1.3287
-1.31821
-1.30554
-1.25082
-1.21294
-1.20086
-1.25298
-1.35603
-1.47246
-1.57765
-1.86325
-1.89182
-1.65302
-1.37731
0

0
-1.19887
-1.27395
-1.29992
-1.31828
-1.29557
-1.33386
-1.32339
-1.31145
-1.29888
-1.2481
-1.21091
-1.19911
-1.24346
-1.34134
-1.45203
-1.55269
-1.88136
-1.92211
-1.66511
-1.378
0

0
-1.20254
-1.28508
-1.30483
-1.32177
-1.3116
-1.32993
-1.31748
-1.30289
-1.29064
-1.24444
-1.20762
-1.19363
-1.22906
-1.32088
-1.42358
-1.52515
-1.90242
-1.95921
-1.68013
-1.37879
0

0
-1.20601
-1.29444
-1.30918
-1.32421
-1.32181
-1.32642
-1.31119
-1.29297
-1.28146
-1.23997
-1.20299
-1.1845
-1.20906
-1.29379
-1.38498
-1.4934
-1.9251
-2.00169
-1.69762
-1.3797
0

0
-1.20911
-1.30157
-1.31252
-1.3255
-1.32436
-1.32228
-1.3047
-1.28228
-1.27201
-1.23488
-1.19713
-1.17247
-1.18302
-1.25897
-1.33272
-1.45047
-1.94567
-2.04753
-1.717
-1.38078
0

0
-1.21176
-1.30665
-1.31466
-1.32573
-1.32036
-1.31708
-1.29824
-1.27179
-1.26291
-1.22941
-1.19027
-1.15811
-1.1509
-1.21501
-1.26302
-1.38662
-1.95886
-2.0942
-1.73755
-1.38205
0

0
-1.214
-1.31006
-1.31573
-1.32525
-1.31193
-1.31099
-1.29215
-1.26292
-1.25475
-1.22383
-1.18267
-1.1419
-1.11344
-1.16024
-1.16938
-1.28442
-1.95915
-2.13936
-1.75846
-1.38353
0

0
-1.21588
-1.31228
-1.316
-1.32467
-1.30517
-1.30545
-1.2869
-1.25685
-1.24799
-1.21836
-1.17462
-1.12439
-1.07248
-1.09261
-1.03803
-1.10358
-1.93963
-2.18132
-1.77881
-1.38523
0

0
-1.21749
-1.31367
-1.31573
-1.3246
-1.30984
-1.30329
-1.28301
-1.25381
-1.24275
-1.21315
-1.16637
-1.1062
-1.03078
-1.00992
-0.85528
-0.765215
-1.88798
-2.21896
-1.79761
-1.3871
0

0
-1.21873
-1.31432
-1.31496
-1.32514
-1.32392
-1.30503
-1.28051
-1.25312
-1.23871
-1.20813
-1.15801
-1.08779
-0.990421
-0.912864
-0.64529
-0.191446
-1.78787
-2.25101
-1.81371
-1.38882
0

0
-1.21759
-1.31215
-1.31166
-1.32407
-1.33912
-1.30711
-1.27699
-1.25176
-1.23351
-1.20138
-1.14809
-1.0687
-0.952559
-0.815059
-0.498854
0.531526
-1.64366
-2.27256
-1.82229
-1.38747
0

0
-1.19778
-1.2907
-1.28938
-1.30378
-1.33122
-1.29002
-1.25586
-1.23268
-1.21182
-1.17908
-1.12482
-1.04128
-0.916947
-0.748126
-0.442754
0.985481
-1.5286
-2.25791
-1.79684
-1.36386
0

0
0
0
0
0
0
0
0
0
0
0
0
0
0
0
0
0
0
0
0
0
0


0
0
0
0
0
0
0
0
0
0
0
0
0
0
0
0
0
0
0
0
0
0

0
-1.23627
-1.30051
-1.33431
-1.35151
-1.32868
-1.39137
-1.37829
-1.36758
-1.35245
-1.29803
-1.25881
-1.24497
-1.30143
-1.40318
-1.51965
-1.63117
-1.87337
-1.90448
-1.69269
-1.42467
0

0
-1.20642
-1.26912
-1.30111
-1.31725
-1.29651
-1.3557
-1.34248
-1.33184
-1.31738
-1.2649
-1.22727
-1.2142
-1.26838
-1.36717
-1.48017
-1.59011
-1.82642
-1.85456
-1.64672
-1.3869
0

0
-1.20895
-1.27479
-1.30409
-1.31976
-1.29869
-1.35334
-1.34121
-1.33013
-1.31581
-1.26455
-1.22723
-1.21416
-1.26525
-1.36195
-1.47302
-1.58538
-1.83563
-1.86738
-1.6525
-1.38806
0

0
-1.21177
-1.28218
-1.30754
-1.32289
-1.30169
-1.34806
-1.33778
-1.32612
-1.312
-1.2629
-1.226
-1.21285
-1.25868
-1.35145
-1.45837
-1.57087
-1.84753
-1.88754
-1.66109
-1.3888
0

0
-1.21493
-1.29065
-1.31145
-1.32629
-1.3087
-1.3428
-1.3331
-1.32032
-1.30645
-1.26027
-1.22373
-1.20963
-1.24839
-1.33557
-1.43596
-1.54694
-1.8613
-1.91461
-1.67268
-1.38952
0

0
-1.2182
-1.29911
-1.31543
-1.32936
-1.31789
-1.33853
-1.32769
-1.31305
-1.29954
-1.25675
-1.22029
-1.20368
-1.23371
-1.31369
-1.40474
-1.51502
-1.8757
-1.94743
-1.68691
-1.39027
0

0
-1.22135
-1.30666
-1.31904
-1.33168
-1.32544
-1.33479
-1.32186
-1.30473
-1.29176
-1.25249
-1.21567
-1.19479
-1.21411
-1.28501
-1.36288
-1.47402
-1.88888
-1.98459
-1.70332
-1.39113
0

0
-1.22421
-1.3128
-1.32191
-1.33304
-1.32905
-1.33089
-1.31584
-1.29589
-1.28363
-1.24765
-1.20995
-1.18327
-1.1893
-1.24855
-1.3075
-1.41885
-1.89782
-2.02444
-1.72138
-1.39212
0

0
-1.22672
-1.31742
-1.32388
-1.33345
-1.32849
-1.32646
-1.30986
-1.28723
-1.27566
-1.24245
-1.20331
-1.16954
-1.15933
-1.20314
-1.23493
-1.3407
-1.89855
-2.06524
-1.74049
-1.39329
0

0
-1.22886
-1.32071
-1.32495
-1.33317
-1.32508
-1.32165
-1.3042
-1.27962
-1.26834
-1.23713
-1.19598
-1.15405
-1.12472
-1.14747
-1.14
-1.22516
-1.88648
-2.10537
-1.76002
-1.39467
0

0
-1.23071
-1.32296
-1.32531
-1.33264
-1.32203
-1.31733
-1.29922
-1.2738
-1.26204
-1.23188
-1.18823
-1.13727
-1.08658
-1.08026
-1.01504
-1.04588
-1.85586
-2.1436
-1.77934
-1.39627
0

0
-1.23235
-1.32446
-1.32518
-1.33237
-1.32399
-1.31493
-1.29529
-1.27013
-1.25695
-1.22691
-1.18031
-1.11973
-1.04651
-1.00071
-0.853912
-0.756947
-1.79871
-2.17906
-1.79784
-1.39812
0

0
-1.23372
-1.3253
-1.32459
-1.33253
-1.33205
-1.3151
-1.29244
-1.26829
-1.25288
-1.22217
-1.17234
-1.10192
-1.00617
-0.910671
-0.669005
-0.309543
-1.70632
-2.2107
-1.81461
-1.39994
0

0
-1.23283
-1.32345
-1.32158
-1.33107
-1.34175
-1.31533
-1.2885
-1.26571
-1.24763
-1.21579
-1.16288
-1.08336
-0.96749
-0.820914
-0.50984
0.253987
-1.58304
-2.23308
-1.82474
-1.39884
0

0
-1.21326
-1.30239
-1.29964
-1.31069
-1.33088
-1.29718
-1.26711
-1.24573
-1.22584
-1.19366
-1.13976
-1.05594
-0.930357
-0.755104
-0.426283
0.64516
-1.47607
-2.21786
-1.80125
-1.37553
0

0
0
0
0
0
0
0
0
0
0
0
0
0
0
0
0
0
0
0
0
0
0


0
0
0
0
0
0
0
0
0
0
0
0
0
0
0
0
0
0
0
0
0
0

0
-1.25207
-1.31705
-1.34519
-1.36061
-1.34121
-1.39686
-1.38584
-1.37469
-1.3592
-1.30824
-1.27004
-1.25606
-1.30831
-1.40367
-1.51499
-1.62874
-1.86511
-1.89945
-1.69584
-1.43361
0

0
-1.22292
-1.28622
-1.31271
-1.32728
-1.3091
-1.36138
-1.35055
-1.33962
-1.32477
-1.27583
-1.23919
-1.22595
-1.27573
-1.36782
-1.47518
-1.58627
-1.81877
-1.85135
-1.6512
-1.39664
0

0
-1.2256
-1.2914
-1.31581
-1.32993
-1.31204
-1.36013
-1.34982
-1.33845
-1.32373
-1.27586
-1.2394
-1.22582
-1.2727
-1.3626
-1.46782
-1.58068
-1.82771
-1.8647
-1.6577
-1.39826
0

0
-1.22823
-1.29756
-1.31892
-1.33259
-1.31524
-1.35626
-1.34682
-1.33485
-1.32035
-1.27433
-1.23813
-1.22391
-1.2659
-1.3518
-1.45261
-1.56595
-1.83837
-1.88423
-1.66637
-1.39912
0

0
-1.23106
-1.30452
-1.3223
-1.33538
-1.32033
-1.35167
-1.34248
-1.32954
-1.31533
-1.27179
-1.23576
-1.2201
-1.25535
-1.33547
-1.42934
-1.54192
-1.85038
-1.91011
-1.67777
-1.39985
0

0
-1.23397
-1.31153
-1.32566
-1.33792
-1.32669
-1.34735
-1.33733
-1.3229
-1.30906
-1.26839
-1.23228
-1.21391
-1.24063
-1.31308
-1.39693
-1.50836
-1.86236
-1.94135
-1.69164
-1.40057
0

0
-1.23678
-1.31792
-1.32869
-1.33983
-1.33223
-1.34332
-1.33171
-1.31535
-1.30199
-1.26428
-1.22769
-1.20516
-1.22133
-1.28386
-1.35363
-1.46348
-1.87234
-1.97669
-1.70757
-1.40137
0

0
-1.23935
-1.32325
-1.33109
-1.34088
-1.33522
-1.33923
-1.32588
-1.30737
-1.29456
-1.25963
-1.2221
-1.19401
-1.19725
-1.2469
-1.29684
-1.40245
-1.87752
-2.01467
-1.72505
-1.40229
0

0
-1.24161
-1.32736
-1.33272
-1.34109
-1.33525
-1.33484
-1.32008
-1.29957
-1.28723
-1.25463
-1.21565
-1.18077
-1.16845
-1.20115
-1.2232
-1.31684
-1.87424
-2.05376
-1.74351
-1.40337
0

0
-1.24356
-1.33034
-1.33356
-1.34063
-1.33328
-1.33032
-1.31457
-1.29259
-1.28041
-1.24951
-1.20856
-1.16585
-1.13538
-1.14556
-1.12847
-1.19365
-1.8581
-2.09259
-1.7624
-1.40464
0

0
-1.24525
-1.3324
-1.33376
-1.3399
-1.33153
-1.32631
-1.30967
-1.28703
-1.27445
-1.24447
-1.20107
-1.14967
-1.09887
-1.07926
-1.00772
-1.01281
-1.82388
-2.13009
-1.78121
-1.40616
0

0
-1.24679
-1.33381
-1.33352
-1.33934
-1.33289
-1.32379
-1.30568
-1.28321
-1.26955
-1.23971
-1.19347
-1.13276
-1.06012
-1.00211
-0.858264
-0.745758
-1.7656
-2.16557
-1.79952
-1.40796
0

0
-1.24819
-1.3347
-1.33295
-1.33916
-1.33862
-1.32329
-1.30268
-1.28099
-1.26563
-1.23527
-1.18591
-1.11558
-1.02057
-0.916339
-0.688559
-0.366818
-1.67863
-2.19824
-1.81667
-1.40989
0

0
-1.24761
-1.33319
-1.33021
-1.33752
-1.34575
-1.32273
-1.29872
-1.27809
-1.26067
-1.2294
-1.17705
-1.09775
-0.982202
-0.831023
-0.530322
0.0938054
-1.56843
-2.22249
-1.82784
-1.4092
0

0
-1.22861
-1.31279
-1.3089
-1.31744
-1.33361
-1.30439
-1.27762
-1.25816
-1.23932
-1.20787
-1.15451
-1.0708
-0.944569
-0.765599
-0.432701
0.440926
-1.46735
-2.20803
-1.80586
-1.3866
0

0
0
0
0
0
0
0
0
0
0
0
0
0
0
0
0
0
0
0
0
0
0


0
0
0
0
0
0
0
0
0
0
0
0
0
0
0
0
0
0
0
0
0
0

0
-1.25313
-1.30855
-1.33642
-1.35164
-1.33228
-1.38785
-1.37664
-1.36557
-1.35014
-1.29941
-1.26153
-1.24778
-1.30001
-1.39492
-1.50558
-1.61871
-1.85349
-1.88621
-1.68311
-1.42318
0

0
-1.22838
-1.28249
-1.30883
-1.32328
-1.30508
-1.35748
-1.34644
-1.33555
-1.32071
-1.2718
-1.23533
-1.22225
-1.2722
-1.36421
-1.47135
-1.58225
-1.81392
-1.84503
-1.64476
-1.3915
0

0
-1.23101
-1.28758
-1.31185
-1.32585
-1.30793
-1.35617
-1.34567
-1.33434
-1.31963
-1.27179
-1.2355
-1.22208
-1.26916
-1.35902
-1.46406
-1.57676
-1.82276
-1.85813
-1.65108
-1.39303
0

0
-1.23364
-1.29372
-1.31493
-1.32849
-1.31107
-1.35228
-1.3427
-1.33078
-1.31629
-1.27029
-1.23425
-1.22021
-1.26244
-1.34836
-1.44907
-1.56232
-1.83349
-1.8775
-1.6596
-1.39385
0

0
-1.23648
-1.30065
-1.31826
-1.33127
-1.31613
-1.34767
-1.33839
-1.32551
-1.31131
-1.26779
-1.23191
-1.21646
-1.25201
-1.33222
-1.42612
-1.5387
-1.84566
-1.90318
-1.67081
-1.39452
0

0
-1.2394
-1.30764
-1.3216
-1.3338
-1.3225
-1.34332
-1.33326
-1.31892
-1.3051
-1.26443
-1.22847
-1.21034
-1.23743
-1.31009
-1.39416
-1.50575
-1.85792
-1.93425
-1.68447
-1.39518
0

0
-1.24222
-1.31402
-1.3246
-1.3357
-1.32805
-1.33928
-1.32767
-1.3114
-1.29808
-1.26036
-1.22393
-1.20168
-1.21832
-1.28121
-1.35147
-1.46178
-1.86839
-1.96945
-1.70017
-1.39591
0

0
-1.2448
-1.31935
-1.32699
-1.33676
-1.33107
-1.33518
-1.32186
-1.30346
-1.29069
-1.25575
-1.21838
-1.19061
-1.19445
-1.24467
-1.29552
-1.40213
-1.87431
-2.00734
-1.71739
-1.39674
0

0
-1.24707
-1.32347
-1.3286
-1.33696
-1.33111
-1.33078
-1.31607
-1.29567
-1.28339
-1.2508
-1.21198
-1.17747
-1.16589
-1.19945
-1.223
-1.31866
-1.87214
-2.04644
-1.7356
-1.39773
0

0
-1.24902
-1.32645
-1.32944
-1.33649
-1.32909
-1.32625
-1.31057
-1.28869
-1.27659
-1.24571
-1.20493
-1.16263
-1.13304
-1.14447
-1.12972
-1.19878
-1.85763
-2.08538
-1.75425
-1.3989
0

0
-1.25071
-1.32851
-1.32963
-1.33574
-1.32723
-1.3222
-1.30566
-1.2831
-1.27063
-1.24069
-1.19748
-1.14654
-1.09674
-1.07885
-1.01072
-1.02308
-1.82578
-2.12312
-1.77282
-1.40031
0

0
-1.25225
-1.32992
-1.32938
-1.33516
-1.32844
-1.31961
-1.30165
-1.27924
-1.26572
-1.23594
-1.1899
-1.12969
-1.05815
-1.00235
-0.862858
-0.763303
-1.77084
-2.15901
-1.79091
-1.40201
0

0
-1.25369
-1.33085
-1.32884
-1.33499
-1.33407
-1.31905
-1.29866
-1.27703
-1.26183
-1.23155
-1.18239
-1.11258
-1.01869
-0.916945
-0.693515
-0.391758
-1.68808
-2.19246
-1.80796
-1.40388
0

0
-1.25357
-1.32984
-1.3266
-1.33384
-1.34166
-1.31891
-1.29516
-1.2746
-1.25732
-1.22613
-1.17395
-1.09505
-0.980369
-0.831178
-0.533316
0.0687375
-1.58168
-2.21875
-1.81995
-1.40372
0

0
-1.23751
-1.31247
-1.30835
-1.31693
-1.333
-1.30371
-1.27702
-1.2576
-1.23877
-1.20728
-1.15388
-1.07013
-0.943916
-0.765091
-0.43219
0.430071
-1.48196
-2.20975
-1.80209
-1.38437
0

0
0
0
0
0
0
0
0
0
0
0
0
0
0
0
0
0
0
0
0
0
0


0
0
0
0
0
0
0
0
0
0
0
0
0
0
0
0
0
0
0
0
0
0

0
0
0
0
0
0
0
0
0
0
0
0
0
0
0
0
0
0
0
0
0
0

0
0
0
0
0
0
0
0
0
0
0
0
0
0
0
0
0
0
0
0
0
0

0
0
0
0
0
0
0
0
0
0
0
0
0
0
0
0
0
0
0
0
0
0

0
0
0
0
0
0
0
0
0
0
0
0
0
0
0
0
0
0
0
0
0
0

0
0
0
0
0
0
0
0
0
0
0
0
0
0
0
0
0
0
0
0
0
0

0
0
0
0
0
0
0
0
0
0
0
0
0
0
0
0
0
0
0
0
0
0

0
0
0
0
0
0
0
0
0
0
0
0
0
0
0
0
0
0
0
0
0
0

0
0
0
0
0
0
0
0
0
0
0
0
0
0
0
0
0
0
0
0
0
0

0
0
0
0
0
0
0
0
0
0
0
0
0
0
0
0
0
0
0
0
0
0

0
0
0
0
0
0
0
0
0
0
0
0
0
0
0
0
0
0
0
0
0
0

0
0
0
0
0
0
0
0
0
0
0
0
0
0
0
0
0
0
0
0
0
0

0
0
0
0
0
0
0
0
0
0
0
0
0
0
0
0
0
0
0
0
0
0

0
0
0
0
0
0
0
0
0
0
0
0
0
0
0
0
0
0
0
0
0
0

0
0
0
0
0
0
0
0
0
0
0
0
0
0
0
0
0
0
0
0
0
0

0
0
0
0
0
0
0
0
0
0
0
0
0
0
0
0
0
0
0
0
0
0

0
0
0
0
0
0
0
0
0
0
0
0
0
0
0
0
0
0
0
0
0
0


