0
0
0
0
0
0
0
0
0
0
0
0
0
0
0
0
0
0
0
0
0
0

0
0
0
0
0
0
0
0
0
0
0
0
0
0
0
0
0
0
0
0
0
0

0
0
0
0
0
0
0
0
0
0
0
0
0
0
0
0
0
0
0
0
0
0

0
0
0
0
0
0
0
0
0
0
0
0
0
0
0
0
0
0
0
0
0
0

0
0
0
0
0
0
0
0
0
0
0
0
0
0
0
0
0
0
0
0
0
0

0
0
0
0
0
0
0
0
0
0
0
0
0
0
0
0
0
0
0
0
0
0

0
0
0
0
0
0
0
0
0
0
0
0
0
0
0
0
0
0
0
0
0
0

0
0
0
0
0
0
0
0
0
0
0
0
0
0
0
0
0
0
0
0
0
0

0
0
0
0
0
0
0
0
0
0
0
0
0
0
0
0
0
0
0
0
0
0

0
0
0
0
0
0
0
0
0
0
0
0
0
0
0
0
0
0
0
0
0
0

0
0
0
0
0
0
0
0
0
0
0
0
0
0
0
0
0
0
0
0
0
0

0
0
0
0
0
0
0
0
0
0
0
0
0
0
0
0
0
0
0
0
0
0

0
0
0
0
0
0
0
0
0
0
0
0
0
0
0
0
0
0
0
0
0
0

0
0
0
0
0
0
0
0
0
0
0
0
0
0
0
0
0
0
0
0
0
0

0
0
0
0
0
0
0
0
0
0
0
0
0
0
0
0
0
0
0
0
0
0

0
0
0
0
0
0
0
0
0
0
0
0
0
0
0
0
0
0
0
0
0
0

0
0
0
0
0
0
0
0
0
0
0
0
0
0
0
0
0
0
0
0
0
0


0
0
0
0
0
0
0
0
0
0
0
0
0
0
0
0
0
0
0
0
0
0

0
-7.04934
1.71393
-7.32556
-7.05822
-6.5841
-5.92508
-7.45174
-4.23423
-36.1776
-6.82577
-7.07192
-14.463
-7.26409
-6.66761
-7.67252
-1.48755
-4.38723
-6.77757
-7.5275
-7.4054
0

0
-2.08664
-0.647058
-1.94057
-2.62035
-0.0909996
4.42141
-2.20437
-2.49147
20.5336
-2.93824
-2.35735
-14.8246
-2.94652
-1.16985
-2.86519
23.7922
-3.14176
-2.1748
-2.42078
-2.43781
0

0
-2.70534
6.65086
-3.31197
-2.7083
0.868149
-8.44696
-2.57551
1.92525
-2.9525
-2.91951
-3.26922
9.91608
-4.15326
-2.28086
-0.800426
-19.3231
1.47721
-2.46117
-3.03204
-2.9417
0

0
-2.75249
-2.66418
-3.92073
-2.70723
-6.82717
-3.77849
-2.77931
-5.36166
-2.40947
-2.82484
-3.01426
-2.5072
-4.19247
-2.30197
-1.42307
-1.6256
-2.77987
-2.56124
-3.11513
-2.90498
0

0
-2.7762
-0.0856985
-1.23999
-2.90532
-3.15019
-3.11329
-2.85448
-2.59095
-2.75396
-2.85028
-2.8426
3.63889
-1.23261
-2.23214
-2.34163
-1.12419
-1.56526
-3.36728
-3.30899
-2.87829
0

0
-2.74487
-1.79303
-2.16765
-2.86214
-2.66888
-2.85927
-2.89765
-1.08062
-2.73328
-2.87325
-2.7024
-2.07875
-2.89927
-2.22269
1.7094
-2.34115
-1.64165
-1.92785
-3.6642
-2.84617
0

0
-2.7385
-2.43013
-2.55899
-2.84756
-2.43584
-2.73841
-2.77614
9.27493
-2.59168
-2.81055
-2.74469
-2.31113
-1.98598
-1.45307
-3.87513
-2.89618
-1.72447
-1.60575
-4.61766
-2.80852
0

0
-2.73753
-2.60779
-2.7026
-2.79372
-2.25239
-2.60419
-2.43505
-15.9146
-2.59049
-2.79169
-2.74936
-2.54262
-1.2619
-1.32755
-0.42374
-2.85251
-1.52942
-1.44801
-9.46006
-2.77889
0

0
-2.73361
-2.66336
-2.72836
-2.57767
-1.69532
-2.5946
-2.80875
-4.99871
-3.06516
-2.8094
-2.75792
-2.57718
0.688972
0.0498714
-0.298211
-2.92255
-1.56714
-1.83299
4.88311
-2.96283
0

0
-2.72557
-2.68294
-2.72705
-2.35826
-4.69797
-2.97914
-2.99165
-3.36327
-2.94288
-2.82025
-2.76249
-2.45588
7.36312
-0.1122
-0.0799628
-2.14375
3.60608
-0.334566
-0.501473
-2.94154
0

0
-2.71401
-2.68176
-2.69409
-2.71435
-1.84482
-2.88508
-2.92493
-3.60735
-2.91351
-2.78079
-2.81238
-2.22048
-13.3244
0.107667
1.29971
-1.50887
-3.22694
-3.82213
-2.36969
-2.90525
0

0
-2.69959
-2.59353
-2.65871
-2.70308
-2.00806
-2.46716
-2.82192
-5.16225
-2.90098
-2.76662
-2.81616
-2.80548
4.37386
1.52364
17.5479
-1.34892
-4.79334
-2.57976
-3.06338
-2.85965
0

0
-2.6678
-2.5575
-2.62302
-2.59483
-2.12475
-2.61579
-2.82552
0.229588
-2.84592
-2.76272
-2.78108
-2.79011
7.58089
12.6086
-30.2175
-2.88557
-1.51548
-2.70678
-2.93062
-2.81138
0

0
-2.25743
-2.23495
-2.19282
-2.14234
-1.41715
-2.19391
-2.31772
-1.84791
-2.36361
-2.37138
-2.4049
-2.26039
-1.96852
-22.8255
1.68204
6.84298
6.87117
-3.17512
-2.00222
-2.41536
0

0
0.307308
0.405255
0.576003
1.01977
3.71037
0.959814
0.637715
0.226275
0.315328
0.176718
0.157002
0.106267
-1.1291
3.0009
2.4036
-3.20099
8.03413
-1.05514
1.01855
0.292171
0

0
0
0
0
0
0
0
0
0
0
0
0
0
0
0
0
0
0
0
0
0
0


0
0
0
0
0
0
0
0
0
0
0
0
0
0
0
0
0
0
0
0
0
0

0
-7.57127
-10.9647
-7.77439
-8.14147
-8.97025
-9.3285
-7.87433
-9.90436
5.16279
-7.46337
-7.49979
-0.599483
-6.94595
-8.09985
-7.3005
-21.0911
-10.452
-7.30637
-7.75368
-7.59636
0

0
-2.62968
-13.761
-1.76352
-3.00794
-1.79293
-2.05246
-2.86665
-4.6233
-6.24674
-2.58626
-2.56738
1.14992
-2.45188
-2.56497
-3.5631
24.8069
-5.83577
-2.83731
-2.61507
-2.58105
0

0
-3.32504
-5.25127
-3.88071
-3.18317
-5.3178
-0.742469
-3.00332
-3.57199
-1.79432
-3.29885
-3.21607
-10.1031
-3.86202
-3.10303
-3.60908
-11.042
-1.23348
-3.09102
-3.21679
-3.15306
0

0
-3.2856
-7.12973
-3.12312
-3.05135
-2.09218
-4.17226
-3.12774
-1.39594
-2.53576
-3.17536
-3.38456
-2.66693
-0.855944
-3.18622
-4.00355
-3.04022
-4.35935
-2.88141
-3.15553
-3.12821
0

0
-3.27448
-2.6669
-4.07907
-3.16877
-3.95042
-3.68541
-3.20056
-4.64289
-3.15858
-3.11536
-3.28598
-3.03999
-0.714954
-3.28005
-5.71515
-2.11939
-3.10973
-2.37216
-3.09851
-3.11851
0

0
-3.24251
-2.3725
-2.83521
-3.16445
-3.30816
-3.36188
-3.22035
-4.38081
-3.2416
-3.14302
-3.11872
-2.48573
-3.66906
-4.22627
3.33726
-1.75719
-2.984
-4.57247
-3.01076
-3.11154
0

0
-3.22776
-2.85271
-2.88389
-3.17832
-2.68492
-3.17949
-3.22106
-0.762478
-3.06014
-3.14824
-3.13094
-2.95736
-3.66323
-3.89088
-5.29915
-3.17277
-3.41611
-3.80416
-2.77706
-3.10197
0

0
-3.22635
-3.07094
-3.08148
-3.25552
-2.12121
-2.84572
-3.03921
-0.407516
-2.86837
-3.12484
-3.13076
-3.16179
-3.39709
-4.58373
-5.60414
-3.14513
-4.18634
-3.23474
-2.94078
-3.11299
0

0
-3.22874
-3.13595
-3.14955
-3.21568
-2.7259
-2.65325
-2.92569
-6.37781
-3.25687
-3.13619
-3.12655
-3.2465
-0.710669
-4.04603
-0.934586
-2.50493
-4.66143
-3.46613
-8.0669
-3.13882
0

0
-3.23126
-3.16624
-3.16987
-2.97199
-4.67877
-3.28976
-3.11518
-3.68336
-3.23601
-3.14923
-3.12223
-3.1443
-0.225507
-1.3713
-0.0443197
-2.67144
-3.8412
-3.28967
-1.64518
-3.18338
0

0
-3.23231
-3.21471
-3.17911
-3.05604
-3.62586
-3.89233
-3.28866
-3.12053
-3.18823
-3.16426
-3.11436
-3.08411
-21.2794
-1.21373
-0.256192
-4.17903
-7.08936
-4.03673
-1.76319
-3.19632
0

0
-3.23199
-3.24268
-3.20781
-3.24747
-2.17473
-3.01945
-3.18424
-3.4798
-3.21764
-3.14011
-3.13762
-3.32894
-15.3602
-0.573437
1.67019
-6.86685
-3.52496
-3.3603
-2.95766
-3.18177
0

0
-3.2243
-3.19708
-3.3026
-3.22941
-3.44866
-3.17323
-3.18778
-4.16443
-3.20172
-3.1234
-3.11893
-3.24695
1.75519
0.871954
-11.2664
-6.31459
-3.33115
-2.94378
-3.26408
-3.14805
0

0
-2.8584
-2.56386
-2.69743
-2.84026
-3.03802
-2.83768
-2.81089
-1.90192
-2.71759
-2.74568
-2.75309
-2.73322
-0.560813
-9.31683
-3.46646
-2.58235
-2.18446
-3.05905
-2.98377
-2.76518
0

0
-0.421405
-0.289173
-0.149602
0.0451689
0.690232
0.0529321
-0.0317048
-0.121381
-0.178812
-0.284031
-0.316106
-0.354066
-1.25901
0.188125
1.77163
1.7574
3.99955
-0.865673
-0.516902
-0.186794
0

0
0
0
0
0
0
0
0
0
0
0
0
0
0
0
0
0
0
0
0
0
0


0
0
0
0
0
0
0
0
0
0
0
0
0
0
0
0
0
0
0
0
0
0

0
-7.44073
-9.67432
-7.40403
-7.28793
-8.96086
-8.46727
-7.70976
-7.02601
-8.70794
-7.52235
-7.46657
-8.25053
-7.37355
-7.81545
-7.77623
-17.4361
-6.8676
-7.12781
-7.59141
-7.50847
0

0
-2.6815
-5.61791
-2.40249
-2.4589
-1.17448
-2.5366
-2.41168
-2.58249
-3.49422
-2.51132
-2.50065
-1.98555
-2.38098
-2.4573
-2.42863
-1.38829
-1.88071
-2.25048
-2.45016
-2.48738
0

0
-3.24407
-7.08948
-3.12113
-3.30036
-1.07211
-2.19843
-3.17072
-3.74578
-3.37188
-3.15578
-3.09414
-3.92314
-3.30154
-3.11956
-3.53882
-5.68866
-2.9593
-3.08749
-3.1011
-3.08255
0

0
-3.21986
-4.791
-3.27989
-3.08385
-3.0259
-2.61951
-2.9329
-2.92859
-2.66335
-3.12509
-3.15865
-4.74939
-4.78284
-3.17481
-2.93912
-14.4717
-3.09411
-2.82169
-3.04444
-3.06362
0

0
-3.22334
-3.80026
-3.31141
-3.01035
-3.8365
-3.42202
-3.06892
-2.90953
-2.78807
-3.08119
-3.18443
-3.13585
-3.31453
-3.18783
-4.04087
-4.72553
-3.25247
-3.06399
-2.98621
-3.05684
0

0
-3.20475
-2.87575
-3.33385
-3.085
-3.80348
-3.34124
-3.10084
-3.67372
-3.02128
-3.06325
-3.10481
-2.75455
-2.95536
-3.32939
-5.88735
-2.43658
-3.09871
-2.65067
-2.90943
-3.05064
0

0
-3.18612
-2.78038
-2.96222
-3.08508
-3.11982
-3.18338
-3.09192
-3.21375
-3.04469
-3.06741
-3.05613
-2.87357
-3.24556
-3.81807
0.849137
-1.96201
-2.67927
-3.61313
-2.98474
-3.04764
0

0
-3.1788
-2.91331
-2.95388
-3.10109
-2.36165
-2.97914
-3.03186
-1.3717
-2.9196
-3.06019
-3.05488
-2.95201
-3.36682
-3.65094
-5.27759
-2.67674
-2.43975
-3.27057
-3.13963
-3.04291
0

0
-3.1783
-3.00616
-3.02077
-3.10374
-2.04165
-2.68742
-2.95633
-2.98058
-2.95203
-3.05462
-3.05284
-3.04027
-2.65876
-4.00992
-3.29675
-2.00287
-1.35968
-2.67051
-3.92341
-3.04921
0

0
-3.18008
-3.04893
-3.05757
-3.01718
-3.4858
-2.82975
-2.9842
-3.89826
-3.13698
-3.06729
-3.05245
-3.04179
-0.794347
-3.33214
-0.387055
-1.17019
-1.88592
-2.87466
-4.52437
-3.0808
0

0
-3.1819
-3.07358
-3.07141
-2.98741
-5.57015
-3.58587
-3.11515
-3.33119
-3.12668
-3.07338
-3.05335
-3.044
-7.92007
-1.70595
-1.23019
-1.57386
2.06156
-1.61486
-2.52669
-3.08882
0

0
-3.18011
-3.10485
-3.07371
-3.09027
-2.03575
-3.16722
-3.13629
-3.23569
-3.11455
-3.07232
-3.05629
-3.11556
-9.45471
-0.766436
-4.0118
-3.60206
-1.55855
-3.04113
-2.47596
-3.08926
0

0
-3.16128
-3.08257
-3.05502
-3.08251
-2.79615
-3.02315
-3.08769
-3.48172
-3.10846
-3.04895
-3.04911
-3.12394
-4.5907
-1.16958
-6.85609
-3.63586
-1.78354
-3.12886
-2.88191
-3.06017
0

0
-2.79282
-2.66289
-2.68721
-2.70653
-2.84432
-2.69742
-2.70462
-2.79114
-2.71076
-2.68397
-2.684
-2.69392
-0.906003
-5.01722
-3.85825
-2.32994
-3.74046
-2.84537
-2.70863
-2.67919
0

0
-0.43358
-0.207894
-0.10671
0.050545
0.418593
0.061102
-0.0404113
0.147253
-0.157891
-0.260703
-0.296262
-0.288234
-0.247253
-1.40662
1.91551
-1.53144
-0.850733
-1.06163
-0.503217
-0.167964
0

0
0
0
0
0
0
0
0
0
0
0
0
0
0
0
0
0
0
0
0
0
0


0
0
0
0
0
0
0
0
0
0
0
0
0
0
0
0
0
0
0
0
0
0

0
-7.43434
-7.28135
-7.3683
-7.53081
-3.11833
-7.91747
-7.66216
-7.72039
-7.5814
-7.56205
-7.50543
-7.20881
-7.59897
-7.84419
-8.11233
-9.50677
-7.53324
-7.27748
-7.61245
-7.52855
0

0
-2.62549
-2.0632
-2.52748
-2.30862
-7.0909
-2.74625
-2.49958
-2.40696
-2.59648
-2.49339
-2.5065
-2.52881
-2.44008
-2.45738
-2.34671
-4.82082
-2.30138
-2.24966
-2.418
-2.47644
0

0
-3.20838
-3.46641
-3.04845
-3.14829
-1.69087
-2.96554
-3.10778
-3.23754
-3.36743
-3.10834
-3.09585
-3.03121
-3.17862
-3.15332
-3.22524
1.70896
-2.97806
-3.05117
-3.08619
-3.07708
0

0
-3.21261
-3.82414
-3.16149
-3.1789
-0.551855
-2.5827
-3.04288
-3.23801
-3.08772
-3.10804
-3.11119
-3.66714
-3.28692
-3.17014
-3.21868
-4.40602
-2.59842
-3.04739
-3.06203
-3.06271
0

0
-3.21705
-3.66758
-3.16868
-3.10134
-1.70046
-2.91595
-3.0207
-2.98097
-2.91943
-3.09053
-3.13379
-3.4827
-3.42087
-3.20505
-3.2517
-6.00204
-3.16811
-3.03157
-3.04491
-3.0596
0

0
-3.20939
-3.27214
-3.21982
-3.0688
-3.17306
-3.16616
-3.06454
-3.08435
-2.96047
-3.07273
-3.11579
-3.01496
-3.14925
-3.21323
-4.18229
-3.90179
-3.07815
-2.90296
-3.04678
-3.05531
0

0
-3.19532
-3.01368
-3.13154
-3.07694
-3.42675
-3.18023
-3.07502
-3.13045
-3.02154
-3.06698
-3.07669
-2.98923
-3.14936
-3.36806
-3.53128
-2.92346
-2.8556
-2.99162
-3.09263
-3.05164
0

0
-3.18531
-2.97176
-3.03341
-3.07948
-2.92481
-3.09178
-3.05445
-2.6549
-3.00825
-3.06386
-3.06247
-2.98206
-3.09964
-3.45099
-2.6163
-2.47001
-2.73683
-3.26761
-3.16277
-3.04837
0

0
-3.18152
-3.00591
-3.02767
-3.08599
-2.16428
-2.90299
-3.01872
-2.57696
-2.97592
-3.05928
-3.05785
-3.00017
-2.88907
-3.54851
-3.89919
-1.98286
-3.02201
-3.33388
-3.19175
-3.0504
0

0
-3.18162
-3.03889
-3.0493
-3.05992
-2.4601
-2.81185
-3.00737
-3.21173
-3.04991
-3.06295
-3.05621
-3.00781
-2.17212
-3.58852
-1.56977
-0.742419
-3.5434
-3.43315
-3.63985
-3.06358
0

0
-3.18316
-3.05775
-3.0653
-3.01826
-4.672
-3.19304
-3.06008
-3.32402
-3.10318
-3.06972
-3.05634
-3.00795
-2.43711
-2.8549
-0.178888
-0.40494
-1.78755
-3.29122
-3.41908
-3.07532
0

0
-3.18196
-3.0693
-3.06861
-3.0823
-3.531
-3.31139
-3.11788
-3.21726
-3.1034
-3.06973
-3.05667
-3.06507
-4.65661
-1.61037
-2.75093
-1.94479
-1.42285
-2.95811
-2.88218
-3.07402
0

0
-3.16183
-3.06601
-3.05088
-3.07598
-2.76464
-3.08621
-3.09124
-3.18764
-3.08359
-3.04933
-3.04402
-3.0895
-4.59122
-1.11147
-5.14973
-3.46087
-2.86651
-3.04675
-2.8428
-3.04816
0

0
-2.78824
-2.69123
-2.68121
-2.69215
-2.6309
-2.67997
-2.69994
-2.79192
-2.70702
-2.68268
-2.68278
-2.70131
-2.527
-2.57135
-4.31382
-3.19765
-4.01395
-2.76239
-2.61585
-2.66816
0

0
-0.463836
-0.200036
-0.136933
-0.013529
0.245936
0.00620437
-0.0976168
0.0703089
-0.197186
-0.27747
-0.310103
-0.296867
0.244908
-1.92746
1.10519
-3.32292
-2.65366
-0.950879
-0.480946
-0.185066
0

0
0
0
0
0
0
0
0
0
0
0
0
0
0
0
0
0
0
0
0
0
0


0
0
0
0
0
0
0
0
0
0
0
0
0
0
0
0
0
0
0
0
0
0

0
-7.44733
-7.12456
-7.42625
-7.64849
-3.35019
-7.40372
-7.61919
-7.68702
-7.6637
-7.5771
-7.53638
-7.43827
-7.67252
-7.85117
-8.05922
-7.93172
-7.60234
-7.48099
-7.64858
-7.54378
0

0
-2.61668
-2.48036
-2.49504
-2.47254
-6.29563
-2.35732
-2.48757
-2.47826
-2.49955
-2.49833
-2.50396
-2.46587
-2.46721
-2.47122
-2.43892
-3.30557
-2.34238
-2.23364
-2.39846
-2.46826
0

0
-3.19333
-3.05898
-3.07933
-3.01172
-5.32726
-3.37487
-3.11083
-3.12045
-3.17229
-3.09443
-3.0926
-3.09934
-3.1232
-3.14538
-3.15692
-2.48508
-3.14672
-3.04938
-3.08362
-3.07334
0

0
-3.19771
-3.31067
-3.09784
-3.07668
-4.67049
-3.10141
-3.08161
-3.1377
-3.13161
-3.09092
-3.09511
-3.23646
-3.18044
-3.14807
-3.209
-1.4359
-2.85983
-3.06312
-3.07218
-3.06027
0

0
-3.20729
-3.39006
-3.13339
-3.11685
-2.42574
-2.92242
-3.0469
-3.07685
-3.04115
-3.08842
-3.10839
-3.31703
-3.24342
-3.1675
-3.26253
-3.90589
-2.96644
-3.03028
-3.07473
-3.05937
0

0
-3.20701
-3.28873
-3.14686
-3.09563
-2.30396
-2.99823
-3.04947
-3.04001
-3.00413
-3.07816
-3.1056
-3.14804
-3.17242
-3.18446
-3.3624
-4.10497
-3.23395
-3.08156
-3.08328
-3.057
0

0
-3.19948
-3.13878
-3.13577
-3.07928
-2.91261
-3.09031
-3.06271
-3.05105
-3.0176
-3.07045
-3.08613
-3.05039
-3.12341
-3.21948
-3.71172
-3.56088
-3.44645
-3.10471
-3.09261
-3.05426
0

0
-3.19106
-3.05446
-3.08754
-3.0748
-3.07864
-3.10408
-3.06141
-2.9483
-3.02467
-3.06631
-3.07072
-3.02917
-3.06125
-3.28958
-3.29329
-3.03238
-3.72446
-3.28328
-3.11825
-3.05287
0

0
-3.18584
-3.03612
-3.05805
-3.07597
-2.77133
-3.03407
-3.04613
-2.82655
-3.01641
-3.06346
-3.06339
-3.01629
-2.93634
-3.34642
-3.48564
-2.33571
-3.96216
-3.43538
-3.1681
-3.05405
0

0
-3.18411
-3.04422
-3.05602
-3.07106
-2.50377
-2.92838
-3.03378
-2.98313
-3.03461
-3.06367
-3.06012
-3.01355
-2.67968
-3.40481
-2.8607
-0.92134
-3.59895
-3.39044
-3.25365
-3.05908
0

0
-3.18432
-3.05508
-3.06334
-3.05244
-3.25893
-3.00155
-3.04905
-3.15637
-3.07293
-3.06727
-3.05914
-3.01556
-2.58292
-3.23965
-1.21441
0.326322
-2.89587
-3.4281
-3.32303
-3.0668
0

0
-3.1822
-3.06004
-3.06626
-3.06992
-3.78168
-3.21337
-3.08865
-3.17489
-3.08879
-3.06703
-3.05733
-3.04285
-3.31378
-2.68394
-1.71751
-0.731074
-1.70469
-3.13015
-3.14028
-3.06568
0

0
-3.16107
-3.04346
-3.047
-3.07121
-3.16368
-3.14301
-3.08257
-3.13613
-3.07172
-3.04706
-3.04112
-3.06245
-3.72614
-2.16431
-4.11832
-3.6885
-3.02918
-2.98375
-2.96392
-3.03925
0

0
-2.78677
-2.6725
-2.67314
-2.68753
-2.62479
-2.69589
-2.69858
-2.73438
-2.6983
-2.68122
-2.68044
-2.69938
-2.88594
-2.33905
-4.37447
-4.29632
-4.61168
-2.76782
-2.60143
-2.6607
0

0
-0.488423
-0.229525
-0.168396
-0.0649576
0.168407
-0.0425349
-0.147408
-0.0579846
-0.237132
-0.29217
-0.32042
-0.320562
0.126404
-1.65067
-0.365857
-4.49932
-2.95577
-0.767375
-0.427212
-0.203091
0

0
0
0
0
0
0
0
0
0
0
0
0
0
0
0
0
0
0
0
0
0
0


0
0
0
0
0
0
0
0
0
0
0
0
0
0
0
0
0
0
0
0
0
0

0
-7.47094
-7.28024
-7.48078
-7.47391
-9.70457
-7.8566
-7.64516
-7.66243
-7.65238
-7.58477
-7.5577
-7.53428
-7.68718
-7.83422
-7.98988
-7.85149
-7.81431
-7.66909
-7.69231
-7.5525
0

0
-2.607
-2.48082
-2.47443
-2.54087
-2.15053
-2.21857
-2.46431
-2.48916
-2.49709
-2.49756
-2.50094
-2.4731
-2.48614
-2.48044
-2.47278
-2.64639
-2.27086
-2.22075
-2.38807
-2.45897
0

0
-3.18799
-3.06882
-3.07881
-3.10088
-3.26876
-2.98159
-3.07906
-3.09924
-3.11688
-3.09117
-3.0902
-3.09459
-3.10962
-3.13531
-3.16039
-3.36447
-3.14459
-3.04793
-3.08458
-3.06842
0

0
-3.18823
-3.14592
-3.08431
-3.06013
-3.88328
-3.16149
-3.0812
-3.09519
-3.10489
-3.08311
-3.08704
-3.13787
-3.13033
-3.13124
-3.16693
-2.52225
-3.11739
-3.06969
-3.07876
-3.05699
0

0
-3.1978
-3.22148
-3.10662
-3.07964
-3.76162
-3.11924
-3.07166
-3.08399
-3.07556
-3.0841
-3.09535
-3.18767
-3.16055
-3.14323
-3.19693
-2.87797
-3.10373
-3.09115
-3.08616
-3.05721
0

0
-3.20142
-3.21794
-3.11841
-3.09267
-3.03417
-3.05194
-3.06066
-3.0577
-3.04481
-3.0795
-3.09595
-3.15219
-3.14711
-3.15428
-3.26516
-3.56232
-3.3063
-3.12912
-3.09168
-3.05601
0

0
-3.19907
-3.1592
-3.11812
-3.08742
-2.84191
-3.05575
-3.06119
-3.04432
-3.03538
-3.07361
-3.0871
-3.08619
-3.11068
-3.17157
-3.38719
-3.64119
-3.55836
-3.1796
-3.09735
-3.05444
0

0
-3.1939
-3.1001
-3.10026
-3.07986
-2.96502
-3.07647
-3.0624
-3.01392
-3.03627
-3.06923
-3.07597
-3.05635
-3.06666
-3.20258
-3.40589
-3.46898
-3.75594
-3.24797
-3.11091
-3.05355
0

0
-3.18926
-3.06825
-3.07895
-3.07528
-2.97041
-3.06461
-3.05755
-2.96472
-3.03586
-3.06649
-3.06828
-3.03955
-2.99348
-3.23243
-3.39878
-3.02875
-3.84199
-3.30701
-3.13605
-3.05412
0

0
-3.18667
-3.05922
-3.06839
-3.07162
-2.82064
-3.01371
-3.05109
-2.98589
-3.04194
-3.06561
-3.06393
-3.03019
-2.88707
-3.25281
-3.24604
-1.83999
-3.7411
-3.32195
-3.16642
-3.05666
0

0
-3.18565
-3.05993
-3.06712
-3.06695
-2.90163
-3.00058
-3.05457
-3.07074
-3.06084
-3.06666
-3.06165
-3.02923
-2.82959
-3.2071
-2.42518
-0.135764
-3.23737
-3.28395
-3.1972
-3.0606
0

0
-3.18232
-3.05896
-3.06582
-3.06943
-3.35611
-3.10159
-3.07217
-3.11861
-3.07488
-3.06488
-3.05799
-3.03951
-3.03145
-3.01338
-2.04939
-0.193768
-2.36302
-3.16952
-3.15163
-3.05871
0

0
-3.15981
-3.037
-3.04412
-3.0618
-3.28031
-3.12314
-3.0679
-3.10519
-3.06091
-3.04422
-3.03917
-3.04508
-3.27978
-2.76227
-3.27209
-3.19565
-2.63186
-2.99148
-3.02912
-3.03154
0

0
-2.78499
-2.66654
-2.67032
-2.68415
-2.71303
-2.70998
-2.69418
-2.71589
-2.69231
-2.67939
-2.67835
-2.69289
-2.84442
-2.53911
-3.98949
-4.88243
-3.99209
-2.68067
-2.61273
-2.65367
0

0
-0.512357
-0.253455
-0.195358
-0.111939
0.0915685
-0.0979284
-0.191948
-0.152285
-0.26985
-0.305634
-0.329258
-0.344269
-0.111682
-1.21056
-1.21753
-4.56577
-2.72194
-0.662393
-0.365823
-0.220148
0

0
0
0
0
0
0
0
0
0
0
0
0
0
0
0
0
0
0
0
0
0
0


0
0
0
0
0
0
0
0
0
0
0
0
0
0
0
0
0
0
0
0
0
0

0
-7.49657
-7.40628
-7.51725
-7.52742
-7.52802
-7.68072
-7.6212
-7.64363
-7.63944
-7.59132
-7.57289
-7.57537
-7.68382
-7.8065
-7.93091
-7.89395
-7.94746
-7.80983
-7.73223
-7.55923
0

0
-2.59727
-2.46053
-2.4707
-2.45814
-2.46337
-2.53036
-2.49188
-2.48885
-2.49175
-2.49368
-2.49746
-2.48515
-2.49394
-2.48603
-2.48269
-2.50025
-2.28574
-2.23119
-2.37952
-2.44659
0

0
-3.18436
-3.07021
-3.07458
-3.10023
-2.86531
-2.97383
-3.077
-3.09336
-3.10069
-3.08857
-3.08756
-3.08829
-3.10443
-3.12595
-3.15262
-3.25061
-3.12975
-3.0496
-3.07941
-3.0595
0

0
-3.18321
-3.09944
-3.07792
-3.0875
-3.05151
-3.01571
-3.06779
-3.08275
-3.09026
-3.08041
-3.083
-3.10433
-3.10796
-3.1198
-3.14856
-3.0642
-3.17577
-3.0804
-3.07849
-3.0517
0

0
-3.19126
-3.14239
-3.09256
-3.08326
-3.33756
-3.09069
-3.07288
-3.07992
-3.0808
-3.08164
-3.08843
-3.12996
-3.1229
-3.12711
-3.16643
-2.95264
-3.20028
-3.11293
-3.08608
-3.05301
0

0
-3.19586
-3.15874
-3.10253
-3.08698
-3.28288
-3.09456
-3.06999
-3.06767
-3.06444
-3.07947
-3.08955
-3.12691
-3.12186
-3.13411
-3.20323
-3.22602
-3.28172
-3.13966
-3.09047
-3.05267
0

0
-3.19649
-3.14276
-3.1052
-3.08783
-3.08656
-3.07814
-3.06687
-3.05464
-3.05297
-3.07559
-3.08539
-3.09674
-3.10261
-3.14317
-3.25907
-3.46264
-3.41142
-3.16856
-3.09476
-3.05193
0

0
-3.19422
-3.11266
-3.09897
-3.08385
-3.01261
-3.07332
-3.06553
-3.03978
-3.04874
-3.07184
-3.07829
-3.07168
-3.07393
-3.15602
-3.3052
-3.5374
-3.52106
-3.19297
-3.10183
-3.05142
0

0
-3.1911
-3.08739
-3.08733
-3.07871
-3.0066
-3.0681
-3.06336
-3.02044
-3.04786
-3.06907
-3.0718
-3.0559
-3.03217
-3.16691
-3.31068
-3.4252
-3.59853
-3.21492
-3.11347
-3.05159
0

0
-3.1886
-3.07338
-3.07754
-3.07435
-2.96003
-3.04862
-3.06051
-3.01904
-3.05044
-3.06752
-3.06714
-3.04553
-2.98024
-3.1667
-3.24879
-2.77989
-3.61056
-3.22473
-3.12744
-3.05269
0

0
-3.18685
-3.06742
-3.07236
-3.07165
-2.94361
-3.03358
-3.06113
-3.05059
-3.059
-3.0669
-3.06384
-3.04117
-2.94879
-3.13654
-2.92036
-1.35556
-3.3664
-3.2005
-3.13763
-3.05398
0

0
-3.18238
-3.06126
-3.06696
-3.07039
-3.11142
-3.06242
-3.06654
-3.08294
-3.06634
-3.06332
-3.05854
-3.04259
-3.00282
-3.05355
-2.58978
-0.562018
-2.82386
-3.13303
-3.11916
-3.05015
0

0
-3.15837
-3.03532
-3.04219
-3.0543
-3.18939
-3.08227
-3.05555
-3.07757
-3.05114
-3.04122
-3.03745
-3.03696
-3.10874
-2.9518
-3.00098
-2.45623
-2.67614
-2.99625
-3.04113
-3.022
0

0
-2.78299
-2.66421
-2.66865
-2.67978
-2.74235
-2.70439
-2.68748
-2.70272
-2.6861
-2.67692
-2.67626
-2.68658
-2.77047
-2.65101
-3.45603
-4.70604
-3.35218
-2.63311
-2.62507
-2.64479
0

0
-0.537531
-0.275911
-0.22156
-0.157096
-0.0130965
-0.156957
-0.231231
-0.221904
-0.297002
-0.319162
-0.338371
-0.362428
-0.279091
-0.904616
-1.38481
-3.90423
-2.2931
-0.611511
-0.345285
-0.235372
0

0
0
0
0
0
0
0
0
0
0
0
0
0
0
0
0
0
0
0
0
0
0


0
0
0
0
0
0
0
0
0
0
0
0
0
0
0
0
0
0
0
0
0
0

0
-7.52282
-7.4903
-7.54768
-7.56311
-7.50132
-7.60906
-7.61445
-7.63302
-7.63147
-7.59755
-7.5846
-7.59537
-7.67392
-7.77413
-7.87382
-7.89313
-8.0129
-7.91042
-7.76659
-7.56402
0

0
-2.58502
-2.45231
-2.46453
-2.45435
-2.48624
-2.50579
-2.48078
-2.48162
-2.48366
-2.48732
-2.49187
-2.4883
-2.49432
-2.48695
-2.4846
-2.47299
-2.31235
-2.24886
-2.37403
-2.4315
0

0
-3.18288
-3.06659
-3.07363
-3.07633
-3.04921
-3.0797
-3.08812
-3.09162
-3.09438
-3.08707
-3.08624
-3.08708
-3.10203
-3.11983
-3.14338
-3.18244
-3.11682
-3.04749
-3.07318
-3.05035
0

0
-3.18026
-3.08167
-3.07425
-3.08109
-3.02401
-3.03331
-3.07144
-3.08028
-3.08447
-3.07922
-3.08067
-3.09036
-3.09779
-3.1116
-3.13663
-3.15438
-3.15709
-3.07468
-3.07354
-3.04458
0

0
-3.18711
-3.10705
-3.08505
-3.08572
-3.11435
-3.0566
-3.0722
-3.07872
-3.08127
-3.0807
-3.08472
-3.10428
-3.10534
-3.11622
-3.14747
-3.09532
-3.19313
-3.1051
-3.08216
-3.04747
0

0
-3.19156
-3.1226
-3.09292
-3.08726
-3.17876
-3.08126
-3.07255
-3.07257
-3.07299
-3.07949
-3.08568
-3.10702
-3.10593
-3.11998
-3.1661
-3.15611
-3.227
-3.12423
-3.08652
-3.04802
0

0
-3.19356
-3.12243
-3.0966
-3.08777
-3.14352
-3.08489
-3.07124
-3.06409
-3.06465
-3.07693
-3.08359
-3.09518
-3.09644
-3.12407
-3.19465
-3.3039
-3.28119
-3.1382
-3.08984
-3.04796
0

0
-3.19333
-3.11033
-3.09514
-3.0858
-3.08284
-3.0797
-3.06957
-3.05499
-3.05937
-3.07397
-3.07918
-3.07924
-3.07899
-3.12825
-3.22285
-3.42724
-3.34472
-3.14855
-3.09372
-3.04782
0

0
-3.19178
-3.09509
-3.08944
-3.08198
-3.04748
-3.0732
-3.0678
-3.04562
-3.05705
-3.07136
-3.0742
-3.06636
-3.05445
-3.12927
-3.22877
-3.46876
-3.40614
-3.15721
-3.09904
-3.04783
0

0
-3.1899
-3.08278
-3.08251
-3.07784
-3.02064
-3.0635
-3.06602
-3.04213
-3.05734
-3.06933
-3.06976
-3.05678
-3.0256
-3.1209
-3.1887
-3.24187
-3.43665
-3.15958
-3.10468
-3.04801
0

0
-3.18777
-3.07416
-3.07643
-3.07444
-3.00504
-3.0542
-3.06535
-3.05213
-3.06037
-3.06741
-3.06567
-3.05058
-3.00528
-3.09507
-3.03996
-2.43327
-3.34257
-3.1434
-3.10609
-3.04745
0

0
-3.18205
-3.06401
-3.06805
-3.07001
-3.04926
-3.05747
-3.06445
-3.06631
-3.06153
-3.06184
-3.05865
-3.04641
-3.01608
-3.04797
-2.85736
-1.50759
-3.0485
-3.09167
-3.09038
-3.04132
0

0
-3.15596
-3.03398
-3.03979
-3.04767
-3.09744
-3.05506
-3.04612
-3.05609
-3.04235
-3.03737
-3.03489
-3.03244
-3.05158
-3.00464
-2.98604
-2.19724
-2.8384
-2.98661
-3.03056
-3.01105
0

0
-2.77958
-2.6618
-2.6661
-2.67402
-2.71978
-2.68918
-2.67938
-2.68891
-2.67851
-2.67277
-2.67282
-2.68053
-2.72481
-2.69415
-3.11005
-3.82634
-2.98963
-2.60488
-2.62449
-2.63402
0

0
-0.565936
-0.30069
-0.249866
-0.201763
-0.119583
-0.212344
-0.266925
-0.274957
-0.32133
-0.33452
-0.349756
-0.376871
-0.371304
-0.729781
-1.26747
-3.15755
-1.8469
-0.582301
-0.350479
-0.252843
0

0
0
0
0
0
0
0
0
0
0
0
0
0
0
0
0
0
0
0
0
0
0


0
0
0
0
0
0
0
0
0
0
0
0
0
0
0
0
0
0
0
0
0
0

0
-7.46378
-7.5045
-7.55173
-7.57222
-7.53574
-7.60679
-7.60781
-7.61797
-7.6169
-7.58355
-7.57128
-7.58901
-7.65355
-7.75716
-7.85276
-7.90741
-8.18077
-8.13447
-7.84058
-7.5404
0

0
-2.39759
-2.30138
-2.32582
-2.33085
-2.3344
-2.34717
-2.34267
-2.34655
-2.34841
-2.351
-2.35725
-2.36399
-2.36895
-2.36971
-2.36659
-2.35124
-2.27941
-2.23333
-2.26376
-2.26996
0

0
-3.03805
-2.95228
-2.9797
-2.99073
-2.9909
-3.01636
-3.00735
-3.00846
-3.00913
-2.99683
-2.995
-3.00206
-3.02182
-3.05486
-3.08542
-3.10457
-3.11903
-3.0737
-3.01653
-2.9398
0

0
-3.02896
-2.95285
-2.97086
-2.98357
-2.9685
-2.98584
-2.98918
-2.99156
-2.99335
-2.98202
-2.98155
-2.99152
-3.00671
-3.03775
-3.06867
-3.0882
-3.10515
-3.05617
-2.99665
-2.92625
0

0
-3.0356
-2.97208
-2.98011
-2.99241
-2.98873
-2.98355
-2.98836
-2.99072
-2.99267
-2.98313
-2.98426
-2.99885
-3.00967
-3.04004
-3.0746
-3.07398
-3.1123
-3.06414
-2.999
-2.92945
0

0
-3.04225
-2.99023
-2.98972
-2.99974
-3.02753
-2.99407
-2.98867
-2.98789
-2.9892
-2.98318
-2.98608
-3.00362
-3.01079
-3.04251
-3.08429
-3.08004
-3.11194
-3.06675
-3.00023
-2.93179
0

0
-3.04842
-3.0033
-2.99856
-3.00637
-3.04614
-3.00397
-2.98935
-2.98338
-2.98439
-2.98255
-2.9867
-3.00246
-3.00755
-3.04532
-3.09971
-3.13732
-3.11695
-3.0662
-3.00163
-2.93405
0

0
-3.05365
-3.00975
-3.00535
-3.01176
-3.03964
-3.00876
-2.98996
-2.97787
-2.97986
-2.98155
-2.98592
-2.99654
-2.99889
-3.04755
-3.11659
-3.22317
-3.13363
-3.06496
-3.00404
-2.93648
0

0
-3.05798
-3.01141
-3.00961
-3.01581
-3.02614
-3.01033
-2.99064
-2.97218
-2.97662
-2.98056
-2.98426
-2.98915
-2.98485
-3.04682
-3.12219
-3.30511
-3.15809
-3.06423
-3.00803
-2.93922
0

0
-3.06171
-3.01098
-3.01196
-3.01906
-3.01396
-3.00992
-2.99158
-2.9686
-2.97509
-2.97985
-2.98231
-2.98197
-2.96687
-3.03884
-3.09666
-3.30237
-3.17377
-3.06137
-3.01298
-2.94216
0

0
-3.06453
-3.00944
-3.01278
-3.02176
-3.00603
-3.00856
-2.99275
-2.97014
-2.975
-2.97877
-2.97978
-2.97559
-2.95043
-3.01898
-3.01277
-3.02309
-3.13598
-3.04704
-3.01516
-2.9441
0

0
-3.06209
-3.00211
-3.00786
-3.02021
-3.01291
-3.00695
-2.99043
-2.97247
-2.97155
-2.97267
-2.97261
-2.96786
-2.94441
-2.98797
-2.89736
-2.46414
-2.98784
-3.00126
-3.00212
-2.93886
0

0
-3.0338
-2.9676
-2.97597
-2.99298
-3.01393
-2.98647
-2.96411
-2.95111
-2.94408
-2.94258
-2.94341
-2.94456
-2.94446
-2.95901
-2.90891
-2.44472
-2.81055
-2.89536
-2.94208
-2.90318
0

0
-2.64254
-2.57748
-2.58525
-2.60284
-2.6337
-2.60299
-2.58022
-2.57027
-2.56319
-2.56118
-2.56511
-2.57673
-2.60371
-2.63597
-2.81109
-3.15558
-2.61669
-2.45996
-2.5154
-2.50703
0

0
-0.43594
-0.214548
-0.170194
-0.147741
-0.125371
-0.157806
-0.177853
-0.182374
-0.206949
-0.215598
-0.231101
-0.263712
-0.300212
-0.527961
-0.949518
-2.2454
-1.14139
-0.394205
-0.233504
-0.125634
0

0
0
0
0
0
0
0
0
0
0
0
0
0
0
0
0
0
0
0
0
0
0


0
0
0
0
0
0
0
0
0
0
0
0
0
0
0
0
0
0
0
0
0
0

0
-6.64831
-6.41059
-6.50513
-6.55544
-6.52685
-6.59509
-6.57683
-6.58141
-6.58132
-6.53393
-6.52405
-6.56593
-6.63482
-6.77612
-6.87755
-6.94824
-7.41641
-7.39207
-6.87107
-6.43254
0

0
-1.6614
-1.27605
-1.35776
-1.39768
-1.39308
-1.41446
-1.3974
-1.4
-1.40193
-1.38874
-1.39689
-1.42988
-1.44581
-1.48739
-1.48968
-1.47383
-1.57722
-1.5495
-1.36737
-1.24447
0

0
-2.36548
-1.98987
-2.08524
-2.13543
-2.12852
-2.17737
-2.14885
-2.14836
-2.1478
-2.1116
-2.10766
-2.13912
-2.17977
-2.26846
-2.31697
-2.32293
-2.50001
-2.4781
-2.2116
-1.99636
0

0
-2.3663
-1.99398
-2.08272
-2.1339
-2.13441
-2.18061
-2.14772
-2.14525
-2.14575
-2.10607
-2.10188
-2.13268
-2.17368
-2.26666
-2.31767
-2.31477
-2.43155
-2.4118
-2.17925
-1.9902
0

0
-2.38461
-2.02358
-2.10047
-2.15269
-2.15667
-2.19319
-2.16041
-2.15637
-2.15788
-2.11555
-2.11203
-2.14506
-2.18458
-2.28265
-2.3378
-2.32095
-2.38337
-2.37187
-2.16878
-2.00031
0

0
-2.40517
-2.06107
-2.12175
-2.17428
-2.19043
-2.20466
-2.17027
-2.16375
-2.1656
-2.12327
-2.12192
-2.16028
-2.196
-2.29897
-2.35908
-2.31718
-2.32777
-2.33045
-2.15749
-2.00902
0

0
-2.42803
-2.10382
-2.14681
-2.19875
-2.23579
-2.21995
-2.17929
-2.16789
-2.16934
-2.1302
-2.13213
-2.17645
-2.20768
-2.31775
-2.38619
-2.32362
-2.27289
-2.29169
-2.14796
-2.01783
0

0
-2.4523
-2.14695
-2.17433
-2.22509
-2.28127
-2.23841
-2.18822
-2.16892
-2.16983
-2.1366
-2.14211
-2.18976
-2.2172
-2.33939
-2.42096
-2.35667
-2.22806
-2.25906
-2.14189
-2.02737
0

0
-2.47727
-2.1866
-2.20271
-2.2524
-2.32004
-2.25868
-2.19771
-2.16747
-2.1686
-2.1429
-2.1515
-2.19854
-2.2223
-2.36305
-2.45967
-2.41547
-2.19816
-2.23527
-2.14099
-2.03826
0

0
-2.50276
-2.22136
-2.23089
-2.28034
-2.35139
-2.27982
-2.20849
-2.16516
-2.16756
-2.14981
-2.16053
-2.20358
-2.22184
-2.38629
-2.49098
-2.47692
-2.18033
-2.22092
-2.14659
-2.0511
0

0
-2.52882
-2.25145
-2.25832
-2.30882
-2.37531
-2.30064
-2.22109
-2.16488
-2.16837
-2.15774
-2.16951
-2.2067
-2.21721
-2.40559
-2.49873
-2.47915
-2.1593
-2.21146
-2.15782
-2.06585
0

0
-2.55234
-2.27417
-2.28147
-2.3347
-2.39132
-2.31765
-2.23275
-2.16687
-2.16906
-2.16363
-2.17573
-2.20769
-2.21288
-2.41837
-2.47256
-2.35674
-2.10965
-2.19097
-2.16529
-2.07787
0

0
-2.55476
-2.27167
-2.28153
-2.3391
-2.38855
-2.3138
-2.22568
-2.15513
-2.15292
-2.15066
-2.16365
-2.19492
-2.20738
-2.41928
-2.42187
-2.19825
-2.03058
-2.13001
-2.14012
-2.06615
0

0
-2.20929
-1.92925
-1.94004
-2.00111
-2.05018
-1.97092
-1.88158
-1.81102
-1.80316
-1.80203
-1.81613
-1.85093
-1.88287
-2.0904
-2.05238
-1.8302
-1.66454
-1.74642
-1.77314
-1.71273
0

0
-0.173183
0.266342
0.300606
0.259659
0.20853
0.280206
0.351583
0.403663
0.40532
0.403324
0.386349
0.344047
0.289622
0.0643297
0.0411171
0.494326
0.248937
0.157986
0.316274
0.502406
0

0
0
0
0
0
0
0
0
0
0
0
0
0
0
0
0
0
0
0
0
0
0


0
0
0
0
0
0
0
0
0
0
0
0
0
0
0
0
0
0
0
0
0
0

0
0
0
0
0
0
0
0
0
0
0
0
0
0
0
0
0
0
0
0
0
0

0
0
0
0
0
0
0
0
0
0
0
0
0
0
0
0
0
0
0
0
0
0

0
0
0
0
0
0
0
0
0
0
0
0
0
0
0
0
0
0
0
0
0
0

0
0
0
0
0
0
0
0
0
0
0
0
0
0
0
0
0
0
0
0
0
0

0
0
0
0
0
0
0
0
0
0
0
0
0
0
0
0
0
0
0
0
0
0

0
0
0
0
0
0
0
0
0
0
0
0
0
0
0
0
0
0
0
0
0
0

0
0
0
0
0
0
0
0
0
0
0
0
0
0
0
0
0
0
0
0
0
0

0
0
0
0
0
0
0
0
0
0
0
0
0
0
0
0
0
0
0
0
0
0

0
0
0
0
0
0
0
0
0
0
0
0
0
0
0
0
0
0
0
0
0
0

0
0
0
0
0
0
0
0
0
0
0
0
0
0
0
0
0
0
0
0
0
0

0
0
0
0
0
0
0
0
0
0
0
0
0
0
0
0
0
0
0
0
0
0

0
0
0
0
0
0
0
0
0
0
0
0
0
0
0
0
0
0
0
0
0
0

0
0
0
0
0
0
0
0
0
0
0
0
0
0
0
0
0
0
0
0
0
0

0
0
0
0
0
0
0
0
0
0
0
0
0
0
0
0
0
0
0
0
0
0

0
0
0
0
0
0
0
0
0
0
0
0
0
0
0
0
0
0
0
0
0
0

0
0
0
0
0
0
0
0
0
0
0
0
0
0
0
0
0
0
0
0
0
0


