0
0
0
0
0
-1.08973
0
0
0
0
0
0
0
0
0
0
0
0
0
0
0
0

0
-0.506817
-1.16104
-0.549884
-0.146251
-0.494716
-0.550049
-0.721453
0.989021
-4.86418
-0.530196
-0.566473
-3.14918
-0.0364781
-0.650999
-0.498281
-0.938138
1.47647
-0.159471
-0.948052
-0.649914
0

0
-0.960175
-2.11004
-1.14415
-0.7087
-0.0183585
0
-1.27369
0.321149
-2.44421
-1.14855
-0.92686
-4.87811
-0.140038
-0.846097
-0.843113
-0.251099
0.751986
-0.248574
-1.61279
-1.03421
0

0
-1.16073
-2.96793
-1.48315
-1.15718
0
-0.809066
-1.6666
0
-2.40611
-1.61867
-1.37428
-3.56791
-0.349732
-0.993721
-0.979899
-0.41628
0.488683
-0.400841
-2.20031
-1.39481
0

0
-1.29335
-3.56732
-1.78623
-1.4697
-0.534803
-1.21474
-2.01877
-0.333761
-2.52508
-2.05853
-1.85654
-4.09425
-3.16913
-1.22622
-0.944757
-1.95584
0.618224
-0.593572
-2.76251
-1.74883
0

0
-1.63153
-3.49392
-2.06943
-1.78623
-0.764625
-1.63692
-2.36574
-0.552936
-2.84341
-2.41672
-2.42475
-3.98338
-2.57604
-1.55108
0.148999
-2.64601
0.538198
-0.593572
-3.31029
-2.09655
0

0
-2.07311
-3.26295
-2.4476
-2.1225
-0.954489
-1.97084
-2.73511
-0.791998
-3.15962
-2.81004
-2.94155
-4.051
-2.72802
-1.72876
-0.296376
-2.54873
0.36164
-1.10871
-3.83262
-2.43859
0

0
-2.48939
-3.344
-2.79131
-2.46239
-1.11098
-2.28339
-3.07907
0
-3.44762
-3.18657
-3.37715
-4.29366
-3.16883
-1.84278
-0.518958
-2.8999
0.173112
-1.47569
-4.2982
-2.7763
0

0
-2.87103
-3.55224
-3.1322
-2.76387
-1.29341
-2.58061
-3.17972
-2.20211
-3.52117
-3.53359
-3.75968
-4.55022
-3.92322
-1.99321
-0.64616
-3.46232
-0.0470987
-1.8665
-4.9401
-3.11366
0

0
-3.2358
-3.77915
-3.46156
-3.021
-1.7693
-2.85908
-3.29088
-3.15707
-3.63204
-3.84836
-4.09425
-4.71985
-5.39323
-1.95818
-0.787089
-4.18577
-0.251099
-2.36753
-4.79598
-3.45183
0

0
-3.59251
-4.02466
-3.77494
-3.27512
-1.5246
-3.1563
-3.43434
-3.78553
-3.82779
-4.15065
-4.36635
-4.79751
-7.91048
-1.58219
-1.01017
-5.20702
0.936832
-2.86117
-4.9401
-3.78527
0

0
-3.94772
-4.29527
-4.08773
-3.55576
-1.56114
-3.40921
-3.69337
-4.23795
-4.08353
-4.45874
-4.5947
-4.90899
-7.37171
-1.17036
-1.36362
-6.47607
0.709668
-3.45027
-5.13112
-4.11302
0

0
-4.30953
-4.59654
-4.44252
-3.8897
-1.50703
-3.71762
-4.0129
-4.86418
-4.40205
-4.76587
-4.87811
-5.04565
-7.39968
-1.0135
0
-7.65931
0.594995
-3.84504
-5.35745
-4.44859
0

0
-4.6891
-4.90095
-4.57779
-4.24163
-1.48658
-4.07273
-4.4159
-4.90348
-4.79636
-5.11886
-5.21514
-5.56772
-7.0574
0
-3.55529
-8.28595
0.502542
-4.11997
-5.56597
-4.81537
0

0
-5.104
-5.30025
-5.04808
-4.65727
-1.47243
-4.50339
-4.86418
-5.29176
-5.22991
-5.51036
-5.61336
-6.01248
-7.284
-1.58511
-4.21776
-8.92217
0.229527
-4.40836
-5.8581
-5.2275
0

0
-5.104
-5.30025
-5.04808
-4.65727
-0.721453
-4.50339
-4.86418
-5.29176
-5.22991
-5.51036
-5.61336
-6.01248
-7.284
-1.58511
-4.21776
-8.92217
0.229527
-4.40836
-5.8581
-5.2275
0

0
0
0
0
0
0
0
0
0
0
0
0
0
0
0
0
0
0
0
0
0
0


0
0
0
0
0
0
0
0
0
0
0
0
0
0
0
0
0
0
0
0
0
-3.45183

0.506817
-0.506817
-1.16104
-0.549884
-0.146251
-0.494716
-0.550049
-0.721453
0.989021
-4.86418
-0.530196
-0.566473
-3.14918
-0.0364781
-0.650999
-0.498281
-0.938138
1.47647
-0.159471
-0.948052
-0.649914
-0.649914

0.960175
-0.960175
-2.11004
-1.14415
-0.7087
-0.0183585
0
-1.27369
0.321149
-2.44421
-1.14855
-0.92686
-4.87811
-0.140038
-0.846097
-0.843113
-0.251099
0.751986
-0.248574
-1.61279
-1.03421
-1.03421

1.16073
-1.16073
-2.96793
-1.48315
-1.15718
0
-0.809066
-1.6666
0
-2.40611
-1.61867
-1.37428
-3.56791
-0.349732
-0.993721
-0.979899
-0.41628
0.488683
-0.400841
-2.20031
-1.39481
-1.39481

1.29335
-1.29335
-3.56732
-1.78623
-1.4697
-0.534803
-1.21474
-2.01877
-0.333761
-2.52508
-2.05853
-1.85654
-4.09425
-3.16913
-1.22622
-0.944757
-1.95584
0.618224
-0.593572
-2.76251
-1.74883
-1.74883

1.63153
-1.63153
-3.49392
-2.06943
-1.78623
-0.764625
-1.63692
-2.36574
-0.552936
-2.84341
-2.41672
-2.42475
-3.98338
-2.57604
-1.55108
0.148999
-2.64601
0.538198
-0.593572
-3.31029
-2.09655
-2.09655

2.07311
-2.07311
-3.26295
-2.4476
-2.1225
-0.954489
-1.97084
-2.73511
-0.791998
-3.15962
-2.81004
-2.94155
-4.051
-2.72802
-1.72876
-0.296376
-2.54873
0.36164
-1.10871
-3.83262
-2.43859
-2.43859

2.48939
-2.48939
-3.344
-2.79131
-2.46239
-1.11098
-2.28339
-3.07907
0
-3.44762
-3.18657
-3.37715
-4.29366
-3.16883
-1.84278
-0.518958
-2.8999
0.173112
-1.47569
-4.2982
-2.7763
-2.7763

2.87103
-2.87103
-3.55224
-3.1322
-2.76387
-1.29341
-2.58061
-3.17972
-2.20211
-3.52117
-3.53359
-3.75968
-4.55022
-3.92322
-1.99321
-0.64616
-3.46232
-0.0470987
-1.8665
-4.9401
-3.11366
-3.11366

3.2358
-3.2358
-3.77915
-3.46156
-3.021
-1.7693
-2.85908
-3.29088
-3.15707
-3.63204
-3.84836
-4.09425
-4.71985
-5.39323
-1.95818
-0.787089
-4.18577
-0.251099
-2.36753
-4.79598
-3.45183
-3.45183

3.59251
-3.59251
-4.02466
-3.77494
-3.27512
-1.5246
-3.1563
-3.43434
-3.78553
-3.82779
-4.15065
-4.36635
-4.79751
-7.91048
-1.58219
-1.01017
-5.20702
0.936832
-2.86117
-4.9401
-3.78527
-3.78527

3.94772
-3.94772
-4.29527
-4.08773
-3.55576
-1.56114
-3.40921
-3.69337
-4.23795
-4.08353
-4.45874
-4.5947
-4.90899
-7.37171
-1.17036
-1.36362
-6.47607
0.709668
-3.45027
-5.13112
-4.11302
-4.11302

4.30953
-4.30953
-4.59654
-4.44252
-3.8897
-1.50703
-3.71762
-4.0129
-4.86418
-4.40205
-4.76587
-4.87811
-5.04565
-7.39968
-1.0135
0
-7.65931
0.594995
-3.84504
-5.35745
-4.44859
-4.44859

4.6891
-4.6891
-4.90095
-4.57779
-4.24163
-1.48658
-4.07273
-4.4159
-4.90348
-4.79636
-5.11886
-5.21514
-5.56772
-7.0574
0
-3.55529
-8.28595
0.502542
-4.11997
-5.56597
-4.81537
-4.81537

5.104
-5.104
-5.30025
-5.04808
-4.65727
-1.47243
-4.50339
-4.86418
-5.29176
-5.22991
-5.51036
-5.61336
-6.01248
-7.284
-1.58511
-4.21776
-8.92217
0.229527
-4.40836
-5.8581
-5.2275
-5.2275

4.78176
-5.104
-5.30025
-5.04808
-4.65727
-0.721453
-4.50339
-4.86418
-5.29176
-5.22991
-5.51036
-5.61336
-6.01248
-7.284
-1.58511
-4.21776
-8.92217
0.229527
-4.40836
-5.8581
-5.2275
-4.90402

0
0
0
0
0
0
0
0
0
0
0
0
0
0
0
0
0
0
0
0
0
0


0
0
0
0
0
0
0
0
0
0
0
0
0
0
0
0
0
0
0
0
0
0

0.664497
-0.664497
-2.92582
-0.425852
0.0774901
-1.84206
-2.03863
-0.734169
0.211595
-0.181959
-0.789942
-0.806082
-0.0825889
-0.850403
-1.05038
-1.57247
-3.35167
1.46166
-0.311077
-0.663717
-0.760265
-0.760265

0.607506
-0.607506
6.14838
-0.146681
-0.418708
-1.34178
-2.4801
-1.26692
-1.19194
-2.74224
-1.19218
-1.06536
1.01174
-0.651708
-1.8319
-2.27839
-3.01708
1.29787
-0.272125
-1.02349
-1.09543
-1.09543

1.00626
-1.00626
4.30558
-0.634469
-1.12796
-0.964591
-1.3731
-1.69534
-2.72804
-3.0844
-1.59121
-1.41446
-1.58075
-1.20404
-2.57689
-3.36802
4.46373
0.236071
-0.467287
-1.32056
-1.46689
-1.46689

1.34366
-1.34366
-0.654049
-1.42341
-1.57861
-1.14276
-1.16715
-2.06757
-3.20226
-2.66378
-2.06605
-1.8836
-4.10441
-4.85516
-3.37074
-3.84335
0.347881
0.0548305
-0.799081
-1.51822
-1.83968
-1.83968

1.66442
-1.66442
-3.72514
-2.20586
-1.87229
-1.63702
-1.81974
-2.40632
-3.53039
-2.66941
-2.50835
-2.43439
-4.58526
-5.10176
-4.26977
-2.61034
-2.83823
-0.189167
-1.08421
-1.67844
-2.20562
-2.20562

2.09889
-2.09889
-3.796
-2.70328
-2.21416
-1.97719
-2.3277
-2.77731
-3.81445
-3.0454
-2.86763
-2.96827
-4.29536
-4.12087
-4.93255
-3.52476
-2.16672
-0.537637
-1.37575
-1.95772
-2.56332
-2.56332

2.54082
-2.54082
-3.39916
-2.95095
-2.61866
-1.88903
-2.58516
-3.12144
-3.13638
-3.38792
-3.2541
-3.40794
-4.31485
-4.19592
-4.98726
-4.40897
-1.00185
-0.916295
-2.10609
-2.66592
-2.91018
-2.91018

2.94094
-2.94094
-3.58081
-3.24154
-3.00526
-1.72707
-2.78998
-3.29108
-0.905775
-3.60948
-3.62954
-3.7972
-4.64059
-4.07168
-4.54966
-5.10189
-1.02006
-1.41436
-2.81731
-4.10482
-3.24883
-3.24883

3.322
-3.322
-3.93408
-3.63197
-3.31471
-1.91551
-3.05517
-3.40131
-2.12412
-3.75547
-3.97341
-4.15256
-4.77003
-3.64516
-4.10251
-5.27697
-1.16715
-1.75303
-3.08139
-5.16047
-3.59073
-3.59073

3.69814
-3.69814
-4.25482
-4.0238
-3.55887
-2.59861
-3.39965
-3.65233
-3.40066
-4.01449
-4.29392
-4.45717
-4.58555
-2.11813
-3.70386
-5.09611
-1.07114
0.396196
-3.05586
-4.9017
-3.94924
-3.94924

4.07522
-4.07522
-4.5349
-4.37216
-3.84087
-3.0948
-3.8018
-3.94114
-4.07485
-4.30502
-4.60326
-4.71918
-4.44608
-3.03607
-3.25324
-5.03638
-0.84104
0.790199
-3.51692
-4.51617
-4.30932
-4.30932

4.46153
-4.46153
-4.78876
-4.60921
-4.21659
-3.28779
-4.12314
-4.29083
-4.84282
-4.6253
-4.93809
-5.01297
-5.31714
-8.95337
-3.7452
-4.65011
-0.887281
0.230203
-4.25791
-4.99831
-4.66
-4.66

4.86659
-4.86659
-5.06555
-4.63628
-4.62072
-3.69633
-4.46596
-4.69473
-5.49082
-5.00841
-5.29043
-5.37428
-5.56507
-7.18519
-2.82303
-3.51617
-1.55833
-0.302004
-4.57909
-5.67081
-5.0384
-5.0384

5.29441
-5.29441
-5.50471
-5.25004
-5.05148
-4.36816
-4.9213
-5.15236
-5.71813
-5.4481
-5.69807
-5.77068
-5.96762
-5.26712
-0.264589
-5.83632
-2.65282
-0.703617
-4.76217
-6.11774
-5.45899
-5.45899

4.94361
-5.29441
-5.50471
-5.25004
-5.05148
-4.36816
-4.9213
-5.15236
-5.71813
-5.4481
-5.69807
-5.77068
-5.96762
-5.26712
-0.264589
-5.83632
-2.65282
-0.703617
-4.76217
-6.11774
-5.45899
-5.10253

0
0
0
0
0
0
0
0
0
0
0
0
0
0
0
0
0
0
0
0
0
0


0
0
0
0
0
0
0
0
0
0
0
0
0
0
0
0
0
0
0
0
0
0

0.736869
-0.736869
-1.34394
-0.733912
-1.10331
-0.995141
-0.704463
-0.907929
-1.84493
-0.147985
-0.953771
-0.920769
0.373531
-1.43672
-1.31139
-1.49866
0.199578
-1.80177
-0.915953
-0.827972
-0.88477
-0.88477

0.849054
-0.849054
4.0075
-0.91001
-0.749323
-3.00015
-1.85776
-1.24689
-0.944106
-0.683958
-1.22295
-1.27489
-1.68182
-1.97061
-1.8511
-2.05809
-1.95788
-0.458679
-0.945623
-1.10766
-1.19122
-1.19122

1.02969
-1.02969
2.31524
-0.900162
-1.07853
-1.78967
-2.51562
-1.65908
-1.52675
-2.47295
-1.61679
-1.57117
-0.57319
-2.20346
-2.43247
-2.62316
-0.84185
-0.337068
-1.18233
-1.48039
-1.53442
-1.53442

1.31992
-1.31992
1.58833
-1.16538
-1.64218
-0.887781
-1.80874
-2.08143
-2.59073
-3.07056
-2.06092
-1.91973
-1.73511
-1.51966
-2.88926
-3.53103
2.79705
-0.747219
-1.58041
-1.89247
-1.89852
-1.89852

1.68546
-1.68546
-1.1344
-1.78018
-2.05147
-1.01843
-1.6915
-2.42494
-3.00923
-2.94678
-2.51518
-2.40953
-3.88439
-4.83772
-3.44432
-4.72882
-0.0316407
-0.948387
-1.95327
-2.29659
-2.26538
-2.26538

2.1053
-2.1053
-3.47652
-2.58021
-2.3569
-1.81771
-2.26223
-2.78551
-3.61033
-3.06279
-2.92387
-2.9602
-4.60371
-5.50746
-4.401
-4.02551
-2.68938
-1.4826
-2.32609
-2.60012
-2.63071
-2.63071

2.56903
-2.56903
-3.82419
-3.13806
-2.71528
-2.40582
-2.813
-3.18196
-3.91625
-3.40881
-3.29501
-3.44922
-4.5033
-5.5513
-5.46551
-4.32511
-1.99711
-1.94223
-2.84519
-2.7397
-2.99801
-2.99801

3.00521
-3.00521
-3.754
-3.41426
-3.12293
-2.52511
-3.14857
-3.51355
-3.19207
-3.69833
-3.67222
-3.85682
-4.63479
-5.83302
-5.86183
-5.18829
-1.13781
-2.27905
-3.87661
-3.09718
-3.36586
-3.36586

3.41005
-3.41005
-3.98838
-3.70755
-3.51394
-2.6505
-3.34808
-3.66796
-2.13978
-3.88727
-4.03717
-4.22743
-4.89037
-5.49838
-5.35519
-6.59558
-1.14357
-3.02813
-4.8411
-4.49551
-3.72521
-3.72521

3.80565
-3.80565
-4.36991
-4.07571
-3.83991
-3.08633
-3.58675
-3.84222
-3.02248
-4.12013
-4.38589
-4.56264
-4.80142
-4.1222
-4.52604
-7.31182
-1.34725
-4.8756
-5.2123
-5.77418
-4.08467
-4.08467

4.20213
-4.20213
-4.77488
-4.46452
-4.13114
-3.75035
-4.00477
-4.15004
-3.89907
-4.45858
-4.73071
-4.85743
-4.28278
1.5429
-3.76093
-7.34598
-1.50415
-3.76778
-4.83543
-5.59646
-4.46563
-4.46563

4.6045
-4.6045
-5.15742
-4.84948
-4.48573
-4.21463
-4.4762
-4.524
-4.51447
-4.82141
-5.08133
-5.16643
-4.92068
-5.3356
-4.46131
-6.56585
-1.67845
-3.7332
-5.08275
-5.18923
-4.85188
-4.85188

5.01776
-5.01776
-5.49033
-5.25269
-4.92162
-4.22495
-4.84155
-4.9359
-5.30013
-5.2097
-5.4497
-5.52711
-5.72318
-10.5168
-5.34816
-5.41289
-2.31739
-4.37749
-5.73311
-5.56725
-5.23743
-5.23743

5.44045
-5.44045
-5.79192
-5.45721
-5.34713
-4.65337
-5.23458
-5.37255
-5.9254
-5.62572
-5.83736
-5.92127
-6.09358
-9.51364
-5.68565
-4.98621
-3.05873
-4.67197
-6.12674
-6.09837
-5.64133
-5.64133

5.06802
-5.44045
-5.79192
-5.45721
-5.34713
-4.65337
-5.23458
-5.37255
-5.9254
-5.62572
-5.83736
-5.92127
-6.09358
-9.51364
-5.68565
-4.98621
-3.05873
-4.67197
-6.12674
-6.09837
-5.64133
-5.25944

0
0
0
0
0
0
0
0
0
0
0
0
0
0
0
0
0
0
0
0
0
0


0
0
0
0
0
0
0
0
0
0
0
0
0
0
0
0
0
0
0
0
0
0

0.790688
-0.790688
0.137377
-0.869746
-0.899432
0.0639323
-0.935523
-0.914631
-0.891024
-1.01436
-0.93103
-0.95887
-1.24486
-1.16156
-1.19697
-1.24115
-0.231693
-1.33809
-1.15705
-0.923678
-0.905628
-0.905628

1.0319
-1.0319
-0.187512
-1.10464
-1.17702
-2.03702
-1.21992
-1.28201
-1.5977
-1.04788
-1.33272
-1.32692
-0.839596
-1.75704
-1.82841
-2.17399
-1.42135
-2.01815
-1.48295
-1.28747
-1.26609
-1.26609

1.21093
-1.21093
0.344756
-1.32646
-1.2536
-3.89461
-2.01567
-1.68394
-1.57094
-1.50601
-1.69057
-1.70202
-1.83302
-2.19717
-2.38309
-2.79712
-3.49297
-2.08675
-1.78727
-1.66346
-1.61257
-1.61257

1.44491
-1.44491
0.0313431
-1.48434
-1.63535
-2.95862
-2.51146
-2.09619
-2.10979
-2.5671
-2.08266
-2.05253
-1.69172
-2.55863
-2.98661
-3.33758
-0.529044
-2.78677
-2.23808
-2.05303
-1.96854
-1.96854

1.75789
-1.75789
-0.601053
-1.84171
-2.13298
-1.76605
-2.26753
-2.48698
-2.86087
-3.0811
-2.51983
-2.44612
-2.62283
-2.9128
-3.64223
-4.11759
0.837267
-3.56169
-2.90244
-2.42285
-2.33575
-2.33575

2.14671
-2.14671
-2.20205
-2.36953
-2.52459
-1.64241
-2.37169
-2.83497
-3.19143
-3.21266
-2.94962
-2.93402
-3.91729
-4.64472
-4.45882
-5.10734
-1.06947
-4.57872
-3.55862
-2.76776
-2.70765
-2.70765

2.59342
-2.59342
-3.52183
-3.03492
-2.86837
-2.41232
-2.83485
-3.2024
-3.65753
-3.43905
-3.3482
-3.4392
-4.50599
-5.23533
-5.53092
-5.19166
-2.43334
-5.48089
-4.08428
-3.12243
-3.0797
-3.0797

3.04931
-3.04931
-3.928
-3.53388
-3.25226
-3.03365
-3.29449
-3.57308
-3.84526
-3.76403
-3.72913
-3.88199
-4.65261
-5.58454
-6.66437
-5.18358
-2.04963
-5.96098
-4.6406
-3.46968
-3.45161
-3.45161

3.48041
-3.48041
-4.1091
-3.8661
-3.65339
-3.17863
-3.6229
-3.87383
-3.38654
-4.03423
-4.10317
-4.27029
-4.83286
-5.57139
-7.21826
-5.73698
-1.71442
-6.32109
-5.3899
-3.8794
-3.82709
-3.82709

3.8942
-3.8942
-4.39393
-4.20324
-4.02959
-3.31985
-3.87605
-4.0889
-3.14608
-4.26238
-4.46445
-4.62639
-4.94369
-4.49693
-6.94205
-6.82602
-1.93787
-6.98713
-6.08457
-4.83434
-4.20611
-4.20611

4.30495
-4.30495
-4.74859
-4.57757
-4.36746
-3.93792
-4.19183
-4.35078
-3.75911
-4.56892
-4.81928
-4.95275
-4.79918
-1.78305
-6.46471
-7.64228
-2.31028
-7.66929
-6.3915
-5.82591
-4.58569
-4.58569

4.71731
-4.71731
-5.13484
-4.96514
-4.71394
-4.67747
-4.64107
-4.70886
-4.32543
-4.93698
-5.1792
-5.26843
-4.81261
-2.16385
-6.65849
-7.87432
-2.6132
-6.90544
-6.17303
-5.81846
-4.977
-4.977

5.1307
-5.1307
-5.53879
-5.36925
-5.11859
-5.00547
-5.10688
-5.11979
-4.76349
-5.32584
-5.55032
-5.61612
-5.37664
-5.48999
-7.51166
-7.38185
-2.93904
-6.92755
-6.39472
-5.71388
-5.37
-5.37

5.54325
-5.54325
-5.92862
-5.77173
-5.54279
-5.18257
-5.4949
-5.54223
-5.2604
-5.73175
-5.93268
-5.9969
-5.95667
-8.04892
-8.03576
-7.24168
-3.4624
-7.36786
-6.84849
-6.06765
-5.76329
-5.76329

5.15774
-5.54325
-5.92862
-5.77173
-5.54279
-5.18257
-5.4949
-5.54223
-5.2604
-5.73175
-5.93268
-5.9969
-5.95667
-8.04892
-8.03576
-7.24168
-3.4624
-7.36786
-6.84849
-6.06765
-5.76329
-5.36323

0
0
0
0
0
0
0
0
0
0
0
0
0
0
0
0
0
0
0
0
0
0


0
0
0
0
0
1
0
0
0
0
0
0
0
0
0
0
0
0
0
0
0
0

0.836733
-0.836733
-0.735578
-0.914153
-0.911596
0.981674
-0.894242
-0.921357
-0.927615
-0.933176
-0.948382
-0.961814
-1.01057
-1.07289
-1.13219
-1.23779
-1.28613
-1.74801
-1.25195
-0.978859
-0.925006
-0.925006

1.0918
-1.0918
-0.617152
-1.21846
-1.28555
1.18937
-1.18388
-1.31997
-1.36517
-1.35711
-1.36118
-1.3808
-1.44565
-1.65173
-1.7674
-1.945
-1.0656
-2.54482
-1.80063
-1.3941
-1.31242
-1.31242

1.34425
-1.34425
-0.830263
-1.50273
-1.54492
-0.939285
-1.59785
-1.71254
-1.80508
-1.65937
-1.75566
-1.7642
-1.68338
-2.13723
-2.36706
-2.69239
-1.96597
-3.55417
-2.27147
-1.78011
-1.67854
-1.67854

1.59218
-1.59218
-0.891748
-1.76913
-1.76802
-3.33661
-2.28292
-2.11211
-2.11027
-2.16311
-2.14071
-2.14403
-2.1686
-2.55352
-2.96747
-3.40561
-3.09509
-4.42019
-2.76853
-2.16147
-2.04147
-2.04147

1.88217
-1.88217
-1.25009
-2.04705
-2.16187
-3.47612
-2.67892
-2.52393
-2.60239
-2.82919
-2.54673
-2.52747
-2.48971
-3.01221
-3.61318
-4.10288
-1.39553
-5.28706
-3.29065
-2.54484
-2.40895
-2.40895

2.23472
-2.23472
-1.97519
-2.4613
-2.62211
-2.69832
-2.74127
-2.90081
-3.13236
-3.25631
-2.97089
-2.95567
-3.29155
-3.68878
-4.35204
-4.92895
-1.25415
-5.8876
-3.81163
-2.93292
-2.78244
-2.78244

2.64723
-2.64723
-3.01586
-2.97069
-3.01534
-2.55774
-2.97257
-3.26134
-3.50137
-3.52526
-3.38405
-3.42735
-4.10152
-4.62034
-5.27751
-5.89355
-2.37425
-6.46601
-4.33847
-3.30454
-3.15864
-3.15864

3.09316
-3.09316
-3.80122
-3.5204
-3.38563
-3.07842
-3.3824
-3.63178
-3.84224
-3.81916
-3.77792
-3.88675
-4.55641
-5.10694
-6.42051
-6.26012
-2.93057
-6.90411
-4.81478
-3.66261
-3.53622
-3.53622

3.53704
-3.53704
-4.20514
-3.96628
-3.77798
-3.54287
-3.7887
-3.98357
-3.94718
-4.13386
-4.15962
-4.29933
-4.80402
-5.27337
-7.49367
-6.12782
-2.85005
-7.11515
-5.42095
-4.06774
-3.91589
-3.91589

3.96595
-3.96595
-4.50581
-4.33198
-4.17039
-3.76145
-4.10873
-4.28127
-3.84284
-4.41897
-4.5316
-4.67387
-4.98369
-4.81394
-7.90381
-6.46304
-3.01367
-7.41512
-6.05397
-4.61258
-4.29898
-4.29898

4.38606
-4.38606
-4.8394
-4.69702
-4.5374
-4.0566
-4.40028
-4.55977
-4.02172
-4.71065
-4.8957
-5.02215
-5.05795
-3.57156
-7.57938
-7.22866
-3.46048
-8.11355
-6.52985
-5.35542
-4.68759
-4.68759

4.80341
-4.80341
-5.20571
-5.07963
-4.8944
-4.69788
-4.77956
-4.89037
-4.5248
-5.06421
-5.26006
-5.35625
-5.1042
-2.85445
-7.21213
-8.05059
-3.74869
-8.51191
-6.7232
-6.01573
-5.07932
-5.07932

5.21756
-5.21756
-5.5852
-5.46982
-5.27762
-5.38962
-5.2392
-5.28155
-5.01354
-5.45183
-5.63036
-5.6998
-5.37213
-3.38617
-7.4097
-8.40552
-3.89111
-8.26264
-6.7052
-6.18077
-5.4721
-5.4721

5.62396
-5.62396
-5.9624
-5.85546
-5.68342
-5.72259
-5.66377
-5.6937
-5.45471
-5.84608
-6.00502
-6.06605
-5.83885
-4.57787
-7.87562
-8.40638
-4.26126
-8.46053
-6.98208
-6.35536
-5.85865
-5.85865

5.22732
-5.62396
-5.9624
-5.85546
-5.68342
-5.72259
-5.66377
-5.6937
-5.45471
-5.84608
-6.00502
-6.06605
-5.83885
-4.57787
-7.87562
-8.40638
-4.26126
-8.46053
-6.98208
-6.35536
-5.85865
-5.4444

0
0
0
0
0
0
0
0
0
0
0
0
0
0
0
0
0
0
0
0
0
0


0
0
0
0
0
0
0
0
0
0
0
0
0
0
0
0
0
0
0
0
0
0

0.860191
-0.860191
-0.899482
-0.936052
-0.90373
-1.06647
-0.966279
-0.939523
-0.940209
-0.952152
-0.960414
-0.970941
-0.997402
-1.03991
-1.09644
-1.16414
-1.11975
-1.69132
-1.26489
-1.00172
-0.942808
-0.942808

1.16254
-1.16254
-1.09079
-1.31997
-1.29426
-0.920443
-1.40986
-1.3715
-1.37759
-1.3889
-1.398
-1.41637
-1.47979
-1.58639
-1.71541
-1.85706
-1.62208
-2.73729
-1.92428
-1.46605
-1.35925
-1.35925

1.43601
-1.43601
-1.2722
-1.62776
-1.66784
-0.382895
-1.63498
-1.75297
-1.79394
-1.78028
-1.79623
-1.81405
-1.84715
-2.07629
-2.29377
-2.5234
-1.99158
-3.45769
-2.4158
-1.8625
-1.73296
-1.73296

1.71577
-1.71577
-1.5105
-1.94086
-1.98028
-1.21031
-2.02374
-2.14704
-2.18566
-2.17804
-2.19325
-2.20609
-2.23234
-2.52841
-2.87172
-3.20747
-2.86269
-4.19505
-2.87597
-2.25974
-2.1074
-2.1074

2.01248
-2.01248
-1.78709
-2.25558
-2.2908
-2.89924
-2.58533
-2.54999
-2.58529
-2.66804
-2.59242
-2.59823
-2.64
-2.9731
-3.45733
-3.89006
-3.08308
-4.86245
-3.32033
-2.65439
-2.48109
-2.48109

2.34815
-2.34815
-2.24533
-2.61291
-2.68891
-3.50801
-2.97096
-2.95246
-3.04668
-3.16586
-3.00364
-3.00613
-3.13041
-3.48358
-4.07356
-4.63823
-2.65068
-5.55273
-3.78244
-3.04628
-2.85755
-2.85755

2.73217
-2.73217
-2.91522
-3.04787
-3.11745
-3.29051
-3.2134
-3.33152
-3.4769
-3.55522
-3.41773
-3.44355
-3.78042
-4.12371
-4.7642
-5.53792
-3.07008
-6.40939
-4.25028
-3.4314
-3.2372
-3.2372

3.15548
-3.15548
-3.63769
-3.53238
-3.51436
-3.3087
-3.52274
-3.7024
-3.8399
-3.88336
-3.82139
-3.89155
-4.34981
-4.71101
-5.58242
-6.41571
-3.72033
-7.13795
-4.76051
-3.81152
-3.61887
-3.61887

3.59493
-3.59493
-4.19348
-4.00841
-3.89964
-3.69475
-3.90648
-4.06971
-4.12817
-4.21112
-4.21231
-4.31785
-4.73955
-5.05053
-6.51423
-6.78925
-3.93588
-7.36381
-5.27819
-4.20015
-4.00226
-4.00226

4.03156
-4.03156
-4.59022
-4.42522
-4.28975
-4.06338
-4.2759
-4.41489
-4.28408
-4.53449
-4.59325
-4.71158
-5.01228
-5.03913
-7.31467
-6.68279
-4.00103
-7.27372
-5.84267
-4.63708
-4.3888
-4.3888

4.46073
-4.46073
-4.9409
-4.80619
-4.67415
-4.3192
-4.6002
-4.73555
-4.4406
-4.85202
-4.96655
-5.07944
-5.21209
-4.59731
-7.59881
-6.80852
-4.32825
-7.36474
-6.3301
-5.17579
-4.78016
-4.78016

4.88385
-4.88385
-5.29968
-5.18493
-5.04598
-4.70814
-4.9377
-5.06712
-4.78388
-5.19411
-5.33631
-5.43154
-5.37738
-4.12841
-7.43001
-7.28517
-4.75555
-7.82751
-6.65722
-5.76746
-5.17506
-5.17506

5.29879
-5.29879
-5.6688
-5.56668
-5.42081
-5.29631
-5.34029
-5.43726
-5.23944
-5.57018
-5.70604
-5.78092
-5.61548
-4.19633
-7.34735
-7.86623
-5.01268
-8.24786
-6.87292
-6.23022
-5.56702
-5.56702

5.69959
-5.69959
-6.03603
-5.94189
-5.80687
-5.79997
-5.7598
-5.8299
-5.67706
-5.95455
-6.07345
-6.13746
-5.98803
-4.79779
-7.61025
-8.18251
-5.34081
-8.43514
-7.07944
-6.50526
-5.94671
-5.94671

5.29251
-5.69959
-6.03603
-5.94189
-5.80687
-5.79997
-5.7598
-5.8299
-5.67706
-5.95455
-6.07345
-6.13746
-5.98803
-4.79779
-7.61025
-8.18251
-5.34081
-8.43514
-7.07944
-6.50526
-5.94671
-5.51972

0
0
0
0
0
0
0
0
0
0
0
0
0
0
0
0
0
0
0
0
0
0


0
0
0
0
0
0
0
0
0
0
0
0
0
0
0
0
0
0
0
0
0
0

0.88436
-0.88436
-0.967033
-0.957783
-0.955005
-0.81957
-0.917292
-0.950022
-0.951824
-0.962386
-0.968847
-0.977335
-0.994983
-1.01658
-1.06112
-1.09432
-1.04648
-1.422
-1.20783
-1.0083
-0.957187
-0.957187

1.23004
-1.23004
-1.33857
-1.39986
-1.37366
-1.37755
-1.43643
-1.41982
-1.42287
-1.43612
-1.44376
-1.45846
-1.50037
-1.56685
-1.67457
-1.76927
-1.71399
-2.37047
-1.90712
-1.52951
-1.41425
-1.41425

1.52162
-1.52162
-1.58705
-1.74079
-1.71795
-1.59621
-1.84762
-1.81089
-1.81872
-1.83004
-1.83862
-1.85767
-1.90994
-2.03409
-2.20649
-2.35671
-2.17665
-3.01442
-2.39247
-1.93215
-1.78891
-1.78891

1.81979
-1.81979
-1.86889
-2.07456
-2.08989
-1.59811
-2.12785
-2.19843
-2.22213
-2.23103
-2.23799
-2.2562
-2.30111
-2.48977
-2.74091
-2.95826
-2.72725
-3.58476
-2.83595
-2.33605
-2.1679
-2.1679

2.13182
-2.13182
-2.17924
-2.41593
-2.44347
-2.07247
-2.50427
-2.59323
-2.62473
-2.65725
-2.64067
-2.65635
-2.7102
-2.93611
-3.27579
-3.57415
-3.41826
-4.21182
-3.27576
-2.74081
-2.55013
-2.55013

2.46743
-2.46743
-2.55709
-2.7737
-2.80658
-3.0424
-2.96942
-2.99675
-3.04503
-3.11239
-3.04798
-3.06249
-3.14806
-3.4019
-3.81608
-4.20494
-3.61576
-4.88045
-3.71949
-3.14075
-2.9333
-2.9333

2.83663
-2.83663
-3.04899
-3.17026
-3.20945
-3.60671
-3.36021
-3.39438
-3.47334
-3.54391
-3.45896
-3.48279
-3.65785
-3.9176
-4.38087
-4.92447
-3.8633
-5.61039
-4.17316
-3.53545
-3.31765
-3.31765

3.24003
-3.24003
-3.62381
-3.60719
-3.62064
-3.74031
-3.69113
-3.778
-3.86938
-3.92455
-3.86615
-3.91453
-4.19242
-4.45199
-5.00195
-5.78412
-4.381
-6.45618
-4.63712
-3.92477
-3.70306
-3.70306

3.66668
-3.66668
-4.17449
-4.06
-4.01671
-3.927
-4.04053
-4.15384
-4.21978
-4.27838
-4.26405
-4.34042
-4.65047
-4.8893
-5.70143
-6.54295
-4.67544
-7.1311
-5.12693
-4.31433
-4.08967
-4.08967

4.10185
-4.10185
-4.633
-4.49407
-4.40641
-4.25098
-4.41162
-4.52084
-4.50878
-4.6252
-4.65284
-4.74614
-5.01183
-5.13793
-6.42406
-6.8378
-4.64952
-7.29619
-5.64099
-4.72249
-4.47903
-4.47903

4.53654
-4.53654
-5.02456
-4.89805
-4.79579
-4.57315
-4.77075
-4.87488
-4.75776
-4.96911
-5.03512
-5.1306
-5.30431
-5.15272
-6.97958
-6.75722
-4.72861
-7.12327
-6.14556
-5.173
-4.87332
-4.87332

4.96648
-4.96648
-5.3962
-5.28657
-5.18139
-4.88944
-5.11779
-5.22653
-5.06058
-5.32085
-5.41303
-5.49946
-5.56273
-5.05677
-7.21061
-6.79275
-5.14291
-7.12897
-6.55031
-5.66267
-5.27148
-5.27148

5.38478
-5.38478
-5.76511
-5.66808
-5.5615
-5.2988
-5.48691
-5.59213
-5.45236
-5.68951
-5.78547
-5.85812
-5.83901
-5.14117
-7.2644
-7.14058
-5.64111
-7.48136
-6.83432
-6.12449
-5.6642
-5.6642

5.78127
-5.78127
-6.12464
-6.0359
-5.93487
-5.75778
-5.87627
-5.96712
-5.86472
-6.06176
-6.14691
-6.20937
-6.17761
-5.53957
-7.4401
-7.55807
-6.04849
-7.89513
-7.09156
-6.4792
-6.03772
-6.03772

5.36281
-5.78127
-6.12464
-6.0359
-5.93487
-5.75778
-5.87627
-5.96712
-5.86472
-6.06176
-6.14691
-6.20937
-6.17761
-5.53957
-7.4401
-7.55807
-6.04849
-7.89513
-7.09156
-6.4792
-6.03772
-5.59784

0
0
0
0
0
0
0
0
0
0
0
0
0
0
0
0
0
0
0
0
0
0


0
0
0
0
0
0
0
0
0
0
0
0
0
0
0
0
0
0
0
0
0
0

0.904221
-0.904221
-1.00708
-0.971753
-0.956863
-0.962787
-0.964861
-0.958517
-0.957448
-0.965821
-0.970766
-0.977242
-0.98705
-0.994828
-1.02326
-1.02538
-0.958192
-1.15793
-1.13039
-1.00391
-0.964768
-0.964768

1.2939
-1.2939
-1.48009
-1.46959
-1.46054
-1.39369
-1.44375
-1.46605
-1.46802
-1.4799
-1.48615
-1.49761
-1.525
-1.55983
-1.63104
-1.66422
-1.59906
-1.98265
-1.84734
-1.57767
-1.46556
-1.46556

1.6076
-1.6076
-1.81171
-1.84406
-1.82381
-1.7884
-1.87506
-1.86745
-1.87049
-1.88404
-1.89172
-1.9082
-1.94957
-2.01808
-2.13309
-2.1996
-2.10126
-2.58892
-2.35343
-2.00559
-1.8553
-1.8553

1.91934
-1.91934
-2.12702
-2.19786
-2.18248
-2.09737
-2.27029
-2.26117
-2.26823
-2.28195
-2.28896
-2.30798
-2.3546
-2.46305
-2.62499
-2.72815
-2.59384
-3.10975
-2.80055
-2.41261
-2.23563
-2.23563

2.24387
-2.24387
-2.46257
-2.55501
-2.55815
-2.36847
-2.61159
-2.6557
-2.67306
-2.69292
-2.69282
-2.71222
-2.76423
-2.90773
-3.12103
-3.27096
-3.17173
-3.64334
-3.24289
-2.82307
-2.62247
-2.62247

2.5866
-2.5866
-2.82896
-2.92283
-2.93614
-2.83086
-3.00076
-3.05617
-3.08565
-3.12075
-3.10184
-3.12178
-3.1901
-3.36014
-3.62087
-3.82735
-3.70791
-4.21165
-3.68855
-3.23355
-3.01342
-3.01342

2.95307
-2.95307
-3.24894
-3.3093
-3.32621
-3.457
-3.4234
-3.46008
-3.50536
-3.55079
-3.51356
-3.5382
-3.64578
-3.83325
-4.12989
-4.42062
-4.12229
-4.82146
-4.13542
-3.6392
-3.40549
-3.40549

3.34602
-3.34602
-3.72523
-3.71995
-3.73075
-3.91308
-3.81658
-3.85742
-3.9157
-3.95938
-3.92355
-3.96104
-4.12788
-4.324
-4.66198
-5.10617
-4.6452
-5.54804
-4.58404
-4.03794
-3.79719
-3.79719

3.76137
-3.76137
-4.21903
-4.14683
-4.13318
-4.19377
-4.18432
-4.24452
-4.29972
-4.34204
-4.32658
-4.38231
-4.59182
-4.78747
-5.22984
-5.85797
-5.07984
-6.34938
-5.04447
-4.43148
-4.18789
-4.18789

4.19013
-4.19013
-4.68079
-4.57248
-4.52649
-4.47977
-4.55262
-4.62304
-4.64974
-4.70972
-4.72084
-4.79169
-5.00127
-5.16367
-5.82109
-6.46088
-5.13726
-6.92999
-5.52096
-4.82809
-4.57883
-4.57883

4.62412
-4.62412
-5.09722
-4.98415
-4.91649
-4.80595
-4.92318
-4.99478
-4.97012
-5.0723
-5.10871
-5.18554
-5.35662
-5.41608
-6.36769
-6.70077
-5.01368
-7.06497
-5.99846
-5.241
-4.97339
-4.97339

5.05719
-5.05719
-5.48692
-5.38287
-5.3074
-5.13853
-5.29031
-5.36444
-5.29582
-5.43748
-5.49286
-5.5663
-5.67813
-5.57572
-6.76777
-6.71334
-5.16822
-6.96259
-6.42676
-5.67344
-5.37252
-5.37252

5.47894
-5.47894
-5.86317
-5.76976
-5.69409
-5.49805
-5.65968
-5.73604
-5.66049
-5.80771
-5.8696
-5.9341
-5.99321
-5.76585
-7.00856
-6.84213
-5.6791
-7.04745
-6.76678
-6.09592
-5.76635
-5.76635

5.8731
-5.8731
-6.21964
-6.13442
-6.06324
-5.89082
-6.02953
-6.10137
-6.04317
-6.17105
-6.22775
-6.28362
-6.32365
-6.09289
-7.22196
-7.17374
-6.19569
-7.39812
-7.0472
-6.45931
-6.13573
-6.13573

5.44274
-5.8731
-6.21964
-6.13442
-6.06324
-5.89082
-6.02953
-6.10137
-6.04317
-6.17105
-6.22775
-6.28362
-6.32365
-6.09289
-7.22196
-7.17374
-6.19569
-7.39812
-7.0472
-6.45931
-6.13573
-5.68308

0
0
0
0
0
0
0
0
0
0
0
0
0
0
0
0
0
0
0
0
0
0


0
0
0
0
0
0
0
0
0
0
0
0
0
0
0
0
0
0
0
0
0
0

0.937462
-0.937462
-1.04591
-1.00018
-0.988436
-0.988168
-0.985258
-0.983444
-0.984079
-0.991149
-0.993518
-0.998005
-1.00328
-1.00433
-1.02207
-1.00373
-0.904065
-1.05037
-1.11196
-1.02399
-0.991374
-0.991374

1.32319
-1.32319
-1.53783
-1.48994
-1.47433
-1.47248
-1.47681
-1.47287
-1.4709
-1.48086
-1.48597
-1.49493
-1.51099
-1.52204
-1.55891
-1.53528
-1.3996
-1.66557
-1.7445
-1.56686
-1.47223
-1.47223

1.67042
-1.67042
-1.94679
-1.91019
-1.89358
-1.87784
-1.89662
-1.90039
-1.90045
-1.91276
-1.91997
-1.93352
-1.96093
-1.98857
-2.04888
-2.03008
-1.85655
-2.22345
-2.29145
-2.03943
-1.89488
-1.89488

2.00748
-2.00748
-2.31877
-2.29995
-2.2807
-2.27239
-2.31702
-2.31082
-2.31203
-2.32544
-2.33393
-2.35137
-2.38811
-2.4373
-2.52264
-2.51367
-2.29274
-2.7248
-2.78073
-2.47858
-2.29666
-2.29666

2.34986
-2.34986
-2.68636
-2.68113
-2.66692
-2.63821
-2.71585
-2.71854
-2.72371
-2.73882
-2.74635
-2.76637
-2.81049
-2.88336
-2.99559
-3.0029
-2.74758
-3.20506
-3.24725
-2.90793
-2.69623
-2.69623

2.70548
-2.70548
-3.06482
-3.06516
-3.0596
-3.01886
-3.10523
-3.12765
-3.14058
-3.16048
-3.16261
-3.18455
-3.23857
-3.33371
-3.47307
-3.50606
-3.2362
-3.6981
-3.709
-3.33568
-3.0992
-3.0992

3.07951
-3.07951
-3.46542
-3.45839
-3.45909
-3.47449
-3.51373
-3.5402
-3.56311
-3.58866
-3.58236
-3.60731
-3.67924
-3.79422
-3.95738
-4.03101
-3.71646
-4.22118
-4.16873
-3.76095
-3.50513
-3.50513

3.47519
-3.47519
-3.89502
-3.86481
-3.86744
-3.95689
-3.92988
-3.95288
-3.9858
-4.01325
-4.00271
-4.03401
-4.13463
-4.26642
-4.45244
-4.60051
-4.25132
-4.80315
-4.62477
-4.18076
-3.91215
-3.91215

3.89141
-3.89141
-4.34383
-4.2822
-4.27865
-4.37163
-4.33383
-4.35956
-4.39773
-4.42442
-4.41868
-4.45993
-4.59037
-4.73573
-4.96109
-5.23015
-4.83425
-5.47351
-5.07592
-4.59201
-4.31773
-4.31773

4.32174
-4.32174
-4.78764
-4.70118
-4.68283
-4.72902
-4.72394
-4.75607
-4.78944
-4.81956
-4.8253
-4.87684
-5.02236
-5.17147
-5.47649
-5.85935
-5.23991
-6.15388
-5.5222
-4.99394
-4.71942
-4.71942

4.75684
-4.75684
-5.20762
-5.11114
-5.07652
-5.07552
-5.10457
-5.14122
-5.1576
-5.20124
-5.22036
-5.2782
-5.41721
-5.54454
-5.97125
-6.3426
-5.35469
-6.64597
-5.95808
-5.39014
-5.11643
-5.11643

5.18727
-5.18727
-5.60238
-5.50749
-5.46211
-5.42225
-5.47737
-5.51703
-5.51151
-5.57406
-5.60444
-5.66252
-5.77766
-5.85069
-6.39875
-6.60288
-5.40038
-6.85546
-6.36569
-5.7844
-5.50888
-5.50888

5.60242
-5.60242
-5.97698
-5.8884
-5.83927
-5.77205
-5.8432
-5.88518
-5.86755
-5.94014
-5.97597
-6.02924
-6.11582
-6.12909
-6.73042
-6.77322
-5.66653
-6.96664
-6.72058
-6.16849
-5.89178
-5.89178

5.98824
-5.98824
-6.32743
-6.24548
-6.19805
-6.12818
-6.19793
-6.23912
-6.2242
-6.29221
-6.32645
-6.37319
-6.44234
-6.4356
-6.9998
-7.03306
-6.11493
-7.2113
-7.02064
-6.519
-6.25113
-6.25113

5.54596
-5.98824
-6.32743
-6.24548
-6.19805
-6.12818
-6.19793
-6.23912
-6.2242
-6.29221
-6.32645
-6.37319
-6.44234
-6.4356
-6.9998
-7.03306
-6.11493
-7.2113
-7.02064
-6.519
-6.25113
-5.787

0
0
0
0
0
0
0
0
0
0
0
0
0
0
0
0
0
0
0
0
0
0


0
0
0
0
0
0
0
0
0
0
0
0
0
0
0
0
0
0
0
0
0
0

1.12246
-1.12246
-1.25283
-1.21971
-1.21598
-1.21594
-1.21899
-1.21132
-1.20993
-1.21532
-1.21192
-1.21395
-1.22047
-1.22439
-1.24459
-1.22353
-1.1274
-1.28988
-1.38206
-1.26996
-1.2101
-1.2101

1.37538
-1.37538
-1.59647
-1.54193
-1.52917
-1.537
-1.53102
-1.52295
-1.52076
-1.52942
-1.53123
-1.53803
-1.54971
-1.55308
-1.57706
-1.53011
-1.35789
-1.60308
-1.75796
-1.61041
-1.51922
-1.51922

1.70853
-1.70853
-2.0087
-1.94692
-1.92993
-1.94167
-1.93403
-1.92581
-1.92306
-1.93438
-1.93921
-1.95042
-1.96996
-1.97833
-2.01181
-1.94709
-1.70592
-2.05536
-2.2639
-2.0573
-1.91838
-1.91838

2.0548
-2.0548
-2.4128
-2.35104
-2.33245
-2.34863
-2.34209
-2.33579
-2.33385
-2.34694
-2.35451
-2.37007
-2.3985
-2.41545
-2.45957
-2.38224
-2.06466
-2.51358
-2.76539
-2.5073
-2.32505
-2.32505

2.41132
-2.41132
-2.81236
-2.75241
-2.73436
-2.75789
-2.75585
-2.75056
-2.75028
-2.76449
-2.77402
-2.79343
-2.83072
-2.85911
-2.91486
-2.82912
-2.41772
-2.96456
-3.25722
-2.95508
-2.73557
-2.73557

2.78057
-2.78057
-3.21452
-3.15508
-3.14027
-3.16939
-3.17044
-3.1699
-3.17293
-3.18829
-3.1984
-3.22104
-3.26729
-3.30876
-3.37683
-3.28843
-2.76848
-3.41543
-3.74323
-3.40214
-3.15076
-3.15076

3.16749
-3.16749
-3.62666
-3.565
-3.55493
-3.59604
-3.59115
-3.59518
-3.6032
-3.62006
-3.62912
-3.65481
-3.71112
-3.76644
-3.84701
-3.76515
-3.12296
-3.88153
-4.22894
-3.85145
-3.57255
-3.57255

3.57708
-3.57708
-4.05495
-3.98728
-3.98176
-4.04527
-4.02348
-4.02763
-4.04122
-4.05897
-4.06656
-4.09588
-4.16437
-4.2336
-4.3268
-4.26668
-3.49392
-4.37788
-4.71569
-4.3042
-4.00232
-4.00232

4.01235
-4.01235
-4.50057
-4.42394
-4.42054
-4.50047
-4.46368
-4.46601
-4.4842
-4.50144
-4.50922
-4.5431
-4.62464
-4.70694
-4.8151
-4.79746
-3.90567
-4.91581
-5.19918
-4.75861
-4.44012
-4.44012

4.47066
-4.47066
-4.9549
-4.87019
-4.86454
-4.94186
-4.90351
-4.9053
-4.92551
-4.9417
-4.95207
-4.99057
-5.08128
-5.17421
-5.3033
-5.33788
-4.32074
-5.47446
-5.66751
-5.20759
-4.88236
-4.88236

4.93923
-4.93923
-5.39958
-5.31179
-5.30052
-5.36367
-5.33243
-5.33506
-5.354
-5.37038
-5.38464
-5.426
-5.51768
-5.61567
-5.77046
-5.83106
-4.66313
-5.97774
-6.10168
-5.63792
-5.31847
-5.31847

5.39446
-5.39446
-5.81415
-5.72862
-5.71145
-5.75978
-5.73645
-5.74055
-5.75607
-5.77459
-5.79229
-5.83355
-5.91792
-6.01241
-6.18751
-6.22463
-4.96748
-6.35677
-6.48535
-6.03562
-5.73184
-5.73184

5.81203
-5.81203
-6.18731
-6.10633
-6.08526
-6.12245
-6.10522
-6.11106
-6.12392
-6.14475
-6.16393
-6.20226
-6.27505
-6.35913
-6.53774
-6.53988
-5.34535
-6.64615
-6.81702
-6.39477
-6.10898
-6.10898

6.18166
-6.18166
-6.52062
-6.44426
-6.42194
-6.45322
-6.43932
-6.44646
-6.4594
-6.48023
-6.49844
-6.53232
-6.59457
-6.66872
-6.83477
-6.84296
-5.78212
-6.93824
-7.1098
-6.71761
-6.44765
-6.44765

5.71838
-6.18166
-6.52062
-6.44426
-6.42194
-6.45322
-6.43932
-6.44646
-6.4594
-6.48023
-6.49844
-6.53232
-6.59457
-6.66872
-6.83477
-6.84296
-5.78212
-6.93824
-7.1098
-6.71761
-6.44765
-5.96328

0
0
0
0
0
0
0
0
0
0
0
0
0
0
0
0
0
0
0
0
0
0


0
0
0
0
0
0
0
0
0
0
0
0
0
0
0
0
0
0
0
0
0
0

0
-1.12246
-1.25283
-1.21971
-1.21598
-1.21594
-1.21899
-1.21132
-1.20993
-1.21532
-1.21192
-1.21395
-1.22047
-1.22439
-1.24459
-1.22353
-1.1274
-1.28988
-1.38206
-1.26996
-1.2101
0

0
-1.37538
-1.59647
-1.54193
-1.52917
-1.537
-1.53102
-1.52295
-1.52076
-1.52942
-1.53123
-1.53803
-1.54971
-1.55308
-1.57706
-1.53011
-1.35789
-1.60308
-1.75796
-1.61041
-1.51922
0

0
-1.70853
-2.0087
-1.94692
-1.92993
-1.94167
-1.93403
-1.92581
-1.92306
-1.93438
-1.93921
-1.95042
-1.96996
-1.97833
-2.01181
-1.94709
-1.70592
-2.05536
-2.2639
-2.0573
-1.91838
0

0
-2.0548
-2.4128
-2.35104
-2.33245
-2.34863
-2.34209
-2.33579
-2.33385
-2.34694
-2.35451
-2.37007
-2.3985
-2.41545
-2.45957
-2.38224
-2.06466
-2.51358
-2.76539
-2.5073
-2.32505
0

0
-2.41132
-2.81236
-2.75241
-2.73436
-2.75789
-2.75585
-2.75056
-2.75028
-2.76449
-2.77402
-2.79343
-2.83072
-2.85911
-2.91486
-2.82912
-2.41772
-2.96456
-3.25722
-2.95508
-2.73557
0

0
-2.78057
-3.21452
-3.15508
-3.14027
-3.16939
-3.17044
-3.1699
-3.17293
-3.18829
-3.1984
-3.22104
-3.26729
-3.30876
-3.37683
-3.28843
-2.76848
-3.41543
-3.74323
-3.40214
-3.15076
0

0
-3.16749
-3.62666
-3.565
-3.55493
-3.59604
-3.59115
-3.59518
-3.6032
-3.62006
-3.62912
-3.65481
-3.71112
-3.76644
-3.84701
-3.76515
-3.12296
-3.88153
-4.22894
-3.85145
-3.57255
0

0
-3.57708
-4.05495
-3.98728
-3.98176
-4.04527
-4.02348
-4.02763
-4.04122
-4.05897
-4.06656
-4.09588
-4.16437
-4.2336
-4.3268
-4.26668
-3.49392
-4.37788
-4.71569
-4.3042
-4.00232
0

0
-4.01235
-4.50057
-4.42394
-4.42054
-4.50047
-4.46368
-4.46601
-4.4842
-4.50144
-4.50922
-4.5431
-4.62464
-4.70694
-4.8151
-4.79746
-3.90567
-4.91581
-5.19918
-4.75861
-4.44012
0

0
-4.47066
-4.9549
-4.87019
-4.86454
-4.94186
-4.90351
-4.9053
-4.92551
-4.9417
-4.95207
-4.99057
-5.08128
-5.17421
-5.3033
-5.33788
-4.32074
-5.47446
-5.66751
-5.20759
-4.88236
0

0
-4.93923
-5.39958
-5.31179
-5.30052
-5.36367
-5.33243
-5.33506
-5.354
-5.37038
-5.38464
-5.426
-5.51768
-5.61567
-5.77046
-5.83106
-4.66313
-5.97774
-6.10168
-5.63792
-5.31847
0

0
-5.39446
-5.81415
-5.72862
-5.71145
-5.75978
-5.73645
-5.74055
-5.75607
-5.77459
-5.79229
-5.83355
-5.91792
-6.01241
-6.18751
-6.22463
-4.96748
-6.35677
-6.48535
-6.03562
-5.73184
0

0
-5.81203
-6.18731
-6.10633
-6.08526
-6.12245
-6.10522
-6.11106
-6.12392
-6.14475
-6.16393
-6.20226
-6.27505
-6.35913
-6.53774
-6.53988
-5.34535
-6.64615
-6.81702
-6.39477
-6.10898
0

0
-6.18166
-6.52062
-6.44426
-6.42194
-6.45322
-6.43932
-6.44646
-6.4594
-6.48023
-6.49844
-6.53232
-6.59457
-6.66872
-6.83477
-6.84296
-5.78212
-6.93824
-7.1098
-6.71761
-6.44765
0

0
-6.18166
-6.52062
-6.44426
-6.42194
-6.45322
-6.43932
-6.44646
-6.4594
-6.48023
-6.49844
-6.53232
-6.59457
-6.66872
-6.83477
-6.84296
-5.78212
-6.93824
-7.1098
-6.71761
-6.44765
0

0
0
0
0
0
0
0
0
0
0
0
0
0
0
0
0
0
0
0
0
0
0


