0
0
0
0
0
0
0
0
0
0
0
0
0
0
0
0
0
0
0
0
0
0

0
0
0
0
0
0
0
0
0
0
0
0
0
0
0
0
0
0
0
0
0
0

0
0
0
0
0
0
0
0
0
0
0
0
0
0
0
0
0
0
0
0
0
0

0
0
0
0
0
0
0
0
0
0
0
0
0
0
0
0
0
0
0
0
0
0

0
0
0
0
0
0
0
0
0
0
0
0
0
0
0
0
0
0
0
0
0
0

0
0
0
0
0
0
0
0
0
0
0
0
0
0
0
0
0
0
0
0
0
0

0
0
0
0
0
0
0
0
0
0
0
0
0
0
0
0
0
0
0
0
0
0

0
0
0
0
0
0
0
0
0
0
0
0
0
0
0
0
0
0
0
0
0
0

0
0
0
0
0
0
0
0
0
0
0
0
0
0
0
0
0
0
0
0
0
0

0
0
0
0
0
0
0
0
0
0
0
0
0
0
0
0
0
0
0
0
0
0

0
0
0
0
0
0
0
0
0
0
0
0
0
0
0
0
0
0
0
0
0
0

0
0
0
0
0
0
0
0
0
0
0
0
0
0
0
0
0
0
0
0
0
0

1.02624e-311
0
0
0
0
0
0
0
0
0
0
0
0
0
0
0
0
0
0
0
0
0

0
0
0
0
0
0
0
0
0
0
0
0
0
0
0
0
0
0
0
0
0
0

0
0
0
0
0
0
0
0
0
0
0
0
0
0
0
0
0
0
0
0
0
0

0
0
0
0
0
0
0
0
0
0
0
0
0
0
0
0
0
0
0
0
0
0

0
0
0
0
0
0
0
0
0
0
0
0
0
0
0
0
0
0
0
0
0
0


0
0
0
0
0
0
0
0
0
0
0
0
0
0
0
0
0
0
0
0
0
0

0.5
0.487362
0.476283
0.46291
0.448454
0.437019
0.422828
0.407166
0.392037
0.377332
0.363112
0.349204
0.338533
0.32593
0.316768
0.298515
0.286851
0.278849
0.272927
0.268418
0.271931
0

0.5
0.501309
0.502797
0.504277
0.506611
0.508849
0.508853
0.507483
0.505546
0.50308
0.500203
0.496699
0.492725
0.489419
0.487102
0.484225
0.47848
0.475753
0.475207
0.475253
0.477589
0

0.5
0.50046
0.50077
0.501013
0.50711
0.511613
0.513608
0.515366
0.516924
0.518638
0.520452
0.519481
0.518917
0.519662
0.520458
0.520817
0.520566
0.521212
0.522505
0.523436
0.524838
0

0.5
0.500107
0.499463
0.500721
0.503519
0.507657
0.510485
0.512211
0.513972
0.516339
0.521933
0.517335
0.516259
0.518734
0.520618
0.521995
0.522998
0.524212
0.525591
0.526163
0.527006
0

0.5
0.499998
0.498207
0.500272
0.500021
0.505953
0.508893
0.50906
0.510019
0.512266
0.515329
0.515176
0.514459
0.515388
0.516918
0.518422
0.519365
0.519929
0.521062
0.521394
0.522073
0

0.5
0.499965
0.498853
0.499438
0.500747
0.503241
0.504751
0.505572
0.505424
0.507967
0.51224
0.514254
0.511406
0.511191
0.512929
0.514904
0.515047
0.515488
0.516939
0.516965
0.517407
0

0.5
0.4999
0.498874
0.498508
0.501042
0.501874
0.501922
0.502658
0.50351
0.505298
0.507552
0.508743
0.508486
0.508636
0.509387
0.50958
0.511969
0.512977
0.513809
0.513533
0.513714
0

0.5
0.499835
0.498287
0.498432
0.496742
0.497852
0.499844
0.500937
0.501898
0.503135
0.504476
0.505391
0.505672
0.505979
0.506545
0.507059
0.507903
0.507219
0.509727
0.510477
0.510972
0

0.5
0.499216
0.497335
0.496897
0.496376
0.496857
0.497846
0.498737
0.499614
0.500555
0.501472
0.502144
0.502521
0.50291
0.503428
0.504003
0.504482
0.504542
0.505386
0.506056
0.507263
0

0.5
0.496692
0.493966
0.494103
0.494192
0.494651
0.495377
0.496145
0.497033
0.497879
0.498607
0.499145
0.499491
0.49987
0.500309
0.501052
0.50149
0.501541
0.501966
0.502515
0.503823
0

0.5
0.499204
0.497308
0.496727
0.496526
0.496625
0.496924
0.497184
0.497941
0.498486
0.498811
0.499102
0.499281
0.499384
0.499061
0.499881
0.500361
0.500345
0.500703
0.500044
0.500297
0

0.5
0.499795
0.498299
0.497724
0.497497
0.497508
0.497672
0.497908
0.498299
0.498643
0.498918
0.499151
0.499482
0.498729
0.498836
0.49115
0.492991
0.492886
0.493409
0.492719
0.492233
0

0.5
0.499955
0.498694
0.498242
0.498057
0.498039
0.498119
0.498274
0.498472
0.498673
0.498855
0.49909
0.500074
0.49822
0.49712
0.498447
0.499343
0.499562
0.499529
0.49833
0.498266
0

0.5
0.500107
0.49914
0.498859
0.498652
0.498588
0.498551
0.498539
0.498544
0.498551
0.49856
0.498583
0.498671
0.498067
0.497662
0.497979
0.498314
0.498453
0.49855
0.497503
0.497726
0

0.5
0.499773
0.49881
0.498267
0.497749
0.497256
0.496787
0.496343
0.495925
0.495523
0.495137
0.49477
0.494405
0.494016
0.493662
0.493392
0.49317
0.49285
0.492406
0.491805
0.492916
0

0
0
0
0
0
0
0
0
0
0
0
0
0
0
0
0
0
0
0
0
0
0


0
0
0
0
0
0
0
0
0
0
0
0
0
0
0
0
0
0
0
0
0
0

0.5
0.486894
0.476358
0.462471
0.459552
0.456514
0.442596
0.421742
0.400504
0.381414
0.364535
0.349459
0.335069
0.322242
0.310512
0.29747
0.286126
0.277247
0.270582
0.26546
0.268665
0

0.5
0.500945
0.502569
0.504617
0.511295
0.522607
0.527308
0.524511
0.518742
0.512851
0.507567
0.50267
0.498006
0.493931
0.490288
0.486358
0.482132
0.47921
0.477552
0.477022
0.479526
0

0.5
0.500164
0.500551
0.502849
0.508203
0.518473
0.52653
0.528898
0.527953
0.526376
0.525227
0.523819
0.522965
0.522949
0.523226
0.523364
0.523336
0.523721
0.524571
0.525281
0.526912
0

0.5
0.499837
0.499331
0.500673
0.503828
0.511041
0.518809
0.523114
0.524157
0.523946
0.523974
0.522273
0.52151
0.522169
0.523134
0.52405
0.524847
0.525809
0.526957
0.527504
0.528616
0

0.5
0.499722
0.498681
0.499316
0.500799
0.505633
0.511808
0.516587
0.51909
0.52013
0.520471
0.519608
0.518689
0.518688
0.51926
0.520005
0.520647
0.52146
0.522327
0.522483
0.523357
0

0.5
0.499688
0.49855
0.498497
0.499392
0.501884
0.505648
0.509783
0.513077
0.515577
0.517138
0.517289
0.516232
0.515767
0.515965
0.516442
0.516765
0.51733
0.517942
0.517762
0.518466
0

0.5
0.499662
0.498431
0.497986
0.498521
0.49964
0.501501
0.504238
0.507377
0.510341
0.512504
0.513549
0.513521
0.513267
0.513195
0.513171
0.513635
0.514065
0.514448
0.514031
0.514605
0

0.5
0.499623
0.498221
0.49763
0.497194
0.497731
0.499005
0.500718
0.502858
0.50524
0.507533
0.509215
0.509958
0.510259
0.510527
0.510654
0.51081
0.510863
0.511434
0.511133
0.511745
0

0.5
0.499467
0.497914
0.497169
0.496706
0.496862
0.497534
0.498525
0.499829
0.501428
0.503156
0.504617
0.5057
0.506751
0.507579
0.507855
0.508017
0.508433
0.508947
0.508556
0.509126
0

0.5
0.499083
0.497336
0.496613
0.496212
0.496203
0.496541
0.497126
0.497952
0.498934
0.499957
0.500934
0.502007
0.5032
0.50396
0.504376
0.505088
0.506136
0.506702
0.506106
0.506466
0

0.5
0.499469
0.49794
0.497188
0.496762
0.496633
0.496751
0.497043
0.497557
0.498117
0.498673
0.499287
0.499993
0.500635
0.500881
0.501613
0.502889
0.504119
0.504505
0.503652
0.503858
0

0.5
0.499633
0.498284
0.497608
0.497209
0.497043
0.497058
0.497208
0.497484
0.497803
0.498137
0.498505
0.498852
0.498972
0.49871
0.499727
0.500948
0.501642
0.501723
0.50081
0.501088
0

0.5
0.499716
0.498541
0.497998
0.497665
0.497494
0.497444
0.497482
0.49759
0.497735
0.497898
0.498082
0.498307
0.497991
0.497775
0.498411
0.499145
0.499558
0.499632
0.498954
0.499478
0

0.5
0.499856
0.498949
0.498581
0.498307
0.498102
0.497947
0.497833
0.497751
0.497699
0.497643
0.497581
0.497509
0.497243
0.497046
0.497124
0.497238
0.497306
0.497343
0.496733
0.497403
0

0.5
0.499515
0.498622
0.497994
0.497352
0.496735
0.496155
0.495616
0.495096
0.494656
0.494168
0.493676
0.493219
0.492745
0.492214
0.491656
0.49123
0.491027
0.490732
0.489692
0.490466
0

0
0
0
0
0
0
0
0
0
0
0
0
0
0
0
0
0
0
0
0
0
0


0
0
0
0
0
0
0
0
0
0
0
0
0
0
0
0
0
0
0
0
0
0

0.5
0.486393
0.475977
0.453537
0.471189
0.486925
0.469942
0.438005
0.408719
0.385716
0.367262
0.351522
0.3372
0.324028
0.311645
0.299582
0.28858
0.279123
0.271577
0.265655
0.268954
0

0.5
0.500823
0.501575
0.501601
0.510369
0.539923
0.551751
0.543505
0.531265
0.521414
0.514286
0.508747
0.503964
0.499626
0.495491
0.491319
0.487265
0.483884
0.481463
0.479823
0.482637
0

0.5
0.500178
0.499908
0.501864
0.504806
0.526904
0.544519
0.546047
0.539686
0.533165
0.528843
0.526235
0.524861
0.524334
0.524173
0.524046
0.52393
0.52402
0.524417
0.524603
0.526489
0

0.5
0.499877
0.498897
0.499655
0.500597
0.51402
0.530748
0.538124
0.536874
0.532493
0.528486
0.525531
0.524001
0.523688
0.524017
0.524613
0.525305
0.526086
0.526942
0.527218
0.528532
0

0.5
0.499763
0.49847
0.498146
0.498003
0.504217
0.517007
0.527664
0.531351
0.530154
0.52738
0.524451
0.52223
0.521094
0.520815
0.521014
0.521387
0.521873
0.522437
0.522367
0.523384
0

0.5
0.49972
0.498375
0.497428
0.497176
0.499157
0.5061
0.515581
0.522325
0.525304
0.525336
0.523428
0.521101
0.519492
0.518597
0.518127
0.517907
0.517927
0.518085
0.517557
0.518329
0

0.5
0.499719
0.498355
0.497378
0.496934
0.497655
0.500252
0.505156
0.511719
0.517662
0.520335
0.520334
0.519563
0.518436
0.51704
0.515947
0.515415
0.515076
0.514737
0.513719
0.514291
0

0.5
0.499717
0.498357
0.497471
0.496854
0.496952
0.497934
0.50015
0.504031
0.508338
0.511812
0.514971
0.516767
0.516107
0.514841
0.514427
0.514089
0.513132
0.512209
0.511073
0.511775
0

0.5
0.499693
0.498347
0.497528
0.496936
0.496788
0.49721
0.498236
0.499771
0.501787
0.505006
0.508684
0.510172
0.510408
0.512033
0.513556
0.51263
0.510808
0.510283
0.509845
0.51092
0

0.5
0.499648
0.498312
0.497573
0.497062
0.496857
0.496987
0.497413
0.498161
0.499419
0.501132
0.502302
0.503102
0.505784
0.509385
0.509745
0.50774
0.507721
0.50971
0.509616
0.50976
0

0.5
0.49971
0.498468
0.497813
0.497371
0.497156
0.497159
0.497372
0.497821
0.498429
0.498981
0.499474
0.500747
0.502997
0.503897
0.50285
0.50317
0.506708
0.509347
0.507591
0.506173
0

0.5
0.499758
0.498627
0.498079
0.497718
0.497528
0.497491
0.497592
0.497807
0.498073
0.498376
0.498834
0.499549
0.500044
0.499707
0.49983
0.502065
0.5049
0.505139
0.502955
0.502066
0

0.5
0.499813
0.49883
0.49843
0.498168
0.498016
0.497955
0.497967
0.498037
0.498149
0.498305
0.498499
0.498667
0.498628
0.498557
0.499112
0.500279
0.500939
0.500599
0.499499
0.499964
0

0.5
0.499946
0.499227
0.499014
0.498835
0.49868
0.498548
0.498438
0.498349
0.498282
0.49822
0.498142
0.498046
0.497925
0.497856
0.497898
0.497945
0.497936
0.497938
0.497376
0.498211
0

0.5
0.499603
0.498901
0.498433
0.497898
0.49735
0.49681
0.496289
0.495789
0.495318
0.494828
0.494328
0.49389
0.493506
0.492921
0.492012
0.491362
0.49168
0.492036
0.490224
0.490018
0

0
0
0
0
0
0
0
0
0
0
0
0
0
0
0
0
0
0
0
0
0
0


0
0
0
0
0
0
0
0
0
0
0
0
0
0
0
0
0
0
0
0
0
0

0.5
0.485581
0.473052
0.426757
0.429386
0.487731
0.450381
0.389183
0.351913
0.330865
0.316445
0.30453
0.293558
0.283095
0.273032
0.263429
0.254715
0.247262
0.241586
0.237426
0.241105
0

0.5
0.500741
0.498097
0.49256
0.476559
0.524548
0.549816
0.516282
0.484487
0.465255
0.453912
0.446406
0.440646
0.43574
0.431327
0.427398
0.424112
0.421742
0.420405
0.420463
0.424114
0

0.5
0.500218
0.497709
0.497935
0.483738
0.519067
0.553781
0.54828
0.526879
0.509389
0.49893
0.492861
0.488894
0.486071
0.483958
0.482169
0.480807
0.479948
0.479604
0.47945
0.482351
0

0.5
0.499975
0.497276
0.497228
0.483593
0.508387
0.537867
0.547783
0.537275
0.52317
0.512818
0.506429
0.502863
0.501107
0.500266
0.499873
0.4998
0.499908
0.500098
0.499783
0.501879
0

0.5
0.499834
0.497269
0.496012
0.484953
0.495198
0.519352
0.535
0.538423
0.530576
0.520127
0.512099
0.507192
0.504424
0.503036
0.502658
0.502777
0.50297
0.503227
0.502883
0.504444
0

0.5
0.499691
0.497754
0.495198
0.490938
0.48791
0.500828
0.521135
0.531839
0.530777
0.525816
0.519485
0.512859
0.507726
0.505002
0.503709
0.502699
0.501967
0.501861
0.501162
0.502302
0

0.5
0.499685
0.498062
0.495868
0.493799
0.491521
0.493761
0.503981
0.514553
0.523223
0.527703
0.524082
0.517512
0.51337
0.510371
0.506703
0.503672
0.502364
0.501847
0.500024
0.500303
0

0.5
0.499723
0.49824
0.496822
0.495306
0.494473
0.493758
0.494337
0.50135
0.513078
0.518411
0.517732
0.519754
0.520496
0.514691
0.508486
0.506987
0.50661
0.50395
0.500293
0.500196
0

0.5
0.499741
0.4984
0.497396
0.496384
0.495581
0.495165
0.495567
0.49754
0.499539
0.502457
0.51166
0.52025
0.516361
0.509401
0.51187
0.516274
0.511843
0.503977
0.501681
0.504801
0

0.5
0.49975
0.498517
0.497746
0.497056
0.496529
0.496332
0.496457
0.496385
0.496571
0.500098
0.505094
0.503856
0.501353
0.510319
0.522109
0.517753
0.504753
0.501972
0.507509
0.515054
0

0.5
0.499772
0.498638
0.498032
0.497555
0.497225
0.497051
0.496999
0.497166
0.497938
0.4988
0.497675
0.496652
0.502929
0.512034
0.509523
0.498926
0.498825
0.511894
0.516199
0.51396
0

0.5
0.499798
0.498768
0.498308
0.497985
0.497777
0.497671
0.497675
0.49784
0.498058
0.497955
0.497826
0.499481
0.502185
0.500651
0.495124
0.496223
0.508384
0.515274
0.508286
0.500654
0

0.5
0.499844
0.498962
0.498669
0.498483
0.49837
0.498313
0.498312
0.498351
0.498379
0.498426
0.498729
0.499254
0.498971
0.497334
0.497266
0.501711
0.505139
0.502358
0.49767
0.495305
0

0.5
0.499976
0.499359
0.499266
0.499188
0.499107
0.499024
0.49894
0.498858
0.498784
0.49874
0.498704
0.498559
0.49828
0.498191
0.498756
0.499239
0.498347
0.496894
0.496313
0.498423
0

0.5
0.499632
0.499035
0.498693
0.498274
0.497821
0.497357
0.496893
0.496427
0.495978
0.495569
0.495127
0.494536
0.494077
0.494123
0.493941
0.492448
0.490752
0.491282
0.491755
0.493345
0

0
0
0
0
0
0
0
0
0
0
0
0
0
0
0
0
0
0
0
0
0
0


0
0
0
0
0
0
0
0
0
0
0
0
0
0
0
0
0
0
0
0
0
0

0.5
0.486203
0.466725
0.409156
0.048244
0.023847
0.114402
0.167044
0.20257
0.224712
0.235888
0.240046
0.240031
0.237614
0.233878
0.229581
0.225342
0.221641
0.21909
0.217642
0.221132
0

0.5
0.500797
0.495293
0.483434
0.313287
0.203161
0.164158
0.188626
0.234754
0.27323
0.301358
0.321094
0.334978
0.345008
0.352545
0.358396
0.363194
0.367526
0.371478
0.37633
0.378591
0

0.5
0.500204
0.496127
0.494748
0.431827
0.364908
0.27934
0.239942
0.255511
0.286888
0.316916
0.341391
0.360349
0.37513
0.386963
0.396848
0.405282
0.412739
0.419117
0.425128
0.426465
0

0.5
0.500454
0.495031
0.499664
0.449462
0.458329
0.411985
0.337534
0.301165
0.30608
0.327212
0.349193
0.368322
0.384543
0.398019
0.409211
0.418741
0.427039
0.433929
0.439973
0.440908
0

0.5
0.500524
0.494719
0.500301
0.447159
0.484603
0.496175
0.439617
0.376476
0.350997
0.348592
0.357472
0.372434
0.38778
0.400773
0.412048
0.422091
0.430617
0.437406
0.443295
0.444015
0

0.5
0.500076
0.496232
0.497121
0.470772
0.472293
0.504027
0.500872
0.473096
0.429752
0.391106
0.380301
0.385885
0.393194
0.401943
0.413073
0.423065
0.430461
0.436721
0.442701
0.443481
0

0.5
0.499753
0.497652
0.495459
0.489144
0.47263
0.483566
0.515246
0.523469
0.49061
0.456849
0.438772
0.418916
0.406744
0.411831
0.421018
0.424797
0.428598
0.436049
0.442472
0.442855
0

0.5
0.499731
0.498158
0.49637
0.493837
0.487704
0.482962
0.491999
0.504389
0.513959
0.520318
0.497076
0.459537
0.449451
0.450363
0.437227
0.426584
0.433952
0.445091
0.447123
0.443339
0

0.5
0.499755
0.49841
0.497273
0.495875
0.493902
0.490021
0.485722
0.491814
0.509451
0.515241
0.503834
0.50831
0.51668
0.486778
0.45081
0.455313
0.473704
0.467102
0.454899
0.452075
0

0.5
0.499774
0.498585
0.497811
0.497003
0.496036
0.494653
0.493218
0.492747
0.491438
0.492778
0.509346
0.52866
0.513957
0.483814
0.496456
0.529438
0.514702
0.467997
0.467743
0.492239
0

0.5
0.499792
0.498718
0.498164
0.497683
0.497233
0.496787
0.49625
0.49507
0.493765
0.496732
0.501302
0.496076
0.489091
0.509817
0.54306
0.534116
0.485468
0.473578
0.508195
0.544442
0

0.5
0.499814
0.498848
0.498465
0.498196
0.497999
0.497833
0.497628
0.497377
0.497477
0.497555
0.494946
0.492742
0.501379
0.51294
0.506777
0.484601
0.485281
0.520637
0.532943
0.529586
0

0.5
0.499859
0.499043
0.498839
0.498736
0.498681
0.498643
0.498608
0.498597
0.498587
0.498214
0.497522
0.498738
0.501129
0.497476
0.488448
0.491601
0.510827
0.518511
0.506591
0.489851
0

0.5
0.49999
0.499441
0.499446
0.499466
0.499469
0.499445
0.499398
0.499333
0.499236
0.499072
0.49899
0.499221
0.498811
0.496666
0.496212
0.501013
0.503403
0.497639
0.4921
0.490442
0

0.5
0.499646
0.499118
0.498879
0.498567
0.49821
0.497825
0.497431
0.497036
0.496589
0.496055
0.495778
0.496128
0.495619
0.492425
0.491407
0.499407
0.506563
0.494559
0.481288
0.483405
0

0
0
0
0
0
0
0
0
0
0
0
0
0
0
0
0
0
0
0
0
0
0


0
0
0
0
0
0
0
0
0
0
0
0
0
0
0
0
0
0
0
0
0
0

0.5
0.485867
0.472241
0.430725
0.420292
0.491884
0.478516
0.4235
0.386414
0.363315
0.3462
0.331575
0.318143
0.305495
0.293558
0.282402
0.272195
0.263111
0.255759
0.249769
0.252936
0

0.5
0.500435
0.499765
0.488752
0.489043
0.535065
0.556956
0.533555
0.509528
0.495643
0.487692
0.48212
0.477294
0.472639
0.468037
0.463543
0.459311
0.455648
0.452799
0.450639
0.452869
0

0.5
0.500061
0.49863
0.49742
0.492345
0.525549
0.556991
0.552897
0.535355
0.521372
0.514007
0.510743
0.509316
0.508664
0.508324
0.508059
0.507834
0.507739
0.507827
0.50733
0.508575
0

0.5
0.499987
0.497573
0.498116
0.485459
0.51211
0.541281
0.550698
0.54264
0.530792
0.522124
0.517269
0.515088
0.514486
0.514652
0.515156
0.515824
0.516543
0.51722
0.516833
0.517534
0

0.5
0.499912
0.497308
0.496919
0.484158
0.497359
0.52334
0.538687
0.542312
0.536208
0.527753
0.521353
0.517607
0.515668
0.514887
0.514866
0.51519
0.515562
0.515906
0.515136
0.515537
0

0.5
0.499785
0.497683
0.49603
0.489436
0.48873
0.504934
0.524973
0.535008
0.535378
0.531469
0.526427
0.521259
0.51744
0.515465
0.514481
0.513741
0.51323
0.513025
0.511654
0.511694
0

0.5
0.49974
0.498085
0.496329
0.493383
0.490485
0.495082
0.507788
0.518939
0.526743
0.531084
0.528585
0.523575
0.520337
0.517858
0.514958
0.512675
0.5116
0.510877
0.508491
0.507859
0

0.5
0.499755
0.498355
0.497091
0.495455
0.493835
0.493588
0.496419
0.504612
0.515976
0.521473
0.521581
0.523767
0.524273
0.519618
0.51491
0.513496
0.512624
0.510075
0.506384
0.505592
0

0.5
0.499775
0.498555
0.497689
0.49673
0.495742
0.495081
0.495614
0.498699
0.502664
0.506496
0.514316
0.52152
0.519027
0.514255
0.516345
0.518774
0.514504
0.508418
0.506033
0.507975
0

0.5
0.499792
0.4987
0.498094
0.497527
0.497
0.49662
0.496638
0.4971
0.497986
0.501505
0.506927
0.507561
0.506007
0.512729
0.521456
0.51775
0.508115
0.506316
0.509683
0.514577
0

0.5
0.499807
0.498814
0.49839
0.498072
0.49783
0.497667
0.497606
0.497708
0.498329
0.499692
0.500006
0.499543
0.504264
0.512238
0.511399
0.503284
0.502564
0.512309
0.515043
0.513853
0

0.5
0.499827
0.498934
0.498664
0.498523
0.498457
0.498438
0.498464
0.498578
0.498842
0.499039
0.498921
0.500018
0.503117
0.503545
0.499303
0.498911
0.50828
0.514814
0.509628
0.503511
0

0.5
0.499871
0.499123
0.499025
0.499037
0.499092
0.499159
0.499232
0.499319
0.499408
0.499437
0.499536
0.500193
0.500766
0.499604
0.498535
0.501815
0.506385
0.505703
0.501007
0.4982
0

0.5
0.500001
0.499518
0.499625
0.499756
0.499862
0.499928
0.499955
0.499953
0.499928
0.499883
0.499857
0.499898
0.499771
0.499334
0.499498
0.500641
0.500884
0.499597
0.498232
0.499373
0

0.5
0.499658
0.499194
0.499054
0.49885
0.498592
0.498291
0.497956
0.497596
0.4972
0.496759
0.496357
0.496124
0.495809
0.494867
0.493779
0.493836
0.494836
0.494803
0.491764
0.491165
0

0
0
0
0
0
0
0
0
0
0
0
0
0
0
0
0
0
0
0
0
0
0


0
0
0
0
0
0
0
0
0
0
0
0
0
0
0
0
0
0
0
0
0
0

0.5
0.486534
0.475936
0.455206
0.467088
0.484688
0.470809
0.440118
0.411195
0.387887
0.368953
0.352802
0.338404
0.325213
0.312985
0.301644
0.291243
0.281882
0.274156
0.267687
0.270802
0

0.5
0.500895
0.502548
0.502535
0.515632
0.542928
0.553534
0.545488
0.533028
0.522846
0.515423
0.509723
0.504916
0.500557
0.496442
0.492519
0.488835
0.48566
0.48318
0.481569
0.484205
0

0.5
0.50024
0.500729
0.503379
0.50964
0.530949
0.5473
0.548702
0.54244
0.535893
0.531527
0.529217
0.528275
0.528113
0.528337
0.528736
0.529239
0.529862
0.530575
0.531001
0.532728
0

0.5
0.499962
0.499442
0.500953
0.502664
0.516581
0.533063
0.540546
0.539585
0.535258
0.531201
0.528642
0.527529
0.527438
0.527986
0.528902
0.530002
0.531146
0.532186
0.532474
0.533647
0

0.5
0.499853
0.498858
0.499077
0.498881
0.506152
0.519385
0.52989
0.53381
0.532866
0.530151
0.527557
0.525794
0.524959
0.524861
0.525225
0.525828
0.526514
0.527121
0.526923
0.527808
0

0.5
0.499803
0.498672
0.498179
0.497739
0.500612
0.508714
0.518368
0.525094
0.527997
0.527981
0.52641
0.524672
0.523436
0.522716
0.522382
0.522355
0.522512
0.522643
0.52196
0.522625
0

0.5
0.499793
0.498666
0.498035
0.497627
0.498643
0.502426
0.50846
0.515097
0.520427
0.522973
0.523407
0.522979
0.522104
0.521074
0.520281
0.519818
0.5195
0.51915
0.518051
0.51856
0

0.5
0.499799
0.49873
0.498181
0.497824
0.498124
0.499705
0.502813
0.507257
0.511784
0.515307
0.518082
0.519568
0.519473
0.518916
0.51851
0.517952
0.517174
0.516471
0.515222
0.515763
0

0.5
0.499809
0.49881
0.498376
0.49811
0.498175
0.498856
0.500364
0.50266
0.505369
0.508559
0.51182
0.513621
0.514473
0.515751
0.516484
0.515772
0.514778
0.51441
0.513457
0.514138
0

0.5
0.499819
0.498885
0.498561
0.498399
0.498432
0.498758
0.499486
0.500655
0.502254
0.504291
0.506134
0.50746
0.509585
0.512177
0.512742
0.511768
0.511829
0.512857
0.512232
0.512595
0

0.5
0.49983
0.49896
0.498739
0.49868
0.498753
0.498972
0.499376
0.500007
0.500885
0.501932
0.502897
0.504111
0.506126
0.507597
0.507346
0.507367
0.509502
0.511356
0.510122
0.509634
0

0.5
0.499848
0.499058
0.49895
0.498997
0.499133
0.499338
0.499616
0.499984
0.500449
0.500973
0.50154
0.502392
0.503466
0.503867
0.503734
0.504896
0.507223
0.508141
0.50642
0.505765
0

0.5
0.49989
0.499235
0.499277
0.499442
0.499646
0.499858
0.500073
0.500298
0.500538
0.500786
0.501073
0.501489
0.501889
0.501951
0.502083
0.503041
0.504197
0.504328
0.502971
0.503078
0

0.5
0.500019
0.499624
0.499857
0.500121
0.500348
0.500521
0.500641
0.500719
0.500771
0.500801
0.500821
0.500853
0.500864
0.500806
0.500828
0.501031
0.501154
0.501047
0.500267
0.501083
0

0.5
0.499676
0.499294
0.499273
0.499189
0.499036
0.498818
0.498542
0.498219
0.49785
0.497433
0.496993
0.496596
0.496197
0.495535
0.494576
0.49388
0.493982
0.494221
0.492417
0.492421
0

0
0
0
0
0
0
0
0
0
0
0
0
0
0
0
0
0
0
0
0
0
0


0
0
0
0
0
0
0
0
0
0
0
0
0
0
0
0
0
0
0
0
0
0

0.5
0.487095
0.477163
0.464649
0.461908
0.460196
0.448051
0.427985
0.406318
0.386176
0.368212
0.352161
0.337621
0.324298
0.312034
0.300776
0.290571
0.2815
0.274153
0.268032
0.271126
0

0.5
0.501216
0.503815
0.507318
0.515441
0.526584
0.531408
0.528484
0.522103
0.515405
0.509433
0.504223
0.49957
0.495302
0.491324
0.48763
0.484295
0.481585
0.479568
0.478623
0.481299
0

0.5
0.500395
0.501803
0.505549
0.512035
0.52254
0.530736
0.5332
0.531836
0.529426
0.527436
0.526229
0.525701
0.525641
0.525871
0.526282
0.526849
0.527606
0.528499
0.529188
0.53103
0

0.5
0.500059
0.500398
0.502671
0.506645
0.514277
0.522413
0.52713
0.5282
0.527366
0.526208
0.525491
0.525393
0.525829
0.526648
0.527714
0.528928
0.530199
0.531375
0.531863
0.533172
0

0.5
0.499941
0.499699
0.500841
0.503103
0.508063
0.514771
0.520332
0.523262
0.524005
0.523663
0.523121
0.522843
0.52296
0.523423
0.524137
0.525005
0.525919
0.5267
0.526739
0.527787
0

0.5
0.499891
0.499351
0.499831
0.501098
0.504063
0.508758
0.513779
0.517679
0.519878
0.520689
0.520749
0.520611
0.520558
0.520682
0.520989
0.521442
0.521949
0.522337
0.522001
0.522899
0

0.5
0.499872
0.499195
0.499355
0.500055
0.501754
0.504681
0.508378
0.512034
0.514937
0.516769
0.517737
0.518135
0.518248
0.518295
0.518382
0.518539
0.518735
0.518828
0.518236
0.519042
0

0.5
0.499867
0.49914
0.499165
0.499559
0.500531
0.502265
0.504668
0.507407
0.510046
0.512276
0.513914
0.514924
0.515501
0.515823
0.51595
0.515994
0.516051
0.516007
0.515275
0.516026
0

0.5
0.499868
0.499134
0.499117
0.499367
0.499956
0.500984
0.502465
0.504292
0.506264
0.508188
0.50986
0.511171
0.512222
0.512963
0.513297
0.513446
0.513614
0.513626
0.512861
0.51357
0

0.5
0.499871
0.499153
0.499143
0.499344
0.499751
0.500402
0.501322
0.502484
0.503809
0.505195
0.506509
0.507725
0.508902
0.509817
0.510309
0.510687
0.511142
0.511355
0.510634
0.511286
0

0.5
0.499878
0.499193
0.499223
0.499433
0.499773
0.500238
0.50084
0.501576
0.502423
0.503334
0.504244
0.505173
0.506135
0.506891
0.507352
0.507889
0.508604
0.509003
0.508281
0.508828
0

0.5
0.499893
0.49927
0.499374
0.499633
0.499968
0.500351
0.50078
0.501257
0.501781
0.502334
0.502903
0.503518
0.504147
0.504612
0.504951
0.505495
0.506203
0.506556
0.50576
0.506245
0

0.5
0.499934
0.499434
0.499665
0.500008
0.500368
0.500712
0.501034
0.501342
0.501643
0.501937
0.502232
0.502548
0.502849
0.503054
0.503245
0.503607
0.504035
0.504183
0.503409
0.50403
0

0.5
0.500062
0.499813
0.500221
0.500641
0.500995
0.501267
0.501462
0.501595
0.50168
0.50173
0.501753
0.501761
0.501755
0.501719
0.501678
0.501667
0.501656
0.501594
0.500909
0.50177
0

0.5
0.499719
0.499477
0.49962
0.499677
0.499634
0.499493
0.499266
0.498969
0.498611
0.4982
0.497751
0.497291
0.496808
0.496213
0.495488
0.494844
0.494528
0.494358
0.493253
0.494079
0

0
0
0
0
0
0
0
0
0
0
0
0
0
0
0
0
0
0
0
0
0
0


0
0
0
0
0
0
0
0
0
0
0
0
0
0
0
0
0
0
0
0
0
0

0.5
0.487377
0.477503
0.465812
0.455763
0.445594
0.432063
0.415458
0.397813
0.380594
0.364393
0.349308
0.335269
0.3222
0.310077
0.298928
0.288856
0.279963
0.272842
0.266974
0.270199
0

0.5
0.501415
0.504238
0.507668
0.511811
0.515805
0.517139
0.515269
0.511479
0.507016
0.502509
0.49816
0.493998
0.490021
0.486241
0.482716
0.479563
0.477048
0.475242
0.474479
0.477238
0

0.5
0.50055
0.502235
0.505676
0.510243
0.5156
0.519839
0.521878
0.522242
0.521904
0.521512
0.52132
0.521366
0.521603
0.521977
0.522458
0.523073
0.523884
0.52484
0.525652
0.527567
0

0.5
0.500208
0.500898
0.503153
0.506403
0.510701
0.5149
0.517819
0.519316
0.51996
0.520352
0.520851
0.521585
0.522554
0.523703
0.524972
0.526322
0.527709
0.529002
0.529617
0.531027
0

0.5
0.500093
0.50026
0.50168
0.503869
0.507005
0.510585
0.513645
0.515709
0.516895
0.517595
0.518165
0.518816
0.519619
0.520568
0.521624
0.522738
0.523831
0.524763
0.524955
0.526122
0

0.5
0.500045
0.499929
0.50083
0.502297
0.504484
0.507235
0.510012
0.512292
0.513906
0.514963
0.515698
0.51632
0.516949
0.51763
0.518365
0.51913
0.519862
0.520427
0.52027
0.521309
0

0.5
0.500022
0.499753
0.50035
0.501347
0.50284
0.504815
0.507027
0.509145
0.510914
0.512258
0.513236
0.51397
0.51457
0.515106
0.515621
0.516128
0.516587
0.516881
0.516486
0.51745
0

0.5
0.500012
0.499662
0.500088
0.500794
0.501822
0.503192
0.504816
0.506527
0.508144
0.509536
0.510663
0.511545
0.512228
0.512755
0.513177
0.513549
0.513854
0.513985
0.513449
0.514373
0

0.5
0.500008
0.49962
0.499955
0.500491
0.50123
0.502186
0.503336
0.504607
0.505895
0.507108
0.508188
0.509107
0.509854
0.510425
0.510853
0.511206
0.51147
0.511538
0.510942
0.511843
0

0.5
0.500008
0.499609
0.499908
0.500357
0.500926
0.50162
0.502434
0.50334
0.504287
0.505224
0.506109
0.506911
0.507613
0.508182
0.508619
0.508987
0.509272
0.509356
0.508751
0.509627
0

0.5
0.500012
0.499627
0.499932
0.500351
0.500835
0.501373
0.501962
0.502595
0.503256
0.50392
0.504564
0.505173
0.505734
0.506198
0.506568
0.506916
0.507224
0.507336
0.506717
0.507553
0

0.5
0.500025
0.499688
0.500042
0.50048
0.500933
0.501382
0.501824
0.502263
0.502697
0.503123
0.503535
0.503932
0.504297
0.504595
0.504848
0.505125
0.505388
0.505466
0.50481
0.505623
0

0.5
0.500064
0.499841
0.500303
0.500802
0.501256
0.501648
0.501982
0.502268
0.502517
0.502738
0.502937
0.503119
0.503274
0.50339
0.503494
0.503627
0.503751
0.50375
0.503091
0.503942
0

0.5
0.500192
0.500211
0.500834
0.50139
0.501817
0.502116
0.502307
0.502413
0.502456
0.502449
0.502405
0.502335
0.502248
0.502142
0.502023
0.501901
0.501783
0.501662
0.501005
0.501975
0

0.5
0.499848
0.499869
0.500216
0.500394
0.500409
0.500285
0.500048
0.499721
0.499325
0.498877
0.498394
0.497888
0.49736
0.496795
0.496203
0.495655
0.495237
0.494909
0.494083
0.495307
0

0
0
0
0
0
0
0
0
0
0
0
0
0
0
0
0
0
0
0
0
0
0


0
0
0
0
0
0
0
0
0
0
0
0
0
0
0
0
0
0
0
0
0
0

0.5
0.487033
0.476768
0.46369
0.449304
0.434345
0.419173
0.404008
0.389004
0.374273
0.35991
0.346014
0.332682
0.320012
0.308108
0.2971
0.287169
0.278437
0.27144
0.265838
0.269449
0

0.5
0.50105
0.503563
0.505685
0.506598
0.506387
0.505264
0.503441
0.501087
0.498323
0.495244
0.491935
0.488483
0.484985
0.481555
0.478326
0.475432
0.473128
0.471497
0.471042
0.474124
0

0.5
0.500182
0.501644
0.503988
0.50627
0.508284
0.509994
0.511431
0.512653
0.513708
0.514628
0.515442
0.51617
0.516838
0.517488
0.518174
0.518959
0.519888
0.520895
0.521894
0.524107
0

0.5
0.49985
0.500439
0.501942
0.503656
0.505416
0.507127
0.508762
0.510332
0.511865
0.513384
0.514903
0.516422
0.517941
0.519466
0.521013
0.522576
0.524098
0.525444
0.526259
0.527977
0

0.5
0.499744
0.499921
0.500891
0.502105
0.50346
0.504863
0.50627
0.507659
0.509038
0.510421
0.511817
0.513223
0.514635
0.516056
0.517485
0.518884
0.520163
0.521173
0.521592
0.523084
0

0.5
0.499703
0.499666
0.500314
0.501179
0.502202
0.503323
0.504483
0.505655
0.506827
0.508
0.509172
0.510341
0.511502
0.512655
0.513797
0.514879
0.515798
0.516436
0.516512
0.517879
0

0.5
0.499682
0.499524
0.499969
0.50059
0.501355
0.502227
0.503161
0.504122
0.505094
0.506061
0.507018
0.507954
0.508863
0.509751
0.510612
0.511388
0.511975
0.512309
0.512137
0.513429
0

0.5
0.499671
0.499439
0.499752
0.500202
0.500773
0.501438
0.502166
0.50293
0.503707
0.504479
0.505233
0.505951
0.506626
0.507277
0.50789
0.508388
0.508685
0.508788
0.508478
0.509759
0

0.5
0.499665
0.499389
0.499619
0.499953
0.500381
0.500884
0.501438
0.502023
0.502619
0.50321
0.503776
0.504288
0.504759
0.505218
0.505625
0.505876
0.505933
0.505903
0.505559
0.506878
0

0.5
0.499663
0.499367
0.499552
0.499814
0.500144
0.500526
0.500941
0.501374
0.50181
0.502237
0.502628
0.502966
0.503287
0.503607
0.503832
0.503866
0.503772
0.503732
0.503392
0.504721
0

0.5
0.499666
0.499373
0.49955
0.499781
0.500052
0.500347
0.500654
0.500961
0.501261
0.501542
0.501785
0.501995
0.502207
0.502393
0.502444
0.502343
0.50224
0.502265
0.501859
0.50309
0

0.5
0.499678
0.499424
0.499637
0.499877
0.500121
0.500357
0.500576
0.500776
0.500954
0.501104
0.501225
0.50133
0.50143
0.501479
0.501416
0.501295
0.501252
0.501281
0.500734
0.501825
0

0.5
0.499717
0.499569
0.499879
0.500167
0.500409
0.500596
0.500734
0.500827
0.500884
0.500908
0.500908
0.500896
0.50087
0.500802
0.500678
0.50056
0.500511
0.500454
0.49983
0.500903
0

0.5
0.499844
0.499932
0.500392
0.500725
0.500929
0.501021
0.501025
0.50096
0.500845
0.500694
0.500518
0.500327
0.500128
0.499921
0.499707
0.499499
0.499304
0.499093
0.498491
0.49974
0

0.5
0.499497
0.499582
0.499758
0.499708
0.499497
0.499171
0.49876
0.498288
0.497777
0.49725
0.496716
0.496163
0.495591
0.49505
0.494591
0.494182
0.493718
0.493156
0.492493
0.494204
0

0
0
0
0
0
0
0
0
0
0
0
0
0
0
0
0
0
0
0
0
0
0


0
0
0
0
0
0
0
0
0
0
0
0
0
0
0
0
0
0
0
0
0
0

0
0
0
0
0
0
0
0
0
0
0
0
0
0
0
0
0
0
0
0
0
0

0
0
0
0
0
0
0
0
0
0
0
0
0
0
0
0
0
0
0
0
0
0

0
0
0
0
0
0
0
0
0
0
0
0
0
0
0
0
0
0
0
0
0
0

0
0
0
0
0
0
0
0
0
0
0
0
0
0
0
0
0
0
0
0
0
0

0
0
0
0
0
0
0
0
0
0
0
0
0
0
0
0
0
0
0
0
0
0

0
0
0
0
0
0
0
0
0
0
0
0
0
0
0
0
0
0
0
0
0
0

0
0
0
0
0
0
0
0
0
0
0
0
0
0
0
0
0
0
0
0
0
0

0
0
0
0
0
0
0
0
0
0
0
0
0
0
0
0
0
0
0
0
0
0

0
0
0
0
0
0
0
0
0
0
0
0
0
0
0
0
0
0
0
0
0
0

0
0
0
0
0
0
0
0
0
0
0
0
0
0
0
0
0
0
0
0
0
0

6.34023e-309
0
0
0
0
0
0
0
0
0
0
0
0
0
0
0
0
0
0
0
0
0

0
0
0
0
0
0
0
0
0
0
0
0
0
0
0
0
0
0
0
0
0
0

0
0
0
0
0
0
0
0
0
0
0
0
0
0
0
0
0
0
0
0
0
0

0
0
0
0
0
0
0
0
0
0
0
0
0
0
0
0
0
0
0
0
0
0

0
0
0
0
0
0
0
0
0
0
0
0
0
0
0
0
0
0
0
0
0
0

0
0
0
0
0
0
0
0
0
0
0
0
0
0
0
0
0
0
0
0
0
0


