0
0
0
0
0
0
0
0
0
0
0
0
0
0
0
0
0
0
0
0
0
0

0
0
0
0
0
0
0
0
0
0
0
0
0
0
0
0
0
0
0
0
0
0

0
0
0
0
0
0
0
0
0
0
0
0
0
0
0
0
0
0
0
0
0
0

0
0
0
0
0
0
0
0
0
0
0
0
0
0
0
0
0
0
0
0
0
0

0
0
0
0
0
0
0
0
0
0
0
0
0
0
0
0
0
0
0
0
0
0

0
0
0
0
0
0
0
0
0
0
0
0
0
0
0
0
0
0
0
0
0
0

0
0
0
0
0
0
0
0
0
0
0
0
0
0
0
0
0
0
0
0
0
0

0
0
0
0
0
0
0
0
0
0
0
0
0
0
0
0
0
0
0
0
0
0

0
0
0
0
0
0
0
0
0
0
0
0
0
0
0
0
0
0
0
0
0
0

0
0
0
0
0
0
0
0
0
0
0
0
0
0
0
0
0
0
0
0
0
0

0
0
0
0
0
0
0
0
0
0
0
0
0
0
0
0
0
0
0
0
0
0

0
0
0
0
0
0
0
0
0
0
0
0
0
0
0
0
0
0
0
0
0
0

0
0
0
0
0
0
0
0
0
0
0
0
0
0
0
0
0
0
0
0
0
0

0
0
0
0
0
0
0
0
0
0
0
0
0
0
0
0
0
0
0
0
0
0

0
0
0
0
0
0
0
0
0
0
0
0
0
0
0
0
0
0
0
0
0
0

0
0
0
0
0
0
0
0
0
0
0
0
0
0
0
0
0
0
0
0
0
0

0
0
0
0
0
0
0
0
0
0
0
0
0
0
0
0
0
0
0
0
0
0


0
0
0
0
0
0
0
0
0
0
0
0
0
0
0
0
0
0
0
0
0
0

0.5
0.428958
0.534044
0.58523
0.599368
0.481426
0.344111
0.464534
0.0570467
0.705298
0.437579
0.304069
0.851321
0.392539
0.79702
1.57693
0.272548
0.400678
0.23776
0.189657
0.186127
0

0.5
0.415262
0.495784
0.519502
0.567282
0.457284
0.321707
0.45172
0.461872
0.144427
0.378253
0.314796
0.849898
0.79167
0.799506
1.72441
0.014512
0.398619
0.217186
0.174464
0.171664
0

0.5
0.425369
0.499677
0.574894
0.577844
0.349099
0.444977
0.475333
0.410732
0.241736
0.377159
0.579698
0.454698
0.731879
0.839374
0.726348
1.56295
0.551866
0.215761
0.171686
0.168983
0

0.5
0.437201
0.496511
0.565522
0.560495
0.388486
0.413968
0.421188
0.459553
0.28754
0.381173
0.559627
0.36138
0.702634
0.821195
0.430037
1.32441
0.551646
0.195205
0.165821
0.163271
0

0.5
0.452772
0.535371
0.492646
0.573255
0.361992
0.396018
0.441501
0.39928
0.369209
0.390931
0.452184
-0.337825
0.691078
0.873565
0.484511
1.28859
0.554737
0.168418
0.157836
0.155647
0

0.5
0.461191
0.529
0.512704
0.604767
0.342887
0.377955
0.470431
0.349018
0.323765
0.384515
0.449988
0.704217
0.732504
0.890375
0.508996
1.33727
0.666728
-0.0537257
0.138546
0.136103
0

0.5
0.466258
0.521731
0.511194
0.630451
0.32588
0.360425
0.469301
0.307505
0.344738
0.381885
0.440167
0.602085
0.753906
0.943259
0.654797
1.42909
0.678241
-0.120089
0.128729
0.127071
0

0.5
0.469722
0.515953
0.510902
0.657672
0.312974
0.348156
0.232486
0.593875
0.379728
0.379297
0.427358
0.576748
0.758734
1.69986
0.739359
1.55174
0.67443
-0.219586
0.105809
0.108146
0

0.5
0.472397
0.511628
0.515588
0.63313
0.36736
0.35473
0.255885
0.51598
0.387211
0.374694
0.412556
0.543515
0.839421
0.497229
0.531964
1.6928
0.685667
-0.141991
-0.0767853
-0.0854937
0

0.5
0.474772
0.508101
0.531784
0.257067
0.666217
0.400016
0.285608
0.486108
0.390345
0.374268
0.395193
0.491226
0.881103
0.88178
0.473904
2.05204
0.563924
-0.276657
-0.0785554
-0.0856113
0

0.5
0.477269
0.506359
0.519412
0.34372
0.486027
0.438959
0.313906
0.468648
0.389475
0.410458
0.376796
0.367156
1.02686
0.781431
0.383276
2.54303
0.513021
-0.415839
-0.0740107
-0.0802373
0

0.5
0.481403
0.503473
0.514831
0.420943
0.433045
0.406908
0.331986
0.447737
0.383975
0.35671
0.354302
0.373737
0.928788
0.35378
0.617915
3.05909
0.531278
-0.553029
-0.0600981
-0.0660989
0

0.5
0.490383
0.49783
0.517037
0.481347
0.388795
0.387816
0.39023
0.370334
0.37127
0.382093
0.332355
0.345903
0.663328
-1.32078
1.14424
4.46592
0.586357
-0.702994
-0.032224
-0.0383797
0

0.5
0.489713
0.498917
0.520946
0.541987
0.337366
0.367293
0.384446
0.373548
0.363243
0.329888
0.305562
0.27888
-0.159422
0.516148
0.414804
5.51381
0.769078
-0.916487
0.0198877
0.0140818
0

0.5
0.478499
0.489721
0.514244
0.5818
0.267899
0.338566
0.3642
0.361761
0.347069
0.318135
0.280549
0.227
0.155893
0.286164
0.481056
-0.451014
0.0955916
0.0678302
0.0820276
0.0818927
0

0
0
0
0
0
0
0
0
0
0
0
0
0
0
0
0
0
0
0
0
0
0


0
0
0
0
0
0
0
0
0
0
0
0
0
0
0
0
0
0
0
0
0
0

0.5
0.328589
0.651755
0.576183
0.581313
0.457051
0.394487
0.436444
0.491282
0.224537
0.405371
0.42117
0.662451
0.822618
0.827262
0.940585
0.789432
0.661931
0.311317
0.245188
0.240789
0

0.5
0.253413
0.744334
0.572599
0.541281
0.466559
0.391679
0.424472
0.445415
0.294274
0.392102
0.400864
0.660971
0.740937
0.792317
1.01719
0.792357
0.587211
0.28331
0.227347
0.2239
0

0.5
0.345941
0.603478
0.553884
0.533713
0.442089
0.410273
0.436729
0.433668
0.296777
0.390994
0.457305
0.625202
0.723951
0.804169
0.552286
1.35581
0.587791
0.26423
0.222912
0.219537
0

0.5
0.41157
0.545952
0.543805
0.523934
0.431791
0.418298
0.434901
0.423451
0.315079
0.392143
0.490772
0.590644
0.698376
0.811503
0.522753
1.15376
0.605807
0.238404
0.215299
0.21205
0

0.5
0.444805
0.527295
0.536565
0.533696
0.417803
0.41155
0.430506
0.414404
0.328604
0.393954
0.465573
0.626076
0.698242
0.797089
0.472495
1.17047
0.631232
0.185158
0.203648
0.200543
0

0.5
0.460418
0.524483
0.517823
0.537103
0.40738
0.403003
0.42791
0.403089
0.35029
0.393707
0.452563
0.596696
0.702135
0.85297
0.55914
1.22561
0.649463
0.147896
0.190435
0.18745
0

0.5
0.468806
0.519588
0.515323
0.539854
0.400364
0.395382
0.409562
0.410143
0.364172
0.391348
0.444317
0.574858
0.719166
0.698604
0.662454
1.30706
0.682641
0.0745525
0.167124
0.164386
0

0.5
0.473982
0.515175
0.514457
0.532823
0.404542
0.39219
0.349358
0.449786
0.377841
0.38812
0.432051
0.542014
0.738326
0.586314
0.687542
1.40127
0.712233
0.0190717
0.13352
0.130517
0

0.5
0.47775
0.511727
0.515641
0.448502
0.480996
0.408711
0.325663
0.467935
0.388326
0.383709
0.417545
0.493984
0.752462
0.784961
0.7125
1.54864
0.74885
-0.0297618
0.0976385
0.0913305
0

0.5
0.481097
0.509052
0.518517
0.260432
0.654611
0.458318
0.337461
0.456879
0.391565
0.377256
0.400864
0.410352
0.812359
0.652662
0.631011
1.77728
0.850657
-0.0799437
0.052652
0.0459659
0

0.5
0.484794
0.506969
0.515143
0.389484
0.462034
0.425715
0.34595
0.442249
0.390669
0.367029
0.382491
0.288135
0.920665
0.403719
0.563828
1.93508
0.760532
-0.162023
0.0380175
0.031499
0

0.5
0.489873
0.504189
0.513647
0.438542
0.435292
0.410172
0.357721
0.425239
0.386652
0.36234
0.362755
0.325268
0.687035
-0.153949
0.694572
2.4292
0.715006
-0.259173
0.0361519
0.0299412
0

0.5
0.496869
0.499558
0.515298
0.482369
0.403645
0.394746
0.375923
0.403347
0.380073
0.351322
0.342042
0.330282
0.422811
-0.528816
1.04242
3.20497
0.728923
-0.349488
0.0418145
0.0360391
0

0.5
0.498142
0.501247
0.519272
0.524842
0.368107
0.377637
0.383286
0.384554
0.370797
0.345491
0.320215
0.286985
0.0528204
0.427418
0.305265
4.39832
0.844875
-0.369531
0.0526933
0.0477652
0

0.5
0.485261
0.493344
0.51126
0.545663
0.322118
0.351981
0.369259
0.367297
0.354529
0.329485
0.296695
0.248508
0.196622
0.247223
0.331491
3.62228
0.85962
-0.851828
0.0675785
0.0639226
0

0
0
0
0
0
0
0
0
0
0
0
0
0
0
0
0
0
0
0
0
0
0


0
0
0
0
0
0
0
0
0
0
0
0
0
0
0
0
0
0
0
0
0
0

0.5
0.369453
0.614918
0.557937
0.536215
0.373578
0.398463
0.441002
0.446024
0.356193
0.418582
0.443634
0.652425
0.728774
0.780056
0.781777
0.871098
0.619924
0.344939
0.288304
0.283655
0

0.5
0.341734
0.604181
0.535205
0.484721
0.448753
0.398464
0.426214
0.428516
0.330371
0.399199
0.433577
0.617388
0.701831
0.751058
0.766557
0.821329
0.591445
0.319909
0.269243
0.265658
0

0.5
0.379358
0.575456
0.534147
0.500303
0.468111
0.412293
0.427586
0.425565
0.334336
0.399691
0.451223
0.601676
0.693142
0.750253
0.586111
1.04287
0.600312
0.305944
0.265101
0.261526
0

0.5
0.416927
0.545755
0.529029
0.50152
0.455717
0.418649
0.427965
0.420566
0.343416
0.400354
0.46754
0.586208
0.682989
0.745503
0.585407
1.07421
0.622553
0.283917
0.257741
0.254198
0

0.5
0.443531
0.527206
0.521807
0.502238
0.443561
0.417612
0.423792
0.416181
0.354971
0.401022
0.462984
0.579386
0.680233
0.736809
0.637949
1.09265
0.64244
0.2532
0.247296
0.243767
0

0.5
0.459675
0.5193
0.516128
0.50342
0.434474
0.413186
0.417223
0.412878
0.365292
0.400329
0.453792
0.569143
0.673552
0.74563
0.636678
1.12927
0.657365
0.216743
0.23347
0.22997
0

0.5
0.469305
0.514912
0.512129
0.503081
0.42777
0.408249
0.405159
0.414971
0.3749
0.39834
0.445766
0.552058
0.673257
0.72306
0.676734
1.19532
0.679354
0.174711
0.214792
0.211125
0

0.5
0.475429
0.511663
0.50983
0.494045
0.429804
0.405359
0.383717
0.427629
0.383507
0.395333
0.435002
0.524593
0.675146
0.690426
0.72072
1.28474
0.702458
0.129223
0.191868
0.187754
0

0.5
0.479816
0.509257
0.508672
0.439601
0.472884
0.411042
0.365483
0.438121
0.390171
0.391285
0.421813
0.486303
0.677062
0.650278
0.731897
1.39512
0.718022
0.0788604
0.167732
0.163045
0

0.5
0.483489
0.507585
0.509396
0.306916
0.584638
0.43058
0.363357
0.436336
0.393006
0.386086
0.406556
0.432465
0.677841
0.620157
0.712058
1.54125
0.687434
0.0226103
0.142712
0.13707
0

0.5
0.487082
0.506668
0.508503
0.392909
0.48205
0.424633
0.367642
0.428344
0.39248
0.379956
0.389844
0.365007
0.672872
0.471631
0.665374
1.78366
0.719608
-0.0226627
0.126398
0.120399
0

0.5
0.491043
0.506388
0.509152
0.441234
0.442486
0.411979
0.373421
0.417539
0.389449
0.372864
0.372466
0.347975
0.589164
0.126452
0.673863
2.2072
0.767359
-0.0696352
0.119514
0.113435
0

0.5
0.495587
0.506296
0.511829
0.477252
0.414858
0.399463
0.380327
0.404698
0.384421
0.365413
0.354305
0.333444
0.422721
-0.189551
0.750012
2.88876
0.867327
-0.109629
0.119329
0.113327
0

0.5
0.498812
0.504029
0.514364
0.507959
0.387833
0.385146
0.38404
0.390914
0.376676
0.355926
0.33474
0.302268
0.217532
0.240707
0.0218051
3.73417
1.06154
-0.146936
0.123528
0.117913
0

0.5
0.488955
0.493633
0.505289
0.518212
0.352004
0.36191
0.372704
0.371567
0.360701
0.340032
0.312708
0.271827
0.22573
0.227912
-0.095621
4.26174
1.2663
-0.0911397
0.125248
0.120687
0

0
0
0
0
0
0
0
0
0
0
0
0
0
0
0
0
0
0
0
0
0
0


0
0
0
0
0
0
0
0
0
0
0
0
0
0
0
0
0
0
0
0
0
0

0.5
0.412365
0.580295
0.542973
0.40356
0.176621
0.383403
0.438707
0.441711
0.376453
0.426783
0.467797
0.615402
0.695251
0.741785
0.733432
0.874612
0.642788
0.388732
0.334748
0.329676
0

0.5
0.399385
0.558351
0.520501
0.376101
0.4147
0.403096
0.423716
0.422972
0.358885
0.407788
0.449462
0.588565
0.668095
0.713455
0.715039
0.84348
0.610539
0.362956
0.314318
0.310448
0

0.5
0.413275
0.548386
0.518704
0.444206
0.49255
0.419403
0.425023
0.421889
0.361229
0.40819
0.456159
0.580461
0.663741
0.711025
0.683389
0.894148
0.613949
0.352803
0.310858
0.306964
0

0.5
0.432453
0.53417
0.516945
0.473091
0.481623
0.423696
0.424392
0.419568
0.365942
0.408429
0.462678
0.569143
0.65706
0.706787
0.646725
0.957382
0.628151
0.33705
0.304713
0.300795
0

0.5
0.44968
0.522456
0.5142
0.484215
0.461069
0.423175
0.421314
0.417482
0.372322
0.408343
0.462463
0.558941
0.65067
0.701604
0.648748
0.99516
0.644427
0.316603
0.296135
0.292162
0

0.5
0.462461
0.515374
0.510818
0.486809
0.450247
0.420431
0.415995
0.416198
0.379015
0.407462
0.4557
0.549969
0.644733
0.694513
0.665531
1.03753
0.661215
0.292135
0.285054
0.280981
0

0.5
0.471266
0.511374
0.508037
0.485472
0.444587
0.416946
0.408181
0.41691
0.385161
0.405553
0.447968
0.535131
0.638615
0.679146
0.686076
1.09576
0.679826
0.263277
0.271385
0.267104
0

0.5
0.477381
0.508913
0.506009
0.478066
0.444886
0.414345
0.397553
0.420542
0.390426
0.402696
0.438427
0.513339
0.632114
0.651343
0.711802
1.17496
0.699768
0.231005
0.255854
0.251248
0

0.5
0.481942
0.507361
0.504636
0.452366
0.460775
0.415121
0.387279
0.424564
0.394365
0.398911
0.426846
0.484199
0.622904
0.62188
0.726587
1.2783
0.718692
0.197011
0.239817
0.234825
0

0.5
0.485768
0.506504
0.504241
0.398428
0.500393
0.42093
0.382782
0.424314
0.396138
0.394174
0.413461
0.447486
0.608468
0.575927
0.716622
1.41229
0.745829
0.166809
0.224272
0.218766
0

0.5
0.489433
0.506272
0.504411
0.413891
0.478277
0.421172
0.383004
0.419999
0.395618
0.38856
0.398742
0.40652
0.581586
0.473277
0.665424
1.60771
0.788484
0.139593
0.21199
0.206086
0

0.5
0.493365
0.506536
0.505755
0.44629
0.448012
0.413721
0.385029
0.413239
0.393197
0.38226
0.383275
0.375999
0.519312
0.267589
0.561737
1.97988
0.860165
0.117256
0.204853
0.198738
0

0.5
0.497741
0.506925
0.508371
0.473581
0.425196
0.404234
0.387686
0.40498
0.389182
0.375308
0.367137
0.350761
0.415145
0.056287
0.382816
2.60552
0.990928
0.100861
0.202268
0.196111
0

0.5
0.500817
0.505763
0.510085
0.495752
0.403824
0.392434
0.388191
0.394597
0.382496
0.36653
0.349645
0.322011
0.296048
0.174894
-0.2432
3.3683
1.19231
0.0890613
0.201921
0.196037
0

0.5
0.492157
0.494087
0.500156
0.499349
0.374126
0.371245
0.376594
0.376024
0.367012
0.350612
0.328725
0.295066
0.255608
0.199658
-0.508417
3.92847
1.37761
0.052408
0.1968
0.19167
0

0
0
0
0
0
0
0
0
0
0
0
0
0
0
0
0
0
0
0
0
0
0


0
0
0
0
0
0
0
0
0
0
0
0
0
0
0
0
0
0
0
0
0
0

0.5
0.442574
0.555415
0.531384
0.164078
0.0919636
0.384555
0.438243
0.440109
0.398058
0.435887
0.479626
0.591504
0.664901
0.708055
0.711209
0.840028
0.648122
0.431797
0.382385
0.37694
0

0.5
0.428996
0.533699
0.507821
0.272275
0.318987
0.402026
0.423389
0.421338
0.379602
0.416398
0.459162
0.566575
0.638903
0.680775
0.688209
0.809893
0.61805
0.40622
0.360723
0.356617
0

0.5
0.436966
0.529243
0.507582
0.375238
0.497577
0.426724
0.424801
0.420947
0.381094
0.416556
0.461352
0.561775
0.636247
0.678927
0.68473
0.830975
0.621443
0.399618
0.358185
0.35403
0

0.5
0.447517
0.522484
0.507469
0.430333
0.51562
0.430948
0.423882
0.419822
0.383666
0.416414
0.463267
0.554172
0.631299
0.674843
0.670403
0.869469
0.630725
0.389246
0.35365
0.349435
0

0.5
0.458243
0.515971
0.506553
0.46006
0.482203
0.428992
0.42141
0.418647
0.387204
0.41591
0.462377
0.545471
0.625227
0.669007
0.665631
0.908093
0.644091
0.375941
0.347415
0.343102
0

0.5
0.467392
0.511231
0.505155
0.473494
0.46241
0.426059
0.417507
0.417794
0.391072
0.414778
0.457641
0.53592
0.618241
0.660671
0.671265
0.948493
0.659689
0.359951
0.33959
0.335128
0

0.5
0.474537
0.508306
0.503725
0.476565
0.453484
0.422958
0.412282
0.417645
0.394702
0.412855
0.450883
0.523168
0.609928
0.647397
0.682423
0.998197
0.677557
0.341747
0.330417
0.325742
0

0.5
0.480013
0.506642
0.50253
0.473487
0.450831
0.42036
0.405984
0.418405
0.397722
0.410122
0.442514
0.505793
0.599618
0.626018
0.695913
1.06193
0.698534
0.322176
0.320393
0.315442
0

0.5
0.484391
0.505817
0.501671
0.463271
0.454654
0.419185
0.399778
0.419312
0.399803
0.406586
0.432497
0.483422
0.585704
0.596818
0.704193
1.14244
0.72448
0.303158
0.310242
0.304967
0

0.5
0.488215
0.505623
0.501342
0.4456
0.464753
0.419837
0.395723
0.418663
0.40055
0.40226
0.420973
0.456374
0.565573
0.5538
0.695961
1.24814
0.759958
0.287104
0.30078
0.295134
0

0.5
0.491936
0.505951
0.501777
0.44133
0.463042
0.419618
0.39422
0.415884
0.399801
0.397209
0.40826
0.426471
0.534515
0.477616
0.648153
1.41415
0.810819
0.274893
0.293087
0.287087
0

0.5
0.49593
0.506707
0.503195
0.455258
0.448075
0.415356
0.394171
0.411412
0.397688
0.391547
0.394738
0.398035
0.484193
0.347899
0.515083
1.70916
0.887716
0.266966
0.288145
0.281878
0

0.5
0.50034
0.507598
0.50548
0.472641
0.432229
0.40861
0.394611
0.405688
0.394313
0.385255
0.380543
0.371329
0.411601
0.205203
0.231261
2.19672
1.00595
0.262676
0.285894
0.279492
0

0.5
0.503517
0.506751
0.506489
0.487537
0.415792
0.39907
0.393169
0.397605
0.388391
0.377047
0.364919
0.344196
0.331993
0.190874
-0.269584
2.8004
1.16901
0.259691
0.28433
0.278103
0

0.5
0.495258
0.494749
0.495807
0.486199
0.390353
0.379643
0.38073
0.380337
0.373348
0.361229
0.344895
0.318685
0.285828
0.194437
-0.586342
3.2457
1.30569
0.247726
0.275721
0.27019
0

0
0
0
0
0
0
0
0
0
0
0
0
0
0
0
0
0
0
0
0
0
0


0
0
0
0
0
0
0
0
0
0
0
0
0
0
0
0
0
0
0
0
0
0

0.5
0.463178
0.539492
0.517633
0.518096
0.606187
0.455754
0.445988
0.441293
0.414688
0.444626
0.48652
0.573393
0.638834
0.678817
0.693109
0.797091
0.649481
0.474593
0.430866
0.42509
0

0.5
0.44837
0.51861
0.498327
0.473352
0.536424
0.430458
0.425933
0.422008
0.39573
0.424736
0.465341
0.549344
0.613476
0.652262
0.668419
0.76839
0.620582
0.4489
0.407999
0.403703
0

0.5
0.453583
0.516528
0.499739
0.452263
0.511079
0.43165
0.425615
0.421753
0.396569
0.424662
0.465685
0.546245
0.611624
0.650975
0.669602
0.780282
0.623609
0.445052
0.406439
0.402076
0

0.5
0.459999
0.513309
0.500449
0.450668
0.496013
0.4333
0.424679
0.421058
0.397883
0.424224
0.465523
0.540806
0.607714
0.64751
0.665956
0.802937
0.630512
0.438941
0.403616
0.39917
0

0.5
0.466846
0.509976
0.500551
0.459425
0.480448
0.432551
0.422791
0.420228
0.399701
0.423436
0.463867
0.533803
0.602284
0.642106
0.663057
0.831857
0.641205
0.431209
0.399817
0.395246
0

0.5
0.473239
0.507324
0.500266
0.467858
0.466811
0.430254
0.419937
0.419433
0.401714
0.42213
0.459992
0.525366
0.595401
0.634229
0.664533
0.864809
0.654986
0.422238
0.39519
0.390448
0

0.5
0.478748
0.505634
0.499836
0.472076
0.457958
0.427489
0.416274
0.418822
0.403586
0.420191
0.4543
0.514634
0.586713
0.622552
0.669377
0.904012
0.671888
0.41257
0.389969
0.385008
0

0.5
0.483379
0.504802
0.499449
0.472112
0.453485
0.424905
0.412075
0.418437
0.405038
0.41758
0.447141
0.500762
0.57554
0.604997
0.675126
0.952636
0.692949
0.403044
0.384484
0.379259
0

0.5
0.48738
0.504643
0.49923
0.468461
0.452597
0.422966
0.407902
0.417997
0.405839
0.414297
0.438623
0.483411
0.560668
0.579792
0.677124
1.01443
0.720108
0.394899
0.379157
0.373631
0

0.5
0.491073
0.50501
0.499323
0.462175
0.454143
0.421796
0.404595
0.416872
0.405775
0.410362
0.428864
0.46277
0.540184
0.542771
0.667098
1.0982
0.756109
0.389311
0.374465
0.368614
0

0.5
0.494791
0.505818
0.49995
0.458783
0.453435
0.420509
0.402545
0.414663
0.404732
0.405828
0.418073
0.439701
0.511232
0.48461
0.627158
1.22691
0.804448
0.38678
0.370911
0.364735
0

0.5
0.498845
0.506991
0.501313
0.463876
0.446483
0.417508
0.40144
0.411408
0.402743
0.400774
0.406503
0.415755
0.47023
0.39631
0.517733
1.44421
0.871863
0.387332
0.368926
0.362464
0

0.5
0.503335
0.508252
0.503229
0.473536
0.436647
0.412679
0.400659
0.40719
0.399779
0.395134
0.394251
0.391638
0.416378
0.294986
0.27822
1.79416
0.96767
0.390425
0.36842
0.361769
0

0.5
0.506635
0.507667
0.503622
0.482393
0.424546
0.40499
0.398044
0.400614
0.394394
0.387527
0.380431
0.36711
0.358228
0.240879
-0.101103
2.23475
1.09064
0.393359
0.367353
0.360834
0

0.5
0.498521
0.495615
0.492289
0.477104
0.402486
0.38705
0.384878
0.38444
0.37966
0.371847
0.361196
0.342674
0.316543
0.222284
-0.378092
2.55996
1.18848
0.383759
0.356911
0.351131
0

0
0
0
0
0
0
0
0
0
0
0
0
0
0
0
0
0
0
0
0
0
0


0
0
0
0
0
0
0
0
0
0
0
0
0
0
0
0
0
0
0
0
0
0

0.5
0.477971
0.528895
0.515234
0.477562
0.502851
0.452569
0.447122
0.443162
0.428151
0.452869
0.491067
0.558931
0.615931
0.652921
0.673998
0.752211
0.647717
0.51632
0.479555
0.473517
0

0.5
0.462323
0.508724
0.495045
0.460658
0.486199
0.433617
0.427667
0.42382
0.408777
0.432645
0.469572
0.535425
0.591093
0.626947
0.64861
0.724589
0.619688
0.490286
0.4555
0.451081
0

0.5
0.466052
0.50797
0.495359
0.460693
0.485783
0.434783
0.427251
0.42361
0.409156
0.432412
0.469215
0.533335
0.589752
0.626099
0.650355
0.731944
0.622284
0.48857
0.454903
0.450402
0

0.5
0.470304
0.506611
0.495755
0.461029
0.480997
0.435463
0.426307
0.423028
0.409664
0.431772
0.468211
0.529378
0.586655
0.623386
0.650054
0.745467
0.627608
0.485836
0.45375
0.449152
0

0.5
0.474888
0.50517
0.496116
0.464044
0.47331
0.434891
0.424782
0.422284
0.410389
0.430803
0.466228
0.523952
0.582084
0.618915
0.649135
0.764447
0.636013
0.482595
0.452292
0.447553
0

0.5
0.479409
0.504034
0.496375
0.468068
0.465278
0.433182
0.422621
0.421444
0.411175
0.429397
0.462862
0.517082
0.575976
0.612273
0.649347
0.787689
0.647438
0.479215
0.450632
0.445709
0

0.5
0.48361
0.503421
0.496577
0.471021
0.458794
0.430889
0.419921
0.420569
0.411833
0.427477
0.458119
0.508427
0.568036
0.602592
0.65086
0.815704
0.662099
0.476157
0.448922
0.443774
0

0.5
0.487441
0.503368
0.496804
0.472049
0.454466
0.428506
0.416874
0.419669
0.412189
0.425009
0.452156
0.497543
0.557704
0.588452
0.652297
0.850461
0.680769
0.474015
0.447348
0.441941
0

0.5
0.491007
0.503812
0.49713
0.471178
0.452102
0.426358
0.413787
0.418634
0.412092
0.421991
0.445082
0.484185
0.544088
0.568043
0.650602
0.895476
0.704746
0.473464
0.446133
0.440438
0

0.5
0.494501
0.504681
0.497652
0.469072
0.451022
0.424539
0.41105
0.417223
0.411421
0.418443
0.436997
0.468397
0.525888
0.538396
0.639962
0.957844
0.735759
0.475046
0.445506
0.439504
0

0.5
0.498168
0.505923
0.498522
0.467724
0.449578
0.422718
0.408908
0.415236
0.410106
0.414406
0.428043
0.450565
0.501402
0.494534
0.608233
1.0523
0.77629
0.478996
0.445683
0.439373
0

0.5
0.502249
0.507469
0.499866
0.469795
0.445744
0.420192
0.407302
0.412629
0.408149
0.409938
0.418393
0.431342
0.468922
0.432109
0.529799
1.20494
0.830393
0.485223
0.446812
0.440215
0

0.5
0.506815
0.509055
0.501502
0.474804
0.439772
0.416538
0.405844
0.409314
0.405448
0.404942
0.408083
0.41122
0.428375
0.358226
0.365432
1.44356
0.902906
0.49319
0.448674
0.44187
0

0.5
0.51022
0.508711
0.501407
0.479213
0.431033
0.410223
0.402519
0.403715
0.400434
0.397935
0.396044
0.3901
0.384473
0.300084
0.107341
1.74617
0.990509
0.499945
0.449043
0.44237
0

0.5
0.502166
0.496697
0.489533
0.470823
0.411677
0.393471
0.388841
0.388313
0.385888
0.382407
0.377562
0.366935
0.34839
0.269395
-0.0981635
1.96721
1.05496
0.492798
0.437868
0.432036
0

0
0
0
0
0
0
0
0
0
0
0
0
0
0
0
0
0
0
0
0
0
0


0
0
0
0
0
0
0
0
0
0
0
0
0
0
0
0
0
0
0
0
0
0

0.5
0.489475
0.521729
0.511486
0.486429
0.49369
0.45707
0.449094
0.445556
0.439284
0.460385
0.494229
0.546635
0.595345
0.629464
0.653718
0.708889
0.645065
0.556588
0.527414
0.5213
0

0.5
0.473281
0.501964
0.491605
0.46692
0.473687
0.437549
0.429581
0.4261
0.419554
0.439881
0.472559
0.523566
0.570981
0.604
0.628118
0.682049
0.617614
0.530072
0.502213
0.497849
0

0.5
0.476161
0.501967
0.4919
0.466943
0.472464
0.437591
0.429121
0.425877
0.419607
0.439551
0.471991
0.522188
0.570064
0.603526
0.629533
0.686174
0.619749
0.530041
0.502521
0.498067
0

0.5
0.479183
0.501676
0.492232
0.467014
0.469896
0.437405
0.428203
0.425292
0.419562
0.438789
0.470742
0.519372
0.567717
0.601575
0.629935
0.693423
0.62377
0.530009
0.502919
0.498364
0

0.5
0.482403
0.501399
0.492686
0.468079
0.466047
0.436674
0.426901
0.424527
0.419549
0.437717
0.468775
0.515363
0.564122
0.598223
0.629744
0.704073
0.630132
0.530373
0.50361
0.498912
0

0.5
0.485682
0.501315
0.49321
0.469862
0.46162
0.435263
0.425175
0.423607
0.419493
0.436272
0.465881
0.510142
0.559172
0.59315
0.629547
0.717828
0.639
0.531382
0.50462
0.499742
0

0.5
0.488914
0.501556
0.49379
0.471551
0.457499
0.433366
0.423071
0.422561
0.419298
0.434409
0.461999
0.503551
0.552634
0.585769
0.629526
0.734955
0.650627
0.533331
0.506001
0.500909
0

0.5
0.492074
0.50217
0.494435
0.47255
0.454196
0.431256
0.420703
0.421395
0.41887
0.432106
0.457179
0.495368
0.544098
0.575119
0.628996
0.756719
0.665516
0.536545
0.507818
0.502485
0

0.5
0.495226
0.503149
0.495172
0.472701
0.451814
0.42916
0.418242
0.420074
0.418126
0.429364
0.451485
0.485429
0.532951
0.559836
0.62613
0.785757
0.684438
0.541309
0.510129
0.504536
0

0.5
0.498506
0.504472
0.496055
0.472263
0.450107
0.427174
0.415889
0.418512
0.417
0.426198
0.444992
0.473717
0.518354
0.537885
0.617162
0.827025
0.708484
0.54783
0.512996
0.507132
0

0.5
0.502089
0.506102
0.497155
0.472019
0.448434
0.425192
0.413788
0.416625
0.415456
0.422643
0.437795
0.460384
0.499298
0.506374
0.594427
0.889713
0.739217
0.556149
0.516465
0.510328
0

0.5
0.506173
0.50799
0.498532
0.473086
0.445921
0.422921
0.41195
0.414378
0.413493
0.418744
0.430017
0.445734
0.474902
0.462855
0.542719
0.989107
0.778905
0.566114
0.520521
0.514128
0

0.5
0.510796
0.509875
0.499993
0.475559
0.442208
0.41999
0.410106
0.411613
0.410961
0.41437
0.421621
0.430008
0.445186
0.409954
0.439227
1.14195
0.829713
0.577155
0.524835
0.518261
0

0.5
0.514286
0.509763
0.499543
0.476957
0.435853
0.414643
0.406343
0.406646
0.406206
0.407953
0.411348
0.412732
0.412362
0.360115
0.277545
1.33766
0.887816
0.586171
0.526945
0.520554
0

0.5
0.50626
0.49782
0.487245
0.466255
0.418581
0.398796
0.392318
0.391756
0.39176
0.392587
0.393624
0.39112
0.381394
0.325916
0.13761
1.48321
0.925657
0.579975
0.515548
0.510144
0

0
0
0
0
0
0
0
0
0
0
0
0
0
0
0
0
0
0
0
0
0
0


0
0
0
0
0
0
0
0
0
0
0
0
0
0
0
0
0
0
0
0
0
0

0.5
0.498439
0.515897
0.507702
0.489179
0.481473
0.458625
0.450177
0.447253
0.447615
0.465893
0.495251
0.534834
0.576191
0.608354
0.634749
0.672538
0.645068
0.593799
0.570957
0.565399
0

0.5
0.481838
0.496371
0.487954
0.469415
0.462217
0.439072
0.430604
0.427658
0.427559
0.445145
0.473466
0.512131
0.552212
0.58324
0.608959
0.645961
0.617735
0.566646
0.544676
0.540981
0

0.5
0.484208
0.496855
0.488324
0.469645
0.461861
0.438849
0.430185
0.4274
0.427371
0.444757
0.472883
0.511299
0.551631
0.583008
0.609768
0.647656
0.619592
0.567905
0.545744
0.541965
0

0.5
0.486483
0.497243
0.488703
0.469766
0.460783
0.438281
0.429321
0.426763
0.426921
0.443919
0.471646
0.509384
0.549906
0.581629
0.609851
0.650336
0.622731
0.569915
0.547418
0.543558
0

0.5
0.488845
0.497735
0.489243
0.470185
0.459087
0.437394
0.42816
0.425924
0.426371
0.442787
0.469857
0.506577
0.547197
0.579204
0.609427
0.654512
0.627608
0.572961
0.549856
0.545887
0

0.5
0.491293
0.498399
0.489923
0.470927
0.456946
0.436111
0.426695
0.424897
0.425698
0.441331
0.467423
0.502846
0.543406
0.575519
0.608633
0.660273
0.634408
0.577132
0.553003
0.548899
0

0.5
0.493823
0.499291
0.49072
0.471766
0.454666
0.434476
0.424949
0.423701
0.42487
0.439532
0.464302
0.498119
0.538377
0.570216
0.607544
0.66786
0.643328
0.582528
0.556817
0.552558
0

0.5
0.496455
0.500444
0.491622
0.472445
0.452512
0.432608
0.422982
0.422352
0.423852
0.437385
0.460499
0.492291
0.531866
0.562744
0.605919
0.677978
0.654627
0.589216
0.561246
0.556817
0

0.5
0.499255
0.501873
0.49263
0.472842
0.450634
0.430645
0.42089
0.420853
0.422612
0.434893
0.456046
0.485273
0.523521
0.552284
0.602943
0.69209
0.668673
0.597226
0.566228
0.56162
0

0.5
0.502326
0.503572
0.493754
0.473003
0.449021
0.428672
0.418775
0.419188
0.421124
0.43207
0.450986
0.477035
0.512874
0.537616
0.596756
0.712909
0.686016
0.606565
0.571712
0.566921
0

0.5
0.50581
0.505525
0.495012
0.473187
0.447487
0.426687
0.416721
0.41734
0.419382
0.428949
0.445391
0.467638
0.499389
0.517112
0.583449
0.745357
0.707429
0.617144
0.577631
0.57266
0

0.5
0.509873
0.507696
0.496418
0.473799
0.445728
0.424602
0.414759
0.415294
0.417383
0.425561
0.439336
0.457214
0.482613
0.48928
0.555158
0.797651
0.733955
0.628787
0.583879
0.578743
0

0.5
0.51453
0.509831
0.497759
0.474847
0.443388
0.422132
0.412675
0.412865
0.41495
0.42175
0.432729
0.445817
0.462473
0.454618
0.499337
0.879801
0.766285
0.640928
0.590054
0.584827
0

0.5
0.518076
0.509916
0.497045
0.474272
0.438683
0.417451
0.408621
0.408307
0.410367
0.415875
0.424132
0.432501
0.439367
0.417855
0.409309
0.989326
0.800864
0.650411
0.593486
0.58855
0

0.5
0.510057
0.498044
0.484419
0.461922
0.422976
0.402274
0.394361
0.393758
0.395978
0.400688
0.407183
0.412696
0.413256
0.385798
0.320719
1.07311
0.81771
0.643824
0.581881
0.578081
0

0
0
0
0
0
0
0
0
0
0
0
0
0
0
0
0
0
0
0
0
0
0


0
0
0
0
0
0
0
0
0
0
0
0
0
0
0
0
0
0
0
0
0
0

0.5
0.502177
0.509403
0.502628
0.487979
0.472249
0.457391
0.448693
0.446139
0.450228
0.465938
0.491366
0.522631
0.559996
0.593244
0.623416
0.653872
0.650511
0.620109
0.598902
0.594992
0

0.5
0.485066
0.489726
0.482645
0.467801
0.452897
0.437462
0.428766
0.426143
0.429684
0.444786
0.469281
0.499876
0.535847
0.567771
0.596798
0.626556
0.622338
0.591861
0.571474
0.56953
0

0.5
0.487197
0.49055
0.483142
0.468105
0.452944
0.437154
0.428396
0.425849
0.42935
0.444371
0.468736
0.499357
0.535376
0.567518
0.596989
0.627111
0.624269
0.593804
0.57295
0.570941
0

0.5
0.489102
0.491402
0.483637
0.468296
0.452585
0.436408
0.427562
0.425129
0.428626
0.443473
0.467545
0.497942
0.533861
0.566181
0.596318
0.627481
0.627203
0.596836
0.575264
0.573216
0

0.5
0.491029
0.492424
0.484292
0.46857
0.451971
0.43541
0.426458
0.424172
0.427705
0.442275
0.465881
0.4958
0.531459
0.563897
0.594994
0.628174
0.63155
0.601161
0.578564
0.576465
0

0.5
0.493042
0.493616
0.485094
0.468941
0.451091
0.43416
0.425098
0.422996
0.426597
0.440774
0.463713
0.492895
0.528086
0.560504
0.592974
0.629357
0.637442
0.606746
0.582746
0.580587
0

0.5
0.495187
0.494979
0.486019
0.469367
0.449974
0.432667
0.423506
0.421624
0.42531
0.438971
0.461023
0.489191
0.52364
0.555795
0.590213
0.631176
0.64497
0.613523
0.587701
0.585472
0

0.5
0.497518
0.496529
0.487055
0.469776
0.44869
0.430972
0.421721
0.420087
0.423851
0.43687
0.457811
0.484658
0.518006
0.549491
0.586529
0.633791
0.654226
0.621403
0.593305
0.591001
0

0.5
0.500107
0.498279
0.48819
0.470122
0.447345
0.429145
0.419798
0.418412
0.422223
0.43448
0.45409
0.479272
0.511029
0.541173
0.581535
0.637501
0.665312
0.63029
0.599436
0.597052
0

0.5
0.503046
0.500235
0.489413
0.470398
0.446005
0.427242
0.417792
0.416624
0.420433
0.431825
0.449898
0.47304
0.502538
0.530284
0.574463
0.642779
0.67842
0.640118
0.605992
0.603526
0

0.5
0.506461
0.502399
0.490726
0.470676
0.444709
0.425312
0.415762
0.414744
0.418496
0.428935
0.445288
0.466012
0.492367
0.516151
0.564002
0.650485
0.69378
0.650771
0.612857
0.610307
0

0.5
0.510504
0.504747
0.492118
0.471066
0.443434
0.423362
0.413737
0.412776
0.416413
0.425836
0.440314
0.458272
0.480423
0.498189
0.547814
0.662008
0.711641
0.662109
0.619895
0.61727
0

0.5
0.515173
0.507034
0.493364
0.471439
0.441931
0.421177
0.411529
0.410524
0.413994
0.42236
0.434862
0.449791
0.466704
0.476465
0.52221
0.679095
0.731769
0.673603
0.626674
0.62404
0

0.5
0.518719
0.50721
0.492449
0.469822
0.438273
0.416896
0.407304
0.406186
0.409469
0.416807
0.427378
0.439329
0.450651
0.45201
0.483873
0.700448
0.750645
0.68203
0.630372
0.628121
0

0.5
0.510555
0.495243
0.479478
0.45644
0.42351
0.402056
0.392825
0.391757
0.395014
0.401679
0.410959
0.421007
0.428597
0.42493
0.438642
0.708544
0.75253
0.673966
0.618155
0.617131
0

0
0
0
0
0
0
0
0
0
0
0
0
0
0
0
0
0
0
0
0
0
0


0
0
0
0
0
0
0
0
0
0
0
0
0
0
0
0
0
0
0
0
0
0

0
0
0
0
0
0
0
0
0
0
0
0
0
0
0
0
0
0
0
0
0
0

0
0
0
0
0
0
0
0
0
0
0
0
0
0
0
0
0
0
0
0
0
0

0
0
0
0
0
0
0
0
0
0
0
0
0
0
0
0
0
0
0
0
0
0

0
0
0
0
0
0
0
0
0
0
0
0
0
0
0
0
0
0
0
0
0
0

0
0
0
0
0
0
0
0
0
0
0
0
0
0
0
0
0
0
0
0
0
0

0
0
0
0
0
0
0
0
0
0
0
0
0
0
0
0
0
0
0
0
0
0

0
0
0
0
0
0
0
0
0
0
0
0
0
0
0
0
0
0
0
0
0
0

0
0
0
0
0
0
0
0
0
0
0
0
0
0
0
0
0
0
0
0
0
0

0
0
0
0
0
0
0
0
0
0
0
0
0
0
0
0
0
0
0
0
0
0

0
0
0
0
0
0
0
0
0
0
0
0
0
0
0
0
0
0
0
0
0
0

0
0
0
0
0
0
0
0
0
0
0
0
0
0
0
0
0
0
0
0
0
0

0
0
0
0
0
0
0
0
0
0
0
0
0
0
0
0
0
0
0
0
0
0

0
0
0
0
0
0
0
0
0
0
0
0
0
0
0
0
0
0
0
0
0
0

0
0
0
0
0
0
0
0
0
0
0
0
0
0
0
0
0
0
0
0
0
0

0
0
0
0
0
0
0
0
0
0
0
0
0
0
0
0
0
0
0
0
0
0

0
0
0
0
0
0
0
0
0
0
0
0
0
0
0
0
0
0
0
0
0
0


