0
0
0
0
0
0
0
0
0
0
0
0
0
0
0
0
0
0
0
0
0
0

0
0
0
0
0
0
0
0
0
0
0
0
0
0
0
0
0
0
0
0
0
0

0
0
0
0
0
0
0
0
0
0
0
0
0
0
0
0
0
0
0
0
0
0

0
0
0
0
0
0
0
0
0
0
0
0
0
0
0
0
0
0
0
0
0
0

0
0
0
0
0
0
0
0
0
0
0
0
0
0
0
0
0
0
0
0
0
0

0
0
0
0
0
0
0
0
0
0
0
0
0
0
0
0
0
0
0
0
0
0

0
0
0
0
0
0
0
0
0
0
0
0
0
0
0
0
0
0
0
0
0
0

0
0
0
0
0
0
0
0
0
0
0
0
0
0
0
0
0
0
0
0
0
0

0
0
0
0
0
0
0
0
0
0
0
0
0
0
0
0
0
0
0
0
0
0

0
0
0
0
0
0
0
0
0
0
0
0
0
0
0
0
0
0
0
0
0
0

0
0
0
0
0
0
0
0
0
0
0
0
0
0
0
0
0
0
0
0
0
0

0
0
0
0
0
0
0
0
0
0
0
0
0
0
0
0
0
0
0
0
0
0

0
0
0
0
0
0
0
0
0
0
0
0
0
0
0
0
0
0
0
0
0
0

0
0
0
0
0
0
0
0
0
0
0
0
0
0
0
0
0
0
0
0
0
0

0
0
0
0
0
0
0
0
0
0
0
0
0
0
0
0
0
0
0
0
0
0

0
0
0
0
0
0
0
0
0
0
0
0
0
0
0
0
0
0
0
0
0
0

0
0
0
0
0
0
0
0
0
0
0
0
0
0
0
0
0
0
0
0
0
0


0
0
0
0
0
0
0
0
0
0
0
0
0
0
0
0
0
0
0
0
0
0

0.5
0.328762
0.576021
0.590564
0.652486
0.392361
0.162299
0.392522
-0.231366
0.577363
0.249959
0.00598694
0.840892
0.0831976
0.669774
1.30081
0.220705
0.204446
-0.131524
-0.0966034
-0.102563
0

0.5
0.352462
0.438869
0.53693
0.596817
0.375494
0.131153
0.359652
0.378642
-0.169526
0.184334
0.0201465
0.809512
0.740773
0.646364
1.6454
-0.216064
0.162874
-0.16077
-0.114573
-0.120295
0

0.5
0.326481
0.506353
0.559259
0.573166
0.210049
0.343392
0.39737
0.273559
-0.0333003
0.183053
0.449714
0.230953
0.663181
0.715215
0.551222
1.54347
0.210201
-0.183455
-0.110345
-0.115896
0

0.5
0.35383
0.49544
0.544162
0.483285
0.317525
0.321618
0.321827
0.32989
0.043412
0.194493
0.468054
0.180997
0.612212
0.713412
0.215294
1.09326
0.230291
-0.216131
-0.105029
-0.110159
0

0.5
0.408595
0.50774
0.48792
0.496969
0.283591
0.29591
0.34529
0.243405
0.186632
0.210798
0.443121
0.00443007
0.605066
0.77364
0.232538
1.08489
0.233576
-0.279549
-0.0979226
-0.102339
0

0.5
0.427571
0.506294
0.468085
0.528977
0.25878
0.265572
0.384954
0.165355
0.108037
0.211479
0.380491
0.455731
0.631043
0.880858
0.206649
1.11336
0.297642
-0.439005
-0.0910453
-0.094682
0

0.5
0.435732
0.501283
0.473098
0.561858
0.23541
0.234913
0.363964
0.133025
0.150391
0.210522
0.342576
0.39743
0.668366
0.842392
0.405034
1.19649
0.319683
-0.539053
-0.090619
-0.0908509
0

0.5
0.440775
0.497797
0.483622
0.573721
0.231652
0.211332
-0.0527501
0.580262
0.200135
0.207979
0.30505
0.402291
0.705696
1.57697
0.452207
1.29108
0.324849
-0.628634
-0.145369
-0.137733
0

0.5
0.445204
0.496425
0.502657
0.46909
0.292844
0.219538
-0.0121713
0.459712
0.220225
0.204769
0.271063
0.370973
0.84272
0.500218
0.271038
1.44015
0.327641
-0.469988
-0.352694
-0.376545
0

0.5
0.450071
0.496878
0.523441
0.195892
0.508436
0.294873
0.0414611
0.402476
0.226982
0.213049
0.238532
0.245333
1.05369
0.703423
0.144067
1.77031
0.214758
-0.563882
-0.374386
-0.393148
0

0.5
0.456508
0.499114
0.519647
0.363007
0.285651
0.242796
0.0770157
0.358854
0.224768
0.262987
0.206767
0.00602457
1.3558
0.398856
0.102162
2.19024
0.216505
-0.632454
-0.357197
-0.372602
0

0.5
0.46693
0.499696
0.524346
0.454757
0.230362
0.20354
0.116914
0.302487
0.214447
0.177567
0.172239
0.132502
0.887012
-0.252459
0.48581
3.0232
0.252996
-0.725961
-0.325596
-0.338927
0

0.5
0.480276
0.499705
0.534765
0.533481
0.1649
0.175311
0.201248
0.190475
0.195445
0.204007
0.142934
0.191759
0.271124
-2.09596
1.18856
4.73737
0.374408
-0.804621
-0.290903
-0.302351
0

0.5
0.479778
0.499996
0.544104
0.612536
0.0830395
0.143047
0.189038
0.180003
0.176359
0.134981
0.111276
0.0891896
-0.60626
0.687962
0.391031
4.98487
0.522768
-0.816115
-0.257754
-0.266773
0

0.5
0.459181
0.484267
0.532502
0.649409
-0.0102073
0.107173
0.158507
0.161777
0.152908
0.122879
0.0854818
0.0365473
-0.0242009
0.218652
0.477486
-0.26233
0.00928535
-0.348799
-0.234593
-0.240745
0

0
0
0
0
0
0
0
0
0
0
0
0
0
0
0
0
0
0
0
0
0
0


0
0
0
0
0
0
0
0
0
0
0
0
0
0
0
0
0
0
0
0
0
0

0.5
0.0951554
0.836015
0.591552
0.584485
0.289547
0.253062
0.335271
0.448738
-0.0571066
0.223945
0.301607
0.448345
0.811348
0.698464
0.575321
0.780433
0.475748
-0.0301323
-0.0194052
-0.026728
0

0.5
-0.0170863
0.945433
0.559091
0.508279
0.35926
0.24111
0.308603
0.302735
0.0927159
0.20287
0.218044
0.491616
0.621471
0.621111
0.788594
0.605429
0.346581
-0.0679999
-0.0444745
-0.051059
0

0.5
0.132305
0.737394
0.5422
0.489762
0.381749
0.267981
0.322425
0.303658
0.0631845
0.204604
0.245428
0.513905
0.610849
0.635971
0.299447
1.26999
0.29922
-0.0961333
-0.043411
-0.0499272
0

0.5
0.279763
0.604063
0.526084
0.474994
0.339297
0.307547
0.332947
0.275763
0.0853916
0.208411
0.356379
0.45817
0.550395
0.645049
0.285256
0.988816
0.327482
-0.12817
-0.0436696
-0.0498616
0

0.5
0.374047
0.525617
0.515315
0.464431
0.334193
0.30512
0.308161
0.277128
0.103876
0.214798
0.375498
0.490679
0.571627
0.653195
0.28964
0.990134
0.344656
-0.179732
-0.0452022
-0.0509442
0

0.5
0.416765
0.512353
0.48932
0.468704
0.317135
0.29019
0.294585
0.263707
0.152341
0.220655
0.348129
0.360172
0.57285
0.74244
0.316551
0.99972
0.318612
-0.182658
-0.0483629
-0.0531121
0

0.5
0.436367
0.505648
0.486082
0.483024
0.298452
0.270833
0.266751
0.267381
0.174283
0.220233
0.324194
0.365952
0.604761
0.540498
0.438262
1.05277
0.345913
-0.250802
-0.0656329
-0.0701123
0

0.5
0.447058
0.50181
0.48983
0.473947
0.306051
0.254581
0.185363
0.310884
0.195782
0.217293
0.295613
0.331514
0.647909
0.381998
0.482079
1.11702
0.374197
-0.29518
-0.0911599
-0.0976427
0

0.5
0.454572
0.500581
0.498446
0.37294
0.391424
0.259652
0.108514
0.370908
0.218336
0.21197
0.266093
0.256667
0.727927
0.682035
0.476285
1.22577
0.384481
-0.369257
-0.102392
-0.113905
0

0.5
0.461322
0.501531
0.508844
0.235495
0.488778
0.281985
0.120737
0.346498
0.225977
0.201121
0.235825
0.0823643
0.937273
0.382221
0.356359
1.40734
0.412201
-0.352695
-0.185714
-0.201539
0

0.5
0.468615
0.504201
0.513914
0.374943
0.311815
0.252645
0.137917
0.315048
0.225435
0.182611
0.205329
-0.180962
1.19827
-0.0946931
0.334912
1.53094
0.40548
-0.359518
-0.207712
-0.223249
0

0.5
0.477807
0.507154
0.519603
0.449462
0.262373
0.225561
0.155616
0.282447
0.219234
0.182688
0.178705
-0.0116821
0.676793
-0.667527
0.621672
2.17849
0.415297
-0.393509
-0.203535
-0.217653
0

0.5
0.489104
0.507967
0.528048
0.505626
0.216448
0.200473
0.177098
0.245507
0.207267
0.164369
0.153147
0.119636
0.183606
-0.648842
1.0468
3.05719
0.504602
-0.407332
-0.193121
-0.206082
0

0.5
0.493267
0.504459
0.534533
0.555149
0.161733
0.171897
0.192584
0.199736
0.187717
0.158017
0.127595
0.0937161
-0.208899
0.426067
0.206427
4.41232
0.782001
-0.399207
-0.182047
-0.194139
0

0.5
0.471515
0.487691
0.519862
0.566576
0.101372
0.13858
0.171921
0.173287
0.164318
0.136775
0.103403
0.0577243
0.00403769
0.139038
0.320322
3.71445
0.894245
-0.734978
-0.168893
-0.180265
0

0
0
0
0
0
0
0
0
0
0
0
0
0
0
0
0
0
0
0
0
0
0


0
0
0
0
0
0
0
0
0
0
0
0
0
0
0
0
0
0
0
0
0
0

0.5
0.206862
0.731794
0.568883
0.484534
0.129224
0.259975
0.340506
0.290966
0.199831
0.249069
0.294518
0.503394
0.587925
0.614205
0.454992
0.834076
0.398594
0.0272618
0.0387841
0.0305243
0

0.5
0.159447
0.695527
0.516031
0.394543
0.323261
0.256252
0.303582
0.277233
0.13066
0.213102
0.261821
0.441706
0.557975
0.561441
0.467635
0.687471
0.335475
-0.00923815
0.0092213
0.00208007
0

0.5
0.219024
0.655412
0.517251
0.446746
0.387321
0.279948
0.305257
0.282
0.128858
0.21565
0.272712
0.42938
0.554864
0.562925
0.31892
0.894694
0.332948
-0.0218826
0.00996641
0.00278399
0

0.5
0.297282
0.591545
0.511371
0.452722
0.372539
0.297696
0.306372
0.277535
0.136456
0.218284
0.307334
0.394263
0.546801
0.56643
0.283483
0.960997
0.352518
-0.0437317
0.00854487
0.0014178
0

0.5
0.364331
0.539453
0.501583
0.446226
0.352645
0.302198
0.297216
0.27282
0.155249
0.222091
0.329597
0.360337
0.530839
0.569171
0.388048
0.918573
0.358621
-0.0657596
0.00568041
-0.00137195
0

0.5
0.408116
0.512759
0.492895
0.448222
0.337154
0.294172
0.283107
0.268078
0.171701
0.2249
0.320836
0.362461
0.527438
0.584378
0.419862
0.911262
0.363665
-0.0979282
-0.000204583
-0.0072454
0

0.5
0.432914
0.503115
0.486322
0.457306
0.320276
0.279752
0.265284
0.265965
0.188495
0.225024
0.30515
0.345581
0.530942
0.619437
0.450794
0.940294
0.366727
-0.125725
-0.00910193
-0.0166485
0

0.5
0.447329
0.499222
0.485949
0.457075
0.314688
0.264296
0.230852
0.282113
0.203656
0.222743
0.284783
0.316402
0.548212
0.580346
0.52684
0.998779
0.375613
-0.165046
-0.0219783
-0.0304152
0

0.5
0.456978
0.498337
0.489924
0.408553
0.349644
0.256652
0.185398
0.306668
0.217081
0.218612
0.261161
0.265763
0.579675
0.512941
0.530276
1.06582
0.374171
-0.19997
-0.0399997
-0.0487942
0

0.5
0.464826
0.499672
0.496891
0.304663
0.424732
0.2636
0.169802
0.30742
0.224644
0.212861
0.235779
0.176265
0.633092
0.459238
0.49259
1.18295
0.345644
-0.21562
-0.064672
-0.0768401
0

0.5
0.472461
0.502847
0.502441
0.352227
0.359312
0.262144
0.175021
0.291347
0.225287
0.205672
0.210062
0.0513909
0.69327
0.179654
0.441964
1.49806
0.40924
-0.207675
-0.089166
-0.103171
0

0.5
0.48091
0.507033
0.5093
0.430354
0.289149
0.23931
0.18272
0.269871
0.220789
0.195115
0.186319
0.0471196
0.580597
-0.256067
0.511218
2.09106
0.531895
-0.192254
-0.0944468
-0.108748
0

0.5
0.490161
0.509676
0.517581
0.477219
0.248706
0.217484
0.191132
0.244129
0.211327
0.184307
0.163907
0.0928191
0.288399
-0.399731
0.602761
2.97358
0.768573
-0.174296
-0.0883929
-0.102413
0

0.5
0.494555
0.505066
0.520247
0.510391
0.20679
0.192012
0.194742
0.213103
0.195038
0.167743
0.140352
0.0959018
0.0124493
0.077526
-0.244333
3.88778
1.1188
-0.144191
-0.0797625
-0.0929373
0

0.5
0.477821
0.485004
0.503238
0.510896
0.158742
0.160801
0.180347
0.181534
0.172058
0.147778
0.117634
0.0756514
0.0170643
0.0886208
-0.215657
4.23609
1.35047
-0.0184364
-0.0761717
-0.0881227
0

0
0
0
0
0
0
0
0
0
0
0
0
0
0
0
0
0
0
0
0
0
0


0
0
0
0
0
0
0
0
0
0
0
0
0
0
0
0
0
0
0
0
0
0

0.5
0.30699
0.651877
0.548499
0.364196
-0.00481796
0.268844
0.330798
0.306784
0.204363
0.260543
0.317952
0.447418
0.551103
0.562167
0.460446
0.785251
0.440514
0.105086
0.10519
0.0955889
0

0.5
0.2824
0.600976
0.501171
0.273734
0.322879
0.273647
0.297004
0.271462
0.171585
0.225194
0.276192
0.404174
0.503121
0.512218
0.448028
0.691272
0.368736
0.06427
0.0704324
0.0624103
0

0.5
0.301838
0.588658
0.498566
0.366468
0.420521
0.295535
0.298002
0.274145
0.170962
0.226796
0.281719
0.39816
0.503738
0.514687
0.463912
0.687027
0.359779
0.0575373
0.0711788
0.0630575
0

0.5
0.338168
0.561111
0.496471
0.415396
0.404676
0.302657
0.296027
0.273525
0.173698
0.228218
0.293639
0.382452
0.497385
0.516792
0.389875
0.777324
0.365257
0.0453639
0.070161
0.0619682
0

0.5
0.378039
0.532314
0.492888
0.435627
0.367403
0.303529
0.290594
0.271462
0.181618
0.230003
0.304747
0.364465
0.488591
0.518019
0.388976
0.801808
0.37611
0.0311651
0.0681566
0.0598204
0

0.5
0.410934
0.511837
0.48805
0.439109
0.350393
0.298554
0.280844
0.26925
0.192603
0.231362
0.302648
0.3487
0.483424
0.51483
0.429995
0.812253
0.386614
0.0149597
0.0649897
0.0563675
0

0.5
0.433948
0.501519
0.484401
0.44167
0.338647
0.288786
0.267636
0.268029
0.203332
0.231099
0.292131
0.332718
0.48094
0.513064
0.461517
0.833435
0.395721
-0.00256892
0.060642
0.0515907
0

0.5
0.449277
0.497495
0.483498
0.443105
0.33
0.277092
0.248832
0.271177
0.213016
0.22898
0.277382
0.308819
0.483691
0.491404
0.502878
0.870002
0.409439
-0.0196412
0.0545376
0.0449009
0

0.5
0.460118
0.496863
0.485341
0.429717
0.333898
0.267798
0.225347
0.279297
0.221235
0.22517
0.25924
0.272651
0.491413
0.463321
0.531541
0.921453
0.433896
-0.0299058
0.0459585
0.0355541
0

0.5
0.468926
0.498377
0.489228
0.390275
0.357593
0.265446
0.2091
0.281872
0.226436
0.219738
0.238865
0.220481
0.50307
0.394275
0.502518
1.02755
0.486824
-0.0255118
0.0350298
0.023394
0

0.5
0.477336
0.501397
0.494224
0.373016
0.359813
0.26499
0.204823
0.274681
0.227311
0.212741
0.217517
0.157749
0.501522
0.226278
0.393469
1.32143
0.547112
-0.0136231
0.0232348
0.00999962
0

0.5
0.486342
0.50524
0.500208
0.416404
0.315253
0.252254
0.206011
0.26141
0.224076
0.204444
0.196615
0.119543
0.432328
-0.0534697
0.214986
1.93968
0.695184
0.008326
0.0177093
0.00359128
0

0.5
0.495447
0.508158
0.506798
0.454375
0.279017
0.234534
0.208045
0.243814
0.216551
0.19404
0.176222
0.114179
0.276661
-0.228081
-0.0674786
2.84765
0.966126
0.0350023
0.019542
0.00531951
0

0.5
0.499064
0.504615
0.507671
0.477877
0.244152
0.211942
0.205177
0.219986
0.202304
0.179297
0.154408
0.107506
0.106289
-0.089305
-0.797627
3.68291
1.28853
0.0554322
0.0227394
0.00927
0

0.5
0.483344
0.483195
0.489093
0.471854
0.203572
0.182483
0.18954
0.190501
0.180256
0.158946
0.132186
0.0929798
0.0395049
-0.0229855
-0.936324
4.04258
1.45154
0.0312825
0.0198134
0.0075121
0

0
0
0
0
0
0
0
0
0
0
0
0
0
0
0
0
0
0
0
0
0
0


0
0
0
0
0
0
0
0
0
0
0
0
0
0
0
0
0
0
0
0
0
0

0.5
0.372927
0.597394
0.528367
0.27222
0.207938
0.309921
0.330451
0.305527
0.236592
0.273121
0.324064
0.418604
0.503044
0.516591
0.466354
0.700515
0.443306
0.17967
0.173793
0.163051
0

0.5
0.342409
0.550742
0.48248
0.27516
0.33869
0.288681
0.294602
0.270104
0.199705
0.236306
0.283349
0.375377
0.457529
0.469261
0.428121
0.625155
0.380964
0.135938
0.134011
0.125295
0

0.5
0.356154
0.544894
0.483746
0.313944
0.444451
0.308339
0.295023
0.271639
0.200036
0.237262
0.285286
0.372355
0.458838
0.472387
0.445162
0.622549
0.377631
0.133596
0.135087
0.126231
0

0.5
0.375613
0.532918
0.483564
0.359546
0.447813
0.312489
0.292752
0.271564
0.201377
0.237752
0.289025
0.36349
0.455482
0.472304
0.433271
0.650842
0.37909
0.127802
0.135085
0.126102
0

0.5
0.398938
0.518439
0.48235
0.403154
0.395854
0.309357
0.28846
0.270448
0.205205
0.238344
0.292688
0.351153
0.449505
0.470417
0.420641
0.684611
0.388469
0.120864
0.134857
0.125648
0

0.5
0.42122
0.506145
0.480796
0.425001
0.364776
0.303734
0.281654
0.268874
0.210895
0.238544
0.291441
0.337813
0.443041
0.467077
0.42915
0.703601
0.401298
0.113772
0.134409
0.124874
0

0.5
0.43947
0.498606
0.479532
0.432611
0.349245
0.296001
0.272368
0.267511
0.217163
0.237747
0.284255
0.323237
0.437267
0.46061
0.449449
0.720085
0.417363
0.108111
0.13368
0.123734
0

0.5
0.453398
0.495424
0.479425
0.435396
0.339794
0.287008
0.260451
0.267488
0.222992
0.235617
0.273214
0.304094
0.43229
0.444527
0.474772
0.741073
0.440232
0.105664
0.132307
0.121847
0

0.5
0.464206
0.495228
0.480794
0.43276
0.335594
0.278692
0.246568
0.269017
0.227764
0.232125
0.259264
0.277743
0.427244
0.412975
0.49597
0.776019
0.474102
0.108696
0.129963
0.118842
0

0.5
0.473388
0.497009
0.483488
0.419377
0.339774
0.273355
0.234521
0.269263
0.230731
0.227323
0.243146
0.24302
0.418642
0.358329
0.479255
0.866955
0.5199
0.118106
0.126841
0.114888
0

0.5
0.482216
0.500159
0.487381
0.403021
0.345279
0.27026
0.227831
0.265179
0.23108
0.221273
0.225739
0.202699
0.397185
0.246158
0.361628
1.11239
0.593845
0.13549
0.123643
0.110643
0

0.5
0.491516
0.504097
0.492327
0.415676
0.327478
0.26272
0.225286
0.25676
0.228486
0.213951
0.207905
0.167716
0.342942
0.0614959
0.0668291
1.6197
0.726387
0.158655
0.122623
0.108743
0

0.5
0.500702
0.507137
0.497329
0.43905
0.301712
0.249586
0.223525
0.244278
0.22226
0.204617
0.189637
0.145383
0.244247
-0.10586
-0.443529
2.37298
0.945136
0.186259
0.124722
0.110541
0

0.5
0.504327
0.503497
0.496362
0.454126
0.272738
0.229995
0.216974
0.225361
0.20951
0.190494
0.169188
0.1281
0.131426
-0.130167
-1.05552
3.07726
1.19558
0.21163
0.125388
0.111888
0

0.5
0.488693
0.481948
0.476663
0.443761
0.236674
0.202152
0.199282
0.198781
0.188293
0.170082
0.147032
0.111459
0.065576
-0.105718
-1.30746
3.37318
1.32299
0.218704
0.116699
0.104419
0

0
0
0
0
0
0
0
0
0
0
0
0
0
0
0
0
0
0
0
0
0
0


0
0
0
0
0
0
0
0
0
0
0
0
0
0
0
0
0
0
0
0
0
0

0.5
0.416678
0.5636
0.513311
0.489672
0.584697
0.366067
0.334299
0.307591
0.25878
0.28407
0.326534
0.395097
0.463261
0.478035
0.459639
0.622056
0.447219
0.253259
0.244014
0.232356
0

0.5
0.383651
0.519116
0.469877
0.421538
0.471113
0.314032
0.294803
0.271046
0.221673
0.246443
0.286082
0.352688
0.418547
0.431798
0.414856
0.558891
0.388437
0.205566
0.199228
0.190028
0

0.5
0.39338
0.517025
0.47186
0.394444
0.434765
0.313299
0.294028
0.271898
0.221943
0.24696
0.28668
0.351418
0.420031
0.434787
0.424488
0.557222
0.387309
0.205768
0.200642
0.191279
0

0.5
0.405411
0.5118
0.472846
0.385849
0.417448
0.315407
0.292114
0.27163
0.222388
0.246796
0.287186
0.345896
0.417925
0.434573
0.42597
0.565786
0.389165
0.204441
0.201721
0.192213
0

0.5
0.41979
0.505096
0.473247
0.396804
0.397686
0.314102
0.288871
0.270759
0.224037
0.246589
0.287464
0.33755
0.413532
0.432282
0.4206
0.584033
0.396764
0.203361
0.203298
0.193547
0

0.5
0.434647
0.498842
0.473354
0.4126
0.375148
0.309396
0.283943
0.269411
0.226737
0.246039
0.285502
0.327276
0.407643
0.427685
0.420735
0.600215
0.409716
0.203613
0.205317
0.19524
0

0.5
0.44824
0.494666
0.473598
0.423234
0.358564
0.302915
0.277338
0.267916
0.229924
0.244793
0.280092
0.315215
0.400786
0.419625
0.428685
0.613201
0.42773
0.20619
0.20766
0.197184
0

0.5
0.459869
0.493037
0.474372
0.428217
0.348085
0.295679
0.269219
0.266684
0.232965
0.242592
0.271682
0.300107
0.392736
0.404836
0.441186
0.628842
0.45215
0.212143
0.210105
0.199152
0

0.5
0.469804
0.493583
0.475913
0.428729
0.342051
0.288679
0.260106
0.265826
0.235349
0.239343
0.260889
0.280513
0.382338
0.378272
0.451828
0.658326
0.484961
0.222114
0.212435
0.200911
0

0.5
0.478804
0.49576
0.478265
0.424175
0.340341
0.282955
0.251462
0.264476
0.236601
0.23505
0.24821
0.255844
0.366759
0.33236
0.439645
0.729173
0.529245
0.236467
0.214638
0.202448
0

0.5
0.487726
0.499128
0.481468
0.417392
0.340344
0.278422
0.245036
0.261222
0.236236
0.229745
0.234197
0.22729
0.340368
0.25098
0.352584
0.903265
0.593787
0.255406
0.217049
0.204101
0

0.5
0.497178
0.503175
0.485484
0.41957
0.332941
0.27259
0.240944
0.255367
0.233855
0.223349
0.219341
0.198705
0.294475
0.123073
0.104168
1.26648
0.698687
0.278658
0.22037
0.206722
0

0.5
0.506464
0.506265
0.489104
0.43061
0.317135
0.262802
0.237102
0.246165
0.228458
0.214972
0.203373
0.173785
0.224552
-0.0154693
-0.359953
1.82583
0.86156
0.304828
0.224295
0.210395
0

0.5
0.5101
0.502623
0.486546
0.437498
0.294294
0.246052
0.228393
0.230554
0.216746
0.201564
0.184335
0.151566
0.145217
-0.0921012
-0.896966
2.36977
1.04489
0.32523
0.223855
0.210709
0

0.5
0.494431
0.481058
0.465936
0.423383
0.261942
0.219807
0.209189
0.206273
0.196106
0.181101
0.162122
0.131507
0.0913717
-0.105546
-1.15666
2.58899
1.13731
0.321552
0.21038
0.19852
0

0
0
0
0
0
0
0
0
0
0
0
0
0
0
0
0
0
0
0
0
0
0


0
0
0
0
0
0
0
0
0
0
0
0
0
0
0
0
0
0
0
0
0
0

0.5
0.447725
0.541641
0.507237
0.426741
0.418068
0.354567
0.332855
0.309747
0.276519
0.293557
0.326915
0.37555
0.428276
0.444103
0.444168
0.550984
0.448663
0.322897
0.313341
0.301318
0

0.5
0.413367
0.498224
0.463188
0.393498
0.393243
0.316827
0.295078
0.272891
0.238877
0.255273
0.286531
0.333791
0.384528
0.398723
0.397502
0.495252
0.392567
0.271305
0.263788
0.254594
0

0.5
0.420922
0.498333
0.463899
0.399181
0.398861
0.317625
0.294566
0.273405
0.239014
0.255548
0.286731
0.333509
0.386064
0.401408
0.403265
0.494272
0.392892
0.272994
0.265434
0.256066
0

0.5
0.42915
0.496582
0.464531
0.399605
0.396012
0.31801
0.292826
0.272886
0.238823
0.254968
0.286027
0.330046
0.384717
0.401304
0.405911
0.496017
0.395111
0.27464
0.267397
0.257898
0

0.5
0.438653
0.494124
0.465401
0.402811
0.387124
0.316977
0.290297
0.271976
0.239192
0.25425
0.284919
0.324422
0.381482
0.399284
0.404985
0.502864
0.401443
0.277645
0.270479
0.26076
0

0.5
0.448797
0.491761
0.466338
0.409907
0.374943
0.31371
0.286672
0.270663
0.24007
0.253217
0.282546
0.316925
0.376535
0.394981
0.403866
0.51142
0.412432
0.282605
0.274516
0.264507
0

0.5
0.458788
0.490349
0.467426
0.417148
0.363257
0.308786
0.281905
0.269078
0.241223
0.251662
0.27816
0.307641
0.369994
0.387494
0.405724
0.51983
0.428189
0.290065
0.279339
0.268979
0

0.5
0.468147
0.490358
0.468816
0.421993
0.354254
0.30307
0.276144
0.26739
0.242312
0.249412
0.271675
0.296076
0.361516
0.374761
0.410043
0.53116
0.449203
0.30039
0.284732
0.273966
0

0.5
0.476872
0.491805
0.47063
0.423929
0.348161
0.297303
0.269742
0.265656
0.243003
0.246375
0.263342
0.281502
0.350084
0.353145
0.412851
0.553411
0.476735
0.313715
0.29048
0.279248
0

0.5
0.485339
0.494488
0.472941
0.423076
0.344609
0.292053
0.263378
0.26359
0.242987
0.242529
0.253459
0.263535
0.33367
0.317026
0.401809
0.603841
0.513493
0.330125
0.296474
0.284719
0

0.5
0.49409
0.498148
0.475807
0.420817
0.342284
0.287382
0.257883
0.260598
0.241965
0.237882
0.242355
0.242601
0.308902
0.257175
0.344262
0.719793
0.56557
0.349738
0.302782
0.290462
0

0.5
0.503534
0.502357
0.47915
0.42107
0.337754
0.282271
0.253456
0.256089
0.239576
0.23231
0.230265
0.220139
0.271492
0.1664
0.178484
0.958007
0.643921
0.372423
0.309477
0.296652
0

0.5
0.512858
0.505518
0.481702
0.425226
0.327999
0.27452
0.248639
0.248917
0.234674
0.224815
0.216649
0.197596
0.219651
0.0593033
-0.147726
1.33816
0.757088
0.396312
0.315398
0.30248
0

0.5
0.516499
0.501859
0.477842
0.425629
0.310356
0.260046
0.238753
0.235522
0.223656
0.212084
0.199137
0.174681
0.161193
-0.0228506
-0.55031
1.73361
0.881501
0.412884
0.314723
0.302719
0

0.5
0.500785
0.480318
0.456506
0.408224
0.281357
0.235276
0.218628
0.212871
0.203381
0.191603
0.17694
0.152293
0.117359
-0.0554768
-0.767102
1.90175
0.942924
0.405778
0.297726
0.287098
0

0
0
0
0
0
0
0
0
0
0
0
0
0
0
0
0
0
0
0
0
0
0


0
0
0
0
0
0
0
0
0
0
0
0
0
0
0
0
0
0
0
0
0
0

0.5
0.471018
0.526431
0.498514
0.446796
0.423837
0.360977
0.333291
0.311584
0.289807
0.300604
0.325269
0.35808
0.397403
0.414682
0.426334
0.492081
0.451244
0.385206
0.376622
0.365426
0

0.5
0.435775
0.483487
0.455434
0.404014
0.383285
0.321486
0.29533
0.274361
0.251665
0.261803
0.284872
0.31689
0.35446
0.369875
0.379271
0.441092
0.396519
0.330014
0.322858
0.314741
0

0.5
0.442178
0.484791
0.456551
0.405174
0.382762
0.321153
0.295046
0.274697
0.251696
0.261956
0.285022
0.317228
0.355994
0.372228
0.382884
0.440466
0.397776
0.332405
0.324542
0.316254
0

0.5
0.448293
0.48499
0.457241
0.405507
0.380626
0.320257
0.29354
0.273995
0.251054
0.261126
0.283956
0.31512
0.355132
0.372199
0.384586
0.439326
0.400058
0.33567
0.326997
0.318623
0

0.5
0.455003
0.484979
0.458264
0.406758
0.376506
0.318933
0.291499
0.272978
0.250593
0.260088
0.282403
0.311429
0.352745
0.370593
0.384672
0.439994
0.405229
0.340937
0.331026
0.322504
0

0.5
0.4622
0.485072
0.459527
0.409748
0.370362
0.31648
0.288755
0.27162
0.250303
0.258746
0.279999
0.306192
0.348771
0.367022
0.383783
0.442157
0.413821
0.348349
0.336378
0.327657
0

0.5
0.469632
0.48567
0.461004
0.413567
0.3635
0.312886
0.285248
0.269971
0.250102
0.256992
0.276356
0.299409
0.343123
0.360819
0.383389
0.44537
0.426124
0.358047
0.342823
0.333863
0

0.5
0.477106
0.487073
0.462717
0.416816
0.357281
0.308559
0.281053
0.268105
0.249832
0.254721
0.271306
0.290862
0.335472
0.350653
0.383737
0.451213
0.442506
0.370061
0.350118
0.340884
0

0.5
0.484627
0.489396
0.464709
0.418733
0.352366
0.303982
0.276376
0.266061
0.24931
0.251866
0.264898
0.280189
0.325072
0.334144
0.382758
0.46434
0.46387
0.384349
0.358027
0.348484
0

0.5
0.492419
0.492603
0.467022
0.419213
0.34878
0.299522
0.27156
0.26375
0.248357
0.248398
0.257273
0.267144
0.310609
0.307501
0.373555
0.494674
0.492129
0.400911
0.366385
0.356499
0

0.5
0.500841
0.496569
0.469683
0.418838
0.345967
0.295281
0.267001
0.260932
0.246791
0.244313
0.248613
0.251828
0.29011
0.265143
0.337864
0.563107
0.530867
0.419763
0.375097
0.364852
0

0.5
0.510158
0.500951
0.472557
0.418984
0.342492
0.290788
0.262772
0.257198
0.244299
0.239451
0.238974
0.234716
0.261293
0.202197
0.238669
0.704108
0.5857
0.440664
0.383918
0.373386
0

0.5
0.51945
0.504184
0.474314
0.419907
0.335942
0.284329
0.257632
0.251295
0.239671
0.232734
0.227587
0.216022
0.223125
0.123787
0.0368261
0.939513
0.659841
0.461465
0.391171
0.380761
0

0.5
0.523066
0.5005
0.469439
0.416027
0.321999
0.271516
0.247189
0.239375
0.229102
0.220625
0.211643
0.194657
0.179235
0.0522874
-0.23159
1.20519
0.737647
0.473753
0.390315
0.381014
0

0.5
0.507324
0.479011
0.447565
0.396117
0.295797
0.247987
0.226589
0.217873
0.209077
0.2002
0.189639
0.171286
0.142494
0.0129811
-0.39632
1.33168
0.771916
0.462603
0.370786
0.362908
0

0
0
0
0
0
0
0
0
0
0
0
0
0
0
0
0
0
0
0
0
0
0


0
0
0
0
0
0
0
0
0
0
0
0
0
0
0
0
0
0
0
0
0
0

0.5
0.487333
0.514472
0.490735
0.44668
0.407556
0.360763
0.332003
0.311539
0.297434
0.30336
0.320667
0.342399
0.372148
0.392476
0.412997
0.45273
0.456702
0.432623
0.423819
0.415212
0

0.5
0.451266
0.471509
0.447562
0.404143
0.368828
0.321494
0.293793
0.273839
0.258729
0.264041
0.280082
0.301374
0.329367
0.347444
0.365195
0.403636
0.401668
0.374291
0.366749
0.361303
0

0.5
0.457097
0.473521
0.448911
0.405416
0.369605
0.321535
0.293812
0.274103
0.258732
0.264161
0.280303
0.302071
0.330791
0.349412
0.36763
0.403825
0.403687
0.376756
0.368246
0.362628
0

0.5
0.462054
0.474881
0.449764
0.405965
0.368813
0.320462
0.292592
0.273282
0.257806
0.263186
0.279179
0.300778
0.330084
0.349205
0.368302
0.402033
0.406088
0.380382
0.370629
0.364978
0

0.5
0.467177
0.476355
0.450921
0.406725
0.367053
0.319034
0.290925
0.272158
0.256819
0.261945
0.277537
0.298301
0.328077
0.347642
0.368099
0.400308
0.410539
0.386214
0.374804
0.369088
0

0.5
0.472601
0.478012
0.452333
0.408029
0.364262
0.31703
0.288763
0.270726
0.255786
0.260395
0.275229
0.294568
0.324616
0.344386
0.367079
0.399124
0.417402
0.394096
0.380472
0.374665
0

0.5
0.47836
0.479998
0.453963
0.409768
0.360771
0.314362
0.286081
0.269013
0.254698
0.258491
0.27208
0.289522
0.319544
0.338956
0.365691
0.398741
0.426976
0.403917
0.387369
0.381453
0

0.5
0.484471
0.482465
0.455799
0.411469
0.357133
0.311154
0.282914
0.26706
0.253506
0.256181
0.26797
0.283052
0.312594
0.330534
0.364061
0.399921
0.439618
0.415571
0.395239
0.389194
0

0.5
0.491018
0.485515
0.457846
0.412731
0.353796
0.307634
0.279372
0.264903
0.252134
0.253424
0.262871
0.27499
0.303298
0.317699
0.361219
0.404695
0.455979
0.42899
0.403851
0.397659
0

0.5
0.498187
0.489176
0.460116
0.413414
0.35093
0.304011
0.275619
0.262531
0.250498
0.250203
0.256834
0.26521
0.290916
0.298224
0.35385
0.417496
0.477273
0.444184
0.413032
0.40667
0

0.5
0.506255
0.493412
0.462616
0.413705
0.348413
0.300381
0.271842
0.259861
0.248498
0.246508
0.249946
0.253723
0.274429
0.268987
0.333347
0.447783
0.505461
0.461153
0.422609
0.416069
0

0.5
0.5154
0.497941
0.465165
0.413975
0.345641
0.296489
0.267994
0.256604
0.245864
0.242159
0.242152
0.240612
0.252684
0.227024
0.281296
0.512636
0.543015
0.479569
0.432176
0.425533
0

0.5
0.52461
0.501216
0.466368
0.413535
0.340824
0.290905
0.262882
0.251494
0.241355
0.23602
0.232528
0.225439
0.224861
0.17341
0.173667
0.628266
0.589829
0.497094
0.439755
0.433409
0

0.5
0.528132
0.49744
0.46072
0.407239
0.329201
0.279197
0.25224
0.240515
0.231033
0.22439
0.217914
0.206227
0.191715
0.118168
0.0180941
0.77162
0.6338
0.505441
0.438382
0.433274
0

0.5
0.512318
0.475938
0.438409
0.385689
0.305001
0.256571
0.231443
0.219795
0.211187
0.204096
0.196263
0.182842
0.160236
0.0796063
-0.0951469
0.847406
0.645057
0.491149
0.417297
0.413556
0

0
0
0
0
0
0
0
0
0
0
0
0
0
0
0
0
0
0
0
0
0
0


0
0
0
0
0
0
0
0
0
0
0
0
0
0
0
0
0
0
0
0
0
0

0.5
0.4942
0.505727
0.484386
0.444726
0.400285
0.35913
0.329539
0.309636
0.298709
0.30164
0.31476
0.332056
0.358211
0.382356
0.408608
0.43862
0.463096
0.455442
0.443978
0.438407
0

0.5
0.456688
0.461477
0.439898
0.400753
0.360063
0.318766
0.290271
0.270842
0.258986
0.261329
0.273268
0.290084
0.3142
0.335697
0.358892
0.388181
0.405789
0.394255
0.384387
0.382003
0

0.5
0.462391
0.463943
0.441501
0.401969
0.36101
0.319094
0.290544
0.271158
0.259089
0.261525
0.273618
0.29095
0.315525
0.337453
0.361001
0.389363
0.408289
0.396536
0.385699
0.383105
0

0.5
0.466939
0.465937
0.442542
0.402514
0.360688
0.318126
0.289528
0.270293
0.258081
0.260508
0.272519
0.289948
0.314699
0.336941
0.36115
0.388148
0.410814
0.399791
0.387701
0.385055
0

0.5
0.471465
0.468231
0.443867
0.403217
0.359874
0.316763
0.288083
0.269107
0.256879
0.259175
0.270863
0.287913
0.312593
0.335063
0.360546
0.386422
0.415008
0.405182
0.391476
0.388757
0

0.5
0.476184
0.470784
0.445431
0.404086
0.358558
0.315008
0.286213
0.267613
0.255509
0.257511
0.268578
0.284724
0.309016
0.331501
0.359198
0.384721
0.42111
0.412465
0.396744
0.393937
0

0.5
0.481238
0.473613
0.447195
0.405084
0.356791
0.312844
0.283932
0.265841
0.253994
0.255502
0.265583
0.280284
0.303771
0.325846
0.357181
0.383449
0.429395
0.421454
0.403253
0.400346
0

0.5
0.486745
0.476779
0.449142
0.406069
0.354723
0.310302
0.281276
0.26383
0.252334
0.253125
0.261806
0.27451
0.296614
0.31748
0.354326
0.382965
0.440235
0.432048
0.410768
0.40775
0

0.5
0.492838
0.480347
0.451264
0.406897
0.352558
0.307477
0.278316
0.261616
0.250508
0.25036
0.257211
0.267324
0.287209
0.305424
0.349857
0.383897
0.454192
0.444234
0.419098
0.415956
0

0.5
0.499709
0.484365
0.453566
0.40753
0.350428
0.304467
0.275148
0.259222
0.248489
0.247206
0.251822
0.258694
0.275125
0.288291
0.341852
0.387461
0.472159
0.458082
0.428091
0.424812
0

0.5
0.507613
0.488837
0.456054
0.408081
0.348354
0.301333
0.271871
0.256631
0.246226
0.243654
0.245685
0.24865
0.259867
0.264382
0.326384
0.396028
0.495324
0.473622
0.437571
0.434156
0

0.5
0.516687
0.493521
0.458526
0.4086
0.346054
0.297884
0.268373
0.253618
0.243478
0.239523
0.23871
0.237191
0.240965
0.232359
0.296399
0.413512
0.524679
0.490477
0.447074
0.443603
0

0.5
0.525841
0.496843
0.459516
0.407921
0.34205
0.292793
0.263428
0.248902
0.238984
0.23364
0.229902
0.22366
0.217951
0.192875
0.243437
0.443244
0.558285
0.506116
0.454452
0.451333
0

0.5
0.529105
0.492834
0.453344
0.400673
0.331425
0.281559
0.252724
0.23832
0.228679
0.222175
0.21591
0.205632
0.190416
0.150365
0.169849
0.47694
0.584572
0.512076
0.452459
0.450619
0

0.5
0.512793
0.470865
0.430376
0.378067
0.307986
0.259194
0.231711
0.217843
0.208767
0.201853
0.194429
0.182429
0.162077
0.115562
0.109211
0.483291
0.581269
0.495778
0.43048
0.429954
0

0
0
0
0
0
0
0
0
0
0
0
0
0
0
0
0
0
0
0
0
0
0


0
0
0
0
0
0
0
0
0
0
0
0
0
0
0
0
0
0
0
0
0
0

0
0
0
0
0
0
0
0
0
0
0
0
0
0
0
0
0
0
0
0
0
0

0
0
0
0
0
0
0
0
0
0
0
0
0
0
0
0
0
0
0
0
0
0

0
0
0
0
0
0
0
0
0
0
0
0
0
0
0
0
0
0
0
0
0
0

0
0
0
0
0
0
0
0
0
0
0
0
0
0
0
0
0
0
0
0
0
0

0
0
0
0
0
0
0
0
0
0
0
0
0
0
0
0
0
0
0
0
0
0

0
0
0
0
0
0
0
0
0
0
0
0
0
0
0
0
0
0
0
0
0
0

0
0
0
0
0
0
0
0
0
0
0
0
0
0
0
0
0
0
0
0
0
0

0
0
0
0
0
0
0
0
0
0
0
0
0
0
0
0
0
0
0
0
0
0

0
0
0
0
0
0
0
0
0
0
0
0
0
0
0
0
0
0
0
0
0
0

0
0
0
0
0
0
0
0
0
0
0
0
0
0
0
0
0
0
0
0
0
0

0
0
0
0
0
0
0
0
0
0
0
0
0
0
0
0
0
0
0
0
0
0

0
0
0
0
0
0
0
0
0
0
0
0
0
0
0
0
0
0
0
0
0
0

0
0
0
0
0
0
0
0
0
0
0
0
0
0
0
0
0
0
0
0
0
0

0
0
0
0
0
0
0
0
0
0
0
0
0
0
0
0
0
0
0
0
0
0

0
0
0
0
0
0
0
0
0
0
0
0
0
0
0
0
0
0
0
0
0
0

0
0
0
0
0
0
0
0
0
0
0
0
0
0
0
0
0
0
0
0
0
0


