0
0
0
0
0
0
0
0
0
0
0
0
0
0
0
0
0
0
0
0
0
0

0
0
0
0
0
0
0
0
0
0
0
0
0
0
0
0
0
0
0
0
0
0

0
0
0
0
0
0
0
0
0
0
0
0
0
0
0
0
0
0
0
0
0
0

0
0
0
0
0
0
0
0
0
0
0
0
0
0
0
0
0
0
0
0
0
0

0
0
0
0
0
0
0
0
0
0
0
0
0
0
0
0
0
0
0
0
0
0

0
0
0
0
0
0
0
0
0
0
0
0
0
0
0
0
0
0
0
0
0
0

0
0
0
0
0
0
0
0
0
0
0
0
0
0
0
0
0
0
0
0
0
0

0
0
0
0
0
0
0
0
0
0
0
0
0
0
0
0
0
0
0
0
0
0

0
0
0
0
0
0
0
0
0
0
0
0
0
0
0
0
0
0
0
0
0
0

0
0
0
0
0
0
0
0
0
0
0
0
0
0
0
0
0
0
0
0
0
0

0
0
0
0
0
0
0
0
0
0
0
0
0
0
0
0
0
0
0
0
0
0

0
0
0
0
0
0
0
0
0
0
0
0
0
0
0
0
0
0
0
0
0
0

0
0
0
0
0
0
0
0
0
0
0
0
0
0
0
0
0
0
0
0
0
0

0
0
0
0
0
0
0
0
0
0
0
0
0
0
0
0
0
0
0
0
0
0

0
0
0
0
0
0
0
0
0
0
0
0
0
0
0
0
0
0
0
0
0
0

0
0
0
0
0
0
0
0
0
0
0
0
0
0
0
0
0
0
0
0
0
0

0
0
0
0
0
0
0
0
0
0
0
0
0
0
0
0
0
0
0
0
0
0


0
0
0
0
0
0
0
0
0
0
0
0
0
0
0
0
0
0
0
0
0
0

0
-0.0372193
-0.0610889
-0.0154198
0.119415
0.0106734
-0.0015268
0.0168585
-0.00319856
-0.0924429
2.66611
-2.6563
0.0293996
0.0226456
0.00868042
-0.207132
0.000913525
0.00272931
-0.0036528
-0.00320016
0.0219405
0

0
-0.0278735
-0.040894
-0.010361
0.141824
0.0241818
0.00505702
0.00267435
-0.0206903
-0.0205726
-0.21737
0.329877
0.0210913
0.0124925
0.00727476
0.178562
0.0079248
0.00506826
-0.00464392
0.001119
0.0609037
0

0
-0.0276469
-0.0370904
0.00415323
0.231259
0.0255455
0.00604508
0.000191196
-0.0104804
-0.0261368
-0.115522
0.0943325
0.0168071
0.0124641
0.00820224
0.0208656
0.0216274
0.00330328
-0.000984728
-0.000277623
0.0272524
0

0
-0.0275307
-0.0452508
-0.108747
1.03556
0.0161115
0.00554433
0.00200583
-0.0136167
-0.130964
-0.0366979
0.0402495
0.0166388
0.00924654
0.00852452
0.0139893
-0.0138592
0.00251384
-0.000185778
-0.00284513
0.00238144
0

0
-0.0267639
-0.0338815
0.00165294
-0.675168
0.0119493
0.00685713
-0.0052358
-0.00144523
0.12285
-0.0349411
0.0294343
0.0214371
0.0240347
0.00699527
0.00996228
0.00181905
0.00254347
0.000351455
-0.000987983
-0.00308856
0

0
-0.0257993
-0.0345444
-0.0305015
-0.0506298
0.00990416
0.00363642
0.000665978
0.00034146
-0.000683307
-0.0064144
-0.0174579
0.0402705
-0.00402663
0.00742581
0.00795533
0.00276377
0.0024114
0.000919721
-0.000736137
-0.00665353
0

0
-0.024952
-0.0374002
-0.032017
-0.0340148
0.00722681
0.00348312
0.00158115
-0.00547854
0.00101745
-0.00500977
0.0128117
0.00644236
0.00705159
0.00722011
0.00675844
0.00310896
0.00243459
0.00175933
-0.000555023
-0.00838057
0

0
-0.0239996
-0.0394861
-0.0345906
-0.0331609
0.0123632
0.00249274
0.00246828
0.0029164
-0.00645077
-0.00367016
0.0143836
-0.00916866
0.00680798
0.00693558
0.0058817
0.0034304
0.00271708
0.0122527
-0.000416248
-0.00940202
0

0
-0.0227433
-0.0493182
-0.0423362
-0.0215248
0.00222811
0.00215407
0.00155475
-0.00404781
0.00503834
-0.0303357
0.00699388
0.0317565
0.00663129
0.00834339
0.00540311
0.00356974
0.00343494
-0.0105138
-0.000282486
-0.00978089
0

0
-0.0192516
-0.216106
-0.0546281
-0.0177312
0.000512629
0.00219025
0.00251173
-0.00895524
-0.00488813
0.0118401
0.0155296
0.015875
0.00731805
0.00693931
0.00503356
0.00428266
0.00270135
-0.000302916
-0.000640479
-0.0104315
0

0
-0.0166308
0.182375
-0.055239
-0.0153323
-0.00103294
0.00138424
-8.4188e-06
-0.0106557
0.00313259
-0.0369574
0.012034
0.0908358
0.00797132
0.00635987
0.00466846
0.00426006
0.0021252
0.000433934
-0.000376086
-0.0107267
0

0
-0.0139266
0.020824
-0.292429
-0.0142511
-0.00230409
0.00179347
-0.0070595
-0.123206
-0.00476642
-0.158946
0.00480592
-0.0700429
0.00545983
0.00567789
0.00425783
0.00554793
0.00204952
0.000922678
-0.000218326
-0.010868
0

0
-0.0118708
0.0058815
0.253281
-0.00592254
-0.00273453
0.0224611
-0.00184469
0.0555267
0.0753725
0.148812
0.00771447
0.00286307
0.00586414
0.00522304
0.00381898
0.00782852
0.000783088
0.000993587
-0.000392685
-0.0111733
0

0
-0.010821
0.00175182
0.0324156
-0.00606531
-0.00349583
-0.021552
7.03533e-05
0.0187406
-0.00657179
0.023562
-0.000245934
0.00188139
0.00544191
0.00494001
0.0030647
0.010538
-0.00269972
0.00120532
-4.97545e-05
-0.0108217
0

0
0.00932419
0.0199453
-0.0434078
0.00140163
-0.00976446
-0.00769423
-0.000283632
-0.00101084
0.0167656
-0.00714963
-0.00176587
0.00148754
-0.000308381
0.00188432
-0.000544634
0.0143604
-0.00492366
0.0106447
0.00939263
5.93347e-05
0

0
0
0
0
0
0
0
0
0
0
0
0
0
0
0
0
0
0
0
0
0
0


0
0
0
0
0
0
0
0
0
0
0
0
0
0
0
0
0
0
0
0
0
0

0
-0.017838
0.0168351
-0.0116228
-0.00904347
-0.00819055
0.00225561
0.0198679
-0.0125486
-0.0250688
0.0455444
-0.00406953
0.0106255
0.0152092
0.00666708
0.00115241
-0.000276064
-0.00154358
-0.00372699
-0.0065296
-0.02187
0

0
-0.00847473
-0.00804047
-0.00628561
-0.0177483
-0.00530921
0.00588481
0.00209995
-0.00957173
0.00800372
0.319066
-0.00750291
-0.000929321
0.00458835
0.004798
0.00295744
-9.56664e-05
-0.000852637
-0.00171267
-0.0027903
-0.217895
0

0
-0.00868919
-0.00762974
-0.0103009
-0.0162684
-0.00671832
0.00379795
0.00182738
-0.0113535
0.0061455
0.0293014
-0.00486928
-0.00872148
0.00366192
0.00435456
0.000804703
0.00010589
-0.000825409
-0.00165957
-0.00280738
-0.0141048
0

0
-0.00863101
-0.00796614
-0.0187028
-0.338569
-0.00338634
0.00439168
-0.00196288
-0.0125268
0.0200103
0.00455019
0.00650212
-0.00392566
0.00063456
0.00312852
0.00187046
0.000263977
-0.000715423
-0.00167166
-0.00281623
-0.0150455
0

0
-0.00859948
-0.00635031
-0.00293865
-0.0118165
-0.00074504
0.00186312
-0.00326769
-0.000349701
0.019212
-0.009459
0.00935004
-0.00988236
0.00217885
0.00272592
0.00161632
0.000309874
-0.000610051
-0.00165353
-0.00284084
-0.0138174
0

0
-0.00834773
-0.00906854
-0.00486826
-0.0070243
-0.00124064
0.000229342
0.000578261
-0.00218874
0.00622781
0.0253029
0.000726841
-0.00834605
0.00062138
0.00223193
0.00132989
0.000316662
-0.000705556
-0.00162854
-0.00275811
-0.0136367
0

0
-0.00881667
-0.00725603
-0.0052323
-0.00453671
-0.00198918
-0.000161042
0.00232104
-0.00572925
0.00774911
0.00419175
0.00765003
-0.00181147
0.000853688
0.00246904
0.00130576
0.000144696
-0.000674432
-0.00158578
-0.00264121
-0.0135206
0

0
-0.00900523
-0.00795172
-0.00853204
-0.0047536
-0.00263518
-0.00066654
-0.00225092
0.0126658
0.00958199
-0.0107174
0.0128006
0.00300003
0.000107564
0.00132785
0.00102591
0.000277043
-0.000395933
-0.00130733
-0.00230103
-0.0132039
0

0
-0.00883199
-0.00815415
-0.00654091
-0.00433812
-0.00257175
-0.000609894
0.0066764
-0.00658208
0.0150877
0.00203431
0.0114539
-0.000391146
0.00239495
0.00261525
0.00115861
8.37307e-05
-0.0023907
-0.00147622
-0.00264906
-0.0133192
0

0
-0.00874755
-0.00634326
0.0316147
-0.00419723
-0.0027366
0.000422311
0.00294206
-0.00117105
0.0173523
-0.018422
0.016801
0.00307525
0.00170765
0.00234915
0.00125637
0.000525944
-0.00059261
-0.00144322
-0.00249492
-0.0133097
0

0
-0.00876112
-0.00501229
-0.00640585
-0.00491691
-0.00294245
0.00022199
0.00114898
0.00213373
0.0108867
-0.0118481
0.0126683
0.00687076
0.001751
0.00177649
0.00115545
-3.10913e-05
-0.000741161
-0.00127714
-0.00215642
-0.0131317
0

0
-0.00887962
-0.0105536
-0.00494505
-0.00477921
-0.00316339
0.000399515
0.0231572
-0.00198737
0.0147197
-0.0204153
0.0120048
0.0163368
0.00376511
0.00252309
0.00140803
0.000379967
-0.000175296
-0.00121149
-0.00217585
-0.0129966
0

0
-0.00923028
-0.008713
-0.00646496
-0.00565945
-0.00373386
0.000524554
-0.00105236
0.00386197
-0.00446943
0.0092282
0.00189132
0.00392087
0.00338722
0.0026655
0.00160664
-0.00514509
-0.000321625
-0.000953807
-0.00174536
-0.0121015
0

0
-0.00886626
-0.00747557
-0.0812729
-0.00542834
-0.00280587
0.000652638
-0.000190855
-0.000276072
0.00919343
-0.0110686
0.00781003
0.00779281
0.00344796
0.00227659
0.0015351
-0.0135361
-0.000422634
-0.00119145
-0.00225202
-0.0127779
0

0
0.00823662
0.00651746
0.0200868
0.00287554
-0.00810469
-0.00660797
-0.00315854
0.00189423
0.0129222
0.00419155
-0.000625499
0.000563522
-0.00134754
0.000369775
0.0015609
0.0131141
0.042203
0.00897441
0.00825294
-0.00158117
0

0
0
0
0
0
0
0
0
0
0
0
0
0
0
0
0
0
0
0
0
0
0


0
0
0
0
0
0
0
0
0
0
0
0
0
0
0
0
0
0
0
0
0
0

0
-0.017805
-0.0158885
-0.0118573
-0.0116965
-0.0117011
0.00462439
0.011427
-0.0105123
-0.00310958
0.0100945
-0.00282057
0.00656155
0.0112806
0.00726234
0.00123161
8.09332e-05
-0.00151136
-0.00365085
-0.00627194
-0.0211061
0

0
-0.00849892
-0.00815014
-0.00646571
-0.0100727
-0.00541281
0.00427396
-0.00138324
-0.00635558
0.0126595
0.0237364
-0.00693078
-0.00397534
0.00152104
0.00408443
0.00163487
0.000194138
-0.000812544
-0.0016747
-0.00280817
-0.0185125
0

0
-0.00860615
-0.00745836
-0.00793641
-0.0174881
-0.00617049
0.00436612
-0.00408126
-0.00719109
0.0245648
0.0169539
0.00497483
-0.0087713
-0.0019292
0.00274433
0.00189703
0.000332863
-0.000681579
-0.00163554
-0.00283159
-0.01529
0

0
-0.00860866
-0.00758306
-0.0148134
-0.00290847
0.000150882
0.00195211
-0.0036881
-0.00287238
0.0245625
-0.00942014
0.0145443
0.00320117
-0.000155189
0.00186279
0.00172098
0.000411886
-0.000624053
-0.00160824
-0.00274859
-0.0143538
0

0
-0.00858913
-0.00633092
-0.00612523
-0.00557149
-0.000262925
0.000473424
-0.00469626
0.00820905
0.0158135
-0.025857
0.021394
0.00446338
0.000494765
0.00139055
0.00141875
0.00045413
-0.000572829
-0.0015801
-0.00275104
-0.013974
0

0
-0.00835663
-0.00950746
-0.00604056
-0.00506519
-0.00103055
-0.000323647
-0.000196941
0.00192433
0.0195715
-0.0218427
0.0195652
0.00333723
0.00088315
0.0012815
0.00116083
0.000297809
-0.000666066
-0.0015846
-0.00266399
-0.0137384
0

0
-0.00914468
-0.00688427
-0.00517523
-0.00463431
-0.00206928
-0.000913327
-0.00240882
0.00926238
0.0170696
-0.0277189
0.0184898
0.0120756
0.00179874
0.00117113
0.00107949
0.000294053
-0.000469018
-0.00133191
-0.00226499
-0.0133411
0

0
-0.00870904
-0.00751094
-0.0085053
-0.00444797
-0.00198513
-0.00215465
0.00556461
0.0113131
-0.0102406
0.0049875
0.00202438
0.00148451
0.00378538
0.00248677
0.00111849
0.000202514
-0.000547993
-0.00149264
-0.00270146
-0.0134715
0

0
-0.00878004
-0.00816824
-0.00480983
-0.00433774
-0.00280921
0.000861618
0.00413914
-0.00813427
0.0182608
-0.00301775
0.00597914
0.00446463
0.00210133
0.00191654
0.0011268
0.000272696
-0.000533578
-0.00142656
-0.00245759
-0.0133276
0

0
-0.0086484
-0.00843547
-0.00800035
-0.00460081
-0.00264926
0.000196308
0.000565438
0.00946389
-0.00298874
0.00193899
0.00333686
0.00488107
0.00265691
0.00223854
0.00129012
0.0003794
-0.000619283
-0.00141909
-0.00238083
-0.0133147
0

0
-0.0088318
-0.00831697
-0.00650442
-0.00489079
-0.0030187
0.000225445
0.00126572
0.00302038
0.00071476
0.00513232
0.00155209
0.00458282
0.00299159
0.00234726
0.0013871
0.000317055
-0.000528216
-0.00121781
-0.00203786
-0.0130789
0

0
-0.00951548
-0.0090928
-0.00781435
-0.00577136
-0.00404081
-0.000339666
0.00145597
-0.00249339
-0.00249468
0.0186243
-0.00261884
0.000345187
0.00308942
0.00285614
0.0016861
0.000415752
-3.02492e-05
-0.000792011
-0.00152503
-0.0125563
0

0
-0.00866431
-0.00796172
-0.00665627
-0.00476964
-0.00249388
0.000973592
-0.0016029
0.00512173
0.00430748
-0.00940208
0.00886352
0.00838262
0.00273828
0.00193194
0.00146682
0.000589734
-0.000358789
-0.00125066
-0.00240795
-0.0129189
0

0
-0.00859577
-0.00753256
-0.0071934
-0.0047364
-0.00211127
0.000680522
-0.00255601
0.00658498
-0.00800801
0.0296203
-0.00758256
0.0010115
0.00164552
0.00134081
0.00134755
0.00044731
-0.000379928
-0.00133912
-0.00235958
-0.0129253
0

0
0.00661315
0.00689867
0.0130938
0.00166805
-0.00734595
-0.00690485
-0.00351486
0.00677826
0.0100578
0.0107997
-0.000180258
-0.000472605
-0.00105357
0.000406344
0.00218277
0.00922287
0.0138653
0.00871042
0.008526
-0.00140289
0

0
0
0
0
0
0
0
0
0
0
0
0
0
0
0
0
0
0
0
0
0
0


0
0
0
0
0
0
0
0
0
0
0
0
0
0
0
0
0
0
0
0
0
0

0
-0.0179433
-0.0159493
-0.0122939
-0.0160668
0.306402
0.0120763
0.00687346
-0.00852716
0.0105009
0.00485976
0.0109939
0.00742033
0.00790855
0.00671741
0.00305963
0.000435939
-0.00145427
-0.00351536
-0.00605313
-0.0198045
0

0
-0.00856935
-0.00771287
-0.00613769
-0.00891987
-0.188888
0.00294919
-0.00522138
0.00149616
0.0261261
-0.0315027
0.0202994
0.00564202
-0.00102968
0.00221869
0.00206532
0.000410648
-0.000664899
-0.00160328
-0.00280658
-0.014805
0

0
-0.00867049
-0.00721441
-0.00687391
-0.00709124
0.0273536
0.0010017
-0.00403479
-0.00126927
0.0251054
-0.0189043
0.0164862
0.00787189
7.22674e-06
0.000816672
0.001576
0.000505735
-0.000628534
-0.00156136
-0.00278209
-0.0145166
0

0
-0.00861896
-0.00743632
-0.00857238
-0.00476839
0.00915884
-0.00071116
-0.00208075
0.00888092
0.00265734
0.00595515
0.00389095
0.009538
0.00237531
0.00121732
0.0013909
0.000414727
-0.000574021
-0.00159783
-0.00272922
-0.0142186
0

0
-0.00860502
-0.00644729
-0.00600695
-0.00428431
0.00136465
-0.00136634
-0.000554702
0.0109607
0.00185814
-0.000828314
0.0046195
0.00768899
0.00265025
0.000880243
0.000997646
0.000411779
-0.000568675
-0.00156317
-0.00269388
-0.0139939
0

0
-0.00857067
-0.00959581
-0.00693168
-0.00465751
-0.00168284
-0.000920525
0.000685646
0.00317935
0.00773842
-0.00339868
0.0061025
0.006707
0.00251115
0.00105715
0.00101937
0.000308415
-0.000547064
-0.00137863
-0.00234622
-0.0135955
0

0
-0.00891198
-0.0065924
-0.00465543
-0.00408319
-0.00177154
-0.00152339
0.00560764
0.00398697
-0.00180497
0.00727516
-0.000650494
0.00682158
0.005275
0.00246514
0.00112766
0.000291989
-0.000555007
-0.0014948
-0.00265169
-0.01359
0

0
-0.00872952
-0.00733318
-0.00839081
-0.00441832
-0.00217229
-0.000623957
0.00258511
0.00918617
-0.00766458
0.017931
-0.0010131
-0.0032208
0.00161745
0.00184226
0.00110424
0.000276947
-0.000510305
-0.00143239
-0.00250899
-0.0134652
0

0
-0.00867183
-0.00801385
-0.00493678
-0.00423224
-0.00266252
0.0014716
0.00358388
-0.00866108
0.0179047
0.000117894
0.00423254
0.00368045
0.00247418
0.00229149
0.00131454
0.000400242
-0.000532385
-0.001449
-0.00245829
-0.0133716
0

0
-0.00864753
-0.00736231
-0.00726681
-0.00473512
-0.00231424
0.000186337
-0.000639142
0.00946245
-0.00365736
0.00782596
0.00154111
0.00365357
0.00228722
0.00196364
0.00132654
0.000340672
-0.0006298
-0.00137097
-0.00226285
-0.0132926
0

0
-0.0096747
-0.00880486
-0.00728891
-0.00597906
-0.00389877
-0.00173568
0.00201403
-0.00060058
-0.00212021
0.0193802
-0.00209486
-0.000966217
0.00274451
0.00246592
0.00137908
0.000599644
-0.000115658
-0.000661621
-0.00124361
-0.012544
0

0
-0.00858248
-0.00756241
-0.00653066
-0.0045375
-0.00229396
0.00106785
-0.00129773
-0.000435492
0.018637
-0.0224788
0.0144053
0.00983081
0.00213906
0.00142424
0.00134269
0.00037863
-0.000316777
-0.00127869
-0.00254555
-0.0130199
0

0
-0.0085451
-0.00782565
-0.00596805
-0.00445584
-0.00197334
-0.000205249
-0.00176212
0.00824322
-0.00344762
0.0108648
-0.000367828
0.00639962
0.00256099
0.00120488
0.00116684
0.000539423
-0.000339486
-0.00135571
-0.0023914
-0.0130364
0

0
-0.0085872
-0.00758495
-0.00642893
-0.00451723
-0.00213904
-0.000987196
0.000848984
0.00384993
0.00285877
0.00470013
0.0012252
0.0034076
0.00359071
0.00185365
0.00113972
0.000458053
-0.000398266
-0.001345
-0.00225712
-0.012952
0

0
0.00482847
0.00612895
0.00916081
0.000308224
-0.00708785
-0.00707072
-0.00196676
0.00718313
0.00717359
0.0113427
0.000545313
-0.000810279
-6.71827e-06
0.000987046
0.00264405
0.00750016
0.0111095
0.00856484
0.00874923
-0.00119693
0

0
0
0
0
0
0
0
0
0
0
0
0
0
0
0
0
0
0
0
0
0
0


0
0
0
0
0
0
0
0
0
0
0
0
0
0
0
0
0
0
0
0
0
0

0
-0.018163
-0.0164194
-0.0133976
-0.0603726
0.0498648
0.11739
-0.000665459
0.00598441
0.00641884
0.00213958
0.0155612
0.0119747
0.0052155
0.00544838
0.00343947
0.000668796
-0.00124966
-0.00331617
-0.00589041
-0.0191723
0

0
-0.00882563
-0.00798123
-0.00625763
-0.021011
-0.175466
0.0209218
-0.0051454
0.0103119
0.00999342
-0.0153712
0.0123322
0.010218
0.000280409
0.000851751
0.00163318
0.000535393
-0.000492454
-0.00141817
-0.00249118
-0.0142155
0

0
-0.00896565
-0.00776339
-0.00708568
-0.00704821
-0.124424
-0.00182133
-0.000899893
0.00715414
0.00422411
-0.00294599
0.00582696
0.00693693
0.00209954
0.00124112
0.0013987
0.000480709
-0.000461717
-0.00138563
-0.00237725
-0.0139616
0

0
-0.00907495
-0.00796907
-0.00748158
-0.00519357
-0.0357463
-0.00184644
1.49505e-05
0.0101615
-0.00522749
0.0198004
-0.00180651
0.00412402
0.0026936
0.00119756
0.00112766
0.000436681
-0.000428506
-0.00129498
-0.00221965
-0.0136651
0

0
-0.00919206
-0.00760768
-0.00714267
-0.00490976
-0.00927995
-0.00163801
0.00147189
0.00479441
0.00442967
0.0059357
0.00511239
0.00370359
0.00225883
0.00153061
0.0010249
0.000433975
-0.000341803
-0.00110602
-0.00191943
-0.0133074
0

0
-0.00904099
-0.00975969
-0.00722669
-0.00513188
-0.00404776
-0.000856896
0.00410135
-0.00147475
0.00339499
0.00337647
0.00841567
0.00229052
0.00339697
0.00225163
0.00117709
0.000311404
-0.000444302
-0.00115625
-0.0020502
-0.0132334
0

0
-0.00942771
-0.00794747
-0.00598586
-0.00489885
-0.00326858
-0.000120762
0.00146812
0.000925958
0.00968281
-0.00994044
0.0150688
0.00559233
0.00277265
0.00241638
0.00130334
0.00044989
-0.000247667
-0.00106368
-0.00186142
-0.0130604
0

0
-0.00933775
-0.00800062
-0.00894864
-0.0052675
-0.00308045
-0.000693783
0.00106672
0.00533844
0.0108362
-0.0266296
0.02028
0.00494175
0.00219697
0.00243929
0.00141794
0.000404422
-0.000324629
-0.00106124
-0.00183368
-0.0129989
0

0
-0.00929144
-0.00880289
-0.00652116
-0.00523303
-0.00310598
0.000741987
0.000264156
-0.00389375
0.0182608
-0.022876
0.0181544
0.00894765
0.00224792
0.00206397
0.00149383
0.000579485
-0.000252808
-0.00102031
-0.00174657
-0.012898
0

0
-0.0100225
-0.00939369
-0.00901181
-0.00682088
-0.0043273
-0.00236221
-0.000235843
0.00232229
0.00180448
-0.00492702
0.00800822
0.00662002
0.00354171
0.00231972
0.00145525
0.000519269
-9.62052e-05
-0.000366518
-0.000689958
-0.0122896
0

0
-0.00936589
-0.00853367
-0.00706359
-0.00535616
-0.00285068
-0.00104435
-0.00322699
0.00666121
0.0104326
-0.014425
0.0141383
0.00890385
0.00128933
0.00098251
0.00120431
0.0007398
-8.57523e-06
-0.000796654
-0.00176528
-0.0126173
0

0
-0.00936601
-0.00843254
-0.00767038
-0.00554331
-0.00321166
-0.00134389
-0.00119431
0.00698026
0.00161457
-0.00853757
0.00818871
0.0108639
0.00356975
0.00157022
0.00129355
0.000503685
-0.00011741
-0.000864255
-0.00164136
-0.012626
0

0
-0.00930419
-0.0085764
-0.00694361
-0.00535159
-0.00324972
-0.00188219
0.000525776
0.00500166
-0.00189345
0.00209852
0.00395536
0.00759046
0.00406077
0.00184651
0.00123148
0.000569415
-8.52605e-05
-0.000887967
-0.00157152
-0.0125999
0

0
-0.00921515
-0.00846978
-0.00702333
-0.00532324
-0.00327706
-0.00193571
0.00114714
0.00437599
-0.00143217
0.00761382
0.00420635
0.0030222
0.00326497
0.00187756
0.00115382
0.000564253
-0.000156892
-0.000901838
-0.00154556
-0.0125674
0

0
0.00151559
0.0027709
0.00387698
-0.0033362
-0.00902794
-0.00847139
-0.00342728
0.00473425
0.00893027
-0.00495527
0.00827597
0.00430126
0.00130978
0.00163651
0.00321479
0.00692955
0.0100331
0.00937153
0.0103506
-0.000134792
0

0
0
0
0
0
0
0
0
0
0
0
0
0
0
0
0
0
0
0
0
0
0


0
0
0
0
0
0
0
0
0
0
0
0
0
0
0
0
0
0
0
0
0
0

0
-0.0187368
-0.0172282
-0.0137524
-0.0135631
0.114631
0.00708361
-0.00176754
0.0104022
0.00527633
0.00702155
0.0138502
0.0139359
0.00330491
0.0040196
0.00338643
0.000906052
-0.00100418
-0.00295708
-0.00530311
-0.0184326
0

0
-0.00928632
-0.00822135
-0.00653828
-0.00665123
-0.00781589
-0.00240169
-0.00106092
0.0108003
0.0047977
-0.00750183
0.00912151
0.01104
0.00203205
0.00058054
0.00125576
0.000587011
-0.000321038
-0.00117347
-0.00209395
-0.0138257
0

0
-0.00921534
-0.00807741
-0.00706556
-0.00549278
-0.00556043
-0.0021803
0.00260041
0.00319526
0.00599151
-0.0179293
0.0157511
0.01077
0.00351008
0.0010737
0.00118486
0.000536092
-0.000348966
-0.00120829
-0.00212633
-0.0138007
0

0
-0.00922182
-0.00818524
-0.00691422
-0.00514306
-0.00471252
-0.00236659
-0.000596082
0.0133172
-0.00235062
-0.0183475
0.0181509
0.0112782
0.00348839
0.000851773
0.000922416
0.000428387
-0.000315436
-0.0011228
-0.0020319
-0.0136371
0

0
-0.00914925
-0.00745734
-0.00629881
-0.00489846
-0.00404738
-0.00191924
0.00428143
0.00368136
-0.00126706
-0.0103995
0.0106579
0.013325
0.00580178
0.00139553
0.000882923
0.000501177
-0.000367442
-0.00119171
-0.00223136
-0.0136561
0

0
-0.00892238
-0.00888582
-0.0066199
-0.00487332
-0.00345148
-0.00091921
0.00305812
0.00583242
-0.010453
0.00338248
0.00491116
0.00781287
0.00550948
0.00227148
0.00113442
0.000361127
-0.000434179
-0.00124838
-0.00221959
-0.0135832
0

0
-0.00915522
-0.00782149
-0.00575962
-0.00468037
-0.00280921
-0.000564223
0.00110639
0.00654632
-0.00464277
-8.5935e-05
0.00513103
0.0102047
0.00535529
0.00206744
0.00107755
0.000439805
-0.000298786
-0.00119069
-0.00218651
-0.0134592
0

0
-0.00908704
-0.00743607
-0.00760574
-0.00485874
-0.00262255
-0.000956104
0.00219975
0.00584464
-0.00659872
0.000328753
0.00332268
0.00727098
0.00504711
0.00246773
0.00126747
0.000450067
-0.000398925
-0.00122612
-0.00222929
-0.0133836
0

0
-0.00964084
-0.00870215
-0.00715742
-0.0058399
-0.00383922
-0.00135751
0.00241973
-0.00180441
-0.00290974
0.00747291
-0.000304602
0.00590591
0.00536442
0.00262182
0.00129332
0.000567706
-0.000141965
-0.00073621
-0.0014512
-0.012799
0

0
-0.00880891
-0.00776118
-0.00720213
-0.00487988
-0.00223101
-0.000778059
-0.00208298
0.00899514
-0.00410225
0.00981076
0.000136257
0.00531503
0.00293768
0.00144705
0.0010964
0.000436143
-0.000413044
-0.00113653
-0.00231454
-0.0131235
0

0
-0.00924914
-0.00815748
-0.00618283
-0.00494786
-0.00307808
-0.0017395
0.001227
0.00407662
-0.00413774
0.0107163
-0.00281884
0.00534373
0.00436219
0.00228933
0.00127357
0.000640401
-6.07221e-05
-0.000946728
-0.00192466
-0.0128675
0

0
-0.00898263
-0.00792219
-0.00685229
-0.00485767
-0.00285974
-0.00145511
0.00096309
0.00674698
-0.00906246
0.0180459
-0.00501546
0.00414601
0.00400498
0.00191848
0.00119531
0.00050988
-0.000210888
-0.00105545
-0.00204098
-0.0128721
0

0
-0.00895749
-0.00789415
-0.00644128
-0.00472342
-0.00287986
-0.00147172
0.00264428
0.00177606
-0.00798672
0.0287717
-0.00873624
0.000477322
0.00382508
0.00208232
0.0011492
0.000468853
-0.000215348
-0.00107846
-0.00203828
-0.0128251
0

0
-0.0107049
-0.0100048
-0.00873897
-0.00721707
-0.00515159
-0.00334488
-0.00154343
0.00154368
0.00115544
0.00456043
0.00308145
0.00447577
0.00336195
0.00209964
0.00145403
0.00089495
0.00041121
7.96146e-05
-0.000237882
-0.0117566
0

0
0.00214449
0.00363496
0.00363287
-0.00179267
-0.00634027
-0.00615564
-0.000675091
0.00471233
-0.00239509
0.0248325
-0.00677771
-0.00189665
0.0014076
0.00190158
0.00311487
0.00599706
0.00827673
0.00789925
0.00799423
-0.000882205
0

0
0
0
0
0
0
0
0
0
0
0
0
0
0
0
0
0
0
0
0
0
0


0
0
0
0
0
0
0
0
0
0
0
0
0
0
0
0
0
0
0
0
0
0

0
-0.0188901
-0.017172
-0.0138411
-0.00929217
-0.0100191
-0.00177663
-0.00129378
0.0223741
-0.00402164
-0.0202171
0.0217643
0.0258833
0.00596633
0.00260787
0.00294674
0.00111882
-0.000889488
-0.00284038
-0.00519423
-0.0183437
0

0
-0.00900826
-0.00776328
-0.00587246
-0.00510983
-0.00449675
-0.00319458
0.00337031
0.0107421
-0.0122108
0.000500459
0.00543189
0.0145535
0.00490208
0.000178474
0.000784438
0.000505019
-0.000426922
-0.0013325
-0.0024272
-0.0140567
0

0
-0.00896054
-0.0077335
-0.00664682
-0.00507316
-0.00199966
-0.00229225
0.00281838
0.00882862
-0.00727353
-0.00736282
0.00609596
0.0150672
0.00608524
0.000640943
0.000638803
0.000414273
-0.00040565
-0.00128411
-0.00234705
-0.0138832
0

0
-0.00902203
-0.00777165
-0.00607603
-0.00467741
-0.00279402
-0.00260151
0.00421533
0.0108428
-0.0187558
0.0066156
-0.00148005
0.0118671
0.0075307
0.00138201
0.000554771
0.000377948
-0.00039605
-0.00127007
-0.00238341
-0.0137262
0

0
-0.00890865
-0.00722772
-0.006341
-0.00442977
-0.00361878
-0.00119568
0.00840501
-0.00233755
-0.0120516
0.0229073
-0.00907178
0.00457939
0.00747047
0.00286892
0.000857214
0.000299392
-0.000479001
-0.00133217
-0.00242093
-0.0136444
0

0
-0.00884746
-0.00835685
-0.00643502
-0.00474619
-0.00333783
0.000491735
0.00345986
-0.00159095
-0.00890877
0.0281728
-0.0107897
0.00126991
0.00561657
0.00288831
0.00115266
0.000335445
-0.000445853
-0.00128834
-0.00228701
-0.0134904
0

0
-0.00898791
-0.00779092
-0.00609756
-0.00461704
-0.00277405
3.53489e-05
0.00252271
-0.000808443
-0.00893148
0.0353497
-0.0117725
-0.000840455
0.00462971
0.00313429
0.00131586
0.000387919
-0.000354764
-0.00125679
-0.00227157
-0.0133848
0

0
-0.00944942
-0.00798641
-0.00791641
-0.00568802
-0.0035621
-0.00109669
0.00205685
-0.00205581
-0.00509616
0.0308429
-0.00979893
-0.00311815
0.00361182
0.00303829
0.00147344
0.000488146
-0.000251259
-0.000889008
-0.00164861
-0.0129286
0

0
-0.00881896
-0.00761985
-0.0064813
-0.00447722
-0.00212424
0.000388758
-0.00184003
0.002854
0.00585983
0.0115111
0.000205905
0.00130249
0.00165337
0.0018823
0.00140667
0.00056165
-0.000333232
-0.00129054
-0.00253154
-0.0132217
0

0
-0.00888606
-0.00802331
-0.00702663
-0.00490684
-0.00256103
-0.00176949
9.77269e-05
0.00532107
1.38877e-05
0.00983548
0.000892631
0.00239728
0.00286537
0.00185442
0.00119808
0.000454635
-0.000296209
-0.00106349
-0.00192641
-0.0130236
0

0
-0.00906056
-0.00818673
-0.00616826
-0.00472138
-0.00279764
-0.00188167
0.00135185
0.00121347
0.00279131
0.00946977
0.0025338
0.00255181
0.00253096
0.00157876
0.00118396
0.000615418
-6.33223e-05
-0.000992284
-0.00192288
-0.0128826
0

0
-0.00895081
-0.0079528
-0.00682139
-0.00469078
-0.00279284
-0.00189143
0.00168594
0.00400833
0.00375826
-0.00320306
0.00611383
0.00595304
0.00381068
0.00167047
0.00100694
0.000469986
-0.000236443
-0.00107659
-0.00201467
-0.0128672
0

0
-0.0108292
-0.0099669
-0.0090298
-0.0073484
-0.00538725
-0.00390169
-0.00116642
0.00181949
0.00308393
-0.00379667
0.00724076
0.00578118
0.00377497
0.00203175
0.00137291
0.00084931
0.000485902
0.00019305
-6.74071e-05
-0.0117521
0

0
-0.0080455
-0.00708014
-0.00564978
-0.00377148
-0.00240908
-0.000622005
0.0060875
-0.00242124
0.00111265
0.00671549
0.00166789
0.00156293
0.00490566
0.00285969
0.00108642
0.000269454
-0.000524262
-0.00151845
-0.00306703
-0.0128672
0

0
0.00037061
0.00138342
0.00103222
-0.00306818
-0.00649383
-0.00534889
0.000815178
-0.000486763
0.00735976
-0.00036919
0.0054623
0.00117743
0.0028187
0.00285377
0.00345235
0.00559017
0.00746938
0.00760222
0.00835938
-0.00103229
0

0
0
0
0
0
0
0
0
0
0
0
0
0
0
0
0
0
0
0
0
0
0


0
0
0
0
0
0
0
0
0
0
0
0
0
0
0
0
0
0
0
0
0
0

0
-0.0187528
-0.0169852
-0.013462
-0.00891831
-0.00678115
-0.00303505
0.00434221
0.0159562
-0.0167479
0.00889332
0.000938367
0.0278201
0.0104571
0.00253825
0.00231665
0.000988055
-0.000892131
-0.00289161
-0.00531997
-0.0182152
0

0
-0.00889544
-0.00748597
-0.00586882
-0.00451467
-0.00327393
-0.00284622
0.00611823
0.00623069
-0.0216629
0.0460872
-0.0221588
0.00536763
0.00695064
0.00121159
0.000443764
0.000312324
-0.000444429
-0.00135838
-0.00244287
-0.01387
0

0
-0.00884103
-0.00769162
-0.00632366
-0.00483253
-0.00292939
-0.00124734
0.00616005
-0.00121998
-0.00783962
0.0352869
-0.0194636
0.00617751
0.00762603
0.00173243
0.000533235
0.000294033
-0.000419771
-0.00134065
-0.00244415
-0.0137881
0

0
-0.00881213
-0.00769805
-0.00581639
-0.00457003
-0.0028224
-0.00115319
0.00630144
0.00189484
-0.0132948
0.0318191
-0.0141371
0.000254094
0.00761756
0.00284507
0.000783932
0.000250511
-0.000475794
-0.00139689
-0.00247732
-0.0137353
0

0
-0.00880094
-0.00716831
-0.00627148
-0.00459463
-0.00307543
0.00097988
0.0067408
-0.0129062
0.00691685
0.0179217
-0.00237039
-0.00258003
0.00535991
0.00325115
0.00120219
0.000309203
-0.000507858
-0.00140882
-0.00242789
-0.0136486
0

0
-0.00876816
-0.00787443
-0.00642574
-0.00469732
-0.00260962
0.00101766
0.000717635
-0.00320552
0.00786947
0.00248865
0.00602425
-9.00754e-05
0.0041546
0.00304476
0.00137746
0.000380431
-0.000441353
-0.00134947
-0.00232625
-0.0134914
0

0
-0.00909511
-0.00815638
-0.00675007
-0.00527033
-0.00305583
-0.000469213
0.00093061
-0.00396836
0.0053565
0.00775887
0.00553909
-0.000537599
0.00358087
0.00295855
0.00144889
0.000439321
-0.000296607
-0.00103534
-0.00186074
-0.0131031
0

0
-0.00888943
-0.00758097
-0.00660762
-0.00460698
-0.00229753
-0.000238585
-2.15314e-05
-0.000219171
0.0130652
-0.00847239
0.0128256
0.00124968
0.00187527
0.00247278
0.00149533
0.000499692
-0.000341537
-0.00125976
-0.00242008
-0.0132249
0

0
-0.00868014
-0.00747814
-0.00631885
-0.00439967
-0.00208576
-0.000686932
-0.000634779
0.00373085
0.012195
-0.0156333
0.0130382
0.00722399
0.00268125
0.00164643
0.00117458
0.000512533
-0.000340084
-0.00134626
-0.00238348
-0.0132281
0

0
-0.00886787
-0.00794856
-0.00709551
-0.00503243
-0.00283524
-0.00214827
0.00160696
0.00280009
0.00377734
-0.000450213
0.00607781
0.00409244
0.00310421
0.00184621
0.00111049
0.000440702
-0.000309894
-0.00106567
-0.00182373
-0.0129933
0

0
-0.00894216
-0.00811683
-0.00618495
-0.00473311
-0.00306003
-0.00182316
0.00254336
1.65273e-05
0.00749477
-0.00344029
0.00674957
0.00506142
0.00325613
0.00180735
0.0010957
0.000492752
-0.000159834
-0.00104764
-0.00195728
-0.0128862
0

0
-0.0105824
-0.0100168
-0.00897649
-0.00725638
-0.00535814
-0.00401205
-0.00152747
0.00491996
-0.00122158
-0.000628331
0.00507314
0.00617492
0.0036419
0.00200928
0.00131042
0.000869396
0.000452313
0.000169681
-9.12098e-05
-0.0118167
0

0
-0.00792293
-0.00687122
-0.00570166
-0.00367542
-0.00253769
0.00013124
0.00641622
-0.00140741
-0.00376764
0.0162385
-0.00283267
0.000714355
0.00495669
0.00308792
0.00116276
0.000193145
-0.000640972
-0.00167874
-0.003309
-0.0130085
0

0
-0.00841957
-0.00730295
-0.0059183
-0.00432332
-0.00280864
0.00015583
0.00349242
-0.00253168
0.00319462
0.00796435
0.00423083
0.00030658
0.00329611
0.0026951
0.00130446
0.000337779
-0.000472283
-0.00147612
-0.00249417
-0.0129049
0

0
-0.00163685
-0.00102652
-0.00162953
-0.00434253
-0.00646497
-0.0046424
-0.000592577
-0.000874952
0.00369291
0.00722633
0.00252736
0.0010543
0.0027063
0.00315176
0.0037477
0.00542478
0.00704379
0.00761759
0.0088095
-0.00095765
0

0
0
0
0
0
0
0
0
0
0
0
0
0
0
0
0
0
0
0
0
0
0


0
0
0
0
0
0
0
0
0
0
0
0
0
0
0
0
0
0
0
0
0
0

0
-0.018618
-0.0165258
-0.013594
-0.00881038
-0.00555657
-0.00336354
0.00565776
0.0197506
-0.0287187
0.0468957
-0.0154929
0.0126442
0.0104319
0.00340541
0.0020863
0.000824936
-0.00094897
-0.00295251
-0.00534774
-0.0180548
0

0
-0.00871069
-0.00756807
-0.00587333
-0.004051
-0.00304513
-0.00132791
0.00717906
-0.00347925
0.00102413
0.0204686
-0.0051262
-0.000209295
0.00560369
0.00176959
0.000572118
0.000237519
-0.000484769
-0.00139934
-0.00252008
-0.0137912
0

0
-0.0087193
-0.00746789
-0.00615219
-0.00416869
-0.00270128
6.49872e-05
0.00561577
-0.00343195
0.00358374
0.00324017
0.00379321
0.00412196
0.00757866
0.00265766
0.000766764
0.000234414
-0.000505007
-0.00144275
-0.00253844
-0.0137413
0

0
-0.00872576
-0.00725391
-0.00611436
-0.0040105
-0.00256072
0.000403998
0.00470842
-0.00272181
-0.000995329
0.00434578
0.0105542
-0.00195638
0.0055478
0.00350777
0.00112669
0.000220778
-0.000533546
-0.00147262
-0.00253153
-0.0136729
0

0
-0.00865142
-0.00712323
-0.00629103
-0.0041958
-0.00245314
0.00132779
0.0020655
-0.00705253
0.0153264
-0.0171291
0.0169273
0.00320427
0.00433
0.0032253
0.00134603
0.000320436
-0.000540478
-0.00144992
-0.00244193
-0.0135816
0

0
-0.00877973
-0.00789932
-0.00652216
-0.00475755
-0.00276587
0.000257579
0.000174403
-0.00239602
0.00522803
-0.00441298
0.00767664
0.00429124
0.00475552
0.00324327
0.00144662
0.000408938
-0.000414927
-0.00121006
-0.00204474
-0.0132706
0

0
-0.00878862
-0.00780823
-0.00610591
-0.0043781
-0.00230927
-0.000260268
0.000168375
0.000765927
0.00296397
0.0115863
0.00292934
-0.0016232
0.0023669
0.00300668
0.00150201
0.000413544
-0.000350606
-0.00125337
-0.00231873
-0.0132598
0

0
-0.00859581
-0.00749276
-0.00631758
-0.00422678
-0.00194913
-0.00013602
-0.00115442
0.00221619
0.00960632
0.00124469
0.00553429
0.00376025
0.0016165
0.00180616
0.00131125
0.000479332
-0.000392287
-0.00139332
-0.0024341
-0.0133124
0

0
-0.00855846
-0.00751436
-0.00635962
-0.00414072
-0.00214055
-0.00132851
0.00131115
0.00477437
-0.000994348
0.0119202
0.000274959
0.00377939
0.00286851
0.00192011
0.00115698
0.000415702
-0.000422441
-0.00140087
-0.00232655
-0.0132785
0

0
-0.00879952
-0.00801467
-0.00702624
-0.00474179
-0.00300627
-0.00196601
0.00181875
0.00439328
0.000368694
0.00908812
0.00248043
0.00163657
0.00255679
0.0018865
0.00109404
0.000418506
-0.000305995
-0.00106758
-0.00176345
-0.0129886
0

0
-0.0101818
-0.00956504
-0.00853831
-0.00674857
-0.00500046
-0.00303465
-0.00120384
0.00103412
0.00645436
-0.0102259
0.00978378
0.00701727
0.0029631
0.00191392
0.00136973
0.000824637
0.00035091
-1.87535e-05
-0.00033371
-0.012023
0

0
-0.0082763
-0.00727855
-0.00590981
-0.00384535
-0.00263761
-0.000394996
0.00621651
-0.00140104
-0.000606177
0.00449153
0.00205118
0.00422683
0.00524088
0.00288395
0.00116575
0.000253356
-0.000564307
-0.00154477
-0.00306685
-0.0129809
0

0
-0.00843192
-0.0072103
-0.00586111
-0.00423911
-0.0027453
0.000243789
0.00342826
-0.00358123
0.00528667
0.00638339
0.00324152
0.000635757
0.00329369
0.00259406
0.001273
0.000328884
-0.000458321
-0.00146583
-0.00248451
-0.0129326
0

0
-0.0083597
-0.0072849
-0.00575988
-0.00431285
-0.00269408
0.000623602
0.00134828
-0.00284825
0.0103885
-0.00833103
0.00940371
0.00418754
0.00334639
0.00269136
0.00141277
0.000384288
-0.00045329
-0.00146512
-0.00226552
-0.0129201
0

0
-0.00342614
-0.00333533
-0.0041342
-0.00538383
-0.00621036
-0.00421911
-0.00174172
-0.000853574
0.00405651
0.00214876
0.00403102
0.00279222
0.00323539
0.00357051
0.00401604
0.00531887
0.00669162
0.00761927
0.00901064
-0.000899199
0

0
0
0
0
0
0
0
0
0
0
0
0
0
0
0
0
0
0
0
0
0
0


0
0
0
0
0
0
0
0
0
0
0
0
0
0
0
0
0
0
0
0
0
0

0
-1.02383e-06
0.00128215
-0.00245641
-0.0125652
-0.0160902
-0.0163359
0.0023078
0.0151081
-0.0018433
0.0309413
-0.0100321
0.00591381
0.00101888
-0.00205959
-0.000569489
-0.00112351
-0.00213328
-0.00271861
-0.00339382
-0.0135454
0

0
0.00957298
0.0106623
0.00544386
-0.00737213
-0.0117956
-0.0128558
0.000581661
0.00431615
0.0101362
0.0128718
-0.00640516
-0.0040862
-0.00301439
-0.00365687
-0.00213264
-0.00168221
-0.00170325
-0.00121744
-0.000620083
-0.00969165
0

0
0.00933016
0.0106877
0.00518476
-0.00715239
-0.00927729
-0.0104434
0.00100777
0.00213023
0.00773465
0.0196129
-0.00813241
-0.00471246
-0.00204186
-0.00295707
-0.00222332
-0.00179128
-0.0017281
-0.00126422
-0.000678052
-0.0100749
0

0
0.00896812
0.0101607
0.0060854
-0.00616717
-0.00732781
-0.00874799
0.000716103
0.00406808
0.00544734
0.0171395
-0.00453484
-0.00784302
-0.00315807
-0.002522
-0.0021405
-0.00179534
-0.00175603
-0.0013204
-0.000743105
-0.0105101
0

0
0.00829646
0.00985484
0.00590546
-0.00513215
-0.0065411
-0.00629543
5.55351e-05
-0.00161288
0.0139986
0.00535877
-0.000181468
-0.0044465
-0.00316264
-0.00258437
-0.00212075
-0.00185816
-0.00179419
-0.00127542
-0.000654358
-0.0108443
0

0
0.00754581
0.00907091
0.00625312
-0.00349572
-0.00550296
-0.0054812
-0.000915152
0.00295185
0.00769054
0.0105916
-0.001546
-0.00593682
-0.00330644
-0.00238272
-0.00211036
-0.0018558
-0.00175051
-0.00133709
-0.000901506
-0.0112164
0

0
0.00679825
0.008322
0.00604562
-0.00206823
-0.00456028
-0.00455143
-0.000994018
0.00218408
0.0113036
0.00852947
0.000702161
-0.00613702
-0.0045017
-0.00273159
-0.00213686
-0.00195414
-0.00193736
-0.0015455
-0.00115582
-0.0116462
0

0
0.00569176
0.00734231
0.005628
-0.00107797
-0.00395889
-0.0041805
-0.00144165
0.00630598
0.0101772
0.000701113
0.00203358
-0.00179164
-0.00374604
-0.00299519
-0.0022837
-0.00204792
-0.00204131
-0.00165614
-0.00121405
-0.0119279
0

0
0.00433628
0.00602561
0.00478153
-0.000701309
-0.00377396
-0.00387145
0.000307243
0.00515456
0.00460349
0.00875367
-0.00160942
-0.00217552
-0.00290005
-0.00278923
-0.00229794
-0.00211696
-0.00220011
-0.00172066
-0.00119181
-0.0120593
0

0
0.00206254
0.00332452
0.00198695
-0.00237803
-0.00501755
-0.00505211
-0.00123454
0.00379187
0.00488277
0.00210824
0.00207836
-0.0018661
-0.00274452
-0.00252073
-0.0021611
-0.00204681
-0.00199693
-0.000981494
3.26786e-05
-0.0114551
0

0
0.0019829
0.00291044
0.00334671
-0.000467236
-0.00309765
-0.00258249
0.00120691
0.00249315
0.0036665
0.00139913
0.00128364
0.00115564
-0.00122371
-0.00227673
-0.00217926
-0.00250392
-0.00277793
-0.00221944
-0.00214636
-0.0121394
0

0
0.000522363
0.00096793
0.00187952
-0.000800649
-0.00287315
-0.00188846
0.0022696
-0.000435624
0.000340298
0.00940566
-0.00186318
-0.00165184
-0.00056737
-0.00145544
-0.00201725
-0.00263321
-0.00305372
-0.00240616
-0.00185435
-0.0122676
0

0
-0.00128811
-0.00126735
-0.000655307
-0.00173057
-0.00272521
-0.0012252
0.000940704
-0.00116613
0.00428189
0.000113099
0.00271793
-0.000684059
-0.000399555
-0.00109784
-0.00175313
-0.00270255
-0.00334068
-0.0024242
-0.00150057
-0.0122887
0

0
-0.00306002
-0.00336523
-0.00305212
-0.00269146
-0.00243456
-0.000724855
-0.000100923
-0.00102891
0.00189452
0.000118854
0.00257399
0.000762537
0.000149741
-0.000660889
-0.00147498
-0.00277641
-0.00362937
-0.00242778
-0.0013305
-0.0122238
0

0
-0.00168508
-0.0038473
-0.00603669
-0.00559915
-0.00582044
-0.00471829
-0.0028009
-0.00304228
-0.00072775
-0.000819501
0.00230572
0.0020843
0.00147495
0.00106346
0.00158209
0.00200117
0.0030067
0.00663964
0.00996978
-8.61344e-05
0

0
0
0
0
0
0
0
0
0
0
0
0
0
0
0
0
0
0
0
0
0
0


0
0
0
0
0
0
0
0
0
0
0
0
0
0
0
0
0
0
0
0
0
0

0
0
0
0
0
0
0
0
0
0
0
0
0
0
0
0
0
0
0
0
0
0

0
0
0
0
0
0
0
0
0
0
0
0
0
0
0
0
0
0
0
0
0
0

0
0
0
0
0
0
0
0
0
0
0
0
0
0
0
0
0
0
0
0
0
0

0
0
0
0
0
0
0
0
0
0
0
0
0
0
0
0
0
0
0
0
0
0

0
0
0
0
0
0
0
0
0
0
0
0
0
0
0
0
0
0
0
0
0
0

0
0
0
0
0
0
0
0
0
0
0
0
0
0
0
0
0
0
0
0
0
0

0
0
0
0
0
0
0
0
0
0
0
0
0
0
0
0
0
0
0
0
0
0

0
0
0
0
0
0
0
0
0
0
0
0
0
0
0
0
0
0
0
0
0
0

0
0
0
0
0
0
0
0
0
0
0
0
0
0
0
0
0
0
0
0
0
0

0
0
0
0
0
0
0
0
0
0
0
0
0
0
0
0
0
0
0
0
0
0

0
0
0
0
0
0
0
0
0
0
0
0
0
0
0
0
0
0
0
0
0
0

0
0
0
0
0
0
0
0
0
0
0
0
0
0
0
0
0
0
0
0
0
0

0
0
0
0
0
0
0
0
0
0
0
0
0
0
0
0
0
0
0
0
0
0

0
0
0
0
0
0
0
0
0
0
0
0
0
0
0
0
0
0
0
0
0
0

0
0
0
0
0
0
0
0
0
0
0
0
0
0
0
0
0
0
0
0
0
0

0
0
0
0
0
0
0
0
0
0
0
0
0
0
0
0
0
0
0
0
0
0


