0
0
0
0
0
0
0
0
0
0
0
0
0
0
0
0
0
0
0
0
0
0

0
0
0
0
0
0
0
0
0
0
0
0
0
0
0
0
0
0
0
0
0
0

0
0
0
0
0
0
0
0
0
0
0
0
0
0
0
0
0
0
0
0
0
0

0
0
0
0
0
0
0
0
0
0
0
0
0
0
0
0
0
0
0
0
0
0

0
0
0
0
0
0
0
0
0
0
0
0
0
0
0
0
0
0
0
0
0
0

0
0
0
0
0
0
0
0
0
0
0
0
0
0
0
0
0
0
0
0
0
0

0
0
0
0
0
0
0
0
0
0
0
0
0
0
0
0
0
0
0
0
0
0

0
0
0
0
0
0
0
0
0
0
0
0
0
0
0
0
0
0
0
0
0
0

0
0
0
0
0
0
0
0
0
0
0
0
0
0
0
0
0
0
0
0
0
0

0
0
0
0
0
0
0
0
0
0
0
0
0
0
0
0
0
0
0
0
0
0

0
0
0
0
0
0
0
0
0
0
0
0
0
0
0
0
0
0
0
0
0
0

0
0
0
0
0
0
0
0
0
0
0
0
0
0
0
0
0
0
0
0
0
0

0
0
0
0
0
0
0
0
0
0
0
0
0
0
0
0
0
0
0
0
0
0

0
0
0
0
0
0
0
0
0
0
0
0
0
0
0
0
0
0
0
0
0
0

0
0
0
0
0
0
0
0
0
0
0
0
0
0
0
0
0
0
0
0
0
0

0
0
0
0
0
0
0
0
0
0
0
0
0
0
0
0
0
0
0
0
0
0

0
0
0
0
0
0
0
0
0
0
0
0
0
0
0
0
0
0
0
0
0
0


0
0
0
0
0
0
0
0
0
0
0
0
0
0
0
0
0
0
0
0
0
0

0
5.72961e-14
-6.81397e-12
2.39522e-10
-6.56222e-09
1.15538e-07
2.10355e-08
1.67578e-09
1.32469e-10
1.10982e-11
3.59876e-13
1.13683e-14
4.21229e-16
2.58134e-17
1.45526e-18
8.84629e-20
6.67117e-21
1.55021e-22
3.297e-24
-1.49818e-27
7.81382e-29
0

0
9.20591e-15
5.34524e-14
1.0282e-10
-4.48851e-09
1.22264e-07
1.59458e-08
7.90261e-10
6.39381e-11
2.36616e-12
3.43582e-14
1.34199e-15
-1.96029e-18
1.79345e-18
1.00552e-19
4.16576e-21
-4.29785e-23
3.55575e-24
4.79311e-26
-2.00949e-28
-1.08192e-31
0

0
2.28216e-15
-7.08258e-13
2.42322e-11
-1.23477e-09
4.72379e-08
2.83222e-09
1.37134e-10
7.53837e-12
7.28769e-14
1.00573e-15
2.59046e-17
6.75952e-18
7.64098e-20
-6.75872e-22
-1.61517e-22
1.0836e-24
-5.8432e-27
-2.56424e-27
2.56976e-30
-5.43497e-32
0

0
1.05286e-16
-5.94253e-14
6.18922e-13
-4.04665e-11
2.44367e-09
7.08896e-11
-2.02911e-12
-1.69096e-13
-1.26166e-14
-1.30559e-16
-3.75443e-18
-4.71093e-19
-7.36928e-21
-2.0197e-22
-3.49611e-24
-4.73484e-25
-1.74743e-26
-2.7284e-29
4.68009e-31
1.48292e-33
0

0
-1.32123e-17
2.8442e-15
-1.24449e-13
7.59054e-12
-2.90803e-10
-1.87707e-11
-6.12963e-13
-1.47456e-14
2.85169e-16
3.01054e-18
1.04651e-19
2.11008e-20
4.54245e-22
1.32465e-23
5.58943e-25
1.53802e-26
2.74207e-28
7.17551e-31
-1.34174e-32
-2.6933e-35
0

0
6.12741e-19
-1.05856e-16
6.83725e-15
-4.21319e-13
1.47917e-11
1.17753e-12
5.27872e-14
1.69675e-15
1.96709e-17
2.13156e-19
2.95397e-21
-4.89879e-22
-1.17213e-23
-4.62613e-25
-3.17183e-26
-4.45636e-28
-5.29977e-30
-5.25556e-33
1.83311e-34
1.53104e-37
0

0
-1.71109e-20
2.87899e-18
-2.22948e-16
1.40802e-14
-4.77574e-13
-4.53922e-14
-2.51135e-15
-9.14769e-17
-2.07991e-18
-2.32581e-20
-4.40154e-22
-6.16326e-25
8.50474e-26
7.06974e-27
8.58381e-28
1.25865e-29
6.7379e-32
-3.53392e-34
1.96222e-36
4.83707e-39
0

0
1.92201e-22
-3.91042e-20
3.62229e-18
-2.4915e-16
7.92292e-15
1.10569e-15
8.1398e-17
1.38514e-18
1.1296e-19
1.23354e-21
2.45716e-23
6.10597e-25
1.35884e-26
4.00501e-28
-7.27893e-30
-2.05054e-31
3.64218e-33
2.72049e-35
-2.84063e-37
1.2059e-40
0

0
1.03002e-23
-1.25483e-21
8.32951e-20
-3.77626e-18
9.65543e-17
-5.107e-18
-1.49039e-18
-4.4898e-20
-3.69613e-21
-4.37028e-23
-9.10751e-25
-3.20687e-26
-9.7521e-28
-4.8036e-29
-5.62134e-31
-5.48486e-33
-2.53935e-34
-1.19388e-36
1.48728e-38
-2.6477e-41
0

0
-8.53124e-25
1.24215e-22
-9.77061e-21
5.24804e-19
-1.00513e-17
-1.06374e-18
-1.22661e-20
7.57066e-22
7.45918e-23
9.70727e-25
2.3141e-26
1.06815e-27
3.49067e-29
2.93388e-30
5.13093e-32
5.68357e-34
1.22447e-35
3.92625e-38
-5.73634e-40
1.52574e-42
0

0
3.96155e-26
-6.09984e-24
4.96393e-22
-2.64646e-20
4.83785e-19
6.47481e-20
2.19307e-21
6.66791e-24
-3.30306e-25
-3.1815e-27
-2.66861e-28
-2.40456e-29
-7.89721e-31
-1.19966e-31
-2.13914e-33
-2.63611e-35
7.08546e-37
-1.27145e-39
1.39301e-41
-3.71691e-44
0

0
-1.45339e-27
2.31813e-25
-1.90862e-23
9.85399e-22
-1.51442e-20
-2.55267e-21
-1.08359e-22
-1.16597e-24
-4.77466e-26
-8.90597e-28
-9.42991e-30
2.46675e-31
1.87221e-32
3.29786e-33
6.08877e-35
1.10003e-36
1.15467e-37
7.94784e-41
-6.48883e-43
1.85003e-45
0

0
4.58434e-29
-7.49101e-27
6.19278e-25
-3.08009e-23
3.72735e-22
8.14156e-23
3.91397e-24
6.27993e-26
2.62881e-27
5.23752e-29
7.81065e-31
7.67807e-33
-4.03087e-34
-5.55687e-35
1.57515e-37
-3.96905e-38
1.02639e-38
5.17115e-42
-2.57718e-44
7.42307e-47
0

0
-1.28072e-30
2.13981e-28
-1.77805e-26
8.49477e-25
-7.82061e-24
-2.25531e-24
-1.19293e-25
-2.33136e-27
-9.48244e-29
-2.01298e-30
-3.29791e-32
-5.77805e-34
4.51874e-36
1.172e-38
6.8402e-38
1.76452e-39
1.42403e-39
2.427e-42
-6.63023e-45
1.37897e-47
0

0
3.18732e-32
-5.45638e-30
4.57396e-28
-2.11083e-26
1.41499e-25
5.57461e-26
3.19913e-27
7.0898e-29
2.77511e-30
6.18652e-32
1.07196e-33
2.26995e-35
1.30289e-37
-1.59345e-39
-2.20042e-39
-8.39147e-41
2.24243e-40
-8.10912e-44
4.31583e-46
-1.10435e-48
0

0
0
0
0
0
0
0
0
0
0
0
0
0
0
0
0
0
0
0
0
0
0


0
0
0
0
0
0
0
0
0
0
0
0
0
0
0
0
0
0
0
0
0
0

0
6.87424e-13
-1.20199e-10
4.21929e-09
-1.14016e-07
2.05549e-06
3.08074e-07
3.01116e-08
2.72028e-09
1.8637e-10
5.45486e-12
2.49334e-13
9.39577e-15
5.33457e-16
3.59467e-17
1.74546e-18
6.19434e-20
3.57478e-21
6.73869e-23
3.66771e-26
1.92265e-27
0

0
1.7255e-13
-1.45051e-11
2.12056e-09
-8.07809e-08
2.48758e-06
2.71335e-07
1.63624e-08
1.08782e-09
5.14769e-11
9.34271e-13
3.10745e-14
7.18801e-16
4.57657e-17
1.986e-18
7.97607e-20
-4.2151e-21
8.07015e-23
1.04896e-24
-3.53243e-27
-6.91006e-30
0

0
3.72248e-15
-1.6044e-11
5.35182e-10
-2.51567e-08
8.91794e-07
6.52142e-08
3.00108e-09
1.18352e-10
2.09301e-12
2.43887e-14
4.59512e-16
1.53075e-16
1.5831e-18
-3.9809e-20
-3.21797e-21
2.04539e-22
-2.49251e-24
-5.45174e-26
-4.17407e-31
-1.44509e-30
0

0
1.63007e-15
-2.17276e-12
2.05125e-11
-1.12807e-09
4.28299e-08
1.28271e-09
-3.93903e-11
-6.96723e-12
-2.75864e-13
-3.36551e-15
-9.32285e-17
-4.60739e-18
-1.22238e-19
-3.09084e-21
-2.23203e-23
-1.13308e-23
-3.35743e-25
-6.05156e-28
9.76963e-30
4.9422e-32
0

0
-2.58658e-16
5.02453e-14
-2.91657e-12
1.90954e-10
-7.9842e-09
-4.92841e-10
-1.54998e-11
-2.03035e-13
4.99331e-15
7.87081e-17
2.87715e-18
1.64442e-19
8.39388e-21
2.84042e-22
9.99703e-24
3.14811e-25
7.98093e-27
2.07265e-29
-2.46409e-31
-9.45265e-34
0

0
1.37919e-17
-2.05883e-15
1.63068e-13
-1.07926e-11
4.79202e-10
3.36676e-11
1.36339e-12
4.1614e-14
6.03211e-16
5.5831e-18
6.59169e-20
-1.50158e-21
-2.76046e-22
-1.24226e-23
-7.86132e-25
-1.09881e-26
-2.06334e-28
-2.03995e-31
1.92745e-33
4.04392e-36
0

0
-4.33247e-19
6.31527e-17
-5.7019e-15
3.77601e-13
-1.90107e-11
-1.42901e-12
-6.66242e-14
-3.28192e-15
-5.82357e-17
-6.33826e-19
-1.15541e-20
-2.73031e-22
2.89522e-24
3.14248e-25
3.39763e-26
3.53915e-28
4.09443e-30
-2.4427e-33
6.90762e-35
3.62781e-37
0

0
6.04177e-21
-9.82934e-19
1.07801e-16
-7.65141e-15
4.79836e-13
4.09634e-14
2.23892e-15
1.66321e-16
3.08716e-18
3.46907e-20
6.85044e-22
2.16577e-23
3.37163e-25
4.1451e-27
-9.93872e-28
-7.41068e-30
2.34743e-32
5.86456e-34
-4.40054e-36
-1.06086e-38
0

0
2.35878e-22
-2.79054e-20
1.41462e-18
-4.30986e-17
-3.06008e-15
-5.11414e-16
-4.65979e-17
-3.0946e-18
-1.06571e-19
-1.28901e-21
-2.69109e-23
-1.00034e-24
-3.15635e-26
-1.21352e-27
8.31194e-30
-1.11238e-31
-8.49978e-33
-3.68537e-35
2.08821e-37
-7.04424e-41
0

0
-2.28438e-23
3.1313e-21
-2.34082e-19
1.22008e-17
-2.99236e-16
-2.16671e-17
-4.27518e-20
4.63409e-20
2.31056e-21
3.15401e-23
7.39718e-25
3.37756e-26
1.62393e-27
1.0222e-28
1.33838e-30
1.6045e-32
5.74435e-34
1.7898e-36
-9.84418e-39
2.03793e-41
0

0
1.1367e-24
-1.63789e-22
1.28611e-20
-6.82485e-19
1.50569e-17
1.67525e-18
5.4435e-20
-2.43739e-23
-1.65166e-23
-2.48472e-25
-1.1216e-26
-8.24847e-28
-4.40716e-29
-5.53791e-30
-1.17198e-31
-6.78537e-34
8.82359e-36
-8.01111e-38
3.53705e-40
-9.36075e-43
0

0
-4.39727e-26
6.57843e-24
-5.21713e-22
2.70401e-20
-5.37558e-19
-7.26546e-20
-3.01862e-21
-3.42848e-23
-1.25063e-24
-2.21306e-26
-1.81301e-28
1.07805e-29
-1.66715e-31
1.9732e-31
6.62669e-33
3.01136e-35
1.85055e-36
5.26916e-39
-1.39306e-41
3.28446e-44
0

0
1.45541e-27
-2.25075e-25
1.78053e-23
-8.90034e-22
1.469e-20
2.47415e-21
1.16592e-22
1.80163e-24
7.8891e-26
1.52363e-27
2.18399e-29
1.54081e-31
8.68086e-34
-5.77058e-33
-2.86008e-34
-1.92327e-36
6.52371e-38
-1.52445e-40
3.28127e-43
-7.15431e-46
0

0
-4.26048e-29
6.7273e-27
-5.32574e-25
2.57777e-23
-3.56899e-22
-7.25125e-23
-3.73656e-24
-7.27357e-26
-3.04479e-27
-6.32121e-29
-1.03374e-30
-1.69054e-32
-6.08729e-35
1.15546e-34
6.74291e-36
1.65107e-38
6.51081e-39
4.08132e-41
-3.52162e-44
3.4203e-47
0

0
1.11255e-30
-1.79467e-28
1.43047e-26
-6.73168e-25
7.98224e-24
1.89649e-24
1.0521e-25
2.34218e-27
9.4317e-29
2.07168e-30
3.62931e-32
7.38251e-34
6.42065e-36
-6.23065e-37
-1.79905e-37
-3.1811e-40
5.52918e-40
2.64168e-42
-2.19486e-45
1.80202e-48
0

0
0
0
0
0
0
0
0
0
0
0
0
0
0
0
0
0
0
0
0
0
0


0
0
0
0
0
0
0
0
0
0
0
0
0
0
0
0
0
0
0
0
0
0

0
1.74957e-11
-1.5446e-09
5.27177e-08
-1.36481e-06
2.57579e-05
3.22136e-06
3.76281e-07
3.59722e-08
2.28856e-09
9.14883e-11
3.96095e-12
1.58952e-13
8.9463e-15
4.72451e-16
2.20886e-17
6.22625e-19
4.22415e-20
7.76552e-22
1.85042e-24
3.40538e-26
0

0
4.50082e-12
-5.5252e-10
3.05534e-08
-1.02657e-06
3.42447e-05
3.70779e-06
2.39093e-07
1.42004e-08
6.64104e-10
1.53359e-11
5.17827e-13
1.90856e-14
7.17629e-16
2.82537e-17
7.92648e-19
-1.83845e-20
2.27657e-22
1.31537e-23
-3.88156e-26
-1.76138e-28
0

0
6.53029e-13
-2.21171e-10
7.91283e-09
-3.82139e-07
1.39497e-05
1.20357e-06
5.01842e-08
1.80758e-09
4.36652e-11
4.38596e-13
6.37904e-15
2.72388e-16
-7.01596e-18
-9.95357e-19
-5.56445e-20
-5.52327e-22
-7.57671e-23
-8.51402e-25
-1.14786e-27
-2.7243e-29
0

0
1.56497e-14
-1.84632e-11
3.27397e-10
-2.25011e-08
1.03252e-06
2.50292e-08
-4.52922e-10
-8.10965e-11
-3.94818e-12
-6.21093e-14
-1.66836e-15
-4.39496e-17
-1.44588e-18
-3.21356e-20
4.31051e-22
-2.08549e-22
-2.96325e-24
2.08043e-27
1.2849e-28
1.10338e-30
0

0
-3.9777e-15
6.1147e-13
-5.28465e-11
3.52258e-09
-1.64056e-07
-9.69179e-09
-2.85826e-10
-4.47555e-12
3.92431e-14
1.4696e-15
5.69628e-17
1.81079e-18
9.5083e-20
4.17716e-21
1.16258e-22
-2.88065e-25
7.63728e-26
4.50286e-28
-3.48694e-30
-2.13115e-32
0

0
2.39948e-16
-3.02272e-14
2.91024e-12
-2.0143e-10
9.50656e-09
6.66082e-10
2.52433e-11
7.233e-13
1.20318e-14
1.05596e-16
1.00316e-18
-4.5529e-23
-3.49726e-21
-2.0926e-22
-9.23239e-24
-9.29493e-26
-3.03021e-27
-1.76607e-29
3.55232e-32
2.18758e-35
0

0
-8.39291e-18
1.05398e-15
-1.05416e-13
7.31236e-12
-3.69257e-10
-2.822e-11
-1.26007e-12
-4.87802e-14
-1.0576e-15
-1.23165e-17
-2.14784e-19
-5.15753e-21
2.16506e-23
5.69694e-24
5.34573e-25
5.28179e-27
8.75292e-29
2.3228e-31
1.14162e-33
1.3204e-35
0

0
1.45744e-19
-1.9594e-17
2.2535e-15
-1.63963e-13
9.76353e-12
8.24025e-13
4.35142e-14
2.29724e-15
5.40238e-17
6.94527e-19
1.35303e-20
3.97203e-22
6.5116e-24
3.27567e-26
-1.72974e-26
-1.61822e-28
-6.44602e-31
6.02061e-33
-7.71613e-35
-4.61231e-37
0

0
3.42761e-21
-3.915e-19
1.30566e-17
5.09891e-17
-9.31874e-14
-1.26474e-14
-9.77826e-16
-6.99918e-17
-1.93083e-18
-2.68157e-20
-5.63408e-22
-1.90449e-23
-5.65667e-25
-1.65944e-26
2.25973e-28
-5.82717e-31
-1.09186e-31
-7.196e-34
3.26168e-36
5.89594e-39
0

0
-4.30992e-22
5.58089e-20
-4.03052e-18
2.08384e-16
-5.3548e-15
-2.96453e-16
3.44073e-18
1.15459e-18
4.48379e-20
7.05781e-22
1.67104e-23
6.74435e-25
3.07739e-26
1.37978e-27
2.00919e-29
3.49502e-31
9.26208e-33
4.62441e-35
-1.23863e-37
1.87683e-40
0

0
2.32815e-23
-3.15033e-21
2.41046e-19
-1.26985e-17
2.82638e-16
3.09299e-17
9.62037e-19
-1.67347e-21
-3.74963e-22
-7.93817e-24
-2.9863e-25
-1.76175e-26
-1.11113e-27
-7.96002e-29
-2.03294e-30
-1.90658e-32
-7.8642e-34
-3.18067e-36
5.69828e-39
-1.60551e-41
0

0
-9.53506e-25
1.33208e-22
-1.03152e-20
5.33448e-19
-1.12823e-17
-1.44375e-18
-5.95786e-20
-8.69152e-22
-2.48033e-23
-3.83747e-25
-2.075e-27
2.72149e-28
1.50812e-29
3.25793e-30
1.17509e-31
6.65414e-34
3.80711e-35
2.60337e-37
-2.75101e-40
6.73045e-43
0

0
3.30942e-26
-4.74731e-24
3.67144e-22
-1.84706e-20
3.58584e-19
5.23351e-20
2.45549e-21
4.72034e-23
1.70106e-24
3.14452e-26
4.50774e-28
2.13066e-30
-2.71246e-31
-9.89318e-32
-5.41015e-33
-1.6884e-35
-1.43127e-36
-1.85698e-38
1.14946e-41
-2.06398e-44
0

0
-1.01324e-27
1.4944e-25
-1.14594e-23
5.60605e-22
-9.72321e-21
-1.62195e-21
-8.29595e-23
-1.80845e-24
-6.94789e-26
-1.41011e-27
-2.35867e-29
-3.60177e-31
3.7807e-33
2.07461e-33
1.93837e-34
9.52267e-38
3.6728e-38
8.61937e-40
-3.11952e-43
4.56435e-46
0

0
2.77407e-29
-4.22457e-27
3.21483e-25
-1.5333e-23
2.38534e-22
4.47713e-23
2.45178e-24
5.90514e-26
2.27291e-27
4.92137e-29
8.88408e-31
1.72961e-32
8.39824e-35
-2.11882e-35
-6.51696e-36
2.11681e-39
-9.70246e-40
-2.8122e-41
5.57173e-45
-6.51417e-48
0

0
0
0
0
0
0
0
0
0
0
0
0
0
0
0
0
0
0
0
0
0
0


0
0
0
0
0
0
0
0
0
0
0
0
0
0
0
0
0
0
0
0
0
0

0
1.97189e-10
-1.30408e-08
4.15113e-07
-1.01692e-05
0.000203562
2.34061e-05
3.00734e-06
2.91394e-07
1.99502e-08
8.41525e-10
3.90122e-11
1.7113e-12
8.54445e-14
4.34351e-15
1.84444e-16
5.46646e-18
3.1936e-19
6.5699e-21
2.68847e-23
3.96924e-25
0

0
6.99739e-11
-6.88094e-09
2.77104e-07
-8.63953e-06
0.000307585
3.33262e-05
2.22936e-06
1.31102e-07
5.85217e-09
1.61859e-10
5.46926e-12
1.90885e-13
6.92699e-15
2.51986e-16
6.65711e-18
1.19332e-19
6.90027e-21
1.10489e-22
-2.66643e-25
-2.37861e-27
0

0
9.95527e-12
-1.58495e-09
7.80001e-08
-3.74242e-06
0.000168878
1.36549e-05
5.32282e-07
1.73727e-08
4.19028e-10
4.82832e-12
5.54522e-14
9.23338e-16
-1.39186e-16
-1.11154e-17
-5.33282e-19
-2.20847e-20
-7.55111e-22
-8.76296e-24
-2.33425e-26
-3.39136e-28
0

0
8.87313e-14
-7.39919e-11
3.51913e-09
-2.87035e-07
1.44565e-05
5.3507e-07
-3.72438e-11
-7.01173e-10
-3.45047e-11
-7.05179e-13
-1.86244e-14
-5.1363e-16
-1.35135e-17
-2.17793e-19
6.91097e-21
7.65069e-22
2.30103e-23
1.46819e-25
1.1948e-27
1.50666e-29
0

0
-4.61682e-14
7.21232e-12
-6.05496e-10
4.17172e-08
-2.26521e-06
-1.27172e-07
-3.47718e-09
-5.80489e-11
-2.94409e-15
1.68748e-14
6.99773e-16
2.24151e-17
1.06196e-18
4.06313e-20
9.71651e-22
3.70096e-24
7.69197e-26
2.69113e-27
-2.55722e-29
-2.99052e-31
0

0
2.99545e-15
-3.65673e-13
3.51546e-11
-2.40355e-09
1.27949e-07
8.50877e-09
3.01125e-10
8.18499e-12
1.44429e-13
1.27169e-15
9.42023e-18
-1.36064e-19
-3.89071e-20
-2.22848e-21
-8.9823e-23
-8.46823e-25
-2.67397e-26
-2.35074e-28
-8.51434e-33
-4.66417e-34
0

0
-1.12876e-16
1.31483e-14
-1.30054e-12
8.85846e-11
-4.55867e-09
-3.57533e-10
-1.52752e-11
-5.30236e-13
-1.21156e-14
-1.51254e-16
-2.5388e-18
-5.14912e-20
3.05851e-22
6.79272e-23
4.65433e-24
5.45065e-26
1.18298e-27
7.12967e-30
2.19705e-32
2.55247e-34
0

0
2.35374e-18
-2.81566e-16
3.00318e-14
-2.0687e-12
1.13913e-10
1.05824e-11
5.44177e-13
2.38533e-14
6.16991e-16
8.78558e-18
1.69476e-19
4.3752e-21
6.83439e-23
-7.40649e-26
-1.79841e-25
-2.10334e-27
-2.73305e-29
-5.77248e-32
-9.8031e-34
-9.79845e-36
0

0
2.38874e-20
-2.60334e-18
1.19465e-17
5.88834e-15
-1.10948e-12
-1.81141e-13
-1.30482e-14
-7.66872e-16
-2.24368e-17
-3.52843e-19
-7.44942e-21
-2.24369e-22
-6.0456e-24
-1.51243e-25
3.1617e-27
1.87579e-29
-4.3463e-31
-8.23092e-33
3.0176e-35
1.92576e-37
0

0
-5.10466e-21
6.24849e-19
-4.47936e-17
2.4098e-15
-7.05347e-14
-2.55425e-15
8.99305e-17
1.48657e-17
5.55142e-19
9.91879e-21
2.3642e-22
8.45105e-24
3.27475e-25
1.28984e-26
1.59277e-28
3.52648e-30
1.22518e-31
8.88755e-34
-9.47693e-37
1.66162e-40
0

0
3.04085e-22
-3.86192e-20
2.92121e-18
-1.57545e-16
4.47233e-15
3.72115e-16
1.08299e-17
-1.57032e-20
-5.45422e-21
-1.40163e-22
-4.82273e-24
-2.36579e-25
-1.26893e-26
-7.51957e-28
-2.09759e-29
-2.5224e-31
-1.21646e-32
-7.5267e-35
3.61245e-38
-1.83518e-40
0

0
-1.3236e-23
1.72861e-21
-1.31719e-19
6.9219e-18
-1.71163e-16
-1.88038e-17
-7.56235e-19
-1.33328e-20
-3.05648e-22
-4.0545e-24
-1.15338e-27
4.16554e-27
3.16204e-28
3.41077e-29
1.35497e-30
9.09334e-33
8.95461e-34
7.00723e-36
-1.54053e-39
8.7997e-42
0

0
4.82661e-25
-6.44599e-23
4.89936e-21
-2.50123e-19
5.73634e-18
7.17635e-19
3.31549e-20
7.49048e-22
2.30987e-23
4.12378e-25
5.73615e-27
1.3803e-29
-5.87475e-30
-1.21248e-30
-6.51489e-32
-1.54258e-34
-4.8104e-35
-5.62446e-37
1.94578e-41
-2.60293e-43
0

0
-1.54544e-26
2.10485e-24
-1.59337e-22
7.92263e-21
-1.67643e-19
-2.33631e-20
-1.17914e-21
-2.93338e-23
-1.00305e-24
-2.00148e-26
-3.37148e-28
-4.90887e-30
7.27769e-32
3.2708e-32
2.6222e-33
-1.69191e-36
2.03798e-36
3.22353e-38
2.61247e-42
4.68325e-45
0

0
4.42529e-28
-6.15502e-26
4.6517e-24
-2.26398e-22
4.39861e-21
6.77573e-22
3.65736e-23
9.63498e-25
3.46537e-26
7.4338e-28
1.36588e-29
2.59299e-31
1.28782e-33
-6.04812e-34
-9.23143e-35
1.80628e-37
-7.26013e-38
-1.30654e-39
-1.18826e-43
-2.74726e-47
0

0
0
0
0
0
0
0
0
0
0
0
0
0
0
0
0
0
0
0
0
0
0


0
0
0
0
0
1
0
0
0
0
0
0
0
0
0
0
0
0
0
0
0
0

0
9.48157e-10
-5.22079e-08
1.52024e-06
-3.52381e-05
0.0008051
9.12985e-05
1.15261e-05
1.13973e-06
8.04707e-08
3.81986e-09
1.82303e-10
8.258e-12
3.93269e-13
1.85826e-14
7.42177e-16
2.32651e-17
1.1454e-18
2.45401e-20
1.57717e-22
2.23964e-24
0

0
3.91017e-10
-3.19568e-08
1.2128e-06
-3.77296e-05
0.00121668
0.000143794
9.87139e-06
5.78506e-07
2.60179e-08
7.97273e-10
2.73331e-11
9.38934e-13
3.24259e-14
1.09802e-15
2.77988e-17
6.10793e-19
2.40051e-20
3.72889e-22
-6.85704e-25
-1.46718e-26
0

0
5.71273e-11
-7.14629e-09
3.75185e-07
-1.86128e-05
0.00130533
7.98012e-05
2.75218e-06
8.37872e-08
1.94653e-09
2.48544e-11
2.25655e-13
-2.87013e-15
-8.86177e-16
-5.60896e-17
-2.41143e-18
-7.84089e-20
-2.80289e-21
-3.91569e-23
-1.70887e-25
-2.0592e-27
0

0
2.91096e-13
-2.62708e-10
1.98604e-08
-1.85964e-06
0.000194386
5.6621e-06
3.18969e-08
-2.9814e-09
-1.55279e-10
-3.72631e-12
-9.80445e-14
-2.62568e-15
-5.94031e-17
-6.73523e-19
4.17501e-20
3.6161e-21
9.4538e-23
8.93775e-25
7.33045e-27
9.52683e-29
0

0
-2.71941e-13
4.05812e-11
-3.34819e-09
2.34077e-07
-1.45131e-05
-8.16527e-07
-2.0578e-08
-3.38117e-10
-1.20135e-12
8.98718e-14
4.00546e-15
1.35934e-16
5.53224e-18
1.88576e-19
3.9118e-21
-2.17774e-23
-1.47849e-25
9.84701e-27
-1.23464e-28
-1.89065e-30
0

0
1.86908e-14
-2.24465e-12
2.00578e-10
-1.31891e-08
7.28806e-07
5.09269e-08
1.72075e-09
4.41884e-11
7.88552e-13
7.2963e-15
4.05588e-17
-1.65634e-18
-2.16439e-19
-1.12361e-20
-4.02016e-22
-4.42387e-24
-1.43308e-25
-1.58162e-27
-2.05599e-30
-1.07014e-32
0

0
-7.49785e-16
8.38827e-14
-7.68096e-12
4.85002e-10
-2.4383e-08
-2.114e-09
-8.81844e-11
-2.85063e-12
-6.52331e-14
-8.79741e-16
-1.42878e-17
-2.43633e-19
2.25265e-21
3.71943e-22
2.19311e-23
3.22975e-25
8.72538e-27
7.03591e-29
2.13311e-31
2.24672e-33
0

0
1.80142e-17
-2.00126e-15
1.87458e-13
-1.12347e-11
5.22584e-10
6.26739e-11
3.23031e-12
1.28081e-13
3.38306e-15
5.26719e-17
1.00946e-18
2.33366e-20
3.43159e-22
-2.24613e-24
-8.27427e-25
-1.42652e-26
-3.34587e-28
-1.76697e-30
-7.77881e-33
-9.06547e-35
0

0
7.84079e-21
-1.02195e-18
-5.66656e-16
1.80396e-14
-1.43696e-12
-1.10461e-12
-8.16724e-14
-4.1972e-15
-1.26769e-16
-2.20213e-18
-4.67472e-20
-1.27739e-21
-3.20363e-23
-6.80649e-25
1.63506e-26
3.10322e-28
6.98285e-30
-9.43186e-33
1.58331e-34
2.0778e-36
0

0
-2.82798e-20
3.30253e-18
-2.4453e-16
1.46631e-14
-5.63015e-13
-1.29495e-14
7.65215e-16
8.76125e-17
3.31592e-18
6.58247e-20
1.5808e-21
5.11459e-23
1.77115e-24
6.12533e-26
6.68736e-28
1.18188e-29
3.59013e-31
5.21801e-33
2.61583e-37
-1.38659e-38
0

0
1.89336e-21
-2.26945e-19
1.72239e-17
-9.73926e-16
3.47314e-14
2.21679e-15
5.88137e-17
-1.02636e-19
-3.83195e-20
-1.10289e-21
-3.60213e-23
-1.53419e-24
-7.20656e-26
-3.61355e-27
-1.02466e-28
-1.50353e-30
-6.93744e-32
-5.59236e-34
-2.42996e-37
-1.24762e-39
0

0
-8.78936e-23
1.07823e-20
-8.14532e-19
4.40607e-17
-1.35024e-15
-1.19591e-16
-4.60904e-18
-9.11834e-20
-1.73893e-21
-1.86395e-23
1.78473e-25
3.02891e-26
2.14996e-27
1.70072e-28
7.48438e-30
8.00941e-32
6.70121e-33
5.48357e-35
2.34038e-38
7.1923e-41
0

0
3.37153e-24
-4.21572e-22
3.15721e-20
-1.64551e-18
4.49559e-17
4.76914e-18
2.14881e-19
5.39888e-21
1.47621e-22
2.55592e-24
3.38744e-26
-2.5314e-29
-4.61267e-29
-6.57131e-30
-3.99715e-31
-2.62147e-33
-4.66307e-34
-4.88364e-36
-2.86408e-39
-2.0286e-42
0

0
-1.13009e-25
1.43619e-23
-1.06822e-21
5.40328e-20
-1.35671e-18
-1.61893e-19
-8.024e-21
-2.21149e-22
-6.84486e-24
-1.34905e-25
-2.2742e-27
-3.14723e-29
5.78492e-31
2.02667e-31
1.7393e-32
5.76013e-35
2.53628e-35
3.30639e-37
2.76468e-40
9.80964e-45
0

0
3.38812e-27
-4.37995e-25
3.24892e-23
-1.60681e-21
3.73826e-20
4.90999e-21
2.61095e-22
7.56253e-24
2.50679e-25
5.33894e-27
9.93443e-29
1.85045e-30
1.03914e-32
-4.52456e-33
-6.48171e-34
-1.13175e-36
-1.15462e-36
-1.63217e-38
-1.4976e-41
2.03149e-45
0

0
0
0
0
0
0
0
0
0
0
0
0
0
0
0
0
0
0
0
0
0
0


0
0
0
0
0
0
0
0
0
0
0
0
0
0
0
0
0
0
0
0
0
0

0
-5.12288e-11
2.72671e-09
-8.97165e-08
2.41312e-06
-6.46401e-05
-7.97105e-06
-7.75223e-07
-7.21443e-08
-5.10772e-09
-2.42483e-10
-1.12075e-11
-4.94724e-13
-2.33729e-14
-1.13297e-15
-4.75868e-17
-1.60748e-18
-7.95589e-20
-1.92732e-21
-1.70853e-23
-2.22676e-25
0

0
-2.50636e-11
1.88654e-09
-7.91496e-08
2.6016e-06
-6.84728e-05
-9.76935e-06
-6.9884e-07
-4.06138e-08
-1.83044e-09
-5.68407e-11
-1.87407e-12
-6.18446e-14
-2.12443e-15
-7.36592e-17
-2.01939e-18
-4.54759e-20
-1.67889e-21
-2.92941e-23
-2.67421e-26
5.7963e-28
0

0
-3.75923e-12
4.12839e-10
-2.34948e-08
1.14893e-06
-4.97722e-05
-4.31198e-06
-1.78174e-07
-5.79614e-09
-1.42074e-10
-2.10198e-12
-2.51146e-14
3.62885e-17
4.78146e-17
3.26344e-18
1.50155e-19
5.08163e-21
1.9323e-22
3.20028e-24
2.02647e-26
2.13314e-28
0

0
-8.16862e-15
1.1224e-11
-1.05664e-09
9.78405e-08
-7.8925e-06
-2.82763e-07
-1.64823e-09
1.92717e-10
1.02331e-11
2.61103e-13
6.76083e-15
1.75689e-16
4.1371e-18
6.28434e-20
-1.8034e-21
-1.80918e-22
-6.11574e-24
-7.7724e-26
-6.98996e-28
-8.25586e-30
0

0
1.63176e-14
-2.3016e-12
1.90003e-10
-1.24502e-08
5.71343e-07
4.26992e-08
1.21873e-09
2.14922e-11
1.126e-13
-5.17299e-15
-2.46516e-16
-8.57021e-18
-3.38336e-19
-1.17896e-20
-2.73669e-22
-2.97359e-25
-4.31834e-27
-7.2917e-28
6.01171e-30
1.16028e-31
0

0
-1.09541e-15
1.32067e-13
-1.12357e-11
6.80782e-10
-2.67704e-08
-2.60352e-09
-9.78894e-11
-2.61081e-12
-4.91031e-14
-5.18939e-16
-3.63882e-18
8.49751e-20
1.16592e-20
6.30091e-22
2.39215e-23
3.61828e-25
1.08477e-26
1.40966e-28
5.04857e-31
3.19539e-33
0

0
4.17815e-17
-4.76578e-15
4.11344e-13
-2.36498e-11
8.57409e-10
1.04185e-10
4.76022e-12
1.56842e-13
3.7209e-15
5.47986e-17
8.88949e-19
1.46899e-20
-5.25371e-23
-1.82952e-23
-1.17072e-24
-2.307e-26
-6.83316e-28
-6.79058e-30
-3.01954e-32
-2.52937e-34
0

0
-9.0936e-19
1.02027e-16
-8.90606e-15
4.66667e-13
-1.41694e-11
-2.84162e-12
-1.61962e-13
-6.48757e-15
-1.78175e-16
-3.00378e-18
-5.72952e-20
-1.26478e-21
-2.0715e-23
9.50804e-27
3.82721e-26
9.41032e-28
2.73572e-29
1.95195e-31
9.08523e-34
8.41235e-36
0

0
-5.09146e-21
6.85159e-19
-4.11851e-17
4.80437e-15
-3.24322e-13
3.5671e-14
3.53731e-15
1.90177e-16
6.09039e-18
1.1469e-19
2.43746e-21
6.34193e-23
1.60931e-24
3.62781e-26
-5.06927e-28
-2.10906e-29
-6.60411e-31
-1.18052e-33
-1.02422e-35
-1.48783e-37
0

0
1.6565e-21
-2.01799e-19
1.56794e-17
-9.71604e-16
4.02494e-14
1.51503e-15
-4.21643e-18
-3.13276e-18
-1.37858e-19
-3.03496e-21
-7.44239e-23
-2.31174e-24
-7.82755e-26
-2.77447e-27
-4.30456e-29
-5.39014e-31
-1.27452e-32
-3.29842e-34
-7.6079e-37
-1.19742e-39
0

0
-1.01298e-22
1.25817e-20
-9.74894e-19
5.64799e-17
-2.10503e-15
-1.39923e-16
-4.25943e-18
-4.38966e-20
6.56896e-22
3.56241e-23
1.403e-24
6.12516e-26
2.8401e-27
1.44023e-28
4.7832e-30
8.49048e-32
3.43368e-33
3.48719e-35
7.95606e-38
2.23845e-40
0

0
4.43809e-24
-5.633e-22
4.31928e-20
-2.40114e-18
8.01282e-17
6.79826e-18
2.67626e-19
6.07624e-21
1.24271e-22
1.65005e-24
7.00039e-27
-9.13932e-28
-7.71515e-29
-5.97623e-30
-3.07356e-31
-5.02059e-33
-3.26358e-34
-2.88514e-36
-5.70152e-39
-1.14011e-41
0

0
-1.61908e-25
2.09467e-23
-1.59026e-21
8.56078e-20
-2.57509e-18
-2.56485e-19
-1.14529e-20
-3.05992e-22
-8.04012e-24
-1.42385e-25
-2.06367e-27
-1.44259e-29
1.42407e-30
2.02668e-31
1.49909e-32
1.95224e-34
2.20537e-35
2.16048e-37
3.79853e-40
4.25102e-43
0

0
5.16848e-27
-6.8006e-25
5.12853e-23
-2.69304e-21
7.48124e-20
8.31014e-21
4.02665e-22
1.15695e-23
3.37559e-25
6.65302e-27
1.14125e-28
1.76227e-30
-6.60824e-33
-5.34317e-33
-5.95201e-34
-5.84385e-36
-1.14552e-36
-1.29721e-38
-2.13785e-41
-1.23466e-44
0

0
-1.47158e-28
1.97143e-26
-1.48375e-24
7.65415e-23
-1.99119e-21
-2.40625e-22
-1.23788e-23
-3.70869e-25
-1.1504e-26
-2.42237e-28
-4.49879e-30
-8.47562e-32
-8.93039e-34
8.93199e-35
2.00694e-35
1.58631e-37
4.84591e-38
5.77349e-40
8.54375e-43
2.19005e-46
0

0
0
0
0
0
0
0
0
0
0
0
0
0
0
0
0
0
0
0
0
0
0


0
0
0
0
0
0
0
0
0
0
0
0
0
0
0
0
0
0
0
0
0
0

0
1.23197e-12
-6.54366e-11
2.37873e-09
-7.30223e-08
2.12574e-06
2.52892e-07
2.27924e-08
2.07866e-09
1.49522e-10
7.15275e-12
3.23039e-13
1.39645e-14
6.57466e-16
3.27077e-17
1.44556e-18
5.24884e-20
2.66179e-21
7.17924e-23
8.36397e-25
1.06857e-26
0

0
7.61106e-13
-5.52194e-11
2.46526e-09
-8.22616e-08
2.03448e-06
3.17733e-07
2.34692e-08
1.35796e-09
6.12459e-11
1.92498e-12
6.14416e-14
1.96368e-15
6.68426e-17
2.3633e-18
6.93725e-20
1.65911e-21
5.90748e-23
1.14143e-24
4.58151e-27
1.3663e-29
0

0
1.18101e-13
-1.20225e-11
7.18845e-10
-3.43387e-08
1.21863e-06
1.24302e-07
5.70273e-09
1.94293e-10
4.97828e-12
8.21588e-14
1.14437e-15
5.98068e-18
-1.15829e-18
-8.88732e-20
-4.40088e-21
-1.58492e-22
-6.3805e-24
-1.21864e-25
-1.0242e-27
-1.0511e-29
0

0
1.71793e-17
-2.47866e-13
2.81707e-11
-2.61206e-09
1.70034e-07
7.01277e-09
4.06525e-11
-5.98626e-12
-3.2346e-13
-8.6797e-15
-2.22307e-16
-5.65588e-18
-1.37165e-19
-2.51493e-21
2.68661e-23
4.48062e-24
1.88891e-25
2.98589e-27
3.04203e-29
3.41923e-31
0

0
-4.72167e-16
6.38541e-14
-5.31915e-12
3.38645e-10
-1.37599e-08
-1.13285e-09
-3.53073e-11
-6.6264e-13
-4.47236e-15
1.38309e-16
7.18759e-18
2.54061e-19
9.80293e-21
3.48648e-22
8.92059e-24
6.71082e-26
8.12205e-28
2.89411e-29
-6.11431e-32
-2.70566e-33
0

0
3.09398e-17
-3.73464e-15
3.08328e-13
-1.79112e-11
5.94858e-10
6.72889e-11
2.72147e-12
7.49727e-14
1.4706e-15
1.7327e-17
1.4294e-19
-1.85583e-21
-2.95195e-22
-1.66189e-23
-6.66827e-25
-1.28992e-26
-3.73311e-28
-5.54288e-30
-3.25798e-32
-2.28738e-34
0

0
-1.12335e-18
1.30667e-16
-1.07455e-14
5.8248e-13
-1.66287e-11
-2.55382e-12
-1.25077e-13
-4.19938e-15
-1.02503e-16
-1.62261e-18
-2.6414e-20
-4.28039e-22
-4.50702e-25
4.14717e-25
2.90027e-26
7.2644e-28
2.23504e-29
2.66879e-31
1.65816e-33
1.28904e-35
0

0
2.19894e-20
-2.51495e-18
2.03189e-16
-9.37736e-15
1.5087e-13
6.2519e-14
3.91939e-15
1.59982e-16
4.53089e-18
8.16138e-20
1.55482e-21
3.30656e-23
5.8144e-25
2.59838e-27
-8.07713e-28
-2.69332e-29
-8.51419e-31
-7.73511e-33
-4.61826e-35
-3.70049e-37
0

0
2.52282e-22
-3.35687e-20
2.82262e-18
-2.52411e-16
1.52638e-14
-3.91634e-16
-7.08188e-17
-4.15162e-18
-1.40528e-19
-2.84077e-21
-6.06333e-23
-1.51604e-24
-3.86274e-26
-9.14476e-28
4.82957e-30
5.59519e-31
1.93595e-32
6.92965e-35
3.84056e-37
4.78291e-39
0

0
-4.62367e-23
5.82298e-21
-4.66658e-19
2.92597e-17
-1.21601e-15
-5.7538e-17
-7.61629e-19
4.61504e-20
2.65012e-21
6.54414e-23
1.65529e-24
4.99866e-26
1.66999e-27
5.97551e-29
1.16217e-30
1.3306e-32
2.98817e-34
9.36385e-36
4.56003e-38
1.51886e-40
0

0
2.60528e-24
-3.34263e-22
2.62951e-20
-1.54522e-18
5.79946e-17
4.06045e-18
1.3451e-19
2.2075e-21
1.31514e-23
-3.71437e-25
-2.40297e-26
-1.14382e-27
-5.39692e-29
-2.72428e-30
-9.91962e-32
-2.11013e-33
-7.68772e-35
-9.35989e-37
-3.93968e-39
-1.39988e-41
0

0
-1.07899e-25
1.41487e-23
-1.09723e-21
6.21749e-20
-2.15151e-18
-1.81483e-19
-7.28215e-21
-1.79696e-22
-3.79388e-24
-5.57477e-26
-5.15587e-28
1.0239e-29
1.28037e-30
9.86991e-32
5.48062e-33
1.24792e-34
6.57709e-36
6.57026e-38
2.31141e-40
6.59206e-43
0

0
3.74472e-27
-5.00873e-25
3.84267e-23
-2.12034e-21
6.78005e-20
6.51186e-21
2.89279e-22
8.06089e-24
2.05356e-25
3.69749e-27
5.6363e-29
6.12295e-31
-1.76079e-32
-2.85892e-33
-2.36302e-34
-4.92117e-36
-4.04239e-37
-4.05297e-39
-1.18554e-41
-2.41117e-44
0

0
-1.13839e-28
1.55013e-26
-1.18153e-24
6.39235e-23
-1.91189e-21
-2.01946e-22
-9.60846e-24
-2.83925e-25
-7.90816e-27
-1.55711e-28
-2.69038e-30
-4.37281e-32
-1.99474e-34
6.03093e-35
8.34227e-36
1.51052e-37
1.9169e-38
2.07279e-40
5.14789e-43
6.82464e-46
0

0
3.07788e-30
-4.27234e-28
3.25155e-26
-1.73596e-24
4.91454e-23
5.58742e-24
2.79734e-25
8.56305e-27
2.51744e-28
5.24305e-30
9.66642e-32
1.81128e-33
2.49527e-35
-5.13077e-37
-2.4799e-37
-4.05615e-39
-7.31878e-40
-8.04175e-42
-1.63508e-44
-1.11547e-47
0

0
0
0
0
0
0
0
0
0
0
0
0
0
0
0
0
0
0
0
0
0
0


0
0
0
0
0
0
0
0
0
0
0
0
0
0
0
0
0
0
0
0
0
0

0
-1.66566e-14
8.97421e-13
-3.65043e-11
1.3415e-09
-4.39971e-08
-4.87225e-09
-3.94041e-10
-3.57471e-11
-2.66548e-12
-1.29587e-13
-5.77988e-15
-2.46275e-16
-1.16408e-17
-5.97422e-19
-2.78671e-20
-1.08653e-21
-5.74611e-23
-1.70386e-24
-2.41995e-26
-3.08152e-28
0

0
-1.47158e-14
1.05521e-12
-4.90738e-11
1.66077e-09
-3.88852e-08
-6.55709e-09
-5.00405e-10
-2.89306e-11
-1.30471e-12
-4.1395e-14
-1.28445e-15
-3.99137e-17
-1.34516e-18
-4.84103e-20
-1.51187e-21
-3.89729e-23
-1.3797e-24
-2.90919e-26
-2.15486e-28
-1.50419e-30
0

0
-2.38575e-15
2.32577e-13
-1.43442e-11
6.7272e-10
-2.11809e-08
-2.41418e-09
-1.19087e-10
-4.20566e-12
-1.11768e-13
-2.00351e-15
-3.07553e-17
-2.91879e-19
1.62064e-20
1.50827e-21
8.12291e-23
3.14978e-24
1.3519e-25
2.92006e-27
3.07633e-29
3.17685e-31
0

0
2.8254e-18
3.71256e-15
-4.99589e-13
4.63984e-11
-2.65044e-09
-1.20497e-10
-6.93607e-13
1.19283e-13
6.5569e-15
1.83148e-16
4.65379e-18
1.16438e-19
2.88196e-21
6.01848e-23
3.59517e-26
-6.90345e-26
-3.63919e-27
-6.94201e-29
-8.04021e-31
-8.77439e-33
0

0
8.82477e-18
-1.15979e-15
9.75233e-14
-6.10365e-12
2.31299e-10
2.00867e-11
6.6841e-13
1.32344e-14
1.07863e-16
-2.27589e-18
-1.32467e-19
-4.75014e-21
-1.80051e-22
-6.52702e-24
-1.8162e-25
-2.29452e-27
-3.44112e-29
-7.92696e-31
-2.96091e-33
1.53883e-35
0

0
-5.6243e-19
6.80349e-17
-5.50671e-15
3.12101e-13
-9.6491e-12
-1.15669e-12
-4.923e-14
-1.39418e-15
-2.83178e-17
-3.63816e-19
-3.39501e-21
2.04069e-23
4.67421e-24
2.75779e-25
1.16551e-26
2.69361e-28
7.97973e-30
1.33164e-31
1.0747e-33
8.13551e-36
0

0
1.94083e-20
-2.29999e-18
1.81773e-16
-9.46126e-15
2.35816e-13
4.13101e-14
2.12987e-15
7.28171e-17
1.81964e-18
3.05194e-20
4.99956e-22
8.02943e-24
3.87234e-26
-5.74131e-27
-4.45805e-28
-1.33714e-29
-4.3577e-31
-6.17547e-33
-4.91415e-35
-3.78527e-37
0

0
-3.37366e-22
3.9474e-20
-2.92431e-18
1.16461e-16
-2.26589e-16
-8.83984e-16
-6.0869e-17
-2.54855e-18
-7.41454e-20
-1.41061e-21
-2.68921e-23
-5.5541e-25
-1.023e-26
-8.68587e-29
1.02554e-29
4.40347e-31
1.5202e-32
1.7258e-34
1.26987e-36
9.64472e-39
0

0
-6.26711e-24
8.31741e-22
-7.62822e-20
6.20984e-18
-3.37621e-16
-1.55605e-18
8.43323e-19
5.7459e-20
2.0686e-21
4.45984e-23
9.58455e-25
2.31964e-26
5.89884e-28
1.45165e-29
2.83157e-32
-7.64822e-33
-3.01409e-34
-1.60658e-36
-8.99241e-39
-9.14452e-41
0

0
8.24008e-25
-1.0678e-22
8.74007e-21
-5.5042e-19
2.23969e-17
1.23131e-18
2.61348e-20
-2.53888e-22
-3.03601e-23
-8.70582e-25
-2.30753e-26
-6.86553e-28
-2.27299e-29
-8.14853e-31
-1.84171e-32
-2.37426e-34
-5.71784e-36
-1.68983e-37
-1.16403e-39
-5.31038e-42
0

0
-4.30291e-26
5.69062e-24
-4.52804e-22
2.68647e-20
-1.00029e-18
-7.36302e-20
-2.58357e-21
-5.15264e-23
-6.37902e-25
-1.9789e-27
2.19784e-28
1.30965e-29
6.48688e-31
3.25955e-32
1.2447e-33
3.03087e-35
1.07314e-36
1.54544e-38
8.94567e-41
3.90734e-43
0

0
1.68644e-27
-2.28168e-25
1.78516e-23
-1.02614e-21
3.59583e-20
3.06337e-21
1.24866e-22
3.24376e-24
6.97835e-26
1.08948e-27
1.2747e-29
-1.14684e-32
-1.28365e-32
-1.02351e-33
-5.84563e-35
-1.64734e-36
-7.8371e-38
-9.31144e-40
-4.54377e-42
-1.6668e-44
0

0
-5.56903e-29
7.69308e-27
-5.95165e-25
3.34822e-23
-1.10909e-21
-1.04675e-22
-4.63687e-24
-1.32695e-25
-3.30465e-27
-6.02013e-29
-9.43844e-31
-1.21723e-32
8.76248e-35
2.47228e-35
2.17855e-36
6.03431e-38
4.20773e-39
4.75391e-41
1.92287e-43
5.46816e-46
0

0
1.61215e-30
-2.26962e-28
1.74491e-26
-9.67047e-25
3.0463e-23
3.10891e-24
1.45782e-25
4.38508e-27
1.17734e-28
2.31235e-30
3.99447e-32
6.61068e-34
6.23986e-36
-3.75914e-37
-6.66985e-38
-1.68217e-39
-1.76309e-40
-2.02297e-42
-6.65943e-45
-1.31517e-47
0

0
-4.13898e-32
5.94704e-30
-4.56732e-28
2.50817e-26
-7.57273e-25
-8.22124e-26
-4.0226e-27
-1.24673e-28
-3.51012e-30
-7.22987e-32
-1.31743e-33
-2.42395e-35
-3.80251e-37
-2.06965e-39
1.70019e-39
4.01595e-41
5.9346e-42
6.58228e-44
1.60031e-46
1.33331e-49
0

0
0
0
0
0
0
0
0
0
0
0
0
0
0
0
0
0
0
0
0
0
0


0
0
0
0
0
0
0
0
0
0
0
0
0
0
0
0
0
0
0
0
0
0

0
1.16145e-16
-6.39132e-15
3.24889e-13
-1.64742e-11
6.49611e-10
6.2539e-11
4.20511e-12
3.90725e-13
3.16405e-14
1.59082e-15
7.11846e-17
3.02139e-18
1.45121e-19
7.75815e-21
3.8399e-22
1.60779e-23
9.01578e-25
2.90141e-26
4.65589e-28
5.9434e-30
0

0
2.0391e-16
-1.46526e-14
7.01364e-13
-2.39822e-11
5.38678e-10
9.72119e-11
7.63377e-12
4.41835e-13
1.99137e-14
6.34787e-16
1.92168e-17
5.82315e-19
1.94699e-20
7.12554e-22
2.35357e-23
6.5434e-25
2.37033e-26
5.38105e-28
5.48383e-30
4.68882e-32
0

0
3.49404e-17
-3.33021e-15
2.09613e-13
-9.69213e-12
2.79681e-10
3.47292e-11
1.81465e-12
6.60674e-14
1.81e-15
3.44869e-17
5.66057e-19
7.00949e-21
-1.30046e-22
-1.77839e-23
-1.06136e-24
-4.46288e-26
-2.07145e-27
-4.97614e-29
-6.09125e-31
-6.31585e-33
0

0
-6.85788e-20
-4.22187e-17
6.61256e-15
-6.14928e-13
3.21388e-11
1.57728e-12
9.32375e-15
-1.71259e-15
-9.58686e-17
-2.76193e-18
-6.97197e-20
-1.72058e-21
-4.32532e-23
-9.93534e-25
-8.36827e-27
7.02238e-28
4.91372e-29
1.11667e-30
1.41742e-32
1.50524e-34
0

0
-1.19908e-19
1.54879e-17
-1.31295e-15
8.11918e-14
-2.9276e-12
-2.64655e-13
-9.27504e-15
-1.92437e-16
-1.82288e-18
2.53866e-20
1.73186e-21
6.30955e-23
2.36209e-24
8.72261e-26
2.61039e-27
4.39136e-29
8.06974e-31
1.59341e-32
1.22544e-34
5.98146e-37
0

0
7.39947e-21
-8.99757e-19
7.18007e-17
-4.00225e-15
1.19157e-13
1.46775e-14
6.49797e-16
1.88476e-17
3.94434e-19
5.43304e-21
5.57797e-23
-5.69363e-26
-5.1721e-26
-3.24168e-27
-1.44047e-28
-3.80015e-30
-1.20931e-31
-2.24492e-33
-2.16379e-35
-1.71992e-37
0

0
-2.41956e-22
2.92153e-20
-2.23189e-18
1.12462e-16
-2.59063e-15
-4.90457e-16
-2.63532e-17
-9.16877e-19
-2.33837e-20
-4.10758e-22
-6.77348e-24
-1.08536e-25
-8.50455e-28
5.36522e-29
4.78388e-30
1.64423e-31
5.91876e-33
9.86367e-35
9.08729e-37
7.04127e-39
0

0
3.66285e-24
-4.39093e-22
2.92768e-20
-9.28641e-19
-1.81648e-17
8.88721e-18
6.78812e-19
2.93459e-20
8.76214e-22
1.74432e-23
3.32954e-25
6.71237e-27
1.2747e-28
1.50838e-30
-8.6275e-32
-4.66735e-33
-1.84907e-34
-2.61106e-36
-2.19618e-38
-1.6268e-40
0

0
1.01428e-25
-1.35348e-23
1.28377e-21
-9.90585e-20
4.91712e-18
1.1181e-19
-6.13012e-21
-5.57832e-22
-2.17202e-23
-4.97971e-25
-1.08019e-26
-2.54573e-28
-6.42981e-30
-1.63655e-31
-1.28349e-33
5.90786e-35
3.02256e-36
2.28406e-38
1.36199e-40
1.14795e-42
0

0
-1.05555e-26
1.4045e-24
-1.16705e-22
7.36446e-21
-2.9157e-19
-1.78634e-20
-4.66523e-22
-2.54452e-24
2.14427e-25
7.87151e-27
2.24796e-28
6.69444e-30
2.20408e-31
7.91176e-33
1.97244e-34
3.01098e-36
8.15238e-38
2.21195e-39
1.83645e-41
9.8915e-44
0

0
5.13048e-28
-6.9849e-26
5.60852e-24
-3.35222e-22
1.23181e-20
9.46951e-22
3.46073e-23
7.66762e-25
1.18752e-26
1.09822e-28
-7.6832e-31
-1.00062e-31
-5.47441e-33
-2.76444e-34
-1.07788e-35
-2.81117e-37
-1.06947e-38
-1.8251e-40
-1.27663e-42
-6.30728e-45
0

0
-1.90491e-29
2.65662e-27
-2.09382e-25
1.21744e-23
-4.27493e-22
-3.6943e-23
-1.52372e-24
-4.08836e-26
-8.9042e-28
-1.44631e-29
-1.88701e-31
-1.17415e-33
8.36967e-35
7.44616e-36
4.28037e-37
1.32334e-38
6.51489e-40
9.58163e-42
5.74391e-44
2.43378e-46
0

0
5.9888e-31
-8.53657e-29
6.65132e-27
-3.80116e-25
1.2843e-23
1.20314e-24
5.31686e-26
1.54604e-27
3.78453e-29
6.9453e-31
1.10338e-32
1.5372e-34
3.88176e-37
-1.44486e-37
-1.35967e-38
-4.2848e-40
-2.98137e-41
-4.11688e-43
-2.06743e-45
-7.046e-48
0

0
-1.65171e-32
2.40179e-30
-1.8603e-28
1.05167e-26
-3.43306e-25
-3.42219e-26
-1.58521e-27
-4.81462e-29
-1.25563e-30
-2.45513e-32
-4.21307e-34
-6.95281e-36
-8.48133e-38
1.14571e-39
3.53633e-40
1.04288e-41
1.07887e-42
1.44792e-44
5.76716e-47
1.3707e-49
0

0
4.0286e-34
-5.98532e-32
4.63303e-30
-2.60474e-28
8.2539e-27
8.64945e-28
4.14955e-29
1.2941e-30
3.51504e-32
7.15544e-34
1.2833e-35
2.2955e-37
3.80165e-39
5.55677e-41
-7.48942e-42
-2.11615e-43
-3.12827e-44
-3.7858e-46
-9.44252e-49
-2.0457e-52
0

0
0
0
0
0
0
0
0
0
0
0
0
0
0
0
0
0
0
0
0
0
0


0
0
0
0
0
0
0
0
0
0
0
0
0
0
0
0
0
0
0
0
0
0

0
1.80288e-19
-1.06567e-17
-8.6682e-16
1.38009e-13
-7.30704e-12
-5.48539e-13
-2.26108e-14
-2.41301e-15
-2.48491e-16
-1.35525e-17
-6.27441e-19
-2.70528e-20
-1.34631e-21
-7.61278e-23
-4.02975e-24
-1.81469e-25
-1.09617e-26
-3.78069e-28
-6.49418e-30
-8.2317e-32
0

0
-2.15617e-18
1.56496e-16
-7.656e-15
2.63701e-13
-5.72825e-12
-1.10409e-12
-8.88939e-14
-5.15825e-15
-2.32297e-16
-7.40025e-18
-2.19134e-19
-6.48754e-21
-2.1536e-22
-8.02275e-24
-2.78269e-25
-8.2659e-27
-3.11419e-28
-7.48146e-30
-8.91679e-32
-8.29163e-34
0

0
-3.95401e-19
3.739e-17
-2.3874e-15
1.09107e-13
-2.93944e-12
-3.92352e-13
-2.14725e-14
-8.02352e-16
-2.2537e-17
-4.48186e-19
-7.71397e-21
-1.10708e-22
3.01954e-25
1.54394e-25
1.05324e-26
4.82866e-28
2.45641e-29
6.44742e-31
8.57602e-33
8.85777e-35
0

0
8.88556e-22
3.93522e-19
-6.96776e-17
6.46597e-15
-3.15794e-13
-1.65311e-14
-1.04657e-16
1.88945e-17
1.07887e-18
3.17662e-20
7.9736e-22
1.94413e-23
4.94387e-25
1.2237e-26
1.71267e-28
-4.69893e-30
-5.00807e-31
-1.33566e-32
-1.78481e-34
-1.83733e-36
0

0
1.26245e-21
-1.61872e-19
1.38125e-17
-8.45838e-16
2.92885e-14
2.74322e-15
1.00341e-16
2.17151e-18
2.33104e-20
-1.95686e-22
-1.70663e-23
-6.3533e-25
-2.36283e-26
-8.91917e-28
-2.84171e-29
-5.76308e-31
-1.26607e-32
-2.44088e-34
-2.42952e-36
-1.77365e-38
0

0
-7.49875e-23
9.20569e-21
-7.26856e-19
3.9987e-17
-1.15769e-15
-1.45455e-16
-6.65648e-18
-1.97307e-19
-4.24082e-21
-6.16337e-23
-6.84675e-25
-1.84737e-27
4.23349e-28
2.89098e-29
1.35325e-30
3.96096e-32
1.40032e-33
2.86397e-35
3.03333e-37
2.4563e-39
0

0
2.31196e-24
-2.84886e-22
2.1115e-20
-1.03213e-18
2.23561e-17
4.51083e-18
2.51761e-19
8.91727e-21
2.31774e-22
4.21762e-24
7.00791e-26
1.12544e-27
1.14908e-29
-3.49717e-31
-3.85281e-32
-1.48322e-33
-6.13663e-35
-1.18384e-36
-1.18041e-38
-9.06955e-41
0

0
-2.95153e-26
3.62915e-24
-2.08874e-22
3.85104e-21
3.50742e-19
-6.57341e-20
-5.75064e-21
-2.59077e-22
-7.95309e-24
-1.64341e-25
-3.14452e-27
-6.2197e-29
-1.20461e-30
-1.7573e-32
4.96402e-34
3.52919e-35
1.70617e-36
2.94973e-38
2.66871e-40
1.91293e-42
0

0
-1.19578e-27
1.61544e-25
-1.55216e-23
1.15536e-21
-5.32825e-20
-1.90192e-21
1.88143e-23
3.94204e-24
1.71911e-25
4.19826e-27
9.22993e-29
2.13249e-30
5.3335e-32
1.39851e-33
1.73647e-35
-2.49973e-37
-2.21007e-38
-2.32229e-40
-1.39333e-42
-9.52607e-45
0

0
1.03567e-28
-1.4149e-26
1.18871e-24
-7.5081e-23
2.89444e-21
1.92194e-22
5.65605e-24
7.13971e-26
-6.92225e-28
-4.92199e-29
-1.60732e-30
-4.90662e-32
-1.61636e-33
-5.83428e-35
-1.55072e-36
-2.68754e-38
-8.48896e-40
-2.25048e-41
-2.07978e-43
-1.22032e-45
0

0
-4.69799e-30
6.58421e-28
-5.32637e-26
3.20212e-24
-1.15944e-22
-9.23627e-24
-3.47646e-25
-8.2103e-27
-1.42371e-28
-1.70622e-30
-7.69392e-33
5.02227e-34
3.40842e-35
1.7703e-36
6.93697e-38
1.79916e-39
8.23739e-41
1.67286e-42
1.31333e-44
6.88901e-47
0

0
1.65353e-31
-2.37707e-29
1.88549e-27
-1.10639e-25
3.87018e-24
3.39284e-25
1.41128e-26
3.86365e-28
8.49754e-30
1.41822e-31
1.96044e-33
1.87967e-35
-3.35041e-37
-4.01617e-38
-2.31355e-39
-6.81975e-41
-4.18025e-42
-7.76971e-44
-5.30885e-46
-2.40969e-48
0

0
-4.95336e-33
7.28593e-31
-5.71328e-29
3.30683e-27
-1.12791e-25
-1.05419e-26
-4.64615e-28
-1.36235e-29
-3.29351e-31
-6.06846e-33
-9.67278e-35
-1.39099e-36
-1.04453e-38
5.76821e-40
6.17177e-41
1.78128e-42
1.60826e-43
2.86436e-45
1.65783e-47
6.14683e-50
0

0
1.3038e-34
-1.95836e-32
1.52732e-30
-8.77698e-29
2.93244e-27
2.87564e-28
1.31751e-29
4.01601e-31
1.02365e-32
1.98951e-34
3.37428e-36
5.47306e-38
7.4374e-40
1.9314e-42
-1.33247e-42
-3.44541e-44
-4.9193e-45
-8.34844e-47
-3.72799e-49
-9.26521e-52
0

0
-3.02805e-36
4.65185e-34
-3.6278e-32
2.0803e-30
-6.82962e-29
-6.96114e-30
-3.2812e-31
-1.02428e-32
-2.70136e-34
-5.43113e-36
-9.54926e-38
-1.64701e-39
-2.74448e-41
-4.8052e-43
2.24071e-44
5.5126e-46
1.19488e-46
1.66035e-48
3.11441e-51
-9.62022e-54
0

0
0
0
0
0
0
0
0
0
0
0
0
0
0
0
0
0
0
0
0
0
0


0
0
0
0
0
0
0
0
0
0
0
0
0
0
0
0
0
0
0
0
0
0

0
0
0
0
0
0
0
0
0
0
0
0
0
0
0
0
0
0
0
0
0
0

0
0
0
0
0
0
0
0
0
0
0
0
0
0
0
0
0
0
0
0
0
0

0
0
0
0
0
0
0
0
0
0
0
0
0
0
0
0
0
0
0
0
0
0

0
0
0
0
0
0
0
0
0
0
0
0
0
0
0
0
0
0
0
0
0
0

0
0
0
0
0
0
0
0
0
0
0
0
0
0
0
0
0
0
0
0
0
0

0
0
0
0
0
0
0
0
0
0
0
0
0
0
0
0
0
0
0
0
0
0

0
0
0
0
0
0
0
0
0
0
0
0
0
0
0
0
0
0
0
0
0
0

0
0
0
0
0
0
0
0
0
0
0
0
0
0
0
0
0
0
0
0
0
0

0
0
0
0
0
0
0
0
0
0
0
0
0
0
0
0
0
0
0
0
0
0

0
0
0
0
0
0
0
0
0
0
0
0
0
0
0
0
0
0
0
0
0
0

0
0
0
0
0
0
0
0
0
0
0
0
0
0
0
0
0
0
0
0
0
0

0
0
0
0
0
0
0
0
0
0
0
0
0
0
0
0
0
0
0
0
0
0

0
0
0
0
0
0
0
0
0
0
0
0
0
0
0
0
0
0
0
0
0
0

0
0
0
0
0
0
0
0
0
0
0
0
0
0
0
0
0
0
0
0
0
0

0
0
0
0
0
0
0
0
0
0
0
0
0
0
0
0
0
0
0
0
0
0

0
0
0
0
0
0
0
0
0
0
0
0
0
0
0
0
0
0
0
0
0
0


