0
0
0
0
0
0
0
0
0
0
0
0
0
0
0
0
0
0
0
0
0
0

0
-35.5073
-32.9158
-38.3372
-24.2282
-39.8719
-39.4503
-38.5571
-22.7971
-10.3519
-37.1382
-37.0891
-38.9617
-65.791
-46.9527
-41.0709
-38.8807
-23.8313
-40.1461
-37.5325
-36.5977
0

0
-18.7472
30.0307
-21.061
-11.495
-27.1187
-24.1272
-25.5762
-10.8682
-10.3519
-24.7661
-21.9077
-21.8965
-92.4914
-34.4282
-30.6509
-25.158
-12.5269
-26.4314
-20.3642
-21.4569
0

0
-21.7079
-11.159
-22.6666
-14.7477
-28.0839
-26.0697
-25.3286
-14.8628
-21.3959
-24.8321
-24.0469
-33.3964
-270.3
-37.1222
-30.0693
-20.746
-11.0072
-24.0552
-22.3199
-23.0122
0

0
-23.3971
-31.3342
-23.9961
-19.7015
-23.372
-24.6059
-25.666
-22.1433
-26.395
-25.0441
-25.2422
-52.3174
-187.305
-47.3569
-27.7095
-27.485
-13.2084
-23.8313
-23.9676
-23.5001
0

0
-24.8222
-39.0847
-26.1306
-25.1828
-19.5775
-21.6324
-25.0924
-26.5593
-22.328
-25.3604
-26.1036
-38.9617
-486.179
-37.3715
-19.816
-18.0417
-20.6122
-24.4491
-24.7368
-23.9248
0

0
-25.1886
-40.7195
-27.6305
-24.8631
-25.6689
-23.6858
-24.1262
-22.8115
-21.0025
-25.1203
-25.6309
-24.3942
-642.609
-23.9048
-19.5733
-15.0519
-24.1508
-24.0632
-25.4914
-24.0633
0

0
-25.0868
-25.3405
-26.6048
-24.2282
-30.5742
-27.0164
-23.8021
-19.4223
-25.2189
-24.6081
-22.6927
18.5931
-831.563
20.1702
-21.5693
-25.0797
-22.9139
-24.3344
-26.4208
-24.1469
0

0
-25.0157
-17.6007
-25.1178
-25.5144
-25.5438
-25.5762
-23.6705
-19.2365
-25.5818
-24.724
-18.0446
121.535
-232.341
129.366
-18.845
-35.4752
-24.5207
-25.0011
-26.6263
-24.2631
0

0
-23.9065
-27.1187
-25.1045
-25.5939
-22.5242
-23.7769
-23.4817
-21.7133
-23.1617
-24.7661
-15.1558
270.13
2917.74
277.619
-10.5346
-10.5206
-24.1799
-25.2792
-24.7131
-24.1757
0

0
-23.4208
-28.6856
-25.3791
-24.6776
-27.0999
-24.3395
-24.075
-26.2913
-22.7971
-24.3925
-20.198
131.46
2297.64
120.076
-15.9065
-18.5382
-15.6089
-24.0632
-23.744
-23.6237
0

0
-23.1036
-23.2637
-24.1321
-24.4237
-28.7244
-24.4859
-23.8498
-24.6905
-23.2643
-23.9887
-23.9973
-60.6126
32.6697
-63.9105
-22.4229
-20.456
-17.8978
-24.7008
-25.7994
-22.7781
0

0
-22.209
-22.802
-22.3154
-24.0369
-25.8922
-23.423
-22.6718
-21.2857
-22.8608
-23.3711
-22.8625
14.9659
-187.305
16.5873
-20.0272
-18.1121
-19.6714
-22.2869
-26.1974
-22.1793
0

0
-21.1627
-25.1828
-19.7372
-22.8355
-24.6406
-22.441
-21.7352
-21.4773
-21.9135
-22.6427
-20.0006
99.4371
464.505
93.6139
-14.1896
-19.688
-19.816
-20.2478
-21.5338
-21.6497
0

0
-19.9906
-22.8927
-20.1143
-21.4038
-24.3307
-21.5283
-20.7716
-21.0521
-20.744
-21.4612
-18.5546
83.9942
183.983
88.2369
-15.6089
-19.0077
-18.343
-20.7968
-19.5443
-20.5275
0

0
-18.3746
-20.0509
-19.1181
-19.7372
-22.0176
-19.6816
-18.9447
-18.8401
-18.9572
-19.8182
-18.1517
42.4985
-106.172
44.673
-15.7063
-15.819
-17.5869
-20.1693
-19.9338
-18.8125
0

0
0
0
0
0
0
0
0
0
0
0
0
0
0
0
0
0
0
0
0
0
0


0
0
0
0
0
0
0
0
0
0
0
0
0
0
0
0
0
0
0
0
0
0

0
-39.3333
-36.9186
-41.9774
-59.8634
-42.2959
-41.9718
-41.2441
-54.2911
-55.6231
-41.5695
-44.1687
-71.2764
-336.235
194.184
-44.4297
-42.4916
-72.5084
-41.6113
-42.286
-39.9906
0

0
-21.8606
34.7298
-24.2243
-20.8613
-25.9253
-25.626
-22.3142
-18.5154
-5.01186
-23.7714
-29.2068
-149.316
-622.974
-116.824
-37.0658
-38.9645
-33.0568
-29.7554
-23.6324
-23.2841
0

0
-22.1447
-17.2855
-23.2293
-15.4595
-31.1121
-28.1774
-25.0278
-17.4204
-16.3709
-25.0797
-27.3663
-308.66
2110.23
-374.818
-38.4669
-19.4647
-12.2334
-27.6634
-23.6981
-24.4478
0

0
-22.7062
-20.0061
-22.6943
-17.9059
-27.8468
-28.2047
-26.4416
-15.7494
-26.8892
-26.1137
-34.7733
-340.09
-2619.99
-235.588
-45.112
-23.0817
-11.7387
-24.8773
-24.1743
-24.6159
0

0
-24.6095
-27.7854
-26.9006
-24.4016
-18.8722
-23.8102
-27.3292
-26.8618
-27.4443
-28.0054
-30.0917
-578.376
-135.642
-1181.59
-46.5078
-38.9237
-17.5963
-26.0554
-25.3444
-25.2499
0

0
-26.487
-42.886
-29.7519
-27.3929
-21.6927
-22.6816
-26.2851
-27.7814
-21.2786
-27.5403
-31.0381
-1984.84
-13209.4
-2003.41
-21.9756
-15.6914
-25.3813
-26.3451
-26.6516
-25.6158
0

0
-26.9571
-44.669
-30.3455
-25.8013
-32.9125
-27.3454
-25.1903
-21.4853
-23.378
-26.9466
-37.0622
-3066.06
-106547
-3155.07
-26.4828
-15.3748
-25.0984
-25.8511
-28.3213
-25.7038
0

0
-26.696
-18.7329
-27.2254
-26.3329
-35.9237
-29.2545
-24.6556
-19.4759
-27.7969
-26.5842
-57.2161
-1742.89
-330873
-1856.67
-57.9816
-31.4193
-24.7617
-25.449
-28.5524
-25.7176
0

0
-25.4144
-21.9061
-25.824
-27.1323
-24.8016
-25.6024
-24.3762
-21.4136
-26.0717
-26.9425
-104.778
-6099.16
-617414
-6554.87
-86.6659
-27.6976
-26.9153
-24.9946
-24.3708
-25.5443
0

0
-24.1705
-30.1776
-26.5477
-26.0214
-21.0025
-24.7176
-24.9964
-26.9173
-23.9463
-26.3841
-56.7276
-2215.96
-1.56888e+06
-2231.93
-47.817
-14.2657
-24.9608
-27.5871
-21.7774
-24.8432
0

0
-23.7085
-27.3362
-25.9084
-25.1105
-27.7848
-25.5839
-25.4116
-30.0067
-23.9744
-17.2229
-37.4251
244.469
-2.06249e+07
312.989
-23.7683
-20.3282
-20.0305
-28.608
-24.363
-23.809
0

0
-22.911
-23.0869
-23.1588
-24.7844
-27.0807
-24.5642
-24.1109
-24.5173
-23.7806
-24.8002
-26.5096
-804.823
-2.43074e+06
-841.631
-25.2681
-18.9795
-21.0468
-26.7046
-28.7649
-22.9496
0

0
-21.6626
-22.0117
-22.365
-23.6403
-24.1894
-22.9018
-22.2667
-19.2548
-22.661
-25.3798
-27.2566
1062.93
-318008
1250.76
-27.1827
-19.1635
-20.9656
-21.6993
-26.9747
-22.2492
0

0
-20.1484
-22.3139
-20.7391
-21.7739
-24.0638
-21.6483
-20.8687
-20.6694
-21.0923
-22.3345
-26.9009
273.461
-5983.78
224.628
-23.2105
-18.4066
-19.0485
-20.4214
-21.1946
-20.9032
0

0
-18.0764
-20.5382
-18.5628
-19.3888
-21.6292
-19.4199
-18.6295
-18.7949
-18.249
-19.1574
-23.1212
-309.629
-32658.9
-301.211
-19.7466
-14.7019
-17.9667
-19.719
-17.979
-18.7326
0

0
0
0
0
0
0
0
0
0
0
0
0
0
0
0
0
0
0
0
0
0
0


0
0
0
0
0
0
0
0
0
0
0
0
0
0
0
0
0
0
0
0
0
0

0
-40.2318
-25.0933
-42.9554
-65.2799
-41.7709
-44.2601
-42.3195
-60.8865
-73.3155
-43.9544
-47.0677
-58.8469
-99.5437
-51.3402
-43.9192
-49.8088
-76.8364
-41.6567
-43.9872
-42.0669
0

0
-22.7407
44.592
-25.2128
-27.923
-25.2811
-26.1117
-21.0778
-24.5487
-19.646
-22.8167
-29.7053
-113.765
-666.138
-97.2792
-35.8192
-34.9151
-56.4536
-29.5661
-25.8017
-24.3334
0

0
-23.0916
-1.44314
-25.4162
-23.4355
-33.108
-28.3653
-25.6255
-21.3606
-15.0517
-25.5267
-29.2309
-224.021
2999.79
-244.931
-40.7038
-33.0553
-20.4741
-32.4959
-25.9733
-25.9358
0

0
-21.4888
-15.0069
-22.3743
-17.7941
-36.6942
-30.564
-25.7817
-16.5232
-22.6199
-26.3463
-35.9345
168.518
-7158.31
112.718
-45.5007
-17.4092
-10.764
-26.0855
-24.3959
-25.3211
0

0
-22.7274
-20.0659
-23.7123
-21.6773
-23.0858
-29.2295
-27.7995
-22.697
-32.8289
-28.0116
-35.8063
-1750.11
-15966.5
-1800.51
-52.1343
-43.1862
-17.1602
-26.0464
-25.5242
-25.7697
0

0
-25.414
-22.7487
-27.7963
-27.8888
-14.216
-21.8184
-28.0502
-30.9202
-26.0413
-29.7533
-36.0694
-5582.7
-42747
-5614.54
-46.9529
-36.8026
-26.7888
-27.053
-26.5068
-26.314
0

0
-27.6982
-47.5063
-32.1984
-27.3649
-25.8123
-24.3552
-26.5409
-25.528
-20.4534
-30.0831
-50.6333
-16122.9
-420558
-16383.5
-40.7397
-5.13685
-27.177
-26.6077
-27.7907
-26.5655
0

0
-28.219
-30.5527
-30.6534
-26.2702
-43.3551
-30.2281
-25.1784
-19.9203
-26.2662
-29.2876
-122.038
-20901
-1.46752e+07
-21799.3
-138.568
-14.5585
-24.5343
-25.1495
-29.0447
-26.4473
0

0
-26.8725
-16.4615
-26.3009
-27.3157
-31.9016
-28.4142
-24.4794
-20.2607
-28.5994
-29.4108
-456.003
-84642.2
-1.49065e+07
-91233.4
-499.476
-54.0715
-25.595
-24.3471
-27.123
-26.0169
0

0
-24.6355
-24.8271
-26.0853
-26.7665
-19.6558
-24.6432
-24.3038
-23.5754
-25.4273
-28.6038
-149.375
-17859.7
-1.51023e+07
-14934
-124.677
-19.0598
-28.9307
-26.7369
-22.0905
-25.1749
0

0
-23.6287
-30.6441
-26.8938
-25.116
-24.361
-25.2062
-25.2081
-29.4284
-24.2398
-27.5149
-45.2641
-952856
-4.99649e+06
-943144
-33.054
-19.0359
-22.9655
-28.676
-21.8269
-23.9963
0

0
-23.0009
-23.5859
-25.2456
-24.5585
-27.3182
-25.0978
-24.8969
-27.7344
-24.2027
-26.8029
-36.7965
-131874
-1.06526e+07
-131079
-36.4141
-21.4375
-23.9494
-30.1336
-21.4449
-22.926
0

0
-21.737
-20.3123
-23.8658
-23.7454
-23.8732
-23.1303
-22.6344
-20.4805
-23.0953
-25.9398
-107.128
-15262.3
-2.54604e+06
-15925.6
-102.384
-19.6891
-22.9031
-24.5875
-27.0954
-22.0954
0

0
-20.1269
-21.7245
-20.8992
-21.8218
-22.76
-21.3956
-20.6667
-19.6843
-21.4203
-24.3494
-58.0726
-2968.11
-22297.7
-2991.56
-54.3307
-19.7202
-19.3192
-20.4727
-23.9045
-20.8551
0

0
-18.2449
-21.3712
-18.5117
-19.6274
-22.2534
-19.5531
-18.7617
-19.1438
-18.8691
-21.2217
-38.0822
-4826.84
-53173.6
-4835.66
-32.0773
-17.6527
-16.7156
-18.3973
-17.72
-19.0437
0

0
0
0
0
0
0
0
0
0
0
0
0
0
0
0
0
0
0
0
0
0
0


0
0
0
0
0
0
0
0
0
0
0
0
0
0
0
0
0
0
0
0
0
0

0
-39.0878
-32.9715
-41.802
-37.8
-41.0085
-43.8814
-42.4186
-36.6006
-35.2816
-44.0921
-42.8192
-13.1308
0.41085
-5.70366
-38.3859
-48.7585
-33.8415
-43.2947
-43.5346
-41.6329
0

0
-23.2342
3.35608
-24.9026
-26.2759
-26.1302
-26.3352
-25.7472
-24.9692
-26.2576
-26.7025
-28.912
-22.8688
-173.534
-6.92621
-32.5831
-26.8256
-26.6289
-26.1284
-25.0572
-24.4501
0

0
-24.8819
-12.1226
-27.6613
-30.0542
-31.2734
-28.0993
-27.7399
-28.6749
-24.6452
-28.359
-27.4611
-43.6916
-31.7627
-27.5631
-36.4007
-43.0804
-36.8996
-32.9735
-28.5199
-27.066
0

0
-23.3446
-20.1998
-24.8715
-24.2785
-37.8748
-28.3428
-26.0452
-23.2702
-20.4164
-27.1793
-30.7897
-4.40463
-8896.86
-23.8835
-40.8116
-26.2604
-15.3531
-29.0411
-26.1475
-26.0743
0

0
-22.1969
-17.1282
-23.0398
-21.9076
-38.2122
-31.3643
-26.5695
-20.6179
-27.4592
-27.6666
-34.5694
-1159.33
-50784.2
-1267.95
-43.0287
-18.4421
-18.2907
-26.7911
-25.9625
-25.995
0

0
-23.2488
-22.015
-24.4566
-25.6989
-15.5656
-27.368
-27.8945
-26.1971
-32.9617
-29.3667
-37.5678
-7597.15
-472295
-7748.91
-46.2632
-50.6602
-25.8357
-27.3511
-26.1721
-26.2448
0

0
-25.8858
-23.1007
-28.3194
-28.2125
-15.1167
-22.1904
-27.6361
-30.0704
-24.0829
-31.2562
-56.589
-60185.5
-6.26229e+06
-60923
-59.6324
-24.7675
-30.0158
-27.0808
-27.1435
-26.656
0

0
-27.5367
-44.2557
-30.9948
-26.6735
-27.4566
-25.7352
-26.1027
-23.6108
-22.6623
-31.405
-205.857
-642315
4.59493e+07
-655781
-237.642
-10.0894
-28.7771
-25.2612
-28.7807
-26.598
0

0
-27.4316
-20.6853
-27.9822
-26.3987
-42.1728
-29.4041
-24.7664
-20.1822
-26.8077
-31.082
-2448.87
-1.94018e+06
-1.20195e+07
-2.08285e+06
-2807.34
-35.6076
-24.1943
-23.5869
-30.0508
-26.0488
0

0
-25.4287
-19.6113
-25.0587
-26.8358
-26.7785
-26.4588
-23.9833
-21.3228
-26.9555
-28.3774
118.708
141982
1.37172e+07
240532
92.7561
-23.2542
-19.0906
-24.2268
-26.3406
-25.3456
0

0
-23.6825
-26.3159
-25.4973
-25.6832
-22.2066
-24.6393
-24.1365
-23.9464
-25.0429
-28.3256
-180.648
-1.31069e+06
4.55187e+07
-1.29185e+06
-127.08
-17.4787
-19.3118
-25.2381
-17.5918
-24.4538
0

0
-22.9288
-27.8948
-25.6146
-24.4352
-25.8304
-25.0249
-24.62
-26.6698
-24.357
-27.7798
-64.4795
-342307
998952
-338636
-48.8033
-22.6037
-23.9931
-24.3594
-21.1015
-23.3502
0

0
-21.8913
-22.8711
-23.1431
-23.5316
-25.2492
-23.9295
-23.4384
-24.2983
-23.4636
-26.5874
-57.7007
-182735
7.38118e+06
-189527
-56.5359
-21.4254
-26.5388
-26.3397
-21.2884
-22.1455
0

0
-20.3048
-21.35
-21.0693
-21.9798
-22.5092
-21.6169
-21.0255
-19.9725
-21.728
-25.4427
-158.826
-9188.73
-438550
-9482.2
-159.93
-20.7509
-21.8131
-22.7848
-20.9464
-20.8782
0

0
-18.5223
-20.4377
-19.131
-20.0733
-20.6347
-19.4334
-18.797
-18.1201
-19.2366
-22.4319
-51.9597
-7716.04
301737
-7647.11
-44.0263
-18.1187
-16.4414
-18.2152
-22.3418
-19.2753
0

0
0
0
0
0
0
0
0
0
0
0
0
0
0
0
0
0
0
0
0
0
0


0
0
0
0
0
0
0
0
0
0
0
0
0
0
0
0
0
0
0
0
0
0

0
-39.6425
-40.8122
-42.1376
-44.3576
-43.6705
-44.1826
-43.1959
-43.423
-42.9629
-44.4953
-40.2615
34.9909
152.604
34.633
-33.4338
-43.0288
-36.5778
-45.2947
-43.6884
-41.7756
0

0
-22.7183
-21.341
-24.5496
-23.997
-23.7822
-25.7576
-24.6902
-22.6744
-22.931
-25.8384
-24.4452
72.9996
399.855
85.4909
-24.3853
-28.1658
-21.4468
-24.3283
-24.6998
-24.2146
0

0
-25.5576
-21.1852
-27.7482
-28.7239
-27.3529
-29.3189
-28.6102
-27.5199
-29.054
-29.3672
-24.9353
173.195
1822.1
192.591
-31.7189
-34.2769
-43.8701
-30.7543
-28.8366
-27.6746
0

0
-24.2711
-19.0382
-26.0386
-27.6888
-29.9978
-27.2147
-27.2506
-27.6733
-24.4749
-28.7856
-26.3328
506.417
7008.52
546.475
-39.0578
-36.7058
-27.1161
-30.5632
-27.22
-26.5046
0

0
-23.9689
-22.2514
-25.3127
-25.3663
-40.4909
-28.7968
-26.9535
-24.8791
-24.1012
-28.8225
-28.8441
1763.16
51557.7
1762.2
-42.5361
-23.0373
-18.5741
-29.0818
-26.7127
-26.5688
0

0
-23.5505
-21.5762
-24.5576
-25.2032
-33.1721
-30.9511
-27.2377
-24.0935
-29.5768
-29.3192
-34.166
8801.94
450955
8758.31
-42.245
-35.3873
-21.8405
-28.1224
-26.5786
-26.4763
0

0
-24.6028
-24.5208
-26.0141
-27.46
-11.0827
-25.554
-27.6308
-27.9509
-30.4954
-30.8669
-37.1025
60789.6
4.79049e+06
61490.8
-26.8179
-38.6145
-28.9561
-27.6622
-27.084
-26.5836
0

0
-26.3229
-26.6706
-28.4174
-27.4134
-18.5864
-23.3574
-26.836
-27.708
-24.1976
-31.5219
69.6161
547853
-3.83372e+07
560666
104.157
-19.2749
-33.5566
-26.8102
-28.1465
-26.5395
0

0
-26.9378
-35.331
-28.8835
-26.177
-27.2607
-26.3572
-25.3721
-23.0499
-24.4219
-29.8766
2502.99
1.59586e+06
1.48743e+07
1.71774e+06
2878.55
-14.3171
-30.7016
-25.6949
-29.1042
-26.1052
0

0
-26.0008
-20.9215
-25.9407
-26.3241
-36.3117
-27.6256
-24.3158
-21.425
-26.4023
-30.6501
-261.191
-72399.8
-1.36719e+07
-161353
-425.726
-35.2648
-23.4752
-24.0296
-30.1428
-25.479
0

0
-24.1974
-22.5954
-24.6511
-26.1603
-26.0904
-25.3007
-23.8146
-21.924
-25.735
-29.5415
36.8105
1.65313e+06
-4.70012e+07
1.64267e+06
46.5418
-20.0999
-15.4601
-22.9875
-26.4081
-24.7077
0

0
-22.9773
-26.1743
-24.5535
-24.8145
-24.5099
-24.4731
-23.891
-24.397
-24.6346
-28.493
-23.4625
670596
6.39443e+06
666290
-7.18831
-21.361
-20.0947
-24.4661
-18.7157
-23.6743
0

0
-21.9884
-25.1133
-23.5498
-23.454
-25.5648
-23.8544
-23.3347
-24.8016
-23.6983
-27.4909
-37.638
343709
-1.06962e+07
344074
-27.4358
-22.9807
-21.2541
-23.0724
-17.9468
-22.3998
0

0
-20.554
-21.98
-21.5406
-22.1066
-22.9928
-22.0124
-21.49
-21.4272
-22.1176
-25.855
67.3302
3638.62
95659.7
3773.95
73.944
-21.7041
-22.2866
-22.211
-22.0419
-21.0881
0

0
-18.8852
-19.4286
-20.039
-20.5572
-19.9548
-19.8645
-19.2897
-18.0156
-19.6722
-23.0901
-47.3262
11131.9
-432919
10689.2
-44.6931
-18.5379
-20.3292
-21.4507
-24.3642
-19.5011
0

0
0
0
0
0
0
0
0
0
0
0
0
0
0
0
0
0
0
0
0
0
0


0
0
0
0
0
0
0
0
0
0
0
0
0
0
0
0
0
0
0
0
0
0

0
-39.6505
-40.0382
-42.1213
-43.0746
-43.9278
-44.1785
-42.9816
-42.3178
-42.4295
-44.3703
-38.5167
60.84
184.489
55.4048
-34.0107
-41.5565
-35.4092
-44.1416
-43.2779
-41.7447
0

0
-22.4965
-22.4253
-24.2272
-24.7442
-24.5328
-25.0251
-24.425
-23.6383
-23.4782
-25.282
-21.5371
114.453
500.459
117.575
-17.0261
-26.6709
-25.1671
-24.1378
-24.5774
-23.8504
0

0
-26.0585
-25.9812
-28.4457
-28.8125
-28.0632
-30.3316
-29.1665
-27.8362
-28.2038
-29.9325
-22.6433
252.164
1705.12
265.789
-23.9413
-30.7301
-36.2881
-30.2084
-29.3364
-28.4804
0

0
-24.6365
-21.6262
-26.0892
-26.8664
-25.1877
-27.5655
-27.14
-26.3849
-27.1962
-28.8646
-24.892
631.53
5294.25
665.5
-34.3942
-38.5421
-37.8224
-29.4792
-26.9895
-26.4925
0

0
-24.4756
-21.8059
-25.8919
-27.1539
-28.3066
-27.5195
-27.4723
-27.4766
-25.6253
-29.5019
-28.0274
1794.04
15511.2
1849.67
-45.0873
-33.2357
-24.5875
-29.4791
-26.9398
-26.78
0

0
-24.4852
-23.9938
-25.8584
-26.3309
-39.5168
-28.868
-27.3791
-26.0559
-26.4806
-29.9044
-33.8242
5452.22
43173
5494.86
-49.354
-25.6246
-21.5057
-28.4189
-26.8325
-26.8167
0

0
-24.6765
-25.162
-26.0365
-26.761
-26.2487
-29.4696
-27.3741
-26.075
-29.7787
-30.4487
-26.9469
14877.9
449489
15022.2
-24.9243
-39.8299
-23.8014
-28.558
-26.7797
-26.6266
0

0
-25.5269
-26.0139
-27.1319
-27.4537
-13.1001
-24.8187
-26.9831
-27.3317
-28.0691
-30.9868
50.7924
21957.7
9.96049e+06
22767.6
99.8172
-27.3488
-24.7274
-28.7586
-27.2733
-26.4361
0

0
-26.2495
-29.6711
-28.2595
-26.6851
-21.1523
-24.4557
-25.9073
-25.0885
-24.8876
-30.3245
407.221
64234.1
9.68252e+06
71903.4
483.696
-19.7592
-34.9846
-27.4783
-28.6122
-26.1816
0

0
-26.0761
-28.6884
-27.4532
-26.1557
-27.5488
-26.4278
-24.8815
-22.5941
-25.2697
-30.1824
67.2607
52142.7
9.48654e+06
48917.7
11.6652
-28.7073
-38.4427
-25.7879
-29.4493
-25.7407
0

0
-24.8049
-22.7954
-25.1253
-26.1589
-30.5906
-26.2865
-24.1946
-22.646
-25.7756
-29.5227
-55.7101
452180
1.63152e+07
459695
-56.9348
-25.524
-22.4409
-24.9502
-29.0098
-25.0088
0

0
-23.2859
-23.714
-24.1074
-25.2132
-25.8034
-24.5199
-23.611
-23.1088
-24.8722
-28.6136
-47.7418
-6423.5
1.26468e+07
-8576.32
-28.1943
-21.2825
-12.0611
-23.7311
-24.5712
-23.885
0

0
-22.0778
-24.4503
-23.4914
-23.6897
-24.1403
-23.4141
-22.9714
-23.169
-23.7468
-27.5165
-24.2194
799.945
5.25439e+06
755.725
5.92915
-21.638
-17.4814
-22.846
-20.7809
-22.5916
0

0
-20.8159
-22.6145
-22.1315
-22.3309
-23.1383
-22.2658
-21.7755
-22.0039
-22.4153
-26.1255
-18.9231
2411.73
51847.3
2278.82
-9.03944
-21.6241
-21.7512
-22.901
-20.9613
-21.3516
0

0
-19.3293
-20.5179
-20.5923
-20.8628
-21.19
-20.7883
-20.1458
-19.9127
-20.2257
-23.4604
-43.7748
4515.06
185302
4369.36
-44.6141
-19.434
-23.9696
-23.2653
-19.676
-19.9487
0

0
0
0
0
0
0
0
0
0
0
0
0
0
0
0
0
0
0
0
0
0
0


0
0
0
0
0
0
0
0
0
0
0
0
0
0
0
0
0
0
0
0
0
0

0
-39.7838
-39.8287
-42.1701
-43.328
-44.3051
-43.9566
-42.9726
-42.3793
-42.4326
-44.2337
-38.1537
56.9163
193.672
51.6408
-36.0747
-42.5386
-37.3177
-42.6449
-43.4385
-41.7285
0

0
-21.7159
-22.2309
-23.3278
-23.6095
-24.2594
-24.0744
-23.457
-22.8093
-22.8261
-23.9065
-19.559
107.231
415.866
105.901
-15.8802
-21.7532
-22.3827
-24.3364
-23.7068
-23.0362
0

0
-27.0493
-27.6211
-29.7461
-30.6029
-31.8796
-31.4362
-30.4968
-29.8242
-29.6334
-31.0845
-23.2668
210.348
1095.31
214.862
-20.3216
-33.1257
-27.5174
-31.1733
-30.5862
-29.6496
0

0
-25.0472
-23.8102
-26.3788
-26.9462
-25.5118
-27.9622
-27.2616
-26.4794
-26.8937
-28.9285
-25.4799
448.628
2620.95
460.988
-26.1018
-35.0183
-34.1714
-27.9977
-26.9697
-26.7214
0

0
-24.7422
-22.9653
-26.0556
-26.8401
-25.5349
-27.5889
-27.2261
-26.7348
-27.0929
-29.0861
-28.4307
1000.6
6495.46
1043.04
-38.4251
-37.5424
-37.2132
-28.4247
-26.796
-26.6449
0

0
-24.8035
-23.8582
-26.0745
-26.9893
-27.4097
-27.4608
-27.4089
-27.3153
-26.6471
-29.7499
-33.6974
2098.26
23811.6
2165.55
-51.1468
-32.7643
-29.0269
-28.3119
-26.6236
-26.7807
0

0
-24.9807
-25.623
-26.3543
-26.7266
-36.5343
-28.5518
-27.2617
-26.5201
-27.4759
-30.0422
-28.1246
3437.77
107723
3436.75
-44.4237
-32.0376
-22.0601
-28.7188
-26.3173
-26.6275
0

0
-25.2641
-26.927
-26.765
-27.0309
-22.87
-27.6453
-26.8981
-26.355
-28.5167
-30.1978
0.744834
3524.77
287391
3484.03
11.1992
-28.1351
-22.0872
-29.0521
-26.6035
-26.3315
0

0
-25.7702
-27.4696
-27.4868
-27.0398
-17.2136
-24.9604
-26.3711
-26.015
-26.7406
-30.1811
59.2152
10274.7
609205
10731.2
86.4813
-21.2078
-23.471
-28.6341
-27.806
-26.2553
0

0
-25.9801
-29.677
-27.8273
-26.6786
-22.9311
-25.5653
-25.6543
-24.1112
-25.5098
-30.0708
-2.8382
9479.17
3.43467e+06
9171.73
53.1976
-24.7205
-24.2173
-27.3716
-28.3188
-26.1597
0

0
-25.3362
-26.1265
-26.392
-26.2468
-28.3919
-26.3642
-24.809
-23.0609
-25.505
-29.347
-47.6775
49137.9
8.54582e+06
48709.3
-63.4871
-30.6935
-47.4775
-25.9427
-27.5
-25.4751
0

0
-23.8127
-23.4517
-24.3811
-25.3467
-27.2652
-25.0789
-23.8475
-23.0735
-24.9149
-28.1904
-45.2739
32648.3
243944
35054.4
-67.0732
-24.4829
-26.2612
-24.8052
-26.0884
-24.1568
0

0
-22.3203
-23.367
-23.274
-23.9629
-24.0797
-23.5303
-22.9685
-22.8195
-23.7942
-27.0633
-44.072
-254.358
9099.84
-74.9345
-27.2425
-20.5925
-13.31
-23.9862
-23.4939
-22.813
0

0
-21.1038
-22.9072
-22.4335
-22.6377
-23.2516
-22.5218
-22.0256
-22.1055
-22.6137
-25.9229
-37.9661
135.52
31841.6
86.2562
-22.3207
-20.3902
-17.8087
-23.0291
-21.8729
-21.6778
0

0
-19.7726
-21.8973
-21.3865
-21.1958
-22.7953
-21.3746
-20.7017
-21.2757
-20.6424
-23.4534
-39.365
786.299
48046.8
758.805
-28.3871
-19.2601
-19.5425
-21.6997
-19.2206
-20.4605
0

0
0
0
0
0
0
0
0
0
0
0
0
0
0
0
0
0
0
0
0
0
0


0
0
0
0
0
0
0
0
0
0
0
0
0
0
0
0
0
0
0
0
0
0

0
-39.9713
-39.6737
-42.2575
-43.3745
-44.3368
-43.9654
-43.0208
-42.3793
-42.5137
-44.0611
-38.9822
33.7179
175.488
30.282
-37.2843
-43.4911
-38.7797
-42.8504
-43.6328
-41.7714
0

0
-20.5096
-21.5297
-22.0251
-22.2101
-22.6017
-22.5912
-22.0801
-21.6231
-21.4848
-21.8994
-18.2893
75.157
317.78
74.0328
-16.1776
-18.8111
-19.3067
-23.4637
-22.3518
-21.7769
0

0
-27.7838
-28.6635
-30.6157
-31.4089
-32.2769
-32.2099
-31.3062
-30.646
-30.6949
-31.6789
-24.512
132.956
670.524
134.182
-21.204
-30.7503
-27.6577
-32.5881
-31.6259
-30.5414
0

0
-25.6874
-25.0697
-27.0819
-27.7625
-28.6888
-28.5386
-27.9296
-27.4799
-27.4838
-29.2349
-27.106
243.165
1426.59
248.679
-24.9539
-32.5227
-31.2579
-27.9389
-27.6145
-27.3185
0

0
-25.1853
-24.2527
-26.448
-27.0394
-26.415
-28.0315
-27.3835
-26.9169
-27.1845
-28.8238
-28.952
455.744
3346.79
469.433
-30.5608
-37.7755
-36.3489
-28.0234
-26.9771
-26.8619
0

0
-25.083
-24.3142
-26.1902
-26.9345
-26.1674
-27.3884
-27.2206
-27.0028
-27.1489
-28.9811
-32.6499
743.091
8603.78
776.458
-41.4999
-38.0703
-35.3101
-27.6646
-26.4943
-26.6643
0

0
-25.1481
-25.3512
-26.2572
-26.7678
-28.3789
-27.2698
-27.0464
-26.9197
-26.9731
-29.0698
-29.5502
955.677
17457.6
991.746
-44.8768
-32.0151
-29.8923
-27.8317
-26.2735
-26.4453
0

0
-25.1766
-26.7523
-26.5349
-26.5875
-31.7763
-27.5756
-26.6938
-26.3016
-27.2407
-29.0259
-21.4203
1042.22
18066.8
1039.17
-31.6691
-26.3902
-21.3476
-28.6216
-26.2688
-26.1213
0

0
-25.4413
-27.7943
-27.2011
-27.0468
-22.0778
-26.5023
-26.552
-26.0871
-27.2615
-29.1513
-13.0232
2041.68
82669.8
2031.52
-0.199592
-19.8944
-17.0196
-29.5483
-26.902
-26.2416
0

0
-25.8363
-28.3198
-27.7485
-27.1759
-21.9286
-25.9091
-26.3114
-25.4426
-26.376
-29.3342
-27.05
1363.98
365361
1256.89
-19.2074
-24.1871
-32.9555
-28.7409
-27.5581
-26.4799
0

0
-25.6039
-27.8737
-27.0694
-26.6383
-25.8506
-26.1681
-25.5106
-24.2038
-25.6385
-28.7443
-40.8406
6983.82
613720
6796.01
-17.8552
-27.9036
-19.9209
-26.212
-26.9725
-25.9185
0

0
-24.3331
-24.7537
-25.1055
-25.4764
-27.3341
-25.4504
-24.3128
-23.4121
-24.8521
-27.451
-38.8506
8604.24
309882
8509.84
-31.4671
-26.4815
-28.1183
-24.8585
-25.4818
-24.5147
0

0
-22.753
-23.4367
-23.6028
-24.2188
-25.185
-24.0286
-23.2807
-22.9976
-23.8573
-26.2656
-45.0635
263.479
106135
263.678
-56.2583
-21.6695
-24.9878
-24.4757
-24.1084
-23.1622
0

0
-21.4999
-23.0964
-22.7671
-23.0313
-23.7346
-22.8777
-22.3632
-22.4248
-22.7753
-25.2523
-43.7764
84.7962
5666.67
81.8589
-40.1972
-19.584
-18.6616
-23.4024
-22.572
-22.1179
0

0
-20.2131
-22.3965
-21.7282
-21.6634
-22.9327
-21.5926
-20.9752
-21.2764
-20.8924
-22.9704
-40.8467
280.011
1895.78
265.04
-24.0066
-17.8063
-14.4701
-21.5712
-20.5668
-20.9708
0

0
0
0
0
0
0
0
0
0
0
0
0
0
0
0
0
0
0
0
0
0
0


0
0
0
0
0
0
0
0
0
0
0
0
0
0
0
0
0
0
0
0
0
0

0
-39.9579
-39.5659
-42.1622
-43.2307
-43.9551
-43.8096
-42.9002
-42.2808
-42.3212
-43.6896
-40.3623
3.52888
115.729
1.95307
-38.2951
-44.1246
-38.6724
-43.0491
-43.4885
-41.6465
0

0
-19.3848
-20.6528
-20.8002
-20.8922
-21.3387
-21.1904
-20.773
-20.4048
-20.1986
-19.999
-17.9006
38.349
213.678
38.1106
-16.5405
-17.1046
-18.4212
-22.3599
-21.1398
-20.5804
0

0
-27.6823
-28.8389
-30.4206
-31.1459
-31.8539
-31.831
-31.0549
-30.5069
-30.3887
-30.8911
-24.5678
65.46
368.671
65.4456
-22.1175
-27.5021
-28.7254
-32.7614
-31.466
-30.3616
0

0
-25.9362
-25.5399
-27.3518
-27.9438
-27.9808
-28.619
-28.0994
-27.7299
-27.7574
-28.7781
-27.5302
106.476
716.792
109.305
-25.5831
-30.0715
-29.0907
-28.4542
-27.9673
-27.5516
0

0
-25.6451
-25.2803
-26.9877
-27.5963
-28.8244
-28.4174
-27.8436
-27.5364
-27.5223
-28.5576
-28.475
182.327
1384.92
187.724
-27.7905
-34.218
-32.0462
-28.3466
-27.534
-27.3123
0

0
-25.4955
-25.1043
-26.5909
-27.1867
-27.2023
-27.8051
-27.4186
-27.1726
-27.3177
-28.3174
-30.5964
262.248
2283.2
273.492
-32.7296
-37.9255
-34.2467
-27.3742
-26.8318
-26.9069
0

0
-25.4739
-25.6599
-26.448
-26.9369
-27.4087
-27.2677
-27.0745
-27.0078
-27.1196
-28.1285
-30.8651
307.345
2486.69
330.162
-37.6108
-34.3196
-32.8056
-27.3752
-26.4472
-26.5084
0

0
-25.3435
-26.5675
-26.5102
-26.6293
-28.633
-27.044
-26.6688
-26.5045
-26.7834
-27.7174
-26.5308
323.272
2510.27
351.713
-33.555
-25.1439
-25.5745
-28.5319
-26.3673
-26.1092
0

0
-25.4247
-27.7822
-27.0937
-26.9361
-26.5845
-26.9021
-26.5979
-26.2105
-26.806
-27.6989
-25.0166
390.196
12389.5
417.371
-25.3456
-20.0413
-19.3638
-29.3454
-26.858
-26.248
0

0
-25.7686
-28.2338
-27.6246
-27.2978
-23.9448
-26.5446
-26.5587
-25.9155
-26.5681
-27.8621
-30.4633
373.374
32543.9
356.536
-23.3308
-22.1065
-18.7967
-28.3747
-27.2599
-26.5681
0

0
-25.6446
-27.4901
-27.0888
-26.8689
-25.9961
-26.3291
-25.8939
-24.9927
-25.8219
-27.4085
-33.3166
1455.32
56593.6
1398.09
-21.6658
-24.2443
-25.0583
-26.674
-26.7206
-26.1043
0

0
-24.5959
-25.5984
-25.5372
-25.7056
-26.6968
-25.5654
-24.7437
-24.0236
-24.8662
-26.2918
-31.4819
1827.99
64986.9
1771.73
-22.0029
-24.3139
-26.8976
-25.4105
-25.4773
-24.8275
0

0
-23.1996
-24.1684
-24.1692
-24.5476
-25.6858
-24.4387
-23.7488
-23.4708
-23.9319
-25.2279
-34.768
459.475
8888.15
442.05
-30.7068
-21.6023
-21.8802
-24.6426
-24.3072
-23.6239
0

0
-22.0025
-23.5229
-23.2435
-23.4876
-24.1598
-23.3406
-22.8173
-22.7785
-22.9305
-24.2732
-36.0726
153.64
1860.17
151.29
-34.9223
-19.0249
-18.9395
-23.7071
-23.2607
-22.6633
0

0
-20.7664
-22.3611
-22.0135
-22.2159
-22.8039
-21.9887
-21.3695
-21.175
-21.1235
-22.123
-34.2313
157.358
69.6443
152.351
-29.4502
-16.8867
-16.364
-22.0775
-22.4514
-21.5399
0

0
0
0
0
0
0
0
0
0
0
0
0
0
0
0
0
0
0
0
0
0
0


0
0
0
0
0
0
0
0
0
0
0
0
0
0
0
0
0
0
0
0
0
0

0
-41.0053
-40.3329
-43.292
-44.4521
-45.2716
-45.1257
-44.0755
-43.3447
-43.3969
-45.2968
-44.6203
-16.9
33.3803
-17.3004
-41.385
-46.1854
-38.8037
-44.0194
-44.6152
-42.7112
0

0
-18.1568
-19.7029
-19.5723
-19.566
-20.0704
-19.8602
-19.4673
-19.1348
-18.9198
-18.5997
-18.0271
9.42664
74.3014
9.41079
-16.7951
-14.6298
-17.3572
-21.5219
-19.9241
-19.3666
0

0
-27.958
-29.0749
-30.9734
-31.7705
-32.516
-32.577
-31.6606
-30.9868
-30.8402
-31.5591
-27.4909
20.0424
107.92
19.7156
-25.2021
-27.5472
-29.1714
-33.3195
-32.0401
-30.9148
0

0
-25.9451
-25.3906
-27.3353
-27.9323
-28.0102
-28.6582
-28.1042
-27.6864
-27.7034
-28.8786
-30.1869
27.0935
199.283
28.1879
-29.6911
-30.7615
-29.925
-28.3508
-27.8871
-27.5648
0

0
-25.6828
-25.1365
-27.0238
-27.6413
-28.3432
-28.4921
-27.9111
-27.5558
-27.6007
-28.927
-32.0101
45.2387
321.855
45.8806
-33.9778
-35.502
-34.148
-28.3685
-27.5051
-27.3836
0

0
-25.5085
-24.9929
-26.5282
-27.1382
-27.9518
-27.7591
-27.3936
-27.1458
-27.3036
-28.8303
-35.577
46.8821
419.486
46.2723
-40.9915
-39.9257
-35.8782
-27.1488
-26.665
-26.8759
0

0
-25.3914
-25.414
-26.231
-26.6797
-28.3953
-27.2616
-26.9054
-26.7607
-27.0902
-28.768
-39.5107
9.88791
320.561
7.1073
-47.3939
-34.4578
-31.4073
-27.0486
-26.1604
-26.3084
0

0
-25.139
-26.2591
-26.197
-26.3627
-28.6129
-26.9408
-26.4451
-26.2753
-26.7934
-28.5167
-42.5122
-67.7706
151.976
-72.7194
-45.2836
-23.4713
-22.5315
-28.5347
-26.1049
-25.823
0

0
-25.2233
-27.842
-26.9743
-26.8341
-26.0124
-26.6881
-26.5145
-26.1515
-26.7839
-28.7292
-44.7035
-118.494
1084.92
-114.661
-36.9606
-20.1676
-18.1057
-29.8324
-26.7676
-26.1066
0

0
-25.7666
-29.1113
-27.9215
-27.3749
-23.6127
-26.4815
-26.6194
-25.8837
-26.6245
-29.0865
-45.1762
-10.9826
3645.92
0.83397
-34.9266
-22.5375
-19.73
-28.5953
-27.3617
-26.6599
0

0
-25.7913
-27.9498
-27.3478
-26.874
-26.2643
-26.3081
-25.8416
-24.8081
-25.8816
-28.4681
-41.3729
309.807
6186.87
306.688
-36.4713
-25.3985
-24.9224
-26.3299
-27.0001
-26.168
0

0
-24.5956
-25.2118
-25.3625
-25.5467
-27.1527
-25.4423
-24.4783
-23.6805
-24.8252
-27.0148
-37.293
416.984
7503.39
402.829
-35.9596
-25.482
-27.4343
-25.0169
-25.8864
-24.6725
0

0
-23.0297
-23.7196
-23.851
-24.3493
-25.6441
-24.2318
-23.464
-23.199
-23.8635
-25.8081
-37.3683
167.019
890.32
159.481
-35.3364
-22.4172
-24.6647
-24.3478
-24.5331
-23.4085
0

0
-21.8372
-23.3101
-23.0344
-23.3416
-23.9819
-23.1707
-22.6456
-22.6628
-22.9057
-24.8643
-38.1526
31.2579
389.903
28.7996
-34.5034
-19.2173
-20.2251
-23.4866
-23.2159
-22.5175
0

0
-20.7043
-22.1602
-21.8963
-22.12
-22.7906
-21.9196
-21.3023
-21.0887
-21.1434
-22.77
-36.9118
6.23852
71.9108
5.19124
-35.0969
-17.5413
-19.5296
-22.0007
-22.4466
-21.4426
0

0
0
0
0
0
0
0
0
0
0
0
0
0
0
0
0
0
0
0
0
0
0


0
0
0
0
0
0
0
0
0
0
0
0
0
0
0
0
0
0
0
0
0
0

0
-36.7857
-36.9526
-39.1061
-40.0341
-40.8222
-40.5929
-39.6826
-38.9888
-38.6985
-39.1228
-39.1126
-33.3769
-3.01877
-31.4716
-36.4344
-39.2303
-35.3554
-40.2636
-40.3147
-38.6191
0

0
-17.7246
-18.704
-18.6265
-18.6239
-18.9903
-18.8535
-18.5532
-18.3333
-18.3234
-18.6928
-18.7815
-13.0948
22.2151
-12.5277
-16.9235
-14.7107
-16.5345
-20.0645
-18.8805
-18.4672
0

0
-26.1058
-27.1681
-28.6864
-29.338
-30.0597
-30.0006
-29.2045
-28.621
-28.4699
-28.9547
-29.5554
-24.5814
22.0097
-23.8722
-28.0846
-27.3749
-26.6748
-30.8307
-29.6783
-28.5351
0

0
-24.737
-24.4049
-26.1266
-26.67
-26.6762
-27.2691
-26.7499
-26.3152
-26.2292
-26.8752
-28.2635
-25.2454
36.3
-25.9454
-29.2803
-29.1371
-27.7768
-27.2823
-26.7276
-26.2156
0

0
-24.4016
-23.8782
-25.6521
-26.1812
-26.7673
-26.9985
-26.4095
-26.0447
-26.0016
-26.7786
-29.33
-30.8503
44.8323
-32.7507
-32.5698
-32.3822
-31.165
-27.2551
-26.2347
-25.8875
0

0
-24.2466
-23.6321
-25.2511
-25.8276
-26.0171
-26.4328
-26.0726
-25.7959
-25.8313
-26.7402
-30.8711
-41.0171
37.2581
-43.9271
-36.4224
-34.8322
-32.7116
-26.3463
-25.5985
-25.5633
0

0
-24.2431
-23.9975
-25.069
-25.5975
-26.8793
-26.0909
-25.8178
-25.6394
-25.7948
-26.8026
-32.7711
-56.024
-3.11147
-59.9971
-38.9707
-32.0834
-31.3636
-25.9035
-25.1919
-25.2656
0

0
-24.1103
-24.6007
-24.9459
-25.2606
-28.6232
-26.0487
-25.4167
-25.2414
-25.6435
-26.6924
-34.3709
-72.3471
-79.2361
-76.8715
-36.5729
-24.1851
-24.9137
-26.4173
-24.9186
-24.8076
0

0
-24.0961
-25.7931
-25.3363
-25.4303
-26.0118
-25.6126
-25.2647
-25.0496
-25.538
-26.7887
-35.3839
-80.8302
-137.996
-84.4409
-31.1389
-19.5408
-18.9087
-27.6831
-25.1784
-24.7262
0

0
-24.4809
-27.3437
-26.2251
-25.8477
-22.2692
-25.0702
-25.3175
-24.8377
-25.2724
-27.0502
-35.3022
-71.2062
-50.3596
-71.0716
-27.8062
-20.5359
-18.4038
-27.7636
-25.7446
-25.0883
0

0
-24.7842
-27.4177
-26.4066
-25.7674
-24.1154
-25.1103
-24.9587
-24.0231
-24.792
-26.8008
-33.849
-50.25
171.818
-45.9989
-28.6188
-23.2884
-21.7831
-26.1834
-25.9133
-25.08
0

0
-24.1957
-25.2611
-25.1308
-25.0048
-26.0518
-24.8168
-23.9886
-22.987
-24.1014
-25.8199
-31.8437
-39.1109
230.803
-34.4382
-31.8102
-24.228
-26.4702
-24.6586
-25.4494
-24.191
0

0
-22.917
-23.3323
-23.5687
-23.9827
-25.2881
-23.8262
-22.9844
-22.4024
-23.2747
-24.741
-30.5478
-42.2146
99.5822
-39.914
-32.6136
-22.2695
-26.7749
-23.7913
-24.4932
-23.0371
0

0
-21.7408
-22.7893
-22.6606
-23.0337
-23.7121
-22.835
-22.261
-22.12
-22.4632
-23.9123
-29.9504
-46.9776
17.6037
-46.788
-28.2378
-19.2148
-21.8397
-23.103
-23.1095
-22.1345
0

0
-20.7203
-22.1136
-21.8098
-22.008
-22.6487
-21.8603
-21.3606
-21.3267
-21.4813
-22.9725
-29.1757
-48.2433
-1.47057
-48.1529
-25.2848
-17.7055
-18.8707
-22.1212
-21.9669
-21.2406
0

0
0
0
0
0
0
0
0
0
0
0
0
0
0
0
0
0
0
0
0
0
0


0
0
0
0
0
0
0
0
0
0
0
0
0
0
0
0
0
0
0
0
0
0

0
0
0
0
0
0
0
0
0
0
0
0
0
0
0
0
0
0
0
0
0
0

0
0
0
0
0
0
0
0
0
0
0
0
0
0
0
0
0
0
0
0
0
0

0
0
0
0
0
0
0
0
0
0
0
0
0
0
0
0
0
0
0
0
0
0

0
0
0
0
0
0
0
0
0
0
0
0
0
0
0
0
0
0
0
0
0
0

0
0
0
0
0
0
0
0
0
0
0
0
0
0
0
0
0
0
0
0
0
0

0
0
0
0
0
0
0
0
0
0
0
0
0
0
0
0
0
0
0
0
0
0

0
0
0
0
0
0
0
0
0
0
0
0
0
0
0
0
0
0
0
0
0
0

0
0
0
0
0
0
0
0
0
0
0
0
0
0
0
0
0
0
0
0
0
0

0
0
0
0
0
0
0
0
0
0
0
0
0
0
0
0
0
0
0
0
0
0

0
0
0
0
0
0
0
0
0
0
0
0
0
0
0
0
0
0
0
0
0
0

0
0
0
0
0
0
0
0
0
0
0
0
0
0
0
0
0
0
0
0
0
0

0
0
0
0
0
0
0
0
0
0
0
0
0
0
0
0
0
0
0
0
0
0

0
0
0
0
0
0
0
0
0
0
0
0
0
0
0
0
0
0
0
0
0
0

0
0
0
0
0
0
0
0
0
0
0
0
0
0
0
0
0
0
0
0
0
0

0
0
0
0
0
0
0
0
0
0
0
0
0
0
0
0
0
0
0
0
0
0

0
0
0
0
0
0
0
0
0
0
0
0
0
0
0
0
0
0
0
0
0
0


