0
0
0
0
0
0
0
0
0
0
0
0
-9.98746
0
0
0
0
0
0
0
0
0

0
-11.4967
-11.2432
-12.1961
-10.7264
-12.1949
-13.762
-12.4924
-10.2174
-12.2488
-12.3555
-12.2583
-13.0382
-13.8794
-14.1754
-14.7739
-14.6947
-11.9396
-15.0775
-12.5355
-12.1792
0

0
-9.24884
10.3866
-9.56337
-9.5881
-10.9502
-11.692
-10.611
-10.1863
-12.2488
-10.389
-9.95086
-10.0322
-10.9076
-11.9336
-12.2759
-13.0259
-10.835
-11.5816
-10.0712
-9.90626
0

0
-9.76182
-9.01673
-10.1089
-10.2407
-10.3086
-10.2197
-10.5331
-11.3134
-12.0523
-10.2482
-10.1028
-11.3995
-11.1962
-12.0924
-12.4388
-6.03631
-12.0799
-11.7777
-10.2907
-10.0827
0

0
-9.89574
-12.37
-10.61
-10.5139
-9.87995
-9.5555
-10.5384
-11.3698
-11.0213
-10.3339
-10.2503
-12.8157
-16.9416
-12.1417
-12.4044
-8.56517
-12.5181
-11.9396
-10.3046
-10.1417
0

0
-9.89724
-14.0247
-11.0539
-10.5409
-10.2502
-10.0448
-10.4931
-11.0655
-10.4554
-10.3884
-10.4315
-13.0382
-14.1885
-12.3805
-9.8856
-12.564
-12.497
-11.9251
-10.2965
-10.1937
0

0
-9.93645
-13.077
-11.1503
-10.5961
-10.711
-10.5497
-10.523
-10.9492
-10.4775
-10.3546
-10.5414
-11.7436
-11.7482
-12.7063
-12.0459
-13.2076
-12.7757
-11.7825
-10.3466
-10.2407
0

0
-9.97518
-11.389
-10.9709
-10.7264
-10.8205
-10.6559
-10.5371
-9.63891
-10.4658
-10.3653
-10.5258
-10.8853
-11.0595
-12.7447
-12.5087
-10.9399
-12.6789
-12.0334
-10.6798
-10.2877
0

0
-9.97775
-10.9406
-10.7976
-10.8501
-10.6366
-10.611
-10.3591
-6.44252
-10.296
-10.3843
-10.4773
-10.6971
-9.91314
-12.2843
-12.3103
-10.2352
-12.3845
-12.4008
-11.696
-10.3352
0

0
-9.9876
-10.9502
-10.8164
-10.9216
-10.7424
-10.5913
-10.2278
-8.12605
-10.1495
-10.389
-10.4454
-10.3724
-6.74783
-11.5753
-11.8321
-9.53052
-12.1376
-12.288
-12.5515
-10.3843
0

0
-10.0133
-10.9475
-10.8764
-10.9459
-11.3492
-10.6987
-10.3278
-9.83868
-10.2174
-10.3928
-10.4106
-9.76024
-0.0510422
-10.8048
-10.7777
-7.58021
-9.27683
-11.7825
-12.0379
-10.447
0

0
-10.0331
-10.9037
-10.8736
-10.969
-11.8159
-10.9356
-10.4508
-10.3263
-10.3082
-10.3849
-10.3744
-9.50976
11.2071
-10.3112
-9.86289
-4.53749
-9.28316
-11.1668
-11.1298
-10.4914
0

0
-10.0039
-10.7808
-10.6777
-11
-11.9892
-10.9908
-10.5271
-10.6976
-10.3041
-10.3342
-10.3167
-11.2341
-16.9416
-11.7234
-8.05828
-1.93212
-9.35204
-11.4119
-11.0013
-10.4449
0

0
-9.85339
-10.5409
-9.80443
-10.8987
-11.7158
-10.7994
-10.4324
-10.7892
-10.1737
-10.1465
-10.1407
-10.5431
-13.549
-9.88936
-5.60875
-1.63823
-9.8856
-11.3305
-11.1752
-10.2615
0

0
-9.49872
-10.1713
-10.1469
-10.5144
-11.6509
-10.4312
-10.0749
-10.0236
-9.82957
-9.78933
-9.77456
-9.834
-8.67019
-6.8083
-9.27683
-2.39717
-9.87357
-10.7739
-10.858
-9.88703
0

0
-8.87699
-9.57716
-9.56257
-9.80443
-10.8967
-9.7351
-9.38686
-9.25113
-9.19451
-9.19073
-9.18592
-9.23291
-9.21223
-8.26345
-9.1592
-2.28147
-9.49109
-10.2052
-10.1554
-9.25425
0

0
0
0
0
0
0
0
0
0
0
0
0
0
0
0
0
0
0
-13.7657
0
0
0


0
11.4967
11.2432
12.1961
10.7264
12.1949
13.762
12.4924
10.2174
12.2488
12.3555
12.2583
13.0382
13.8794
14.1754
14.7739
14.6947
11.9396
15.0775
12.5355
12.1792
-10.2877

11.4967
-11.4967
-11.2432
-12.1961
-10.7264
-12.1949
-13.762
-12.4924
-10.2174
-12.2488
-12.3555
-12.2583
-13.0382
-13.8794
-14.1754
-14.7739
-14.6947
-11.9396
-15.0775
-12.5355
-12.1792
-12.1792

9.24884
-9.24884
10.3866
-9.56337
-9.5881
-10.9502
-11.692
-10.611
-10.1863
-12.2488
-10.389
-9.95086
-10.0322
-10.9076
-11.9336
-12.2759
-13.0259
-10.835
-11.5816
-10.0712
-9.90626
-9.90626

9.76182
-9.76182
-9.01673
-10.1089
-10.2407
-10.3086
-10.2197
-10.5331
-11.3134
-12.0523
-10.2482
-10.1028
-11.3995
-11.1962
-12.0924
-12.4388
-6.03631
-12.0799
-11.7777
-10.2907
-10.0827
-10.0827

9.89574
-9.89574
-12.37
-10.61
-10.5139
-9.87995
-9.5555
-10.5384
-11.3698
-11.0213
-10.3339
-10.2503
-12.8157
-16.9416
-12.1417
-12.4044
-8.56517
-12.5181
-11.9396
-10.3046
-10.1417
-10.1417

9.89724
-9.89724
-14.0247
-11.0539
-10.5409
-10.2502
-10.0448
-10.4931
-11.0655
-10.4554
-10.3884
-10.4315
-13.0382
-14.1885
-12.3805
-9.8856
-12.564
-12.497
-11.9251
-10.2965
-10.1937
-10.1937

9.93645
-9.93645
-13.077
-11.1503
-10.5961
-10.711
-10.5497
-10.523
-10.9492
-10.4775
-10.3546
-10.5414
-11.7436
-11.7482
-12.7063
-12.0459
-13.2076
-12.7757
-11.7825
-10.3466
-10.2407
-10.2407

9.97518
-9.97518
-11.389
-10.9709
-10.7264
-10.8205
-10.6559
-10.5371
-9.63891
-10.4658
-10.3653
-10.5258
-10.8853
-11.0595
-12.7447
-12.5087
-10.9399
-12.6789
-12.0334
-10.6798
-10.2877
-10.2877

9.97775
-9.97775
-10.9406
-10.7976
-10.8501
-10.6366
-10.611
-10.3591
-6.44252
-10.296
-10.3843
-10.4773
-10.6971
-9.91314
-12.2843
-12.3103
-10.2352
-12.3845
-12.4008
-11.696
-10.3352
-10.3352

9.9876
-9.9876
-10.9502
-10.8164
-10.9216
-10.7424
-10.5913
-10.2278
-8.12605
-10.1495
-10.389
-10.4454
-10.3724
-6.74783
-11.5753
-11.8321
-9.53052
-12.1376
-12.288
-12.5515
-10.3843
-10.3843

10.0133
-10.0133
-10.9475
-10.8764
-10.9459
-11.3492
-10.6987
-10.3278
-9.83868
-10.2174
-10.3928
-10.4106
-9.76024
-0.0510422
-10.8048
-10.7777
-7.58021
-9.27683
-11.7825
-12.0379
-10.447
-10.447

10.0331
-10.0331
-10.9037
-10.8736
-10.969
-11.8159
-10.9356
-10.4508
-10.3263
-10.3082
-10.3849
-10.3744
-9.50976
11.2071
-10.3112
-9.86289
-4.53749
-9.28316
-11.1668
-11.1298
-10.4914
-10.4914

10.0039
-10.0039
-10.7808
-10.6777
-11
-11.9892
-10.9908
-10.5271
-10.6976
-10.3041
-10.3342
-10.3167
-11.2341
-16.9416
-11.7234
-8.05828
-1.93212
-9.35204
-11.4119
-11.0013
-10.4449
-10.4449

9.85339
-9.85339
-10.5409
-9.80443
-10.8987
-11.7158
-10.7994
-10.4324
-10.7892
-10.1737
-10.1465
-10.1407
-10.5431
-13.549
-9.88936
-5.60875
-1.63823
-9.8856
-11.3305
-11.1752
-10.2615
-10.2615

9.49872
-9.49872
-10.1713
-10.1469
-10.5144
-11.6509
-10.4312
-10.0749
-10.0236
-9.82957
-9.78933
-9.77456
-9.834
-8.67019
-6.8083
-9.27683
-2.39717
-9.87357
-10.7739
-10.858
-9.88703
-9.88703

8.87699
-8.87699
-9.57716
-9.56257
-9.80443
-10.8967
-9.7351
-9.38686
-9.25113
-9.19451
-9.19073
-9.18592
-9.23291
-9.21223
-8.26345
-9.1592
-2.28147
-9.49109
-10.2052
-10.1554
-9.25425
-9.25425

0
-8.87699
-9.57716
-9.56257
-9.80443
-10.8967
-9.7351
-9.38686
-9.25113
-9.19451
-9.19073
-9.18592
-9.23291
-9.21223
-8.26345
-9.1592
-2.28147
-9.49109
-10.2052
-10.1554
-9.25425
0


0
11.5168
10.093
12.5978
13.0107
11.2625
12.7255
12.7863
13.6483
11.8728
12.6412
12.5997
11.862
14.0367
13.9692
14.111
12.7456
17.4218
15.6993
13.1894
12.4677
0

11.5168
-11.5168
-10.093
-12.5978
-13.0107
-11.2625
-12.7255
-12.7863
-13.6483
-11.8728
-12.6412
-12.5997
-11.862
-14.0367
-13.9692
-14.111
-12.7456
-17.4218
-15.6993
-13.1894
-12.4677
-12.4677

9.38122
-9.38122
-1.12833
-10.0132
-9.60412
-12.5927
-11.5519
-10.3148
-9.29617
-9.99144
-10.1607
-10.216
-11.1262
-11.5343
-11.6111
-12.0922
-13.5798
-11.3427
-12.0364
-10.4077
-10.0487
-10.0487

9.45016
-9.45016
-8.42328
-9.85867
-10.0137
-11.2779
-11.7491
-10.6325
-10.2311
-12.0187
-10.3864
-10.2135
-9.4276
-10.9806
-11.7597
-12.0109
-13.6545
-11.5701
-11.9653
-10.6383
-10.1802
-10.1802

9.6295
-9.6295
-8.03982
-10.015
-10.5221
-9.99693
-10.2921
-10.6928
-11.3729
-11.8843
-10.4338
-10.2687
-10.7122
-9.63326
-11.8114
-12.3541
-5.64157
-12.5369
-12.0236
-10.7224
-10.2393
-10.2393

9.85929
-9.85929
-11.2712
-10.6543
-10.7106
-10.0197
-9.84104
-10.6624
-11.2997
-10.8555
-10.5214
-10.4762
-12.9696
-14.3685
-12.1018
-13.262
-9.66481
-12.5174
-12.0927
-10.7194
-10.3015
-10.3015

9.98209
-9.98209
-13.5353
-11.2011
-10.7297
-10.7267
-10.4969
-10.6554
-11.1597
-10.5065
-10.534
-10.6567
-12.6308
-13.4808
-12.7614
-11.5861
-14.09
-12.7832
-11.9721
-10.601
-10.3586
-10.3586

10.0768
-10.0768
-12.3729
-11.2955
-10.8233
-11.3225
-10.9034
-10.7103
-10.8257
-10.5688
-10.5083
-10.6996
-11.3014
-11.618
-13.2937
-12.0532
-12.7649
-12.7019
-11.8538
-10.4645
-10.4168
-10.4168

10.1122
-10.1122
-11.1699
-11.0381
-10.9731
-11.1965
-10.8953
-10.6728
-9.26637
-10.5086
-10.5223
-10.6444
-10.7655
-10.7488
-13.034
-12.2341
-10.6398
-12.2581
-12.292
-10.8278
-10.475
-10.475

10.1248
-10.1248
-11.0036
-10.924
-11.0906
-10.8789
-10.7613
-10.4656
-7.57335
-10.3394
-10.5361
-10.5987
-10.5609
-8.29697
-11.9683
-12.1931
-9.93057
-12.178
-12.6726
-12.1647
-10.5273
-10.5273

10.1483
-10.1483
-11.0878
-10.988
-11.1367
-11.0048
-10.7588
-10.4264
-9.18425
-10.3108
-10.5391
-10.5577
-9.94685
-3.50603
-10.7241
-11.3429
-8.64292
-13.0226
-12.2703
-12.8364
-10.5786
-10.5786

10.1645
-10.1645
-11.1082
-11.0403
-11.1272
-11.7219
-10.9841
-10.5605
-10.3162
-10.4301
-10.5265
-10.496
-9.1793
6.09677
-9.90042
-10.0484
-6.09734
-9.7528
-11.2396
-11.8162
-10.6202
-10.6202

10.1199
-10.1199
-11.0035
-10.9727
-11.1047
-12.0557
-11.1518
-10.6339
-10.5392
-10.4357
-10.4523
-10.4223
-10.5251
-12.5864
-11.1715
-8.62129
-3.21803
-8.82913
-11.0308
-10.7142
-10.5734
-10.5734

9.93671
-9.93671
-10.7029
-10.7577
-10.9783
-11.5348
-10.9374
-10.5202
-10.6859
-10.2658
-10.2435
-10.2381
-10.9496
-16.3931
-11.2798
-7.16553
-2.15256
-9.40548
-11.3236
-10.7769
-10.3494
-10.3494

9.5424
-9.5424
-10.2022
-10.0154
-10.5604
-11.1704
-10.4507
-10.1265
-10.2782
-9.87998
-9.84138
-9.84376
-10.0333
-10.9619
-9.75984
-7.52814
-2.72119
-9.43503
-10.9533
-10.7324
-9.92826
-9.92826

8.90403
-8.90403
-9.62395
-9.58769
-9.84367
-10.6874
-9.76785
-9.43294
-9.30825
-9.2367
-9.23417
-9.23284
-9.23621
-8.56512
-8.27753
-9.05275
-3.13008
-9.09094
-10.2647
-10.0981
-9.28764
-9.28764

0
-8.90403
-9.62395
-9.58769
-9.84367
-10.6874
-9.76785
-9.43294
-9.30825
-9.2367
-9.23417
-9.23284
-9.23621
-8.56512
-8.27753
-9.05275
-3.13008
-9.09094
-10.2647
-10.0981
-9.28764
0


0
11.5755
10.2324
12.7198
12.8416
11.2713
13.0829
12.8963
12.6398
12.8803
12.6908
12.7002
13.3011
13.4162
13.6753
13.7785
14.3803
16.2504
15.6926
13.5389
12.6061
0

11.5755
-11.5755
-10.2324
-12.7198
-12.8416
-11.2713
-13.0829
-12.8963
-12.6398
-12.8803
-12.6908
-12.7002
-13.3011
-13.4162
-13.6753
-13.7785
-14.3803
-16.2504
-15.6926
-13.5389
-12.6061
-12.6061

9.45274
-9.45274
-8.181
-10.1764
-10.5008
-10.9367
-10.6695
-10.5247
-10.8665
-10.0346
-10.3953
-10.3414
-9.67192
-11.3458
-11.5569
-11.9475
-11.6561
-13.463
-12.4851
-10.7866
-10.2285
-10.2285

9.46031
-9.46031
-7.61137
-10.185
-10.2491
-12.9065
-11.4547
-10.6928
-10.2123
-10.4874
-10.4625
-10.4419
-11.0247
-11.2472
-11.6719
-12.025
-13.9648
-12.5041
-12.1946
-10.8619
-10.3168
-10.3168

9.54148
-9.54148
-8.37114
-10.0994
-10.4397
-11.551
-11.5236
-10.7719
-10.6907
-11.601
-10.5079
-10.4053
-10.0488
-10.991
-11.7954
-11.9386
-10.7602
-12.5181
-12.0907
-10.877
-10.3496
-10.3496

9.72511
-9.72511
-9.12417
-10.3381
-10.7634
-10.2103
-10.5248
-10.8207
-11.2688
-11.4816
-10.5937
-10.4873
-11.0335
-10.991
-11.9497
-12.3535
-7.77545
-12.6215
-12.1576
-10.8948
-10.4081
-10.4081

9.93526
-9.93526
-11.3494
-10.8033
-10.8898
-10.1568
-10.3485
-10.7825
-11.0675
-10.8635
-10.6528
-10.6714
-12.3754
-13.1212
-12.2465
-12.8965
-11.3872
-12.614
-12.0668
-10.9078
-10.4668
-10.4668

10.1
-10.1
-12.5133
-11.2449
-10.9372
-11.011
-10.7868
-10.8004
-11.0479
-10.6629
-10.6588
-10.7939
-11.9867
-12.3543
-12.8118
-12.1495
-13.7168
-12.7185
-11.8728
-10.9111
-10.5225
-10.5225

10.1989
-10.1989
-11.8155
-11.3093
-11.0466
-11.4602
-11.0561
-10.8291
-10.5755
-10.6628
-10.6536
-10.791
-11.1028
-11.2161
-13.2873
-11.5838
-12.0726
-12.3191
-11.8587
-10.8916
-10.5816
-10.5816

10.2408
-10.2408
-11.2163
-11.1474
-11.1721
-11.1839
-11.0466
-10.7596
-9.34276
-10.567
-10.663
-10.7393
-10.694
-9.58986
-12.8086
-11.222
-10.4207
-11.6539
-12.3575
-11.1374
-10.6479
-10.6479

10.2664
-10.2664
-11.1265
-11.101
-11.257
-10.9917
-10.9471
-10.6275
-8.89697
-10.461
-10.6654
-10.6911
-10.3285
-6.32254
-11.3967
-11.2775
-9.24804
-11.3971
-12.6172
-12.1648
-10.7057
-10.7057

10.2779
-10.2779
-11.1538
-11.1258
-11.2697
-11.4284
-10.9766
-10.6383
-9.95844
-10.4926
-10.6448
-10.6215
-9.7627
-1.69561
-10.1447
-10.6954
-7.27452
-11.0971
-12.0996
-12.6024
-10.7263
-10.7263

10.2234
-10.2234
-11.1002
-11.072
-11.205
-11.9872
-11.1379
-10.6933
-10.4533
-10.5151
-10.5584
-10.5041
-9.74749
-5.49567
-9.99246
-9.73333
-4.71214
-8.89608
-11.0645
-11.543
-10.6688
-10.6688

10.021
-10.021
-10.8621
-10.8473
-11.0256
-11.8372
-11.0562
-10.5794
-10.3983
-10.3459
-10.3332
-10.2999
-10.4333
-11.7703
-10.449
-8.48717
-3.22485
-8.78885
-10.8919
-10.6656
-10.4383
-10.4383

9.60498
-9.60498
-10.3739
-10.3594
-10.6118
-11.0206
-10.5377
-10.1849
-10.1517
-9.94625
-9.91527
-9.91111
-10.2544
-12.9044
-9.82873
-8.13501
-3.55342
-9.23227
-10.8902
-10.5415
-9.99288
-9.99288

8.96424
-8.96424
-9.68656
-9.62243
-9.90479
-10.4653
-9.81616
-9.5069
-9.45593
-9.30782
-9.30254
-9.30698
-9.35223
-9.21153
-8.81498
-8.33284
-3.9172
-8.88585
-10.3523
-10.1369
-9.35151
-9.35151

0
-8.96424
-9.68656
-9.62243
-9.90479
-10.4653
-9.81616
-9.5069
-9.45593
-9.30782
-9.30254
-9.30698
-9.35223
-9.21153
-8.81498
-8.33284
-3.9172
-8.88585
-10.3523
-10.1369
-9.35151
0


0
11.6798
11.7852
12.8008
12.988
12.2954
13.1642
12.9943
12.8486
12.8461
12.7921
12.7789
12.9621
13.2623
13.4898
13.6515
14.7836
15.8875
15.475
13.7179
12.7247
0

11.6798
-11.6798
-11.7852
-12.8008
-12.988
-12.2954
-13.1642
-12.9943
-12.8486
-12.8461
-12.7921
-12.7789
-12.9621
-13.2623
-13.4898
-13.6515
-14.7836
-15.8875
-15.475
-13.7179
-12.7247
-12.7247

9.51033
-9.51033
-8.65038
-10.3367
-10.5784
-9.36554
-10.788
-10.6314
-10.5458
-10.5552
-10.4664
-10.4695
-10.7324
-11.1211
-11.3611
-11.4857
-11.194
-13.1365
-12.576
-11.0102
-10.3412
-10.3412

9.59957
-9.59957
-9.03479
-10.3648
-10.6512
-11.3043
-10.9665
-10.7738
-10.8047
-10.5539
-10.5891
-10.5454
-10.4189
-11.2157
-11.5764
-11.9111
-12.2952
-12.9661
-12.3555
-11.0659
-10.4518
-10.4518

9.61583
-9.61583
-8.89902
-10.3477
-10.5738
-12.9803
-11.3973
-10.8435
-10.6488
-10.8517
-10.6069
-10.5564
-10.7564
-11.115
-11.625
-11.9667
-13.62
-12.4135
-12.094
-11.0488
-10.4737
-10.4737

9.72595
-9.72595
-9.34532
-10.3949
-10.7489
-12.018
-11.3327
-10.9163
-10.9418
-11.3385
-10.6634
-10.5844
-10.58
-11.1455
-11.7031
-11.9697
-10.1782
-12.2503
-11.9639
-11.0713
-10.5177
-10.5177

9.89995
-9.89995
-10.2337
-10.6685
-10.9645
-10.6783
-10.7914
-10.9272
-11.1865
-11.2218
-10.7318
-10.6874
-11.3341
-11.5219
-11.8463
-12.3317
-9.97605
-12.1371
-11.9543
-11.0935
-10.5708
-10.5708

10.0865
-10.0865
-11.4709
-11.0095
-11.0569
-10.5011
-10.7626
-10.9138
-11.0378
-10.9133
-10.768
-10.8199
-11.8356
-12.1852
-12.1698
-12.7325
-12.3079
-12.4522
-11.9586
-11.091
-10.6269
-10.6269

10.236
-10.236
-11.8879
-11.2932
-11.1287
-11.1586
-11.0306
-10.9346
-10.9028
-10.7943
-10.7759
-10.8827
-11.4911
-11.548
-12.6396
-12.1012
-12.7884
-12.3968
-11.9625
-11.1105
-10.6859
-10.6859

10.3252
-10.3252
-11.5582
-11.3282
-11.2367
-11.4642
-11.1794
-10.9304
-10.4282
-10.7498
-10.7801
-10.864
-10.975
-10.4564
-12.791
-11.0192
-11.2579
-11.6841
-12.1717
-11.2389
-10.7482
-10.7482

10.3705
-10.3705
-11.3058
-11.2579
-11.3301
-11.2578
-11.1465
-10.8614
-9.80056
-10.6663
-10.7807
-10.8164
-10.608
-8.54282
-11.9792
-10.4487
-9.65552
-11.0423
-12.4483
-11.5686
-10.8073
-10.8073

10.3827
-10.3827
-11.2394
-11.2241
-11.3621
-11.1969
-11.0863
-10.7928
-9.88021
-10.6086
-10.7538
-10.7451
-10.2308
-6.14262
-10.5274
-10.2958
-7.95655
-10.7839
-12.3666
-12.097
-10.8341
-10.8341

10.3228
-10.3228
-11.155
-11.1486
-11.2954
-11.6545
-11.1106
-10.7609
-10.4039
-10.5835
-10.6559
-10.6123
-9.95822
-6.11592
-9.60981
-9.97497
-5.92079
-9.96308
-11.7512
-12.1161
-10.7635
-10.7635

10.1122
-10.1122
-10.9114
-10.9053
-11.0827
-11.8701
-11.047
-10.6268
-10.4744
-10.4174
-10.4193
-10.3734
-10.042
-8.31851
-9.66473
-9.22282
-4.54184
-8.84288
-10.9898
-11.2172
-10.5251
-10.5251

9.68728
-9.68728
-10.4525
-10.4325
-10.6562
-11.2069
-10.6258
-10.2454
-10.1292
-10.0169
-9.99524
-9.97702
-10.0544
-10.4235
-9.69455
-8.37981
-4.52583
-8.88123
-10.7576
-10.5282
-10.0743
-10.0743

9.04888
-9.04888
-9.80215
-9.75676
-9.97734
-10.3612
-9.89347
-9.59136
-9.4953
-9.39485
-9.38946
-9.39182
-9.48269
-10.0585
-9.14762
-8.09374
-4.61929
-8.76314
-10.4193
-10.1057
-9.43803
-9.43803

0
-9.04888
-9.80215
-9.75676
-9.97734
-10.3612
-9.89347
-9.59136
-9.4953
-9.39485
-9.38946
-9.39182
-9.48269
-10.0585
-9.14762
-8.09374
-4.61929
-8.76314
-10.4193
-10.1057
-9.43803
0


0
11.7825
12.2225
12.8798
13.0862
13.2312
13.2784
13.087
12.9526
12.9502
12.8613
12.8388
12.976
13.1801
13.3875
13.4914
14.2545
15.0975
15.2033
13.8052
12.8231
0

11.7825
-11.7825
-12.2225
-12.8798
-13.0862
-13.2312
-13.2784
-13.087
-12.9526
-12.9502
-12.8613
-12.8388
-12.976
-13.1801
-13.3875
-13.4914
-14.2545
-15.0975
-15.2033
-13.8052
-12.8231
-12.8231

9.61488
-9.61488
-9.5535
-10.4565
-10.6359
-10.2114
-10.8997
-10.6945
-10.5943
-10.5894
-10.5252
-10.5239
-10.7044
-10.9609
-11.1678
-11.2986
-11.9247
-12.7047
-12.4307
-11.1351
-10.4236
-10.4236

9.70986
-9.70986
-9.5063
-10.5143
-10.7878
-9.58006
-10.9498
-10.8569
-10.8106
-10.763
-10.6723
-10.6492
-10.7444
-11.1557
-11.4205
-11.6152
-11.8035
-12.4194
-12.3481
-11.2312
-10.5647
-10.5647

9.74103
-9.74103
-9.58205
-10.514
-10.7954
-10.786
-11.0513
-10.9127
-10.8611
-10.8224
-10.7049
-10.6607
-10.7121
-11.1458
-11.4721
-11.7392
-12.4782
-12.1882
-12.1019
-11.2063
-10.5916
-10.5916

9.81225
-9.81225
-9.70354
-10.5599
-10.8311
-12.3753
-11.3484
-10.9788
-10.9197
-11.0486
-10.747
-10.6923
-10.7948
-11.143
-11.5001
-11.7901
-12.3741
-12.085
-11.9853
-11.2128
-10.631
-10.631

9.93741
-9.93741
-10.1455
-10.6897
-10.9797
-12.0605
-11.2764
-11.0306
-11.0839
-11.2153
-10.8015
-10.7502
-10.9578
-11.27
-11.5417
-11.9176
-10.8104
-12.2072
-11.9744
-11.2267
-10.6768
-10.6768

10.0993
-10.0993
-10.8576
-10.9349
-11.1333
-11.11
-11.0434
-11.0351
-11.1357
-11.1226
-10.8503
-10.8464
-11.3812
-11.551
-11.6644
-12.274
-11.4569
-12.4578
-12.0043
-11.2489
-10.7298
-10.7298

10.2598
-10.2598
-11.4816
-11.1892
-11.2214
-10.966
-11.0658
-11.0374
-11.0352
-10.9747
-10.8764
-10.9297
-11.4883
-11.5688
-11.9291
-12.4638
-12.3693
-12.5302
-12.0748
-11.2825
-10.7872
-10.7872

10.3835
-10.3835
-11.6243
-11.3564
-11.3029
-11.3424
-11.214
-11.0477
-10.847
-10.8977
-10.8872
-10.9546
-11.2233
-10.9879
-12.2454
-11.7244
-11.7076
-11.9723
-12.1577
-11.3504
-10.8476
-10.8476

10.4585
-10.4585
-11.4892
-11.3801
-11.3898
-11.456
-11.2791
-11.0267
-10.5005
-10.8391
-10.8877
-10.928
-10.8883
-9.93914
-12.1553
-10.4381
-10.0329
-11.0143
-12.3445
-11.5085
-10.9041
-10.9041

10.4827
-10.4827
-11.3646
-11.3348
-11.4324
-11.3247
-11.2341
-10.9633
-10.275
-10.7658
-10.8583
-10.8606
-10.5767
-8.57935
-11.2706
-9.69178
-8.3347
-10.3223
-12.3741
-11.765
-10.928
-10.928

10.4228
-10.4228
-11.2375
-11.23
-11.3692
-11.3785
-11.155
-10.8695
-10.3939
-10.6752
-10.7526
-10.7229
-10.294
-7.9129
-10.1296
-9.45404
-6.80501
-10.0356
-12.0497
-11.9007
-10.8578
-10.8578

10.2089
-10.2089
-10.9845
-10.9795
-11.1444
-11.5481
-11.0238
-10.6869
-10.4734
-10.4877
-10.5085
-10.4663
-10.1185
-8.54132
-9.57226
-9.29545
-5.69675
-9.53589
-11.4477
-11.5583
-10.6166
-10.6166

9.78382
-9.78382
-10.5363
-10.5203
-10.7127
-11.2504
-10.6612
-10.3068
-10.1791
-10.0965
-10.0839
-10.0563
-9.96156
-9.60125
-9.51137
-8.72721
-5.33566
-8.96253
-10.8665
-10.7983
-10.1683
-10.1683

9.15424
-9.15424
-9.90987
-9.87386
-10.06
-10.4136
-9.9898
-9.68609
-9.55756
-9.49353
-9.48945
-9.48347
-9.50353
-9.66216
-9.25195
-8.13356
-5.12755
-8.67698
-10.4521
-10.1548
-9.54364
-9.54364

0
-9.15424
-9.90987
-9.87386
-10.06
-10.4136
-9.9898
-9.68609
-9.55756
-9.49353
-9.48945
-9.48347
-9.50353
-9.66216
-9.25195
-8.13356
-5.12755
-8.67698
-10.4521
-10.1548
-9.54364
0


0
11.8879
12.4633
12.9514
13.174
13.149
13.3014
13.153
13.0389
13.0197
12.9191
12.8871
12.9885
13.1444
13.3194
13.3942
14.0002
14.4702
14.9676
13.8533
12.9033
0

11.8879
-11.8879
-12.4633
-12.9514
-13.174
-13.149
-13.3014
-13.153
-13.0389
-13.0197
-12.9191
-12.8871
-12.9885
-13.1444
-13.3194
-13.3942
-14.0002
-14.4702
-14.9676
-13.8533
-12.9033
-12.9033

9.70284
-9.70284
-9.96527
-10.5155
-10.6898
-10.8121
-10.8823
-10.7162
-10.6265
-10.6178
-10.5496
-10.5421
-10.6664
-10.8481
-11.0007
-11.0885
-11.675
-12.0979
-12.202
-11.1754
-10.4718
-10.4718

9.84354
-9.84354
-9.97942
-10.6623
-10.8608
-10.7456
-11.1579
-10.9466
-10.8699
-10.8489
-10.752
-10.7324
-10.8523
-11.1059
-11.3054
-11.4413
-11.8644
-12.2648
-12.3499
-11.3648
-10.672
-10.672

9.86977
-9.86977
-9.97035
-10.6513
-10.9102
-10.3726
-11.0742
-10.9849
-10.9391
-10.907
-10.7848
-10.7494
-10.8239
-11.1375
-11.3597
-11.5342
-11.956
-12.0377
-12.1596
-11.3312
-10.6971
-10.6971

9.93094
-9.93094
-10.0674
-10.697
-10.9622
-10.9039
-11.1592
-11.0399
-10.9998
-11.0086
-10.8291
-10.783
-10.865
-11.1552
-11.3885
-11.5998
-12.3093
-12.003
-12.069
-11.3357
-10.7388
-10.7388

10.0256
-10.0256
-10.2935
-10.7874
-11.0417
-11.8791
-11.3302
-11.0949
-11.0792
-11.1382
-10.8745
-10.8278
-10.9541
-11.2065
-11.4045
-11.6449
-11.7798
-12.0144
-12.0404
-11.3508
-10.7821
-10.7821

10.1557
-10.1557
-10.7056
-10.9479
-11.1714
-11.8897
-11.3119
-11.1299
-11.1538
-11.1816
-10.9216
-10.8951
-11.1517
-11.3234
-11.4514
-11.8346
-11.4864
-12.1513
-12.0658
-11.3787
-10.8315
-10.8315

10.3026
-10.3026
-11.184
-11.1525
-11.2902
-11.4216
-11.243
-11.1404
-11.1394
-11.119
-10.9584
-10.97
-11.3341
-11.4037
-11.5704
-12.1481
-11.9769
-12.49
-12.1194
-11.4181
-10.8867
-10.8867

10.4367
-10.4367
-11.495
-11.3338
-11.3768
-11.3344
-11.2805
-11.1489
-11.0436
-11.0415
-10.9795
-11.0172
-11.2968
-11.2052
-11.7523
-12.0672
-11.8035
-12.4529
-12.2169
-11.477
-10.9453
-10.9453

10.5336
-10.5336
-11.5542
-11.4305
-11.4507
-11.4827
-11.354
-11.1463
-10.87
-10.9818
-10.9841
-11.0167
-11.0935
-10.6664
-11.8394
-11.1612
-10.4347
-11.6259
-12.3251
-11.569
-10.9982
-10.9982

10.5742
-10.5742
-11.4783
-11.4247
-11.4903
-11.4955
-11.3548
-11.1027
-10.6665
-10.9102
-10.9548
-10.962
-10.8379
-9.88982
-11.5257
-9.91991
-8.63872
-10.5012
-12.367
-11.684
-11.0178
-11.0178

10.521
-10.521
-11.3329
-11.3161
-11.4324
-11.3986
-11.2551
-10.9917
-10.5643
-10.7915
-10.8465
-10.8264
-10.5669
-9.24956
-10.7467
-9.20976
-7.23561
-9.79939
-12.1508
-11.7333
-10.9458
-10.9458

10.3107
-10.3107
-11.0671
-11.0602
-11.2085
-11.3425
-11.0569
-10.7723
-10.4979
-10.5725
-10.6007
-10.565
-10.2971
-9.1797
-9.96405
-9.04403
-6.4184
-9.56156
-11.6662
-11.5308
-10.7095
-10.7095

9.89326
-9.89326
-10.6262
-10.6128
-10.7806
-11.1267
-10.6929
-10.3833
-10.2232
-10.1841
-10.1816
-10.1502
-10.0032
-9.50167
-9.56261
-8.83561
-5.93884
-9.27357
-11.1008
-10.9818
-10.2733
-10.2733

9.27811
-9.27811
-10.0209
-9.99043
-10.1536
-10.4897
-10.0846
-9.79088
-9.64864
-9.6049
-9.60214
-9.58762
-9.5348
-9.39827
-9.27526
-8.32734
-5.51047
-8.77343
-10.5602
-10.3025
-9.66683
-9.66683

0
-9.27811
-10.0209
-9.99043
-10.1536
-10.4897
-10.0846
-9.79088
-9.64864
-9.6049
-9.60214
-9.58762
-9.5348
-9.39827
-9.27526
-8.32734
-5.51047
-8.77343
-10.5602
-10.3025
-9.66683
0


0
11.9837
12.6076
13.0078
13.2196
13.3031
13.3723
13.2058
13.1047
13.0789
12.9665
12.9266
13.0063
13.1365
13.2968
13.3593
13.831
14.2148
14.8478
13.8894
12.9692
0

11.9837
-11.9837
-12.6076
-13.0078
-13.2196
-13.3031
-13.3723
-13.2058
-13.1047
-13.0789
-12.9665
-12.9266
-13.0063
-13.1365
-13.2968
-13.3593
-13.831
-14.2148
-14.8478
-13.8894
-12.9692
-12.9692

9.75933
-9.75933
-10.1332
-10.5196
-10.7014
-10.6612
-10.7912
-10.6874
-10.6095
-10.597
-10.5258
-10.5128
-10.6044
-10.7319
-10.8422
-10.8822
-11.303
-11.6319
-11.9578
-11.1338
-10.4698
-10.4698

9.98425
-9.98425
-10.3139
-10.7892
-10.9761
-11.0023
-11.1825
-11.0229
-10.9522
-10.933
-10.8352
-10.8124
-10.9124
-11.0952
-11.255
-11.3522
-11.7691
-12.1501
-12.3717
-11.4801
-10.7802
-10.7802

10.0068
-10.0068
-10.2695
-10.7806
-10.9846
-10.9302
-11.2386
-11.0638
-11.0046
-10.9798
-10.861
-10.829
-10.9145
-11.1352
-11.3072
-11.4252
-11.7841
-12.009
-12.2316
-11.4426
-10.7993
-10.7993

10.0587
-10.0587
-10.3325
-10.815
-11.0491
-10.8807
-11.2095
-11.1071
-11.0656
-11.049
-10.9021
-10.861
-10.9363
-11.1654
-11.341
-11.4767
-11.9029
-11.8971
-12.1447
-11.4414
-10.837
-10.837

10.1372
-10.1372
-10.4822
-10.8896
-11.1251
-11.2188
-11.2733
-11.1518
-11.1238
-11.1316
-10.9451
-10.9015
-10.9952
-11.1978
-11.3588
-11.5112
-11.9282
-11.8653
-12.1151
-11.4596
-10.8805
-10.8805

10.2445
-10.2445
-10.7416
-11.0094
-11.2244
-11.7273
-11.3721
-11.1963
-11.1808
-11.1956
-10.9897
-10.9553
-11.1029
-11.255
-11.3832
-11.585
-11.7001
-11.9319
-12.1324
-11.4918
-10.9294
-10.9294

10.3726
-10.3726
-11.0789
-11.1692
-11.3399
-11.7913
-11.3955
-11.2257
-11.203
-11.1995
-11.0305
-11.0183
-11.2347
-11.3084
-11.4359
-11.7641
-11.8481
-12.1738
-12.1849
-11.5362
-10.9838
-10.9838

10.5018
-10.5018
-11.3805
-11.333
-11.44
-11.6166
-11.4006
-11.2411
-11.1658
-11.1583
-11.0597
-11.0702
-11.2841
-11.2508
-11.5159
-11.897
-11.8776
-12.4249
-12.2616
-11.5922
-11.0408
-11.0408

10.6069
-10.6069
-11.5384
-11.4512
-11.5133
-11.5744
-11.4324
-11.2437
-11.0721
-11.1046
-11.0696
-11.0864
-11.1979
-10.9898
-11.5648
-11.561
-10.9053
-12.1691
-12.3363
-11.656
-11.09
-11.09

10.6585
-10.6585
-11.5399
-11.4798
-11.5448
-11.5898
-11.4394
-11.21
-10.9291
-11.0327
-11.041
-11.0454
-11.0137
-10.5394
-11.4388
-10.6017
-9.08398
-11.2223
-12.348
-11.708
-11.1035
-11.1035

10.6133
-10.6133
-11.4137
-11.3871
-11.4849
-11.5126
-11.3511
-11.0994
-10.7708
-10.9042
-10.9326
-10.9169
-10.7666
-10.043
-11.0007
-9.55995
-7.45502
-10.1347
-12.1928
-11.6908
-11.0282
-11.0282

10.4127
-10.4127
-11.1498
-11.1389
-11.2688
-11.3496
-11.1312
-10.868
-10.5943
-10.6703
-10.6922
-10.6612
-10.4668
-9.72795
-10.3493
-9.02326
-6.67794
-9.54374
-11.8091
-11.5047
-10.8006
-10.8006

10.0132
-10.0132
-10.7226
-10.7099
-10.8587
-11.0743
-10.7552
-10.4782
-10.2917
-10.2853
-10.2878
-10.2554
-10.1047
-9.62527
-9.77913
-8.83747
-6.31732
-9.32612
-11.276
-11.073
-10.3867
-10.3867

9.42053
-9.42053
-10.1408
-10.1141
-10.2602
-10.5363
-10.1839
-9.91059
-9.75883
-9.73077
-9.72908
-9.70838
-9.61715
-9.35295
-9.35484
-8.49104
-5.84587
-8.9529
-10.7235
-10.4632
-9.8064
-9.8064

0
-9.42053
-10.1408
-10.1141
-10.2602
-10.5363
-10.1839
-9.91059
-9.75883
-9.73077
-9.72908
-9.70838
-9.61715
-9.35295
-9.35484
-8.49104
-5.84587
-8.9529
-10.7235
-10.4632
-9.8064
0


0
12.0696
12.696
13.0554
13.2618
13.3118
13.3981
13.2507
13.1624
13.1338
13.0135
12.9675
13.0359
13.1575
13.3225
13.394
13.7821
14.2461
14.8438
13.9319
13.0295
0

12.0696
-12.0696
-12.696
-13.0554
-13.2618
-13.3118
-13.3981
-13.2507
-13.1624
-13.1338
-13.0135
-12.9675
-13.0359
-13.1575
-13.3225
-13.394
-13.7821
-14.2461
-14.8438
-13.9319
-13.0295
-13.0295

9.77452
-9.77452
-10.1644
-10.4622
-10.619
-10.6567
-10.7303
-10.6089
-10.5391
-10.5246
-10.4514
-10.4335
-10.5033
-10.5994
-10.6915
-10.707
-10.9941
-11.3068
-11.7159
-11.0252
-10.4142
-10.4142

10.1131
-10.1131
-10.5186
-10.8843
-11.067
-11.0517
-11.1952
-11.0824
-11.0202
-11.0011
-10.9023
-10.8751
-10.9562
-11.0984
-11.2403
-11.3097
-11.6287
-12.0528
-12.3752
-11.5568
-10.8681
-10.8681

10.1466
-10.1466
-10.4983
-10.8965
-11.0821
-11.0909
-11.2804
-11.1333
-11.0773
-11.055
-10.9394
-10.9063
-10.9844
-11.1531
-11.307
-11.3935
-11.6694
-12.007
-12.3021
-11.5463
-10.9008
-10.9008

10.1905
-10.1905
-10.5364
-10.9234
-11.1211
-11.1062
-11.3148
-11.1743
-11.127
-11.1063
-10.972
-10.9327
-11.0041
-11.1825
-11.3376
-11.4292
-11.6779
-11.8853
-12.2194
-11.5378
-10.9306
-10.9306

10.2572
-10.2572
-10.649
-10.9849
-11.1931
-11.1997
-11.3202
-11.2108
-11.1752
-11.1645
-11.0099
-10.9679
-11.0448
-11.2077
-11.3544
-11.451
-11.7082
-11.8137
-12.1857
-11.5529
-10.9699
-10.9699

10.3496
-10.3496
-10.838
-11.0849
-11.2843
-11.4793
-11.3826
-11.2519
-11.2218
-11.2202
-11.0527
-11.0154
-11.1168
-11.2417
-11.3713
-11.4827
-11.6698
-11.82
-12.2017
-11.5892
-11.0189
-11.0189

10.4627
-10.4627
-11.0883
-11.2176
-11.39
-11.7552
-11.4572
-11.2914
-11.2531
-11.2494
-11.0958
-11.0715
-11.2082
-11.2734
-11.3972
-11.5579
-11.7364
-11.9283
-12.2503
-11.6398
-11.0748
-11.0748

10.5833
-10.5833
-11.3423
-11.3618
-11.4941
-11.8035
-11.499
-11.3199
-11.2492
-11.2423
-11.1316
-11.1233
-11.2697
-11.2536
-11.4298
-11.6464
-11.8702
-12.1426
-12.3125
-11.6981
-11.1334
-11.1334

10.6884
-10.6884
-11.5199
-11.4789
-11.5732
-11.7401
-11.5218
-11.33
-11.1996
-11.2068
-11.1478
-11.1482
-11.2457
-11.1174
-11.4378
-11.5429
-11.3376
-12.211
-12.3622
-11.7512
-11.1816
-11.1816

10.744
-10.744
-11.5673
-11.5205
-11.6005
-11.6922
-11.5156
-11.3
-11.0976
-11.1383
-11.1207
-11.1171
-11.1218
-10.8405
-11.3452
-10.9961
-9.74844
-11.7432
-12.3508
-11.7722
-11.1892
-11.1892

10.7028
-10.7028
-11.4693
-11.4409
-11.5335
-11.606
-11.4269
-11.19
-10.9392
-11.0058
-11.012
-10.9957
-10.9072
-10.4688
-11.0571
-10.0957
-7.86862
-10.774
-12.2147
-11.7176
-11.1081
-11.1081

10.5128
-10.5128
-11.2218
-11.2079
-11.3235
-11.4175
-11.2082
-10.9601
-10.7186
-10.7694
-10.7798
-10.7513
-10.6098
-10.1093
-10.5637
-9.32917
-6.79708
-9.87917
-11.9019
-11.5306
-10.8887
-10.8887

10.1396
-10.1396
-10.8207
-10.808
-10.9408
-11.1071
-10.8396
-10.5845
-10.3933
-10.3979
-10.3993
-10.3669
-10.2304
-9.81983
-10.0035
-8.94478
-6.4851
-9.42811
-11.4331
-11.1605
-10.5046
-10.5046

9.58074
-9.58074
-10.2713
-10.2481
-10.3812
-10.6002
-10.3002
-10.048
-9.89109
-9.87326
-9.87089
-9.84626
-9.7436
-9.44891
-9.5064
-8.61783
-6.12707
-9.08505
-10.8969
-10.6151
-9.96063
-9.96063

0
-9.58074
-10.2713
-10.2481
-10.3812
-10.6002
-10.3002
-10.048
-9.89109
-9.87326
-9.87089
-9.84626
-9.7436
-9.44891
-9.5064
-8.61783
-6.12707
-9.08505
-10.8969
-10.6151
-9.96063
0


0
12.1261
12.7354
13.0735
13.2695
13.3033
13.4034
13.2669
13.1881
13.1594
13.0347
12.9847
13.0474
13.1688
13.3516
13.447
13.8053
14.3557
14.8659
13.9525
13.0611
0

12.1261
-12.1261
-12.7354
-13.0735
-13.2695
-13.3033
-13.4034
-13.2669
-13.1881
-13.1594
-13.0347
-12.9847
-13.0474
-13.1688
-13.3516
-13.447
-13.8053
-14.3557
-14.8659
-13.9525
-13.0611
-13.0611

9.80485
-9.80485
-10.1688
-10.4219
-10.5632
-10.5919
-10.6601
-10.5556
-10.4978
-10.4832
-10.4077
-10.3855
-10.4429
-10.5287
-10.6292
-10.6547
-10.8766
-11.2226
-11.5918
-10.9579
-10.3858
-10.3858

10.2073
-10.2073
-10.6155
-10.9255
-11.0902
-11.0904
-11.215
-11.1048
-11.049
-11.0302
-10.9306
-10.8994
-10.9669
-11.0904
-11.2357
-11.3031
-11.5539
-12.0065
-12.3383
-11.5748
-10.9126
-10.9126

10.2644
-10.2644
-10.639
-10.9722
-11.1445
-11.1453
-11.2977
-11.1784
-11.1291
-11.1084
-10.9942
-10.9582
-11.025
-11.1677
-11.3239
-11.4031
-11.6191
-12.0136
-12.3256
-11.6062
-10.9737
-10.9737

10.3112
-10.3112
-10.6823
-11.0071
-11.1841
-11.2005
-11.3548
-11.2235
-11.1784
-11.1586
-11.03
-10.9896
-11.053
-11.2008
-11.3572
-11.4346
-11.5997
-11.9172
-12.268
-11.6088
-11.0081
-11.0081

10.3719
-10.3719
-10.7801
-11.0638
-11.2471
-11.2789
-11.3734
-11.2584
-11.2201
-11.2055
-11.0639
-11.0218
-11.0882
-11.222
-11.3702
-11.4423
-11.5679
-11.8307
-12.2382
-11.6238
-11.0444
-11.0444

10.4543
-10.4543
-10.9383
-11.1532
-11.332
-11.4569
-11.4144
-11.296
-11.2599
-11.2513
-11.1035
-11.0649
-11.1452
-11.2458
-11.3808
-11.4525
-11.5293
-11.8
-12.2544
-11.6614
-11.0914
-11.0914

10.5561
-10.5561
-11.1438
-11.271
-11.4314
-11.6861
-11.4848
-11.3371
-11.2911
-11.2839
-11.1466
-11.1168
-11.2158
-11.2652
-11.3946
-11.481
-11.5582
-11.8399
-12.3034
-11.7171
-11.1479
-11.1479

10.6684
-10.6684
-11.3595
-11.4024
-11.5351
-11.8188
-11.5479
-11.375
-11.302
-11.2945
-11.1873
-11.1686
-11.2711
-11.2515
-11.4079
-11.5101
-11.6781
-11.959
-12.3652
-11.7829
-11.2102
-11.2102

10.7723
-10.7723
-11.5276
-11.516
-11.6216
-11.828
-11.5878
-11.3979
-11.2801
-11.2801
-11.2126
-11.2009
-11.2708
-11.163
-11.3972
-11.4291
-11.4098
-12.0414
-12.4087
-11.8408
-11.2642
-11.2642

10.8332
-10.8332
-11.5925
-11.565
-11.6567
-11.7866
-11.5877
-11.3799
-11.2098
-11.2275
-11.1954
-11.1823
-11.1877
-10.9719
-11.3101
-11.0674
-10.2136
-11.8131
-12.3884
-11.8574
-11.2768
-11.2768

10.8003
-10.8003
-11.5184
-11.4981
-11.5939
-11.6927
-11.5033
-11.2793
-11.0715
-11.1044
-11.0952
-11.0742
-11.0099
-10.6879
-11.0792
-10.3953
-8.45852
-11.1329
-12.2569
-11.7906
-11.1992
-11.1992

10.6237
-10.6237
-11.2937
-11.2824
-11.3922
-11.4999
-11.2929
-11.0596
-10.85
-10.8768
-10.8756
-10.8461
-10.7359
-10.3601
-10.6809
-9.6725
-7.17071
-10.2845
-11.9827
-11.6031
-10.9898
-10.9898

10.2772
-10.2772
-10.9225
-10.9121
-11.0341
-11.1844
-10.9414
-10.704
-10.5234
-10.5241
-10.5201
-10.4872
-10.3695
-10.0267
-10.1842
-9.17044
-6.67693
-9.67339
-11.5712
-11.2652
-10.6323
-10.6323

9.75621
-9.75621
-10.4101
-10.3911
-10.5139
-10.6999
-10.4348
-10.2011
-10.0467
-10.0313
-10.0257
-9.99855
-9.90037
-9.62336
-9.6893
-8.78144
-6.34845
-9.24366
-11.0706
-10.7673
-10.1263
-10.1263

0
-9.75621
-10.4101
-10.3911
-10.5139
-10.6999
-10.4348
-10.2011
-10.0467
-10.0313
-10.0257
-9.99855
-9.90037
-9.62336
-9.6893
-8.78144
-6.34845
-9.24366
-11.0706
-10.7673
-10.1263
0


0
11.1157
11.6747
11.9787
12.1539
12.1724
12.2764
12.1593
12.0927
12.066
11.9436
11.8919
11.9473
12.0657
12.2655
12.3861
12.7094
13.3118
13.7159
12.8306
11.9819
0

11.1157
-12.1261
-12.7354
-13.0735
-13.2695
-13.3033
-13.4034
-13.2669
-13.1881
-13.1594
-13.0347
-12.9847
-13.0474
-13.1688
-13.3516
-13.447
-13.8053
-14.3557
-14.8659
-13.9525
-13.0611
-11.9819

9.1575
-9.80485
-10.1688
-10.4219
-10.5632
-10.5919
-10.6601
-10.5556
-10.4978
-10.4832
-10.4077
-10.3855
-10.4429
-10.5287
-10.6292
-10.6547
-10.8766
-11.2226
-11.5918
-10.9579
-10.3858
-9.72259

9.47327
-10.2073
-10.6155
-10.9255
-11.0902
-11.0904
-11.215
-11.1048
-11.049
-11.0302
-10.9306
-10.8994
-10.9669
-11.0904
-11.2357
-11.3031
-11.5539
-12.0065
-12.3383
-11.5748
-10.9126
-10.1345

9.52628
-10.2644
-10.639
-10.9722
-11.1445
-11.1453
-11.2977
-11.1784
-11.1291
-11.1084
-10.9942
-10.9582
-11.025
-11.1677
-11.3239
-11.4031
-11.6191
-12.0136
-12.3256
-11.6062
-10.9737
-10.1902

9.57076
-10.3112
-10.6823
-11.0071
-11.1841
-11.2005
-11.3548
-11.2235
-11.1784
-11.1586
-11.03
-10.9896
-11.053
-11.2008
-11.3572
-11.4346
-11.5997
-11.9172
-12.268
-11.6088
-11.0081
-10.2224

9.62625
-10.3719
-10.7801
-11.0638
-11.2471
-11.2789
-11.3734
-11.2584
-11.2201
-11.2055
-11.0639
-11.0218
-11.0882
-11.222
-11.3702
-11.4423
-11.5679
-11.8307
-12.2382
-11.6238
-11.0444
-10.2548

9.6989
-10.4543
-10.9383
-11.1532
-11.332
-11.4569
-11.4144
-11.296
-11.2599
-11.2513
-11.1035
-11.0649
-11.1452
-11.2458
-11.3808
-11.4525
-11.5293
-11.8
-12.2544
-11.6614
-11.0914
-10.2949

9.78691
-10.5561
-11.1438
-11.271
-11.4314
-11.6861
-11.4848
-11.3371
-11.2911
-11.2839
-11.1466
-11.1168
-11.2158
-11.2652
-11.3946
-11.481
-11.5582
-11.8399
-12.3034
-11.7171
-11.1479
-10.3433

9.88378
-10.6684
-11.3595
-11.4024
-11.5351
-11.8188
-11.5479
-11.375
-11.302
-11.2945
-11.1873
-11.1686
-11.2711
-11.2515
-11.4079
-11.5101
-11.6781
-11.959
-12.3652
-11.7829
-11.2102
-10.3982

9.9766
-10.7723
-11.5276
-11.516
-11.6216
-11.828
-11.5878
-11.3979
-11.2801
-11.2801
-11.2126
-11.2009
-11.2708
-11.163
-11.3972
-11.4291
-11.4098
-12.0414
-12.4087
-11.8408
-11.2642
-10.4509

10.0401
-10.8332
-11.5925
-11.565
-11.6567
-11.7866
-11.5877
-11.3799
-11.2098
-11.2275
-11.1954
-11.1823
-11.1877
-10.9719
-11.3101
-11.0674
-10.2136
-11.8131
-12.3884
-11.8574
-11.2768
-10.476

10.0303
-10.8003
-11.5184
-11.4981
-11.5939
-11.6927
-11.5033
-11.2793
-11.0715
-11.1044
-11.0952
-11.0742
-11.0099
-10.6879
-11.0792
-10.3953
-8.45852
-11.1329
-12.2569
-11.7906
-11.1992
-10.4278

9.8928
-10.6237
-11.2937
-11.2824
-11.3922
-11.4999
-11.2929
-11.0596
-10.85
-10.8768
-10.8756
-10.8461
-10.7359
-10.3601
-10.6809
-9.6725
-7.17071
-10.2845
-11.9827
-11.6031
-10.9898
-10.2569

9.58865
-10.2772
-10.9225
-10.9121
-11.0341
-11.1844
-10.9414
-10.704
-10.5234
-10.5241
-10.5201
-10.4872
-10.3695
-10.0267
-10.1842
-9.17044
-6.67693
-9.67339
-11.5712
-11.2652
-10.6323
-9.93633

9.10702
-9.75621
-10.4101
-10.3911
-10.5139
-10.6999
-10.4348
-10.2011
-10.0467
-10.0313
-10.0257
-9.99855
-9.90037
-9.62336
-9.6893
-8.78144
-6.34845
-9.24366
-11.0706
-10.7673
-10.1263
-9.46428

0
-9.10702
-9.71902
-9.70666
-9.82283
-9.99363
-9.74922
-9.5305
-9.38494
-9.36472
-9.35351
-9.32346
-9.23496
-8.99414
-9.02685
-8.14729
-5.73433
-8.61198
-10.4009
-10.09
-9.46428
0


0
0
0
0
0
0
0
0
0
0
0
0
0
0
0
0
0
0
0
0
0
0

0
0
0
0
0
0
0
0
0
0
0
0
0
0
0
0
0
0
0
0
0
0

0
0
0
0
0
0
0
0
0
0
0
0
0
0
0
0
0
0
0
0
0
0

0
0
0
0
0
0
0
0
0
0
0
0
0
0
0
0
0
0
0
0
0
0

0
0
0
0
0
0
0
0
0
0
0
0
0
0
0
0
0
0
0
0
0
0

0
0
0
0
0
0
0
0
0
0
0
0
0
0
0
0
0
0
0
0
0
0

0
0
0
0
0
0
0
0
0
0
0
0
0
0
0
0
0
0
0
0
0
0

0
0
0
0
0
0
0
0
0
0
0
0
0
0
0
0
0
0
0
0
0
0

0
0
0
0
0
0
0
0
0
0
0
0
0
0
0
0
0
0
0
0
0
0

0
0
0
0
0
0
0
0
0
0
0
0
0
0
0
0
0
0
0
0
0
0

0
0
0
0
0
0
0
0
0
0
0
0
0
0
0
0
0
0
0
0
0
0

0
0
0
0
0
0
0
0
0
0
0
0
0
0
0
0
0
0
0
0
0
0

0
0
0
0
0
0
0
0
0
0
0
0
0
0
0
0
0
0
0
0
0
0

0
0
0
0
0
0
0
0
0
0
0
0
0
0
0
0
0
0
0
0
0
0

0
0
0
0
0
0
0
0
0
0
0
0
0
0
0
0
0
0
0
0
0
0

0
0
0
0
0
0
0
0
0
0
0
0
0
0
0
0
0
0
0
0
0
0

0
0
0
0
0
0
0
0
0
0
0
0
0
0
0
0
0
0
0
0
0
0


