0
0
0
0
0
0
0
0
0
0
0
0
-3.74706
0
0
0
0
0
0
0
0
0

0
-4.35296
-4.82247
-4.5751
-4.39319
-4.82759
-5.50285
-4.76178
-4.12947
-5.40084
-4.49335
-4.41077
-5.19537
-4.47664
-5.24032
-5.51282
-8.08342
-5.19856
-5.60174
-4.98055
-4.61263
0

0
-4.05402
4.51746
-3.9557
-4.31513
-4.40601
-4.97917
-4.34781
-4.86272
-5.40084
-4.18328
-4.06255
-1.83456
-4.05034
-4.8792
-5.19378
-5.66122
-5.62166
-5.11802
-4.56307
-4.25567
0

0
-4.06111
-4.63182
-4.25198
-4.36361
-4.81675
-3.9184
-4.39943
-4.98675
-4.92727
-4.19754
-4.10056
-5.21046
-4.34909
-4.87113
-5.51642
2.16894
-5.39143
-5.1789
-4.55293
-4.27399
0

0
-4.04243
-5.22556
-4.33265
-4.35919
-4.20106
-4.07678
-4.34527
-4.47404
-4.61566
-4.21699
-4.16765
-5.22716
-6.2147
-4.92486
-5.594
-5.54327
-5.66758
-5.19856
-4.50491
-4.28215
0

0
-4.03371
-5.03098
-4.58256
-4.35749
-4.39077
-4.26405
-4.33163
-4.70199
-4.46058
-4.21459
-4.21634
-5.19537
-4.61303
-4.98805
-5.50094
-5.56692
-5.77463
-5.27136
-4.42645
-4.29001
0

0
-4.03192
-4.69738
-4.54327
-4.372
-4.53779
-4.36095
-4.32848
-4.92541
-4.38416
-4.20448
-4.22114
-4.71654
-4.69275
-5.15216
-5.91324
-5.26561
-5.87031
-5.46728
-4.32408
-4.29881
0

0
-4.03123
-4.51499
-4.45739
-4.39319
-4.53945
-4.39345
-4.32516
-4.48566
-4.29419
-4.20213
-4.20577
-4.49371
-4.78379
-5.37311
-5.52934
-5.09719
-5.96543
-5.73954
-4.27253
-4.30917
0

0
-4.0331
-4.43703
-4.41386
-4.43546
-4.33252
-4.34781
-4.27688
-2.27677
-4.15962
-4.1928
-4.18832
-4.37318
-4.70591
-5.53009
-5.97317
-4.99689
-6.12167
-5.92079
-4.65103
-4.32033
0

0
-4.03815
-4.40601
-4.39946
-4.48988
-3.88233
-4.22487
-4.21382
-3.33347
-4.11588
-4.18328
-4.16946
-4.30698
-4.01005
-5.64309
-5.81349
-4.58215
-6.33571
-6.04551
-5.62042
-4.32912
0

0
-4.04609
-4.39898
-4.40069
-4.50441
-3.65122
-4.18682
-4.20221
-3.70146
-4.12947
-4.17952
-4.15066
-4.23268
-1.71193
-5.39622
-5.22356
-3.56561
-4.73286
-5.46728
-5.44762
-4.34465
0

0
-4.0563
-4.40812
-4.41307
-4.47765
-4.83575
-4.4207
-4.24228
-3.84956
-4.14731
-4.17928
-4.13379
-4.08528
4.06458
-4.92291
-4.27186
-1.6994
-5.7716
-5.99129
-5.1174
-4.358
0

0
-4.06724
-4.41745
-4.42386
-4.50797
-4.75501
-4.46771
-4.28193
-4.11415
-4.17456
-4.17822
-4.12033
-4.18325
-6.2147
-4.66649
-2.89306
0.567404
-5.69064
-6.12787
-4.99115
-4.36973
0

0
-4.07131
-4.35749
-4.35899
-4.53822
-4.92556
-4.49998
-4.31108
-4.5059
-4.19464
-4.16331
-4.10516
-4.10842
-5.14711
-3.12932
-0.414361
2.50086
-5.50094
-6.17037
-4.98243
-4.3704
0

0
-4.03628
-4.35261
-4.38472
-4.52369
-5.1001
-4.49414
-4.29356
-4.29495
-4.15702
-4.11277
-4.05344
-4.02354
-4.01416
-0.288313
-4.73286
3.40827
-5.57826
-6.12445
-4.96725
-4.3252
0

0
-3.88316
-4.18231
-4.21375
-4.35899
-5.01023
-4.32812
-4.13325
-4.05942
-3.99979
-3.95963
-3.90991
-3.86408
-3.83401
-3.74428
-3.95418
4.04711
-5.90107
-5.90489
-4.8135
-4.15799
0

0
0
0
0
0
0
0
0
0
0
0
0
0
0
0
0
0
0
-5.20517
0
0
0


0
4.35296
4.82247
4.5751
4.39319
4.82759
5.50285
4.76178
4.12947
5.40084
4.49335
4.41077
5.19537
4.47664
5.24032
5.51282
8.08342
5.19856
5.60174
4.98055
4.61263
-4.30917

4.35296
-4.35296
-4.82247
-4.5751
-4.39319
-4.82759
-5.50285
-4.76178
-4.12947
-5.40084
-4.49335
-4.41077
-5.19537
-4.47664
-5.24032
-5.51282
-8.08342
-5.19856
-5.60174
-4.98055
-4.61263
-4.61263

4.05402
-4.05402
4.51746
-3.9557
-4.31513
-4.40601
-4.97917
-4.34781
-4.86272
-5.40084
-4.18328
-4.06255
-1.83456
-4.05034
-4.8792
-5.19378
-5.66122
-5.62166
-5.11802
-4.56307
-4.25567
-4.25567

4.06111
-4.06111
-4.63182
-4.25198
-4.36361
-4.81675
-3.9184
-4.39943
-4.98675
-4.92727
-4.19754
-4.10056
-5.21046
-4.34909
-4.87113
-5.51642
2.16894
-5.39143
-5.1789
-4.55293
-4.27399
-4.27399

4.04243
-4.04243
-5.22556
-4.33265
-4.35919
-4.20106
-4.07678
-4.34527
-4.47404
-4.61566
-4.21699
-4.16765
-5.22716
-6.2147
-4.92486
-5.594
-5.54327
-5.66758
-5.19856
-4.50491
-4.28215
-4.28215

4.03371
-4.03371
-5.03098
-4.58256
-4.35749
-4.39077
-4.26405
-4.33163
-4.70199
-4.46058
-4.21459
-4.21634
-5.19537
-4.61303
-4.98805
-5.50094
-5.56692
-5.77463
-5.27136
-4.42645
-4.29001
-4.29001

4.03192
-4.03192
-4.69738
-4.54327
-4.372
-4.53779
-4.36095
-4.32848
-4.92541
-4.38416
-4.20448
-4.22114
-4.71654
-4.69275
-5.15216
-5.91324
-5.26561
-5.87031
-5.46728
-4.32408
-4.29881
-4.29881

4.03123
-4.03123
-4.51499
-4.45739
-4.39319
-4.53945
-4.39345
-4.32516
-4.48566
-4.29419
-4.20213
-4.20577
-4.49371
-4.78379
-5.37311
-5.52934
-5.09719
-5.96543
-5.73954
-4.27253
-4.30917
-4.30917

4.0331
-4.0331
-4.43703
-4.41386
-4.43546
-4.33252
-4.34781
-4.27688
-2.27677
-4.15962
-4.1928
-4.18832
-4.37318
-4.70591
-5.53009
-5.97317
-4.99689
-6.12167
-5.92079
-4.65103
-4.32033
-4.32033

4.03815
-4.03815
-4.40601
-4.39946
-4.48988
-3.88233
-4.22487
-4.21382
-3.33347
-4.11588
-4.18328
-4.16946
-4.30698
-4.01005
-5.64309
-5.81349
-4.58215
-6.33571
-6.04551
-5.62042
-4.32912
-4.32912

4.04609
-4.04609
-4.39898
-4.40069
-4.50441
-3.65122
-4.18682
-4.20221
-3.70146
-4.12947
-4.17952
-4.15066
-4.23268
-1.71193
-5.39622
-5.22356
-3.56561
-4.73286
-5.46728
-5.44762
-4.34465
-4.34465

4.0563
-4.0563
-4.40812
-4.41307
-4.47765
-4.83575
-4.4207
-4.24228
-3.84956
-4.14731
-4.17928
-4.13379
-4.08528
4.06458
-4.92291
-4.27186
-1.6994
-5.7716
-5.99129
-5.1174
-4.358
-4.358

4.06724
-4.06724
-4.41745
-4.42386
-4.50797
-4.75501
-4.46771
-4.28193
-4.11415
-4.17456
-4.17822
-4.12033
-4.18325
-6.2147
-4.66649
-2.89306
0.567404
-5.69064
-6.12787
-4.99115
-4.36973
-4.36973

4.07131
-4.07131
-4.35749
-4.35899
-4.53822
-4.92556
-4.49998
-4.31108
-4.5059
-4.19464
-4.16331
-4.10516
-4.10842
-5.14711
-3.12932
-0.414361
2.50086
-5.50094
-6.17037
-4.98243
-4.3704
-4.3704

4.03628
-4.03628
-4.35261
-4.38472
-4.52369
-5.1001
-4.49414
-4.29356
-4.29495
-4.15702
-4.11277
-4.05344
-4.02354
-4.01416
-0.288313
-4.73286
3.40827
-5.57826
-6.12445
-4.96725
-4.3252
-4.3252

3.88316
-3.88316
-4.18231
-4.21375
-4.35899
-5.01023
-4.32812
-4.13325
-4.05942
-3.99979
-3.95963
-3.90991
-3.86408
-3.83401
-3.74428
-3.95418
4.04711
-5.90107
-5.90489
-4.8135
-4.15799
-4.15799

0
-3.88316
-4.18231
-4.21375
-4.35899
-5.01023
-4.32812
-4.13325
-4.05942
-3.99979
-3.95963
-3.90991
-3.86408
-3.83401
-3.74428
-3.95418
4.04711
-5.90107
-5.90489
-4.8135
-4.15799
0


0
4.2989
3.69664
4.53813
4.72049
4.25427
4.98915
4.7747
5.01003
4.66381
4.62445
4.51459
4.07287
4.79404
5.20333
5.69387
6.07779
6.11018
5.78344
5.09563
4.68307
0

4.2989
-4.2989
-3.69664
-4.53813
-4.72049
-4.25427
-4.98915
-4.7747
-5.01003
-4.66381
-4.62445
-4.51459
-4.07287
-4.79404
-5.20333
-5.69387
-6.07779
-6.11018
-5.78344
-5.09563
-4.68307
-4.68307

3.97487
-3.97487
-1.15085
-4.23691
-4.27278
-5.22263
-4.78833
-4.41471
-4.33987
-4.6377
-4.22676
-4.15548
-4.28336
-4.37499
-4.83744
-5.11422
-6.10277
-5.24778
-5.22554
-4.64736
-4.30408
-4.30408

4.00867
-4.00867
-3.55064
-4.18317
-4.36814
-4.50088
-4.67065
-4.45124
-4.63074
-4.90436
-4.24698
-4.16862
-3.72479
-4.40499
-4.87675
-5.1731
-0.691972
-5.68358
-5.32663
-4.65405
-4.31903
-4.31903

4.02256
-4.02256
-4.0856
-4.30827
-4.40404
-4.51847
-4.2279
-4.40273
-4.72015
-4.7104
-4.26545
-4.19029
-4.70667
-4.37396
-4.89153
-5.23019
-4.83149
-5.55497
-5.40979
-4.64666
-4.32714
-4.32714

4.0398
-4.0398
-4.66354
-4.35318
-4.40322
-4.34837
-4.2588
-4.37387
-4.42508
-4.51149
-4.26911
-4.23502
-4.8528
-5.00173
-4.90526
-5.44625
-5.66182
-5.75195
-5.49954
-4.63751
-4.33533
-4.33533

4.05411
-4.05411
-4.70203
-4.52156
-4.42495
-4.48514
-4.35044
-4.36433
-4.50686
-4.41744
-4.26059
-4.26246
-4.73335
-4.6563
-4.88893
-5.97512
-5.58262
-5.88789
-5.36628
-4.64335
-4.34362
-4.34362

4.06283
-4.06283
-4.58186
-4.51655
-4.44381
-4.58296
-4.41984
-4.35856
-4.54876
-4.36519
-4.25213
-4.25459
-4.54219
-4.62107
-5.01242
-5.39775
-5.31931
-5.96541
-5.57688
-4.68416
-4.35268
-4.35268

4.06937
-4.06937
-4.5005
-4.47714
-4.46342
-4.49778
-4.45133
-4.34593
-3.955
-4.28792
-4.24334
-4.23984
-4.4015
-4.58018
-5.13722
-5.52113
-5.17965
-6.06146
-5.82151
-4.69349
-4.36164
-4.36164

4.07685
-4.07685
-4.46373
-4.45933
-4.50076
-4.17549
-4.40355
-4.3142
-3.38658
-4.18665
-4.23121
-4.22315
-4.3075
-4.25109
-5.352
-5.68088
-4.87334
-6.25267
-5.99374
-4.75447
-4.37537
-4.37537

4.0865
-4.0865
-4.44958
-4.45784
-4.54166
-3.98552
-4.32167
-4.28321
-3.78284
-4.18212
-4.22376
-4.20641
-4.22762
-2.99112
-5.39903
-5.05131
-3.98921
-7.22323
-6.38413
-5.41257
-4.39214
-4.39214

4.09825
-4.09825
-4.44784
-4.46384
-4.55085
-4.71338
-4.38583
-4.29156
-3.98019
-4.19679
-4.22126
-4.19042
-4.12373
-0.369882
-4.96741
-4.20965
-2.3772
-5.96971
-5.98781
-5.35125
-4.40668
-4.40668

4.10971
-4.10971
-4.45948
-4.47067
-4.56529
-4.87919
-4.52571
-4.33601
-4.09044
-4.21367
-4.22083
-4.17524
-4.12657
-3.38119
-4.43636
-3.55185
-0.102052
-5.71616
-6.02226
-5.16339
-4.41827
-4.41827

4.11078
-4.11078
-4.47378
-4.47445
-4.5887
-4.8857
-4.55185
-4.36047
-4.24739
-4.22942
-4.20812
-4.15534
-4.1323
-4.96944
-3.65269
-3.05092
1.78129
-5.53098
-6.02596
-5.08781
-4.41621
-4.41621

4.06874
-4.06874
-4.41462
-4.43211
-4.56433
-4.97027
-4.53147
-4.33387
-4.35927
-4.19867
-4.15281
-4.09766
-4.06338
-4.31753
-2.58397
-4.16039
2.93873
-5.36879
-5.92185
-5.01681
-4.36325
-4.36325

3.90825
-3.90825
-4.22133
-4.25204
-4.39048
-4.84996
-4.35667
-4.16832
-4.0994
-4.03267
-3.99218
-3.94313
-3.89813
-3.85099
-3.6152
-3.99312
3.376
-5.30061
-5.73427
-4.83542
-4.18659
-4.18659

0
-3.90825
-4.22133
-4.25204
-4.39048
-4.84996
-4.35667
-4.16832
-4.0994
-4.03267
-3.99218
-3.94313
-3.89813
-3.85099
-3.6152
-3.99312
3.376
-5.30061
-5.73427
-4.83542
-4.18659
0


0
4.2857
3.67356
4.61367
4.76093
3.85028
4.94151
4.81576
4.89924
4.86556
4.65739
4.57628
4.5181
4.82975
5.18976
5.51662
5.07696
6.0036
5.92148
5.20149
4.7378
0

4.2857
-4.2857
-3.67356
-4.61367
-4.76093
-3.85028
-4.94151
-4.81576
-4.89924
-4.86556
-4.65739
-4.57628
-4.5181
-4.82975
-5.18976
-5.51662
-5.07696
-6.0036
-5.92148
-5.20149
-4.7378
-4.7378

3.96542
-3.96542
-3.38156
-4.26327
-4.37838
-5.02509
-4.64409
-4.45622
-4.50283
-4.47929
-4.29078
-4.2183
-4.16338
-4.43138
-4.80536
-5.09385
-5.62306
-5.64363
-5.37546
-4.74546
-4.35456
-4.35456

3.98388
-3.98388
-3.42032
-4.25941
-4.38116
-5.0091
-4.66618
-4.45512
-4.4984
-4.60625
-4.29509
-4.22693
-4.18334
-4.42441
-4.82025
-5.08053
-5.10163
-5.61954
-5.38777
-4.75234
-4.36506
-4.36506

4.01147
-4.01147
-3.86494
-4.28994
-4.42364
-4.64898
-4.51389
-4.46103
-4.55558
-4.65255
-4.30318
-4.23925
-4.27584
-4.46406
-4.82186
-5.15319
-3.68095
-5.59454
-5.44514
-4.75841
-4.37119
-4.37119

4.04026
-4.04026
-4.26976
-4.36764
-4.4515
-4.42116
-4.37541
-4.42856
-4.52732
-4.56556
-4.30937
-4.26331
-4.57201
-4.59157
-4.8278
-5.18125
-4.82821
-5.69961
-5.46923
-4.76889
-4.37888
-4.37888

4.06674
-4.06674
-4.51819
-4.43737
-4.46321
-4.43863
-4.39448
-4.41254
-4.4548
-4.4684
-4.30696
-4.28665
-4.61016
-4.62523
-4.83526
-5.25527
-5.3895
-5.88154
-5.59188
-4.78139
-4.38704
-4.38704

4.08673
-4.08673
-4.56301
-4.50807
-4.48451
-4.57533
-4.45544
-4.40717
-4.44247
-4.40614
-4.29929
-4.29174
-4.52807
-4.54898
-4.85226
-5.68568
-5.49317
-6.11094
-5.61695
-4.78491
-4.39566
-4.39566

4.10102
-4.10102
-4.5354
-4.51656
-4.50814
-4.62752
-4.50218
-4.40016
-4.29896
-4.35265
-4.29054
-4.28232
-4.4278
-4.45644
-4.95598
-5.31747
-5.35238
-6.33903
-5.78728
-4.81112
-4.40612
-4.40612

4.11292
-4.11292
-4.50938
-4.50888
-4.53687
-4.50596
-4.50069
-4.38283
-3.98279
-4.29124
-4.28093
-4.26815
-4.3361
-4.24792
-5.06986
-5.43452
-5.11347
-6.51278
-5.95691
-4.89643
-4.41836
-4.41836

4.12487
-4.12487
-4.49767
-4.50788
-4.56817
-4.29148
-4.44223
-4.36197
-3.92005
-4.24921
-4.27227
-4.2526
-4.25722
-3.67548
-5.17829
-5.12485
-4.4202
-6.2849
-5.96638
-5.03258
-4.43282
-4.43282

4.13769
-4.13769
-4.49663
-4.51429
-4.59123
-4.39693
-4.42453
-4.35829
-4.05849
-4.25081
-4.26786
-4.23759
-4.18154
-2.69388
-5.07064
-4.31508
-2.98421
-6.43214
-6.11236
-5.27391
-4.44973
-4.44973

4.14966
-4.14966
-4.50086
-4.52325
-4.61171
-4.87164
-4.53787
-4.38342
-4.16474
-4.26354
-4.26455
-4.22291
-4.14139
-3.06042
-4.66755
-3.71018
-0.955004
-5.66727
-5.93348
-5.24589
-4.46132
-4.46132

4.15047
-4.15047
-4.49711
-4.52198
-4.62973
-4.90055
-4.5895
-4.40528
-4.24939
-4.26917
-4.25049
-4.20008
-4.13784
-4.01213
-4.12216
-3.65637
0.996994
-5.15148
-5.84287
-5.14485
-4.45719
-4.45719

4.10506
-4.10506
-4.44421
-4.47071
-4.59596
-4.89204
-4.56088
-4.37305
-4.28592
-4.2298
-4.19202
-4.13886
-4.08841
-4.26031
-3.63169
-3.89007
2.1942
-4.8397
-5.74656
-5.03101
-4.40004
-4.40004

3.9396
-3.9396
-4.26779
-4.29344
-4.41816
-4.74378
-4.38278
-4.20477
-4.13848
-4.06927
-4.02853
-3.97979
-3.93228
-3.90628
-3.62857
-3.97167
2.51365
-4.82535
-5.57497
-4.82868
-4.21951
-4.21951

0
-3.9396
-4.26779
-4.29344
-4.41816
-4.74378
-4.38278
-4.20477
-4.13848
-4.06927
-4.02853
-3.97979
-3.93228
-3.90628
-3.62857
-3.97167
2.51365
-4.82535
-5.57497
-4.82868
-4.21951
0


0
4.31138
4.11138
4.67958
4.78644
4.15574
4.97053
4.85192
4.88284
4.86238
4.70056
4.63179
4.64553
4.84484
5.14805
5.40375
5.277
6.08186
5.99789
5.28979
4.78626
0

4.31138
-4.31138
-4.11138
-4.67958
-4.78644
-4.15574
-4.97053
-4.85192
-4.88284
-4.86238
-4.70056
-4.63179
-4.64553
-4.84484
-5.14805
-5.40375
-5.277
-6.08186
-5.99789
-5.28979
-4.78626
-4.78626

3.98548
-3.98548
-3.77661
-4.30029
-4.42939
-4.31357
-4.55138
-4.4743
-4.51077
-4.49731
-4.33397
-4.26967
-4.25658
-4.46487
-4.7698
-5.02696
-5.08235
-5.56666
-5.43704
-4.82804
-4.39977
-4.39977

4.00189
-4.00189
-3.81163
-4.31607
-4.42932
-4.7891
-4.60218
-4.48659
-4.5071
-4.52779
-4.33962
-4.27761
-4.27641
-4.45809
-4.77762
-5.03277
-5.43781
-5.63415
-5.44118
-4.83433
-4.4094
-4.4094

4.02345
-4.02345
-3.9549
-4.33446
-4.44468
-4.96896
-4.6022
-4.48761
-4.51497
-4.56376
-4.34225
-4.28439
-4.30469
-4.46713
-4.77574
-5.03292
-4.7342
-5.68038
-5.46638
-4.83965
-4.41434
-4.41434

4.05249
-4.05249
-4.18334
-4.38102
-4.47519
-4.78804
-4.52553
-4.47871
-4.51971
-4.55314
-4.34659
-4.29825
-4.41494
-4.5031
-4.77394
-5.05153
-4.64103
-5.69352
-5.51844
-4.84975
-4.42134
-4.42134

4.0827
-4.0827
-4.3878
-4.43691
-4.50121
-4.58278
-4.48254
-4.46313
-4.48564
-4.50205
-4.3467
-4.31375
-4.49885
-4.53619
-4.77408
-5.11319
-5.09128
-5.82551
-5.5753
-4.85983
-4.4293
-4.4293

4.10923
-4.10923
-4.50116
-4.493
-4.52358
-4.57307
-4.49858
-4.4544
-4.44688
-4.44871
-4.34198
-4.32173
-4.48401
-4.50494
-4.78197
-5.22287
-5.36794
-5.98271
-5.63771
-4.87281
-4.43815
-4.43815

4.13032
-4.13032
-4.53603
-4.52959
-4.54754
-4.65185
-4.53449
-4.4489
-4.38661
-4.40433
-4.33474
-4.31839
-4.43055
-4.43246
-4.81296
-5.32372
-5.44313
-6.08817
-5.68708
-4.89867
-4.44828
-4.44828

4.14734
-4.14734
-4.53929
-4.54323
-4.57234
-4.66443
-4.55407
-4.44045
-4.25971
-4.36203
-4.32661
-4.30831
-4.3638
-4.29034
-4.86568
-5.24339
-5.29244
-6.10237
-5.74753
-4.94655
-4.45993
-4.45993

4.16246
-4.16246
-4.53853
-4.55015
-4.59892
-4.53627
-4.53416
-4.42914
-4.15472
-4.32564
-4.31881
-4.29547
-4.29702
-4.012
-4.91725
-5.11824
-4.75934
-6.07801
-5.81333
-5.02197
-4.4735
-4.4735

4.17702
-4.17702
-4.54139
-4.55883
-4.62435
-4.43253
-4.50696
-4.42423
-4.1735
-4.31191
-4.31324
-4.28208
-4.23555
-3.5972
-4.90164
-4.55446
-3.56601
-5.84549
-5.83055
-5.13776
-4.48879
-4.48879

4.1897
-4.1897
-4.54591
-4.56833
-4.64546
-4.70111
-4.55164
-4.4352
-4.24258
-4.31547
-4.30842
-4.26777
-4.19019
-3.48282
-4.69652
-3.87175
-1.75224
-5.37141
-5.82638
-5.21298
-4.50124
-4.50124

4.19026
-4.19026
-4.53983
-4.56586
-4.66073
-4.8678
-4.60921
-4.44787
-4.30129
-4.31443
-4.29275
-4.24385
-4.16529
-3.80379
-4.30675
-3.6261
0.129243
-4.80246
-5.73105
-5.17828
-4.49664
-4.49664

4.14339
-4.14339
-4.48523
-4.51234
-4.62286
-4.85561
-4.58518
-4.41078
-4.30657
-4.26874
-4.23267
-4.18007
-4.11474
-4.04939
-3.90556
-3.73019
1.23915
-4.5248
-5.60531
-5.06452
-4.43741
-4.43741

3.97634
-3.97634
-4.30968
-4.33314
-4.44382
-4.68005
-4.40727
-4.24169
-4.164
-4.10673
-4.06719
-4.01849
-3.96501
-3.92627
-3.70106
-3.80152
1.49923
-4.44734
-5.42856
-4.84817
-4.25528
-4.25528

0
-3.97634
-4.30968
-4.33314
-4.44382
-4.68005
-4.40727
-4.24169
-4.164
-4.10673
-4.06719
-4.01849
-3.96501
-3.92627
-3.70106
-3.80152
1.49923
-4.44734
-5.42856
-4.84817
-4.25528
0


0
4.35258
4.38773
4.732
4.80769
4.77042
5.00456
4.88101
4.88523
4.86746
4.73635
4.67637
4.70272
4.85075
5.11228
5.33355
5.40067
6.0703
6.02342
5.35757
4.83006
0

4.35258
-4.35258
-4.38773
-4.732
-4.80769
-4.77042
-5.00456
-4.88101
-4.88523
-4.86746
-4.73635
-4.67637
-4.70272
-4.85075
-5.11228
-5.33355
-5.40067
-6.0703
-6.02342
-5.35757
-4.83006
-4.83006

4.02059
-4.02059
-4.00405
-4.35015
-4.44205
-4.19313
-4.58102
-4.50235
-4.51348
-4.50066
-4.36921
-4.31319
-4.32738
-4.4812
-4.73708
-4.95588
-5.02052
-5.55508
-5.47455
-4.8933
-4.44051
-4.44051

4.03628
-4.03628
-4.04243
-4.36372
-4.46926
-4.10672
-4.53113
-4.50955
-4.52068
-4.5189
-4.37763
-4.32144
-4.3315
-4.48066
-4.74616
-4.97246
-5.15726
-5.58152
-5.46854
-4.89836
-4.45087
-4.45087

4.05428
-4.05428
-4.10722
-4.38166
-4.48122
-4.3567
-4.55597
-4.51278
-4.52089
-4.53333
-4.37963
-4.32603
-4.34566
-4.47814
-4.74278
-4.96921
-5.13608
-5.62367
-5.48017
-4.90147
-4.45594
-4.45594

4.07948
-4.07948
-4.2245
-4.41337
-4.50193
-4.69272
-4.57378
-4.51359
-4.52163
-4.53647
-4.38243
-4.33447
-4.38772
-4.48634
-4.73754
-4.97176
-4.88775
-5.63752
-5.50888
-4.90932
-4.4627
-4.4627

4.10821
-4.10821
-4.35875
-4.45621
-4.52979
-4.72756
-4.56096
-4.50735
-4.50813
-4.51643
-4.38335
-4.34442
-4.43812
-4.49655
-4.73197
-4.98783
-4.97436
-5.65137
-5.53799
-4.92
-4.47049
-4.47049

4.1363
-4.1363
-4.46556
-4.50155
-4.55666
-4.67089
-4.55668
-4.49996
-4.48062
-4.48308
-4.38089
-4.35115
-4.45035
-4.48072
-4.72722
-5.02521
-5.18988
-5.68234
-5.56698
-4.93497
-4.47926
-4.47926

4.16103
-4.16103
-4.52749
-4.54074
-4.58175
-4.67239
-4.57123
-4.4948
-4.44321
-4.44893
-4.37576
-4.35101
-4.42619
-4.43113
-4.72614
-5.08051
-5.33979
-5.71228
-5.58887
-4.95691
-4.48913
-4.48913

4.182
-4.182
-4.55634
-4.56697
-4.60594
-4.69228
-4.58903
-4.49024
-4.38471
-4.41724
-4.36935
-4.34475
-4.38394
-4.3387
-4.72919
-5.06891
-5.32157
-5.75178
-5.62242
-4.99072
-4.50042
-4.50042

4.20027
-4.20027
-4.57034
-4.5836
-4.62991
-4.6584
-4.59258
-4.48521
-4.32014
-4.38972
-4.36296
-4.33503
-4.33409
-4.18491
-4.72524
-4.96369
-4.95483
-5.75862
-5.66785
-5.04116
-4.51339
-4.51339

4.21695
-4.21695
-4.5803
-4.59689
-4.65379
-4.59627
-4.58335
-4.48291
-4.29952
-4.37318
-4.35768
-4.32387
-4.28468
-3.97773
-4.68641
-4.61923
-3.98489
-5.60012
-5.70376
-5.10685
-4.52767
-4.52767

4.23088
-4.23088
-4.58796
-4.60796
-4.67566
-4.65376
-4.59326
-4.48775
-4.32576
-4.36893
-4.35221
-4.31083
-4.24265
-3.84028
-4.55517
-4.03313
-2.39204
-5.18134
-5.7134
-5.16825
-4.5398
-4.5398

4.23194
-4.23194
-4.58251
-4.60562
-4.68727
-4.79714
-4.62738
-4.49116
-4.35907
-4.3614
-4.33565
-4.28702
-4.20779
-3.89207
-4.29852
-3.6074
-0.710493
-4.5991
-5.64818
-5.1718
-4.53548
-4.53548

4.18487
-4.18487
-4.52677
-4.55138
-4.64704
-4.81853
-4.60502
-4.44862
-4.34484
-4.31054
-4.27453
-4.22223
-4.14898
-3.99747
-3.9895
-3.55286
0.293399
-4.26257
-5.51877
-5.08006
-4.47587
-4.47587

4.01756
-4.01756
-4.35098
-4.37201
-4.4691
-4.64582
-4.43185
-4.27913
-4.19508
-4.14643
-4.10797
-4.05898
-3.99871
-3.92489
-3.76207
-3.58341
0.510111
-4.18878
-5.34208
-4.86457
-4.29357
-4.29357

0
-4.01756
-4.35098
-4.37201
-4.4691
-4.64582
-4.43185
-4.27913
-4.19508
-4.14643
-4.10797
-4.05898
-3.99871
-3.92489
-3.76207
-3.58341
0.510111
-4.18878
-5.34208
-4.86457
-4.29357
0


0
4.40073
4.55323
4.77732
4.86424
4.76117
4.92526
4.89913
4.89751
4.87905
4.76893
4.71394
4.73819
4.85825
5.08693
5.2871
5.42755
6.02667
6.02204
5.4066
4.86965
0

4.40073
-4.40073
-4.55323
-4.77732
-4.86424
-4.76117
-4.92526
-4.89913
-4.89751
-4.87905
-4.76893
-4.71394
-4.73819
-4.85825
-5.08693
-5.2871
-5.42755
-6.02667
-6.02204
-5.4066
-4.86965
-4.86965

4.06419
-4.06419
-4.16642
-4.39629
-4.46772
-4.41721
-4.60297
-4.52755
-4.523
-4.50765
-4.39967
-4.34941
-4.36963
-4.49114
-4.71177
-4.90416
-5.01642
-5.52413
-5.48761
-4.94192
-4.47708
-4.47708

4.08026
-4.08026
-4.191
-4.41066
-4.4888
-4.40111
-4.59569
-4.5408
-4.53654
-4.52535
-4.41133
-4.35999
-4.37523
-4.49715
-4.72453
-4.92411
-5.06977
-5.52809
-5.48008
-4.94848
-4.48991
-4.48991

4.09632
-4.09632
-4.23165
-4.42664
-4.51025
-4.3942
-4.57096
-4.54191
-4.53832
-4.53359
-4.4146
-4.36433
-4.38147
-4.49325
-4.72186
-4.92308
-5.10334
-5.53267
-5.47856
-4.95052
-4.49593
-4.49593

4.11811
-4.11811
-4.2987
-4.45185
-4.53243
-4.49947
-4.57852
-4.54367
-4.53774
-4.53685
-4.41726
-4.37023
-4.39943
-4.49143
-4.71441
-4.91574
-5.02355
-5.52719
-5.48814
-4.95701
-4.50292
-4.50292

4.14374
-4.14374
-4.38398
-4.48529
-4.55771
-4.64349
-4.59258
-4.54319
-4.53081
-4.529
-4.41843
-4.37675
-4.42409
-4.4891
-4.70325
-4.90801
-4.97255
-5.49953
-5.50091
-4.96717
-4.51064
-4.51064

4.17054
-4.17054
-4.46649
-4.52269
-4.58484
-4.69854
-4.60066
-4.54014
-4.5146
-4.51045
-4.41732
-4.38168
-4.43667
-4.47501
-4.68865
-4.90597
-5.04317
-5.47653
-5.5147
-4.98147
-4.51924
-4.51924

4.19604
-4.19604
-4.52957
-4.55872
-4.61112
-4.70681
-4.6102
-4.5369
-4.49066
-4.48705
-4.41402
-4.38261
-4.42723
-4.43953
-4.67028
-4.90599
-5.1466
-5.47456
-5.53252
-5.00124
-4.52893
-4.52893

4.21904
-4.21904
-4.57048
-4.58861
-4.63584
-4.71527
-4.62318
-4.5345
-4.45857
-4.46361
-4.40941
-4.37903
-4.40139
-4.37713
-4.64641
-4.87803
-5.17724
-5.48947
-5.55928
-5.02892
-4.54
-4.54

4.23962
-4.23962
-4.59595
-4.61139
-4.65941
-4.71455
-4.63343
-4.53296
-4.4226
-4.44296
-4.40459
-4.37222
-4.36626
-4.2823
-4.60994
-4.77836
-4.96175
-5.48561
-5.59579
-5.06671
-4.55267
-4.55267

4.25831
-4.25831
-4.61342
-4.62937
-4.68238
-4.69609
-4.63701
-4.53337
-4.40112
-4.42846
-4.40038
-4.36359
-4.32806
-4.16146
-4.54642
-4.53663
-4.23996
-5.37704
-5.63204
-5.11321
-4.56659
-4.56659

4.27381
-4.27381
-4.62529
-4.64299
-4.70368
-4.70235
-4.64278
-4.5368
-4.40534
-4.42103
-4.39532
-4.35248
-4.29165
-4.05673
-4.43176
-4.10409
-2.91183
-5.05102
-5.64457
-5.15812
-4.57856
-4.57856

4.27601
-4.27601
-4.62182
-4.64178
-4.71312
-4.77041
-4.65608
-4.53453
-4.41732
-4.40885
-4.3788
-4.32982
-4.2543
-4.02342
-4.24776
-3.65867
-1.4037
-4.54686
-5.60431
-5.16924
-4.57467
-4.57467

4.2297
-4.2297
-4.56674
-4.58808
-4.67088
-4.78883
-4.62638
-4.48718
-4.38755
-4.35408
-4.31757
-4.26525
-4.18927
-4.02925
-4.0187
-3.45563
-0.481883
-4.15679
-5.48769
-5.09585
-4.51571
-4.51571

4.06315
-4.06315
-4.39205
-4.41014
-4.49505
-4.62976
-4.45743
-4.31754
-4.23215
-4.1886
-4.1508
-4.10137
-4.03563
-3.93623
-3.8081
-3.4189
-0.296355
-4.0299
-5.29706
-4.88937
-4.3345
-4.3345

0
-4.06315
-4.39205
-4.41014
-4.49505
-4.62976
-4.45743
-4.31754
-4.23215
-4.1886
-4.1508
-4.10137
-4.03563
-3.93623
-3.8081
-3.4189
-0.296355
-4.0299
-5.29706
-4.88937
-4.3345
0


0
4.45126
4.65795
4.81751
4.88799
4.8349
4.95888
4.92684
4.91581
4.896
4.79811
4.74574
4.76445
4.86805
5.07414
5.26056
5.42302
5.97923
6.00937
5.44053
4.90519
0

4.45126
-4.45126
-4.65795
-4.81751
-4.88799
-4.8349
-4.95888
-4.92684
-4.91581
-4.896
-4.79811
-4.74574
-4.76445
-4.86805
-5.07414
-5.26056
-5.42302
-5.97923
-6.00937
-5.44053
-4.90519
-4.90519

4.11118
-4.11118
-4.27505
-4.43507
-4.50263
-4.45389
-4.58001
-4.54392
-4.53583
-4.519
-4.42599
-4.37922
-4.39758
-4.49929
-4.69458
-4.86872
-5.00408
-5.48098
-5.48452
-4.97554
-4.50932
-4.50932

4.13043
-4.13043
-4.29717
-4.4545
-4.5212
-4.48664
-4.61545
-4.56699
-4.55576
-4.54027
-4.44296
-4.39489
-4.40995
-4.51279
-4.71357
-4.8933
-5.03554
-5.48308
-5.48494
-4.9888
-4.52765
-4.52765

4.14558
-4.14558
-4.32596
-4.46969
-4.53874
-4.49444
-4.61261
-4.5727
-4.56025
-4.54756
-4.44786
-4.40003
-4.41417
-4.51051
-4.7121
-4.89202
-5.04709
-5.46702
-5.47715
-4.99099
-4.53494
-4.53494

4.16484
-4.16484
-4.37064
-4.49118
-4.56097
-4.52645
-4.60877
-4.57481
-4.56052
-4.55039
-4.451
-4.40492
-4.42261
-4.50546
-4.70332
-4.87959
-5.02043
-5.4453
-5.47794
-4.99688
-4.5423
-4.5423

4.18742
-4.18742
-4.42832
-4.51861
-4.58547
-4.60024
-4.61673
-4.57559
-4.55621
-4.54673
-4.45241
-4.40952
-4.43405
-4.49746
-4.68832
-4.85901
-4.96477
-5.41081
-5.48442
-5.00647
-4.54999
-4.54999

4.21185
-4.21185
-4.48999
-4.54999
-4.61148
-4.67326
-4.62945
-4.57518
-4.5462
-4.53603
-4.45205
-4.41299
-4.44123
-4.48219
-4.66728
-4.83341
-4.94475
-5.37302
-5.49563
-5.02021
-4.55843
-4.55843

4.23635
-4.23635
-4.5451
-4.58204
-4.63755
-4.71499
-4.64213
-4.57422
-4.53084
-4.52055
-4.45005
-4.41405
-4.43678
-4.45359
-4.63928
-4.8003
-4.96186
-5.34456
-5.51323
-5.03897
-4.56797
-4.56797

4.25967
-4.25967
-4.58803
-4.61156
-4.66258
-4.73582
-4.65486
-4.5737
-4.51135
-4.50369
-4.44699
-4.41208
-4.42034
-4.40763
-4.60201
-4.74482
-4.96028
-5.32383
-5.53853
-5.06398
-4.57894
-4.57894

4.2814
-4.2814
-4.61934
-4.63683
-4.68642
-4.74703
-4.66687
-4.57435
-4.49051
-4.48838
-4.44377
-4.4076
-4.39549
-4.34234
-4.55033
-4.63668
-4.81952
-5.2918
-5.57116
-5.09621
-4.59158
-4.59158

4.30159
-4.30159
-4.64241
-4.65802
-4.70942
-4.74987
-4.67653
-4.57687
-4.47566
-4.47701
-4.44103
-4.40148
-4.36641
-4.2618
-4.4756
-4.43367
-4.31963
-5.1969
-5.60468
-5.13445
-4.6056
-4.6056

4.31869
-4.31869
-4.65838
-4.67424
-4.73044
-4.757
-4.6853
-4.58075
-4.47319
-4.46957
-4.43718
-4.3927
-4.33605
-4.18305
-4.36709
-4.10322
-3.28991
-4.95462
-5.62216
-5.17095
-4.6179
-4.6179

4.32247
-4.32247
-4.65765
-4.67485
-4.73884
-4.785
-4.69012
-4.57625
-4.4728
-4.45543
-4.42166
-4.37202
-4.30005
-4.12869
-4.21864
-3.71711
-1.98131
-4.5488
-5.59553
-5.18148
-4.61483
-4.61483

4.27779
-4.27779
-4.60467
-4.62283
-4.69568
-4.78152
-4.6524
-4.52619
-4.43233
-4.3987
-4.36143
-4.30892
-4.23258
-4.08462
-4.039
-3.45097
-1.09117
-4.1571
-5.49121
-5.11696
-4.55731
-4.55731

4.11327
-4.11327
-4.43281
-4.44791
-4.52276
-4.62827
-4.48553
-4.35739
-4.2738
-4.23326
-4.19578
-4.14584
-4.0765
-3.96487
-3.84718
-3.33865
-0.871443
-3.96159
-5.29399
-4.91969
-4.37862
-4.37862

0
-4.11327
-4.43281
-4.44791
-4.52276
-4.62827
-4.48553
-4.35739
-4.2738
-4.23326
-4.19578
-4.14584
-4.0765
-3.96487
-3.84718
-3.33865
-0.871443
-3.96159
-5.29399
-4.91969
-4.37862
0


0
4.50044
4.72425
4.8501
4.91481
4.87999
4.97864
4.94993
4.93587
4.91556
4.82383
4.77247
4.78595
4.88077
5.07379
5.25281
5.41662
5.9438
5.99372
5.46257
4.93665
0

4.50044
-4.50044
-4.72425
-4.8501
-4.91481
-4.87999
-4.97864
-4.94993
-4.93587
-4.91556
-4.82383
-4.77247
-4.78595
-4.88077
-5.07379
-5.25281
-5.41662
-5.9438
-5.99372
-5.46257
-4.93665
-4.93665

4.15877
-4.15877
-4.34529
-4.46654
-4.52744
-4.49281
-4.59003
-4.56143
-4.55002
-4.53257
-4.44824
-4.40341
-4.418
-4.5074
-4.68567
-4.84757
-4.98643
-5.44103
-5.47117
-4.99546
-4.53715
-4.53715

4.18445
-4.18445
-4.37406
-4.49479
-4.55595
-4.52839
-4.62716
-4.5919
-4.57851
-4.56148
-4.47378
-4.4276
-4.44018
-4.53063
-4.71396
-4.88036
-5.01879
-5.45677
-5.48968
-5.02173
-4.56484
-4.56484

4.19966
-4.19966
-4.39805
-4.51048
-4.57165
-4.54973
-4.63948
-4.6013
-4.58524
-4.56942
-4.48049
-4.43424
-4.44535
-4.53064
-4.714
-4.87883
-5.01699
-5.43677
-5.48312
-5.0259
-4.57386
-4.57386

4.21704
-4.21704
-4.43212
-4.52967
-4.59106
-4.57345
-4.64179
-4.6052
-4.58641
-4.57198
-4.48399
-4.43872
-4.45013
-4.52471
-4.70435
-4.86306
-4.99285
-5.40943
-5.482
-5.03177
-4.58142
-4.58142

4.23697
-4.23697
-4.47526
-4.55313
-4.61344
-4.6149
-4.64599
-4.60651
-4.58326
-4.56957
-4.48545
-4.44216
-4.45525
-4.51417
-4.68689
-4.83535
-4.94181
-5.37407
-5.48748
-5.04109
-4.58891
-4.58891

4.25879
-4.25879
-4.52315
-4.58
-4.63765
-4.66891
-4.6559
-4.60691
-4.57609
-4.56231
-4.48536
-4.44453
-4.45793
-4.49755
-4.66202
-4.79685
-4.88484
-5.33243
-5.49931
-5.05463
-4.59706
-4.59706

4.28139
-4.28139
-4.56961
-4.60831
-4.66247
-4.71614
-4.66872
-4.60715
-4.56537
-4.55137
-4.48405
-4.44527
-4.45405
-4.47165
-4.62889
-4.74545
-4.83613
-5.28942
-5.51778
-5.07306
-4.60633
-4.60633

4.30378
-4.30378
-4.60991
-4.6359
-4.68695
-4.74825
-4.6821
-4.60794
-4.55239
-4.53898
-4.48205
-4.44404
-4.44206
-4.43385
-4.58541
-4.67175
-4.77487
-5.24503
-5.54321
-5.09712
-4.61713
-4.61713

4.32552
-4.32552
-4.64261
-4.66133
-4.71078
-4.76869
-4.69525
-4.61011
-4.53946
-4.52762
-4.48018
-4.44117
-4.42344
-4.38337
-4.5277
-4.55574
-4.63291
-5.18828
-5.57478
-5.12731
-4.62984
-4.62984

4.3465
-4.3465
-4.6687
-4.6841
-4.73416
-4.78264
-4.70793
-4.61435
-4.53044
-4.51932
-4.47902
-4.43722
-4.4009
-4.3229
-4.45018
-4.36937
-4.26472
-5.08858
-5.60768
-5.1625
-4.6443
-4.6443

4.36505
-4.36505
-4.68795
-4.70249
-4.75567
-4.79672
-4.71979
-4.61957
-4.52804
-4.51356
-4.47697
-4.431
-4.37606
-4.26054
-4.34755
-4.09344
-3.50035
-4.89289
-5.62862
-5.19589
-4.65753
-4.65753

4.37082
-4.37082
-4.69028
-4.7054
-4.76434
-4.81288
-4.72323
-4.61529
-4.52306
-4.49992
-4.46347
-4.41305
-4.34336
-4.2047
-4.21884
-3.76514
-2.4195
-4.57221
-5.61099
-5.20588
-4.65595
-4.65595

4.32874
-4.32874
-4.64052
-4.65616
-4.72183
-4.79325
-4.6818
-4.56514
-4.47756
-4.44362
-4.40561
-4.35277
-4.27686
-4.14108
-4.06712
-3.49279
-1.54366
-4.21471
-5.51767
-5.14605
-4.60083
-4.60083

4.16807
-4.16807
-4.47349
-4.48607
-4.55323
-4.64066
-4.51737
-4.39924
-4.31918
-4.28049
-4.24308
-4.19257
-4.12119
-4.00573
-3.88719
-3.3299
-1.24286
-3.97021
-5.32116
-4.95708
-4.42651
-4.42651

0
-4.16807
-4.47349
-4.48607
-4.55323
-4.64066
-4.51737
-4.39924
-4.31918
-4.28049
-4.24308
-4.19257
-4.12119
-4.00573
-3.88719
-3.3299
-1.24286
-3.97021
-5.32116
-4.95708
-4.42651
0


0
4.54271
4.76195
4.87235
4.93225
4.90148
4.99401
4.96686
4.95241
4.93208
4.84302
4.79193
4.802
4.89322
5.08005
5.25632
5.41549
5.92119
5.97535
5.4725
4.9608
0

4.54271
-4.54271
-4.76195
-4.87235
-4.93225
-4.90148
-4.99401
-4.96686
-4.95241
-4.93208
-4.84302
-4.79193
-4.802
-4.89322
-5.08005
-5.25632
-5.41549
-5.92119
-5.97535
-5.4725
-4.9608
-4.9608

4.20821
-4.20821
-4.39274
-4.49489
-4.55
-4.52196
-4.60753
-4.58117
-4.56885
-4.55148
-4.47148
-4.42751
-4.43885
-4.52197
-4.69086
-4.84675
-4.98182
-5.41838
-5.45723
-5.00959
-4.56565
-4.56565

4.23974
-4.23974
-4.42936
-4.53098
-4.58688
-4.56229
-4.64829
-4.61804
-4.60402
-4.58681
-4.50413
-4.45895
-4.46896
-4.55242
-4.72567
-4.88507
-5.01908
-5.44845
-5.49235
-5.0472
-4.6011
-4.6011

4.25585
-4.25585
-4.45329
-4.54829
-4.60401
-4.58586
-4.66312
-4.62927
-4.61251
-4.59601
-4.51279
-4.46753
-4.47622
-4.55463
-4.72728
-4.88413
-5.01394
-5.43421
-5.49271
-5.05536
-4.61233
-4.61233

4.2721
-4.2721
-4.48307
-4.56641
-4.62183
-4.61007
-4.66935
-4.63404
-4.61401
-4.59834
-4.51654
-4.47202
-4.48007
-4.54867
-4.71724
-4.8668
-4.98646
-5.40915
-5.49447
-5.06245
-4.62015
-4.62015

4.28995
-4.28995
-4.51919
-4.58733
-4.64191
-4.64274
-4.67395
-4.63557
-4.61101
-4.59586
-4.51776
-4.47467
-4.48245
-4.53693
-4.6984
-4.83575
-4.93509
-5.3758
-5.50161
-5.07207
-4.62728
-4.62728

4.30935
-4.30935
-4.5591
-4.61091
-4.66378
-4.68464
-4.68186
-4.63595
-4.60457
-4.58946
-4.51742
-4.47605
-4.48225
-4.5191
-4.67146
-4.79139
-4.86616
-5.33477
-5.51482
-5.08562
-4.63486
-4.63486

4.32963
-4.32963
-4.59879
-4.63589
-4.6865
-4.72629
-4.69296
-4.63627
-4.59554
-4.58023
-4.51605
-4.47605
-4.47721
-4.49349
-4.63575
-4.73131
-4.78518
-5.28737
-5.53424
-5.1038
-4.64349
-4.64349

4.35014
-4.35014
-4.63484
-4.66082
-4.70933
-4.75948
-4.70548
-4.63734
-4.58527
-4.56998
-4.51427
-4.47463
-4.46623
-4.45856
-4.58949
-4.64808
-4.67848
-5.23238
-5.55997
-5.12732
-4.6537
-4.6537

4.37066
-4.37066
-4.66586
-4.68475
-4.73213
-4.78354
-4.71853
-4.64005
-4.57594
-4.56084
-4.51295
-4.47223
-4.45023
-4.41426
-4.52962
-4.52713
-4.50213
-5.16136
-5.59126
-5.15664
-4.66602
-4.66602

4.39129
-4.39129
-4.69227
-4.7074
-4.75526
-4.80266
-4.73234
-4.64531
-4.57053
-4.55477
-4.51284
-4.46951
-4.4313
-4.36299
-4.45224
-4.3487
-4.16581
-5.0537
-5.62439
-5.19092
-4.68063
-4.68063

4.41071
-4.41071
-4.71341
-4.72714
-4.77757
-4.82206
-4.74652
-4.65219
-4.57042
-4.55133
-4.51268
-4.4655
-4.4106
-4.31006
-4.35459
-4.10136
-3.5507
-4.87611
-5.64819
-5.22415
-4.69506
-4.69506

4.41901
-4.41901
-4.71918
-4.73305
-4.78827
-4.83865
-4.75221
-4.65031
-4.56637
-4.54045
-4.50236
-4.4511
-4.38227
-4.25866
-4.23794
-3.81233
-2.66801
-4.6079
-5.63788
-5.23588
-4.6962
-4.6962

4.38154
-4.38154
-4.67463
-4.68872
-4.74941
-4.81526
-4.71281
-4.60375
-4.52213
-4.48807
-4.44934
-4.39596
-4.32034
-4.19242
-4.10318
-3.55591
-1.85107
-4.29624
-5.55543
-5.18108
-4.64577
-4.64577

4.22802
-4.22802
-4.51534
-4.52635
-4.58795
-4.6656
-4.55413
-4.44429
-4.3686
-4.33111
-4.29351
-4.24231
-4.16978
-4.05434
-3.9327
-3.37355
-1.46494
-4.0396
-5.36689
-5.00114
-4.47889
-4.47889

0
-4.22802
-4.51534
-4.52635
-4.58795
-4.6656
-4.55413
-4.44429
-4.3686
-4.33111
-4.29351
-4.24231
-4.16978
-4.05434
-3.9327
-3.37355
-1.46494
-4.0396
-5.36689
-5.00114
-4.47889
0


0
4.20312
4.40504
4.50649
4.56142
4.53082
4.62057
4.596
4.58268
4.56267
4.47641
4.4261
4.43409
4.52295
4.70394
4.87712
5.0303
5.51252
5.56229
5.08768
4.59747
0

4.20312
-4.54271
-4.76195
-4.87235
-4.93225
-4.90148
-4.99401
-4.96686
-4.95241
-4.93208
-4.84302
-4.79193
-4.802
-4.89322
-5.08005
-5.25632
-5.41549
-5.92119
-5.97535
-5.4725
-4.9608
-4.59747

3.91661
-4.20821
-4.39274
-4.49489
-4.55
-4.52196
-4.60753
-4.58117
-4.56885
-4.55148
-4.47148
-4.42751
-4.43885
-4.52197
-4.69086
-4.84675
-4.98182
-5.41838
-5.45723
-5.00959
-4.56565
-4.25792

3.94301
-4.23974
-4.42936
-4.53098
-4.58688
-4.56229
-4.64829
-4.61804
-4.60402
-4.58681
-4.50413
-4.45895
-4.46896
-4.55242
-4.72567
-4.88507
-5.01908
-5.44845
-5.49235
-5.0472
-4.6011
-4.28685

3.95744
-4.25585
-4.45329
-4.54829
-4.60401
-4.58586
-4.66312
-4.62927
-4.61251
-4.59601
-4.51279
-4.46753
-4.47622
-4.55463
-4.72728
-4.88413
-5.01394
-5.43421
-5.49271
-5.05536
-4.61233
-4.29643

3.97212
-4.2721
-4.48307
-4.56641
-4.62183
-4.61007
-4.66935
-4.63404
-4.61401
-4.59834
-4.51654
-4.47202
-4.48007
-4.54867
-4.71724
-4.8668
-4.98646
-5.40915
-5.49447
-5.06245
-4.62015
-4.30318

3.98819
-4.28995
-4.51919
-4.58733
-4.64191
-4.64274
-4.67395
-4.63557
-4.61101
-4.59586
-4.51776
-4.47467
-4.48245
-4.53693
-4.6984
-4.83575
-4.93509
-5.3758
-5.50161
-5.07207
-4.62728
-4.30933

4.00551
-4.30935
-4.5591
-4.61091
-4.66378
-4.68464
-4.68186
-4.63595
-4.60457
-4.58946
-4.51742
-4.47605
-4.48225
-4.5191
-4.67146
-4.79139
-4.86616
-5.33477
-5.51482
-5.08562
-4.63486
-4.31585

4.02346
-4.32963
-4.59879
-4.63589
-4.6865
-4.72629
-4.69296
-4.63627
-4.59554
-4.58023
-4.51605
-4.47605
-4.47721
-4.49349
-4.63575
-4.73131
-4.78518
-5.28737
-5.53424
-5.1038
-4.64349
-4.32328

4.0415
-4.35014
-4.63484
-4.66082
-4.70933
-4.75948
-4.70548
-4.63734
-4.58527
-4.56998
-4.51427
-4.47463
-4.46623
-4.45856
-4.58949
-4.64808
-4.67848
-5.23238
-5.55997
-5.12732
-4.6537
-4.33207

4.05947
-4.37066
-4.66586
-4.68475
-4.73213
-4.78354
-4.71853
-4.64005
-4.57594
-4.56084
-4.51295
-4.47223
-4.45023
-4.41426
-4.52962
-4.52713
-4.50213
-5.16136
-5.59126
-5.15664
-4.66602
-4.34268

4.07755
-4.39129
-4.69227
-4.7074
-4.75526
-4.80266
-4.73234
-4.64531
-4.57053
-4.55477
-4.51284
-4.46951
-4.4313
-4.36299
-4.45224
-4.3487
-4.16581
-5.0537
-5.62439
-5.19092
-4.68063
-4.3554

4.09493
-4.41071
-4.71341
-4.72714
-4.77757
-4.82206
-4.74652
-4.65219
-4.57042
-4.55133
-4.51268
-4.4655
-4.4106
-4.31006
-4.35459
-4.10136
-3.5507
-4.87611
-5.64819
-5.22415
-4.69506
-4.36851

4.10393
-4.41901
-4.71918
-4.73305
-4.78827
-4.83865
-4.75221
-4.65031
-4.56637
-4.54045
-4.50236
-4.4511
-4.38227
-4.25866
-4.23794
-3.81233
-2.66801
-4.6079
-5.63788
-5.23588
-4.6962
-4.37155

4.07447
-4.38154
-4.67463
-4.68872
-4.74941
-4.81526
-4.71281
-4.60375
-4.52213
-4.48807
-4.44934
-4.39596
-4.32034
-4.19242
-4.10318
-3.55591
-1.85107
-4.29624
-5.55543
-5.18108
-4.64577
-4.33069

3.93882
-4.22802
-4.51534
-4.52635
-4.58795
-4.6656
-4.55413
-4.44429
-4.3686
-4.33111
-4.29351
-4.24231
-4.16978
-4.05434
-3.9327
-3.37355
-1.46494
-4.0396
-5.36689
-5.00114
-4.47889
-4.18199

0
-3.93882
-4.20614
-4.21679
-4.27434
-4.3467
-4.2427
-4.13981
-4.0687
-4.0317
-3.99362
-3.94147
-3.86789
-3.75349
-3.62653
-3.08882
-1.24069
-3.78033
-5.06729
-4.6973
-4.18199
0


0
0
0
0
0
0
0
0
0
0
0
0
0
0
0
0
0
0
0
0
0
0

0
0
0
0
0
0
0
0
0
0
0
0
0
0
0
0
0
0
0
0
0
0

0
0
0
0
0
0
0
0
0
0
0
0
0
0
0
0
0
0
0
0
0
0

0
0
0
0
0
0
0
0
0
0
0
0
0
0
0
0
0
0
0
0
0
0

0
0
0
0
0
0
0
0
0
0
0
0
0
0
0
0
0
0
0
0
0
0

0
0
0
0
0
0
0
0
0
0
0
0
0
0
0
0
0
0
0
0
0
0

0
0
0
0
0
0
0
0
0
0
0
0
0
0
0
0
0
0
0
0
0
0

0
0
0
0
0
0
0
0
0
0
0
0
0
0
0
0
0
0
0
0
0
0

0
0
0
0
0
0
0
0
0
0
0
0
0
0
0
0
0
0
0
0
0
0

0
0
0
0
0
0
0
0
0
0
0
0
0
0
0
0
0
0
0
0
0
0

0
0
0
0
0
0
0
0
0
0
0
0
0
0
0
0
0
0
0
0
0
0

0
0
0
0
0
0
0
0
0
0
0
0
0
0
0
0
0
0
0
0
0
0

0
0
0
0
0
0
0
0
0
0
0
0
0
0
0
0
0
0
0
0
0
0

0
0
0
0
0
0
0
0
0
0
0
0
0
0
0
0
0
0
0
0
0
0

0
0
0
0
0
0
0
0
0
0
0
0
0
0
0
0
0
0
0
0
0
0

0
0
0
0
0
0
0
0
0
0
0
0
0
0
0
0
0
0
0
0
0
0

0
0
0
0
0
0
0
0
0
0
0
0
0
0
0
0
0
0
0
0
0
0


