0
0
0
0
0
0
0
0
0
0
0
0
0
0
0
0
0
0
0
0
0
0

0
0
0
0
0
0
0
0
0
0
0
0
0
0
0
0
0
0
0
0
0
0

0
0
0
0
0
0
0
0
0
0
0
0
0
0
0
0
0
0
0
0
0
0

0
0
0
0
0
0
0
0
0
0
0
0
0
0
0
0
0
0
0
0
0
0

0
0
0
0
0
0
0
0
0
0
0
0
0
0
0
0
0
0
0
0
0
0

0
0
0
0
0
0
0
0
0
0
0
0
0
0
0
0
0
0
0
0
0
0

0
0
0
0
0
0
0
0
0
0
0
0
0
0
0
0
0
0
0
0
0
0

0
0
0
0
0
0
0
0
0
0
0
0
0
0
0
0
0
0
0
0
0
0

0
0
0
0
0
0
0
0
0
0
0
0
0
0
0
0
0
0
0
0
0
0

0
0
0
0
0
0
0
0
0
0
0
0
0
0
0
0
0
0
0
0
0
0

0
0
0
0
0
0
0
0
0
0
0
0
0
0
0
0
0
0
0
0
0
0

0
0
0
0
0
0
0
0
0
0
0
0
0
0
0
0
0
0
0
0
0
0

0
0
0
0
0
0
0
0
0
0
0
0
0
0
0
0
0
0
0
0
0
0

0
0
0
0
0
0
0
0
0
0
0
0
0
0
0
0
0
0
0
0
0
0

0
0
0
0
0
0
0
0
0
0
0
0
0
0
0
0
0
0
0
0
0
0

0
0
0
0
0
0
0
0
0
0
0
0
0
0
0
0
0
0
0
0
0
0

0
0
0
0
0
0
0
0
0
0
0
0
0
0
0
0
0
0
0
0
0
0


0
0
0
0
0
0
0
0
0
0
0
0
0
0
0
0
0
0
0
0
0
0

0
-24.3345
18.2153
-25.8729
-23.3082
-22.3606
-21.5398
-27.4565
-9.57565
-121.809
-24.2234
-24.8827
-68.071
-20.5972
-22.7408
-22.2795
-23.0297
-12.9897
-21.605
-29.7869
-25.6168
0

0
-6.19712
-7.45092
-7.4013
-14.1372
6.77235
21.8008
-7.41977
-17.6293
87.2002
-9.73547
-6.94734
-26.9727
-6.87233
-1.33664
-3.7661
54.0456
-26.2342
-8.10538
-9.18157
-7.12771
0

0
-9.66551
42.9877
-12.5278
-9.38611
-9.55294
-30.3969
-9.48795
1.62635
-9.07954
-10.3478
-11.4999
27.119
-17.8268
-5.37492
-3.45982
-41.1015
-4.55631
-10.377
-12.0093
-10.2155
0

0
-8.40601
-19.3628
-10.4233
-8.07661
-21.3885
-16.619
-9.1462
-7.93767
-9.84329
-9.98674
-11.1064
-7.06765
-23.0223
-6.40118
4.62526
-24.388
-4.13229
-8.84284
-11.9835
-9.81326
0

0
-10.2618
25.9179
-5.38027
-9.54273
-9.88622
-12.4376
-9.91631
-8.21706
-13.3868
-9.48035
-10.7235
22.5945
38.5071
-6.15759
-2.23594
8.95709
-9.45195
-4.50706
-12.4233
-9.71166
0

0
-9.92525
9.96554
-7.07887
-10.2035
-8.62794
-8.3933
-10.0455
-4.39377
-10.8035
-9.86107
-9.20063
-5.75402
-16.5612
-3.56922
-20.3059
7.10997
-8.24728
-16.0224
-12.7629
-9.61481
0

0
-9.10708
-10.4163
-8.34743
-9.70182
-8.79826
-8.93421
-8.47073
21.8211
-8.6634
-9.75761
-8.87304
-12.4997
-12.1312
-3.70983
-2.75813
-21.2386
-8.78521
-9.34829
-15.2448
-9.53638
0

0
-9.0449
-11.6321
-10.0528
-8.96704
-11.0174
-9.67122
-7.44044
-60.8676
-7.58659
-9.39582
-9.16116
-10.0055
-5.99949
-6.32153
-6.45567
-17.3311
-10.1821
-7.12794
-16.8092
-9.63216
0

0
-9.15807
-9.41406
-9.67588
-8.59915
-15.4792
-9.86467
-10.0552
-20.695
-10.189
-9.3245
-9.16124
-7.52736
-1.02852
-8.88667
-4.22871
-11.6785
-8.05004
-7.44431
12.7055
-10.2437
0

0
-9.17765
-8.86838
-9.05978
-9.05292
-1.51758
-9.82306
-10.7854
-7.5259
-10.4876
-9.38173
-9.09398
-7.69716
42.8587
-8.13962
-8.43488
-9.39999
0.0745334
-10.0555
-1.7076
-10.1978
0

0
-9.11823
-8.82902
-8.63804
-9.85335
-7.51207
-8.96542
-10.2708
-8.78494
-9.82247
-9.3203
-9.16915
-7.4238
-100.706
-2.12562
-3.29331
-8.21182
-29.0568
-18.7548
-13.0334
-9.68543
0

0
-8.93005
-8.36047
-6.03597
-9.80402
-4.07546
-8.56472
-9.78092
-12.9624
-9.75026
-9.09233
-9.42885
-6.07795
34.7902
1.18682
36.2015
-9.16468
-14.5689
-10.3073
-14.4682
-9.26102
0

0
-8.51251
-9.14999
-11.1379
-8.50011
-8.20318
-9.06606
-9.34228
4.4851
-9.48246
-8.86238
-9.10299
-6.9301
84.9112
25.7989
-91.9249
-10.1882
-5.3633
-7.72606
-8.06667
-8.97344
0

0
-5.57503
-6.7596
-8.40114
-5.72173
-3.68208
-6.21482
-5.86381
-5.33651
-5.9553
-5.96515
-5.93876
-6.02834
-30.609
-53.7652
-3.17735
3.54241
-6.56125
-10.2879
-2.99475
-6.01941
0

0
1.99116
2.5518
4.16874
3.46979
11.9369
3.71576
3.15052
0.561474
2.49534
1.84291
1.83202
1.46141
-10.3477
4.52463
14.9578
9.10077
3.58691
-4.67862
3.54966
2.07121
0

0
0
0
0
0
0
0
0
0
0
0
0
0
0
0
0
0
0
0
0
0
0


0
0
0
0
0
0
0
0
0
0
0
0
0
0
0
0
0
0
0
0
0
0

0
-25.1865
-39.0059
-24.2337
-29.7803
-37.0826
-41.4337
-26.7379
-40.348
11.5142
-25.9801
-25.7842
7.1955
-23.0489
-30.5209
-31.4452
-67.0261
-37.9096
-22.9718
-26.7823
-25.4996
0

0
-2.57382
-41.9588
-0.445698
-9.63372
4.67931
1.91186
-4.76914
-18.7882
-39.8782
-3.07302
-4.044
14.1236
1.13758
-5.80977
-3.90388
33.3864
-13.3184
-4.64581
-5.80881
-4.69262
0

0
-12.1883
15.5007
-14.2044
-12.9461
-8.59535
9.84112
-9.69498
-18.8607
5.20824
-10.2859
-10.0948
-41.9064
-16.0065
-10.3293
-15.8607
3.76681
-19.629
-11.0942
-9.49726
-9.43379
0

0
-9.8323
-59.1544
-13.5544
-8.25634
-15.5533
-14.4135
-8.70098
-1.1115
2.93712
-9.8924
-10.85
-26.6793
-13.0123
-12.2698
-7.17997
-84.9633
-6.18974
-9.73087
-8.36023
-8.9661
0

0
-9.73494
-19.9989
-12.2962
-8.04754
-14.9608
-18.119
-9.16263
-8.9574
-10.3503
-8.83551
-10.7891
2.32115
18.117
-15.0914
-12.2181
-17.4935
-11.0166
-9.62228
-8.05853
-8.89536
0

0
-10.0354
15.6036
-7.20376
-9.57019
-9.1658
-10.3964
-9.78703
-5.74545
-12.4818
-8.77854
-9.47132
6.83201
10.0242
-12.0769
-21.1336
27.6435
-9.32514
-9.12036
-8.85889
-8.8571
0

0
-9.43451
1.33016
-5.61941
-10.0737
-4.09639
-7.0365
-9.05297
5.29773
-9.49761
-9.44569
-8.66117
-8.53362
-11.6867
-3.12958
-12.8335
-0.945499
-8.2051
-14.5648
-13.3575
-8.77327
0

0
-9.16012
-11.7002
-8.88043
-9.54276
-6.54636
-7.55955
-7.21835
0.909963
-7.98377
-9.27835
-8.94819
-12.4737
2.06759
3.20448
-10.9648
-18.7958
-10.3507
-9.88753
-21.5212
-8.71582
0

0
-9.28273
-11.5901
-10.4604
-8.68721
-10.4612
-9.42839
-8.31104
-34.2058
-9.03947
-9.10113
-9.10992
-7.99434
5.2432
-0.603095
2.48967
-13.4463
-10.2502
-2.2093
-15.233
-9.05131
0

0
-9.3783
-9.84451
-9.98428
-8.38196
-15.6858
-11.5302
-10.1642
-17.0978
-10.4305
-9.13172
-9.01219
-6.00172
-22.8371
-8.62646
2.1233
-11.5328
-1.2302
0.228137
10.9493
-9.66121
0

0
-9.36452
-8.89938
-9.19315
-9.42241
-10.8118
-10.7912
-10.0574
-7.24343
-9.46739
-9.21511
-8.934
-16.3816
-50.773
-23.2809
1.89722
-14.2371
-7.52666
-13.7421
1.97068
-9.47946
0

0
-9.21076
-8.15559
-8.53526
-10.2783
-3.14434
-7.98472
-9.52045
-10.3622
-9.02501
-8.99661
-9.11145
-18.1904
-79.6777
-15.794
2.14494
-14.6819
-16.3865
-16.486
-17.5546
-8.77034
0

0
-8.82227
-8.54389
-10.925
-9.02264
-10.959
-8.13451
-8.91463
-8.39713
-8.80625
-8.64398
-8.85682
-3.30062
96.1505
6.60301
-12.9031
-10.1077
-9.03015
-5.89522
-14.8435
-8.39962
0

0
-5.99908
-7.3788
-9.40952
-5.86041
-9.34303
-6.62313
-5.91578
0.804166
-5.88256
-6.01365
-5.93653
-4.92031
26.8871
1.73021
-42.0073
-7.24036
-6.46214
-3.05173
-5.70254
-5.74657
0

0
0.1411
0.464446
1.69758
1.02773
3.82319
1.18856
1.33859
-0.836345
0.991426
0.494635
0.396263
-0.185776
-26.395
-11.0649
17.7991
3.61591
2.68551
-0.15636
0.139216
0.771884
0

0
0
0
0
0
0
0
0
0
0
0
0
0
0
0
0
0
0
0
0
0
0


0
0
0
0
0
0
0
0
0
0
0
0
0
0
0
0
0
0
0
0
0
0

0
-24.0669
-40.3171
-23.1103
-20.5071
-32.5637
-28.3746
-25.331
-19.8888
-27.4358
-25.5998
-25.1933
-27.026
-28.663
-28.9488
-33.3707
-35.4954
-10.8917
-22.9979
-24.9394
-24.6942
0

0
-4.30827
-28.5332
-3.5404
0.307697
-10.8793
-11.0534
-4.84185
6.18735
-13.504
-3.89807
-3.52657
-17.1125
-0.189165
-2.7736
0.799459
-21.2164
14.0279
0.634151
-3.50655
-3.46041
0

0
-9.92622
-39.8018
-7.9372
-12.7226
24.8176
-2.70313
-9.097
-18.355
-19.9736
-9.35583
-8.4214
3.51074
-6.4257
-9.79714
-9.50629
54.7275
-14.9159
-9.64094
-9.04385
-8.77456
0

0
-9.969
-19.511
-11.4757
-10.6325
-5.56544
3.56974
-8.46054
-13.0316
-0.667855
-9.28448
-9.00392
-26.7498
-26.2297
-8.4963
-13.6642
-16.2329
-7.89934
-9.62615
-8.38648
-8.51364
0

0
-9.67468
-31.9687
-12.2118
-7.72362
-18.9068
-12.1487
-7.91271
-3.91822
-0.855606
-8.80601
-10.0919
-21.1906
-38.4827
-10.0163
-2.27946
-57.1461
-6.99336
-6.91811
-8.12333
-8.42546
0

0
-9.52917
-12.4977
-11.4592
-7.75016
-18.4817
-14.4351
-8.76803
-10.9919
-8.7051
-8.22199
-9.49385
1.11657
9.58643
-12.7146
5.29712
-13.4947
-7.55461
-5.83715
-7.76272
-8.3516
0

0
-9.14571
6.04216
-6.75217
-8.87926
-8.54378
-9.60301
-8.89748
-3.74847
-10.0241
-8.29388
-8.20832
1.5696
-1.74906
-12.4363
-6.77369
21.5032
-1.85988
-9.64612
-7.59207
-8.32497
0

0
-8.67338
-2.27918
-5.57438
-9.00102
-2.59847
-6.83198
-7.73387
7.31084
-7.93256
-8.52831
-7.92147
-7.92244
-3.39317
-2.4972
-13.1181
-3.02239
-1.78973
-15.0771
-11.3063
-8.28894
0

0
-8.62495
-9.15466
-8.06006
-8.49649
-6.60335
-6.70725
-6.7987
-9.52281
-7.53835
-8.42469
-8.1888
-9.15608
9.12405
8.75424
-17.1276
-12.5189
-11.4273
-11.0946
-21.1857
-8.23806
0

0
-8.73508
-9.71404
-9.04916
-7.78923
-13.3833
-8.63669
-8.39238
-24.5385
-9.26853
-8.40054
-8.21624
-6.14021
1.77857
5.41181
-4.89554
-7.42323
-2.20312
-0.630634
-14.0133
-8.42179
0

0
-8.73573
-9.06008
-8.73328
-7.8114
-13.6042
-10.7308
-9.57115
-12.3495
-9.46376
-8.40133
-8.15918
-9.50898
-83.294
-11.36
-3.23696
-4.96632
26.2808
5.21644
9.51525
-8.77619
0

0
-8.57057
-8.28014
-8.21886
-8.70226
-5.22488
-9.26261
-9.09634
-8.45366
-8.5461
-8.25544
-8.26822
-17.6556
-88.2731
-22.6038
8.80529
-7.70643
-13.886
-13.3605
-0.197515
-8.36387
0

0
-8.25936
-6.86853
-5.5131
-8.54746
-1.70563
-6.3841
-8.18111
-10.9171
-8.1082
-7.93868
-8.22173
-10.4877
-37.11
-5.73412
1.34271
-11.684
-21.2846
-14.8806
-14.5485
-7.75663
0

0
-5.70415
-4.66535
-4.40081
-5.22661
-9.17936
-5.12757
-5.3349
-4.82651
-5.38967
-5.45903
-5.5621
-2.15034
57.2893
6.58284
-16.3119
-9.88773
-8.27429
-5.42326
-9.09539
-5.28553
0

0
-0.232814
-0.409144
-0.227651
0.857786
2.0089
0.630611
1.04129
2.25209
0.706826
0.228526
0.23617
0.778874
-14.0001
-9.62647
3.18234
0.572251
-0.447391
-0.179918
1.4911
0.42141
0

0
0
0
0
0
0
0
0
0
0
0
0
0
0
0
0
0
0
0
0
0
0


0
0
0
0
0
0
0
0
0
0
0
0
0
0
0
0
0
0
0
0
0
0

0
-24.1733
-19.9617
-24.552
-25.8584
-8.61013
-25.9383
-25.8033
-28.2244
-24.4091
-25.8587
-25.8328
-23.268
-28.9476
-29.2942
-30.6991
-17.2131
-28.9793
-27.0955
-25.785
-25.1908
0

0
-4.37103
-4.31252
-3.34787
-1.84973
-38.7158
-5.58469
-3.8941
-3.28989
-1.95029
-3.71142
-3.50448
-1.64387
-3.16107
-3.37576
-4.85061
-24.2145
2.55566
0.847105
-3.11384
-3.51474
0

0
-8.84092
-7.32844
-8.17114
-7.84457
-5.82245
-12.6616
-9.07302
-6.18612
-13.9596
-8.63827
-8.64384
-11.4541
-7.71491
-8.80976
-7.48273
-6.2561
-2.56527
-7.89568
-8.87354
-8.52445
0

0
-9.29654
-14.0149
-8.36174
-10.7579
22.4906
-3.57232
-8.73746
-12.6602
-13.1245
-8.88325
-8.45261
-5.82875
-6.9549
-8.81074
-8.44723
36.91
-8.36834
-9.036
-8.70729
-8.41006
0

0
-9.58329
-17.5708
-10.5915
-9.7794
4.60379
-2.12414
-8.12758
-9.95943
-4.74705
-9.00814
-9.1671
-19.3792
-15.5159
-9.22842
-12.4032
-29.8666
-6.56385
-9.58419
-8.55639
-8.461
0

0
-9.60431
-19.6764
-10.8393
-7.96016
-15.1306
-10.5717
-8.22926
-6.52801
-4.92184
-8.58573
-9.58107
-12.8467
-17.6032
-10.9825
-11.4882
-38.5633
-13.0888
-8.99281
-8.19527
-8.4264
0

0
-9.4032
-8.14281
-10.1913
-8.18845
-18.1948
-11.8114
-8.76401
-9.05181
-8.34779
-8.33804
-8.90589
-3.16905
-2.11456
-13.2882
-0.589382
-3.50782
-10.0468
-7.74724
-8.08273
-8.39453
0

0
-8.97682
-1.87352
-7.27508
-8.84589
-9.37935
-9.14429
-8.50187
-3.48309
-8.81198
-8.41327
-8.15679
-3.91467
-4.99591
-12.3847
2.60609
8.63062
-2.56703
-11.4988
-8.56151
-8.38275
0

0
-8.72333
-5.54756
-6.92425
-8.76891
-4.26908
-7.21921
-7.64176
-1.10246
-7.83138
-8.45647
-8.10465
-7.43454
-0.053245
-2.11235
-11.2925
-4.15803
-3.31753
-12.521
-11.4261
-8.38273
0

0
-8.72585
-8.47598
-8.20516
-8.31372
-8.00177
-7.40963
-7.64322
-11.7824
-8.18606
-8.41561
-8.20317
-7.29438
3.22134
8.02729
-14.1276
-7.62157
-15.1177
-9.25775
-15.7471
-8.40423
0

0
-8.7366
-8.90329
-8.63843
-7.98105
-14.5082
-9.36474
-8.7314
-15.8927
-9.26957
-8.39809
-8.15909
-6.74176
-20.1616
2.48143
-12.3172
-4.46443
-4.59724
-2.36568
-10.443
-8.44485
0

0
-8.56342
-8.56566
-8.33384
-8.19878
-12.5563
-10.1263
-9.11946
-9.79233
-8.86616
-8.25196
-8.11954
-10.791
-37.9096
-14.6563
-6.33707
-6.20099
7.20293
-0.185397
2.79298
-8.35202
0

0
-8.1862
-8.02019
-7.9341
-8.34872
-1.69492
-7.89131
-8.43271
-8.06895
-8.11363
-7.93732
-8.07692
-12.5364
-43.8716
-17.5917
2.73628
-12.5181
-16.6496
-12.0276
-4.0594
-7.83705
0

0
-5.64005
-5.2441
-5.0995
-5.4267
-2.76477
-4.40055
-5.3401
-5.89465
-5.43297
-5.45501
-5.61116
-5.71296
-8.09465
-5.1309
-4.68433
-11.733
-12.66
-9.46437
-8.72807
-5.25996
0

0
-0.48583
-0.27997
-0.209091
0.610724
-0.652345
0.383508
0.703606
2.42809
0.445866
-0.00165623
0.00897962
2.17587
14.6012
-1.92159
-7.22696
-1.15051
-0.390232
0.2106
-0.960429
0.168331
0

0
0
0
0
0
0
0
0
0
0
0
0
0
0
0
0
0
0
0
0
0
0


0
0
0
0
0
0
0
0
0
0
0
0
0
0
0
0
0
0
0
0
0
0

0
-24.5173
-20.9323
-25.3384
-25.8244
-7.60999
-25.6741
-25.9223
-26.1303
-26.1537
-25.9626
-26.0468
-26.9333
-27.8337
-28.5447
-29.5404
-25.086
-32.3032
-29.1987
-26.4743
-25.421
0

0
-4.21379
-2.90231
-3.13024
-3.65306
-14.2424
-2.62865
-3.77483
-4.54047
-3.34273
-3.83262
-3.68286
-1.87963
-3.99249
-4.04011
-4.69508
-1.45448
1.49424
-0.329684
-3.07694
-3.56528
0

0
-8.90188
-8.60754
-8.5247
-7.54324
-30.435
-11.1274
-8.94012
-8.06267
-8.7411
-8.68623
-8.60999
-9.09343
-8.28577
-8.87368
-9.36113
-21.346
-9.6755
-7.89414
-8.65918
-8.47778
0

0
-8.86179
-8.65445
-8.23975
-8.30296
-19.5686
-11.0614
-8.73006
-8.5955
-11.0845
-8.56847
-8.48412
-8.42746
-8.25624
-8.84843
-8.63818
5.51568
-9.43796
-8.84159
-8.54753
-8.33966
0

0
-9.22723
-11.832
-8.99376
-9.82223
8.31396
-5.32617
-8.60961
-10.2406
-9.6817
-8.81973
-8.73154
-10.1246
-9.46111
-9.31713
-9.67503
9.272
-9.79333
-9.69204
-8.54558
-8.42166
0

0
-9.43862
-14.3157
-9.93543
-9.27178
5.54407
-5.51375
-8.18187
-8.46557
-6.67756
-8.75515
-9.13714
-13.4907
-12.9397
-10.239
-12.2814
-24.1793
-11.4197
-9.41551
-8.47196
-8.44703
0

0
-9.44102
-12.6835
-9.97619
-8.29504
-10.4396
-9.40365
-8.40535
-7.72018
-6.99253
-8.51799
-9.08353
-9.10183
-9.96012
-11.8504
-11.6498
-19.2945
-10.6692
-9.30185
-8.40579
-8.43492
0

0
-9.20366
-7.26828
-9.10195
-8.43876
-14.3271
-10.0739
-8.58921
-7.42247
-8.23862
-8.42506
-8.56472
-5.66503
-5.63313
-13.6059
-1.73983
-0.0082249
-4.21487
-8.81581
-8.52567
-8.42258
0

0
-8.91809
-5.59534
-7.74824
-8.72869
-8.7367
-8.64921
-8.25751
-4.73115
-8.29909
-8.44348
-8.22667
-6.22156
-3.6431
-11.6721
3.76529
2.21293
-0.54462
-10.9463
-9.23478
-8.42695
0

0
-8.78353
-7.13181
-7.75334
-8.58366
-5.98773
-7.5975
-7.88547
-6.23313
-8.09112
-8.42672
-8.19118
-7.11244
0.1165
-2.60868
-7.02269
-5.01448
-5.18548
-9.97111
-11.1423
-8.43142
0

0
-8.72164
-8.24193
-8.24978
-8.21083
-9.95047
-8.14482
-8.1747
-11.3172
-8.55835
-8.36344
-8.15872
-7.08991
-3.78847
3.65353
-12.827
-6.59125
-13.7897
-7.03973
-12.059
-8.3777
0

0
-8.53063
-8.32206
-8.24577
-8.04515
-13.6282
-9.40179
-8.63993
-11.3584
-8.79833
-8.20391
-8.04315
-8.15736
-16.8042
-3.06886
-15.6788
-6.42509
-9.78515
-3.96621
-7.29279
-8.18389
0

0
-8.13551
-7.94882
-7.8499
-8.03321
-9.00481
-8.90487
-8.42084
-8.48987
-8.21353
-7.89318
-7.9053
-10.02
-23.0848
-13.0385
-8.64819
-11.0375
-6.07655
-4.96027
-2.52761
-7.77921
0

0
-5.60359
-5.45241
-5.36321
-5.48715
-1.53561
-4.95249
-5.51092
-5.12154
-5.44868
-5.46013
-5.57795
-6.77619
-13.7511
-10.1917
-3.02405
-10.8701
-9.29316
-8.08131
-4.51641
-5.26471
0

0
-0.690601
-0.238934
-0.119997
0.353878
-0.00179017
0.542327
0.391838
1.21735
0.165661
-0.193167
-0.253953
1.37776
13.1011
-0.343427
-5.22065
-2.34523
-2.28995
-1.67915
-2.45174
-0.046708
0

0
0
0
0
0
0
0
0
0
0
0
0
0
0
0
0
0
0
0
0
0
0


0
0
0
0
0
0
0
0
0
0
0
0
0
0
0
0
0
0
0
0
0
0

0
-24.8124
-24.1522
-25.6956
-25.5222
-31.5929
-26.6662
-26.0825
-26.1263
-26.1453
-26.1045
-26.1651
-26.6016
-27.3024
-27.999
-28.932
-28.9496
-34.2444
-30.0904
-26.9205
-25.6107
0

0
-4.18824
-2.18841
-3.4109
-3.82746
2.34796
-3.38369
-3.88435
-4.07881
-3.90183
-3.86541
-3.82396
-3.59544
-4.17883
-4.29874
-4.55786
-1.2596
-2.08542
-1.82632
-3.20971
-3.59026
0

0
-8.83668
-8.46676
-8.25737
-8.68683
-8.34611
-7.08958
-8.54672
-8.75562
-8.54821
-8.62541
-8.5395
-8.01597
-8.59013
-8.94368
-9.42061
-10.6742
-8.68614
-7.76571
-8.39106
-8.36693
0

0
-8.82995
-8.48258
-8.45377
-8.0401
-19.7846
-10.1809
-8.68006
-8.42288
-9.06838
-8.57368
-8.52297
-8.73556
-8.39799
-8.90716
-9.27589
-12.4173
-10.6168
-8.67581
-8.52109
-8.36332
0

0
-9.01613
-9.485
-8.6278
-8.58443
-18.2717
-10.0259
-8.74011
-8.97808
-9.61074
-8.66763
-8.63229
-8.8925
-8.89882
-9.13853
-9.38992
3.27955
-9.92418
-9.01717
-8.5415
-8.39883
0

0
-9.22921
-11.1266
-9.17439
-9.25237
-2.3182
-7.09407
-8.50913
-9.05865
-8.55846
-8.72067
-8.837
-10.4346
-9.89917
-9.57258
-10.6699
-5.9748
-9.86382
-9.09174
-8.5459
-8.42683
0

0
-9.33741
-11.6089
-9.49126
-8.91934
-0.0391487
-7.23517
-8.33477
-8.20332
-7.60365
-8.62342
-8.94865
-10.3037
-10.194
-10.3558
-12.7828
-16.7087
-12.4747
-9.03382
-8.50729
-8.43916
0

0
-9.2666
-9.74866
-9.31671
-8.49433
-8.17922
-8.82694
-8.45529
-7.83779
-7.8367
-8.50392
-8.748
-8.02737
-7.97389
-11.4648
-10.4493
-8.1736
-9.72185
-9.17031
-8.53207
-8.43967
0

0
-9.07122
-7.56062
-8.62365
-8.54486
-10.7626
-9.10181
-8.44425
-7.06433
-8.22531
-8.4599
-8.43617
-6.92196
-5.75767
-12.0233
-1.7172
1.15055
-1.6325
-9.52638
-8.81595
-8.44159
0

0
-8.89147
-7.19822
-8.07396
-8.59614
-8.3152
-8.34653
-8.2167
-6.55557
-8.23942
-8.43458
-8.26837
-7.05443
-3.43653
-9.39274
1.65982
-1.34748
1.48192
-9.80152
-9.4781
-8.43219
0

0
-8.74799
-7.77099
-8.06625
-8.39117
-7.65724
-7.92192
-8.12281
-8.36098
-8.30302
-8.35039
-8.17407
-7.27635
-3.22054
-3.58345
-5.71148
-7.7407
-5.56943
-8.01358
-10.1348
-8.35354
0

0
-8.50668
-8.0208
-8.06407
-8.06406
-10.374
-8.43128
-8.25024
-10.0303
-8.44856
-8.15362
-8.01281
-7.66066
-8.63119
-1.45827
-13.5508
-10.0439
-13.7379
-5.87792
-9.33979
-8.10689
0

0
-8.08487
-7.7926
-7.76045
-7.79627
-11.0642
-8.69254
-8.1649
-9.13341
-8.1718
-7.83227
-7.79322
-8.50736
-14.0864
-6.48785
-14.6379
-10.5652
-13.4626
-5.65234
-6.3563
-7.68477
0

0
-5.56731
-5.42047
-5.3481
-5.42175
-4.82764
-5.58308
-5.56894
-5.43269
-5.5141
-5.44553
-5.51818
-6.35027
-10.3203
-8.45413
-6.86578
-8.17833
-7.09038
-5.59028
-3.78738
-5.2291
0

0
-0.872364
-0.423942
-0.273265
0.0831642
1.46402
0.477742
0.0520928
0.713517
-0.106235
-0.376826
-0.479359
0.134378
5.10848
-2.43876
-1.25542
-2.8101
-1.2768
-2.67227
-1.74887
-0.232496
0

0
0
0
0
0
0
0
0
0
0
0
0
0
0
0
0
0
0
0
0
0
0


0
0
0
0
0
0
0
0
0
0
0
0
0
0
0
0
0
0
0
0
0
0

0
-25.0727
-25.3585
-25.9557
-26.0138
-25.3105
-25.9923
-26.1634
-26.2025
-26.2617
-26.224
-26.271
-26.5583
-27.0209
-27.6006
-28.2511
-28.4835
-33.0764
-30.1225
-27.1568
-25.7733
0

0
-4.24803
-2.89313
-3.70283
-3.51228
-4.1542
-4.82208
-4.08764
-4.12089
-4.05171
-4.02211
-4.01183
-4.02262
-4.34196
-4.54211
-4.89537
-4.27057
-4.5131
-3.07865
-3.56906
-3.7146
0

0
-8.69834
-7.81055
-8.07668
-8.36162
-5.47351
-7.85184
-8.38002
-8.48425
-8.42281
-8.39273
-8.35604
-8.15508
-8.50036
-8.72672
-9.00448
-8.16897
-7.86597
-7.45121
-8.0321
-8.12188
0

0
-8.81732
-8.49175
-8.40253
-8.66943
-7.81102
-7.54812
-8.50713
-8.59689
-8.70092
-8.58144
-8.53348
-8.45338
-8.54856
-8.88433
-9.2378
-10.7283
-9.15699
-8.32159
-8.46964
-8.34833
0

0
-8.95937
-8.88123
-8.61809
-8.49857
-13.561
-9.37042
-8.66754
-8.69614
-9.0137
-8.65356
-8.63315
-8.78355
-8.72109
-9.00465
-9.34497
-7.75716
-9.86445
-8.73606
-8.58379
-8.42308
0

0
-9.09165
-9.66072
-8.83953
-8.73056
-13.3788
-9.2473
-8.66641
-8.82559
-8.88754
-8.6699
-8.71273
-9.24661
-9.08704
-9.14652
-9.73519
-4.10576
-9.78484
-8.82775
-8.55292
-8.41943
0

0
-9.20562
-10.2797
-9.10572
-8.93187
-6.21318
-8.04092
-8.4999
-8.56936
-8.3258
-8.63849
-8.79711
-9.63827
-9.37674
-9.45676
-11.0019
-10.6351
-11.1975
-8.83658
-8.52965
-8.42402
0

0
-9.2224
-9.92022
-9.1468
-8.73221
-4.6483
-8.04376
-8.42649
-8.16494
-8.04311
-8.55692
-8.74703
-8.92074
-8.72715
-9.93817
-11.82
-10.6099
-12.1635
-8.98858
-8.53967
-8.42828
0

0
-9.12617
-8.7546
-8.88321
-8.55392
-7.86369
-8.58442
-8.44181
-7.8267
-8.15255
-8.48944
-8.55927
-7.89603
-7.33309
-10.3981
-8.75342
-2.20522
-8.14647
-9.14898
-8.64542
-8.43054
0

0
-8.97618
-7.92005
-8.45987
-8.53099
-8.92122
-8.58821
-8.36887
-7.4558
-8.25988
-8.44262
-8.37335
-7.48528
-5.8354
-10.0089
-2.37904
1.36295
-1.04635
-9.28413
-8.89982
-8.4184
0

0
-8.80161
-7.80496
-8.18193
-8.43479
-8.11246
-8.20262
-8.23055
-7.77548
-8.26902
-8.35133
-8.22441
-7.47725
-5.00852
-7.70296
-1.05968
-5.01098
0.480426
-8.57931
-9.17245
-8.33444
0

0
-8.52196
-7.85393
-7.99832
-8.14193
-8.4853
-8.06153
-8.12184
-8.70572
-8.2396
-8.13824
-8.02241
-7.62242
-6.59699
-4.91207
-7.1104
-12.2409
-6.87898
-6.99762
-8.93054
-8.08176
0

0
-8.06752
-7.66518
-7.68361
-7.737
-9.49139
-8.13441
-7.94135
-8.77298
-8.01983
-7.79394
-7.74242
-7.93624
-9.77118
-5.23843
-12.9036
-13.0758
-13.7136
-6.20278
-7.70438
-7.64204
0

0
-5.53939
-5.36732
-5.31475
-5.33392
-6.21099
-5.6641
-5.51734
-5.7059
-5.52777
-5.42468
-5.46747
-5.93837
-8.0527
-6.1772
-9.27598
-7.52047
-9.7515
-5.15227
-4.65081
-5.19559
0

0
-1.03464
-0.563777
-0.407531
-0.154873
1.28765
0.0998867
-0.268401
0.19897
-0.370039
-0.537427
-0.645774
-0.595247
1.20919
-3.25079
-0.416222
-2.00821
-0.375127
-2.48826
-0.916506
-0.382826
0

0
0
0
0
0
0
0
0
0
0
0
0
0
0
0
0
0
0
0
0
0
0


0
0
0
0
0
0
0
0
0
0
0
0
0
0
0
0
0
0
0
0
0
0

0
-25.275
-25.9495
-26.1177
-26.1522
-25.6722
-26.1748
-26.2192
-26.2084
-26.2645
-26.2326
-26.2675
-26.4568
-26.7261
-27.1552
-27.4975
-27.5547
-30.6727
-29.4677
-27.1443
-25.8266
0

0
-4.36176
-3.50904
-4.01871
-4.05445
-3.84645
-4.13149
-4.24757
-4.3229
-4.29027
-4.2814
-4.28461
-4.3438
-4.57518
-4.75651
-5.1166
-5.4666
-5.50551
-4.07201
-4.06937
-3.94183
0

0
-8.67114
-7.79171
-8.0953
-8.0285
-8.24366
-8.77773
-8.37804
-8.38485
-8.3664
-8.33332
-8.32208
-8.28397
-8.5031
-8.69763
-8.95652
-8.63013
-8.27909
-7.62548
-8.00715
-8.05683
0

0
-8.71975
-8.194
-8.24779
-8.41142
-7.39899
-8.02471
-8.42207
-8.48196
-8.49826
-8.44012
-8.41291
-8.34238
-8.4962
-8.70234
-8.96189
-9.2856
-8.36168
-7.89504
-8.21636
-8.18278
0

0
-8.90366
-8.64845
-8.53724
-8.65487
-8.59225
-8.15298
-8.55491
-8.6408
-8.751
-8.61785
-8.59911
-8.63707
-8.66807
-8.88227
-9.19384
-9.88289
-9.27471
-8.48729
-8.51526
-8.38301
0

0
-9.00902
-9.03992
-8.69975
-8.64967
-10.9113
-8.91907
-8.62169
-8.68895
-8.79097
-8.64212
-8.65767
-8.86718
-8.8178
-8.93971
-9.32055
-8.01816
-9.6095
-8.66179
-8.54563
-8.41092
0

0
-9.09923
-9.45374
-8.86201
-8.74699
-10.3116
-8.82101
-8.58762
-8.62357
-8.58996
-8.6241
-8.69998
-9.09942
-8.95958
-9.0438
-9.80573
-8.9987
-10.0598
-8.7003
-8.52278
-8.40825
0

0
-9.14027
-9.5165
-8.94296
-8.74502
-7.47104
-8.36875
-8.48716
-8.39337
-8.32353
-8.56626
-8.68496
-8.96192
-8.78501
-9.22313
-10.6108
-10.8843
-11.2772
-8.73622
-8.502
-8.39932
0

0
-9.09909
-9.05796
-8.85002
-8.60432
-6.91188
-8.32042
-8.42405
-8.13949
-8.21828
-8.48993
-8.5742
-8.41535
-8.1128
-9.40918
-10.2999
-6.51191
-11.0544
-8.84462
-8.51607
-8.38354
0

0
-8.983
-8.42926
-8.59497
-8.48219
-7.91071
-8.40841
-8.36459
-7.90298
-8.22455
-8.41239
-8.41029
-7.93557
-7.20196
-9.33558
-7.29785
0.549505
-6.98947
-8.89393
-8.58966
-8.35046
0

0
-8.80384
-8.03928
-8.29806
-8.36777
-8.17785
-8.27757
-8.25049
-7.8474
-8.20828
-8.30516
-8.23624
-7.715
-6.48389
-8.51609
-3.56346
-0.130173
-1.73927
-8.6068
-8.66599
-8.26106
0

0
-8.51928
-7.85524
-8.02133
-8.1449
-8.06663
-8.03779
-8.08563
-8.12402
-8.12205
-8.10774
-8.02228
-7.66942
-6.71311
-7.01472
-4.09281
-8.84927
-2.2225
-7.71157
-8.52562
-8.0423
0

0
-8.08091
-7.63447
-7.69137
-7.77864
-8.33948
-7.87203
-7.85091
-8.25892
-7.91057
-7.79273
-7.73979
-7.72825
-8.0584
-6.24302
-8.70756
-14.437
-8.50049
-6.83777
-7.91885
-7.65569
0

0
-5.56474
-5.37088
-5.34434
-5.36897
-6.03396
-5.57334
-5.50171
-5.73414
-5.53753
-5.45023
-5.47111
-5.72265
-6.67376
-5.4089
-8.59127
-9.39019
-9.29951
-5.11654
-5.17677
-5.23498
0

0
-1.19803
-0.662734
-0.518617
-0.348323
0.352128
-0.304272
-0.526037
-0.314202
-0.608674
-0.682875
-0.777864
-0.955978
-0.618217
-2.76383
-1.71517
-0.870855
-1.87327
-2.11098
-0.724615
-0.5234
0

0
0
0
0
0
0
0
0
0
0
0
0
0
0
0
0
0
0
0
0
0
0


0
0
0
0
0
0
0
0
0
0
0
0
0
0
0
0
0
0
0
0
0
0

0
-26.028
-27.3058
-27.5304
-27.7151
-27.7639
-27.8947
-27.6737
-27.557
-27.5938
-27.5114
-27.5344
-27.7191
-27.9003
-28.1886
-28.1385
-28.1109
-30.1208
-30.9708
-28.7282
-27.0319
0

0
-2.48485
-1.97572
-2.34544
-2.41977
-2.31754
-2.41904
-2.46085
-2.44525
-2.43521
-2.50823
-2.56579
-2.6502
-2.71928
-2.60385
-2.56051
-3.0074
-2.3802
-1.96294
-2.11993
-2.02859
0

0
-8.21996
-7.83223
-8.2859
-8.42367
-8.44009
-8.70358
-8.5589
-8.53723
-8.52841
-8.48206
-8.49518
-8.58398
-8.78611
-8.90375
-8.99705
-9.18937
-9.10195
-8.97406
-8.54885
-8.09189
0

0
-7.78604
-7.35814
-7.72531
-7.8698
-7.8635
-8.20157
-8.03421
-8.01058
-8.00396
-7.94949
-7.95514
-8.00571
-8.19849
-8.27647
-8.34551
-8.56106
-7.90024
-7.83929
-7.78397
-7.55506
0

0
-7.91012
-7.6412
-7.89013
-8.09924
-7.83871
-8.02745
-8.13215
-8.15324
-8.1783
-8.08107
-8.07872
-8.14452
-8.30721
-8.39243
-8.50006
-8.99818
-8.1473
-8.04724
-7.9343
-7.69875
0

0
-8.02399
-7.92784
-8.0387
-8.21133
-8.53818
-8.1819
-8.18361
-8.22687
-8.27832
-8.14402
-8.15127
-8.2885
-8.39783
-8.45212
-8.62296
-8.9734
-8.42257
-8.17836
-7.99948
-7.77208
0

0
-8.15521
-8.28467
-8.21235
-8.31476
-9.32175
-8.43236
-8.23085
-8.26165
-8.28893
-8.1843
-8.22131
-8.4657
-8.50598
-8.53034
-8.87332
-9.13744
-8.74583
-8.25607
-8.03172
-7.82574
0

0
-8.28071
-8.58788
-8.37874
-8.41135
-8.93219
-8.39819
-8.22694
-8.20354
-8.19869
-8.19503
-8.26942
-8.55252
-8.51506
-8.64327
-9.35555
-10.5741
-9.50665
-8.29912
-8.0436
-7.86709
0

0
-8.35828
-8.65554
-8.46003
-8.41965
-8.0867
-8.2672
-8.17926
-8.05161
-8.07824
-8.16407
-8.25136
-8.40314
-8.25827
-8.75296
-9.67957
-10.3614
-10.339
-8.31987
-8.03109
-7.88409
0

0
-8.33687
-8.44465
-8.37812
-8.32246
-7.86813
-8.17079
-8.07528
-7.82033
-7.9497
-8.06699
-8.12899
-8.06898
-7.70542
-8.72565
-8.88532
-5.84756
-9.64214
-8.22855
-7.96456
-7.83493
0

0
-8.14859
-8.04803
-8.08659
-8.09201
-7.8454
-7.95909
-7.84369
-7.52317
-7.73919
-7.84718
-7.8688
-7.66038
-6.9977
-8.3203
-6.6278
-1.0998
-6.49645
-7.87993
-7.78378
-7.64128
0

0
-7.71347
-7.53329
-7.58545
-7.65582
-7.53184
-7.5241
-7.43148
-7.22001
-7.37496
-7.44416
-7.43989
-7.21304
-6.46878
-7.40857
-4.82559
-3.16362
-3.49468
-7.17492
-7.41882
-7.22677
0

0
-7.0358
-6.93754
-6.9443
-7.03522
-7.15767
-6.974
-6.88379
-6.88329
-6.87231
-6.88483
-6.88326
-6.77837
-6.43811
-6.4377
-5.73382
-9.23552
-4.50456
-6.34146
-6.83723
-6.62148
0

0
-4.30492
-4.41541
-4.36117
-4.42928
-4.74555
-4.46007
-4.34979
-4.3914
-4.35165
-4.35187
-4.39214
-4.46704
-4.56451
-4.39629
-5.47638
-8.09979
-5.27347
-4.04068
-4.19867
-4.0404
0

0
0.03082
0.350292
0.503948
0.54749
0.614071
0.52707
0.508115
0.593053
0.466802
0.415229
0.316971
0.12295
0.0858854
-0.84438
-1.11282
0.248525
-1.46346
-0.351347
0.431403
0.657664
0

0
0
0
0
0
0
0
0
0
0
0
0
0
0
0
0
0
0
0
0
0
0


0
0
0
0
0
0
0
0
0
0
0
0
0
0
0
0
0
0
0
0
0
0

0
-21.5351
-21.8434
-22.0011
-22.2011
-22.3178
-22.3517
-22.0886
-21.9544
-22.0008
-21.9322
-21.9605
-22.116
-22.1986
-22.3408
-22.0269
-21.6143
-23.1639
-24.8314
-22.9963
-21.4888
0

0
2.17953
3.80761
3.66078
3.66041
3.50615
3.70498
3.72765
3.77619
3.75909
3.5846
3.48242
3.44006
3.57042
4.01057
4.44066
4.36257
5.74155
5.46344
4.48785
4.03982
0

0
-5.33618
-4.19174
-4.60296
-4.78524
-4.79846
-4.89217
-4.77768
-4.7129
-4.71997
-4.71557
-4.75237
-4.86541
-4.9455
-4.87033
-4.6964
-4.8404
-4.88516
-5.41957
-4.88865
-4.35295
0

0
-4.73193
-3.37251
-3.78668
-3.95585
-4.00242
-4.15058
-4.01866
-3.97841
-3.97986
-3.97561
-4.01075
-4.10755
-4.21097
-4.09333
-3.91522
-3.93599
-3.60578
-4.00598
-3.84722
-3.59494
0

0
-4.80459
-3.44377
-3.84318
-4.03184
-4.03986
-4.24452
-4.12809
-4.10905
-4.11444
-4.07345
-4.09433
-4.18274
-4.32196
-4.21972
-4.07657
-4.05252
-3.63228
-4.0244
-3.89281
-3.6853
0

0
-4.88744
-3.55125
-3.9055
-4.11013
-4.12854
-4.25025
-4.1891
-4.2049
-4.22501
-4.14097
-4.15325
-4.25371
-4.40665
-4.3087
-4.22854
-4.24045
-3.72635
-4.01683
-3.91162
-3.74708
0

0
-5.01355
-3.75386
-4.01818
-4.21047
-4.44007
-4.35213
-4.26308
-4.30554
-4.33415
-4.21794
-4.23317
-4.37702
-4.52459
-4.42709
-4.45842
-4.43607
-3.95206
-4.03651
-3.94622
-3.82087
0

0
-5.17037
-4.02981
-4.16723
-4.32576
-4.6803
-4.44319
-4.33167
-4.38197
-4.40431
-4.29179
-4.32322
-4.52757
-4.64617
-4.57805
-4.80377
-4.98833
-4.34292
-4.04455
-3.97635
-3.89885
0

0
-5.32985
-4.29007
-4.31344
-4.41844
-4.62917
-4.45998
-4.37047
-4.40058
-4.42119
-4.34444
-4.39652
-4.62728
-4.69395
-4.74691
-5.20544
-5.69158
-4.8725
-3.99714
-3.97566
-3.96617
0

0
-5.43268
-4.41172
-4.3766
-4.42896
-4.48708
-4.41524
-4.34193
-4.32244
-4.36604
-4.33326
-4.39795
-4.59362
-4.57818
-4.87328
-5.38512
-5.34741
-5.09486
-3.82125
-3.88683
-3.97314
0

0
-5.37987
-4.30458
-4.25486
-4.28331
-4.32222
-4.25137
-4.17285
-4.09204
-4.1819
-4.18791
-4.2558
-4.3874
-4.25444
-4.85183
-5.11091
-4.24094
-4.51522
-3.48543
-3.65351
-3.83362
0

0
-5.09175
-3.9889
-3.92503
-3.95097
-3.99812
-3.91587
-3.83514
-3.71724
-3.84821
-3.88411
-3.95312
-4.03352
-3.7795
-4.61878
-4.74852
-4.90809
-3.69326
-3.14057
-3.3374
-3.51768
0

0
-4.69034
-3.69272
-3.59828
-3.62338
-3.66845
-3.59243
-3.51144
-3.39177
-3.53211
-3.5853
-3.65545
-3.70914
-3.38279
-4.33591
-4.9385
-7.05101
-3.91112
-3.0727
-3.18185
-3.21631
0

0
-2.61262
-1.86669
-1.74539
-1.78367
-1.84803
-1.75204
-1.64129
-1.5046
-1.63244
-1.69705
-1.77521
-1.82811
-1.48471
-2.50575
-3.24066
-4.58654
-2.69343
-1.56686
-1.51397
-1.37125
0

0
0.401903
1.65255
1.80637
1.76549
1.69348
1.78781
1.89904
2.03151
1.93845
1.88047
1.80264
1.72128
1.93816
1.07499
0.829152
2.72286
1.12525
1.44665
1.7321
2.03896
0

0
0
0
0
0
0
0
0
0
0
0
0
0
0
0
0
0
0
0
0
0
0


0
0
0
0
0
0
0
0
0
0
0
0
0
0
0
0
0
0
0
0
0
0

0
0
0
0
0
0
0
0
0
0
0
0
0
0
0
0
0
0
0
0
0
0

0
0
0
0
0
0
0
0
0
0
0
0
0
0
0
0
0
0
0
0
0
0

0
0
0
0
0
0
0
0
0
0
0
0
0
0
0
0
0
0
0
0
0
0

0
0
0
0
0
0
0
0
0
0
0
0
0
0
0
0
0
0
0
0
0
0

0
0
0
0
0
0
0
0
0
0
0
0
0
0
0
0
0
0
0
0
0
0

0
0
0
0
0
0
0
0
0
0
0
0
0
0
0
0
0
0
0
0
0
0

0
0
0
0
0
0
0
0
0
0
0
0
0
0
0
0
0
0
0
0
0
0

0
0
0
0
0
0
0
0
0
0
0
0
0
0
0
0
0
0
0
0
0
0

0
0
0
0
0
0
0
0
0
0
0
0
0
0
0
0
0
0
0
0
0
0

0
0
0
0
0
0
0
0
0
0
0
0
0
0
0
0
0
0
0
0
0
0

0
0
0
0
0
0
0
0
0
0
0
0
0
0
0
0
0
0
0
0
0
0

0
0
0
0
0
0
0
0
0
0
0
0
0
0
0
0
0
0
0
0
0
0

0
0
0
0
0
0
0
0
0
0
0
0
0
0
0
0
0
0
0
0
0
0

0
0
0
0
0
0
0
0
0
0
0
0
0
0
0
0
0
0
0
0
0
0

0
0
0
0
0
0
0
0
0
0
0
0
0
0
0
0
0
0
0
0
0
0

0
0
0
0
0
0
0
0
0
0
0
0
0
0
0
0
0
0
0
0
0
0


