0.5
0.5
0.454585
0.5
0.5
0.5
0.5
0.488481
0.5
0.5
0.517861
0.5
0.5
0.5
0.5
0.5
0.5
0.5
0.5
0.5
0.5
0.5

0.5
0.452906
0.522544
0.582867
0.580684
0.49605
0.394079
0.484987
0.15254
0.719505
0.484406
0.401446
0.817801
0.454644
0.822074
1.6495
0.25043
0.464114
0.348964
0.287323
0.287323
0.5

0.5
0.439097
0.505815
0.507665
0.556547
0.478158
0.376957
0.478806
0.48987
0.248595
0.436408
0.405649
0.830794
0.78334
0.827252
1.73246
0.0409721
0.467793
0.334845
0.275408
0.275408
0.5

0.5
0.450852
0.499643
0.579933
0.575367
0.396796
0.468902
0.497733
0.452595
0.32505
0.434906
0.612984
0.524627
0.736043
0.852758
0.728112
1.54583
0.640757
0.339344
0.270839
0.270839
0.5

0.5
0.458388
0.497539
0.573647
0.587156
0.39851
0.439249
0.452676
0.493699
0.360347
0.435703
0.58818
0.450968
0.709426
0.830224
0.494181
1.36895
0.638848
0.323336
0.262141
0.262141
0.5

0.5
0.467235
0.538629
0.488788
0.598696
0.377019
0.424918
0.470132
0.445901
0.425176
0.442645
0.450258
-0.467124
0.691791
0.882004
0.560635
1.32783
0.639984
0.311037
0.250788
0.250788
0.5

0.5
0.472971
0.531113
0.526258
0.632109
0.357544
0.410972
0.494698
0.405993
0.388835
0.435289
0.467924
0.753415
0.738308
0.867093
0.597471
1.37772
0.761716
0.0764472
0.22362
0.22362
0

0.5
0.476519
0.523968
0.522976
0.658479
0.33907
0.397653
0.500664
0.364478
0.403295
0.432322
0.466256
0.65841
0.758129
0.92953
0.71727
1.46865
0.765297
0.0227851
0.209701
0.209701
0.5

0.5
0.47884
0.518036
0.519363
0.68946
0.320275
0.388796
0.316185
0.594559
0.431535
0.429866
0.46071
0.62423
0.756451
1.73246
0.806522
1.59923
0.755082
-0.0682549
0.195047
0.195047
0.5

0.5
0.480455
0.513189
0.518264
0.699442
0.377019
0.396341
0.334886
0.535931
0.43681
0.425564
0.451688
0.588019
0.822362
0.441058
0.593832
1.74167
0.758108
-0.0297369
0.0305517
0.0305517
0.5

0.5
0.481716
0.508716
0.531501
0.275763
0.720783
0.424918
0.356745
0.513445
0.439262
0.42242
0.439012
0.546249
0.832333
0.898143
0.554944
2.09993
0.6245
-0.16607
0.0280267
0.0280267
0.5

0.5
0.482873
0.505787
0.516243
0.330702
0.555916
0.497226
0.384676
0.502567
0.439187
0.451688
0.423886
0.454644
0.928448
0.850855
0.450735
2.61953
0.541787
-0.31972
0.0263922
0.0263922
0.5

0.5
0.484835
0.502279
0.508422
0.404498
0.49972
0.469479
0.397267
0.491955
0.435463
0.409764
0.406079
0.438248
0.906383
0.544747
0.621232
3.05021
0.558279
-0.46892
0.0330786
0.0330786
0.5

0.5
0.491493
0.495264
0.507665
0.459683
0.460367
0.453768
0.448318
0.425894
0.425176
0.435289
0.387292
0.397444
0.753305
-1.00631
1.17073
4.28839
0.561473
-0.641221
0.0543622
0.0543622
0.5

0.5
0.490483
0.495515
0.50903
0.513073
0.418537
0.437774
0.445204
0.431722
0.420139
0.389582
0.364082
0.33695
-0.0186246
0.455815
0.459492
5.48616
0.672937
-0.931688
0.106094
0.106094
0.5

0.5
0.482914
0.488788
0.504472
0.553305
0.361701
0.414809
0.43069
0.42497
0.408504
0.379644
0.341569
0.285857
0.203503
0.291514
0.441058
-0.478322
-0.034669
0.311037
0.1925
0.1925
0.5

0.5
0.5
0.5
0.5
0.5
0.5
0.5
0.5
0.5
0.5
0.5
0.5
0.5
0.5
0.5
0.5
0.5
0.5
0.5
0.5
0.5
0.5


0.5
-0.452906
-0.522544
-0.582867
-0.580684
-0.49605
-0.394079
-0.484987
-0.15254
-0.719505
-0.484406
-0.401446
-0.817801
-0.454644
-0.822074
-1.6495
-0.25043
-0.464114
-0.348964
-0.287323
-0.287323
0.5

0.5
0.452906
0.522544
0.582867
0.580684
0.49605
0.394079
0.484987
0.15254
0.719505
0.484406
0.401446
0.817801
0.454644
0.822074
1.6495
0.25043
0.464114
0.348964
0.287323
0.287323
0.5

0.5
0.439097
0.505815
0.507665
0.556547
0.478158
0.376957
0.478806
0.48987
0.248595
0.436408
0.405649
0.830794
0.78334
0.827252
1.73246
0.0409721
0.467793
0.334845
0.275408
0.275408
0.5

0.5
0.450852
0.499643
0.579933
0.575367
0.396796
0.468902
0.497733
0.452595
0.32505
0.434906
0.612984
0.524627
0.736043
0.852758
0.728112
1.54583
0.640757
0.339344
0.270839
0.270839
0.5

0.5
0.458388
0.497539
0.573647
0.587156
0.39851
0.439249
0.452676
0.493699
0.360347
0.435703
0.58818
0.450968
0.709426
0.830224
0.494181
1.36895
0.638848
0.323336
0.262141
0.262141
0.5

0.5
0.467235
0.538629
0.488788
0.598696
0.377019
0.424918
0.470132
0.445901
0.425176
0.442645
0.450258
-0.467124
0.691791
0.882004
0.560635
1.32783
0.639984
0.311037
0.250788
0.250788
0.5

0.5
0.472971
0.531113
0.526258
0.632109
0.357544
0.410972
0.494698
0.405993
0.388835
0.435289
0.467924
0.753415
0.738308
0.867093
0.597471
1.37772
0.761716
0.0764472
0.22362
0.22362
0.0938173

0.5
0.476519
0.523968
0.522976
0.658479
0.33907
0.397653
0.500664
0.364478
0.403295
0.432322
0.466256
0.65841
0.758129
0.92953
0.71727
1.46865
0.765297
0.0227851
0.209701
0.209701
0.5

0.5
0.47884
0.518036
0.519363
0.68946
0.320275
0.388796
0.316185
0.594559
0.431535
0.429866
0.46071
0.62423
0.756451
1.73246
0.806522
1.59923
0.755082
-0.0682549
0.195047
0.195047
0.5

0.5
0.480455
0.513189
0.518264
0.699442
0.377019
0.396341
0.334886
0.535931
0.43681
0.425564
0.451688
0.588019
0.822362
0.441058
0.593832
1.74167
0.758108
-0.0297369
0.0305517
0.0305517
0.5

0.5
0.481716
0.508716
0.531501
0.275763
0.720783
0.424918
0.356745
0.513445
0.439262
0.42242
0.439012
0.546249
0.832333
0.898143
0.554944
2.09993
0.6245
-0.16607
0.0280267
0.0280267
0.5

0.5
0.482873
0.505787
0.516243
0.330702
0.555916
0.497226
0.384676
0.502567
0.439187
0.451688
0.423886
0.454644
0.928448
0.850855
0.450735
2.61953
0.541787
-0.31972
0.0263922
0.0263922
0.5

0.5
0.484835
0.502279
0.508422
0.404498
0.49972
0.469479
0.397267
0.491955
0.435463
0.409764
0.406079
0.438248
0.906383
0.544747
0.621232
3.05021
0.558279
-0.46892
0.0330786
0.0330786
0.5

0.5
0.491493
0.495264
0.507665
0.459683
0.460367
0.453768
0.448318
0.425894
0.425176
0.435289
0.387292
0.397444
0.753305
-1.00631
1.17073
4.28839
0.561473
-0.641221
0.0543622
0.0543622
0.5

0.5
0.490483
0.495515
0.50903
0.513073
0.418537
0.437774
0.445204
0.431722
0.420139
0.389582
0.364082
0.33695
-0.0186246
0.455815
0.459492
5.48616
0.672937
-0.931688
0.106094
0.106094
0.5

0.5
0.482914
0.488788
0.504472
0.553305
0.361701
0.414809
0.43069
0.42497
0.408504
0.379644
0.341569
0.285857
0.203503
0.291514
0.441058
-0.478322
-0.034669
0.311037
0.1925
0.1925
0.5

0.5
0.482914
0.488788
0.504472
0.553305
0.361701
0.414809
0.43069
0.42497
0.408504
0.379644
0.341569
0.285857
0.203503
0.291514
0.441058
-0.347115
0.1925
0.311037
0.1925
0.1925
0.5


0.5
-0.387128
-0.601128
-0.569915
-0.57103
-0.488908
-0.432685
-0.463061
-0.502871
-0.317522
-0.457168
-0.458647
-0.712018
-0.805192
-0.842912
-1.05627
-0.742669
-0.697025
-0.408567
-0.33255
-0.33255
0.5

0.5
0.387128
0.601128
0.569915
0.57103
0.488908
0.432685
0.463061
0.502871
0.317522
0.457168
0.458647
0.712018
0.805192
0.842912
1.05627
0.742669
0.697025
0.408567
0.33255
0.33255
0.5

0.5
0.328622
0.677197
0.572104
0.543836
0.492462
0.43331
0.455138
0.482846
0.359838
0.447229
0.458138
0.695116
0.754395
0.822063
1.09809
0.778683
0.643128
0.388441
0.319278
0.319278
0.5

0.5
0.399525
0.569495
0.557928
0.543797
0.461219
0.446766
0.468445
0.471031
0.367046
0.445151
0.512017
0.651857
0.738507
0.830271
0.627597
1.31202
0.659756
0.374795
0.31355
0.31355
0.5

0.5
0.44231
0.533208
0.550225
0.543138
0.451665
0.447914
0.464809
0.465554
0.382511
0.444763
0.525799
0.621203
0.724522
0.839255
0.581565
1.18868
0.678069
0.35262
0.304035
0.304035
0.5

0.5
0.462977
0.526739
0.542486
0.557851
0.43459
0.44104
0.464521
0.45577
0.393968
0.445067
0.483159
0.622981
0.710526
0.83391
0.517077
1.20161
0.701922
0.304791
0.289827
0.289827
0.5

0.5
0.472975
0.525033
0.526932
0.563447
0.424385
0.434444
0.465392
0.445128
0.408642
0.44327
0.479209
0.658187
0.719289
0.861629
0.62687
1.26626
0.735115
0.252479
0.272673
0.272673
0.5

0.5
0.478473
0.520635
0.523686
0.564307
0.420151
0.429952
0.453572
0.44942
0.419422
0.440628
0.475905
0.628453
0.731468
0.740575
0.720624
1.35123
0.764525
0.182628
0.248701
0.248701
0.5

0.5
0.481831
0.516206
0.520835
0.55827
0.422704
0.430185
0.401627
0.488029
0.430693
0.437588
0.46862
0.595669
0.744455
0.661483
0.743339
1.45256
0.78956
0.124237
0.216193
0.216193
0.5

0.5
0.484172
0.512253
0.518894
0.484871
0.491019
0.447746
0.388354
0.498872
0.438136
0.433644
0.458593
0.554188
0.749035
0.789757
0.761945
1.60169
0.827405
0.0795135
0.17314
0.17314
0.5

0.5
0.486186
0.508627
0.518856
0.270788
0.704097
0.503997
0.4
0.491447
0.440565
0.428413
0.445937
0.491342
0.777113
0.707587
0.703518
1.84689
0.946745
0.0167887
0.137023
0.137023
0.5

0.5
0.488507
0.505225
0.512411
0.382729
0.517079
0.478795
0.407678
0.481644
0.439976
0.421087
0.431169
0.397372
0.848344
0.562541
0.630194
2.05394
0.818653
-0.0871663
0.121554
0.121554
0.5

0.5
0.492139
0.500665
0.508395
0.429164
0.490317
0.466394
0.417757
0.469694
0.436982
0.415656
0.414374
0.407229
0.697358
0.109955
0.700801
2.50595
0.753798
-0.203019
0.116562
0.116562
0.5

0.5
0.497976
0.493047
0.508099
0.468653
0.462799
0.454347
0.435391
0.451486
0.431932
0.407206
0.396327
0.390853
0.505673
-0.395029
1.03549
3.24268
0.73447
-0.320399
0.120073
0.120073
0.5

0.5
0.497299
0.496478
0.509331
0.506882
0.433536
0.441443
0.441752
0.439762
0.425806
0.401645
0.377024
0.345757
0.154236
0.374603
0.348012
4.30588
0.768154
-0.377514
0.131549
0.131549
0.5

0.5
0.487868
0.49204
0.50379
0.530978
0.395475
0.421444
0.432436
0.428069
0.41402
0.389243
0.35607
0.306281
0.24422
0.271435
0.288539
3.74146
0.741964
-0.847776
0.14931
0.14931
0.5

0.5
0.487868
0.49204
0.50379
0.530978
0.395475
0.421444
0.432436
0.428069
0.41402
0.389243
0.35607
0.306281
0.24422
0.271435
0.288539
3.74146
0.741964
-0.847776
0.14931
0.14931
0.5


0.5
-0.411209
-0.581001
-0.552847
-0.545484
-0.440994
-0.438179
-0.46783
-0.483017
-0.406228
-0.465631
-0.47942
-0.687469
-0.746444
-0.807966
-0.874375
-0.856719
-0.672519
-0.43613
-0.368965
-0.368965
0.5

0.5
0.411209
0.581001
0.552847
0.545484
0.440994
0.438179
0.46783
0.483017
0.406228
0.465631
0.47942
0.687469
0.746444
0.807966
0.874375
0.856719
0.672519
0.43613
0.368965
0.368965
0.5

0.5
0.391459
0.577912
0.540215
0.507462
0.486227
0.439015
0.459935
0.470008
0.392137
0.452935
0.481628
0.658637
0.726263
0.789488
0.858687
0.836466
0.656443
0.418375
0.35523
0.35523
0.5

0.5
0.419661
0.555118
0.5392
0.516211
0.488669
0.448139
0.461818
0.466249
0.396561
0.452524
0.499292
0.642219
0.717557
0.787947
0.676081
1.04808
0.668622
0.406137
0.349859
0.349859
0.5

0.5
0.445493
0.535008
0.535073
0.518854
0.47578
0.451085
0.462178
0.462161
0.404508
0.452157
0.507794
0.631949
0.70856
0.783641
0.659701
1.09311
0.690747
0.385754
0.340928
0.340928
0.5

0.5
0.462729
0.524282
0.528664
0.522934
0.463831
0.449227
0.460169
0.458019
0.413429
0.451694
0.494466
0.634692
0.705793
0.773749
0.695189
1.12359
0.712832
0.354476
0.328386
0.328386
0.5

0.5
0.473044
0.519598
0.523428
0.524476
0.456189
0.446142
0.456437
0.455045
0.421468
0.450107
0.488297
0.623165
0.699077
0.778986
0.694447
1.16988
0.73194
0.316227
0.312369
0.312369
0.5

0.5
0.479227
0.516113
0.519409
0.52165
0.45271
0.444012
0.447534
0.457497
0.428892
0.4478
0.483175
0.604752
0.697719
0.747425
0.734844
1.24168
0.755642
0.271691
0.291833
0.291833
0.5

0.5
0.483145
0.512915
0.515949
0.510635
0.456591
0.444791
0.430234
0.469336
0.43564
0.444874
0.475583
0.578269
0.69671
0.716933
0.76998
1.33484
0.779597
0.224813
0.267114
0.267114
0.5

0.5
0.485902
0.510027
0.512652
0.457771
0.498997
0.453999
0.418923
0.477048
0.440544
0.44117
0.465626
0.544173
0.693247
0.686521
0.782847
1.45205
0.800118
0.173349
0.240581
0.240581
0.5

0.5
0.488179
0.507436
0.510722
0.313688
0.627014
0.478097
0.419762
0.475856
0.442525
0.436554
0.453493
0.499547
0.686304
0.659075
0.769489
1.60873
0.781978
0.108712
0.215429
0.215429
0.5

0.5
0.490446
0.505192
0.507477
0.398213
0.523164
0.473211
0.424183
0.470425
0.442057
0.431147
0.439619
0.44441
0.67328
0.559511
0.725612
1.86244
0.788062
0.0458941
0.198825
0.198825
0.5

0.5
0.493058
0.50322
0.505833
0.439681
0.490041
0.4642
0.429883
0.462757
0.439715
0.425137
0.424585
0.422803
0.603068
0.288884
0.712064
2.24828
0.806078
-0.0221856
0.189786
0.189786
0.5

0.5
0.496092
0.501587
0.506258
0.471691
0.466229
0.454837
0.436899
0.45324
0.435976
0.418786
0.408513
0.398312
0.473361
-0.0634679
0.770441
2.85226
0.858133
-0.0864231
0.186876
0.186876
0.5

0.5
0.497968
0.499907
0.507523
0.499898
0.444023
0.444443
0.44116
0.444271
0.43084
0.411521
0.3913
0.362733
0.286117
0.264546
0.134914
3.62714
0.982208
-0.146752
0.189157
0.189157
0.5

0.5
0.49094
0.493378
0.501444
0.514095
0.414827
0.426765
0.433867
0.430863
0.419265
0.399085
0.371853
0.330446
0.280002
0.265838
-0.0771359
4.24486
1.12745
-0.145713
0.191229
0.191229
0.5

0.5
0.49094
0.493378
0.501444
0.514095
0.414827
0.426765
0.433867
0.430863
0.419265
0.399085
0.371853
0.330446
0.280002
0.265838
-0.0771359
4.24486
1.12745
-0.145713
0.191229
0.191229
0.5


0.5
-0.439467
-0.558076
-0.538413
-0.436284
-0.270643
-0.422865
-0.467797
-0.477491
-0.426505
-0.472197
-0.504541
-0.653221
-0.719028
-0.776372
-0.808873
-0.877711
-0.689631
-0.469775
-0.40745
-0.40745
0.5

0.5
0.439467
0.558076
0.538413
0.436284
0.270643
0.422865
0.467797
0.477491
0.426505
0.472197
0.504541
0.653221
0.719028
0.776372
0.808873
0.877711
0.689631
0.469775
0.40745
0.40745
0.5

0.5
0.431177
0.545458
0.525335
0.417926
0.465179
0.44243
0.459459
0.465323
0.415716
0.460011
0.496137
0.633591
0.70099
0.758129
0.791575
0.867411
0.671907
0.451879
0.393219
0.393219
0.5

0.5
0.441934
0.537527
0.524491
0.471059
0.514188
0.453801
0.46075
0.463763
0.418215
0.459834
0.502606
0.625315
0.696058
0.754859
0.747682
0.930315
0.678901
0.442179
0.388628
0.388628
0.5

0.5
0.455474
0.52764
0.52325
0.493004
0.499996
0.456516
0.460677
0.461608
0.42248
0.45942
0.506018
0.616725
0.689772
0.749669
0.715017
0.990909
0.69455
0.42666
0.381071
0.381071
0.5

0.5
0.46694
0.520176
0.520794
0.502316
0.483109
0.4559
0.458911
0.459717
0.427668
0.458625
0.502005
0.610335
0.683956
0.743085
0.71494
1.03376
0.712203
0.40524
0.370676
0.370676
0.5

0.5
0.4752
0.515681
0.517667
0.504414
0.474316
0.454242
0.455496
0.458728
0.432861
0.457158
0.495729
0.601903
0.677649
0.735716
0.726114
1.08187
0.730211
0.378962
0.357533
0.357533
0.5

0.5
0.48083
0.512695
0.514676
0.501647
0.470856
0.452925
0.449902
0.45986
0.437608
0.455
0.489618
0.587159
0.671036
0.717823
0.745592
1.1454
0.750046
0.347674
0.341601
0.341601
0.5

0.5
0.484708
0.510337
0.511757
0.491965
0.473703
0.453262
0.442096
0.463633
0.441657
0.452194
0.482076
0.566359
0.663147
0.691711
0.767731
1.22933
0.770448
0.312465
0.323629
0.323629
0.5

0.5
0.487566
0.508342
0.508839
0.463593
0.492624
0.457254
0.435668
0.466973
0.444546
0.448691
0.472719
0.539796
0.651652
0.663669
0.780567
1.33986
0.788497
0.273367
0.305135
0.305135
0.5

0.5
0.489933
0.506654
0.506525
0.402588
0.540138
0.466147
0.43401
0.466891
0.445712
0.444442
0.461619
0.507525
0.634119
0.624804
0.77555
1.48592
0.805266
0.232371
0.287637
0.287637
0.5

0.5
0.492192
0.505299
0.504813
0.423189
0.514302
0.467367
0.435449
0.463928
0.445168
0.439504
0.449083
0.471675
0.60554
0.547124
0.740927
1.67702
0.835092
0.191395
0.273774
0.273774
0.5

0.5
0.494616
0.504269
0.504292
0.450928
0.48896
0.462409
0.438091
0.459179
0.443231
0.434029
0.435552
0.442488
0.54985
0.38391
0.664893
1.99109
0.881369
0.151713
0.264446
0.264446
0.5

0.5
0.497326
0.503508
0.505074
0.474598
0.469815
0.455642
0.441249
0.453384
0.440238
0.428146
0.421201
0.414353
0.462138
0.171007
0.520702
2.50126
0.9647
0.116322
0.259239
0.259239
0.5

0.5
0.499467
0.502472
0.506032
0.495049
0.452597
0.447454
0.443106
0.446775
0.43584
0.421352
0.40588
0.383074
0.354943
0.247824
-0.000543201
3.16861
1.09983
0.0862443
0.256842
0.256842
0.5

0.5
0.493637
0.494745
0.499486
0.502722
0.428866
0.431705
0.435642
0.433769
0.424613
0.408969
0.387684
0.354728
0.314372
0.265281
-0.318736
3.76767
1.24839
0.0384442
0.25124
0.25124
0.5

0.5
0.493637
0.494745
0.499486
0.502722
0.428866
0.431705
0.435642
0.433769
0.424613
0.408969
0.387684
0.354728
0.314372
0.265281
-0.318736
3.76767
1.24839
0.0384442
0.25124
0.25124
0.5


0.5
-0.459936
-0.541031
-0.529296
-0.127477
-0.0542057
-0.40616
-0.466994
-0.475819
-0.444371
-0.479778
-0.51795
-0.630995
-0.695504
-0.748155
-0.776739
-0.859549
-0.695505
-0.503316
-0.446873
-0.446873
0.5

0.5
0.459936
0.541031
0.529296
0.127477
0.0542057
0.40616
0.466994
0.475819
0.444371
0.479778
0.51795
0.630995
0.695504
0.748155
0.776739
0.859549
0.695505
0.503316
0.446873
0.446873
0.5

0.5
0.451978
0.528016
0.514017
0.276821
0.332381
0.436088
0.459847
0.463995
0.433068
0.467425
0.506051
0.614213
0.678597
0.730497
0.759814
0.846832
0.678425
0.485929
0.432262
0.432262
0.5

0.5
0.45785
0.52454
0.514049
0.398719
0.520466
0.459959
0.461444
0.463329
0.434546
0.467205
0.508043
0.609307
0.675329
0.72768
0.749347
0.874593
0.683975
0.479031
0.428675
0.428675
0.5

0.5
0.465362
0.519716
0.514284
0.453027
0.532604
0.463365
0.461095
0.462237
0.436901
0.466675
0.508713
0.602858
0.670383
0.722852
0.73433
0.914945
0.694923
0.468153
0.422804
0.422804
0.5

0.5
0.472625
0.515339
0.513546
0.47916
0.503539
0.46193
0.459586
0.461239
0.439846
0.465741
0.506296
0.595823
0.664522
0.716384
0.729795
0.955506
0.709135
0.453607
0.41484
0.41484
0.5

0.5
0.478615
0.51216
0.512104
0.490221
0.487018
0.460149
0.457021
0.460688
0.4429
0.464259
0.501417
0.587219
0.657544
0.70763
0.73442
0.999748
0.725124
0.435639
0.404938
0.404938
0.5

0.5
0.483201
0.509956
0.510323
0.491652
0.480336
0.458802
0.453435
0.460946
0.445695
0.462179
0.495505
0.574958
0.64905
0.693628
0.744783
1.05434
0.74295
0.414477
0.393364
0.393364
0.5

0.5
0.48667
0.508337
0.508361
0.486532
0.480038
0.458467
0.449146
0.462039
0.447967
0.459498
0.488405
0.558433
0.638236
0.673029
0.757016
1.12416
0.76261
0.390692
0.380713
0.380713
0.5

0.5
0.489408
0.507087
0.506336
0.47354
0.486828
0.459794
0.445359
0.463044
0.44944
0.456199
0.479901
0.537695
0.623533
0.646355
0.764519
1.21327
0.784528
0.365271
0.367875
0.367875
0.5

0.5
0.491774
0.506139
0.504603
0.452587
0.500636
0.462719
0.443479
0.462707
0.449834
0.452275
0.470012
0.51314
0.602734
0.608979
0.759906
1.32707
0.81196
0.339988
0.355818
0.355818
0.5

0.5
0.494057
0.505484
0.50358
0.451105
0.497503
0.463745
0.443396
0.460794
0.449088
0.447774
0.458939
0.486074
0.572354
0.547293
0.730018
1.48286
0.850925
0.316151
0.345676
0.345676
0.5

0.5
0.496497
0.505116
0.503505
0.463536
0.484682
0.461155
0.444255
0.457676
0.447346
0.442802
0.446974
0.459407
0.526473
0.442352
0.645893
1.72553
0.906873
0.294737
0.338124
0.338124
0.5

0.5
0.499242
0.504983
0.504343
0.478468
0.471657
0.456547
0.445476
0.453775
0.444797
0.437441
0.434315
0.432658
0.463003
0.31222
0.450723
2.11123
0.989392
0.276141
0.333084
0.333084
0.5

0.5
0.501585
0.504303
0.505012
0.492324
0.45885
0.450239
0.445762
0.448766
0.440925
0.431127
0.42075
0.404956
0.391632
0.286978
0.0513726
2.62177
1.10564
0.259397
0.329374
0.329374
0.5

0.5
0.496252
0.496223
0.497986
0.495069
0.439053
0.436093
0.437612
0.436617
0.430013
0.418904
0.403649
0.379223
0.348109
0.283762
-0.264299
3.07669
1.21962
0.234348
0.32058
0.32058
0.5

0.5
0.496252
0.496223
0.497986
0.495069
0.439053
0.436093
0.437612
0.436617
0.430013
0.418904
0.403649
0.379223
0.348109
0.283762
-0.264299
3.07669
1.21962
0.234348
0.32058
0.32058
0.5


0.5
-0.474042
-0.529998
-0.516852
-0.511922
-0.592777
-0.476294
-0.474975
-0.476814
-0.458354
-0.487357
-0.526031
-0.614773
-0.675185
-0.723457
-0.754015
-0.829129
-0.696978
-0.536714
-0.486911
-0.486911
0.5

0.5
0.474042
0.529998
0.516852
0.511922
0.592777
0.476294
0.474975
0.476814
0.458354
0.487357
0.526031
0.614773
0.675185
0.723457
0.754015
0.829129
0.696978
0.536714
0.486911
0.486911
0.5

0.5
0.465378
0.517369
0.505715
0.481297
0.548068
0.462199
0.462803
0.464685
0.446635
0.474801
0.512983
0.599085
0.658845
0.706308
0.737576
0.815037
0.680206
0.51975
0.471959
0.471959
0.5

0.5
0.4691
0.515699
0.507194
0.467389
0.53099
0.464453
0.462821
0.464288
0.447439
0.474481
0.51316
0.595825
0.656429
0.704139
0.735378
0.830875
0.684627
0.51526
0.469433
0.469433
0.5

0.5
0.47365
0.513337
0.507999
0.46951
0.517008
0.465991
0.462361
0.463645
0.448667
0.47383
0.512504
0.590882
0.652373
0.700094
0.730321
0.856507
0.692786
0.508235
0.46533
0.46533
0.5

0.5
0.47833
0.510989
0.508082
0.478115
0.502558
0.465556
0.461181
0.462985
0.45021
0.472804
0.510236
0.58467
0.646982
0.694294
0.727682
0.887715
0.704089
0.498968
0.459836
0.459836
0.5

0.5
0.48256
0.509106
0.507608
0.484909
0.491134
0.464214
0.459303
0.462474
0.451814
0.471307
0.506236
0.576898
0.640139
0.686213
0.729487
0.923885
0.717827
0.487669
0.453124
0.453124
0.5

0.5
0.486124
0.507759
0.506765
0.487355
0.48447
0.462865
0.45686
0.462233
0.453238
0.469294
0.500994
0.566672
0.631438
0.674505
0.734597
0.967629
0.733943
0.474662
0.445468
0.445468
0.5

0.5
0.48907
0.506835
0.505698
0.485614
0.482067
0.46202
0.454122
0.46223
0.454281
0.46675
0.494639
0.553463
0.620188
0.65776
0.740527
1.02211
0.752932
0.460505
0.437289
0.437289
0.5

0.5
0.491586
0.506234
0.50456
0.480085
0.483318
0.461958
0.451609
0.462127
0.454767
0.463672
0.487143
0.537179
0.605278
0.634837
0.743166
1.09063
0.776023
0.446106
0.429126
0.429126
0.5

0.5
0.493886
0.505897
0.503581
0.472313
0.486767
0.462507
0.449911
0.461422
0.454546
0.46007
0.478539
0.51807
0.585136
0.602568
0.736718
1.17862
0.805585
0.43258
0.421561
0.421561
0.5

0.5
0.496185
0.505808
0.503073
0.469514
0.486241
0.462492
0.449142
0.459886
0.453566
0.45599
0.468962
0.49679
0.557635
0.554169
0.710603
1.29931
0.844588
0.420681
0.415151
0.415151
0.5

0.5
0.498692
0.505967
0.503253
0.474246
0.480284
0.460775
0.448999
0.457607
0.45189
0.451507
0.458611
0.474385
0.520255
0.481897
0.641311
1.4798
0.896847
0.410832
0.410253
0.410253
0.5

0.5
0.501543
0.506298
0.504057
0.48262
0.472306
0.457591
0.44912
0.454758
0.449612
0.446672
0.447653
0.45117
0.472519
0.394585
0.483828
1.75549
0.96762
0.402913
0.40682
0.40682
0.5

0.5
0.50407
0.505945
0.504463
0.491187
0.463243
0.452735
0.448402
0.450769
0.446107
0.440872
0.435797
0.42731
0.420506
0.343139
0.202114
2.12054
1.05905
0.395622
0.403729
0.403729
0.5

0.5
0.498965
0.497827
0.496993
0.490046
0.446538
0.439869
0.439602
0.439353
0.435417
0.428848
0.419706
0.403868
0.381874
0.321859
-0.0452664
2.44679
1.14295
0.378984
0.393935
0.393935
0.5

0.5
0.498965
0.497827
0.496993
0.490046
0.446538
0.439869
0.439602
0.439353
0.435417
0.428848
0.419706
0.403868
0.381874
0.321859
-0.0452664
2.44679
1.14295
0.378984
0.393935
0.393935
0.5


0.5
-0.484184
-0.522534
-0.51506
-0.489543
-0.523441
-0.477744
-0.476986
-0.478533
-0.469733
-0.494686
-0.531582
-0.602208
-0.657314
-0.701566
-0.733446
-0.794326
-0.695273
-0.569409
-0.527123
-0.527123
0.5

0.5
0.484184
0.522534
0.51506
0.489543
0.523441
0.477744
0.476986
0.478533
0.469733
0.494686
0.531582
0.602208
0.657314
0.701566
0.733446
0.794326
0.695273
0.569409
0.527123
0.527123
0.5

0.5
0.474961
0.510375
0.503116
0.478362
0.511709
0.466247
0.464947
0.466407
0.457699
0.481948
0.518108
0.587065
0.641369
0.684851
0.717209
0.779459
0.678705
0.552711
0.511837
0.511837
0.5

0.5
0.477553
0.50968
0.503553
0.477587
0.509643
0.46749
0.464736
0.466116
0.458051
0.481548
0.517601
0.584755
0.639515
0.683263
0.717292
0.78938
0.682172
0.550209
0.510367
0.510367
0.5

0.5
0.480543
0.508625
0.504001
0.478546
0.504157
0.468229
0.464186
0.46562
0.45856
0.48081
0.516403
0.58097
0.636214
0.680095
0.716101
0.805735
0.688359
0.546334
0.508
0.508
0.5

0.5
0.483688
0.507538
0.504261
0.48167
0.496824
0.467945
0.463197
0.465047
0.459196
0.479729
0.514184
0.575895
0.631576
0.675339
0.715304
0.827436
0.697194
0.541338
0.50489
0.50489
0.5

0.5
0.486708
0.506655
0.504267
0.484921
0.489966
0.466933
0.461754
0.464467
0.459819
0.478241
0.510774
0.569407
0.62547
0.66861
0.716153
0.853924
0.708473
0.535443
0.501175
0.501175
0.5

0.5
0.489453
0.506069
0.504048
0.486667
0.484987
0.465696
0.459953
0.463924
0.460287
0.47631
0.506289
0.561115
0.617565
0.65911
0.718446
0.886137
0.722285
0.528964
0.497058
0.497058
0.5

0.5
0.491917
0.505777
0.503681
0.486389
0.482206
0.464607
0.457973
0.463396
0.46047
0.473924
0.500829
0.550693
0.607327
0.645759
0.72076
0.925942
0.739148
0.522356
0.492805
0.492805
0.5

0.5
0.494185
0.505739
0.503263
0.484279
0.481324
0.463848
0.456074
0.462748
0.46026
0.471087
0.494433
0.538027
0.593971
0.62725
0.720426
0.976015
0.760068
0.516235
0.488731
0.488731
0.5

0.5
0.496389
0.505924
0.502939
0.481304
0.481446
0.463339
0.454527
0.461776
0.459573
0.467818
0.487147
0.523216
0.576451
0.601362
0.713203
1.04101
0.786516
0.511214
0.485154
0.485154
0.5

0.5
0.498696
0.506328
0.502911
0.479859
0.480582
0.462625
0.453442
0.460354
0.458377
0.464152
0.47907
0.506576
0.553512
0.564476
0.691445
1.13003
0.820306
0.507692
0.482342
0.482342
0.5

0.5
0.50127
0.506935
0.50332
0.481761
0.477412
0.461144
0.452727
0.458489
0.456705
0.46015
0.470342
0.488572
0.523987
0.513173
0.639727
1.2592
0.863801
0.505793
0.480448
0.480448
0.5

0.5
0.504233
0.507666
0.504119
0.486203
0.47264
0.458778
0.452178
0.456231
0.454595
0.455845
0.461096
0.469556
0.487942
0.451522
0.531057
1.44903
0.91975
0.505276
0.479377
0.479377
0.5

0.5
0.506919
0.507628
0.504336
0.490973
0.466392
0.454938
0.450796
0.452874
0.451339
0.450566
0.450923
0.449754
0.448929
0.400663
0.348023
1.69789
0.987734
0.504677
0.477985
0.477985
0.5

0.5
0.501936
0.499584
0.496494
0.486855
0.452083
0.443027
0.441483
0.44196
0.440779
0.438759
0.435804
0.4286
0.416175
0.371192
0.177765
1.91934
1.04554
0.494298
0.468485
0.468485
0.5

0.5
0.501936
0.499584
0.496494
0.486855
0.452083
0.443027
0.441483
0.44196
0.440779
0.438759
0.435804
0.4286
0.416175
0.371192
0.177765
1.91934
1.04554
0.494298
0.468485
0.468485
0.5


0.5
-0.492112
-0.517503
-0.512588
-0.495684
-0.511407
-0.481853
-0.479276
-0.480829
-0.479325
-0.501635
-0.535811
-0.591925
-0.641321
-0.681755
-0.713154
-0.758651
-0.691943
-0.601202
-0.567003
-0.567003
0.5

0.5
0.492112
0.517503
0.512588
0.495684
0.511407
0.481853
0.479276
0.480829
0.479325
0.501635
0.535811
0.591925
0.641321
0.681755
0.713154
0.758651
0.691943
0.601202
0.567003
0.567003
0.5

0.5
0.482522
0.505632
0.50069
0.483891
0.498851
0.469936
0.467164
0.468657
0.467038
0.488742
0.522158
0.577156
0.625714
0.665432
0.697019
0.743257
0.675494
0.584653
0.551395
0.551395
0.5

0.5
0.484471
0.505491
0.500931
0.483769
0.497311
0.470147
0.466835
0.468384
0.467076
0.488293
0.521447
0.575516
0.624337
0.664365
0.697641
0.749163
0.678103
0.583806
0.550945
0.550945
0.5

0.5
0.486575
0.505195
0.501229
0.484051
0.4945
0.470176
0.466231
0.467906
0.467096
0.487508
0.520125
0.572699
0.621773
0.662076
0.697693
0.758865
0.682655
0.582556
0.550235
0.550235
0.5

0.5
0.488789
0.504912
0.501538
0.485171
0.490758
0.469741
0.465336
0.467311
0.467111
0.486409
0.518076
0.568798
0.618062
0.658523
0.697695
0.772265
0.689272
0.581108
0.549377
0.549377
0.5

0.5
0.490999
0.504757
0.501796
0.486593
0.486898
0.468846
0.464137
0.466629
0.467052
0.484957
0.515184
0.563741
0.613075
0.653422
0.698141
0.789213
0.697982
0.579644
0.548446
0.548446
0.5

0.5
0.493141
0.504799
0.50199
0.487599
0.483651
0.467699
0.462686
0.465879
0.466841
0.48313
0.511457
0.557348
0.60657
0.646259
0.698997
0.810152
0.70894
0.578402
0.547551
0.547551
0.5

0.5
0.495207
0.505052
0.502135
0.487786
0.481341
0.466508
0.461086
0.465054
0.466408
0.480924
0.506943
0.549438
0.598168
0.636264
0.699483
0.836205
0.722537
0.577692
0.546833
0.546833
0.5

0.5
0.497247
0.505507
0.502273
0.487164
0.479929
0.46541
0.459477
0.464103
0.465692
0.478345
0.501681
0.539917
0.58734
0.622409
0.697991
0.869358
0.739413
0.577839
0.546434
0.546434
0.5

0.5
0.49936
0.506158
0.502489
0.486166
0.479033
0.464397
0.458002
0.46295
0.464651
0.475413
0.49572
0.52881
0.573423
0.603194
0.691686
0.913015
0.76045
0.579137
0.546486
0.546486
0.5

0.5
0.501663
0.506997
0.502883
0.485697
0.477914
0.463299
0.456735
0.46154
0.463271
0.472159
0.489129
0.516259
0.55568
0.576546
0.675511
0.973128
0.786739
0.581745
0.54709
0.54709
0.5

0.5
0.504295
0.508006
0.503531
0.486628
0.475906
0.461863
0.455662
0.459873
0.461578
0.468636
0.482019
0.502506
0.533539
0.540724
0.640102
1.05922
0.819621
0.585628
0.548265
0.548265
0.5

0.5
0.507364
0.509104
0.504385
0.488918
0.472997
0.459947
0.454668
0.457941
0.45957
0.464854
0.474472
0.487797
0.507143
0.497385
0.570624
1.18275
0.860362
0.590495
0.549865
0.549865
0.5

0.5
0.510187
0.509375
0.504503
0.491159
0.468701
0.456773
0.45282
0.454966
0.456485
0.460093
0.465966
0.472125
0.47834
0.455656
0.458293
1.34271
0.907487
0.594802
0.55068
0.55068
0.5

0.5
0.505285
0.501449
0.496375
0.484849
0.456171
0.445535
0.443103
0.444358
0.445987
0.448507
0.451802
0.453318
0.451077
0.425364
0.348822
1.48278
0.94354
0.58873
0.542119
0.542119
0.5

0.5
0.505285
0.501449
0.496375
0.484849
0.456171
0.445535
0.443103
0.444358
0.445987
0.448507
0.451802
0.453318
0.451077
0.425364
0.348822
1.48278
0.94354
0.58873
0.542119
0.542119
0.5


0.5
-0.49858
-0.513539
-0.510102
-0.498984
-0.500341
-0.483954
-0.481066
-0.482918
-0.487119
-0.507498
-0.538586
-0.58245
-0.626327
-0.663444
-0.693672
-0.725926
-0.689922
-0.632
-0.605145
-0.605145
0.5

0.5
0.49858
0.513539
0.510102
0.498984
0.500341
0.483954
0.481066
0.482918
0.487119
0.507498
0.538586
0.58245
0.626327
0.663444
0.693672
0.725926
0.689922
0.632
0.605145
0.605145
0.5

0.5
0.488731
0.501854
0.498264
0.487022
0.488392
0.471923
0.468898
0.470677
0.47461
0.49447
0.524848
0.567995
0.611025
0.647452
0.677537
0.709975
0.673441
0.615486
0.58922
0.58922
0.5

0.5
0.490286
0.502069
0.49848
0.487077
0.487783
0.471774
0.468531
0.470382
0.474414
0.493996
0.524133
0.566896
0.610071
0.64681
0.678049
0.712721
0.675385
0.616044
0.589714
0.589714
0.5

0.5
0.491846
0.502263
0.498753
0.487183
0.486592
0.471423
0.467896
0.469862
0.474071
0.493188
0.522884
0.564918
0.6082
0.645284
0.678211
0.717175
0.678679
0.617001
0.590514
0.590514
0.5

0.5
0.493464
0.502531
0.499114
0.487558
0.484928
0.470811
0.467035
0.46919
0.473628
0.492092
0.521093
0.562124
0.60544
0.642856
0.678184
0.723533
0.683518
0.618502
0.591684
0.591684
0.5

0.5
0.495125
0.50292
0.499542
0.488116
0.483031
0.469907
0.465948
0.468383
0.473057
0.490691
0.518702
0.558472
0.601701
0.639345
0.678105
0.731857
0.690006
0.620645
0.593227
0.593227
0.5

0.5
0.496824
0.503463
0.500013
0.488626
0.481183
0.468775
0.464662
0.467454
0.472332
0.488975
0.515701
0.553885
0.596829
0.63444
0.677954
0.742396
0.69829
0.623559
0.595163
0.595163
0.5

0.5
0.498574
0.504171
0.500519
0.488898
0.47957
0.467514
0.463232
0.466409
0.471425
0.486949
0.512108
0.548273
0.590599
0.627691
0.677428
0.755775
0.708587
0.627357
0.597509
0.597509
0.5

0.5
0.500426
0.505053
0.501076
0.488898
0.478255
0.466217
0.461736
0.465244
0.470314
0.484623
0.507952
0.541579
0.582716
0.618472
0.675782
0.773156
0.721209
0.63213
0.600267
0.600267
0.5

0.5
0.502449
0.506105
0.501706
0.488757
0.477152
0.46492
0.46025
0.463941
0.468986
0.482013
0.503267
0.533798
0.572805
0.605871
0.671564
0.796545
0.736576
0.637951
0.603445
0.603445
0.5

0.5
0.504741
0.507319
0.50244
0.488776
0.476028
0.463582
0.458825
0.462491
0.467445
0.479153
0.498112
0.524994
0.560472
0.588717
0.662076
0.829343
0.755201
0.644795
0.607017
0.607017
0.5

0.5
0.50742
0.508681
0.503308
0.489299
0.474632
0.462125
0.457479
0.4609
0.46571
0.476084
0.492564
0.515291
0.545425
0.565987
0.64232
0.876848
0.777689
0.652533
0.61092
0.61092
0.5

0.5
0.510577
0.510107
0.504249
0.490366
0.472843
0.460445
0.456144
0.459138
0.463757
0.472798
0.486662
0.504821
0.527724
0.538046
0.60437
0.945553
0.804478
0.660859
0.614967
0.614967
0.5

0.5
0.513516
0.510665
0.504329
0.49093
0.469883
0.457688
0.453926
0.456381
0.460783
0.468532
0.479778
0.493282
0.507974
0.508362
0.542462
1.03592
0.833943
0.668213
0.617874
0.617874
0.5

0.5
0.508672
0.502868
0.495987
0.483024
0.458657
0.446903
0.443875
0.445945
0.450306
0.457172
0.466568
0.476916
0.48596
0.481621
0.476856
1.11533
0.85253
0.66456
0.6103
0.6103
0.5

0.5
0.508672
0.502868
0.495987
0.483024
0.458657
0.446903
0.443875
0.445945
0.450306
0.457172
0.466568
0.476916
0.48596
0.481621
0.476856
1.11533
0.85253
0.66456
0.6103
0.6103
0.5


0.5
-0.501526
-0.508479
-0.506121
-0.498756
-0.491102
-0.483532
-0.480565
-0.48259
-0.490391
-0.508704
-0.536485
-0.571144
-0.611516
-0.648093
-0.679777
-0.706043
-0.694027
-0.65795
-0.634129
-0.634129
0.5

0.5
0.501526
0.508479
0.506121
0.498756
0.491102
0.483532
0.480565
0.48259
0.490391
0.508704
0.536485
0.571144
0.611516
0.648093
0.679777
0.706043
0.694027
0.65795
0.634129
0.634129
0.5

0.5
0.4914
0.496804
0.494204
0.486594
0.479338
0.471268
0.468206
0.470144
0.47759
0.495473
0.522614
0.556808
0.596252
0.632044
0.663202
0.68924
0.677083
0.641096
0.61774
0.61774
0.5

0.5
0.492741
0.497283
0.494475
0.486701
0.479271
0.470935
0.467807
0.469795
0.477215
0.494974
0.521935
0.556054
0.595493
0.631503
0.66322
0.689993
0.678823
0.64262
0.618894
0.618894
0.5

0.5
0.493997
0.497836
0.4948
0.486776
0.478965
0.470338
0.467119
0.469177
0.476585
0.494129
0.520768
0.554612
0.593948
0.630196
0.662735
0.691069
0.681623
0.645045
0.620715
0.620715
0.5

0.5
0.495274
0.498511
0.495239
0.486908
0.478456
0.469539
0.466217
0.468365
0.475773
0.493003
0.519161
0.552533
0.591652
0.62813
0.661794
0.692715
0.685676
0.648441
0.623233
0.623233
0.5

0.5
0.49661
0.49931
0.495784
0.487104
0.477731
0.468533
0.465115
0.467372
0.474785
0.491595
0.5171
0.549797
0.588539
0.625183
0.660342
0.695028
0.691087
0.652816
0.626394
0.626394
0.5

0.5
0.498032
0.500231
0.496415
0.487328
0.47681
0.46733
0.463831
0.466218
0.473628
0.489912
0.51458
0.546378
0.584533
0.621197
0.658309
0.698094
0.69792
0.658144
0.630134
0.630134
0.5

0.5
0.499577
0.501282
0.497124
0.487531
0.475745
0.465964
0.4624
0.464928
0.472311
0.487963
0.511612
0.542261
0.57955
0.615975
0.655518
0.702015
0.706233
0.664372
0.634376
0.634376
0.5

0.5
0.501294
0.502471
0.497903
0.487693
0.474621
0.464492
0.460866
0.463524
0.470841
0.485763
0.508214
0.537431
0.573479
0.609232
0.651669
0.707002
0.716061
0.67142
0.639031
0.639031
0.5

0.5
0.503246
0.503797
0.498743
0.487817
0.473493
0.462961
0.459272
0.462028
0.469231
0.483335
0.50442
0.531905
0.566208
0.600593
0.646221
0.713371
0.727482
0.679226
0.644026
0.644026
0.5

0.5
0.505516
0.505259
0.499645
0.487963
0.472399
0.461412
0.457662
0.460461
0.467497
0.480712
0.500281
0.525727
0.557636
0.589622
0.638365
0.721687
0.740559
0.687667
0.649262
0.649262
0.5

0.5
0.508211
0.506846
0.500607
0.488216
0.471335
0.459861
0.456067
0.45884
0.465659
0.477929
0.495853
0.518977
0.547723
0.575935
0.626769
0.732785
0.755363
0.696607
0.654638
0.654638
0.5

0.5
0.511415
0.50848
0.50156
0.488563
0.470218
0.45825
0.454443
0.457123
0.463683
0.474968
0.491153
0.511727
0.536542
0.559552
0.609307
0.747695
0.771789
0.705788
0.659958
0.659958
0.5

0.5
0.51441
0.509214
0.501572
0.488083
0.46814
0.455696
0.451916
0.454453
0.46073
0.471034
0.485479
0.503462
0.523975
0.541188
0.583298
0.766018
0.788192
0.713667
0.663882
0.663882
0.5

0.5
0.509531
0.501438
0.493003
0.479089
0.457793
0.445133
0.44155
0.444052
0.45019
0.459801
0.473003
0.48919
0.506604
0.519931
0.550833
0.776189
0.793471
0.710049
0.656538
0.656538
0.5

0.5
0.509531
0.501438
0.493003
0.479089
0.457793
0.445133
0.44155
0.444052
0.45019
0.459801
0.473003
0.48919
0.506604
0.519931
0.550833
0.776189
0.793471
0.710049
0.656538
0.656538
0.5


0.5
0.5
0.5
0.5
0.5
0.5
0.5
0.5
0.5
0.5
0.5
0.5
0.5
0.5
0.5
0.5
0.5
0.5
0.5
0.5
0.5
0.5

0.5
0.501526
0.508479
0.506121
0.498756
0.491102
0.483532
0.480565
0.48259
0.490391
0.508704
0.536485
0.571144
0.611516
0.648093
0.679777
0.706043
0.694027
0.65795
0.634129
0.634129
0.5

0.5
0.4914
0.496804
0.494204
0.486594
0.479338
0.471268
0.468206
0.470144
0.47759
0.495473
0.522614
0.556808
0.596252
0.632044
0.663202
0.68924
0.677083
0.641096
0.61774
0.61774
0.5

0.5
0.492741
0.497283
0.494475
0.486701
0.479271
0.470935
0.467807
0.469795
0.477215
0.494974
0.521935
0.556054
0.595493
0.631503
0.66322
0.689993
0.678823
0.64262
0.618894
0.618894
0.5

0.5
0.493997
0.497836
0.4948
0.486776
0.478965
0.470338
0.467119
0.469177
0.476585
0.494129
0.520768
0.554612
0.593948
0.630196
0.662735
0.691069
0.681623
0.645045
0.620715
0.620715
0.5

0.5
0.495274
0.498511
0.495239
0.486908
0.478456
0.469539
0.466217
0.468365
0.475773
0.493003
0.519161
0.552533
0.591652
0.62813
0.661794
0.692715
0.685676
0.648441
0.623233
0.623233
0.5

0.5
0.49661
0.49931
0.495784
0.487104
0.477731
0.468533
0.465115
0.467372
0.474785
0.491595
0.5171
0.549797
0.588539
0.625183
0.660342
0.695028
0.691087
0.652816
0.626394
0.626394
0.5

0.5
0.498032
0.500231
0.496415
0.487328
0.47681
0.46733
0.463831
0.466218
0.473628
0.489912
0.51458
0.546378
0.584533
0.621197
0.658309
0.698094
0.69792
0.658144
0.630134
0.630134
0.5

0.5
0.499577
0.501282
0.497124
0.487531
0.475745
0.465964
0.4624
0.464928
0.472311
0.487963
0.511612
0.542261
0.57955
0.615975
0.655518
0.702015
0.706233
0.664372
0.634376
0.634376
0.5

0.5
0.501294
0.502471
0.497903
0.487693
0.474621
0.464492
0.460866
0.463524
0.470841
0.485763
0.508214
0.537431
0.573479
0.609232
0.651669
0.707002
0.716061
0.67142
0.639031
0.639031
0.5

0.5
0.503246
0.503797
0.498743
0.487817
0.473493
0.462961
0.459272
0.462028
0.469231
0.483335
0.50442
0.531905
0.566208
0.600593
0.646221
0.713371
0.727482
0.679226
0.644026
0.644026
0.5

0.5
0.505516
0.505259
0.499645
0.487963
0.472399
0.461412
0.457662
0.460461
0.467497
0.480712
0.500281
0.525727
0.557636
0.589622
0.638365
0.721687
0.740559
0.687667
0.649262
0.649262
0.5

0.5
0.508211
0.506846
0.500607
0.488216
0.471335
0.459861
0.456067
0.45884
0.465659
0.477929
0.495853
0.518977
0.547723
0.575935
0.626769
0.732785
0.755363
0.696607
0.654638
0.654638
0.5

0.5
0.511415
0.50848
0.50156
0.488563
0.470218
0.45825
0.454443
0.457123
0.463683
0.474968
0.491153
0.511727
0.536542
0.559552
0.609307
0.747695
0.771789
0.705788
0.659958
0.659958
0.5

0.5
0.51441
0.509214
0.501572
0.488083
0.46814
0.455696
0.451916
0.454453
0.46073
0.471034
0.485479
0.503462
0.523975
0.541188
0.583298
0.766018
0.788192
0.713667
0.663882
0.663882
0.5

0.5
0.509531
0.501438
0.493003
0.479089
0.457793
0.445133
0.44155
0.444052
0.45019
0.459801
0.473003
0.48919
0.506604
0.519931
0.550833
0.776189
0.793471
0.710049
0.656538
0.656538
0.5

0.5
0.509322
0.502371
0.495115
0.482719
0.463368
0.452147
0.449456
0.452482
0.459001
0.468981
0.482712
0.499833
0.518898
0.53518
0.56913
0.785922
0.798808
0.71482
0.661517
0.661517
0.5


