0
0
0
0
0
0
0
0
0
0
0
0
0
0
0
0
0
0
0
0
0
0

0
0
0
0
0
0
0
0
0
0
0
0
0
0
0
0
0
0
0
0
0
0

0
0
0
0
0
0
0
0
0
0
0
0
0
0
0
0
0
0
0
0
0
0

0
0
0
0
0
0
0
0
0
0
0
0
0
0
0
0
0
0
0
0
0
0

0
0
0
0
0
0
0
0
0
0
0
0
0
0
0
0
0
0
0
0
0
0

0
0
0
0
0
0
0
0
0
0
0
0
0
0
0
0
0
0
0
0
0
0

0
0
0
0
0
0
0
0
0
0
0
0
0
0
0
0
0
0
0
0
0
0

0
0
0
0
0
0
0
0
0
0
0
0
0
0
0
0
0
0
0
0
0
0

0
0
0
0
0
0
0
0
0
0
0
0
0
0
0
0
0
0
0
0
0
0

0
0
0
0
0
0
0
0
0
0
0
0
0
0
0
0
0
0
0
0
0
0

0
0
0
0
0
0
0
0
0
0
0
0
0
0
0
0
0
0
0
0
0
0

0
0
0
0
0
0
0
0
0
0
0
0
0
0
0
0
0
0
0
0
0
0

0
0
0
0
0
0
0
0
0
0
0
0
0
0
0
0
0
0
0
0
0
0

0
0
0
0
0
0
0
0
0
0
0
0
0
0
0
0
0
0
0
0
0
0

0
0
0
0
0
0
0
0
0
0
0
0
0
0
0
0
0
0
0
0
0
0

0
0
0
0
0
0
0
0
0
0
0
0
0
0
0
0
0
0
0
0
0
0

0
0
0
0
0
0
0
0
0
0
0
0
0
0
0
0
0
0
0
0
0
0


0
0
0
0
0
0
0
0
0
0
0
0
0
0
0
0
0
0
0
0
0
0

0
-0.672118
-0.403024
-0.684796
-0.65587
-0.656359
-0.599252
-0.686203
-0.57296
-3.69808
-0.7572
-0.738473
-1.21187
-0.775195
-0.556565
-0.591047
1.6774
0.078804
-0.458289
-0.565216
-0.682383
0

0
-0.275759
0.130185
-0.262587
-0.275043
-0.179709
0.244982
-0.305212
-0.226734
1.64061
-0.317093
-0.325246
-2.10205
-0.335627
-0.17916
-0.104909
9.86161
0.286023
-0.0857359
-0.165231
-0.277846
0

0
-0.282454
-0.0514826
-0.310019
-0.26947
0.0912389
-0.768545
-0.274095
0.133519
-0.224374
-0.317662
-0.341736
1.34919
-0.268134
-0.198395
0.134999
-7.50743
0.366322
-0.089797
-0.174945
-0.28461
0

0
-0.284612
-0.233949
-0.517544
-0.284236
-0.592245
-0.341303
-0.293228
-0.613454
-0.246652
-0.31316
-0.326112
-0.160593
-0.284816
-0.194854
-0.229579
-0.129389
0.0568598
-0.135679
-0.179196
-0.284985
0

0
-0.285177
-0.255354
-0.0323482
-0.294411
-0.237957
-0.305303
-0.286584
-0.259594
-0.262271
-0.318179
-0.322853
-0.16069
-0.321084
-0.211592
-0.661746
-0.257314
0.108755
-1.02972
-0.189683
-0.285607
0

0
-0.285509
-0.271824
-0.245442
-0.280168
-0.215846
-0.292607
-0.285887
-0.182002
-0.276816
-0.314297
-0.323876
-0.234143
-0.106925
-0.15871
0.284859
-0.202409
0.147422
1.17868
-0.220276
-0.288412
0

0
-0.285539
-0.27842
-0.264183
-0.285305
-0.228093
-0.283035
-0.288777
0.883918
-0.274994
-0.314548
-0.326389
-0.287739
-0.265101
-0.125822
-0.355364
-0.158313
0.272811
0.12493
-0.248512
-0.287703
0

0
-0.285435
-0.281209
-0.271241
-0.289882
-0.236115
-0.250036
-0.279533
-1.46716
-0.30755
-0.3164
-0.329631
-0.310167
-0.270135
0.0878211
-0.103844
-0.125442
0.46245
0.229662
-1.06613
-0.288699
0

0
-0.285298
-0.282494
-0.2738
-0.245884
-0.510482
-0.111907
-0.284507
-0.446044
-0.315896
-0.318832
-0.334053
-0.322993
-0.23826
0.00676538
0.0942987
-0.156385
0.392832
0.216933
0.783113
-0.304602
0

0
-0.28518
-0.283189
-0.276838
-0.18114
-0.211713
-0.328956
-0.290749
-0.37852
-0.315857
-0.320158
-0.33954
-0.33425
0.0121863
-0.0306632
0.441531
0.0385758
0.962253
0.374638
-0.0492541
-0.302196
0

0
-0.285072
-0.284839
-0.27582
-0.253077
-0.0407574
-0.264868
-0.28923
-0.367193
-0.317399
-0.312851
-0.354147
-0.344631
-0.298888
0.136939
1.02889
0.251014
4.41057
0.531746
-0.106228
-0.300244
0

0
-0.284579
-0.301436
-0.272792
-0.26501
-0.142616
-0.243864
-0.288807
-0.578417
-0.321174
-0.324727
-0.349963
-0.357541
-0.149358
0.572934
5.53023
0.615868
-0.0170485
0.331336
-0.146515
-0.297555
0

0
-0.285635
-0.269011
-0.291411
-0.261036
-0.17542
-0.252036
-0.290481
-0.0638676
-0.315574
-0.321687
-0.360749
-0.370046
-0.22457
4.22342
-7.31228
-0.392769
1.51468
0.480872
-0.206497
-0.294966
0

0
-0.281077
-0.279273
-0.273235
-0.249021
-0.153598
-0.245761
-0.281757
-0.272663
-0.311676
-0.327453
-0.355046
-0.379174
-0.343981
-4.93151
-0.572603
5.56175
7.16315
0.825986
0.00668293
-0.292413
0

0
-0.0360834
-0.0200653
0.0025007
0.0642707
0.418506
0.0740432
0.0018296
-0.0423649
-0.0647256
-0.1044
-0.149067
-0.244414
-0.419222
0.179391
0.501867
-4.08965
9.33746
1.63917
-0.276212
0.0228027
0

0
0
0
0
0
0
0
0
0
0
0
0
0
0
0
0
0
0
0
0
0
0


0
0
0
0
0
0
0
0
0
0
0
0
0
0
0
0
0
0
0
0
0
0

0
-0.739004
-0.788884
-0.737948
-0.765173
-0.756435
-0.748048
-0.729352
-0.85147
0.701581
-0.71698
-0.737711
-0.165628
-0.716511
-0.750332
-0.819743
-3.60816
-1.6393
-0.732224
-0.732674
-0.749973
0

0
-0.339305
-1.76662
-0.331743
-0.341442
-0.390684
-0.327924
-0.288703
-0.358678
-0.373717
-0.343749
-0.330387
-0.250528
-0.362657
-0.33408
-0.425601
3.83422
-0.727469
-0.350915
-0.332204
-0.346017
0

0
-0.348745
-0.39872
-0.344457
-0.337364
-0.360767
-0.315407
-0.305669
-0.342428
-0.325244
-0.340493
-0.341073
-0.558624
-0.348947
-0.339002
-0.381663
-1.42763
-0.301269
-0.332301
-0.339709
-0.35304
0

0
-0.349079
-0.356856
-0.327826
-0.338136
-0.391492
-0.360418
-0.343795
-0.311151
-0.330321
-0.337428
-0.3403
-0.25765
-0.287062
-0.331995
-0.442401
-0.983971
-0.400123
-0.359948
-0.340545
-0.35332
0

0
-0.348615
-0.333677
-0.368718
-0.347847
-0.360178
-0.34818
-0.340505
-0.355811
-0.337899
-0.336612
-0.338491
-0.337904
-0.370839
-0.361775
0.595069
-0.381464
-0.369771
-0.250058
-0.34031
-0.353906
0

0
-0.348447
-0.335738
-0.330281
-0.34128
-0.391553
-0.351447
-0.339953
-0.376945
-0.338806
-0.337502
-0.336194
-0.382939
-0.306411
-0.368175
0.469679
-0.362464
-0.349843
-0.435185
-0.367904
-0.355327
0

0
-0.348377
-0.336642
-0.333902
-0.34139
-0.494579
-0.36356
-0.340484
-0.314308
-0.338304
-0.337133
-0.337461
-0.343083
-0.32794
-0.34718
-0.658521
-0.401708
-0.362344
-0.359527
-0.354267
-0.355983
0

0
-0.348335
-0.336997
-0.336041
-0.347199
-0.246217
-0.364852
-0.339717
-0.287306
-0.331419
-0.336546
-0.337351
-0.342611
-0.344865
-0.364574
-0.468483
-0.40669
-0.39995
-0.318633
-0.319359
-0.358537
0

0
-0.348308
-0.336969
-0.336628
-0.361764
0.92301
-0.265109
-0.335415
-0.381819
-0.339499
-0.336953
-0.337232
-0.340828
-0.350947
-0.340217
-0.644778
-0.463097
-0.894342
-0.441218
-0.457251
-0.368553
0

0
-0.348298
-0.336451
-0.337614
-0.340448
-0.884403
-0.39805
-0.331616
-0.345177
-0.337914
-0.336993
-0.337022
-0.34043
-0.282744
-0.45073
-0.815126
-0.324512
-2.73133
-0.336692
-0.373021
-0.367151
0

0
-0.348306
-0.335633
-0.33774
-0.328461
-0.242424
-0.381536
-0.339632
-0.336346
-0.337104
-0.337177
-0.336679
-0.333145
-1.50719
-0.646586
0.115786
-0.120055
-0.524588
-0.418021
-0.409057
-0.366888
0

0
-0.348015
-0.344382
-0.333638
-0.338904
-0.329471
-0.339265
-0.337903
-0.339996
-0.338104
-0.337087
-0.336851
-0.336477
-0.424845
-0.599178
3.35155
-0.180876
-0.982855
-0.416295
-0.418341
-0.365425
0

0
-0.348019
-0.326376
-0.314357
-0.339168
-0.349604
-0.340635
-0.338178
-0.363523
-0.340096
-0.337429
-0.336518
-0.33758
-0.338443
1.04955
-2.47477
-0.956055
-0.961161
-0.439172
-0.424172
-0.36367
0

0
-0.345122
-0.307094
-0.341004
-0.335784
-0.342914
-0.33562
-0.333966
-0.320209
-0.332201
-0.332854
-0.333579
-0.334316
-0.35208
-1.0138
-0.305059
-0.563157
-0.765721
-0.572551
-0.466668
-0.357484
0

0
-0.0995828
-0.0762286
-0.0588836
-0.0314518
0.0540306
-0.0224978
-0.0534684
-0.0636592
-0.0828999
-0.101761
-0.121616
-0.17628
-0.282342
-0.259749
0.056753
-0.0231005
3.13821
-0.546056
-0.201382
-0.0860552
0

0
0
0
0
0
0
0
0
0
0
0
0
0
0
0
0
0
0
0
0
0
0


0
0
0
0
0
0
0
0
0
0
0
0
0
0
0
0
0
0
0
0
0
0

0
-0.738104
-0.757708
-0.733182
-0.730248
-0.763853
-0.749006
-0.734411
-0.728287
-0.755612
-0.731861
-0.73468
-0.749536
-0.731312
-0.746785
-0.766637
-1.93865
-0.726001
-0.719082
-0.729892
-0.745288
0

0
-0.343148
-0.369954
-0.3285
-0.336834
-0.257862
-0.321898
-0.344393
-0.340072
-0.341059
-0.332965
-0.331788
-0.361755
-0.345055
-0.333288
-0.343393
-0.860683
-0.42202
-0.328412
-0.328093
-0.341164
0

0
-0.348481
-0.376555
-0.337384
-0.341006
-0.325197
-0.327869
-0.330051
-0.343542
-0.336318
-0.33861
-0.337798
-0.412724
-0.348812
-0.339068
-0.342851
-1.7759
-0.298721
-0.327552
-0.336818
-0.34836
0

0
-0.348529
-0.346127
-0.335661
-0.337999
-0.379038
-0.344823
-0.335587
-0.328963
-0.333632
-0.337482
-0.337384
-0.349559
-0.330971
-0.337131
-0.349446
-0.661224
-0.335839
-0.32171
-0.337047
-0.348744
0

0
-0.34835
-0.338521
-0.349115
-0.340778
-0.384996
-0.346319
-0.338005
-0.340895
-0.335659
-0.33694
-0.337322
-0.345313
-0.357657
-0.339664
-0.845615
-0.393811
-0.345501
-0.299474
-0.338352
-0.349401
0

0
-0.348202
-0.336791
-0.339011
-0.339714
-0.398561
-0.347067
-0.338258
-0.348048
-0.336718
-0.336916
-0.336498
-0.356897
-0.342587
-0.349153
-0.275921
-0.362509
-0.344425
-0.391275
-0.346622
-0.350445
0

0
-0.348114
-0.336529
-0.336075
-0.338559
-0.429864
-0.349891
-0.33786
-0.349767
-0.336488
-0.336785
-0.337088
-0.340953
-0.332958
-0.347972
-0.300784
-0.374275
-0.359442
-0.353099
-0.344184
-0.351704
0

0
-0.348061
-0.336525
-0.335946
-0.339493
-0.396438
-0.349715
-0.337346
-0.316258
-0.333581
-0.336549
-0.337126
-0.339803
-0.337324
-0.351136
-0.411675
-0.39362
-0.396562
-0.339877
-0.340311
-0.353665
0

0
-0.348027
-0.336486
-0.336146
-0.344765
-0.146068
-0.32673
-0.335659
-0.341602
-0.336265
-0.336663
-0.337072
-0.339132
-0.338535
-0.356411
-0.484202
-0.423993
-0.549148
-0.342621
-0.392185
-0.357034
0

0
-0.348008
-0.336373
-0.336434
-0.346153
-1.01433
-0.356758
-0.333628
-0.341208
-0.336971
-0.336759
-0.336979
-0.338572
-0.32569
-0.388585
-0.567441
-0.414252
-0.288049
-0.249012
-0.373884
-0.35801
0

0
-0.348002
-0.336451
-0.336541
-0.334101
-0.329365
-0.365494
-0.337611
-0.338143
-0.336966
-0.336833
-0.336891
-0.337871
-0.372412
-0.438988
-0.364816
-0.195099
-0.638842
-0.344018
-0.381407
-0.357881
0

0
-0.347971
-0.338359
-0.335758
-0.336717
-0.33007
-0.340107
-0.337294
-0.339133
-0.33722
-0.33687
-0.336888
-0.337325
-0.369754
-0.44871
0.364042
0.0548014
-0.626223
-0.354515
-0.396083
-0.356905
0

0
-0.347838
-0.345358
-0.335009
-0.337304
-0.337827
-0.338865
-0.33739
-0.347295
-0.338132
-0.33695
-0.33688
-0.337456
-0.342556
-0.244002
-2.52304
-0.467829
-0.756829
-0.403648
-0.407746
-0.355351
0

0
-0.344239
-0.326511
-0.334771
-0.333501
-0.336111
-0.334222
-0.333141
-0.331983
-0.333123
-0.333054
-0.3334
-0.334133
-0.339419
-0.896614
-0.57231
-0.642254
-1.43106
-0.58532
-0.395111
-0.349626
0

0
-0.0992456
-0.0707175
-0.0584005
-0.0344838
0.0298124
-0.0262042
-0.0547174
-0.0581327
-0.0816349
-0.0981582
-0.117837
-0.164824
-0.247094
-0.277661
-0.116023
-2.19897
-0.308072
-0.422286
-0.233595
-0.0802805
0

0
0
0
0
0
0
0
0
0
0
0
0
0
0
0
0
0
0
0
0
0
0


0
0
0
0
0
0
0
0
0
0
0
0
0
0
0
0
0
0
0
0
0
0

0
-0.738033
-0.732474
-0.731955
-0.731848
-0.179517
-0.750724
-0.737927
-0.734068
-0.737078
-0.732618
-0.733177
-0.727146
-0.734855
-0.744809
-0.75813
-1.04151
-0.743238
-0.720745
-0.730938
-0.74163
0

0
-0.342388
-0.325301
-0.330152
-0.33463
-0.500638
-0.326744
-0.331965
-0.332889
-0.333205
-0.332042
-0.332297
-0.346658
-0.336631
-0.332987
-0.333779
-0.453757
-0.336199
-0.322971
-0.327589
-0.337303
0

0
-0.348382
-0.34342
-0.337
-0.342528
-0.271662
-0.328247
-0.335878
-0.339038
-0.337631
-0.33772
-0.337513
-0.351539
-0.34213
-0.33934
-0.341745
-0.283405
-0.321263
-0.329282
-0.336946
-0.344576
0

0
-0.348401
-0.341822
-0.337643
-0.339818
-0.257481
-0.336473
-0.336107
-0.336002
-0.336022
-0.337349
-0.337151
-0.339618
-0.338929
-0.339119
-0.351704
-0.392582
-0.328391
-0.325183
-0.337447
-0.344938
0

0
-0.348314
-0.339182
-0.340443
-0.339373
-0.305496
-0.340674
-0.337141
-0.338107
-0.336039
-0.337024
-0.336914
-0.327874
-0.341704
-0.340593
-0.363515
-0.378016
-0.338502
-0.3261
-0.339002
-0.345519
0

0
-0.348208
-0.337697
-0.33891
-0.338768
-0.348862
-0.341971
-0.337454
-0.339641
-0.336281
-0.336876
-0.336739
-0.342304
-0.341613
-0.343459
-0.351995
-0.363697
-0.344229
-0.342317
-0.341742
-0.346317
0

0
-0.348124
-0.337067
-0.337271
-0.33795
-0.366319
-0.341981
-0.337175
-0.336988
-0.336047
-0.336764
-0.336954
-0.340068
-0.337354
-0.345101
-0.328713
-0.366448
-0.351616
-0.341271
-0.343708
-0.347367
0

0
-0.348066
-0.336823
-0.336595
-0.337422
-0.362828
-0.339834
-0.336574
-0.329029
-0.335333
-0.336665
-0.337022
-0.338909
-0.336625
-0.347204
-0.36505
-0.379732
-0.358915
-0.336276
-0.347892
-0.348676
0

0
-0.348028
-0.336728
-0.336391
-0.337623
-0.290587
-0.330009
-0.335688
-0.335001
-0.335973
-0.33668
-0.337003
-0.338302
-0.336123
-0.350786
-0.396877
-0.399614
-0.340554
-0.324772
-0.360475
-0.350105
0

0
-0.348006
-0.336729
-0.336364
-0.338084
-0.689768
-0.329731
-0.334755
-0.337675
-0.336568
-0.336736
-0.33695
-0.337858
-0.33308
-0.359542
-0.417281
-0.404684
-0.260307
-0.320282
-0.364612
-0.350888
0

0
-0.347995
-0.336936
-0.336375
-0.335658
-0.406245
-0.347013
-0.336588
-0.337833
-0.336845
-0.336787
-0.3369
-0.337528
-0.337971
-0.36832
-0.33594
-0.311927
-0.498022
-0.344773
-0.368763
-0.350843
0

0
-0.347985
-0.337619
-0.336201
-0.33656
-0.342036
-0.341144
-0.337088
-0.338373
-0.337077
-0.336821
-0.336881
-0.33739
-0.345695
-0.357099
-0.076661
-0.0931776
-0.626805
-0.373049
-0.375912
-0.350128
0

0
-0.347963
-0.338388
-0.336096
-0.337062
-0.339351
-0.339082
-0.337267
-0.339963
-0.337329
-0.33684
-0.336884
-0.337369
-0.34066
-0.298721
-1.155
-0.233651
-0.862806
-0.426038
-0.383792
-0.348851
0

0
-0.344095
-0.331699
-0.33295
-0.332932
-0.335184
-0.334106
-0.333067
-0.333553
-0.333245
-0.333091
-0.333283
-0.33391
-0.337036
-0.43507
-0.558468
-0.674677
-1.17787
-0.494918
-0.388751
-0.343419
0

0
-0.0991252
-0.0677592
-0.0585989
-0.0380005
0.0130461
-0.031273
-0.0564781
-0.059792
-0.0808775
-0.0949977
-0.113418
-0.153785
-0.223214
-0.338996
-0.293435
-2.52957
-0.672033
-0.233672
-0.189574
-0.0775588
0

0
0
0
0
0
0
0
0
0
0
0
0
0
0
0
0
0
0
0
0
0
0


0
0
0
0
0
0
0
0
0
0
0
0
0
0
0
0
0
0
0
0
0
0

0
-0.738034
-0.730451
-0.732775
-0.767812
-0.295594
-0.674878
-0.739515
-0.735164
-0.736302
-0.732988
-0.732721
-0.728294
-0.736081
-0.743201
-0.754023
-0.836793
-0.740137
-0.723344
-0.732224
-0.737849
0

0
-0.342203
-0.329422
-0.330805
-0.36386
-0.629446
-0.263224
-0.330507
-0.331269
-0.331531
-0.331673
-0.332234
-0.33737
-0.333965
-0.332856
-0.333353
-0.352855
-0.325941
-0.321906
-0.327315
-0.333319
0

0
-0.348234
-0.338543
-0.337215
-0.34879
-0.60256
-0.328749
-0.337271
-0.337877
-0.337438
-0.337357
-0.337366
-0.34189
-0.33993
-0.339367
-0.341257
-0.28765
-0.331124
-0.331119
-0.337002
-0.340616
0

0
-0.348276
-0.339203
-0.337703
-0.339916
-0.523272
-0.341802
-0.336944
-0.337169
-0.336708
-0.337198
-0.33713
-0.337985
-0.33928
-0.339472
-0.344368
-0.327731
-0.331082
-0.32983
-0.337564
-0.340889
0

0
-0.348248
-0.338543
-0.338409
-0.338662
-0.396502
-0.339844
-0.33701
-0.337353
-0.336421
-0.337011
-0.336917
-0.333194
-0.339199
-0.340163
-0.347687
-0.351284
-0.336168
-0.331563
-0.338733
-0.341315
0

0
-0.348184
-0.337801
-0.338117
-0.338178
-0.344751
-0.339196
-0.337051
-0.337373
-0.336334
-0.336876
-0.336845
-0.337623
-0.339248
-0.341345
-0.347506
-0.355398
-0.340856
-0.335305
-0.340422
-0.341877
0

0
-0.348119
-0.337307
-0.337416
-0.337504
-0.343037
-0.338547
-0.336837
-0.336047
-0.33617
-0.336781
-0.336911
-0.338436
-0.337857
-0.342342
-0.341398
-0.35946
-0.344902
-0.336591
-0.342659
-0.342572
0

0
-0.348067
-0.337035
-0.336893
-0.336713
-0.340312
-0.336787
-0.336427
-0.333865
-0.335964
-0.336718
-0.336952
-0.338138
-0.33687
-0.34337
-0.35008
-0.367839
-0.346944
-0.335521
-0.346108
-0.343338
0

0
-0.34803
-0.336908
-0.336606
-0.335899
-0.320282
-0.332676
-0.335953
-0.335015
-0.33615
-0.336708
-0.336945
-0.337774
-0.336211
-0.344635
-0.360382
-0.379286
-0.345373
-0.33424
-0.35128
-0.34403
0

0
-0.348006
-0.336886
-0.336477
-0.335613
-0.364147
-0.329987
-0.335605
-0.336477
-0.336477
-0.336732
-0.336914
-0.337479
-0.335479
-0.34627
-0.360917
-0.384264
-0.36895
-0.341644
-0.35539
-0.344406
0

0
-0.347992
-0.336976
-0.336448
-0.335956
-0.366992
-0.338185
-0.336303
-0.337174
-0.336731
-0.336763
-0.336881
-0.337292
-0.33681
-0.345895
-0.324256
-0.347036
-0.462123
-0.354852
-0.358659
-0.344297
0

0
-0.347983
-0.337168
-0.336427
-0.336542
-0.346812
-0.339272
-0.336843
-0.337659
-0.33692
-0.336788
-0.336864
-0.337234
-0.339393
-0.338156
-0.244701
-0.228373
-0.575357
-0.377084
-0.362414
-0.343715
0

0
-0.347971
-0.337206
-0.336477
-0.336956
-0.341039
-0.338687
-0.337097
-0.338079
-0.337041
-0.336797
-0.336864
-0.337248
-0.338887
-0.323381
-0.552135
-0.221061
-0.698231
-0.404853
-0.366201
-0.342712
0

0
-0.344088
-0.332558
-0.332661
-0.332807
-0.335283
-0.333979
-0.333029
-0.333522
-0.333193
-0.333078
-0.333209
-0.333722
-0.336109
-0.357125
-0.480228
-0.590803
-0.819487
-0.428112
-0.367238
-0.337693
0

0
-0.0990133
-0.066727
-0.0587082
-0.0413991
-0.00142787
-0.0366645
-0.0581148
-0.0628376
-0.0800526
-0.0920621
-0.108755
-0.143299
-0.203376
-0.329055
-0.382277
-2.12081
-0.574863
-0.169662
-0.155839
-0.0738362
0

0
0
0
0
0
0
0
0
0
0
0
0
0
0
0
0
0
0
0
0
0
0


0
0
0
0
0
0
0
0
0
0
0
0
0
0
0
0
0
0
0
0
0
0

0
-0.738133
-0.730963
-0.732237
-0.729057
-0.953526
-0.743845
-0.737616
-0.735165
-0.735446
-0.733105
-0.732613
-0.730515
-0.736141
-0.741673
-0.750377
-0.781173
-0.739515
-0.726908
-0.733673
-0.733966
0

0
-0.342072
-0.330592
-0.33061
-0.335584
-0.30187
-0.315582
-0.329617
-0.330824
-0.331098
-0.331491
-0.332075
-0.334147
-0.333023
-0.332708
-0.333171
-0.33644
-0.324868
-0.322001
-0.327134
-0.329237
0

0
-0.34814
-0.337497
-0.337169
-0.339971
-0.378694
-0.335951
-0.336929
-0.337421
-0.337257
-0.3372
-0.337258
-0.339044
-0.338838
-0.339126
-0.340718
-0.324253
-0.334255
-0.332366
-0.337006
-0.336535
0

0
-0.348176
-0.338017
-0.337482
-0.338597
-0.37939
-0.340162
-0.337055
-0.337197
-0.336887
-0.337102
-0.33711
-0.337657
-0.338647
-0.33919
-0.341587
-0.328063
-0.333961
-0.332313
-0.337538
-0.336692
0

0
-0.348177
-0.337939
-0.33772
-0.338182
-0.359804
-0.339693
-0.337024
-0.337064
-0.336636
-0.336985
-0.336963
-0.335939
-0.338396
-0.339483
-0.342963
-0.340494
-0.336586
-0.333253
-0.338434
-0.336945
0

0
-0.348144
-0.337635
-0.337634
-0.33782
-0.347254
-0.338629
-0.336931
-0.336824
-0.336484
-0.33688
-0.336896
-0.336857
-0.338192
-0.339933
-0.343409
-0.347806
-0.340252
-0.33481
-0.339705
-0.337267
0

0
-0.348101
-0.33734
-0.337315
-0.33728
-0.3404
-0.337603
-0.336738
-0.336198
-0.336357
-0.336802
-0.336899
-0.337489
-0.337587
-0.34031
-0.342154
-0.352765
-0.34433
-0.336246
-0.341458
-0.337638
0

0
-0.348059
-0.33713
-0.336985
-0.336615
-0.335601
-0.336274
-0.336466
-0.335474
-0.336271
-0.336751
-0.336909
-0.33754
-0.336942
-0.340577
-0.343894
-0.358333
-0.349562
-0.337559
-0.343806
-0.338003
0

0
-0.348026
-0.337006
-0.336745
-0.335945
-0.327738
-0.334381
-0.336199
-0.335667
-0.336336
-0.336732
-0.336901
-0.337387
-0.336449
-0.340679
-0.345911
-0.364405
-0.360402
-0.340339
-0.346653
-0.338272
0

0
-0.348002
-0.336955
-0.336608
-0.335651
-0.326784
-0.333159
-0.336067
-0.336294
-0.336505
-0.336737
-0.336879
-0.337216
-0.336176
-0.340387
-0.342584
-0.366466
-0.388479
-0.347067
-0.349361
-0.338337
0

0
-0.347986
-0.33696
-0.336559
-0.336051
-0.34295
-0.33593
-0.336345
-0.336813
-0.336678
-0.336753
-0.336856
-0.337105
-0.336608
-0.338861
-0.325959
-0.349913
-0.432184
-0.356305
-0.351655
-0.338108
0

0
-0.347974
-0.336986
-0.336559
-0.336518
-0.342876
-0.337616
-0.336709
-0.337182
-0.336818
-0.336768
-0.336842
-0.337077
-0.337522
-0.335194
-0.302823
-0.295517
-0.486121
-0.368684
-0.353825
-0.33757
0

0
-0.347961
-0.336928
-0.336608
-0.336868
-0.340559
-0.337976
-0.33695
-0.337389
-0.336902
-0.336774
-0.336841
-0.337122
-0.337908
-0.332681
-0.38968
-0.272138
-0.543084
-0.381325
-0.355864
-0.336747
0

0
-0.3441
-0.332777
-0.332673
-0.332807
-0.335138
-0.333735
-0.332996
-0.333351
-0.333129
-0.333054
-0.33315
-0.33355
-0.335329
-0.343851
-0.415767
-0.50106
-0.609246
-0.390588
-0.355157
-0.332034
0

0
-0.0989393
-0.0664229
-0.0588894
-0.0447327
-0.0150618
-0.041921
-0.0595059
-0.0653118
-0.0790143
-0.0892494
-0.103997
-0.133186
-0.184561
-0.29273
-0.388266
-1.59753
-0.469201
-0.137049
-0.132583
-0.0692377
0

0
0
0
0
0
0
0
0
0
0
0
0
0
0
0
0
0
0
0
0
0
0


0
0
0
0
0
0
0
0
0
0
0
0
0
0
0
0
0
0
0
0
0
0

0
-0.738277
-0.731694
-0.732538
-0.730772
-0.737014
-0.742546
-0.736068
-0.734854
-0.7348
-0.733131
-0.732588
-0.731703
-0.735745
-0.740196
-0.747054
-0.761064
-0.740208
-0.730791
-0.735175
-0.730016
0

0
-0.341943
-0.330743
-0.330611
-0.331566
-0.32411
-0.327654
-0.330251
-0.330716
-0.330929
-0.331364
-0.331923
-0.332942
-0.332588
-0.332509
-0.33282
-0.333153
-0.325118
-0.322328
-0.327017
-0.325093
0

0
-0.348076
-0.337205
-0.337108
-0.33857
-0.335021
-0.334773
-0.336884
-0.337234
-0.337159
-0.337125
-0.337185
-0.337958
-0.33823
-0.338782
-0.34011
-0.335387
-0.335657
-0.333549
-0.336988
-0.332385
0

0
-0.348103
-0.337495
-0.337287
-0.338331
-0.342472
-0.337087
-0.336932
-0.337099
-0.336938
-0.337048
-0.337086
-0.337453
-0.338117
-0.33875
-0.340269
-0.334347
-0.335795
-0.333712
-0.337462
-0.332424
0

0
-0.348113
-0.337548
-0.337397
-0.338001
-0.344683
-0.338015
-0.336944
-0.336948
-0.336756
-0.336966
-0.336986
-0.336801
-0.337912
-0.338809
-0.34076
-0.338869
-0.337423
-0.334451
-0.338177
-0.332506
0

0
-0.3481
-0.337442
-0.337361
-0.337643
-0.342467
-0.337857
-0.336874
-0.336733
-0.336617
-0.336886
-0.336922
-0.336876
-0.337672
-0.338898
-0.340987
-0.343727
-0.340265
-0.335616
-0.339156
-0.332604
0

0
-0.348073
-0.337287
-0.337201
-0.337207
-0.339121
-0.337246
-0.336733
-0.336412
-0.336515
-0.336821
-0.336897
-0.337109
-0.337306
-0.338915
-0.340637
-0.347711
-0.344274
-0.337163
-0.340443
-0.332701
0

0
-0.348043
-0.337148
-0.337
-0.336714
-0.33583
-0.336399
-0.336553
-0.336115
-0.336459
-0.336776
-0.336885
-0.337175
-0.336894
-0.338802
-0.340639
-0.351388
-0.350405
-0.339258
-0.342034
-0.33276
0

0
-0.348016
-0.337047
-0.336827
-0.336257
-0.332231
-0.335442
-0.336393
-0.336126
-0.336478
-0.336753
-0.33687
-0.337116
-0.336554
-0.338494
-0.340229
-0.35458
-0.360902
-0.342522
-0.343826
-0.332731
0

0
-0.347994
-0.336986
-0.336711
-0.336041
-0.330805
-0.334919
-0.336331
-0.336382
-0.336562
-0.336747
-0.33685
-0.337023
-0.336382
-0.337872
-0.337281
-0.35515
-0.378155
-0.347383
-0.345596
-0.332558
0

0
-0.347977
-0.336954
-0.336658
-0.336226
-0.336399
-0.335808
-0.336454
-0.336681
-0.336668
-0.336751
-0.336832
-0.33696
-0.336522
-0.336765
-0.329949
-0.347411
-0.400619
-0.353153
-0.34717
-0.332199
0

0
-0.347964
-0.336927
-0.336649
-0.336536
-0.33897
-0.336853
-0.336667
-0.336925
-0.336762
-0.336758
-0.33682
-0.336954
-0.336929
-0.335375
-0.323543
-0.324739
-0.427339
-0.359319
-0.348577
-0.331645
0

0
-0.34795
-0.336864
-0.336674
-0.336803
-0.339088
-0.337388
-0.33685
-0.337069
-0.336823
-0.33676
-0.336819
-0.337015
-0.337424
-0.335787
-0.351389
-0.314678
-0.456663
-0.364495
-0.349859
-0.330909
0

0
-0.344113
-0.332888
-0.33275
-0.332846
-0.334605
-0.333469
-0.332977
-0.333211
-0.333076
-0.33303
-0.333098
-0.3334
-0.334727
-0.339855
-0.376564
-0.44107
-0.494296
-0.366822
-0.348177
-0.326373
0

0
-0.0989062
-0.0663804
-0.0591614
-0.0478937
-0.0272942
-0.0466539
-0.0606013
-0.0668606
-0.0777683
-0.0865216
-0.0992381
-0.123332
-0.165847
-0.251518
-0.352082
-1.14069
-0.387522
-0.121725
-0.118174
-0.0638342
0

0
0
0
0
0
0
0
0
0
0
0
0
0
0
0
0
0
0
0
0
0
0


0
0
0
0
0
0
0
0
0
0
0
0
0
0
0
0
0
0
0
0
0
0

0
-0.73844
-0.732283
-0.732789
-0.732267
-0.732386
-0.737189
-0.735166
-0.734523
-0.734351
-0.73313
-0.732591
-0.732206
-0.735215
-0.738799
-0.744117
-0.751813
-0.741387
-0.734641
-0.736675
-0.726036
0

0
-0.341807
-0.330675
-0.330539
-0.330643
-0.329303
-0.330076
-0.330423
-0.330626
-0.330814
-0.331249
-0.33178
-0.332433
-0.332307
-0.332279
-0.332424
-0.332142
-0.325504
-0.322653
-0.326954
-0.320923
0

0
-0.34803
-0.337087
-0.33705
-0.337625
-0.336207
-0.336363
-0.337037
-0.337156
-0.33711
-0.337085
-0.337138
-0.337504
-0.337865
-0.338435
-0.33953
-0.338536
-0.336444
-0.334229
-0.336983
-0.328212
0

0
-0.348047
-0.337247
-0.337152
-0.337749
-0.338754
-0.336834
-0.336957
-0.337044
-0.336961
-0.33702
-0.337064
-0.3373
-0.337753
-0.338325
-0.33944
-0.337658
-0.336834
-0.334667
-0.337402
-0.328138
0

0
-0.34806
-0.337314
-0.337215
-0.337667
-0.340048
-0.337307
-0.336924
-0.336918
-0.33683
-0.336956
-0.336991
-0.33702
-0.337582
-0.338249
-0.339523
-0.339214
-0.338074
-0.335401
-0.337987
-0.32806
0

0
-0.348056
-0.337289
-0.3372
-0.337462
-0.339631
-0.337353
-0.336862
-0.336762
-0.336719
-0.336892
-0.336933
-0.336937
-0.33737
-0.338162
-0.33953
-0.341783
-0.34029
-0.336451
-0.33875
-0.327958
0

0
-0.348041
-0.337216
-0.337114
-0.337173
-0.338226
-0.337066
-0.336763
-0.33658
-0.336636
-0.336838
-0.336895
-0.336968
-0.337107
-0.338014
-0.339292
-0.344371
-0.343635
-0.337867
-0.339705
-0.327822
0

0
-0.348021
-0.337131
-0.336994
-0.336843
-0.336482
-0.336596
-0.336645
-0.33643
-0.336587
-0.336796
-0.336869
-0.336977
-0.336825
-0.337769
-0.338923
-0.346744
-0.348599
-0.339733
-0.340832
-0.327635
0

0
-0.348
-0.337058
-0.336877
-0.336543
-0.334745
-0.336092
-0.336543
-0.336403
-0.336583
-0.33677
-0.336848
-0.336939
-0.336587
-0.337403
-0.338146
-0.348643
-0.355926
-0.342179
-0.342065
-0.32737
0

0
-0.347982
-0.337001
-0.336788
-0.336381
-0.333978
-0.335823
-0.336503
-0.336501
-0.33662
-0.336757
-0.336827
-0.336886
-0.336459
-0.336904
-0.336303
-0.349165
-0.365994
-0.345155
-0.343297
-0.327003
0

0
-0.347966
-0.336958
-0.336737
-0.336433
-0.33561
-0.336103
-0.336555
-0.336655
-0.336677
-0.336752
-0.336811
-0.336853
-0.33651
-0.336332
-0.333252
-0.346436
-0.378273
-0.348322
-0.344439
-0.326517
0

0
-0.347953
-0.336918
-0.336718
-0.336598
-0.337211
-0.336625
-0.336671
-0.336801
-0.336734
-0.336752
-0.336801
-0.336863
-0.336755
-0.336031
-0.331803
-0.339211
-0.392676
-0.351324
-0.345473
-0.325908
0

0
-0.347938
-0.336861
-0.33672
-0.33677
-0.33787
-0.337026
-0.336789
-0.3369
-0.336774
-0.336749
-0.3368
-0.336933
-0.33721
-0.337067
-0.342319
-0.340193
-0.409758
-0.353795
-0.346417
-0.325189
0

0
-0.344124
-0.332972
-0.332842
-0.332905
-0.333995
-0.333264
-0.332976
-0.333114
-0.333034
-0.333005
-0.33305
-0.333277
-0.334324
-0.338043
-0.356344
-0.406787
-0.43194
-0.353249
-0.344126
-0.320724
0

0
-0.0989155
-0.0664448
-0.0594905
-0.0507809
-0.0376314
-0.0507142
-0.0614204
-0.0676386
-0.0763851
-0.0838811
-0.0945393
-0.113678
-0.147085
-0.210921
-0.296928
-0.785266
-0.322924
-0.117269
-0.109321
-0.0578062
0

0
0
0
0
0
0
0
0
0
0
0
0
0
0
0
0
0
0
0
0
0
0


0
0
0
0
0
0
0
0
0
0
0
0
0
0
0
0
0
0
0
0
0
0

0
-0.736634
-0.73104
-0.73143
-0.73138
-0.730833
-0.734027
-0.733244
-0.732863
-0.732608
-0.731456
-0.730843
-0.730709
-0.733156
-0.736671
-0.741682
-0.747868
-0.74734
-0.743626
-0.740212
-0.721141
0

0
-0.33961
-0.328814
-0.328787
-0.328735
-0.328781
-0.328868
-0.328902
-0.329051
-0.329169
-0.329374
-0.329811
-0.330427
-0.330482
-0.331098
-0.332017
-0.332828
-0.330308
-0.328179
-0.328825
-0.31571
0

0
-0.345966
-0.335307
-0.335374
-0.335592
-0.335181
-0.335518
-0.33565
-0.335652
-0.335557
-0.335315
-0.335288
-0.335583
-0.336053
-0.337208
-0.339011
-0.340584
-0.341571
-0.340176
-0.338968
-0.32302
0

0
-0.345989
-0.335436
-0.335454
-0.335744
-0.335941
-0.335468
-0.335537
-0.335538
-0.335425
-0.335246
-0.335223
-0.335484
-0.335928
-0.337023
-0.338748
-0.339965
-0.34222
-0.34107
-0.33944
-0.322831
0

0
-0.346018
-0.335539
-0.335527
-0.335802
-0.336549
-0.335586
-0.335467
-0.335418
-0.3353
-0.335179
-0.335158
-0.335343
-0.335772
-0.336841
-0.338546
-0.340256
-0.343423
-0.342317
-0.340084
-0.322598
0

0
-0.346039
-0.335594
-0.335565
-0.335772
-0.336613
-0.335634
-0.335401
-0.335282
-0.335181
-0.335108
-0.335091
-0.335233
-0.33558
-0.336634
-0.338313
-0.341204
-0.345301
-0.343924
-0.340887
-0.322309
0

0
-0.346053
-0.335611
-0.335565
-0.33568
-0.336204
-0.335554
-0.335328
-0.335139
-0.335075
-0.335039
-0.335027
-0.335162
-0.335363
-0.336387
-0.337979
-0.342402
-0.347949
-0.345899
-0.341845
-0.321963
0

0
-0.346061
-0.335605
-0.33554
-0.335556
-0.335533
-0.335376
-0.335254
-0.335018
-0.334993
-0.334975
-0.334966
-0.335094
-0.335143
-0.336103
-0.337555
-0.343634
-0.351489
-0.348221
-0.342929
-0.321556
0

0
-0.346065
-0.33559
-0.335507
-0.335441
-0.334822
-0.335175
-0.335195
-0.334954
-0.334939
-0.334919
-0.334907
-0.335016
-0.334966
-0.33581
-0.337016
-0.344819
-0.356036
-0.350813
-0.344089
-0.321083
0

0
-0.346068
-0.335573
-0.335482
-0.335389
-0.334464
-0.33507
-0.335173
-0.33496
-0.334914
-0.334871
-0.334849
-0.334941
-0.334886
-0.335577
-0.336326
-0.34591
-0.361596
-0.35351
-0.345254
-0.320536
0

0
-0.346071
-0.335557
-0.335472
-0.335439
-0.334912
-0.335182
-0.335204
-0.335013
-0.334911
-0.33483
-0.334794
-0.334889
-0.334957
-0.335557
-0.335822
-0.347021
-0.368147
-0.35608
-0.346362
-0.319912
0

0
-0.346075
-0.335538
-0.33548
-0.335564
-0.335673
-0.335452
-0.335278
-0.335086
-0.334917
-0.334794
-0.334747
-0.33488
-0.335223
-0.336088
-0.336699
-0.349316
-0.376097
-0.358321
-0.347381
-0.319217
0

0
-0.346075
-0.335507
-0.335497
-0.335713
-0.336258
-0.335738
-0.335366
-0.335149
-0.33492
-0.334758
-0.334706
-0.334928
-0.335745
-0.337744
-0.342432
-0.359179
-0.386492
-0.360097
-0.348298
-0.318455
0

0
-0.342293
-0.331691
-0.3317
-0.331992
-0.332739
-0.332114
-0.33163
-0.331407
-0.331162
-0.330968
-0.330889
-0.331216
-0.332866
-0.337561
-0.349808
-0.397992
-0.399416
-0.358106
-0.345631
-0.313972
0

0
-0.0971088
-0.0651827
-0.0585927
-0.0524097
-0.0455191
-0.0531834
-0.0606662
-0.0662531
-0.0730745
-0.0792904
-0.0877916
-0.102235
-0.127351
-0.172636
-0.238605
-0.527655
-0.2711
-0.130189
-0.107372
-0.0501208
0

0
0
0
0
0
0
0
0
0
0
0
0
0
0
0
0
0
0
0
0
0
0


0
0
0
0
0
0
0
0
0
0
0
0
0
0
0
0
0
0
0
0
0
0

0
-0.66948
-0.63695
-0.644512
-0.647656
-0.650997
-0.662972
-0.65725
-0.65505
-0.649561
-0.629243
-0.615907
-0.614238
-0.636734
-0.68499
-0.741253
-0.794409
-0.879218
-0.871541
-0.77865
-0.655007
0

0
-0.273878
-0.2365
-0.243335
-0.245682
-0.247899
-0.259305
-0.25432
-0.252284
-0.247066
-0.228131
-0.215871
-0.214853
-0.234956
-0.280576
-0.333274
-0.383918
-0.465397
-0.457453
-0.368014
-0.250519
0

0
-0.280992
-0.244667
-0.250802
-0.252572
-0.250849
-0.26489
-0.26083
-0.258267
-0.252703
-0.233745
-0.221107
-0.219778
-0.239323
-0.285029
-0.338191
-0.392653
-0.481829
-0.473973
-0.379105
-0.257454
0

0
-0.281883
-0.246932
-0.251987
-0.253253
-0.248174
-0.262773
-0.259978
-0.256938
-0.251182
-0.232946
-0.220369
-0.219009
-0.236915
-0.281685
-0.333817
-0.390487
-0.489083
-0.481479
-0.380849
-0.256463
0

0
-0.282877
-0.24945
-0.253409
-0.254457
-0.24764
-0.261011
-0.258921
-0.255125
-0.24916
-0.231787
-0.219137
-0.217343
-0.233174
-0.276642
-0.327306
-0.386254
-0.497699
-0.491125
-0.383091
-0.255117
0

0
-0.28388
-0.251933
-0.254958
-0.256103
-0.249172
-0.260096
-0.25783
-0.252924
-0.246747
-0.230272
-0.217328
-0.214439
-0.227811
-0.269557
-0.318194
-0.379867
-0.50703
-0.502306
-0.385615
-0.253455
0

0
-0.28482
-0.254174
-0.256525
-0.258077
-0.252047
-0.260107
-0.256832
-0.250478
-0.244085
-0.228428
-0.214918
-0.210214
-0.220586
-0.259994
-0.305634
-0.370449
-0.51615
-0.514287
-0.38817
-0.251527
0

0
-0.285646
-0.25606
-0.25801
-0.260265
-0.255585
-0.260895
-0.256002
-0.247963
-0.241315
-0.226302
-0.211935
-0.204755
-0.21133
-0.247438
-0.288477
-0.356071
-0.523662
-0.526142
-0.39046
-0.249392
0

0
-0.286331
-0.25756
-0.259344
-0.26257
-0.259375
-0.26222
-0.255375
-0.245584
-0.238569
-0.223951
-0.208447
-0.198208
-0.199993
-0.231337
-0.265363
-0.333659
-0.527753
-0.536865
-0.392187
-0.24711
0

0
-0.286867
-0.258695
-0.260495
-0.264928
-0.263331
-0.263863
-0.254959
-0.243548
-0.235963
-0.22144
-0.20454
-0.190742
-0.186675
-0.211158
-0.234575
-0.298671
-0.526633
-0.545619
-0.393105
-0.244743
0

0
-0.287265
-0.259517
-0.261457
-0.267323
-0.26777
-0.265726
-0.254757
-0.241994
-0.233579
-0.218834
-0.200315
-0.18254
-0.171613
-0.186473
-0.194097
-0.244512
-0.519094
-0.552033
-0.393087
-0.242351
0

0
-0.287548
-0.260093
-0.262242
-0.269756
-0.273133
-0.267879
-0.254774
-0.240966
-0.231461
-0.216197
-0.195878
-0.173787
-0.155131
-0.157148
-0.142469
-0.162313
-0.504862
-0.556361
-0.392156
-0.239987
0

0
-0.287749
-0.260488
-0.26287
-0.272214
-0.2794
-0.27038
-0.255004
-0.240415
-0.229618
-0.213591
-0.191342
-0.164682
-0.137594
-0.123841
-0.0817225
-0.0430928
-0.484687
-0.559445
-0.390483
-0.237694
0

0
-0.284168
-0.25704
-0.259641
-0.270946
-0.282535
-0.269467
-0.251691
-0.236505
-0.224303
-0.20733
-0.183026
-0.151592
-0.115717
-0.0850452
-0.017184
0.114121
-0.457842
-0.558792
-0.3847
-0.231844
0

0
-0.0400833
0.00838803
0.0121496
0.00360584
-0.0102147
0.00309009
0.0177215
0.0278016
0.0356939
0.048209
0.068042
0.0953223
0.12734
0.156273
0.218086
0.403513
-0.269
-0.346197
-0.143176
0.0333323
0

0
0
0
0
0
0
0
0
0
0
0
0
0
0
0
0
0
0
0
0
0
0


0
0
0
0
0
0
0
0
0
0
0
0
0
0
0
0
0
0
0
0
0
0

0
0
0
0
0
0
0
0
0
0
0
0
0
0
0
0
0
0
0
0
0
0

0
0
0
0
0
0
0
0
0
0
0
0
0
0
0
0
0
0
0
0
0
0

0
0
0
0
0
0
0
0
0
0
0
0
0
0
0
0
0
0
0
0
0
0

0
0
0
0
0
0
0
0
0
0
0
0
0
0
0
0
0
0
0
0
0
0

0
0
0
0
0
0
0
0
0
0
0
0
0
0
0
0
0
0
0
0
0
0

0
0
0
0
0
0
0
0
0
0
0
0
0
0
0
0
0
0
0
0
0
0

0
0
0
0
0
0
0
0
0
0
0
0
0
0
0
0
0
0
0
0
0
0

0
0
0
0
0
0
0
0
0
0
0
0
0
0
0
0
0
0
0
0
0
0

0
0
0
0
0
0
0
0
0
0
0
0
0
0
0
0
0
0
0
0
0
0

0
0
0
0
0
0
0
0
0
0
0
0
0
0
0
0
0
0
0
0
0
0

0
0
0
0
0
0
0
0
0
0
0
0
0
0
0
0
0
0
0
0
0
0

0
0
0
0
0
0
0
0
0
0
0
0
0
0
0
0
0
0
0
0
0
0

0
0
0
0
0
0
0
0
0
0
0
0
0
0
0
0
0
0
0
0
0
0

0
0
0
0
0
0
0
0
0
0
0
0
0
0
0
0
0
0
0
0
0
0

0
0
0
0
0
0
0
0
0
0
0
0
0
0
0
0
0
0
0
0
0
0

0
0
0
0
0
0
0
0
0
0
0
0
0
0
0
0
0
0
0
0
0
0


