0
0
0
0
0
0
0
0
0
0
0
0
0
0
0
0
0
0
0
0
0
0

0
0
0
0
0
0
0
0
0
0
0
0
0
0
0
0
0
0
0
0
0
0

0
0
0
0
0
0
0
0
0
0
0
0
0
0
0
0
0
0
0
0
0
0

0
0
0
0
0
0
0
0
0
0
0
0
0
0
0
0
0
0
0
0
0
0

0
0
0
0
0
0
0
0
0
0
0
0
0
0
0
0
0
0
0
0
0
0

0
0
0
0
0
0
0
0
0
0
0
0
0
0
0
0
0
0
0
0
0
0

0
0
0
0
0
0
0
0
0
0
0
0
0
0
0
0
0
0
0
0
0
0

0
0
0
0
0
0
0
0
0
0
0
0
0
0
0
0
0
0
0
0
0
0

0
0
0
0
0
0
0
0
0
0
0
0
0
0
0
0
0
0
0
0
0
0

0
0
0
0
0
0
0
0
0
0
0
0
0
0
0
0
0
0
0
0
0
0

0
0
0
0
0
0
0
0
0
0
0
0
0
0
0
0
0
0
0
0
0
0

0
0
0
0
0
0
0
0
0
0
0
0
0
0
0
0
0
0
0
0
0
0

0
0
0
0
0
0
0
0
0
0
0
0
0
0
0
0
0
0
0
0
0
0

0
0
0
0
0
0
0
0
0
0
0
0
0
0
0
0
0
0
0
0
0
0

0
0
0
0
0
0
0
0
0
0
0
0
0
0
0
0
0
0
0
0
0
0

0
0
0
0
0
0
0
0
0
0
0
0
0
0
0
0
0
0
0
0
0
0

0
0
0
0
0
0
0
0
0
0
0
0
0
0
0
0
0
0
0
0
0
0


0
0
0
0
0
0
0
0
0
0
0
0
0
0
0
0
0
0
0
0
0
0

0.5
0.741016
0.543743
0.975038
0.827975
0.826026
1.09589
1.22264
1.32717
1.43528
-0.497641
1.58551
1.76243
1.86795
1.89343
2.01634
1.86683
1.72757
-4.50206
-159.932
38.8485
0

0.5
0.693911
0.577404
1.00023
0.822837
0.989756
1.11088
1.22926
1.33336
1.44409
1.7292
1.6655
1.77376
1.87754
1.95987
1.93859
3.39941
0.0580599
-87.9782
-33.8455
-145.565
0

0.5
0.658034
0.589516
1.05015
0.809324
0.988086
1.11336
1.23043
1.33333
1.45538
1.70708
1.68266
1.7762
1.88477
1.97221
2.00031
1.98673
1.98675
-4.13546
-368.64
-15.3484
0

0.5
0.633523
0.562228
-0.845285
0.696044
0.983698
1.1158
1.23211
1.33354
1.46791
1.68514
1.68997
2.02864
1.90412
1.9866
2.02826
2.01543
2.22607
3.85976
-60.7509
3.45212
0

0.5
0.617229
0.632742
0.791558
0.960895
1.01761
1.12095
1.23375
1.35459
1.44924
1.67049
1.69726
1.7896
1.90903
2.00622
2.08183
2.10639
2.36369
3.97469
13.7237
11.6673
0

0.5
0.606525
0.654317
0.864
0.946671
1.02098
1.1237
1.23562
1.35425
1.45194
1.66963
1.66453
1.78348
1.90829
2.03241
2.14191
2.19492
2.33908
4.33725
14.9637
5.36012
0

0.5
0.598474
0.670644
0.855788
0.942781
1.02478
1.1262
1.23721
1.35366
1.44892
1.67529
1.69657
1.79749
1.92734
2.06321
2.21707
2.29987
2.22429
3.867
7.15824
5.65851
0

0.5
0.591534
0.682273
0.849394
1.03254
1.02696
1.12862
1.22489
1.35209
1.44031
1.68752
1.68987
1.80282
1.94307
2.09858
2.30982
2.43815
1.73123
2.5868
5.67531
5.16291
0

0.5
0.584552
0.690758
0.844877
0.938452
1.02961
1.13063
1.23876
1.35402
1.45622
0.0056856
1.60885
1.79461
1.80593
2.13129
2.42269
2.63953
1.38795
3.88688
4.43829
4.41944
0

0.5
0.580188
0.701595
0.843679
0.936465
1.03093
1.1327
1.23865
1.35658
1.44174
1.68188
1.70368
1.80585
1.97021
2.18136
2.55927
2.95974
0.598995
2.37113
3.33613
3.55284
0

0.5
0.62226
0.643792
0.836302
0.933714
1.03195
1.13464
1.23808
1.35961
1.44902
1.66434
1.71673
1.81175
1.98441
2.22596
2.71864
3.41441
-0.000671505
1.68082
2.50589
2.75475
0

0.5
0.617834
0.692602
0.854062
0.932499
1.03285
1.13646
1.23834
1.36493
1.45679
1.65703
1.70423
1.83834
2.00118
2.26891
2.89639
4.02244
-0.794723
1.08624
1.87808
2.07853
0

0.5
0.613629
0.694249
0.78765
0.921734
1.03334
1.13734
1.2503
1.42416
1.4752
1.60192
1.70505
1.84112
2.01237
2.306
3.07844
4.57313
-1.62242
0.568163
1.42478
1.56542
0

0.5
0.610005
0.693597
0.800204
0.920144
1.02885
1.14008
1.25085
1.35828
1.48209
1.60367
1.71066
1.84429
2.02161
2.332
3.25504
4.83142
-2.03598
0.14842
1.03996
1.12968
0

0.5
0.606268
0.618416
0.806525
0.918221
1.03018
1.14085
1.25099
1.36177
1.48012
1.59863
1.71509
1.84591
2.02593
2.36507
2.09507
7.05585
-4.62684
-3.40521
0.823465
0.836543
0

0
0
0
0
0
0
0
0
0
0
0
0
0
0
0
0
0
0
0
0
0
0


0
0
0
0
0
0
0
0
0
0
0
0
0
0
0
0
0
0
0
0
0
0

0.5
0.769072
0.428092
0.915704
0.853737
1.00799
1.11002
1.2264
1.33211
1.43953
1.68506
1.66605
1.77007
1.86686
1.91015
1.95886
1.83015
1.62292
-0.296395
100.285
-11.0112
0

0.5
0.710266
0.568721
0.929477
0.856912
1.01363
1.11695
1.23282
1.33722
1.46148
1.68266
1.67784
1.77792
1.8766
1.94203
1.96099
1.84412
1.75269
-23.0343
-451.696
-70.0555
0

0.5
0.661451
0.605368
0.921104
0.864964
1.01404
1.11928
1.23335
1.33944
1.46332
1.67582
1.68758
1.78058
1.88274
1.9579
1.97895
1.90733
1.85948
-34.3509
-1707.14
-96.2638
0

0.5
0.634788
0.620517
0.753675
0.89113
1.01787
1.12191
1.23452
1.34221
1.46559
1.66377
1.69415
1.78409
1.89121
1.97534
2.01392
1.97566
2.09875
1.2248
-523.413
-12.1151
0

0.5
0.618856
0.645196
0.870558
0.922716
1.02176
1.12436
1.2359
1.35034
1.4612
1.65564
1.69695
1.79109
1.90111
1.99681
2.06005
2.05233
2.2175
3.59199
-60.0498
11.5893
0

0.5
0.608642
0.662602
0.85625
0.931298
1.02476
1.1266
1.23737
1.35282
1.45947
1.65324
1.70002
1.79513
1.91164
2.02312
2.11903
2.13753
2.19009
4.16318
7.52004
10.1197
0

0.5
0.601575
0.67485
0.846536
0.933365
1.02691
1.12858
1.23867
1.35407
1.45605
1.65618
1.7001
1.79984
1.92466
2.0541
2.19251
2.23993
2.03766
3.82968
8.31225
6.45655
0

0.5
0.596454
0.683114
0.840536
0.933552
1.02861
1.13038
1.23972
1.35428
1.45197
1.66346
1.6993
1.80423
1.939
2.08944
2.28262
2.37349
1.74788
3.22458
5.30723
5.39051
0

0.5
0.593108
0.687557
0.836501
0.932787
1.0297
1.13214
1.24039
1.35514
1.44804
1.6615
1.70095
1.8074
1.95382
2.12851
2.39172
2.59783
1.23471
2.70686
4.14658
4.37532
0

0.5
0.593709
0.687326
0.8344
0.931969
1.03055
1.13384
1.24081
1.35655
1.45322
1.65819
1.70622
1.81344
1.968
2.17069
2.52106
2.87081
0.714581
2.11027
3.13929
3.38689
0

0.5
0.608188
0.674766
0.828791
0.929682
1.03107
1.13555
1.24118
1.35837
1.45856
1.64454
1.71079
1.82135
1.98221
2.21378
2.66935
3.31434
0.142924
1.51596
2.34075
2.5436
0

0.5
0.610239
0.675071
0.82526
0.927145
1.03131
1.13547
1.23966
1.35986
1.46398
1.63176
1.70583
1.8305
1.99655
2.25533
2.82823
3.93422
-0.573835
0.982224
1.73852
1.8813
0

0.5
0.609257
0.688268
0.810976
0.922926
1.03099
1.13816
1.24741
1.35866
1.47593
1.61388
1.70954
1.83873
2.008
2.29223
3.04383
4.86512
-1.43762
0.518018
1.288
1.38942
0

0.5
0.607788
0.688158
0.811902
0.920736
1.02986
1.13979
1.24956
1.36016
1.47894
1.60478
1.712
1.84261
2.01722
2.32135
3.27482
6.34534
-2.38545
0.145453
0.935857
0.993242
0

0.5
0.605617
0.690322
0.804855
0.917285
1.02943
1.14084
1.25066
1.36195
1.47929
1.59803
1.71456
1.84466
2.0216
2.33127
3.25816
1.90626
-0.417114
-0.0117782
0.739692
0.746548
0

0
0
0
0
0
0
0
0
0
0
0
0
0
0
0
0
0
0
0
0
0
0


0
0
0
0
0
0
0
0
0
0
0
0
0
0
0
0
0
0
0
0
0
0

0.5
0.713856
0.56965
0.873994
0.868027
1.01974
1.11288
1.22885
1.33742
1.45437
1.66292
1.67807
1.77259
1.86316
1.90772
1.90755
1.75541
1.4466
-4.48549
943.207
-32.3804
0

0.5
0.681371
0.605413
0.882345
0.864373
1.03687
1.12153
1.23502
1.34346
1.46661
1.66032
1.68691
1.78041
1.87278
1.92613
1.9202
1.77863
0.993557
-6.28433
-23545.3
-19.2566
0

0.5
0.651783
0.628728
0.88374
0.875162
1.03315
1.12379
1.2358
1.34497
1.46795
1.65311
1.69126
1.78288
1.87827
1.94032
1.93921
1.82272
1.61435
-110.162
1849.18
-170.428
0

0.5
0.631766
0.643124
0.874987
0.891861
1.02982
1.12578
1.23685
1.34731
1.46852
1.64616
1.69521
1.78641
1.88598
1.95778
1.97119
1.88146
1.93235
0.636555
91.4428
8.53532
0

0.5
0.618647
0.659346
0.858564
0.910599
1.02876
1.1276
1.23805
1.35093
1.4671
1.64125
1.69788
1.79111
1.89542
1.97926
2.01474
1.94756
2.04432
3.94636
4.83819
24.4698
0

0.5
0.610022
0.671566
0.845961
0.920816
1.02859
1.12922
1.23925
1.35311
1.4657
1.63925
1.70018
1.79586
1.9063
2.00512
2.07024
2.02203
1.98381
4.0463
-3.388
20.9114
0

0.5
0.604224
0.680294
0.838268
0.925573
1.02888
1.13071
1.24036
1.35447
1.46384
1.63995
1.70155
1.80066
1.9188
2.03527
2.13875
2.11231
1.80727
3.66449
5.31167
11.4261
0

0.5
0.60045
0.686099
0.833275
0.927519
1.02934
1.1321
1.24132
1.35522
1.46183
1.64216
1.70259
1.80548
1.93246
2.06936
2.22166
2.23089
1.53333
2.98368
5.62422
6.96019
0

0.5
0.598609
0.689021
0.829697
0.928055
1.02979
1.13347
1.24212
1.35612
1.46052
1.64291
1.7043
1.81033
1.94668
2.10673
2.3202
2.39631
1.15984
2.35118
4.12273
4.69279
0

0.5
0.599525
0.688697
0.826797
0.927674
1.03016
1.1348
1.24284
1.35725
1.46291
1.63734
1.70718
1.81624
1.96088
2.14641
2.4345
2.63972
0.745852
1.77066
2.87991
3.25781
0

0.5
0.604221
0.685876
0.822813
0.926341
1.03038
1.13613
1.24368
1.35851
1.46615
1.62936
1.7095
1.82304
1.97481
2.18667
2.56209
2.97406
0.284628
1.24959
2.00758
2.26781
0

0.5
0.606064
0.686324
0.818655
0.924425
1.03038
1.13745
1.24499
1.35961
1.46999
1.62046
1.70992
1.83056
1.98802
2.22535
2.69588
3.40762
-0.243481
0.797437
1.40647
1.57732
0

0.5
0.606334
0.690553
0.812561
0.921886
1.03007
1.13844
1.24749
1.36009
1.47514
1.61074
1.71087
1.83613
1.99936
2.25995
2.82286
3.91076
-0.811117
0.417767
0.991088
1.09989
0

0.5
0.605947
0.691838
0.809559
0.919637
1.02947
1.13959
1.24932
1.36122
1.4778
1.60349
1.71225
1.84013
2.00841
2.28803
2.9311
4.30868
-1.26618
0.119228
0.710244
0.774703
0

0.5
0.604813
0.693138
0.805223
0.916944
1.02891
1.14068
1.25057
1.3623
1.4788
1.59743
1.71364
1.84233
2.01272
2.29972
3.0141
4.5239
-1.49029
-0.0890279
0.562195
0.583789
0

0
0
0
0
0
0
0
0
0
0
0
0
0
0
0
0
0
0
0
0
0
0


0
0
0
0
0
0
0
0
0
0
0
0
0
0
0
0
0
0
0
0
0
0

0.5
0.665637
0.621307
0.843145
0.836188
0.985039
1.10781
1.23054
1.34189
1.46216
1.63693
1.68341
1.77395
1.85845
1.89561
1.85653
1.66991
1.43348
-676.631
-39446.4
-362.516
0

0.5
0.655112
0.637402
0.850428
0.841335
1.06028
1.12496
1.23721
1.34803
1.47013
1.63968
1.69114
1.78171
1.86785
1.90981
1.87174
1.6869
-38.1802
-12497.7
278335
-1798.33
0

0.5
0.639237
0.650243
0.851837
0.869006
1.05483
1.12778
1.23811
1.34914
1.47104
1.63561
1.69346
1.78398
1.87291
1.92203
1.89082
1.72481
1.48095
-729.653
-69336.3
-365.868
0

0.5
0.626293
0.66077
0.849595
0.888013
1.0433
1.12943
1.23908
1.35074
1.47127
1.63163
1.69597
1.78725
1.88012
1.93851
1.92077
1.77296
1.86164
-3.86699
354.014
55.3892
0

0.5
0.61682
0.670955
0.842301
0.903564
1.03616
1.1306
1.24008
1.35272
1.47071
1.62866
1.69819
1.79135
1.88917
1.95922
1.96131
1.82684
1.90565
4.99333
-42.6588
31.7341
0

0.5
0.61022
0.679194
0.835489
0.913824
1.03253
1.13163
1.24109
1.35429
1.4699
1.62711
1.70019
1.7959
1.89981
1.9841
2.01264
1.88883
1.7801
4.3539
-13.0147
21.9553
0

0.5
0.605712
0.685281
0.830471
0.919718
1.03082
1.13262
1.24203
1.35545
1.46893
1.62683
1.70187
1.80071
1.91185
2.01293
2.07534
1.96534
1.58033
3.38869
-4.27084
14.2783
0

0.5
0.602876
0.689433
0.826864
0.922778
1.03012
1.13362
1.24289
1.35633
1.46806
1.62703
1.70345
1.80574
1.92494
2.04525
2.1501
2.06554
1.33181
2.56886
1.61031
8.62678
0

0.5
0.601553
0.691694
0.824026
0.924093
1.0299
1.13462
1.2437
1.35721
1.46779
1.62627
1.70522
1.811
1.9386
2.08037
2.23724
2.20139
1.04047
1.9048
2.62735
5.0564
0

0.5
0.60183
0.692241
0.821465
0.92427
1.02986
1.13564
1.2445
1.35814
1.46896
1.62308
1.70719
1.81667
1.95235
2.11722
2.33607
2.38633
0.721039
1.36496
2.07495
3.02855
0

0.5
0.603441
0.691937
0.818567
0.923602
1.02984
1.13666
1.24541
1.35916
1.47085
1.61824
1.7089
1.82265
1.96573
2.15431
2.44385
2.62613
0.376073
0.922379
1.41418
1.8608
0

0.5
0.604458
0.692487
0.815407
0.922322
1.02971
1.13764
1.24658
1.3601
1.4732
1.61261
1.70994
1.82857
1.97821
2.18979
2.55509
2.91506
0.00821657
0.559906
0.926884
1.16339
0

0.5
0.604876
0.694081
0.811865
0.920636
1.02943
1.13855
1.24811
1.36092
1.47578
1.60667
1.71087
1.83354
1.98906
2.22153
2.66174
3.2213
-0.355697
0.268887
0.603626
0.737985
0

0.5
0.60492
0.695127
0.809028
0.918846
1.02902
1.13947
1.2495
1.36186
1.47763
1.6015
1.71179
1.83734
1.99776
2.24753
2.75675
3.47381
-0.650951
0.0476451
0.405514
0.48489
0

0.5
0.604333
0.695457
0.805602
0.916681
1.02849
1.14039
1.25059
1.36265
1.47849
1.59668
1.71255
1.8395
2.00191
2.25893
2.80773
3.54197
-0.836101
-0.103129
0.316342
0.357482
0

0
0
0
0
0
0
0
0
0
0
0
0
0
0
0
0
0
0
0
0
0
0


0
0
0
0
0
0
0
0
0
0
0
0
0
0
0
0
0
0
0
0
0
0

0.5
0.639619
0.650122
0.8264
0.443899
0.528099
1.06505
1.22924
1.34531
1.46601
1.61955
1.68554
1.77437
1.85302
1.87911
1.80278
1.56924
0.968253
-189.622
-41715.2
267.584
0

0.5
0.637034
0.659471
0.830273
0.703971
0.916355
1.11478
1.23874
1.35154
1.47263
1.62432
1.69277
1.78205
1.86223
1.89177
1.81828
1.58621
-2.56496
-8412.2
-101311
2488.17
0

0.5
0.62863
0.666506
0.831809
0.828431
1.0641
1.13129
1.24034
1.35237
1.4731
1.62215
1.69422
1.78416
1.86696
1.90264
1.83668
1.61168
0.893701
-282.213
-67552.8
363.629
0

0.5
0.620759
0.673347
0.831895
0.873414
1.06088
1.13314
1.2412
1.35345
1.47321
1.61992
1.69599
1.78718
1.87378
1.91803
1.8647
1.64587
1.6909
-17.0926
-2147.32
90.6647
0

0.5
0.614411
0.679825
0.829484
0.896158
1.04443
1.13335
1.24201
1.35468
1.47297
1.61814
1.69782
1.79098
1.88244
1.93768
1.90226
1.68738
1.67027
3.04488
-227.343
31.1052
0

0.5
0.609687
0.685313
0.826413
0.908772
1.03608
1.13371
1.24282
1.35579
1.47256
1.61705
1.69962
1.79533
1.89269
1.96131
1.94941
1.73842
1.49482
3.45563
-39.108
15.5411
0

0.5
0.606355
0.689541
0.823654
0.915612
1.03231
1.13425
1.24361
1.35673
1.47211
1.61653
1.70135
1.80006
1.90424
1.98855
2.00632
1.80315
1.29258
2.52504
-10.5678
8.64464
0

0.5
0.604218
0.692551
0.821389
0.919247
1.03063
1.13489
1.24436
1.35753
1.4718
1.61614
1.70306
1.80509
1.91677
2.01887
2.07308
1.88705
1.0821
1.75566
-2.63083
5.22275
0

0.5
0.603137
0.694384
0.819411
0.921009
1.02989
1.1356
1.2451
1.3583
1.47185
1.61521
1.70479
1.81033
1.92984
2.05152
2.14937
1.99632
0.862521
1.20431
-0.157943
3.12221
0

0.5
0.60301
0.695278
0.81753
0.921614
1.02956
1.13635
1.24586
1.35911
1.47254
1.61319
1.70651
1.81574
1.94298
2.08544
2.23396
2.13621
0.632895
0.798467
0.390559
1.78444
0

0.5
0.603497
0.695656
0.815455
0.921391
1.02936
1.13712
1.24668
1.35993
1.47365
1.61024
1.70803
1.82118
1.95572
2.11931
2.32418
2.30705
0.393806
0.487443
0.343843
0.973024
0

0.5
0.603985
0.69619
0.813243
0.920632
1.02918
1.13788
1.24764
1.36075
1.47504
1.60671
1.70921
1.82633
1.96751
2.15149
2.41559
2.5005
0.150749
0.244013
0.190329
0.500232
0

0.5
0.604295
0.696957
0.810898
0.919506
1.02893
1.13862
1.24872
1.36153
1.47649
1.60297
1.71015
1.83078
1.97778
2.18021
2.50233
2.69509
-0.0792299
0.0549426
0.0674715
0.234532
0

0.5
0.604453
0.697572
0.808685
0.918178
1.02861
1.13936
1.24978
1.36234
1.47768
1.5994
1.71091
1.83431
1.98604
2.20376
2.57836
2.85868
-0.268598
-0.0829014
0.00109527
0.099764
0

0.5
0.604118
0.697464
0.805986
0.916487
1.02815
1.14007
1.25066
1.36293
1.47828
1.59587
1.71135
1.83631
1.98995
2.21409
2.61434
2.91133
-0.403753
-0.171645
-0.00427359
0.0588331
0

0
0
0
0
0
0
0
0
0
0
0
0
0
0
0
0
0
0
0
0
0
0


0
0
0
0
0
0
0
0
0
0
0
0
0
0
0
0
0
0
0
0
0
0

0.5
0.624793
0.667395
0.811607
0.862173
1.04464
1.11946
1.23549
1.34848
1.46792
1.60726
1.68593
1.77411
1.84726
1.86082
1.74614
1.42206
1.06135
-34.7409
-12234.6
57.5253
0

0.5
0.625414
0.673962
0.817778
0.869374
1.06216
1.12996
1.24162
1.35441
1.4741
1.61286
1.69294
1.78173
1.85632
1.87276
1.76136
1.43837
0.941813
-2764.9
-62470
1480.64
0

0.5
0.620881
0.677894
0.819849
0.8777
1.06117
1.13317
1.24239
1.35497
1.47433
1.61175
1.694
1.7837
1.8608
1.88273
1.77899
1.45972
0.989483
-67.3719
-14492.2
167.811
0

0.5
0.616196
0.68217
0.820772
0.888982
1.0506
1.13439
1.24309
1.3557
1.4744
1.61056
1.69538
1.78655
1.86728
1.89716
1.80542
1.48885
1.29634
-7.23921
-643.601
22.3688
0

0.5
0.612102
0.686327
0.820371
0.900032
1.04153
1.13484
1.24376
1.35652
1.47432
1.60957
1.69694
1.79013
1.87557
1.91572
1.84048
1.52589
1.20959
0.333058
-121.223
6.41368
0

0.5
0.60887
0.69
0.819301
0.908337
1.03563
1.13513
1.24442
1.35732
1.47416
1.60889
1.69861
1.79431
1.88539
1.93804
1.88402
1.57265
1.056
1.07559
-37.9481
1.50647
0

0.5
0.606493
0.692954
0.818054
0.913763
1.03227
1.13547
1.24506
1.35804
1.474
1.60846
1.70032
1.79891
1.89647
1.96367
1.93583
1.63151
0.905398
0.766689
-15.1049
-0.0966634
0

0.5
0.604903
0.695165
0.816844
0.917013
1.03049
1.13589
1.24569
1.3587
1.47395
1.60807
1.70204
1.80383
1.90844
1.99199
1.99557
1.7051
0.76421
0.4397
-6.98322
-0.376989
0

0.5
0.604024
0.696669
0.815668
0.918796
1.0296
1.13639
1.24633
1.35937
1.47411
1.60737
1.70376
1.80892
1.92089
2.02221
2.06243
1.79589
0.62607
0.21274
-3.43209
-0.373119
0

0.5
0.603702
0.697573
0.814432
0.919561
1.02914
1.13694
1.24698
1.36003
1.47457
1.60613
1.7054
1.81409
1.93341
2.05335
2.13495
1.90511
0.485625
0.0564049
-1.82234
-0.386694
0

0.5
0.603779
0.698145
0.813074
0.919648
1.02889
1.13751
1.24768
1.3607
1.47527
1.60436
1.70687
1.81913
1.94547
2.08415
2.21059
2.03072
0.341531
-0.0595471
-1.10677
-0.416076
0

0.5
0.603966
0.698633
0.8116
0.919255
1.0287
1.1381
1.24844
1.36137
1.47612
1.60222
1.70811
1.82383
1.9566
2.11322
2.28574
2.16565
0.197356
-0.148845
-0.777979
-0.428965
0

0.5
0.604146
0.699096
0.810021
0.918536
1.02849
1.13868
1.24925
1.36204
1.47699
1.59988
1.7091
1.82791
1.96628
2.13902
2.35587
2.29691
0.062332
-0.217962
-0.605702
-0.416169
0

0.5
0.604316
0.699467
0.808427
0.917613
1.02824
1.13925
1.25005
1.36269
1.47775
1.59751
1.70981
1.83117
1.97405
2.1601
2.41617
2.40908
-0.0511064
-0.266527
-0.491686
-0.37831
0

0.5
0.604025
0.699121
0.806317
0.916304
1.02784
1.13976
1.25071
1.36315
1.47812
1.59504
1.71016
1.833
1.97769
2.16923
2.44297
2.44964
-0.138893
-0.290317
-0.384401
-0.307579
0

0
0
0
0
0
0
0
0
0
0
0
0
0
0
0
0
0
0
0
0
0
0


0
0
0
0
0
0
0
0
0
0
0
0
0
0
0
0
0
0
0
0
0
0

0.5
0.616079
0.677845
0.806308
0.886269
1.04671
1.12683
1.23816
1.35091
1.4688
1.59816
1.68538
1.77344
1.84161
1.84246
1.68873
1.23317
0.461305
-99.3999
-5118.88
-131.073
0

0.5
0.618127
0.683234
0.811628
0.890506
1.05124
1.13324
1.24385
1.35675
1.47484
1.60411
1.69228
1.78102
1.85055
1.85397
1.70365
1.25043
0.408936
-834.136
84065.5
-462.385
0

0.5
0.615612
0.685537
0.812853
0.89323
1.04745
1.13459
1.24434
1.35713
1.47496
1.6036
1.69315
1.78289
1.85481
1.86333
1.72077
1.27502
0.5391
-33.0202
-6149.59
-40.9024
0

0.5
0.612828
0.688225
0.813728
0.898558
1.04211
1.1354
1.24486
1.35762
1.47503
1.60304
1.69433
1.78559
1.86102
1.87697
1.74615
1.30828
0.562995
-10.7996
-315.331
-29.0122
0

0.5
0.61024
0.69095
0.814046
0.904453
1.0372
1.13582
1.24537
1.35817
1.47505
1.60259
1.69574
1.78901
1.86896
1.89456
1.77944
1.34966
0.52981
-4.54282
-107.47
-18.3019
0

0.5
0.608089
0.693458
0.813942
0.909521
1.03354
1.13608
1.24589
1.35874
1.47504
1.60229
1.69732
1.79302
1.87838
1.91568
1.82025
1.39977
0.481664
-2.46958
-43.3133
-12.23
0

0.5
0.606433
0.695567
0.813597
0.913261
1.03117
1.13634
1.2464
1.35929
1.47505
1.6021
1.69899
1.79749
1.88899
1.93981
1.86805
1.45949
0.43618
-1.66471
-21.19
-8.43553
0

0.5
0.605279
0.697244
0.813152
0.915763
1.02978
1.13665
1.2469
1.35982
1.47513
1.6019
1.70072
1.80225
1.90044
1.96629
1.92213
1.52958
0.393209
-1.25021
-11.6991
-5.79775
0

0.5
0.604554
0.698458
0.812593
0.917259
1.02902
1.13701
1.24742
1.36034
1.47533
1.60153
1.70244
1.80719
1.91233
1.99435
1.98145
1.61043
0.348132
-0.984211
-6.83781
-3.9669
0

0.5
0.604211
0.699321
0.811953
0.918038
1.02862
1.13741
1.24795
1.36087
1.47569
1.60088
1.70408
1.81212
1.92422
2.02298
2.04437
1.70136
0.296842
-0.801492
-4.17089
-2.75555
0

0.5
0.604117
0.699916
0.811177
0.918278
1.0284
1.13784
1.2485
1.36141
1.47617
1.59992
1.70558
1.81688
1.93566
2.05108
2.10861
1.79978
0.238342
-0.674553
-2.68566
-1.97731
0

0.5
0.604147
0.700369
0.810289
0.91814
1.02824
1.13828
1.24908
1.36194
1.47672
1.59872
1.70687
1.82125
1.94617
2.07739
2.17117
1.90038
0.1751
-0.587351
-1.8407
-1.47454
0

0.5
0.604248
0.700738
0.809306
0.917737
1.0281
1.13872
1.24968
1.36247
1.47727
1.59734
1.70791
1.82505
1.95528
2.10059
2.22851
1.99537
0.112632
-0.527593
-1.3395
-1.13949
0

0.5
0.604301
0.700909
0.808178
0.917102
1.0279
1.13914
1.25027
1.36296
1.47776
1.59589
1.70867
1.8281
1.96259
2.11946
2.27697
2.07656
0.0575669
-0.484538
-1.02509
-0.905573
0

0.5
0.604079
0.700569
0.806663
0.916173
1.02758
1.13949
1.25076
1.36332
1.47799
1.59426
1.70899
1.82974
1.96593
2.12744
2.29751
2.10732
0.0109313
-0.442723
-0.784177
-0.712917
0

0
0
0
0
0
0
0
0
0
0
0
0
0
0
0
0
0
0
0
0
0
0


0
0
0
0
0
0
0
0
0
0
0
0
0
0
0
0
0
0
0
0
0
0

0.5
0.610936
0.684239
0.80244
0.895279
1.03623
1.12953
1.24029
1.35294
1.46912
1.59106
1.68435
1.77261
1.83647
1.82545
1.63432
1.03263
-1.13486
-120.145
-940.531
-162.647
0

0.5
0.613676
0.68907
0.807303
0.900302
1.04021
1.13512
1.24584
1.35872
1.47511
1.59721
1.69119
1.78015
1.84531
1.83669
1.64906
1.05279
-1.16265
-272.678
-6560.38
-261.143
0

0.5
0.612235
0.690498
0.808099
0.90203
1.03817
1.13573
1.24615
1.35896
1.4752
1.59706
1.69196
1.78194
1.84942
1.84561
1.66598
1.08366
-0.656763
-48.253
-1981.73
-90.2943
0

0.5
0.610562
0.692252
0.808861
0.904826
1.03553
1.1362
1.24649
1.35928
1.4753
1.59692
1.69304
1.78453
1.85538
1.85864
1.69083
1.12549
-0.418154
-20.6045
-300.856
-52.7142
0

0.5
0.608932
0.694109
0.809433
0.908015
1.03299
1.13651
1.24687
1.35966
1.47538
1.59684
1.69438
1.78783
1.86302
1.87544
1.72308
1.17599
-0.267628
-10.6043
-114.522
-33.0732
0

0.5
0.607513
0.695892
0.809798
0.910962
1.03096
1.13674
1.24724
1.36005
1.47546
1.59685
1.69591
1.79171
1.8721
1.89555
1.76205
1.2341
-0.156158
-6.33147
-53.2695
-21.7255
0

0.5
0.606377
0.697475
0.81
0.913335
1.02957
1.13696
1.24762
1.36044
1.47558
1.59693
1.69756
1.79603
1.8823
1.91841
1.80699
1.29927
-0.0669199
-4.20067
-28.2991
-14.6699
0

0.5
0.605526
0.698784
0.810062
0.915049
1.02871
1.1372
1.248
1.36084
1.47573
1.597
1.6993
1.80066
1.89329
1.94336
1.85691
1.37096
0.00429857
-2.9737
-16.4196
-10.0332
0

0.5
0.604957
0.699823
0.810016
0.91619
1.02823
1.13748
1.24839
1.36123
1.47596
1.59699
1.70104
1.80543
1.90467
1.96958
1.91058
1.44837
0.0573657
-2.18816
-10.0363
-6.90384
0

0.5
0.604631
0.700627
0.809863
0.916866
1.02798
1.13779
1.24879
1.36163
1.47627
1.59683
1.70271
1.81016
1.91602
1.99615
1.96633
1.53001
0.0920976
-1.65438
-6.35535
-4.79254
0

0.5
0.604469
0.701218
0.809577
0.917175
1.02786
1.13811
1.2492
1.36204
1.47663
1.59647
1.70427
1.81469
1.9269
2.022
2.0221
1.61336
0.109891
-1.28198
-4.16862
-3.38196
0

0.5
0.604435
0.701685
0.809192
0.917218
1.02779
1.13843
1.24962
1.36244
1.47701
1.59594
1.70562
1.81884
1.93686
2.04602
2.07537
1.69457
0.113899
-1.02008
-2.84791
-2.44551
0

0.5
0.604387
0.701944
0.808628
0.917013
1.0277
1.13874
1.25004
1.36282
1.47739
1.59528
1.70675
1.82243
1.94548
2.06708
2.12336
1.7688
0.108752
-0.836054
-2.03679
-1.82425
0

0.5
0.604427
0.702123
0.807998
0.91668
1.02759
1.13905
1.25046
1.3632
1.47772
1.59451
1.70758
1.82529
1.95236
2.08407
2.16322
1.8312
0.0991946
-0.707383
-1.53193
-1.41218
0

0.5
0.604211
0.701834
0.806989
0.916055
1.02735
1.13927
1.25079
1.36344
1.47787
1.59357
1.70794
1.82676
1.95542
2.09108
2.17939
1.85504
0.0855584
-0.604064
-1.15112
-1.10827
0

0
0
0
0
0
0
0
0
0
0
0
0
0
0
0
0
0
0
0
0
0
0


0
0
0
0
0
0
0
0
0
0
0
0
0
0
0
0
0
0
0
0
0
0

0.5
0.608016
0.688033
0.799057
0.901905
1.02769
1.13095
1.24215
1.35469
1.46915
1.58523
1.68313
1.77186
1.83225
1.81105
1.5872
0.847614
-2.61374
-97.0877
-270.558
-145.307
0

0.5
0.611112
0.692591
0.803721
0.906864
1.03209
1.13624
1.24763
1.36043
1.47513
1.59148
1.68994
1.77937
1.84102
1.82211
1.6019
0.872103
-2.41827
-107.336
-1338.13
-155.486
0

0.5
0.610252
0.693554
0.804314
0.907803
1.03123
1.13653
1.2478
1.36057
1.47523
1.59157
1.69066
1.7811
1.84499
1.83073
1.61885
0.911294
-1.85409
-47.5171
-492.485
-92.4014
0

0.5
0.609223
0.694786
0.805003
0.909163
1.03016
1.13679
1.24801
1.36077
1.47534
1.59171
1.6917
1.78361
1.85077
1.84332
1.64357
0.963881
-1.38888
-25.3252
-213.768
-59.737
0

0.5
0.608181
0.696146
0.805693
0.910723
1.02914
1.13702
1.24825
1.36099
1.47547
1.59194
1.69299
1.7868
1.85817
1.85953
1.67533
1.02466
-1.02945
-14.7896
-107.966
-39.7934
0

0.5
0.607237
0.697512
0.806331
0.912243
1.02833
1.13722
1.2485
1.36124
1.47563
1.59225
1.69449
1.79057
1.86696
1.87887
1.71326
1.09185
-0.747495
-9.33439
-58.4108
-26.9704
0

0.5
0.606435
0.698773
0.80688
0.913547
1.02777
1.13742
1.24875
1.3615
1.47581
1.5926
1.69616
1.79478
1.87683
1.90078
1.75637
1.16399
-0.52311
-6.27568
-33.4124
-18.5121
0

0.5
0.605803
0.699886
0.807346
0.914584
1.02745
1.13763
1.24901
1.36177
1.47601
1.59296
1.69791
1.79928
1.88744
1.92454
1.80349
1.23966
-0.344142
-4.41463
-20.0752
-12.8148
0

0.5
0.605343
0.700829
0.807717
0.915355
1.02731
1.13786
1.24927
1.36204
1.47627
1.59329
1.69969
1.8039
1.89841
1.94936
1.85325
1.31734
-0.203227
-3.20232
-12.5356
-8.92293
0

0.5
0.605037
0.701607
0.80799
0.915892
1.02728
1.1381
1.24954
1.36232
1.47655
1.59353
1.70142
1.80847
1.90931
1.97433
1.90401
1.39516
-0.0950586
-2.37562
-8.06955
-6.25481
0

0.5
0.604858
0.702231
0.808147
0.916229
1.0273
1.13834
1.24982
1.3626
1.47685
1.59366
1.70304
1.81283
1.91973
1.99846
1.95385
1.4708
-0.0148445
-1.79759
-5.34677
-4.4334
0

0.5
0.604699
0.702648
0.808135
0.916365
1.02731
1.13856
1.25008
1.36287
1.47714
1.59367
1.70448
1.8168
1.92925
2.02073
2.00062
1.54141
0.0422873
-1.38959
-3.65959
-3.19946
0

0.5
0.604634
0.70297
0.808037
0.916386
1.02732
1.13878
1.25035
1.36313
1.47742
1.59358
1.70569
1.82022
1.93745
2.04011
2.04203
1.60375
0.0810657
-1.1023
-2.60482
-2.37206
0

0.5
0.604603
0.703155
0.807817
0.916284
1.02731
1.13898
1.25062
1.36337
1.47766
1.59337
1.70662
1.82293
1.94397
2.05565
2.07589
1.65486
0.105977
-0.903225
-1.94803
-1.82762
0

0.5
0.604387
0.702963
0.807275
0.915932
1.02714
1.13908
1.2508
1.36352
1.47776
1.59299
1.70706
1.82426
1.94679
2.06188
2.08899
1.67416
0.117196
-0.748363
-1.44315
-1.43925
0

0
0
0
0
0
0
0
0
0
0
0
0
0
0
0
0
0
0
0
0
0
0


0
0
0
0
0
0
0
0
0
0
0
0
0
0
0
0
0
0
0
0
0
0

0.5
0.606436
0.68982
0.795426
0.907152
1.02008
1.13197
1.24396
1.35624
1.46889
1.5803
1.68261
1.77233
1.83094
1.80431
1.56163
0.726961
-3.64386
-76.2644
-119.914
-116.946
0

0.5
0.609696
0.694216
0.799973
0.911827
1.02495
1.13713
1.24937
1.36193
1.47489
1.58665
1.6894
1.77982
1.83967
1.8153
1.57646
0.754701
-3.34027
-67.0001
17.673
-108.893
0

0.5
0.609121
0.694916
0.800459
0.912054
1.02506
1.13723
1.24945
1.362
1.47499
1.58693
1.69009
1.7815
1.84357
1.8238
1.59371
0.799849
-2.76085
-46.3463
-234.181
-82.2511
0

0.5
0.608424
0.695848
0.801111
0.912357
1.02523
1.13737
1.24953
1.36209
1.47515
1.58731
1.69108
1.78394
1.84924
1.83622
1.61877
0.860519
-2.16313
-30.5105
-205.665
-59.9934
0

0.5
0.607698
0.696928
0.801889
0.912733
1.02546
1.13754
1.24965
1.36221
1.47534
1.5878
1.69234
1.78706
1.85651
1.85219
1.6508
0.931394
-1.64487
-19.7204
-134.174
-42.828
0

0.5
0.607013
0.698061
0.802728
0.913152
1.0257
1.13774
1.24977
1.36234
1.47557
1.58838
1.69383
1.79074
1.86513
1.87123
1.6888
1.00848
-1.22232
-12.8876
-80.0136
-30.1905
0

0.5
0.606409
0.699176
0.803586
0.9136
1.02594
1.13794
1.24991
1.36249
1.47582
1.58901
1.69549
1.79486
1.87481
1.89274
1.73163
1.0878
-0.883577
-8.65436
-46.7856
-21.1819
0

0.5
0.605916
0.700225
0.80442
0.914053
1.02617
1.13814
1.25005
1.36265
1.47611
1.58967
1.69726
1.79926
1.88521
1.916
1.77803
1.16889
-0.614787
-5.98806
-27.7686
-14.8471
0

0.5
0.605534
0.70118
0.805198
0.91449
1.02639
1.13833
1.2502
1.36282
1.47641
1.59032
1.69907
1.80376
1.89593
1.94021
1.82654
1.2501
-0.40279
-4.25436
-16.9371
-10.4173
0

0.5
0.60527
0.702034
0.805904
0.914898
1.02659
1.13851
1.25034
1.363
1.47671
1.59094
1.70085
1.80821
1.90658
1.96446
1.87552
1.32941
-0.23713
-3.09128
-10.6415
-7.33635
0

0.5
0.605049
0.702712
0.806465
0.915227
1.02675
1.13866
1.25048
1.36317
1.477
1.5915
1.70254
1.81243
1.91674
1.98781
1.92311
1.40456
-0.109489
-2.29278
-6.89568
-5.21048
0

0.5
0.604919
0.703285
0.806938
0.915511
1.0269
1.13881
1.25062
1.36335
1.47729
1.592
1.70405
1.81625
1.92599
2.00924
1.96726
1.47299
-0.0130798
-1.73791
-4.62571
-3.75893
0

0.5
0.604843
0.703727
0.807294
0.915724
1.027
1.13893
1.25075
1.36351
1.47754
1.5924
1.70534
1.81951
1.93392
2.02781
2.00594
1.53217
0.0577548
-1.3523
-3.23533
-2.78217
0

0.5
0.604806
0.704027
0.807523
0.915858
1.02707
1.13903
1.25088
1.36366
1.47776
1.59271
1.70635
1.82209
1.94021
2.04262
2.03721
1.5798
0.107524
-1.08899
-2.38877
-2.14235
0

0.5
0.604649
0.70403
0.80748
0.91578
1.02699
1.13902
1.25092
1.36374
1.47787
1.59285
1.70685
1.82327
1.94285
2.04847
2.0492
1.59839
0.136205
-0.888464
-1.74737
-1.69361
0

0
0
0
0
0
0
0
0
0
0
0
0
0
0
0
0
0
0
0
0
0
0


0
0
0
0
0
0
0
0
0
0
0
0
0
0
0
0
0
0
0
0
0
0

0
0
0
0
0
0
0
0
0
0
0
0
0
0
0
0
0
0
0
0
0
0

0
0
0
0
0
0
0
0
0
0
0
0
0
0
0
0
0
0
0
0
0
0

0
0
0
0
0
0
0
0
0
0
0
0
0
0
0
0
0
0
0
0
0
0

0
0
0
0
0
0
0
0
0
0
0
0
0
0
0
0
0
0
0
0
0
0

0
0
0
0
0
0
0
0
0
0
0
0
0
0
0
0
0
0
0
0
0
0

0
0
0
0
0
0
0
0
0
0
0
0
0
0
0
0
0
0
0
0
0
0

0
0
0
0
0
0
0
0
0
0
0
0
0
0
0
0
0
0
0
0
0
0

0
0
0
0
0
0
0
0
0
0
0
0
0
0
0
0
0
0
0
0
0
0

0
0
0
0
0
0
0
0
0
0
0
0
0
0
0
0
0
0
0
0
0
0

0
0
0
0
0
0
0
0
0
0
0
0
0
0
0
0
0
0
0
0
0
0

0
0
0
0
0
0
0
0
0
0
0
0
0
0
0
0
0
0
0
0
0
0

0
0
0
0
0
0
0
0
0
0
0
0
0
0
0
0
0
0
0
0
0
0

0
0
0
0
0
0
0
0
0
0
0
0
0
0
0
0
0
0
0
0
0
0

0
0
0
0
0
0
0
0
0
0
0
0
0
0
0
0
0
0
0
0
0
0

0
0
0
0
0
0
0
0
0
0
0
0
0
0
0
0
0
0
0
0
0
0

0
0
0
0
0
0
0
0
0
0
0
0
0
0
0
0
0
0
0
0
0
0


