0.5
0.5
0.467271
0.5
0.5
0.5
0.5
0.500285
0.5
0.5
0.532824
0.5
0.5
0.5
0.5
0.5
0.5
0.5
0.5
0.5
0.5
0.5

0.5
0.465443
0.520284
0.582622
0.57111
0.504009
0.42522
0.497642
0.230257
0.706567
0.510666
0.462266
0.787522
0.497575
0.82886
1.61842
0.288738
0.517724
0.420475
0.352223
0.352223
0.5

0.5
0.454852
0.509967
0.501535
0.550317
0.489903
0.411843
0.494376
0.506152
0.315103
0.470698
0.464366
0.805288
0.769248
0.832509
1.66108
0.113842
0.52221
0.409975
0.342267
0.342267
0.5

0.5
0.464406
0.502748
0.582754
0.571859
0.429393
0.481615
0.509529
0.478404
0.377136
0.468763
0.624196
0.566173
0.73033
0.849079
0.728381
1.51457
0.695109
0.416351
0.336695
0.336695
0.5

0.5
0.470642
0.500306
0.578338
0.603791
0.404315
0.4542
0.472959
0.512367
0.405524
0.467673
0.600926
0.50811
0.705093
0.826603
0.535289
1.36699
0.692357
0.403058
0.326555
0.326555
0.5

0.5
0.476721
0.539114
0.487387
0.614015
0.386285
0.442475
0.487506
0.473642
0.458028
0.472639
0.448743
-0.505719
0.683808
0.876165
0.604289
1.32719
0.693776
0.396698
0.313396
0.313396
0.5

0.5
0.481031
0.531554
0.535282
0.64802
0.366362
0.431302
0.508026
0.441694
0.428462
0.465163
0.476943
0.773268
0.731461
0.845494
0.647879
1.37566
0.811251
0.172463
0.283074
0.283074
0

0.5
0.483626
0.524806
0.530928
0.675257
0.346136
0.420969
0.514749
0.405021
0.439471
0.462182
0.480291
0.685782
0.749712
0.906608
0.748474
1.46377
0.813091
0.126103
0.266376
0.266376
0.5

0.5
0.485181
0.518967
0.525326
0.707598
0.323376
0.414969
0.368407
0.593452
0.462883
0.459927
0.479093
0.647102
0.744529
1.66108
0.834527
1.59456
0.802334
0.0438391
0.252494
0.252494
0.5

0.5
0.486094
0.513899
0.520578
0.734381
0.386285
0.424852
0.384128
0.546846
0.466923
0.456159
0.473587
0.608866
0.79948
0.404125
0.629503
1.73721
0.802814
0.0554187
0.111579
0.111579
0.5

0.5
0.486648
0.508948
0.530621
0.285406
0.755561
0.442475
0.401037
0.529472
0.468948
0.452408
0.463933
0.569512
0.798171
0.884963
0.59863
2.08011
0.676275
-0.07574
0.105727
0.105727
0.5

0.5
0.487039
0.505269
0.513825
0.324101
0.598385
0.531093
0.428085
0.522338
0.469266
0.473587
0.450929
0.497575
0.863206
0.853398
0.489577
2.59286
0.589966
-0.229349
0.099343
0.099343
0.5

0.5
0.487858
0.501319
0.504221
0.394772
0.541387
0.506934
0.438544
0.516719
0.466557
0.442215
0.436235
0.470881
0.862651
0.619038
0.617168
2.98803
0.606011
-0.380517
0.101085
0.101085
0.5

0.5
0.492764
0.493998
0.501535
0.446678
0.504662
0.493501
0.483185
0.459974
0.458028
0.465163
0.419627
0.426122
0.758207
-0.785999
1.14768
4.10816
0.595502
-0.559228
0.117313
0.117313
0.5

0.5
0.491309
0.493296
0.50106
0.494869
0.468566
0.48023
0.481625
0.466825
0.454534
0.425869
0.399306
0.370418
0.0670493
0.424663
0.451888
5.28405
0.686966
-0.878739
0.165148
0.165148
0.5

0.5
0.485297
0.487387
0.496899
0.532344
0.421307
0.461344
0.470883
0.463028
0.445783
0.417398
0.37928
0.32207
0.23425
0.28816
0.404125
-0.529786
-0.002691
0.396698
0.261649
0.261649
0.5

0.5
0.5
0.5
0.5
0.5
0.5
0.5
0.5
0.5
0.5
0.5
0.5
0.5
0.5
0.5
0.5
0.5
0.5
0.5
0.5
0.5
0.5


0.5
-0.465443
-0.520284
-0.582622
-0.57111
-0.504009
-0.42522
-0.497642
-0.230257
-0.706567
-0.510666
-0.462266
-0.787522
-0.497575
-0.82886
-1.61842
-0.288738
-0.517724
-0.420475
-0.352223
-0.352223
0.5

0.5
0.465443
0.520284
0.582622
0.57111
0.504009
0.42522
0.497642
0.230257
0.706567
0.510666
0.462266
0.787522
0.497575
0.82886
1.61842
0.288738
0.517724
0.420475
0.352223
0.352223
0.5

0.5
0.454852
0.509967
0.501535
0.550317
0.489903
0.411843
0.494376
0.506152
0.315103
0.470698
0.464366
0.805288
0.769248
0.832509
1.66108
0.113842
0.52221
0.409975
0.342267
0.342267
0.5

0.5
0.464406
0.502748
0.582754
0.571859
0.429393
0.481615
0.509529
0.478404
0.377136
0.468763
0.624196
0.566173
0.73033
0.849079
0.728381
1.51457
0.695109
0.416351
0.336695
0.336695
0.5

0.5
0.470642
0.500306
0.578338
0.603791
0.404315
0.4542
0.472959
0.512367
0.405524
0.467673
0.600926
0.50811
0.705093
0.826603
0.535289
1.36699
0.692357
0.403058
0.326555
0.326555
0.5

0.5
0.476721
0.539114
0.487387
0.614015
0.386285
0.442475
0.487506
0.473642
0.458028
0.472639
0.448743
-0.505719
0.683808
0.876165
0.604289
1.32719
0.693776
0.396698
0.313396
0.313396
0.5

0.5
0.481031
0.531554
0.535282
0.64802
0.366362
0.431302
0.508026
0.441694
0.428462
0.465163
0.476943
0.773268
0.731461
0.845494
0.647879
1.37566
0.811251
0.172463
0.283074
0.283074
0.0717698

0.5
0.483626
0.524806
0.530928
0.675257
0.346136
0.420969
0.514749
0.405021
0.439471
0.462182
0.480291
0.685782
0.749712
0.906608
0.748474
1.46377
0.813091
0.126103
0.266376
0.266376
0.5

0.5
0.485181
0.518967
0.525326
0.707598
0.323376
0.414969
0.368407
0.593452
0.462883
0.459927
0.479093
0.647102
0.744529
1.66108
0.834527
1.59456
0.802334
0.0438391
0.252494
0.252494
0.5

0.5
0.486094
0.513899
0.520578
0.734381
0.386285
0.424852
0.384128
0.546846
0.466923
0.456159
0.473587
0.608866
0.79948
0.404125
0.629503
1.73721
0.802814
0.0554187
0.111579
0.111579
0.5

0.5
0.486648
0.508948
0.530621
0.285406
0.755561
0.442475
0.401037
0.529472
0.468948
0.452408
0.463933
0.569512
0.798171
0.884963
0.59863
2.08011
0.676275
-0.07574
0.105727
0.105727
0.5

0.5
0.487039
0.505269
0.513825
0.324101
0.598385
0.531093
0.428085
0.522338
0.469266
0.473587
0.450929
0.497575
0.863206
0.853398
0.489577
2.59286
0.589966
-0.229349
0.099343
0.099343
0.5

0.5
0.487858
0.501319
0.504221
0.394772
0.541387
0.506934
0.438544
0.516719
0.466557
0.442215
0.436235
0.470881
0.862651
0.619038
0.617168
2.98803
0.606011
-0.380517
0.101085
0.101085
0.5

0.5
0.492764
0.493998
0.501535
0.446678
0.504662
0.493501
0.483185
0.459974
0.458028
0.465163
0.419627
0.426122
0.758207
-0.785999
1.14768
4.10816
0.595502
-0.559228
0.117313
0.117313
0.5

0.5
0.491309
0.493296
0.50106
0.494869
0.468566
0.48023
0.481625
0.466825
0.454534
0.425869
0.399306
0.370418
0.0670493
0.424663
0.451888
5.28405
0.686966
-0.878739
0.165148
0.165148
0.5

0.5
0.485297
0.487387
0.496899
0.532344
0.421307
0.461344
0.470883
0.463028
0.445783
0.417398
0.37928
0.32207
0.23425
0.28816
0.404125
-0.529786
-0.002691
0.396698
0.261649
0.261649
0.5

0.5
0.485297
0.487387
0.496899
0.532344
0.421307
0.461344
0.470883
0.463028
0.445783
0.417398
0.37928
0.32207
0.23425
0.28816
0.404125
-0.387986
0.261649
0.396698
0.261649
0.261649
0.5


0.5
-0.419681
-0.57624
-0.56802
-0.564537
-0.504003
-0.456531
-0.480056
-0.514152
-0.372166
-0.48769
-0.482501
-0.732697
-0.790559
-0.844227
-1.09551
-0.72836
-0.718786
-0.470265
-0.390708
-0.390708
0.5

0.5
0.419681
0.57624
0.56802
0.564537
0.504003
0.456531
0.480056
0.514152
0.372166
0.48769
0.482501
0.732697
0.790559
0.844227
1.09551
0.72836
0.718786
0.470265
0.390708
0.390708
0.5

0.5
0.374868
0.636775
0.571997
0.543604
0.506729
0.45888
0.473336
0.503706
0.403218
0.479561
0.492666
0.706899
0.752461
0.828936
1.09735
0.796437
0.677301
0.454689
0.379953
0.379953
0.5

0.5
0.42903
0.553228
0.560778
0.54841
0.475554
0.467358
0.486678
0.493369
0.411007
0.476967
0.539453
0.666024
0.738373
0.834525
0.669433
1.26773
0.702805
0.444303
0.373593
0.373593
0.5

0.5
0.459829
0.527735
0.55459
0.555596
0.463074
0.465324
0.483213
0.48986
0.423878
0.475566
0.543547
0.639563
0.730714
0.844556
0.617957
1.18829
0.721235
0.424943
0.363156
0.363156
0.5

0.5
0.474221
0.526521
0.546857
0.572556
0.444487
0.458861
0.484479
0.481004
0.433307
0.474893
0.49197
0.621709
0.709481
0.847163
0.547413
1.20065
0.743653
0.382495
0.347816
0.347816
0.5

0.5
0.481311
0.525217
0.533486
0.57973
0.433969
0.453658
0.486495
0.471948
0.444424
0.472429
0.493581
0.687051
0.720026
0.853006
0.668152
1.26789
0.782566
0.326083
0.328603
0.328603
0.5

0.5
0.485194
0.521187
0.529597
0.579871
0.431019
0.451173
0.478019
0.475339
0.453106
0.469767
0.493243
0.65442
0.728952
0.75465
0.750126
1.35227
0.809134
0.261573
0.304543
0.304543
0.5

0.5
0.487468
0.516836
0.525358
0.572447
0.434338
0.453827
0.435015
0.50935
0.462552
0.466981
0.488977
0.621454
0.73765
0.694392
0.770991
1.45548
0.831691
0.204326
0.273639
0.273639
0.5

0.5
0.488934
0.51265
0.521234
0.504628
0.497544
0.472226
0.427277
0.516902
0.468284
0.463487
0.481711
0.582907
0.737396
0.783286
0.782435
1.60205
0.868808
0.159325
0.230614
0.230614
0.5

0.5
0.490129
0.508519
0.518913
0.280558
0.729895
0.529708
0.438439
0.511764
0.470246
0.459027
0.471615
0.530051
0.751678
0.717908
0.737335
1.8499
0.993243
0.0932149
0.199099
0.199099
0.5

0.5
0.491614
0.504377
0.510611
0.37906
0.552263
0.51038
0.445782
0.504896
0.469869
0.453207
0.459205
0.455469
0.797001
0.612706
0.669378
2.07716
0.856333
-0.0175145
0.182398
0.182398
0.5

0.5
0.494365
0.49884
0.505145
0.423897
0.524829
0.500316
0.454917
0.496091
0.467569
0.448007
0.44456
0.450791
0.683122
0.24397
0.708938
2.50022
0.79132
-0.138671
0.174658
0.174658
0.5

0.5
0.499376
0.489455
0.503782
0.460517
0.499705
0.490501
0.471408
0.480901
0.46352
0.441029
0.428536
0.425002
0.529945
-0.266718
1.00274
3.19103
0.766445
-0.266147
0.175883
0.175883
0.5

0.5
0.497214
0.493705
0.502755
0.495139
0.47439
0.48012
0.477116
0.472953
0.459075
0.435932
0.411271
0.380496
0.217239
0.349789
0.361549
4.15046
0.776512
-0.346373
0.186385
0.186385
0.5

0.5
0.489299
0.490572
0.497765
0.518894
0.44235
0.464013
0.470737
0.464688
0.450107
0.425813
0.392678
0.341965
0.2739
0.281513
0.252995
3.73733
0.757194
-0.790589
0.204571
0.204571
0.5

0.5
0.489299
0.490572
0.497765
0.518894
0.44235
0.464013
0.470737
0.464688
0.450107
0.425813
0.392678
0.341965
0.2739
0.281513
0.252995
3.73733
0.757194
-0.790589
0.204571
0.204571
0.5


0.5
-0.436782
-0.562695
-0.551496
-0.546646
-0.473169
-0.461702
-0.484791
-0.503939
-0.43992
-0.493765
-0.500612
-0.703649
-0.748352
-0.816178
-0.917731
-0.845088
-0.702898
-0.493626
-0.422339
-0.422339
0.5

0.5
0.436782
0.562695
0.551496
0.546646
0.473169
0.461702
0.484791
0.503939
0.43992
0.493765
0.500612
0.703649
0.748352
0.816178
0.917731
0.845088
0.702898
0.493626
0.422339
0.422339
0.5

0.5
0.421983
0.561688
0.543465
0.515973
0.506333
0.463184
0.479854
0.493766
0.43088
0.484318
0.509458
0.676789
0.731956
0.80255
0.894151
0.84655
0.693331
0.479959
0.411431
0.411431
0.5

0.5
0.443524
0.544016
0.542743
0.524142
0.501766
0.469289
0.482062
0.490128
0.435141
0.483389
0.52566
0.661011
0.723827
0.800629
0.728202
1.03406
0.708133
0.469383
0.4055
0.4055
0.5

0.5
0.462278
0.529773
0.539386
0.529755
0.487813
0.47025
0.482527
0.48685
0.441899
0.482357
0.529193
0.653888
0.716073
0.79729
0.701097
1.08792
0.729759
0.450958
0.395866
0.395866
0.5

0.5
0.474423
0.523174
0.533598
0.536248
0.475354
0.468121
0.481712
0.483214
0.449035
0.481216
0.511201
0.66138
0.712305
0.788875
0.724646
1.1243
0.752045
0.4213
0.382414
0.382414
0.5

0.5
0.481646
0.519984
0.528722
0.538411
0.468194
0.465928
0.479552
0.480746
0.455477
0.479218
0.507183
0.649863
0.705739
0.788543
0.726967
1.17488
0.773478
0.383418
0.365406
0.365406
0.5

0.5
0.485945
0.516971
0.524524
0.534331
0.466589
0.46549
0.472863
0.483259
0.461462
0.476858
0.503835
0.630625
0.703333
0.755996
0.764616
1.24777
0.797058
0.339958
0.344422
0.344422
0.5

0.5
0.488601
0.513821
0.520206
0.521413
0.47242
0.468521
0.45903
0.493881
0.466985
0.47412
0.498225
0.604814
0.700364
0.728136
0.793524
1.34088
0.820714
0.294066
0.319646
0.319646
0.5

0.5
0.49039
0.510677
0.515472
0.469837
0.513865
0.479707
0.451847
0.499954
0.470829
0.470782
0.490314
0.573259
0.69391
0.701558
0.804765
1.45837
0.843718
0.243594
0.292689
0.292689
0.5

0.5
0.491823
0.507576
0.511704
0.32439
0.646324
0.505365
0.454207
0.499333
0.472362
0.466702
0.48022
0.534081
0.683244
0.672131
0.794547
1.61521
0.837203
0.177645
0.268202
0.268202
0.5

0.5
0.493288
0.504576
0.50695
0.402304
0.548816
0.502228
0.458791
0.495554
0.471994
0.461948
0.468293
0.487292
0.665275
0.590846
0.75512
1.87642
0.831006
0.107765
0.251022
0.251022
0.5

0.5
0.495097
0.501604
0.503906
0.439586
0.519258
0.495671
0.464436
0.489895
0.470142
0.456705
0.454989
0.463223
0.602716
0.371876
0.730819
2.23833
0.838607
0.0309548
0.240248
0.240248
0.5

0.5
0.497232
0.498926
0.502927
0.468645
0.497988
0.488402
0.471359
0.482513
0.467204
0.451152
0.440553
0.434687
0.493958
0.0433129
0.764003
2.78482
0.873851
-0.0449595
0.235247
0.235247
0.5

0.5
0.497913
0.497438
0.50286
0.494292
0.478829
0.480333
0.47566
0.476255
0.463445
0.445097
0.425127
0.398357
0.328711
0.283656
0.206772
3.49462
0.969609
-0.116786
0.235563
0.235563
0.5

0.5
0.492018
0.492543
0.497701
0.509147
0.454355
0.466394
0.470852
0.466482
0.4546
0.434926
0.407925
0.366277
0.312325
0.289158
-0.0429793
4.12931
1.08516
-0.146279
0.236673
0.236673
0.5

0.5
0.492018
0.492543
0.497701
0.509147
0.454355
0.466394
0.470852
0.466482
0.4546
0.434926
0.407925
0.366277
0.312325
0.289158
-0.0429793
4.12931
1.08516
-0.146279
0.236673
0.236673
0.5


0.5
-0.457086
-0.546305
-0.5373
-0.451951
-0.328942
-0.447901
-0.485936
-0.498886
-0.458151
-0.499249
-0.525791
-0.671126
-0.726292
-0.789551
-0.846849
-0.873205
-0.716845
-0.521164
-0.45549
-0.45549
0.5

0.5
0.457086
0.546305
0.5373
0.451951
0.328942
0.447901
0.485936
0.498886
0.458151
0.499249
0.525791
0.671126
0.726292
0.789551
0.846849
0.873205
0.716845
0.521164
0.45549
0.45549
0.5

0.5
0.451109
0.537791
0.528783
0.440029
0.495606
0.466145
0.480664
0.489985
0.450784
0.490415
0.522416
0.654811
0.712625
0.776128
0.828375
0.87442
0.706352
0.507531
0.444438
0.444438
0.5

0.5
0.459456
0.531632
0.528605
0.485382
0.527406
0.4745
0.481993
0.48842
0.45314
0.489888
0.528268
0.646852
0.707699
0.772664
0.782319
0.938081
0.715401
0.498684
0.439334
0.439334
0.5

0.5
0.469417
0.524539
0.527765
0.504819
0.511402
0.476131
0.482249
0.486588
0.456827
0.48905
0.52949
0.640168
0.70183
0.767521
0.751123
0.996592
0.731406
0.484157
0.431153
0.431153
0.5

0.5
0.477586
0.519489
0.52555
0.51407
0.495825
0.475428
0.481308
0.484986
0.461072
0.487838
0.52332
0.636265
0.696143
0.760715
0.748799
1.04148
0.749357
0.463376
0.419977
0.419977
0.5

0.5
0.483372
0.516307
0.52258
0.516326
0.487892
0.474447
0.479103
0.484278
0.465238
0.486101
0.517705
0.627912
0.68964
0.752524
0.757416
1.09162
0.767888
0.437297
0.405981
0.405981
0.5

0.5
0.487261
0.513818
0.519386
0.512874
0.485727
0.474451
0.475057
0.48559
0.469056
0.483907
0.512684
0.613233
0.682665
0.733927
0.775553
1.15613
0.787869
0.406199
0.389264
0.389264
0.5

0.5
0.489883
0.511496
0.515829
0.501872
0.490216
0.476569
0.469285
0.489217
0.472321
0.481254
0.506464
0.593204
0.673987
0.709705
0.794634
1.2399
0.808244
0.371013
0.370512
0.370512
0.5

0.5
0.491758
0.509239
0.511882
0.472767
0.510308
0.482422
0.465299
0.492102
0.474581
0.478058
0.498584
0.568441
0.661411
0.683058
0.805516
1.35012
0.826578
0.331109
0.351117
0.351117
0.5

0.5
0.493268
0.507065
0.50828
0.411202
0.559458
0.492826
0.465255
0.492261
0.475444
0.474252
0.489037
0.53916
0.642743
0.646546
0.801871
1.49809
0.840615
0.286428
0.332876
0.332876
0.5

0.5
0.494705
0.505045
0.505333
0.430919
0.535263
0.494997
0.467408
0.490237
0.474964
0.469873
0.478044
0.506937
0.613777
0.579685
0.774236
1.69042
0.863055
0.239436
0.317994
0.317994
0.5

0.5
0.49626
0.503229
0.503596
0.454825
0.513728
0.491812
0.470437
0.486799
0.473394
0.465044
0.465959
0.478842
0.562582
0.445028
0.711925
1.97782
0.898084
0.191533
0.307054
0.307054
0.5

0.5
0.497969
0.501719
0.503136
0.475674
0.497199
0.486837
0.473859
0.482527
0.471033
0.459897
0.453003
0.450102
0.485621
0.255612
0.587225
2.41958
0.961848
0.146222
0.29986
0.29986
0.5

0.5
0.499206
0.500487
0.503137
0.49412
0.4826
0.480742
0.476244
0.477972
0.467805
0.454204
0.439258
0.418752
0.38999
0.296744
0.148574
3.0084
1.06563
0.105633
0.295553
0.295553
0.5

0.5
0.494446
0.494506
0.497807
0.502867
0.462955
0.468568
0.471258
0.46838
0.459193
0.444103
0.423265
0.390766
0.349232
0.306093
-0.16743
3.58642
1.18613
0.0506945
0.288829
0.288829
0.5

0.5
0.494446
0.494506
0.497807
0.502867
0.462955
0.468568
0.471258
0.46838
0.459193
0.444103
0.423265
0.390766
0.349232
0.306093
-0.16743
3.58642
1.18613
0.0506945
0.288829
0.288829
0.5


0.5
-0.471953
-0.533852
-0.529368
-0.112521
-0.048832
-0.423404
-0.485264
-0.497424
-0.473369
-0.505845
-0.539727
-0.65038
-0.707593
-0.765483
-0.810271
-0.863813
-0.722182
-0.548754
-0.489407
-0.489407
0.5

0.5
0.471953
0.533852
0.529368
0.112521
0.048832
0.423404
0.485264
0.497424
0.473369
0.505845
0.539727
0.65038
0.707593
0.765483
0.810271
0.863813
0.722182
0.548754
0.489407
0.489407
0.5

0.5
0.466469
0.524882
0.518221
0.288278
0.35258
0.458278
0.481631
0.489023
0.465573
0.496999
0.532089
0.63752
0.695089
0.752506
0.795504
0.859957
0.711644
0.535648
0.478309
0.478309
0.5

0.5
0.470935
0.522214
0.518628
0.416403
0.535534
0.48018
0.483264
0.48834
0.466929
0.496555
0.533781
0.632789
0.691678
0.749393
0.781946
0.88994
0.718413
0.529067
0.474233
0.474233
0.5

0.5
0.476494
0.518696
0.519113
0.46837
0.541659
0.482759
0.483259
0.487398
0.468973
0.495769
0.533518
0.627271
0.686872
0.744465
0.767014
0.92985
0.729985
0.518552
0.467752
0.467752
0.5

0.5
0.481711
0.515592
0.518491
0.492089
0.515269
0.48158
0.482383
0.486601
0.471407
0.494589
0.530204
0.621406
0.681159
0.737906
0.762365
0.970502
0.74437
0.504114
0.459017
0.459017
0.5

0.5
0.485921
0.513248
0.517017
0.501683
0.500891
0.480498
0.480713
0.486278
0.473869
0.492956
0.525482
0.613308
0.674219
0.729015
0.766273
1.01557
0.76033
0.48597
0.448213
0.448213
0.5

0.5
0.489087
0.511395
0.514977
0.502164
0.495655
0.480233
0.47825
0.486762
0.476103
0.490871
0.520236
0.601411
0.665695
0.714986
0.775969
1.07096
0.777847
0.464311
0.43563
0.43563
0.5

0.5
0.491432
0.509765
0.512483
0.495948
0.496781
0.481283
0.475334
0.487993
0.4779
0.488327
0.514043
0.585593
0.65475
0.695494
0.787086
1.14145
0.796681
0.439527
0.421859
0.421859
0.5

0.5
0.493237
0.508248
0.509678
0.481761
0.505064
0.484107
0.473106
0.489041
0.479021
0.48529
0.506607
0.566124
0.639917
0.670645
0.793889
1.23186
0.816725
0.412036
0.407786
0.407786
0.5

0.5
0.494764
0.506847
0.50701
0.459842
0.520336
0.488347
0.472529
0.488974
0.479256
0.481738
0.497885
0.543417
0.619279
0.636324
0.790564
1.34786
0.839919
0.382876
0.394423
0.394423
0.5

0.5
0.496222
0.505602
0.505022
0.458947
0.517436
0.49025
0.473293
0.487687
0.478586
0.477707
0.488019
0.518465
0.589988
0.582282
0.767565
1.50035
0.87194
0.353453
0.382826
0.382826
0.5

0.5
0.497772
0.504558
0.503947
0.46957
0.506714
0.488875
0.47472
0.485469
0.47714
0.473286
0.477245
0.493276
0.547575
0.493749
0.704274
1.72
0.916989
0.324965
0.373527
0.373527
0.5

0.5
0.499515
0.50376
0.503759
0.482458
0.49576
0.485673
0.476388
0.48268
0.475101
0.468569
0.465775
0.467261
0.490632
0.379808
0.555104
2.04925
0.982231
0.298459
0.366493
0.366493
0.5

0.5
0.501043
0.50285
0.503743
0.494848
0.485175
0.48118
0.477438
0.479284
0.472245
0.463277
0.453622
0.440222
0.426231
0.347301
0.233102
2.48964
1.07342
0.273888
0.360899
0.360899
0.5

0.5
0.496813
0.496536
0.498163
0.498922
0.469094
0.470419
0.471833
0.470259
0.463847
0.453338
0.438728
0.415369
0.385156
0.338172
-0.0498399
2.91677
1.16773
0.241147
0.351187
0.351187
0.5

0.5
0.496813
0.496536
0.498163
0.498922
0.469094
0.470419
0.471833
0.470259
0.463847
0.453338
0.438728
0.415369
0.385156
0.338172
-0.0498399
2.91677
1.16773
0.241147
0.351187
0.351187
0.5


0.5
-0.482254
-0.525738
-0.518048
-0.509465
-0.586415
-0.490302
-0.493065
-0.498383
-0.485378
-0.512618
-0.548285
-0.635651
-0.691373
-0.744262
-0.785347
-0.840883
-0.723283
-0.576235
-0.523793
-0.523793
0.5

0.5
0.482254
0.525738
0.518048
0.509465
0.586415
0.490302
0.493065
0.498383
0.485378
0.512618
0.548285
0.635651
0.691373
0.744262
0.785347
0.840883
0.723283
0.576235
0.523793
0.523793
0.5

0.5
0.476305
0.516963
0.510767
0.486963
0.555471
0.481727
0.484752
0.489788
0.477217
0.50367
0.539249
0.624058
0.67943
0.731721
0.772524
0.834138
0.71257
0.563666
0.512688
0.512688
0.5

0.5
0.479089
0.515672
0.512348
0.477963
0.542017
0.484236
0.484978
0.489397
0.477942
0.503213
0.539272
0.620871
0.676843
0.729247
0.768483
0.851618
0.717759
0.559165
0.509693
0.509693
0.5

0.5
0.482453
0.513915
0.513226
0.482198
0.528441
0.48555
0.484822
0.488858
0.47901
0.502423
0.538235
0.616395
0.672823
0.72509
0.762888
0.877857
0.726418
0.552089
0.50497
0.50497
0.5

0.5
0.485829
0.512183
0.5133
0.490535
0.514998
0.48528
0.48412
0.488357
0.480287
0.501267
0.535619
0.610797
0.667547
0.71929
0.7604
0.909306
0.737811
0.54254
0.49867
0.49867
0.5

0.5
0.488814
0.51073
0.512698
0.496325
0.505069
0.484518
0.482906
0.48805
0.481574
0.499702
0.531692
0.603486
0.660829
0.711317
0.762313
0.946038
0.751275
0.530638
0.490974
0.490974
0.5

0.5
0.491281
0.509546
0.511572
0.497756
0.499792
0.484047
0.481293
0.48804
0.482688
0.497716
0.526871
0.593677
0.652268
0.699921
0.7675
0.990663
0.766702
0.516591
0.482166
0.482166
0.5

0.5
0.49328
0.508537
0.510045
0.495028
0.498665
0.484283
0.479537
0.48826
0.483476
0.495302
0.521148
0.581067
0.641201
0.684127
0.773459
1.0463
0.784313
0.500768
0.472675
0.472675
0.5

0.5
0.494955
0.507656
0.508291
0.488529
0.501157
0.48538
0.478101
0.488373
0.483791
0.49245
0.514427
0.5657
0.626617
0.66296
0.776517
1.11629
0.804878
0.483768
0.463058
0.463058
0.5

0.5
0.496463
0.506892
0.506598
0.480062
0.505665
0.486992
0.477399
0.487977
0.483522
0.489163
0.506698
0.547838
0.607174
0.633726
0.771967
1.20518
0.83026
0.466464
0.453917
0.453917
0.5

0.5
0.497955
0.506266
0.505334
0.477377
0.505544
0.487818
0.477416
0.486928
0.482646
0.485478
0.498056
0.528002
0.581158
0.591205
0.751994
1.32201
0.863206
0.449683
0.445803
0.445803
0.5

0.5
0.499583
0.505817
0.504715
0.481369
0.500664
0.487015
0.477876
0.485308
0.481227
0.48146
0.488665
0.506935
0.546679
0.529491
0.700177
1.48534
0.906537
0.434065
0.439033
0.439033
0.5

0.5
0.501451
0.505539
0.504701
0.488521
0.49408
0.484905
0.478516
0.483288
0.479371
0.477179
0.478703
0.484825
0.503512
0.454057
0.583426
1.72086
0.963788
0.419855
0.433583
0.433583
0.5

0.5
0.503209
0.504975
0.504651
0.496191
0.486796
0.481584
0.478661
0.48061
0.476768
0.472322
0.468114
0.462034
0.456408
0.405232
0.36612
2.03213
1.03676
0.406458
0.428688
0.428688
0.5

0.5
0.499248
0.498647
0.498816
0.496625
0.473489
0.471892
0.472437
0.472072
0.468512
0.462583
0.454257
0.439999
0.420715
0.382507
0.159583
2.33314
1.10691
0.384894
0.418429
0.418429
0.5

0.5
0.499248
0.498647
0.498816
0.496625
0.473489
0.471892
0.472437
0.472072
0.468512
0.462583
0.454257
0.439999
0.420715
0.382507
0.159583
2.33314
1.10691
0.384894
0.418429
0.418429
0.5


0.5
-0.489675
-0.520162
-0.5166
-0.497319
-0.535032
-0.493732
-0.495482
-0.500018
-0.495209
-0.519267
-0.55428
-0.624513
-0.677072
-0.725423
-0.76429
-0.812491
-0.721376
-0.603167
-0.558285
-0.558285
0.5

0.5
0.489675
0.520162
0.5166
0.497319
0.535032
0.493732
0.495482
0.500018
0.495209
0.519267
0.55428
0.624513
0.677072
0.725423
0.76429
0.812491
0.721376
0.603167
0.558285
0.558285
0.5

0.5
0.483319
0.51172
0.50852
0.488992
0.52601
0.485932
0.487095
0.49145
0.486784
0.510215
0.544757
0.613497
0.665495
0.713276
0.752338
0.804035
0.710502
0.591031
0.547177
0.547177
0.5

0.5
0.485231
0.511159
0.509077
0.488435
0.523126
0.487153
0.487043
0.491176
0.487096
0.509734
0.544163
0.61119
0.663476
0.711423
0.751447
0.815102
0.714448
0.588324
0.545257
0.545257
0.5

0.5
0.487432
0.510349
0.509569
0.490026
0.5173
0.487843
0.486752
0.490772
0.487539
0.508933
0.542824
0.607634
0.660166
0.708163
0.749833
0.832353
0.720972
0.58412
0.542256
0.542256
0.5

0.5
0.489705
0.509508
0.509771
0.49321
0.510344
0.487716
0.486131
0.490339
0.488057
0.507799
0.540493
0.602895
0.655607
0.703448
0.749168
0.854717
0.729835
0.578537
0.538299
0.538299
0.5

0.5
0.491847
0.508776
0.509613
0.495981
0.504327
0.487143
0.485184
0.489943
0.488536
0.506299
0.537158
0.596742
0.649638
0.69691
0.750393
0.881994
0.740782
0.571705
0.533532
0.533532
0.5

0.5
0.493758
0.508191
0.509115
0.497022
0.500337
0.486572
0.483998
0.48962
0.488864
0.50442
0.532956
0.588805
0.641932
0.687828
0.753167
0.915281
0.753825
0.563838
0.528169
0.528169
0.5

0.5
0.495447
0.507741
0.508352
0.495994
0.498542
0.486303
0.482735
0.489331
0.488942
0.502158
0.527938
0.578855
0.631995
0.675345
0.756084
0.956412
0.769296
0.555263
0.522492
0.522492
0.5

0.5
0.49698
0.507405
0.507439
0.493181
0.498591
0.486425
0.481613
0.488942
0.488683
0.499518
0.5221
0.566854
0.619129
0.658393
0.756761
1.00779
0.787948
0.546461
0.516841
0.516841
0.5

0.5
0.498455
0.507178
0.506553
0.489706
0.499485
0.486752
0.480824
0.488282
0.488028
0.496514
0.515461
0.552925
0.602456
0.635145
0.751737
1.07304
0.811005
0.537985
0.511559
0.511559
0.5

0.5
0.499994
0.507082
0.505926
0.488111
0.499106
0.486769
0.480403
0.487265
0.486962
0.493179
0.508096
0.537332
0.580979
0.602813
0.735255
1.15867
0.840004
0.5303
0.506927
0.506927
0.5

0.5
0.501715
0.507128
0.505702
0.489642
0.496589
0.486016
0.480249
0.485907
0.48552
0.489563
0.500122
0.520431
0.553847
0.558852
0.696433
1.27577
0.87663
0.523679
0.503101
0.503101
0.5

0.5
0.503721
0.507294
0.505863
0.493415
0.492712
0.484475
0.48022
0.484283
0.483768
0.485727
0.491687
0.50251
0.52122
0.50605
0.616041
1.43877
0.922614
0.518098
0.500022
0.500022
0.5

0.5
0.505672
0.507081
0.505819
0.497778
0.487838
0.481919
0.479723
0.482022
0.48133
0.481315
0.482644
0.483918
0.485982
0.460744
0.478524
1.65009
0.977807
0.512732
0.496949
0.496949
0.5

0.5
0.501872
0.500862
0.499772
0.495475
0.476622
0.472971
0.472972
0.473797
0.473148
0.471792
0.46979
0.464585
0.456265
0.433115
0.343197
1.85375
1.027
0.499351
0.487519
0.487519
0.5

0.5
0.501872
0.500862
0.499772
0.495475
0.476622
0.472971
0.472972
0.473797
0.473148
0.471792
0.46979
0.464585
0.456265
0.433115
0.343197
1.85375
1.027
0.499351
0.487519
0.487519
0.5


0.5
-0.495491
-0.516378
-0.514748
-0.50263
-0.522593
-0.497613
-0.497895
-0.50218
-0.503575
-0.525669
-0.558961
-0.615627
-0.664294
-0.708411
-0.744523
-0.78223
-0.717719
-0.629361
-0.592509
-0.592509
0.5

0.5
0.495491
0.516378
0.514748
0.50263
0.522593
0.497613
0.497895
0.50218
0.503575
0.525669
0.558961
0.615627
0.664294
0.708411
0.744523
0.78223
0.717719
0.629361
0.592509
0.592509
0.5

0.5
0.488863
0.50815
0.506573
0.494421
0.513491
0.489368
0.489412
0.493591
0.494944
0.516524
0.54926
0.604969
0.653019
0.696623
0.732961
0.772606
0.706691
0.617568
0.581402
0.581402
0.5

0.5
0.490281
0.508003
0.506837
0.494409
0.51171
0.489655
0.489206
0.49334
0.494971
0.516031
0.548496
0.603285
0.651488
0.695345
0.733114
0.779366
0.709579
0.6164
0.580526
0.580526
0.5

0.5
0.491823
0.507751
0.507129
0.494952
0.508761
0.489765
0.488814
0.492951
0.494989
0.515232
0.547134
0.600565
0.648893
0.692991
0.732989
0.790026
0.714333
0.614633
0.579179
0.579179
0.5

0.5
0.493427
0.5075
0.507355
0.496137
0.505174
0.489503
0.488204
0.492485
0.494982
0.514129
0.545069
0.596836
0.645226
0.689492
0.733163
0.804381
0.720936
0.612381
0.577448
0.577448
0.5

0.5
0.495007
0.507318
0.507445
0.497335
0.50176
0.488942
0.487374
0.49197
0.494892
0.512703
0.542254
0.59199
0.640354
0.684588
0.734045
0.822399
0.729342
0.609769
0.575426
0.575426
0.5

0.5
0.496516
0.507243
0.507386
0.497926
0.499124
0.488283
0.486375
0.491421
0.494657
0.510944
0.538722
0.585849
0.634041
0.677826
0.735507
0.844616
0.739636
0.60697
0.573239
0.573239
0.5

0.5
0.497956
0.507278
0.5072
0.497625
0.497479
0.487692
0.485299
0.490823
0.494221
0.508855
0.534511
0.578276
0.625944
0.668566
0.736762
0.872092
0.752103
0.604238
0.571052
0.571052
0.5

0.5
0.499364
0.507416
0.50694
0.496534
0.496711
0.487242
0.484258
0.490126
0.493541
0.506447
0.52964
0.569219
0.6156
0.65597
0.736379
0.906504
0.767251
0.601861
0.569038
0.569038
0.5

0.5
0.500817
0.507667
0.506713
0.495183
0.496365
0.486866
0.483355
0.489262
0.492588
0.503737
0.524142
0.558727
0.602464
0.638835
0.732039
0.950477
0.785808
0.600138
0.567357
0.567357
0.5

0.5
0.5024
0.508036
0.506636
0.49452
0.49567
0.486356
0.482624
0.488193
0.491355
0.500752
0.518072
0.546926
0.58596
0.61558
0.719914
1.00832
0.808638
0.599286
0.566133
0.566133
0.5

0.5
0.504215
0.508522
0.506789
0.495224
0.494105
0.485493
0.482038
0.486927
0.489873
0.497543
0.511529
0.534023
0.56569
0.584948
0.693355
1.08662
0.83666
0.599371
0.565405
0.565405
0.5

0.5
0.506357
0.509093
0.507157
0.49717
0.49177
0.484208
0.481525
0.485489
0.488175
0.49415
0.504617
0.520244
0.541854
0.548165
0.641978
1.19325
0.870622
0.600247
0.565078
0.565078
0.5

0.5
0.508477
0.509231
0.507184
0.499372
0.488524
0.482108
0.480539
0.48345
0.485842
0.490184
0.497103
0.505755
0.516036
0.512205
0.558923
1.32895
0.909587
0.600987
0.564399
0.564399
0.5

0.5
0.504791
0.50317
0.500987
0.495086
0.478811
0.473631
0.473341
0.475385
0.477679
0.480882
0.485234
0.489066
0.49186
0.485573
0.474964
1.45624
0.941096
0.59365
0.556503
0.556503
0.5

0.5
0.504791
0.50317
0.500987
0.495086
0.478811
0.473631
0.473341
0.475385
0.477679
0.480882
0.485234
0.489066
0.49186
0.485573
0.474964
1.45624
0.941096
0.59365
0.556503
0.556503
0.5


0.5
-0.500329
-0.513433
-0.512895
-0.506104
-0.512236
-0.499838
-0.499936
-0.504304
-0.510606
-0.531368
-0.562489
-0.607719
-0.65236
-0.692632
-0.725697
-0.753239
-0.714678
-0.655059
-0.625735
-0.625735
0.5

0.5
0.500329
0.513433
0.512895
0.506104
0.512236
0.499838
0.499936
0.504304
0.510606
0.531368
0.562489
0.607719
0.65236
0.692632
0.725697
0.753239
0.714678
0.655059
0.625735
0.625735
0.5

0.5
0.493513
0.505348
0.504717
0.497792
0.503732
0.491435
0.491386
0.495671
0.501803
0.522142
0.552723
0.597349
0.64136
0.681163
0.714284
0.742617
0.70346
0.643533
0.614628
0.614628
0.5

0.5
0.494629
0.50547
0.504891
0.497842
0.502992
0.491354
0.491101
0.4954
0.501617
0.521648
0.551972
0.596179
0.640279
0.680384
0.714653
0.745973
0.705491
0.643724
0.614745
0.614745
0.5

0.5
0.495767
0.505588
0.505113
0.498007
0.501745
0.491123
0.49063
0.494967
0.501318
0.520861
0.550728
0.594228
0.638387
0.678859
0.714886
0.751288
0.708823
0.644087
0.614951
0.614951
0.5

0.5
0.496943
0.505755
0.505372
0.498384
0.500151
0.490683
0.489985
0.494416
0.500919
0.519798
0.548964
0.591515
0.635674
0.676539
0.715153
0.758642
0.713543
0.644716
0.615293
0.615293
0.5

0.5
0.498143
0.506003
0.505642
0.498829
0.498472
0.490036
0.489169
0.493763
0.500397
0.51845
0.546649
0.587989
0.632054
0.673267
0.71558
0.768103
0.719701
0.645689
0.615796
0.615796
0.5

0.5
0.499361
0.50635
0.505902
0.499125
0.496956
0.489248
0.488209
0.493017
0.499729
0.516816
0.543788
0.583574
0.627383
0.668768
0.7161
0.779934
0.727398
0.647127
0.616509
0.616509
0.5

0.5
0.500607
0.506799
0.506149
0.499135
0.495732
0.488402
0.487153
0.492182
0.498896
0.514905
0.540401
0.578198
0.621456
0.662661
0.716389
0.794704
0.736804
0.649145
0.617481
0.617481
0.5

0.5
0.50192
0.507357
0.506404
0.498877
0.494815
0.487557
0.486066
0.491249
0.497883
0.51273
0.536513
0.571829
0.614021
0.654441
0.715774
0.813381
0.748171
0.651846
0.618745
0.618745
0.5

0.5
0.503354
0.508026
0.506705
0.49853
0.494075
0.486718
0.485003
0.490203
0.496681
0.510306
0.53215
0.564475
0.604772
0.643379
0.713052
0.837531
0.761838
0.655332
0.620338
0.620338
0.5

0.5
0.504979
0.508803
0.50709
0.498414
0.493259
0.485821
0.483995
0.489038
0.4953
0.507666
0.527364
0.556201
0.593404
0.62858
0.70615
0.869669
0.778185
0.659626
0.622264
0.622264
0.5

0.5
0.506882
0.509683
0.507592
0.498811
0.492158
0.484795
0.48305
0.487766
0.493764
0.504851
0.522228
0.547122
0.579722
0.609308
0.691479
0.913515
0.797591
0.664653
0.624477
0.624477
0.5

0.5
0.509148
0.510627
0.508185
0.499737
0.490729
0.483587
0.482136
0.486391
0.492084
0.501886
0.516808
0.53738
0.563831
0.585866
0.663497
0.973456
0.820272
0.670208
0.626854
0.626854
0.5

0.5
0.511418
0.511102
0.508327
0.500526
0.488574
0.481727
0.480735
0.48445
0.489812
0.498352
0.510793
0.526915
0.546368
0.560936
0.618575
1.05023
0.845182
0.675332
0.628615
0.628615
0.5

0.5
0.507823
0.505213
0.502039
0.494803
0.479924
0.473517
0.473134
0.476438
0.481633
0.48927
0.499898
0.512869
0.527427
0.538516
0.569983
1.12165
0.862324
0.672113
0.622388
0.622388
0.5

0.5
0.507823
0.505213
0.502039
0.494803
0.479924
0.473517
0.473134
0.476438
0.481633
0.48927
0.499898
0.512869
0.527427
0.538516
0.569983
1.12165
0.862324
0.672113
0.622388
0.622388
0.5


0.5
-0.502479
-0.509366
-0.509653
-0.506512
-0.503319
-0.499894
-0.500028
-0.504399
-0.51394
-0.533098
-0.561542
-0.597633
-0.639578
-0.678395
-0.711227
-0.734225
-0.717639
-0.678699
-0.653021
-0.653021
0.5

0.5
0.502479
0.509366
0.509653
0.506512
0.503319
0.499894
0.500028
0.504399
0.51394
0.533098
0.561542
0.597633
0.639578
0.678395
0.711227
0.734225
0.717639
0.678699
0.653021
0.653021
0.5

0.5
0.49548
0.501322
0.501421
0.498059
0.495123
0.4913
0.491334
0.495631
0.504925
0.523749
0.551704
0.587425
0.628679
0.666974
0.699567
0.722577
0.70604
0.667165
0.641779
0.641779
0.5

0.5
0.496422
0.501649
0.501595
0.498089
0.495044
0.491004
0.490973
0.495298
0.504563
0.523243
0.550999
0.586601
0.627835
0.666372
0.699601
0.723539
0.707686
0.668406
0.64267
0.64267
0.5

0.5
0.497324
0.502046
0.501825
0.498103
0.494794
0.490515
0.490396
0.494759
0.503994
0.52244
0.549863
0.585175
0.626322
0.665157
0.699326
0.725035
0.710342
0.670374
0.644061
0.644061
0.5

0.5
0.498244
0.502534
0.502138
0.498156
0.494376
0.489859
0.489643
0.494053
0.503256
0.521373
0.548316
0.583168
0.62414
0.663308
0.698745
0.727221
0.714126
0.673105
0.645957
0.645957
0.5

0.5
0.499208
0.503115
0.502529
0.498251
0.493774
0.489027
0.488724
0.493194
0.502354
0.520042
0.546348
0.580566
0.621237
0.660725
0.6978
0.730159
0.719122
0.676622
0.648331
0.648331
0.5

0.5
0.500233
0.503786
0.502981
0.498356
0.493
0.488029
0.487657
0.492198
0.501295
0.518457
0.543964
0.577351
0.617548
0.657276
0.696409
0.733905
0.725376
0.68092
0.651149
0.651149
0.5

0.5
0.501348
0.504551
0.503488
0.498439
0.492092
0.486891
0.48647
0.491086
0.50009
0.516631
0.541178
0.573515
0.613007
0.652811
0.694404
0.738525
0.732929
0.685966
0.654359
0.654359
0.5

0.5
0.502588
0.505415
0.504047
0.498491
0.491123
0.485664
0.485202
0.489878
0.498746
0.514578
0.538009
0.569049
0.607531
0.647109
0.691534
0.74417
0.741788
0.691698
0.657896
0.657896
0.5

0.5
0.503998
0.506376
0.504652
0.498524
0.490142
0.484385
0.483886
0.488594
0.497279
0.512324
0.53449
0.563975
0.601038
0.639892
0.687371
0.751051
0.751981
0.698071
0.661707
0.661707
0.5

0.5
0.505639
0.507432
0.505302
0.498591
0.489186
0.483091
0.482559
0.487252
0.495708
0.5099
0.530669
0.558336
0.593463
0.630841
0.681344
0.759553
0.763499
0.704968
0.665711
0.665711
0.5

0.5
0.50759
0.508577
0.505997
0.498756
0.488261
0.4818
0.481246
0.485873
0.494054
0.507342
0.5266
0.552207
0.58479
0.619683
0.672577
0.770209
0.776319
0.712263
0.669821
0.669821
0.5

0.5
0.50993
0.509769
0.506704
0.499023
0.487328
0.480493
0.47994
0.48445
0.492319
0.504666
0.522327
0.545676
0.575107
0.606413
0.659674
0.783636
0.790317
0.719767
0.673904
0.673904
0.5

0.5
0.512287
0.510468
0.506887
0.498856
0.485865
0.478665
0.478138
0.482494
0.490029
0.50143
0.517481
0.538513
0.564458
0.591577
0.640853
0.799629
0.804488
0.726552
0.677164
0.677164
0.5

0.5
0.508706
0.504662
0.500472
0.492095
0.477926
0.47052
0.470136
0.474431
0.481767
0.492484
0.507364
0.526756
0.550152
0.574425
0.617115
0.809947
0.810476
0.724612
0.671808
0.671808
0.5

0.5
0.508706
0.504662
0.500472
0.492095
0.477926
0.47052
0.470136
0.474431
0.481767
0.492484
0.507364
0.526756
0.550152
0.574425
0.617115
0.809947
0.810476
0.724612
0.671808
0.671808
0.5


0.5
0.5
0.5
0.5
0.5
0.5
0.5
0.5
0.5
0.5
0.5
0.5
0.5
0.5
0.5
0.5
0.5
0.5
0.5
0.5
0.5
0.5

0.5
0.502479
0.509366
0.509653
0.506512
0.503319
0.499894
0.500028
0.504399
0.51394
0.533098
0.561542
0.597633
0.639578
0.678395
0.711227
0.734225
0.717639
0.678699
0.653021
0.653021
0.5

0.5
0.49548
0.501322
0.501421
0.498059
0.495123
0.4913
0.491334
0.495631
0.504925
0.523749
0.551704
0.587425
0.628679
0.666974
0.699567
0.722577
0.70604
0.667165
0.641779
0.641779
0.5

0.5
0.496422
0.501649
0.501595
0.498089
0.495044
0.491004
0.490973
0.495298
0.504563
0.523243
0.550999
0.586601
0.627835
0.666372
0.699601
0.723539
0.707686
0.668406
0.64267
0.64267
0.5

0.5
0.497324
0.502046
0.501825
0.498103
0.494794
0.490515
0.490396
0.494759
0.503994
0.52244
0.549863
0.585175
0.626322
0.665157
0.699326
0.725035
0.710342
0.670374
0.644061
0.644061
0.5

0.5
0.498244
0.502534
0.502138
0.498156
0.494376
0.489859
0.489643
0.494053
0.503256
0.521373
0.548316
0.583168
0.62414
0.663308
0.698745
0.727221
0.714126
0.673105
0.645957
0.645957
0.5

0.5
0.499208
0.503115
0.502529
0.498251
0.493774
0.489027
0.488724
0.493194
0.502354
0.520042
0.546348
0.580566
0.621237
0.660725
0.6978
0.730159
0.719122
0.676622
0.648331
0.648331
0.5

0.5
0.500233
0.503786
0.502981
0.498356
0.493
0.488029
0.487657
0.492198
0.501295
0.518457
0.543964
0.577351
0.617548
0.657276
0.696409
0.733905
0.725376
0.68092
0.651149
0.651149
0.5

0.5
0.501348
0.504551
0.503488
0.498439
0.492092
0.486891
0.48647
0.491086
0.50009
0.516631
0.541178
0.573515
0.613007
0.652811
0.694404
0.738525
0.732929
0.685966
0.654359
0.654359
0.5

0.5
0.502588
0.505415
0.504047
0.498491
0.491123
0.485664
0.485202
0.489878
0.498746
0.514578
0.538009
0.569049
0.607531
0.647109
0.691534
0.74417
0.741788
0.691698
0.657896
0.657896
0.5

0.5
0.503998
0.506376
0.504652
0.498524
0.490142
0.484385
0.483886
0.488594
0.497279
0.512324
0.53449
0.563975
0.601038
0.639892
0.687371
0.751051
0.751981
0.698071
0.661707
0.661707
0.5

0.5
0.505639
0.507432
0.505302
0.498591
0.489186
0.483091
0.482559
0.487252
0.495708
0.5099
0.530669
0.558336
0.593463
0.630841
0.681344
0.759553
0.763499
0.704968
0.665711
0.665711
0.5

0.5
0.50759
0.508577
0.505997
0.498756
0.488261
0.4818
0.481246
0.485873
0.494054
0.507342
0.5266
0.552207
0.58479
0.619683
0.672577
0.770209
0.776319
0.712263
0.669821
0.669821
0.5

0.5
0.50993
0.509769
0.506704
0.499023
0.487328
0.480493
0.47994
0.48445
0.492319
0.504666
0.522327
0.545676
0.575107
0.606413
0.659674
0.783636
0.790317
0.719767
0.673904
0.673904
0.5

0.5
0.512287
0.510468
0.506887
0.498856
0.485865
0.478665
0.478138
0.482494
0.490029
0.50143
0.517481
0.538513
0.564458
0.591577
0.640853
0.799629
0.804488
0.726552
0.677164
0.677164
0.5

0.5
0.508706
0.504662
0.500472
0.492095
0.477926
0.47052
0.470136
0.474431
0.481767
0.492484
0.507364
0.526756
0.550152
0.574425
0.617115
0.809947
0.810476
0.724612
0.671808
0.671808
0.5

0.5
0.508503
0.505274
0.501963
0.494765
0.482125
0.475839
0.476112
0.480736
0.488245
0.499096
0.514223
0.534205
0.558845
0.585528
0.63091
0.81635
0.813051
0.726533
0.673868
0.673868
0.5


