0
0
0
0
0
0
0
0
0
0
0
0
0
0
0
0
0
0
0
0
0
0

0
0
0
0
0
0
0
0
0
0
0
0
0
0
0
0
0
0
0
0
0
0

0
0
0
0
0
0
0
0
0
0
0
0
0
0
0
0
0
0
0
0
0
0

0
0
0
0
0
0
0
0
0
0
0
0
0
0
0
0
0
0
0
0
0
0

0
0
0
0
0
0
0
0
0
0
0
0
0
0
0
0
0
0
0
0
0
0

0
0
0
0
0
0
0
0
0
0
0
0
0
0
0
0
0
0
0
0
0
0

0
0
0
0
0
0
0
0
0
0
0
0
0
0
0
0
0
0
0
0
0
0

0
0
0
0
0
0
0
0
0
0
0
0
0
0
0
0
0
0
0
0
0
0

0
0
0
0
0
0
0
0
0
0
0
0
0
0
0
0
0
0
0
0
0
0

0
0
0
0
0
0
0
0
0
0
0
0
0
0
0
0
0
0
0
0
0
0

0
0
0
0
0
0
0
0
0
0
0
0
0
0
0
0
0
0
0
0
0
0

0
0
0
0
0
0
0
0
0
0
0
0
0
0
0
0
0
0
0
0
0
0

0
0
0
0
0
0
0
0
0
0
0
0
0
0
0
0
0
0
0
0
0
0

0
0
0
0
0
0
0
0
0
0
0
0
0
0
0
0
0
0
0
0
0
0

0
0
0
0
0
0
0
0
0
0
0
0
0
0
0
0
0
0
0
0
0
0

0
0
0
0
0
0
0
0
0
0
0
0
0
0
0
0
0
0
0
0
0
0

0
0
0
0
0
0
0
0
0
0
0
0
0
0
0
0
0
0
0
0
0
0


0
0
0
0
0
0
0
0
0
0
0
0
0
0
0
0
0
0
0
0
0
0

0
-1.37817
-0.596505
-1.40311
-1.36904
-1.32953
-1.21727
-1.40555
-1.12511
-7.09718
-1.48249
-1.47908
-2.54995
-1.53617
-1.19642
-1.39623
1.91611
-0.306051
-1.13674
-1.28609
-1.42924
0

0
-0.530948
0.223902
-0.494096
-0.555207
-0.309445
0.555183
-0.563559
-0.452439
3.23697
-0.62003
-0.610492
-3.89606
-0.654923
-0.340768
-0.340433
13.152
0.100126
-0.322175
-0.427428
-0.565734
0

0
-0.562867
0.161509
-0.61555
-0.554762
0.325441
-1.57365
-0.530336
0.293797
-0.477663
-0.61554
-0.665765
2.4266
-0.596712
-0.410249
0.169045
-9.74522
0.608801
-0.305082
-0.463475
-0.592084
0

0
-0.568894
-0.469122
-0.924347
-0.575149
-1.42084
-0.69492
-0.586811
-1.22711
-0.490167
-0.60562
-0.624041
-0.617958
-0.631879
-0.399674
-0.45141
0.0212417
-0.114616
-0.387209
-0.476898
-0.590182
0

0
-0.569531
-0.465268
-0.174952
-0.60166
-0.560916
-0.621012
-0.577467
-0.52641
-0.527311
-0.615876
-0.597684
0.203225
-0.699561
-0.421395
-0.960744
-0.437797
-0.0243822
-1.42013
-0.504759
-0.588061
0

0
-0.569977
-0.525819
-0.492512
-0.57418
-0.529714
-0.593184
-0.57834
-0.359356
-0.550945
-0.608154
-0.604587
-0.5435
-0.294815
-0.345874
0.5862
-0.3017
0.025694
1.13503
-0.595184
-0.586599
0

0
-0.569683
-0.547678
-0.533466
-0.580653
-0.529094
-0.571552
-0.580328
1.71808
-0.540412
-0.605505
-0.609484
-0.503166
-0.489496
-0.284915
-0.694909
-0.339686
0.169411
-0.0547498
-0.650542
-0.581475
0

0
-0.568834
-0.556248
-0.545939
-0.586461
-0.484837
-0.517098
-0.551776
-2.8624
-0.592843
-0.606627
-0.61331
-0.551517
-0.467864
-0.0535457
-0.0574023
-0.300734
0.394595
0.067183
-2.12353
-0.578176
0

0
-0.567637
-0.559395
-0.549274
-0.536739
-0.964091
-0.366723
-0.571202
-0.89381
-0.623578
-0.610756
-0.618881
-0.572821
-0.334957
0.0461576
0.0795744
-0.384696
0.182325
-0.0240814
1.26599
-0.607705
0

0
-0.566218
-0.560191
-0.553612
-0.416379
-0.397283
-0.63911
-0.593907
-0.735862
-0.616389
-0.611976
-0.625339
-0.589988
0.482618
-0.0893633
0.679298
-0.0509159
1.45719
0.264994
-0.19981
-0.598957
0

0
-0.564516
-0.563282
-0.547872
-0.513359
-0.351517
-0.55422
-0.577939
-0.719991
-0.617116
-0.600932
-0.645397
-0.593145
-0.940383
0.256547
1.2822
0.242565
4.93078
0.301009
-0.370603
-0.594588
0

0
-0.562093
-0.583959
-0.549832
-0.527776
-0.35937
-0.49585
-0.572092
-1.11384
-0.622912
-0.615579
-0.639135
-0.623514
-0.0123316
1.11412
6.50153
0.477273
-0.601948
0.019619
-0.447447
-0.589359
0

0
-0.562865
-0.522064
-0.562401
-0.515763
-0.380325
-0.509121
-0.574862
-0.119055
-0.61064
-0.614259
-0.648972
-0.637719
-0.120016
5.51332
-9.86272
-0.805957
1.04993
0.169011
-0.517436
-0.586737
0

0
-0.542523
-0.532247
-0.52453
-0.480222
-0.311247
-0.484959
-0.544016
-0.510598
-0.58824
-0.60541
-0.631509
-0.634024
-0.490911
-7.26359
-0.593474
7.52927
8.33028
0.498208
-0.181527
-0.573387
0

0
-0.0163304
0.0178352
0.0690145
0.194006
0.857103
0.181789
0.0643867
-0.015557
-0.049404
-0.10121
-0.141851
-0.228137
-0.404868
0.643323
1.11097
-4.5996
10.4024
1.19754
-0.0876108
0.0332025
0

0
0
0
0
0
0
0
0
0
0
0
0
0
0
0
0
0
0
0
0
0
0


0
0
0
0
0
0
0
0
0
0
0
0
0
0
0
0
0
0
0
0
0
0

0
-1.52581
-1.75925
-1.53454
-1.57537
-1.58679
-1.57863
-1.51364
-1.76915
1.13483
-1.47955
-1.52161
-0.140209
-1.46353
-1.5622
-1.64894
-6.84714
-2.86288
-1.5067
-1.52174
-1.54503
0

0
-0.681518
-3.52296
-0.640482
-0.687709
-0.736331
-0.654724
-0.702275
-0.760538
-0.82219
-0.684551
-0.659809
-0.535374
-0.721194
-0.665277
-0.838222
8.08196
-1.48415
-0.712439
-0.663342
-0.683742
0

0
-0.711177
-0.94191
-0.720135
-0.68687
-0.812582
-0.582472
-0.614527
-0.710522
-0.638979
-0.698247
-0.697762
-1.22104
-0.740473
-0.692521
-0.711986
-3.20362
-0.408799
-0.658839
-0.693621
-0.711701
0

0
-0.71291
-0.794367
-0.661165
-0.682218
-0.729016
-0.750841
-0.701844
-0.586056
-0.661118
-0.688497
-0.696875
-0.5546
-0.285412
-0.672037
-0.761963
-1.35674
-0.844427
-0.711702
-0.694658
-0.710509
0

0
-0.710978
-0.667218
-0.779914
-0.706833
-0.731824
-0.714207
-0.695506
-0.75864
-0.689986
-0.685844
-0.690293
-0.580554
-0.78152
-0.705705
-0.237905
-0.859816
-0.745503
-0.476537
-0.692112
-0.709294
0

0
-0.710206
-0.676836
-0.663652
-0.69181
-0.758794
-0.714815
-0.694719
-0.816544
-0.693757
-0.688583
-0.68305
-0.785401
-0.636574
-0.786394
1.09929
-0.661915
-0.681463
-0.974204
-0.748125
-0.70923
0

0
-0.709977
-0.683155
-0.675968
-0.689962
-0.786289
-0.728855
-0.696158
-0.608336
-0.689208
-0.687288
-0.687462
-0.692422
-0.673646
-0.712259
-1.40973
-0.828784
-0.736067
-0.716464
-0.710575
-0.707275
0

0
-0.709893
-0.685903
-0.683653
-0.701082
-0.340524
-0.699652
-0.690524
-0.496338
-0.664194
-0.685063
-0.687196
-0.695595
-0.725556
-0.789556
-1.04052
-0.813526
-0.83452
-0.652304
-0.579281
-0.710439
0

0
-0.709868
-0.68662
-0.686151
-0.718687
0.335787
-0.537323
-0.675516
-0.849702
-0.696241
-0.686807
-0.686921
-0.694226
-0.720553
-0.760512
-1.30974
-0.828848
-1.59147
-0.878146
-1.12066
-0.730218
0

0
-0.709894
-0.685823
-0.688494
-0.674413
-1.2919
-0.724883
-0.67359
-0.717351
-0.690554
-0.687218
-0.68616
-0.69546
-0.449675
-1.01441
-0.872523
-0.45189
-3.06814
-0.694625
-0.698269
-0.723403
0

0
-0.709908
-0.685722
-0.688229
-0.666018
-0.558017
-0.787675
-0.6972
-0.686137
-0.687803
-0.688219
-0.684818
-0.677597
-3.4868
-1.28844
1.34157
-0.15249
-1.66319
-0.899927
-0.745291
-0.72266
0

0
-0.709252
-0.704535
-0.682996
-0.68915
-0.659107
-0.685883
-0.6894
-0.69489
-0.69083
-0.686759
-0.68659
-0.681794
-1.14115
-0.428257
3.83305
-0.97683
-1.3822
-0.787631
-0.776636
-0.719484
0

0
-0.709243
-0.693968
-0.636951
-0.691909
-0.711887
-0.695004
-0.690701
-0.772706
-0.697112
-0.688213
-0.685173
-0.687497
-0.596077
1.88194
-4.32889
-2.05165
-1.56125
-0.780609
-0.790389
-0.716208
0

0
-0.695603
-0.612799
-0.680376
-0.678935
-0.696034
-0.678299
-0.674396
-0.627854
-0.667305
-0.668956
-0.670738
-0.669252
-0.648867
-2.35648
-0.187852
-0.793821
-0.982631
-1.00752
-0.837908
-0.696466
0

0
-0.173639
-0.125987
-0.0924893
-0.0380235
0.117552
-0.0323207
-0.080271
-0.0971461
-0.13002
-0.157273
-0.178215
-0.236022
-0.338732
-0.0912163
0.377385
0.378749
4.04403
-0.810198
-0.277224
-0.128468
0

0
0
0
0
0
0
0
0
0
0
0
0
0
0
0
0
0
0
0
0
0
0


0
0
0
0
0
0
0
0
0
0
0
0
0
0
0
0
0
0
0
0
0
0

0
-1.52152
-1.62769
-1.51454
-1.50577
-1.61722
-1.57283
-1.52276
-1.49554
-1.5954
-1.51101
-1.51507
-1.49019
-1.50122
-1.55038
-1.56966
-3.95251
-1.47463
-1.48167
-1.51263
-1.53684
0

0
-0.685925
-0.835665
-0.648548
-0.669648
-0.4774
-0.639678
-0.67922
-0.687881
-0.698171
-0.665113
-0.660974
-0.691681
-0.685138
-0.661975
-0.689326
-1.29686
-0.836901
-0.647405
-0.650796
-0.675055
0

0
-0.709799
-0.867939
-0.689178
-0.695714
-0.631668
-0.639264
-0.672873
-0.710667
-0.684415
-0.691079
-0.688008
-0.874272
-0.717709
-0.690227
-0.718934
-3.53191
-0.567084
-0.658405
-0.685384
-0.703713
0

0
-0.710056
-0.734795
-0.682736
-0.684589
-0.732552
-0.695421
-0.679072
-0.657556
-0.672269
-0.687583
-0.688595
-0.713198
-0.697451
-0.686106
-0.644682
-1.4329
-0.686212
-0.637688
-0.685066
-0.702986
0

0
-0.709468
-0.693375
-0.717622
-0.689639
-0.783783
-0.708033
-0.687755
-0.697399
-0.679507
-0.685654
-0.688117
-0.613039
-0.710803
-0.686915
-1.34118
-0.781592
-0.695133
-0.605334
-0.687007
-0.702391
0

0
-0.708841
-0.683035
-0.692863
-0.68867
-0.784765
-0.707327
-0.688693
-0.724876
-0.684553
-0.68539
-0.683875
-0.722755
-0.706527
-0.720978
-0.650549
-0.728071
-0.692548
-0.782375
-0.69772
-0.702205
0

0
-0.708494
-0.682333
-0.681769
-0.685735
-0.784021
-0.70968
-0.687494
-0.722268
-0.68357
-0.684948
-0.685266
-0.690258
-0.678854
-0.722919
-0.507957
-0.745344
-0.721418
-0.732152
-0.690994
-0.702419
0

0
-0.708324
-0.683122
-0.681689
-0.688606
-0.652033
-0.700703
-0.685286
-0.602796
-0.673027
-0.684065
-0.685303
-0.688417
-0.692486
-0.733656
-0.911558
-0.801931
-0.782482
-0.700107
-0.686536
-0.703936
0

0
-0.708242
-0.683662
-0.682855
-0.697003
-0.317355
-0.638724
-0.679173
-0.697089
-0.682166
-0.684453
-0.685113
-0.688185
-0.692783
-0.758346
-1.0448
-0.822277
-0.887169
-0.666538
-0.829512
-0.708852
0

0
-0.708214
-0.683838
-0.683885
-0.689244
-1.25489
-0.665508
-0.674276
-0.704016
-0.686089
-0.684972
-0.684816
-0.687459
-0.630784
-0.826456
-1.01813
-0.626927
-0.104072
-0.507884
-0.771854
-0.709947
0

0
-0.708217
-0.684418
-0.684412
-0.677365
-0.80611
-0.761245
-0.688873
-0.691649
-0.686099
-0.685273
-0.684586
-0.685973
-0.829188
-0.927682
-0.125562
0.0593764
-1.08362
-0.66813
-0.744335
-0.708879
0

0
-0.708144
-0.688678
-0.683258
-0.683315
-0.634775
-0.689067
-0.686937
-0.691828
-0.686814
-0.685157
-0.684849
-0.684169
-0.86895
-0.803269
0.560833
0.0566221
-0.919003
-0.706179
-0.747914
-0.70714
0

0
-0.70779
-0.701175
-0.684278
-0.685639
-0.676625
-0.688516
-0.687027
-0.718197
-0.689613
-0.685352
-0.684807
-0.684893
-0.701706
-0.287804
-4.13718
-1.20847
-0.968511
-0.79968
-0.745542
-0.704698
0

0
-0.692084
-0.656441
-0.670147
-0.670609
-0.675163
-0.67207
-0.670012
-0.668011
-0.669541
-0.668468
-0.668818
-0.668054
-0.651059
-1.78386
-0.677789
-0.779291
-1.85179
-1.03817
-0.717631
-0.685399
0

0
-0.174165
-0.114646
-0.0911705
-0.046129
0.0605957
-0.0390043
-0.0838734
-0.0841047
-0.128255
-0.152298
-0.173672
-0.221802
-0.278293
-0.180665
0.25124
-2.05486
-0.0447096
-0.618975
-0.319825
-0.120436
0

0
0
0
0
0
0
0
0
0
0
0
0
0
0
0
0
0
0
0
0
0
0


0
0
0
0
0
0
0
0
0
0
0
0
0
0
0
0
0
0
0
0
0
0

0
-1.52146
-1.51195
-1.50964
-1.50958
-0.550452
-1.56817
-1.52951
-1.51928
-1.52764
-1.51423
-1.5137
-1.48646
-1.51651
-1.54671
-1.57353
-2.10046
-1.53881
-1.48723
-1.51515
-1.53289
0

0
-0.682813
-0.632902
-0.656178
-0.656461
-1.04629
-0.664419
-0.659007
-0.663843
-0.666988
-0.661891
-0.662183
-0.683342
-0.66943
-0.661353
-0.662922
-0.979415
-0.656616
-0.634061
-0.649081
-0.670294
0

0
-0.709434
-0.714282
-0.685801
-0.69723
-0.526039
-0.65579
-0.684212
-0.693372
-0.689458
-0.688092
-0.687402
-0.721512
-0.700344
-0.69143
-0.703575
-0.500141
-0.644157
-0.666751
-0.685524
-0.699401
0

0
-0.709594
-0.709582
-0.688521
-0.69171
-0.469804
-0.672309
-0.681951
-0.683738
-0.682393
-0.687067
-0.687328
-0.703148
-0.697644
-0.691492
-0.713311
-0.866848
-0.659153
-0.656732
-0.686064
-0.698923
0

0
-0.709354
-0.696838
-0.694224
-0.689075
-0.588671
-0.689456
-0.685004
-0.688152
-0.681556
-0.685942
-0.686771
-0.6584
-0.692088
-0.694996
-0.707504
-0.79558
-0.684846
-0.668313
-0.688628
-0.698625
0

0
-0.708939
-0.688685
-0.692022
-0.687948
-0.689309
-0.695102
-0.686337
-0.693949
-0.682718
-0.68533
-0.685189
-0.691868
-0.699573
-0.70377
-0.784847
-0.754943
-0.696424
-0.686315
-0.691182
-0.698468
0

0
-0.708607
-0.685503
-0.686555
-0.686429
-0.724776
-0.69544
-0.685731
-0.68544
-0.682235
-0.68492
-0.685238
-0.69099
-0.689323
-0.712223
-0.65861
-0.748794
-0.702818
-0.696327
-0.696442
-0.698785
0

0
-0.708398
-0.684639
-0.684236
-0.68581
-0.705017
-0.689977
-0.683952
-0.657459
-0.679895
-0.684557
-0.685249
-0.687977
-0.685825
-0.718211
-0.754689
-0.782563
-0.696927
-0.685683
-0.70801
-0.699554
0

0
-0.708282
-0.684564
-0.683806
-0.686478
-0.546258
-0.663407
-0.681262
-0.674799
-0.68148
-0.684554
-0.685101
-0.686737
-0.681315
-0.727891
-0.84997
-0.81813
-0.619613
-0.655363
-0.734338
-0.700679
0

0
-0.708228
-0.684777
-0.683973
-0.685039
-0.955828
-0.649015
-0.678655
-0.688662
-0.684227
-0.684808
-0.684913
-0.685776
-0.663409
-0.745041
-0.867915
-0.739782
-0.603769
-0.681934
-0.745402
-0.701533
0

0
-0.708213
-0.685362
-0.684274
-0.681372
-0.905109
-0.713879
-0.684898
-0.689957
-0.685479
-0.685012
-0.68478
-0.685038
-0.675126
-0.765385
-0.515364
-0.296835
-0.894089
-0.697838
-0.736373
-0.700963
0

0
-0.708208
-0.686711
-0.684254
-0.684232
-0.693971
-0.696682
-0.686536
-0.690871
-0.68624
-0.685074
-0.684805
-0.685065
-0.728781
-0.715702
-0.0235212
0.157613
-1.11134
-0.756921
-0.736924
-0.699621
0

0
-0.708132
-0.688078
-0.684232
-0.685625
-0.685494
-0.690501
-0.68687
-0.695221
-0.686952
-0.68506
-0.684801
-0.684913
-0.702593
-0.535362
-2.39279
-0.607578
-1.33991
-0.840179
-0.740832
-0.697557
0

0
-0.691699
-0.667318
-0.668058
-0.66927
-0.672736
-0.672006
-0.669761
-0.672253
-0.669828
-0.668651
-0.668602
-0.668173
-0.66482
-0.843758
-1.07501
-1.06273
-1.66628
-0.899933
-0.727485
-0.678585
0

0
-0.175953
-0.110968
-0.0937873
-0.0570432
0.023487
-0.0505852
-0.090088
-0.0901879
-0.129243
-0.149152
-0.169181
-0.209785
-0.252437
-0.364603
-0.0772698
-3.07821
-1.05211
-0.404244
-0.262602
-0.11858
0

0
0
0
0
0
0
0
0
0
0
0
0
0
0
0
0
0
0
0
0
0
0


0
0
0
0
0
0
0
0
0
0
0
0
0
0
0
0
0
0
0
0
0
0

0
-1.52171
-1.5025
-1.51071
-1.55328
-0.74999
-1.45273
-1.52691
-1.52249
-1.52621
-1.51575
-1.51387
-1.50052
-1.52259
-1.54378
-1.5697
-1.71035
-1.53243
-1.49545
-1.51846
-1.52867
0

0
-0.682207
-0.652645
-0.658153
-0.688626
-1.2472
-0.590276
-0.657503
-0.659467
-0.660786
-0.660788
-0.662036
-0.670247
-0.664443
-0.661408
-0.661538
-0.722798
-0.641752
-0.633137
-0.648165
-0.665326
0

0
-0.708857
-0.691395
-0.686169
-0.698495
-1.07774
-0.68101
-0.686985
-0.688858
-0.687859
-0.686875
-0.686901
-0.698427
-0.693789
-0.691811
-0.696757
-0.539811
-0.674083
-0.67244
-0.685575
-0.694776
0

0
-0.709102
-0.695911
-0.687865
-0.68921
-0.998416
-0.69302
-0.685131
-0.686846
-0.684987
-0.686462
-0.686763
-0.694075
-0.69392
-0.692554
-0.700057
-0.651738
-0.666756
-0.670202
-0.686486
-0.694386
0

0
-0.709098
-0.693259
-0.689336
-0.688208
-0.754991
-0.688614
-0.684965
-0.686399
-0.683479
-0.685873
-0.6863
-0.679958
-0.691275
-0.694563
-0.705973
-0.728609
-0.68013
-0.675302
-0.688414
-0.694152
0

0
-0.708887
-0.689502
-0.689196
-0.687545
-0.675067
-0.688232
-0.68524
-0.686451
-0.683128
-0.685369
-0.685595
-0.684949
-0.692433
-0.698484
-0.724749
-0.738567
-0.69148
-0.679086
-0.691049
-0.693991
0

0
-0.708644
-0.687008
-0.6872
-0.686264
-0.685624
-0.688086
-0.684879
-0.682599
-0.682744
-0.685011
-0.685341
-0.687946
-0.689479
-0.702619
-0.704544
-0.743222
-0.697127
-0.685322
-0.696233
-0.694019
0

0
-0.708453
-0.685785
-0.685521
-0.684799
-0.686801
-0.685028
-0.683885
-0.675147
-0.682122
-0.684769
-0.685236
-0.687157
-0.685618
-0.705592
-0.71919
-0.762804
-0.700006
-0.686519
-0.704043
-0.694173
0

0
-0.708327
-0.685322
-0.684698
-0.683351
-0.638061
-0.674651
-0.682618
-0.677236
-0.682495
-0.684695
-0.685099
-0.68613
-0.68166
-0.708367
-0.754929
-0.790195
-0.717223
-0.690491
-0.713404
-0.694338
0

0
-0.708258
-0.685258
-0.68444
-0.682523
-0.645171
-0.663313
-0.681594
-0.683578
-0.68382
-0.684786
-0.684952
-0.685318
-0.676063
-0.711192
-0.760146
-0.772168
-0.818478
-0.715533
-0.721196
-0.694398
0

0
-0.708229
-0.685439
-0.684498
-0.682961
-0.765992
-0.687795
-0.683734
-0.686833
-0.684915
-0.684908
-0.684843
-0.684854
-0.678355
-0.710691
-0.630563
-0.556775
-0.920883
-0.733708
-0.72132
-0.693852
0

0
-0.708224
-0.685774
-0.684595
-0.684646
-0.71568
-0.69273
-0.685654
-0.688397
-0.685629
-0.684982
-0.684806
-0.684885
-0.694992
-0.686833
-0.419684
-0.129069
-1.0645
-0.769574
-0.720658
-0.692724
0

0
-0.708165
-0.685849
-0.684655
-0.68572
-0.69568
-0.690588
-0.686387
-0.689512
-0.686007
-0.684954
-0.684767
-0.684831
-0.692936
-0.633538
-1.21593
-0.351967
-1.16215
-0.798581
-0.720681
-0.690989
0

0
-0.691709
-0.668217
-0.667998
-0.669066
-0.67444
-0.672116
-0.669628
-0.671356
-0.669545
-0.668667
-0.668516
-0.668298
-0.669681
-0.680192
-1.0095
-1.12054
-1.33286
-0.798048
-0.706129
-0.672477
0

0
-0.177628
-0.111559
-0.0963984
-0.0666752
-0.00494788
-0.0622629
-0.0957703
-0.0995009
-0.130111
-0.14627
-0.164343
-0.199065
-0.239808
-0.396785
-0.396934
-2.99188
-1.08539
-0.300575
-0.23266
-0.115676
0

0
0
0
0
0
0
0
0
0
0
0
0
0
0
0
0
0
0
0
0
0
0


0
0
0
0
0
0
0
0
0
0
0
0
0
0
0
0
0
0
0
0
0
0

0
-1.52237
-1.50528
-1.51167
-1.5057
-2.00509
-1.54578
-1.52687
-1.52251
-1.52371
-1.51631
-1.51434
-1.50894
-1.52421
-1.54065
-1.56243
-1.6126
-1.5345
-1.50662
-1.52232
-1.52421
0

0
-0.681762
-0.657582
-0.65781
-0.666829
-0.613605
-0.624437
-0.654915
-0.658364
-0.659351
-0.660257
-0.661615
-0.664711
-0.662863
-0.661409
-0.661355
-0.673034
-0.640416
-0.633457
-0.647534
-0.660151
0

0
-0.708527
-0.687236
-0.685972
-0.691019
-0.74715
-0.679664
-0.685345
-0.687151
-0.686865
-0.686364
-0.686537
-0.691139
-0.690691
-0.691374
-0.69494
-0.656138
-0.681271
-0.676102
-0.685584
-0.689903
0

0
-0.708719
-0.690035
-0.686964
-0.687948
-0.777965
-0.692201
-0.685629
-0.686504
-0.685513
-0.686087
-0.686398
-0.690076
-0.691005
-0.69189
-0.696248
-0.656373
-0.677622
-0.676604
-0.686567
-0.689536
0

0
-0.708817
-0.690053
-0.687631
-0.687339
-0.740628
-0.691533
-0.68539
-0.68575
-0.684457
-0.68575
-0.686093
-0.685714
-0.69009
-0.69301
-0.700409
-0.694039
-0.682796
-0.679055
-0.688238
-0.689289
0

0
-0.708747
-0.688691
-0.687661
-0.686984
-0.704725
-0.688629
-0.685127
-0.684907
-0.683853
-0.685392
-0.685681
-0.685151
-0.689603
-0.694719
-0.706419
-0.716616
-0.691888
-0.682203
-0.690662
-0.689046
0

0
-0.708604
-0.687285
-0.686884
-0.686088
-0.688102
-0.686494
-0.684727
-0.683079
-0.683467
-0.685103
-0.685409
-0.686291
-0.688144
-0.696396
-0.704496
-0.728836
-0.702286
-0.687285
-0.694377
-0.688838
0

0
-0.708461
-0.686317
-0.685926
-0.684846
-0.680212
-0.683985
-0.684121
-0.680638
-0.683202
-0.684905
-0.685245
-0.686259
-0.685739
-0.697354
-0.706872
-0.74277
-0.718879
-0.693649
-0.699112
-0.688636
0

0
-0.70835
-0.685783
-0.685235
-0.683555
-0.662245
-0.679512
-0.683469
-0.680608
-0.683333
-0.684812
-0.685102
-0.685694
-0.683161
-0.697508
-0.716085
-0.759573
-0.753605
-0.703715
-0.704038
-0.688383
0

0
-0.708278
-0.685547
-0.684879
-0.682906
-0.646962
-0.675007
-0.683094
-0.682995
-0.683961
-0.684822
-0.68497
-0.685121
-0.680873
-0.69649
-0.712112
-0.757834
-0.814264
-0.718117
-0.708246
-0.688014
0

0
-0.70824
-0.685485
-0.684785
-0.683583
-0.696627
-0.681816
-0.68386
-0.685216
-0.684674
-0.684878
-0.684867
-0.684766
-0.681456
-0.692494
-0.659624
-0.666027
-0.870785
-0.731428
-0.709735
-0.687349
0

0
-0.708225
-0.685482
-0.684817
-0.684751
-0.703614
-0.687768
-0.68511
-0.68662
-0.68523
-0.684929
-0.684807
-0.684693
-0.686334
-0.680762
-0.583605
-0.424428
-0.931041
-0.744644
-0.709587
-0.68632
0

0
-0.708157
-0.685313
-0.684837
-0.685636
-0.696329
-0.688901
-0.685877
-0.687306
-0.685517
-0.684893
-0.68474
-0.684691
-0.68758
-0.666093
-0.805916
-0.398034
-0.974066
-0.752051
-0.708935
-0.68483
0

0
-0.691756
-0.668376
-0.668207
-0.669098
-0.675227
-0.671702
-0.669464
-0.670478
-0.66928
-0.668648
-0.668471
-0.668347
-0.670231
-0.673737
-0.869949
-1.00122
-1.0741
-0.743584
-0.693416
-0.666708
0

0
-0.179358
-0.11337
-0.099222
-0.075595
-0.0303531
-0.0735741
-0.100803
-0.10734
-0.130458
-0.143533
-0.159413
-0.189074
-0.229114
-0.3666
-0.474013
-2.50676
-0.906222
-0.25089
-0.203401
-0.112282
0

0
0
0
0
0
0
0
0
0
0
0
0
0
0
0
0
0
0
0
0
0
0


0
0
0
0
0
0
0
0
0
0
0
0
0
0
0
0
0
0
0
0
0
0

0
-1.52321
-1.50895
-1.51307
-1.51021
-1.52569
-1.53778
-1.5234
-1.52151
-1.52174
-1.51652
-1.51473
-1.51282
-1.52395
-1.53731
-1.55493
-1.57821
-1.53925
-1.51819
-1.52635
-1.51959
0

0
-0.681289
-0.658056
-0.657748
-0.659077
-0.643902
-0.652204
-0.657043
-0.658129
-0.658776
-0.659858
-0.661179
-0.662728
-0.66214
-0.661209
-0.660909
-0.662611
-0.640877
-0.634058
-0.64707
-0.654814
0

0
-0.708323
-0.686187
-0.685792
-0.688716
-0.671573
-0.677917
-0.685167
-0.686496
-0.686409
-0.686128
-0.686293
-0.688291
-0.689097
-0.690624
-0.693715
-0.68495
-0.683879
-0.678206
-0.685564
-0.684858
0

0
-0.708451
-0.687606
-0.686343
-0.688163
-0.694107
-0.683907
-0.685201
-0.686038
-0.685615
-0.685885
-0.68615
-0.688108
-0.689217
-0.690804
-0.694139
-0.677943
-0.683619
-0.679462
-0.686521
-0.684501
0

0
-0.708575
-0.688083
-0.686762
-0.687473
-0.703932
-0.687331
-0.685267
-0.685477
-0.684938
-0.685662
-0.685951
-0.686656
-0.688815
-0.691298
-0.696099
-0.689366
-0.686973
-0.681593
-0.687992
-0.684219
0

0
-0.708582
-0.687717
-0.686829
-0.686853
-0.69861
-0.687356
-0.685115
-0.684761
-0.684422
-0.685406
-0.685673
-0.685751
-0.688185
-0.691914
-0.698495
-0.703976
-0.694283
-0.68474
-0.689967
-0.68389
0

0
-0.708517
-0.687049
-0.686501
-0.686086
-0.689909
-0.6861
-0.684814
-0.683794
-0.684076
-0.685178
-0.685436
-0.685784
-0.687169
-0.692372
-0.698894
-0.715297
-0.70521
-0.689417
-0.692561
-0.683526
0

0
-0.708427
-0.686434
-0.685981
-0.685159
-0.682559
-0.684353
-0.684423
-0.682796
-0.683885
-0.685008
-0.685257
-0.685705
-0.685684
-0.692327
-0.699101
-0.725404
-0.721696
-0.695712
-0.695569
-0.683118
0

0
-0.708345
-0.685994
-0.685504
-0.684253
-0.674162
-0.68212
-0.684054
-0.682596
-0.68392
-0.684909
-0.685111
-0.685371
-0.684077
-0.691585
-0.699978
-0.73494
-0.746308
-0.703589
-0.698543
-0.682641
0

0
-0.708282
-0.685721
-0.685186
-0.683764
-0.667854
-0.680326
-0.683891
-0.683478
-0.684218
-0.684877
-0.684984
-0.684982
-0.682817
-0.689846
-0.69445
-0.735154
-0.776691
-0.711828
-0.700992
-0.68206
0

0
-0.708243
-0.685558
-0.685036
-0.684073
-0.681482
-0.682099
-0.684217
-0.684682
-0.684636
-0.684887
-0.684882
-0.684701
-0.682743
-0.686416
-0.671385
-0.696137
-0.805776
-0.718821
-0.702268
-0.681305
0

0
-0.708222
-0.685434
-0.684997
-0.68482
-0.691515
-0.68542
-0.68492
-0.685658
-0.685016
-0.684905
-0.68481
-0.684586
-0.684154
-0.680679
-0.644123
-0.582917
-0.831954
-0.72338
-0.702457
-0.680325
0

0
-0.708144
-0.685199
-0.684953
-0.685476
-0.692366
-0.687166
-0.685495
-0.686188
-0.685217
-0.684851
-0.684723
-0.684588
-0.685319
-0.677157
-0.707776
-0.526411
-0.856459
-0.724778
-0.701945
-0.679
0

0
-0.691799
-0.668537
-0.668438
-0.669152
-0.674226
-0.670976
-0.669309
-0.669859
-0.669067
-0.668615
-0.668443
-0.668367
-0.66988
-0.674007
-0.774521
-0.873991
-0.912836
-0.711939
-0.685743
-0.661161
0

0
-0.181208
-0.115571
-0.102272
-0.0839375
-0.0530306
-0.0839228
-0.105178
-0.113032
-0.130319
-0.140928
-0.154547
-0.179479
-0.216837
-0.325738
-0.467265
-1.9017
-0.731632
-0.223893
-0.18421
-0.108326
0

0
0
0
0
0
0
0
0
0
0
0
0
0
0
0
0
0
0
0
0
0
0


0
0
0
0
0
0
0
0
0
0
0
0
0
0
0
0
0
0
0
0
0
0

0
-1.5241
-1.51187
-1.51425
-1.51387
-1.51453
-1.52519
-1.52122
-1.52052
-1.52037
-1.51662
-1.51504
-1.51451
-1.52297
-1.53391
-1.54799
-1.56211
-1.54423
-1.52912
-1.53035
-1.51486
0

0
-0.680753
-0.657708
-0.657441
-0.657228
-0.655926
-0.65727
-0.657374
-0.657806
-0.658334
-0.659445
-0.66072
-0.661838
-0.661584
-0.660826
-0.660294
-0.659399
-0.641478
-0.634625
-0.646678
-0.649338
0

0
-0.708191
-0.685769
-0.685664
-0.686652
-0.681089
-0.68353
-0.685757
-0.686256
-0.686203
-0.68601
-0.686138
-0.687109
-0.688191
-0.689829
-0.692492
-0.691271
-0.68518
-0.679592
-0.68553
-0.679717
0

0
-0.708266
-0.686521
-0.68597
-0.687006
-0.686999
-0.68403
-0.685363
-0.685839
-0.685661
-0.685782
-0.685983
-0.687069
-0.688112
-0.689727
-0.692453
-0.687835
-0.686287
-0.681153
-0.686421
-0.679369
0

0
-0.708384
-0.686967
-0.686256
-0.686942
-0.691976
-0.685606
-0.68528
-0.68543
-0.685212
-0.685614
-0.685839
-0.686526
-0.687831
-0.689812
-0.693179
-0.691011
-0.689218
-0.683256
-0.687682
-0.679052
0

0
-0.708427
-0.686967
-0.68634
-0.68661
-0.691964
-0.686159
-0.685157
-0.684929
-0.684821
-0.68542
-0.685635
-0.685924
-0.687304
-0.689872
-0.694089
-0.698181
-0.694774
-0.686088
-0.689237
-0.678654
0

0
-0.708413
-0.686702
-0.686206
-0.686096
-0.688779
-0.685743
-0.684953
-0.684367
-0.684532
-0.685237
-0.685434
-0.685639
-0.686548
-0.689767
-0.694357
-0.705634
-0.703179
-0.68987
-0.691098
-0.67819
0

0
-0.708369
-0.686363
-0.685931
-0.685467
-0.684692
-0.684796
-0.684701
-0.683865
-0.684361
-0.685089
-0.685263
-0.685434
-0.685566
-0.68932
-0.693995
-0.712382
-0.714673
-0.694512
-0.69313
-0.677663
0

0
-0.708318
-0.686058
-0.685629
-0.684859
-0.680459
-0.68363
-0.684475
-0.683697
-0.684334
-0.684987
-0.685117
-0.685168
-0.684522
-0.688403
-0.692915
-0.717916
-0.729019
-0.699515
-0.695088
-0.677065
0

0
-0.708273
-0.685819
-0.685385
-0.684486
-0.677747
-0.682777
-0.684379
-0.684016
-0.684461
-0.684932
-0.684994
-0.684881
-0.683683
-0.686874
-0.688648
-0.718433
-0.744602
-0.70401
-0.696692
-0.676379
0

0
-0.708242
-0.685637
-0.685231
-0.684548
-0.681092
-0.683224
-0.684525
-0.68461
-0.684685
-0.684911
-0.684893
-0.684655
-0.68338
-0.68458
-0.678056
-0.702404
-0.759793
-0.707266
-0.697683
-0.675576
0

0
-0.70822
-0.685473
-0.68515
-0.684941
-0.686321
-0.684757
-0.684897
-0.685197
-0.684916
-0.684901
-0.684814
-0.684535
-0.683733
-0.681843
-0.667708
-0.655915
-0.774048
-0.708737
-0.698009
-0.674625
0

0
-0.708132
-0.685213
-0.685048
-0.685344
-0.688681
-0.686031
-0.685246
-0.685553
-0.685023
-0.684818
-0.684707
-0.684524
-0.684516
-0.681601
-0.689344
-0.626924
-0.790272
-0.708263
-0.697657
-0.673401
0

0
-0.69183
-0.668706
-0.668662
-0.669212
-0.672519
-0.670284
-0.669192
-0.669422
-0.668891
-0.668567
-0.668407
-0.668378
-0.669621
-0.674109
-0.723235
-0.7995
-0.819769
-0.692239
-0.680798
-0.655734
0

0
-0.18324
-0.118001
-0.105527
-0.0917399
-0.0723945
-0.0930858
-0.109027
-0.117032
-0.129894
-0.138511
-0.149865
-0.170155
-0.202715
-0.285802
-0.421045
-1.34913
-0.59308
-0.207529
-0.171109
-0.103908
0

0
0
0
0
0
0
0
0
0
0
0
0
0
0
0
0
0
0
0
0
0
0


0
0
0
0
0
0
0
0
0
0
0
0
0
0
0
0
0
0
0
0
0
0

0
-1.5174
-1.5079
-1.50981
-1.51029
-1.50899
-1.51651
-1.51519
-1.51497
-1.51457
-1.51104
-1.50937
-1.50974
-1.51712
-1.5284
-1.54219
-1.55464
-1.55987
-1.55134
-1.53743
-1.50585
0

0
-0.671775
-0.650276
-0.650654
-0.650573
-0.651095
-0.651348
-0.651214
-0.651644
-0.652016
-0.652476
-0.65357
-0.655059
-0.655602
-0.65709
-0.658721
-0.658704
-0.650876
-0.645235
-0.647769
-0.638379
0

0
-0.699918
-0.678841
-0.67942
-0.67994
-0.678412
-0.680069
-0.68046
-0.680607
-0.680444
-0.679599
-0.679535
-0.680547
-0.682395
-0.686187
-0.690969
-0.694011
-0.695368
-0.691005
-0.687144
-0.669371
0

0
-0.699992
-0.679402
-0.679653
-0.680302
-0.679668
-0.679494
-0.680023
-0.68018
-0.679964
-0.679341
-0.679354
-0.680488
-0.682155
-0.685831
-0.690557
-0.692535
-0.69682
-0.692801
-0.687835
-0.668972
0

0
-0.700178
-0.679967
-0.679993
-0.680605
-0.681739
-0.679833
-0.679841
-0.679818
-0.679575
-0.679172
-0.679232
-0.680266
-0.681873
-0.685585
-0.690478
-0.693035
-0.69925
-0.69524
-0.68893
-0.668609
0

0
-0.700337
-0.680331
-0.680259
-0.680743
-0.682678
-0.680208
-0.679709
-0.679404
-0.679187
-0.678976
-0.679054
-0.679885
-0.681401
-0.68525
-0.69042
-0.695482
-0.70286
-0.698152
-0.690228
-0.668152
0

0
-0.700463
-0.680515
-0.680422
-0.680752
-0.682247
-0.6803
-0.679586
-0.678972
-0.678843
-0.678774
-0.678846
-0.679512
-0.680751
-0.684757
-0.690078
-0.698762
-0.70769
-0.701496
-0.691693
-0.667618
0

0
-0.700564
-0.680583
-0.680497
-0.680679
-0.680988
-0.680123
-0.679469
-0.67859
-0.67857
-0.678582
-0.678629
-0.679153
-0.679953
-0.684033
-0.689278
-0.70204
-0.713449
-0.705018
-0.693234
-0.667016
0

0
-0.70065
-0.680598
-0.680526
-0.680597
-0.679444
-0.679805
-0.679385
-0.678367
-0.678392
-0.678413
-0.678413
-0.678777
-0.6791
-0.683034
-0.687856
-0.704837
-0.719586
-0.708253
-0.694705
-0.66635
0

0
-0.700732
-0.680595
-0.680555
-0.680613
-0.678423
-0.679591
-0.679384
-0.678387
-0.678321
-0.678274
-0.678206
-0.678401
-0.678349
-0.681754
-0.685077
-0.706031
-0.725509
-0.710681
-0.695948
-0.665618
0

0
-0.700818
-0.680589
-0.68061
-0.680832
-0.679271
-0.679849
-0.679519
-0.678614
-0.678339
-0.678162
-0.678014
-0.678072
-0.677879
-0.680268
-0.680295
-0.702702
-0.731124
-0.711934
-0.696824
-0.664811
0

0
-0.700908
-0.680571
-0.680693
-0.681249
-0.681571
-0.680662
-0.679793
-0.678934
-0.678403
-0.678067
-0.67784
-0.677826
-0.677808
-0.679007
-0.676458
-0.692427
-0.737102
-0.711814
-0.697256
-0.66391
0

0
-0.700919
-0.680441
-0.680723
-0.6817
-0.683548
-0.68158
-0.680073
-0.679172
-0.678395
-0.677902
-0.677628
-0.677677
-0.678281
-0.679744
-0.68524
-0.695779
-0.746137
-0.709964
-0.696985
-0.66278
0

0
-0.684709
-0.664124
-0.664593
-0.665977
-0.668515
-0.666198
-0.664211
-0.663156
-0.662197
-0.661533
-0.661186
-0.661459
-0.663582
-0.670274
-0.698455
-0.7826
-0.757051
-0.68967
-0.679069
-0.645151
0

0
-0.178037
-0.115538
-0.104375
-0.0955897
-0.0862824
-0.097523
-0.107373
-0.113735
-0.122486
-0.129009
-0.137955
-0.153959
-0.1815
-0.244476
-0.357578
-0.922729
-0.465555
-0.202673
-0.161855
-0.0933675
0

0
0
0
0
0
0
0
0
0
0
0
0
0
0
0
0
0
0
0
0
0
0


0
0
0
0
0
0
0
0
0
0
0
0
0
0
0
0
0
0
0
0
0
0

0
-1.38788
-1.32276
-1.34044
-1.34867
-1.34608
-1.3659
-1.36021
-1.36031
-1.35492
-1.32824
-1.31595
-1.32553
-1.36344
-1.43621
-1.50561
-1.5497
-1.6717
-1.65243
-1.50962
-1.34788
0

0
-0.547617
-0.470636
-0.486656
-0.493482
-0.492366
-0.50806
-0.502515
-0.502508
-0.49782
-0.474716
-0.465196
-0.475699
-0.507653
-0.572099
-0.631457
-0.667132
-0.768054
-0.747252
-0.622725
-0.485393
0

0
-0.578088
-0.503003
-0.517873
-0.524049
-0.520059
-0.539064
-0.533393
-0.531977
-0.526673
-0.502573
-0.492145
-0.502137
-0.534761
-0.601882
-0.665366
-0.71002
-0.817865
-0.795164
-0.662059
-0.517103
0

0
-0.580427
-0.508063
-0.520628
-0.526108
-0.519301
-0.538286
-0.533378
-0.530715
-0.525209
-0.502084
-0.492128
-0.502565
-0.533442
-0.600289
-0.664064
-0.712569
-0.823847
-0.798801
-0.661289
-0.516264
0

0
-0.583191
-0.514043
-0.524135
-0.529453
-0.521728
-0.537998
-0.533187
-0.528838
-0.523018
-0.501205
-0.491659
-0.502272
-0.530926
-0.597234
-0.660824
-0.711385
-0.82935
-0.803424
-0.660518
-0.515044
0

0
-0.586133
-0.520268
-0.52816
-0.533907
-0.527944
-0.539138
-0.53302
-0.526411
-0.520163
-0.499854
-0.490501
-0.500492
-0.526758
-0.592373
-0.65521
-0.706524
-0.832747
-0.807917
-0.659459
-0.513434
0

0
-0.589106
-0.526244
-0.532513
-0.53926
-0.536894
-0.541949
-0.533101
-0.523643
-0.516872
-0.498072
-0.488582
-0.496956
-0.520654
-0.585427
-0.646599
-0.697843
-0.832568
-0.811359
-0.658026
-0.511551
0

0
-0.591997
-0.531659
-0.536975
-0.545236
-0.547126
-0.546116
-0.533535
-0.520759
-0.513381
-0.495923
-0.485919
-0.491798
-0.512439
-0.576022
-0.633826
-0.683773
-0.827144
-0.812873
-0.656167
-0.50951
0

0
-0.594743
-0.536397
-0.541371
-0.551551
-0.55737
-0.551061
-0.53434
-0.518038
-0.50992
-0.493497
-0.482608
-0.48532
-0.502105
-0.563684
-0.615321
-0.660953
-0.814881
-0.811834
-0.653882
-0.507422
0

0
-0.597328
-0.54049
-0.545599
-0.55797
-0.566639
-0.556184
-0.535501
-0.515843
-0.506718
-0.490904
-0.47879
-0.477852
-0.489874
-0.547835
-0.58881
-0.623301
-0.794737
-0.808114
-0.651203
-0.505391
0

0
-0.599781
-0.544057
-0.549632
-0.5644
-0.574859
-0.561184
-0.537028
-0.514526
-0.503973
-0.488267
-0.47463
-0.469716
-0.476211
-0.52783
-0.550915
-0.559896
-0.766062
-0.802155
-0.648172
-0.503509
0

0
-0.602167
-0.547258
-0.553507
-0.570912
-0.583633
-0.56635
-0.538996
-0.5143
-0.501829
-0.485712
-0.470305
-0.461212
-0.461731
-0.503171
-0.498535
-0.452691
-0.728179
-0.79484
-0.644798
-0.501851
0

0
-0.604521
-0.550204
-0.557246
-0.577584
-0.594101
-0.572116
-0.541463
-0.515146
-0.500307
-0.483315
-0.465954
-0.452606
-0.447113
-0.474541
-0.434992
-0.281491
-0.680958
-0.786889
-0.640859
-0.50039
0

0
-0.590972
-0.53718
-0.545116
-0.568753
-0.590459
-0.562948
-0.528687
-0.501034
-0.483463
-0.465159
-0.44564
-0.428064
-0.417317
-0.430358
-0.362465
-0.0473312
-0.614393
-0.761085
-0.619152
-0.483046
0

0
-0.0932746
0.00196732
0.00445493
-0.0152275
-0.0389167
-0.0119059
0.0180397
0.0396784
0.0529735
0.0669467
0.0817737
0.0935198
0.0945163
0.0672413
0.101274
0.502239
-0.191705
-0.284236
-0.101608
0.0633484
0

0
0
0
0
0
0
0
0
0
0
0
0
0
0
0
0
0
0
0
0
0
0


0
0
0
0
0
0
0
0
0
0
0
0
0
0
0
0
0
0
0
0
0
0

0
0
0
0
0
0
0
0
0
0
0
0
0
0
0
0
0
0
0
0
0
0

0
0
0
0
0
0
0
0
0
0
0
0
0
0
0
0
0
0
0
0
0
0

0
0
0
0
0
0
0
0
0
0
0
0
0
0
0
0
0
0
0
0
0
0

0
0
0
0
0
0
0
0
0
0
0
0
0
0
0
0
0
0
0
0
0
0

0
0
0
0
0
0
0
0
0
0
0
0
0
0
0
0
0
0
0
0
0
0

0
0
0
0
0
0
0
0
0
0
0
0
0
0
0
0
0
0
0
0
0
0

0
0
0
0
0
0
0
0
0
0
0
0
0
0
0
0
0
0
0
0
0
0

0
0
0
0
0
0
0
0
0
0
0
0
0
0
0
0
0
0
0
0
0
0

0
0
0
0
0
0
0
0
0
0
0
0
0
0
0
0
0
0
0
0
0
0

0
0
0
0
0
0
0
0
0
0
0
0
0
0
0
0
0
0
0
0
0
0

0
0
0
0
0
0
0
0
0
0
0
0
0
0
0
0
0
0
0
0
0
0

0
0
0
0
0
0
0
0
0
0
0
0
0
0
0
0
0
0
0
0
0
0

0
0
0
0
0
0
0
0
0
0
0
0
0
0
0
0
0
0
0
0
0
0

0
0
0
0
0
0
0
0
0
0
0
0
0
0
0
0
0
0
0
0
0
0

0
0
0
0
0
0
0
0
0
0
0
0
0
0
0
0
0
0
0
0
0
0

0
0
0
0
0
0
0
0
0
0
0
0
0
0
0
0
0
0
0
0
0
0


