0
0
0
0.0324711
0
0
0
0
0
0
0
0
0
0
0
0
-0.001858
0
0
0
0
0

0
0.000869724
-0.00236374
-0.0334255
0.0446474
-2.75484e-05
-0.00597504
-0.00147105
0.00134396
0.00350568
0.0583901
-0.0562541
-0.00589072
-0.00100561
0.00324391
-0.018316
0.00409521
0.000425703
-0.000566675
-0.000762753
0.00123192
0

0
0.00234825
-0.00266984
-0.0709041
0.0954095
-0.00581602
-0.00729619
-0.00165953
0.00224707
0.00362503
0.0469619
-0.0469417
-0.00729824
-0.0016349
0.00157663
-0.00863696
0.00270017
-0.000989014
-0.000114342
-0.00183679
-0.00466452
0

0
0.00405283
-0.000345259
-0.118346
0.158267
-0.014843
-0.00874394
-0.0018804
0.00349659
0.00223627
0.0316205
-0.0329547
-0.00664497
-0.00210238
5.39581e-05
-0.00667999
0.00270017
-0.00119776
-0.000649707
-0.0024012
-0.00423258
0

0
0.00597019
0.00699673
0.0950883
0.00398622
-0.037491
-0.0103891
-0.00169875
0.00445617
-0.00525556
0.0187045
-0.0202363
-0.00763329
-0.000206078
-0.000910551
-0.0052756
0.000783559
-0.00118108
-0.0010629
-0.00180472
-0.00410961
0

0
0.0079031
0.00947179
0.0765555
-0.0218844
-0.028386
-0.00990263
-0.00170352
0.00387545
0.00114828
0.004508
-0.00849413
-0.00557985
0
-0.0019483
-0.00440569
-9.50155e-05
-0.00127232
-0.00141577
-0.00235095
-0.00424367
-0.00609369

0
0.00983316
0.00957265
0.0575556
-0.014969
-0.0219907
-0.00911466
-0.00167986
0.00380981
0.00274883
-0.00979854
0.00796414
-0.00762179
-0.00201795
-0.00215369
-0.00383803
-0.000716563
-0.0014044
-0.00171256
-0.0028626
-0.00452453
0

0
0.0118477
0.00778256
0.0430359
-0.00983258
-0.0164605
-0.00810935
-0.00161837
0.0036155
0.00458444
-0.0249889
0.0206221
-0.00586082
-0.00316811
-0.0023481
-0.00350985
-0.00116266
-0.00154598
-0.00193796
-0.00335517
-0.00488087
0

0
0.0141184
0.00428934
0.0317203
-0.00218659
-0.0155014
-0.00721029
-0.000119677
0.00220502
0.00714891
-0.0423623
0.035662
-0.00688615
-0.00420523
-0.00245397
-0.00334811
-0.00148794
-0.00167068
-0.00164531
-0.00384251
-0.00527093
0

0
0.0168934
-0.00103588
0.0226258
0.000844816
-0.0115443
-0.00621319
-1.2802e-05
0.00241439
0.0102764
0.0500659
-0.0542002
-0.00952984
-0.00424991
-0.00436319
-0.0034165
-0.00170936
-0.00169038
-0.00255708
-0.00424534
-0.00569581
0

0
0.0200082
-0.014969
0.0152099
0.00349569
-0.00840089
-0.00525556
0.000328477
0.00190575
0.0134232
0.0331506
-0.0405715
-0.00747212
-0.00581403
-0.00449578
-0.003454
-0.00186418
-0.00169314
-0.00296238
-0.00466452
-0.00613916
0

0
0.0173097
0.00109179
0.000675615
0.00605897
-0.0059306
-0.00444975
0.000821286
0.000564609
0.0168421
0.0181885
-0.0305476
-0.00210238
-0.00748445
-0.00461303
-0.00353105
-0.00193887
-0.00164531
-0.00331496
-0.00508904
-0.00659032
0

0
0.0149582
0.00398622
-0.0168934
0.01009
-0.00401043
-0.00377945
0.0013296
-0.0059306
0.0206253
0
-0.0209795
-0.00594229
-0.00696103
-0.00459206
-0.0036525
-0.00192372
-0.00154254
-0.00364821
-0.00552711
-0.00705244
0

0
0.01317
0.00524618
-0.00599418
0.00747092
-0.00302669
-0.00169875
0.00133757
0.00823145
0.0116587
0.0044352
-0.018316
-0.00688615
-0.00663267
-0.00454505
-0.00382994
-0.00174855
-0.00139568
-0.0039764
-0.00597131
-0.00751296
0

0
0.0118157
0.00608626
-0.00382767
0.00608041
-0.00255807
-0.00308928
0.00142673
0.00858335
0.0110405
0.00538218
-0.0170829
-0.00737097
-0.00636481
-0.00443762
-0.00405543
-0.00142441
-0.00139743
-0.00433759
-0.00644412
-0.00798068
0

0
0.0118157
0.00608626
-0.00382767
0.00608041
-0.00255807
-0.00308928
0.00142673
0.00858335
0.0110405
0.00538218
-0.0170829
-0.00737097
-0.00636481
-0.00443762
-0.00405543
-0.00142441
-0.00139743
-0.00433759
-0.00644412
-0.00798068
0

0
0
0
0
0
0
0
0
0
-0.0469506
0
0
0
0
0
0
0
0
-0.00199292
0
0
0


0
0
0
0
0
0
0
0
0
0
0
0
0
0
0
0
0
0
0
0
0
0

-0.000869724
0.000869724
-0.00236374
-0.0334255
0.0446474
-2.75484e-05
-0.00597504
-0.00147105
0.00134396
0.00350568
0.0583901
-0.0562541
-0.00589072
-0.00100561
0.00324391
-0.018316
0.00409521
0.000425703
-0.000566675
-0.000762753
0.00123192
0.00123192

-0.00234825
0.00234825
-0.00266984
-0.0709041
0.0954095
-0.00581602
-0.00729619
-0.00165953
0.00224707
0.00362503
0.0469619
-0.0469417
-0.00729824
-0.0016349
0.00157663
-0.00863696
0.00270017
-0.000989014
-0.000114342
-0.00183679
-0.00466452
-0.00507623

-0.00405283
0.00405283
-0.000345259
-0.118346
0.158267
-0.014843
-0.00874394
-0.0018804
0.00349659
0.00223627
0.0316205
-0.0329547
-0.00664497
-0.00210238
5.39581e-05
-0.00667999
0.00270017
-0.00119776
-0.000649707
-0.0024012
-0.00423258
-0.00423258

-0.00597019
0.00597019
0.00699673
0.0950883
0.00398622
-0.037491
-0.0103891
-0.00169875
0.00445617
-0.00525556
0.0187045
-0.0202363
-0.00763329
-0.000206078
-0.000910551
-0.0052756
0.000783559
-0.00118108
-0.0010629
-0.00180472
-0.00410961
-0.00410961

-0.0079031
0.0079031
0.00947179
0.0765555
-0.0218844
-0.028386
-0.00990263
-0.00170352
0.00387545
0.00114828
0.004508
-0.00849413
-0.00557985
0
-0.0019483
-0.00440569
-9.50155e-05
-0.00127232
-0.00141577
-0.00235095
-0.00424367
-0.00569581

-0.00983316
0.00983316
0.00957265
0.0575556
-0.014969
-0.0219907
-0.00911466
-0.00167986
0.00380981
0.00274883
-0.00979854
0.00796414
-0.00762179
-0.00201795
-0.00215369
-0.00383803
-0.000716563
-0.0014044
-0.00171256
-0.0028626
-0.00452453
-0.00452453

-0.0118477
0.0118477
0.00778256
0.0430359
-0.00983258
-0.0164605
-0.00810935
-0.00161837
0.0036155
0.00458444
-0.0249889
0.0206221
-0.00586082
-0.00316811
-0.0023481
-0.00350985
-0.00116266
-0.00154598
-0.00193796
-0.00335517
-0.00488087
-0.00488087

-0.0141184
0.0141184
0.00428934
0.0317203
-0.00218659
-0.0155014
-0.00721029
-0.000119677
0.00220502
0.00714891
-0.0423623
0.035662
-0.00688615
-0.00420523
-0.00245397
-0.00334811
-0.00148794
-0.00167068
-0.00164531
-0.00384251
-0.00527093
-0.00527093

-0.0168934
0.0168934
-0.00103588
0.0226258
0.000844816
-0.0115443
-0.00621319
-1.2802e-05
0.00241439
0.0102764
0.0500659
-0.0542002
-0.00952984
-0.00424991
-0.00436319
-0.0034165
-0.00170936
-0.00169038
-0.00255708
-0.00424534
-0.00569581
-0.00569581

-0.0200082
0.0200082
-0.014969
0.0152099
0.00349569
-0.00840089
-0.00525556
0.000328477
0.00190575
0.0134232
0.0331506
-0.0405715
-0.00747212
-0.00581403
-0.00449578
-0.003454
-0.00186418
-0.00169314
-0.00296238
-0.00466452
-0.00613916
-0.00613916

-0.0173097
0.0173097
0.00109179
0.000675615
0.00605897
-0.0059306
-0.00444975
0.000821286
0.000564609
0.0168421
0.0181885
-0.0305476
-0.00210238
-0.00748445
-0.00461303
-0.00353105
-0.00193887
-0.00164531
-0.00331496
-0.00508904
-0.00659032
-0.00659032

-0.0149582
0.0149582
0.00398622
-0.0168934
0.01009
-0.00401043
-0.00377945
0.0013296
-0.0059306
0.0206253
0
-0.0209795
-0.00594229
-0.00696103
-0.00459206
-0.0036525
-0.00192372
-0.00154254
-0.00364821
-0.00552711
-0.00705244
-0.00705244

-0.01317
0.01317
0.00524618
-0.00599418
0.00747092
-0.00302669
-0.00169875
0.00133757
0.00823145
0.0116587
0.0044352
-0.018316
-0.00688615
-0.00663267
-0.00454505
-0.00382994
-0.00174855
-0.00139568
-0.0039764
-0.00597131
-0.00751296
-0.00751296

-0.0118157
0.0118157
0.00608626
-0.00382767
0.00608041
-0.00255807
-0.00308928
0.00142673
0.00858335
0.0110405
0.00538218
-0.0170829
-0.00737097
-0.00636481
-0.00443762
-0.00405543
-0.00142441
-0.00139743
-0.00433759
-0.00644412
-0.00798068
-0.00798068

-0.0116922
0.0118157
0.00608626
-0.00382767
0.00608041
-0.00255807
-0.00308928
0.00142673
0.00858335
0.0110405
0.00538218
-0.0170829
-0.00737097
-0.00636481
-0.00443762
-0.00405543
-0.00142441
-0.00139743
-0.00433759
-0.00644412
-0.00798068
-0.00855742

0
0
0
0
0
0
0
0
0
-0.0329547
0
0
0
0
0
0
0
0
-0.00170936
0
0
0


0
0
0
0
0
0
0
0
0
0
0
0
0
0
0
0
0
0
0
0
0
0

-0.000853965
0.000853965
-0.0208111
-0.0203117
0.00395098
-1.3306e-05
-0.00409075
-0.00113308
0.00275358
0.00327418
0.0465255
-0.0209387
-0.00368172
-0.000925899
0.00102144
0.0422471
0.00368278
1.89479e-05
-0.000297192
-0.000327312
-0.0422667
-0.0422667

-0.00208321
0.00208321
-0.00737069
-0.0349377
-0.020202
0.00362234
-0.00526012
-0.00132264
0.000157813
0.00549675
-0.00483524
-0.0282376
-0.00587516
-0.00167885
0.000737906
0.0105922
0.00144478
-0.000583472
-0.00042511
-0.00120955
0.0443493
0.0443493

-0.00364838
0.00364838
-0.00110767
-0.0343008
-0.147612
-0.00963228
-0.00631426
-0.00138723
0.0024314
0.00860323
0.00939734
-0.0218397
-0.00744419
-0.00246693
-0.000163157
0.00118424
-0.0016439
-0.000988561
-0.000762055
-0.00141417
0.0130484
0.0130484

-0.00538639
0.00538639
0.00486143
0.0293604
-0.100228
-0.0150193
-0.00689797
-0.00120728
0.00322625
0.0200911
0.00928074
-0.0143095
-0.0116218
-0.00375268
-0.0010429
-0.00165235
-0.000516969
-0.00109973
-0.0011186
-0.0016403
0.00282275
0.00282275

-0.0071602
0.0071602
0.00819647
0.0379384
-0.0424076
-0.0142031
-0.0068566
-0.00114147
0.00330016
0.00967488
0.0027951
-0.00655498
0.000508233
-0.0076206
-0.00195495
-0.00251797
-0.000596168
-0.00125008
-0.00147625
-0.00212072
-0.00102276
-0.00102276

-0.00892611
0.00892611
0.00995963
0.0357438
-0.0210254
-0.0125102
-0.00651847
-0.00103949
0.00338694
0.00906808
-0.00374435
0.00147272
-0.00339692
-0.00429681
-0.00216156
-0.00276501
-0.000922456
-0.00143348
-0.00184589
-0.00263846
-0.00279698
-0.00279698

-0.0107272
0.0107272
0.0113828
0.0300655
-0.0108254
-0.0106984
-0.0059813
-0.000728618
0.0030201
0.00190402
-0.00916102
0.00650608
-0.00339104
-0.00375101
-0.00240748
-0.00284553
-0.00125352
-0.00167104
-0.00229716
-0.00314202
-0.00383246
-0.00383246

-0.0126072
0.0126072
0.0147796
0.0230584
-0.00424696
-0.00958029
-0.00538184
-0.000151702
0.00289711
0.00577798
-0.00712862
0.00535122
-0.000857804
-0.00395413
-0.00279356
-0.00291738
-0.00154312
-0.00209777
-0.00312619
-0.00363133
-0.00457887
-0.00457887

-0.0144741
0.0144741
0.0268557
0.0126556
-0.000713663
-0.00775272
-0.00472127
0.000385745
0.00320789
0.00875826
0.0191275
-0.0200054
-0.0085627
-0.004693
-0.00356642
-0.0030373
-0.00179485
-0.00121436
-0.00288353
-0.00407816
-0.00519835
-0.00519835

-0.0155235
0.0155235
0.0701526
0.0345131
0.00431103
-0.00583418
-0.00401262
0.001326
0.00360755
0.0112822
0.0235718
-0.0229426
-0.0158993
-0.00596294
-0.00393389
-0.00314592
-0.00207233
-0.00148743
-0.00306105
-0.0045128
-0.00574988
-0.00574988

-0.0149129
0.0149129
0.0284042
0.0311845
0.00653855
-0.00423159
-0.0033499
0.00363448
0.005197
0.0132416
0.0289721
-0.0193115
-0.0344979
-0.00773855
-0.00415904
-0.00326158
-0.00250192
-0.00137532
-0.0033127
-0.00494414
-0.00625486
-0.00625486

-0.0135038
0.0135038
0.0151524
0.0633104
0.00981517
-0.00295161
-0.00267635
-0.00150912
0.010626
0.0142167
0.0552478
-0.0138277
-0.00592837
-0.00604292
-0.00417142
-0.00337206
-0.00360406
-0.000850704
-0.00356331
-0.0053735
-0.00670183
-0.00670183

-0.0121274
0.0121274
0.0109365
0.0100864
0.0071647
-0.00225304
-0.00165214
0.000572548
0.00840644
0.0119305
0.0237155
-0.0132216
-0.00697796
-0.00596352
-0.00416388
-0.00341839
-0.00721492
0.000605465
-0.00378719
-0.00581602
-0.00734263
-0.00734263

-0.010969
0.010969
0.00910169
0.0333756
0.00759563
-0.00181647
-0.00189819
0.00114581
0.00780996
0.011074
0.0144009
-0.0126151
-0.00708654
-0.00576979
-0.0040874
-0.00358983
0.00587273
0.00638728
-0.00388419
-0.00626437
-0.0077869
-0.0077869

-0.0109255
0.010969
0.00910169
0.0333756
0.00759563
-0.00181647
-0.00189819
0.00114581
0.00780996
0.011074
0.0144009
-0.0126151
-0.00708654
-0.00576979
-0.0040874
-0.00358983
0.00587273
0.00638728
-0.00388419
-0.00626437
-0.0077869
-0.0083703

0
0
0
0
0
0
0
0
0
0
0
0
0
0
0
0
0
0
0
0
0
0


0
0
0
0
0
0
0
0
0
0
0
0
0
0
0
0
0
0
0
0
0
0

-0.000661304
0.000661304
-0.00696782
-0.0105857
-0.00541521
0.000614667
-0.00518569
-0.00102281
0.00128186
0.00293237
0.0150079
-0.00849899
-0.00237775
-0.000807478
0.000488188
0.0135399
0.00137644
-0.000115131
-0.00024435
-0.000374872
-0.0079142
-0.0079142

-0.00186302
0.00186302
-0.00401976
-0.0164603
-0.0240935
0.0261317
-0.00403426
-0.00104099
0.00122682
0.00465109
0.00400973
-0.014027
-0.00409177
-0.00148906
0.000275677
0.00750804
0.000744097
-0.000466356
-0.000505057
-0.000645316
0.012709
0.012709

-0.0032733
0.0032733
-0.000131788
-0.0123855
-0.0594042
0.0163849
-0.00380382
-0.00096181
0.00212714
0.00691187
0.00576649
-0.0132082
-0.00543837
-0.00228861
-0.000312342
0.00259486
-0.000380408
-0.000787524
-0.000815889
-0.000992322
0.00832279
0.00832279

-0.00481422
0.00481422
0.00403447
0.011738
-0.0544945
0.00620208
-0.00391932
-0.000767657
0.00254011
0.0102275
0.00544993
-0.0098076
-0.00615238
-0.0032844
-0.000976121
-3.22222e-05
-0.00053925
-0.00100664
-0.00115371
-0.00141432
0.00338916
0.00338916

-0.00640058
0.00640058
0.00720242
0.0203866
-0.0331456
0.000177873
-0.00405316
-0.000678058
0.00282522
0.00807463
0.00250741
-0.00551378
-0.00316925
-0.00446468
-0.0015967
-0.0013107
-0.000746415
-0.00120797
-0.00150612
-0.00192022
0.000186788
0.000186788

-0.00797349
0.00797349
0.00967666
0.0224047
-0.0186714
-0.00296044
-0.00410698
-0.000507647
0.00290387
0.00666323
-0.000167804
-0.00171132
-0.00349995
-0.00394033
-0.00197718
-0.00193751
-0.00102208
-0.0014042
-0.00187158
-0.00244109
-0.00177976
-0.00177976

-0.00954043
0.00954043
0.0122626
0.0212566
-0.00985215
-0.00431313
-0.00393167
-0.000350516
0.0027788
0.00516287
-0.00186174
0.000202044
-0.00367585
-0.00378225
-0.00232662
-0.00227817
-0.00130616
-0.0015976
-0.00227535
-0.00295926
-0.00307617
-0.00307617

-0.0110716
0.0110716
0.0163588
0.0191458
-0.00411917
-0.0047273
-0.00372595
3.19781e-05
0.00319451
0.00588294
0.00123053
-0.00197589
-0.0042359
-0.0039728
-0.00269442
-0.00250314
-0.0015736
-0.00174408
-0.00270791
-0.00345335
-0.00401247
-0.00401247

-0.0124281
0.0124281
0.0240149
0.0178625
-0.00025136
-0.00434159
-0.00334936
0.000526851
0.00346326
0.0077526
0.0116126
-0.00968228
-0.00782829
-0.00453231
-0.00315173
-0.00269454
-0.00182045
-0.0015699
-0.00287479
-0.00392111
-0.00476126
-0.00476126

-0.0131911
0.0131911
0.0351408
0.0248347
0.00318397
-0.00355296
-0.00290811
0.00106126
0.00408592
0.00945478
0.0169475
-0.012831
-0.0121369
-0.00530288
-0.0034791
-0.00285178
-0.00209067
-0.00156146
-0.00308216
-0.00436784
-0.00539725
-0.00539725

-0.0128721
0.0128721
0.0248944
0.0271275
0.00540087
-0.0027123
-0.00246667
0.00150592
0.00534545
0.010775
0.0216403
-0.0122522
-0.0163697
-0.00596642
-0.0036967
-0.0029872
-0.00240749
-0.00138808
-0.00330869
-0.0047959
-0.00595465
-0.00595465

-0.0119869
0.0119869
0.0173839
0.0330964
0.00702048
-0.00195516
-0.00199847
0.000523817
0.00705549
0.0112857
0.0285125
-0.0104958
-0.0095242
-0.00558618
-0.00376876
-0.00310054
-0.00282634
-0.000934401
-0.00355526
-0.00524095
-0.00649618
-0.00649618

-0.0109641
0.0109641
0.0131886
0.0212892
0.00669725
-0.00146167
-0.00149916
0.000893868
0.0069159
0.0108621
0.0200559
-0.00949196
-0.00759263
-0.00537487
-0.00377433
-0.00316848
-0.00297285
2.7418e-05
-0.00379635
-0.00568441
-0.0070524
-0.0070524

-0.00999975
0.00999975
0.0110999
0.0239749
0.00665342
-0.0011623
-0.00129879
0.00115011
0.00675352
0.0101496
0.0157733
-0.00923909
-0.00699129
-0.00521534
-0.00373583
-0.00320843
0.000345952
0.00165073
-0.00405368
-0.00613374
-0.00755573
-0.00755573

-0.010041
0.00999975
0.0110999
0.0239749
0.00665342
-0.0011623
-0.00129879
0.00115011
0.00675352
0.0101496
0.0157733
-0.00923909
-0.00699129
-0.00521534
-0.00373583
-0.00320843
0.000345952
0.00165073
-0.00405368
-0.00613374
-0.00755573
-0.00815069

0
0
0
0
0
0
0
0
0
0
0
0
0
0
0
0
0
0
0
0
0
0


0
0
0
0
0
0
0
0
0
0
0
0
0
0
0
0
0
0
0
0
0
0

-0.00059353
0.00059353
-0.00246908
-0.00510144
-0.000509873
0.0693776
-0.00888647
-0.00109227
0.000766502
0.00211714
0.00560678
-0.00418688
-0.00160256
-0.000615052
0.000181741
0.00477789
0.000534133
-0.000147791
-0.00023536
-0.00028032
-0.000750534
-0.000750534

-0.00168155
0.00168155
-0.0014431
-0.00713688
-0.010522
0.049519
-0.00484891
-0.000900785
0.0012195
0.0034557
0.00387653
-0.00730145
-0.00291402
-0.00123702
1.36371e-05
0.00394497
0.000314476
-0.000427134
-0.000529012
-0.000529921
0.00452692
0.00452692

-0.00291816
0.00291816
0.00089107
-0.00397122
-0.0248908
0.0408741
-0.00207568
-0.000679343
0.00168525
0.00514349
0.00374539
-0.00765421
-0.00387576
-0.00193187
-0.00040906
0.00193591
-0.000186605
-0.00070406
-0.000839102
-0.000870276
0.0042449
0.0042449

-0.00425443
0.00425443
0.00375566
0.00581516
-0.0269919
0.0259456
-0.00147406
-0.000451681
0.0019868
0.00648876
0.00355841
-0.00638338
-0.00417988
-0.00262563
-0.000901496
0.000308495
-0.000506119
-0.000947303
-0.00116931
-0.00130304
0.00219891
0.00219891

-0.00563468
0.00563468
0.00637926
0.0117765
-0.0202881
0.0135447
-0.00170808
-0.000327057
0.00236838
0.0060714
0.00242841
-0.00439491
-0.00350138
-0.00320958
-0.00138216
-0.000761075
-0.000783332
-0.00116887
-0.00150884
-0.00179205
0.000173357
0.000173357

-0.00699281
0.00699281
0.00881037
0.0145654
-0.0129741
0.00573656
-0.00203133
-0.000232185
0.00258588
0.00563403
0.00137375
-0.0025516
-0.00352438
-0.00336113
-0.00179646
-0.00143194
-0.00105683
-0.00137392
-0.00186078
-0.00230583
-0.001437
-0.001437

-0.00831681
0.00831681
0.0113559
0.0153337
-0.00725508
0.00141854
-0.00221051
-4.44218e-05
0.00259905
0.00553216
0.00105938
-0.00184842
-0.00371783
-0.00343414
-0.00214456
-0.0018614
-0.00132513
-0.00155457
-0.0022204
-0.00281624
-0.00266857
-0.00266857

-0.00954367
0.00954367
0.0145411
0.0155376
-0.00302862
-0.000716317
-0.00231726
0.000211092
0.00321645
0.00554275
0.00368589
-0.00314166
-0.00465133
-0.00368434
-0.00248744
-0.00216465
-0.00157486
-0.0016803
-0.00256469
-0.0033104
-0.00363247
-0.00363247

-0.0105489
0.0105489
0.0186363
0.0162541
0.000110809
-0.0015464
-0.00218476
0.000614022
0.00337119
0.00683276
0.00840382
-0.00594066
-0.00656431
-0.00409173
-0.002822
-0.00240009
-0.00181056
-0.00169862
-0.00283012
-0.00378511
-0.00442641
-0.00442641

-0.0110908
0.0110908
0.0220663
0.0190588
0.0025961
-0.00166044
-0.00199238
0.000824292
0.00396801
0.0079661
0.0118676
-0.00759677
-0.00860404
-0.00457089
-0.00310034
-0.00258192
-0.00202997
-0.00168764
-0.00306905
-0.00422518
-0.00508972
-0.00508972

-0.0109825
0.0109825
0.0193155
0.020829
0.00437162
-0.00140875
-0.00172414
0.00110348
0.00478963
0.00857767
0.0154641
-0.0080042
-0.00999213
-0.00489401
-0.00327826
-0.00273395
-0.00224534
-0.00158944
-0.00332567
-0.00467693
-0.0057012
-0.0057012

-0.0104352
0.0104352
0.0157607
0.0221033
0.00547512
-0.00107271
-0.00140624
0.00100288
0.00540206
0.00931774
0.0174182
-0.00730523
-0.0082495
-0.00485975
-0.00337083
-0.0028496
-0.00239091
-0.00134567
-0.00359003
-0.00512318
-0.00626985
-0.00626985

-0.0096928
0.0096928
0.01303
0.0191854
0.00570549
-0.00079053
-0.00109629
0.0010918
0.00564057
0.00931736
0.0151822
-0.00672189
-0.00699538
-0.00475993
-0.00341011
-0.00292762
-0.00225989
-0.000941049
-0.00386794
-0.005569
-0.00681595
-0.00681595

-0.00890826
0.00890826
0.0113524
0.0188422
0.00567305
-0.000596354
-0.000863785
0.00121215
0.00566909
0.00900134
0.0135221
-0.00656899
-0.00638222
-0.00462436
-0.00339478
-0.00297418
-0.00145643
-0.000569493
-0.00418997
-0.00602182
-0.00733516
-0.00733516

-0.00903423
0.00890826
0.0113524
0.0188422
0.00567305
-0.000596354
-0.000863785
0.00121215
0.00566909
0.00900134
0.0135221
-0.00656899
-0.00638222
-0.00462436
-0.00339478
-0.00297418
-0.00145643
-0.000569493
-0.00418997
-0.00602182
-0.00733516
-0.00794072

0
0
0
0
0
0
0
0
0
0
0
0
0
0
0
0
0
0
0
0
0
0


0
0
0
0
0
1
0
0
0
0
0
0
0
0
0
0
0
0
0
0
0
0

-0.000519498
0.000519498
-0.000852093
-0.00222865
0.0107215
0.612582
-0.00805969
-0.00126148
0.000437154
0.00150815
0.00255215
-0.00224323
-0.00115149
-0.000443593
5.28164e-05
0.00184643
0.000198039
-0.00015542
-0.000232865
-0.000241034
0.000375527
0.000375527

-0.00148833
0.00148833
-8.70962e-05
-0.00265436
0.000934723
0.285034
-0.00111241
-0.000798466
0.000919004
0.00260459
0.00263646
-0.003913
-0.00208639
-0.000998772
-0.000128498
0.00188757
5.90406e-05
-0.000411202
-0.000535504
-0.000518152
0.00190259
0.00190259

-0.00255606
0.00255606
0.00148794
-0.000650649
-0.00817051
0.122218
0.000836548
-0.000478993
0.00129979
0.00382028
0.00237228
-0.00436988
-0.00277048
-0.00155984
-0.000449931
0.00108581
-0.000234986
-0.000669009
-0.000846601
-0.000856998
0.00195865
0.00195865

-0.00369611
0.00369611
0.00351652
0.00380304
-0.0117226
0.0545248
0.00070644
-0.000246033
0.00158867
0.00452167
0.00254671
-0.00411132
-0.00310448
-0.00207704
-0.000832711
0.000170848
-0.000525584
-0.000914104
-0.00116973
-0.00126727
0.00100347
0.00100347

-0.00486548
0.00486548
0.00557164
0.00749554
-0.0105313
0.0257164
8.83427e-05
-0.000137178
0.00204986
0.0046664
0.00225783
-0.00329724
-0.00308107
-0.00252449
-0.0012353
-0.00059184
-0.00080371
-0.00114508
-0.00150276
-0.00173192
-0.000257153
-0.000257153

-0.00600965
0.00600965
0.00762914
0.00991485
-0.00752474
0.0122673
-0.000512078
-9.59219e-06
0.00230363
0.00467516
0.0020787
-0.00250744
-0.00321333
-0.00280085
-0.00161204
-0.00116671
-0.00107066
-0.00135794
-0.00184137
-0.00222117
-0.00146675
-0.00146675

-0.00710046
0.00710046
0.00972973
0.011222
-0.00440622
0.00553997
-0.000921137
0.000172592
0.00239481
0.00492166
0.00243862
-0.00227103
-0.00346351
-0.00299443
-0.00194082
-0.00158662
-0.00132767
-0.00154699
-0.00218008
-0.00271545
-0.00252109
-0.00252109

-0.00807436
0.00807436
0.0119713
0.0121952
-0.00169192
0.00213005
-0.00122823
0.000373655
0.00298304
0.00499341
0.00407838
-0.00285578
-0.00418817
-0.00324481
-0.00224255
-0.0019065
-0.00156575
-0.00169588
-0.0025051
-0.00320156
-0.00341963
-0.00341963

-0.00883267
0.00883267
0.0142295
0.0132199
0.000498563
0.000450088
-0.00129791
0.000589875
0.00316015
0.00589854
0.00628475
-0.00388288
-0.00521884
-0.00357556
-0.00252659
-0.00215323
-0.00178308
-0.00178695
-0.0027909
-0.00366073
-0.00418297
-0.00418297

-0.00924797
0.00924797
0.0156421
0.0147087
0.00227752
-0.000244217
-0.00123676
0.000850594
0.00353714
0.00656873
0.00863287
-0.00480182
-0.0062595
-0.00384925
-0.00273668
-0.00234857
-0.00198228
-0.00184332
-0.00307031
-0.00411971
-0.00486522
-0.00486522

-0.00924176
0.00924176
0.0148752
0.0157675
0.00357575
-0.00042008
-0.00110645
0.00101756
0.00405543
0.00710734
0.0107989
-0.00513203
-0.00691426
-0.00408873
-0.0029066
-0.00250847
-0.00215259
-0.00184267
-0.00334982
-0.0045707
-0.0054842
-0.0054842

-0.00890482
0.00890482
0.0132472
0.0161984
0.00439338
-0.000377104
-0.000905357
0.00107674
0.00441175
0.007693
0.0116934
-0.00488551
-0.00647189
-0.0041512
-0.00300991
-0.00263264
-0.00225769
-0.00178541
-0.00363826
-0.00501913
-0.00606124
-0.00606124

-0.00836772
0.00836772
0.0116594
0.015371
0.00470824
-0.000266678
-0.000700816
0.00114742
0.00464164
0.00787811
0.011054
-0.00456976
-0.00581411
-0.00410955
-0.00306304
-0.00272383
-0.00224461
-0.00170741
-0.00394574
-0.00546687
-0.00660796
-0.00660796

-0.00771694
0.00771694
0.0104566
0.0148144
0.00467652
-0.000206733
-0.000577023
0.001189
0.00470119
0.00749573
0.0110462
-0.00472767
-0.00556501
-0.00403378
-0.00306609
-0.00278573
-0.0021206
-0.00173074
-0.00427214
-0.00589339
-0.00710443
-0.00710443

-0.00794314
0.00771694
0.0104566
0.0148144
0.00467652
-0.000206733
-0.000577023
0.001189
0.00470119
0.00749573
0.0110462
-0.00472767
-0.00556501
-0.00403378
-0.00306609
-0.00278573
-0.0021206
-0.00173074
-0.00427214
-0.00589339
-0.00710443
-0.00774615

0
0
0
0
0
0
0
0
0
0
0
0
0
0
0
0
0
0
0
0
0
0


0
0
0
0
0
0
0
0
0
0
0
0
0
0
0
0
0
0
0
0
0
0

-0.000422028
0.000422028
-0.000253542
-0.000933023
0.00581349
0.0244828
-0.00877996
-0.000801699
0.000182111
0.00110725
0.00147253
-0.001243
-0.000876407
-0.0003235
7.61962e-06
0.000763495
5.09274e-05
-0.000155714
-0.000229464
-0.000235497
0.000322171
0.000322171

-0.00127006
0.00127006
0.000490737
-0.000723284
0.00265038
0.0660174
-0.00282975
-0.000617724
0.000688408
0.00195573
0.00189852
-0.00222899
-0.00154927
-0.000795418
-0.000185207
0.000837911
-9.2225e-05
-0.000405389
-0.000536525
-0.00053759
0.000765076
0.000765076

-0.00217988
0.00217988
0.00167147
0.000585606
-0.00174118
0.0596261
0.000389241
-0.000307777
0.000885552
0.00287032
0.00188627
-0.00264499
-0.00207772
-0.00124059
-0.000444333
0.000473856
-0.000317279
-0.000655938
-0.000847727
-0.00087949
0.000697461
0.000697461

-0.00313318
0.00313318
0.00316098
0.00290028
-0.00432422
0.0397704
0.0011168
-0.000141729
0.00128617
0.003427
0.00196952
-0.0025619
-0.00243054
-0.00168694
-0.000763602
-5.60993e-05
-0.00056945
-0.000901102
-0.00116837
-0.00127544
0.00011394
0.00011394

-0.00410514
0.00410514
0.00473006
0.00516711
-0.00468557
0.0235576
0.00082422
-2.5117e-05
0.00171124
0.00381198
0.00183653
-0.0022104
-0.00249929
-0.00204897
-0.00111545
-0.000586263
-0.000827851
-0.00113686
-0.00149602
-0.00171434
-0.000736369
-0.000736369

-0.00504554
0.00504554
0.00634473
0.00699181
-0.00367552
0.0131318
0.000289407
0.000131603
0.00200878
0.00389508
0.00206935
-0.00192664
-0.00269679
-0.00232192
-0.00143804
-0.00104049
-0.00108147
-0.00135798
-0.00182598
-0.0021773
-0.00164954
-0.00164954

-0.00592633
0.00592633
0.0079557
0.00825002
-0.00215634
0.0069623
-0.000149821
0.000291717
0.00220923
0.00421643
0.00251683
-0.00184465
-0.00291342
-0.00253871
-0.00173923
-0.00141445
-0.00132715
-0.00156136
-0.00215592
-0.00265087
-0.00252488
-0.00252488

-0.00669096
0.00669096
0.00950589
0.00929792
-0.000590305
0.00345715
-0.000530662
0.000404664
0.00270138
0.00433398
0.00345677
-0.00208992
-0.00336904
-0.00277069
-0.00200954
-0.00171452
-0.00155041
-0.00173129
-0.00246944
-0.00311174
-0.00331438
-0.00331438

-0.00727777
0.00727777
0.0108684
0.01025
0.000836389
0.00155684
-0.000667121
0.000688888
0.00280018
0.00489086
0.00479145
-0.00255476
-0.00397435
-0.00297979
-0.00222813
-0.00195722
-0.00176792
-0.00188122
-0.00277923
-0.0035775
-0.00404101
-0.00404101

-0.00760574
0.00760574
0.0116417
0.0112047
0.00203142
0.000612666
-0.000690187
0.000836555
0.00309046
0.00538092
0.0062631
-0.00299624
-0.00457172
-0.00320345
-0.00242113
-0.00215483
-0.0019546
-0.00199373
-0.00307622
-0.00402901
-0.00469688
-0.00469688

-0.0076465
0.0076465
0.0114759
0.0118717
0.00293912
0.000211545
-0.000636312
0.000984789
0.00338951
0.0058702
0.00751113
-0.00320014
-0.00494719
-0.00337533
-0.00256529
-0.00231584
-0.00212048
-0.00208217
-0.00337712
-0.00448032
-0.00530685
-0.00530685

-0.00743574
0.00743574
0.0107346
0.0121264
0.00353174
8.80627e-05
-0.000514314
0.00105371
0.00368346
0.00629828
0.00803622
-0.00309331
-0.00485982
-0.00346367
-0.00267022
-0.00244599
-0.00224689
-0.00215402
-0.00368662
-0.00492905
-0.00587969
-0.00587969

-0.0070234
0.0070234
0.00981128
0.011828
0.00375977
2.67827e-05
-0.000450327
0.00109128
0.0037608
0.00630827
0.00828035
-0.00315046
-0.00467076
-0.00346797
-0.00272739
-0.00254274
-0.00232
-0.00222584
-0.00398701
-0.00534401
-0.00639166
-0.00639166

-0.00650864
0.00650864
0.00901173
0.0114426
0.00377471
8.35051e-05
-0.000303681
0.00113855
0.00392014
0.00640358
0.00806445
-0.00299946
-0.00442601
-0.0034392
-0.00276293
-0.00263011
-0.00241275
-0.00241328
-0.00434648
-0.00580168
-0.00691777
-0.00691777

-0.00678775
0.00650864
0.00901173
0.0114426
0.00377471
8.35051e-05
-0.000303681
0.00113855
0.00392014
0.00640358
0.00806445
-0.00299946
-0.00442601
-0.0034392
-0.00276293
-0.00263011
-0.00241275
-0.00241328
-0.00434648
-0.00580168
-0.00691777
-0.00753228

0
0
0
0
0
0
0
0
0
0
0
0
0
0
0
0
0
0
0
0
0
0


0
0
0
0
0
0
0
0
0
0
0
0
0
0
0
0
0
0
0
0
0
0

-0.000310007
0.000310007
-5.99125e-05
-0.00041181
0.00210837
0.0197982
-0.00211213
-0.000429256
3.84718e-05
0.00101846
0.000859382
-0.000637958
-0.000693463
-0.000246248
3.22285e-06
0.00032484
-2.10134e-05
-0.000156652
-0.000228318
-0.000246503
0.000108536
0.000108536

-0.00103394
0.00103394
0.000642746
-7.46902e-06
0.00178112
0.0333203
-0.000749115
-0.000381069
0.00043112
0.00157724
0.00126778
-0.00116755
-0.00117136
-0.000632074
-0.000188609
0.000318275
-0.000181894
-0.000405084
-0.000536395
-0.00056576
0.000147839
0.000147839

-0.00179067
0.00179067
0.00156741
0.000897827
0.000158931
0.0327527
0.000593107
-0.000217751
0.000621098
0.00233321
0.00126673
-0.00136431
-0.00154762
-0.00101157
-0.000422569
9.67827e-05
-0.000385398
-0.000652717
-0.000847348
-0.000913475
-4.30564e-05
-4.30564e-05

-0.00257316
0.00257316
0.00268037
0.00224264
-0.00120908
0.0254016
0.00105419
-0.000139525
0.00109479
0.00276671
0.00118829
-0.00130506
-0.00173676
-0.00136728
-0.000711311
-0.000249894
-0.000613231
-0.000898476
-0.0011663
-0.00129969
-0.000504002
-0.000504002

-0.00336084
0.00336084
0.00385494
0.00366745
-0.00171019
0.017232
0.000880146
2.75606e-05
0.0015061
0.00302353
0.001261
-0.00122052
-0.00182921
-0.00163872
-0.00100389
-0.000631434
-0.000854083
-0.00113834
-0.00148933
-0.00171746
-0.00114571
-0.00114571

-0.00411513
0.00411513
0.00506759
0.00496292
-0.00144324
0.0107301
0.000508743
0.000190999
0.00177766
0.00319803
0.00154819
-0.00115994
-0.00199782
-0.00187161
-0.00128387
-0.000988583
-0.00109352
-0.00136779
-0.00181479
-0.00215738
-0.00186654
-0.00186654

-0.00481039
0.00481039
0.00625253
0.00597213
-0.000758764
0.00626673
0.000136714
0.000310432
0.00200539
0.00342592
0.00195858
-0.00118084
-0.0021632
-0.00206822
-0.00154633
-0.0013044
-0.0013242
-0.00158137
-0.00213472
-0.00260106
-0.0025891
-0.0025891

-0.00540492
0.00540492
0.00733244
0.00687315
0.00012006
0.00347141
-0.000163018
0.000521577
0.00231167
0.00347589
0.00290071
-0.00142318
-0.0025111
-0.00222982
-0.00176206
-0.00157387
-0.00154623
-0.00178197
-0.00245717
-0.00305748
-0.00329199
-0.00329199

-0.00586198
0.00586198
0.00821837
0.0076448
0.00098855
0.0018215
-0.000292996
0.000701302
0.00238785
0.00390398
0.00377008
-0.00164553
-0.00292257
-0.00241823
-0.00195252
-0.00179877
-0.00175735
-0.00196858
-0.0027755
-0.00350898
-0.00395588
-0.00395588

-0.00612339
0.00612339
0.00872966
0.00831645
0.00176138
0.000926245
-0.000336558
0.000810085
0.00263719
0.00428595
0.00458
-0.00183024
-0.00327002
-0.00258493
-0.00211557
-0.00198891
-0.00194443
-0.00213012
-0.00308646
-0.00395484
-0.00457492
-0.00457492

-0.00618206
0.00618206
0.0087649
0.00877253
0.00237067
0.000495874
-0.000309405
0.000934
0.00281919
0.00464892
0.0054935
-0.00196754
-0.0035624
-0.00273961
-0.00224816
-0.00214812
-0.00211757
-0.00228489
-0.00340433
-0.00440391
-0.00516385
-0.00516385

-0.00603121
0.00603121
0.00841173
0.00893653
0.00274233
0.000260746
-0.000304424
0.000960178
0.00291531
0.00492797
0.00583234
-0.0019813
-0.00363116
-0.00283366
-0.00234944
-0.00227774
-0.00225815
-0.00241907
-0.0037034
-0.00481866
-0.00569333
-0.00569333

-0.00574559
0.00574559
0.00791118
0.00885414
0.00296005
0.000244987
-0.000184927
0.00101126
0.00319309
0.00517633
0.00593818
-0.00185639
-0.00348545
-0.00288148
-0.00243791
-0.00239798
-0.00240266
-0.00260388
-0.00405181
-0.00528231
-0.00624094
-0.00624094

-0.00533292
0.00533292
0.00736805
0.00859328
0.00297222
0.000260872
-9.47576e-05
0.0011041
0.00335332
0.00516138
0.0061235
-0.00189193
-0.00336249
-0.00285997
-0.00248388
-0.00249979
-0.00256141
-0.00284455
-0.00441418
-0.00573461
-0.00676073
-0.00676073

-0.00570034
0.00533292
0.00736805
0.00859328
0.00297222
0.000260872
-9.47576e-05
0.0011041
0.00335332
0.00516138
0.0061235
-0.00189193
-0.00336249
-0.00285997
-0.00248388
-0.00249979
-0.00256141
-0.00284455
-0.00441418
-0.00573461
-0.00676073
-0.00738116

0
0
0
0
0
0
0
0
0
0
0
0
0
0
0
0
0
0
0
0
0
0


0
0
0
0
0
0
0
0
0
0
0
0
0
0
0
0
0
0
0
0
0
0

-0.000191274
0.000191274
-4.24259e-05
-0.000267304
0.000715032
0.0107414
-0.000515961
-0.000319936
-0.000110416
0.0010799
3.50724e-05
2.34234e-05
-0.000428846
-0.0001856
5.75117e-06
0.000131038
-5.87679e-05
-0.000157439
-0.000226968
-0.000259988
-7.29906e-05
-7.29906e-05

-0.000787039
0.000787039
0.000568932
0.00013814
0.000932352
0.0168804
-6.20684e-05
-0.000298357
0.000300823
0.00127485
0.000471982
-0.000274167
-0.000765363
-0.000486704
-0.000176851
5.35571e-05
-0.00023627
-0.000405807
-0.000535224
-0.000593753
-0.000233641
-0.000233641

-0.00139845
0.00139845
0.00128864
0.000775986
0.000428701
0.017412
0.000468879
-0.000203486
0.000463487
0.00186931
0.000651706
-0.000443091
-0.00097758
-0.00079477
-0.000399803
-0.00012856
-0.000435087
-0.000653758
-0.000846562
-0.000947517
-0.000512906
-0.000512906

-0.00202076
0.00202076
0.00211456
0.0016025
-0.000167992
0.0145833
0.000657306
-0.000155721
0.00102122
0.00203416
0.000760597
-0.000561267
-0.00106553
-0.00104091
-0.000649488
-0.000389451
-0.000651447
-0.000901074
-0.00116329
-0.00132709
-0.000935985
-0.000935985

-0.00263921
0.00263921
0.00296922
0.00250601
-0.000469227
0.0106781
0.000548749
5.55327e-05
0.00128058
0.00220353
0.00111265
-0.000651889
-0.00120608
-0.00124995
-0.000892161
-0.000679095
-0.000877958
-0.00114485
-0.0014829
-0.0017286
-0.00146988
-0.00146988

-0.0032261
0.0032261
0.00383911
0.00338039
-0.000410514
0.00710663
0.000319004
0.000177985
0.00151897
0.00245046
0.00120281
-0.000598811
-0.00132953
-0.00144673
-0.00113203
-0.000963812
-0.00110345
-0.00137952
-0.00180113
-0.00214284
-0.00206261
-0.00206261

-0.00375732
0.00375732
0.004679
0.00412888
-7.60937e-05
0.00440521
0.000104042
0.00033612
0.00171523
0.00257716
0.00163616
-0.000668824
-0.00143874
-0.00158196
-0.00134815
-0.00122957
-0.0013264
-0.00160853
-0.0021237
-0.00257388
-0.00268232
-0.00268232

-0.00421332
0.00421332
0.00542927
0.00480967
0.000415926
0.00258235
-6.7713e-05
0.000550586
0.00188434
0.00265594
0.00239378
-0.000813101
-0.0017471
-0.00172231
-0.00152098
-0.00146322
-0.0015441
-0.00183256
-0.00245116
-0.00301523
-0.00330385
-0.00330385

-0.0045634
0.0045634
0.00602664
0.0053845
0.000931027
0.00144616
-0.000139936
0.000657571
0.00196997
0.00305786
0.00272968
-0.000823334
-0.00197499
-0.00187924
-0.00168974
-0.00166798
-0.00175139
-0.00204717
-0.00277499
-0.00345237
-0.00390525
-0.00390525

-0.00477064
0.00477064
0.00639179
0.00586959
0.00141972
0.000805302
-0.00015468
0.000746519
0.0021758
0.0033013
0.00327527
-0.000924295
-0.00220003
-0.00201317
-0.00183161
-0.00184711
-0.00194202
-0.00224683
-0.00309703
-0.00389159
-0.00448347
-0.00448347

-0.00482008
0.00482008
0.00647253
0.00617054
0.00178084
0.000428258
-0.000185505
0.000821827
0.00214349
0.0035656
0.003862
-0.00107084
-0.00247452
-0.00215234
-0.00195269
-0.00199884
-0.0021136
-0.00243069
-0.00340348
-0.00430644
-0.00501761
-0.00501761

-0.00473892
0.00473892
0.00634921
0.00633339
0.00207518
0.000328829
-0.000102996
0.000867113
0.00244912
0.00396536
0.00398382
-0.000921191
-0.00247394
-0.00226498
-0.00207454
-0.00214339
-0.00228948
-0.00264118
-0.00374961
-0.00476816
-0.00557087
-0.00557087

-0.0045322
0.0045322
0.00607036
0.00632132
0.00223005
0.000301648
-2.16974e-05
0.000948458
0.00270012
0.00407857
0.00419644
-0.000927579
-0.00240494
-0.00230237
-0.00216029
-0.00227074
-0.00246193
-0.00286881
-0.00410352
-0.00522177
-0.00610399
-0.00610399

-0.00420995
0.00420995
0.00570914
0.00616052
0.00224745
0.000315326
5.32973e-05
0.00107565
0.00285001
0.00408209
0.00447573
-0.000965384
-0.00238204
-0.00230468
-0.0022179
-0.00238402
-0.00264463
-0.00313204
-0.0044697
-0.00567724
-0.00662183
-0.00662183

-0.00466144
0.00420995
0.00570914
0.00616052
0.00224745
0.000315326
5.32973e-05
0.00107565
0.00285001
0.00408209
0.00447573
-0.000965384
-0.00238204
-0.00230468
-0.0022179
-0.00238402
-0.00264463
-0.00313204
-0.0044697
-0.00567724
-0.00662183
-0.00724641

0
0
0
0
0
0
0
0
0
0
0
0
0
0
0
0
0
0
0
0
0
0


0
0
0
0
0
0
0
0
0
0
0
0
0
0
0
0
0
0
0
0
0
0

-7.12669e-05
7.12669e-05
-0.00011097
-0.000290824
-3.18506e-06
0.00424716
-0.000315395
-0.000335801
-5.1806e-05
0.000736061
-0.00012572
0.000273973
-0.000207241
-0.000113995
1.42379e-05
3.56419e-05
-8.03739e-05
-0.000157265
-0.000225414
-0.000273019
-0.000209149
-0.000209149

-0.000537854
0.000537854
0.000384945
2.78214e-05
0.000193022
0.00682262
-0.000189894
-0.000290478
0.000234101
0.000878184
0.000298011
0.000130825
-0.000440877
-0.000358336
-0.000163227
-9.25976e-05
-0.000271528
-0.000406897
-0.000533319
-0.00061866
-0.000493007
-0.000493007

-0.00101007
0.00101007
0.000923869
0.00044193
9.18741e-05
0.00723022
-2.00245e-05
-0.00023208
0.000405223
0.00135825
0.000314728
5.28961e-05
-0.000461894
-0.000558664
-0.000367273
-0.000270089
-0.000471791
-0.000656095
-0.000844088
-0.000977181
-0.000835842
-0.000835842

-0.00148381
0.00148381
0.00150418
0.00093809
-8.74864e-05
0.006257
2.2874e-05
-0.000150763
0.000837994
0.00133492
0.000654218
-7.06138e-05
-0.000546352
-0.000725467
-0.000572611
-0.000486034
-0.000682802
-0.00090561
-0.00115848
-0.001351
-0.00125017
-0.00125017

-0.00194736
0.00194736
0.00208736
0.00147747
-0.000177924
0.00471365
-3.07356e-05
5.43139e-06
0.00104192
0.00154384
0.000792911
-4.16785e-05
-0.000655687
-0.000901223
-0.000779902
-0.000718033
-0.000897948
-0.0011512
-0.00147215
-0.00173522
-0.00172087
-0.00172087

-0.00237833
0.00237833
0.0026694
0.00202684
-0.000106944
0.0032046
-0.000100534
0.000135499
0.00121628
0.00179002
0.000693245
2.29138e-05
-0.000629423
-0.00101859
-0.000978436
-0.000948898
-0.00111304
-0.00139294
-0.0017897
-0.00213594
-0.00223454
-0.00223454

-0.00276965
0.00276965
0.00322843
0.00252146
0.000104361
0.00201009
-0.000157427
0.000325254
0.00139319
0.00178026
0.00117404
-9.08445e-05
-0.000760078
-0.00111015
-0.00114241
-0.00116925
-0.00133008
-0.00163666
-0.0021152
-0.0025524
-0.00277609
-0.00277609

-0.0031041
0.0031041
0.00372493
0.00298252
0.00039883
0.00118618
-0.000166155
0.000486806
0.0014782
0.00199377
0.0015974
-0.000124119
-0.000967233
-0.00123927
-0.00129532
-0.0013708
-0.00154181
-0.00187829
-0.00244582
-0.00297834
-0.00332746
-0.00332746

-0.00336319
0.00336319
0.00412071
0.0033756
0.000705184
0.000665596
-0.000153453
0.000576313
0.00153939
0.00224599
0.00182187
-0.000132972
-0.00108774
-0.00135825
-0.00144014
-0.00155453
-0.00174547
-0.00211413
-0.00277306
-0.00340094
-0.00387036
-0.00387036

-0.0035153
0.0035153
0.00437024
0.00368658
0.000973905
0.000334741
-0.000175871
0.000626107
0.00161397
0.00227698
0.00235498
-0.000321473
-0.00133524
-0.00148118
-0.00156709
-0.00172058
-0.00193207
-0.00232965
-0.0030833
-0.0038066
-0.00438417
-0.00438417

-0.00357323
0.00357323
0.00448931
0.00393402
0.00123779
0.000232138
-8.73119e-05
0.000698339
0.00176781
0.00269692
0.00256013
-0.000235564
-0.00147179
-0.00162331
-0.00169348
-0.00187517
-0.00212362
-0.00256576
-0.00342799
-0.00425793
-0.00492082
-0.00492082

-0.00353751
0.00353751
0.00447547
0.00408267
0.00144226
0.000224106
-3.77638e-06
0.000791605
0.00203352
0.00296532
0.00255523
-0.000118117
-0.001443
-0.00170579
-0.00180813
-0.00202402
-0.00231474
-0.00281012
-0.00378457
-0.00471309
-0.0054557
-0.0054557

-0.00339776
0.00339776
0.00434111
0.00411579
0.00155994
0.000247243
7.61914e-05
0.000907531
0.00225151
0.00302098
0.00294746
-0.00020461
-0.00147128
-0.00176135
-0.00190259
-0.00215883
-0.00250271
-0.00306449
-0.00414617
-0.0051676
-0.00598012
-0.00598012

-0.00315796
0.00315796
0.00411832
0.00403416
0.00158399
0.000278542
0.000156949
0.00104451
0.00235497
0.00320355
0.00296651
-0.000133516
-0.00145051
-0.00177986
-0.00197048
-0.00228178
-0.0026954
-0.00333732
-0.00451561
-0.00562555
-0.00649529
-0.00649529

-0.00369317
0.00315796
0.00411832
0.00403416
0.00158399
0.000278542
0.000156949
0.00104451
0.00235497
0.00320355
0.00296651
-0.000133516
-0.00145051
-0.00177986
-0.00197048
-0.00228178
-0.0026954
-0.00333732
-0.00451561
-0.00562555
-0.00649529
-0.00712259

0
0
0
0
0
0
0
0
0
0
0
0
0
0
0
0
0
0
0
0
0
0


0
0
0
0
0
0
0
0
0
0
0
0
0
0
0
0
0
0
0
0
0
0

4.79124e-05
-4.79124e-05
-0.000207765
-0.000376454
-0.00052892
-0.000760669
-0.0005235
-0.000299367
-0.000126583
0.000524112
2.1735e-05
0.000369046
-7.43568e-05
-5.52445e-05
1.63713e-05
-2.80825e-05
-9.58702e-05
-0.000156476
-0.000222868
-0.000283947
-0.000314964
-0.000314964

-0.000294316
0.000294316
0.000162916
-0.000193717
-0.000515379
-0.000924741
-0.00066337
-0.00029203
0.000138888
0.000668113
-0.000226818
0.00060837
-8.20912e-05
-0.00020203
-0.000147312
-0.000195097
-0.000298551
-0.000407638
-0.000530221
-0.000639217
-0.000691133
-0.000691133

-0.00063505
0.00063505
0.000523222
2.27623e-05
-0.00047653
-0.000958913
-0.00071527
-0.000239197
0.000241588
0.000919761
-0.000178611
0.00065643
2.0006e-06
-0.000310503
-0.000320385
-0.000373871
-0.000502692
-0.000657984
-0.00083932
-0.00100012
-0.00108452
-0.00108452

-0.000968942
0.000968942
0.000884744
0.000246386
-0.000411408
-0.000900665
-0.000761521
-0.000188438
0.000618104
0.000794724
0.000240336
0.000538445
-5.29489e-05
-0.000427726
-0.000489572
-0.000558481
-0.000708986
-0.000908682
-0.00114912
-0.00136579
-0.00149663
-0.00149663

-0.00128478
0.00128478
0.0012227
0.000490921
-0.000309025
-0.000814514
-0.000741068
-6.98073e-05
0.000757724
0.000937268
0.000395286
0.000506217
-5.07508e-05
-0.000537081
-0.000660862
-0.000745826
-0.000913599
-0.00115547
-0.00145845
-0.00173762
-0.00192592
-0.00192592

-0.00157589
0.00157589
0.00155044
0.000761223
-0.000157575
-0.000697695
-0.000656768
7.21576e-05
0.000955257
0.000982498
0.000517246
0.000479105
-3.42105e-05
-0.00059823
-0.000811745
-0.000932843
-0.00112199
-0.00140562
-0.00177687
-0.00212697
-0.00238119
-0.00238119

-0.00183961
0.00183961
0.00186645
0.00102119
2.30327e-05
-0.000564737
-0.000526957
0.000258115
0.000988762
0.00110265
0.000817375
0.000466762
-0.000133558
-0.000683283
-0.000949023
-0.00111375
-0.00133058
-0.0016607
-0.00210474
-0.00252998
-0.00285845
-0.00285845

-0.00206542
0.00206542
0.00215082
0.00127794
0.000213997
-0.000424104
-0.000393549
0.000384939
0.00111136
0.00132722
0.000824236
0.000556009
-0.000199672
-0.000774564
-0.00107994
-0.00128904
-0.00153669
-0.00191679
-0.00243732
-0.00294093
-0.00334824
-0.00334824

-0.00224053
0.00224053
0.00237638
0.00148455
0.00035936
-0.000347207
-0.00031886
0.000430314
0.00109234
0.00138854
0.000991196
0.000450097
-0.000297262
-0.000869123
-0.00120919
-0.00145276
-0.0017321
-0.00216096
-0.00275218
-0.00332975
-0.00382089
-0.00382089

-0.00234943
0.00234943
0.00254663
0.00169301
0.00051673
-0.000247833
-0.000231341
0.000489473
0.00120944
0.00154039
0.00120554
0.000437818
-0.000464498
-0.000992291
-0.00132335
-0.00160751
-0.00192596
-0.00240659
-0.00307934
-0.00374463
-0.00430655
-0.00430655

-0.00242137
0.00242137
0.00268263
0.00189704
0.000701775
-8.99646e-05
-7.36483e-05
0.000614316
0.00142438
0.00182093
0.00127603
0.000524065
-0.000495682
-0.00109116
-0.00144714
-0.00176635
-0.00213079
-0.00267675
-0.00344531
-0.00420597
-0.00482641
-0.00482641

-0.00242475
0.00242475
0.00274954
0.00203999
0.000843941
3.79971e-05
4.98915e-05
0.00074173
0.00160471
0.00196818
0.00158038
0.000488294
-0.000550494
-0.00118189
-0.00156163
-0.0019172
-0.0023332
-0.00294837
-0.00381358
-0.00466208
-0.00534679
-0.00534679

-0.0023486
0.0023486
0.00273163
0.0021124
0.000936444
0.000132355
0.00014355
0.000870245
0.00178589
0.00216715
0.00169153
0.000520219
-0.000585015
-0.00125133
-0.00166227
-0.00205927
-0.00253268
-0.00322184
-0.00418295
-0.00511779
-0.00586326
-0.00586326

-0.00218839
0.00218839
0.00262877
0.00210986
0.000973389
0.000193094
0.000226255
0.00100012
0.00195421
0.00229292
0.00183783
0.000527196
-0.000602139
-0.00128678
-0.00174108
-0.00219086
-0.00273053
-0.00349921
-0.00455534
-0.00557765
-0.00637602
-0.00637602

-0.00280715
0.00218839
0.00262877
0.00210986
0.000973389
0.000193094
0.000226255
0.00100012
0.00195421
0.00229292
0.00183783
0.000527196
-0.000602139
-0.00128678
-0.00174108
-0.00219086
-0.00273053
-0.00349921
-0.00455534
-0.00557765
-0.00637602
-0.00700507

0
0
0
0
0
0
0
0
0
0
0
0
0
0
0
0
0
0
0
0
0
0


0
0
0
0
0
0
0
0
0
0
0
0
0
0
0
0
0
0
0
0
0
0

0
-4.79124e-05
-0.000207765
-0.000376454
-0.00052892
-0.000760669
-0.0005235
-0.000299367
-0.000126583
0.000524112
2.1735e-05
0.000369046
-7.43568e-05
-5.52445e-05
1.63713e-05
-2.80825e-05
-9.58702e-05
-0.000156476
-0.000222868
-0.000283947
-0.000314964
0

0
0.000294316
0.000162916
-0.000193717
-0.000515379
-0.000924741
-0.00066337
-0.00029203
0.000138888
0.000668113
-0.000226818
0.00060837
-8.20912e-05
-0.00020203
-0.000147312
-0.000195097
-0.000298551
-0.000407638
-0.000530221
-0.000639217
-0.000691133
0

0
0.00063505
0.000523222
2.27623e-05
-0.00047653
-0.000958913
-0.00071527
-0.000239197
0.000241588
0.000919761
-0.000178611
0.00065643
2.0006e-06
-0.000310503
-0.000320385
-0.000373871
-0.000502692
-0.000657984
-0.00083932
-0.00100012
-0.00108452
0

0
0.000968942
0.000884744
0.000246386
-0.000411408
-0.000900665
-0.000761521
-0.000188438
0.000618104
0.000794724
0.000240336
0.000538445
-5.29489e-05
-0.000427726
-0.000489572
-0.000558481
-0.000708986
-0.000908682
-0.00114912
-0.00136579
-0.00149663
0

0
0.00128478
0.0012227
0.000490921
-0.000309025
-0.000814514
-0.000741068
-6.98073e-05
0.000757724
0.000937268
0.000395286
0.000506217
-5.07508e-05
-0.000537081
-0.000660862
-0.000745826
-0.000913599
-0.00115547
-0.00145845
-0.00173762
-0.00192592
0

0
0.00157589
0.00155044
0.000761223
-0.000157575
-0.000697695
-0.000656768
7.21576e-05
0.000955257
0.000982498
0.000517246
0.000479105
-3.42105e-05
-0.00059823
-0.000811745
-0.000932843
-0.00112199
-0.00140562
-0.00177687
-0.00212697
-0.00238119
0

0
0.00183961
0.00186645
0.00102119
2.30327e-05
-0.000564737
-0.000526957
0.000258115
0.000988762
0.00110265
0.000817375
0.000466762
-0.000133558
-0.000683283
-0.000949023
-0.00111375
-0.00133058
-0.0016607
-0.00210474
-0.00252998
-0.00285845
0

0
0.00206542
0.00215082
0.00127794
0.000213997
-0.000424104
-0.000393549
0.000384939
0.00111136
0.00132722
0.000824236
0.000556009
-0.000199672
-0.000774564
-0.00107994
-0.00128904
-0.00153669
-0.00191679
-0.00243732
-0.00294093
-0.00334824
0

0
0.00224053
0.00237638
0.00148455
0.00035936
-0.000347207
-0.00031886
0.000430314
0.00109234
0.00138854
0.000991196
0.000450097
-0.000297262
-0.000869123
-0.00120919
-0.00145276
-0.0017321
-0.00216096
-0.00275218
-0.00332975
-0.00382089
0

0
0.00234943
0.00254663
0.00169301
0.00051673
-0.000247833
-0.000231341
0.000489473
0.00120944
0.00154039
0.00120554
0.000437818
-0.000464498
-0.000992291
-0.00132335
-0.00160751
-0.00192596
-0.00240659
-0.00307934
-0.00374463
-0.00430655
0

0
0.00242137
0.00268263
0.00189704
0.000701775
-8.99646e-05
-7.36483e-05
0.000614316
0.00142438
0.00182093
0.00127603
0.000524065
-0.000495682
-0.00109116
-0.00144714
-0.00176635
-0.00213079
-0.00267675
-0.00344531
-0.00420597
-0.00482641
0

0
0.00242475
0.00274954
0.00203999
0.000843941
3.79971e-05
4.98915e-05
0.00074173
0.00160471
0.00196818
0.00158038
0.000488294
-0.000550494
-0.00118189
-0.00156163
-0.0019172
-0.0023332
-0.00294837
-0.00381358
-0.00466208
-0.00534679
0

0
0.0023486
0.00273163
0.0021124
0.000936444
0.000132355
0.00014355
0.000870245
0.00178589
0.00216715
0.00169153
0.000520219
-0.000585015
-0.00125133
-0.00166227
-0.00205927
-0.00253268
-0.00322184
-0.00418295
-0.00511779
-0.00586326
0

0
0.00218839
0.00262877
0.00210986
0.000973389
0.000193094
0.000226255
0.00100012
0.00195421
0.00229292
0.00183783
0.000527196
-0.000602139
-0.00128678
-0.00174108
-0.00219086
-0.00273053
-0.00349921
-0.00455534
-0.00557765
-0.00637602
0

0
0.00218839
0.00262877
0.00210986
0.000973389
0.000193094
0.000226255
0.00100012
0.00195421
0.00229292
0.00183783
0.000527196
-0.000602139
-0.00128678
-0.00174108
-0.00219086
-0.00273053
-0.00349921
-0.00455534
-0.00557765
-0.00637602
0

0
0
0
0
0
0
0
0
0
0
0
0
0
0
0
0
0
0
0
0
0
0


