0
0
0
0
0
-0.700798
0
0
0
0
0
0
0
0
0
0
0
0
0
0
0
0

0
-0.418308
-0.757832
-0.478694
-0.383615
-0.347833
-0.374252
-0.598769
0.288366
-3.33474
-0.400452
-0.412578
-1.99605
-0.128117
-0.609717
-0.413533
-0.458934
0.211473
-0.21657
-0.636847
-0.497562
0

0
-0.677472
-1.16718
-0.826415
-0.684168
-0.123161
0
-0.921506
-0.0119369
-1.76415
-0.78678
-0.607577
-3.38213
-0.306605
-0.716939
-0.805285
0.313634
-0.144571
-0.269645
-1.01692
-0.745511
0

0
-0.825828
-1.62096
-1.06572
-0.929025
0
-0.629342
-1.19517
0
-1.76199
-1.11559
-0.917288
-2.50044
-0.588944
-0.837803
-0.883151
-0.778334
0.060529
-0.349408
-1.39167
-0.985681
0

0
-0.971797
-1.89901
-1.33469
-1.12621
-0.446135
-0.909648
-1.42933
-0.316159
-1.84577
-1.41145
-1.26375
-2.778
-1.75663
-1.0177
-0.862123
-1.35836
0.135405
-0.403228
-1.7773
-1.22304
0

0
-1.20615
-1.93457
-1.4948
-1.33469
-0.629693
-1.16936
-1.66937
-0.472665
-2.03454
-1.65308
-1.63642
-2.71667
-1.62154
-1.23747
-0.479471
-1.55453
0.175211
-0.403228
-2.17434
-1.45757
0

0
-1.46447
-1.9994
-1.71112
-1.56382
-0.773135
-1.40608
-1.93523
-0.592366
-2.23249
-1.92768
-1.97009
-2.73352
-1.86856
-1.42778
-0.540942
-1.80571
0.213301
-0.592519
-2.57611
-1.68941
0

0
-1.71803
-2.14415
-1.92571
-1.79554
-0.893224
-1.63135
-2.19457
0
-2.44328
-2.18497
-2.26535
-2.87661
-2.11501
-1.58347
-0.542564
-2.15432
0.256536
-0.694461
-2.97133
-1.91906
0

0
-1.96465
-2.32392
-2.14736
-2.00582
-1.01783
-1.8356
-2.26947
-1.48964
-2.4912
-2.42278
-2.53302
-3.06532
-2.48957
-1.77791
-0.518624
-2.5566
0.287517
-0.775086
-3.59866
-2.14822
0

0
-2.20657
-2.51793
-2.37077
-2.17488
-1.17791
-2.01518
-2.35741
-2.09489
-2.58634
-2.64323
-2.778
-3.23748
-3.21297
-1.78178
-0.571804
-3.08186
0.313634
-0.942687
-3.48458
-2.37773
0

0
-2.44587
-2.71922
-2.59156
-2.31813
-1.21682
-2.20025
-2.45583
-2.53897
-2.72474
-2.85994
-2.99534
-3.33338
-4.55637
-1.56637
-0.712366
-3.79729
1.21277
-0.914519
-3.59866
-2.6076
0

0
-2.68475
-2.9246
-2.80884
-2.49017
-1.29803
-2.38094
-2.62245
-2.89871
-2.89142
-3.08526
-3.1783
-3.38938
-4.93998
-1.23211
-0.902896
-4.70168
1.25881
-1.23492
-3.73375
-2.83304
0

0
-2.92575
-3.13657
-3.0364
-2.69919
-1.25762
-2.5765
-2.8197
-3.33474
-3.08836
-3.28999
-3.38213
-3.51335
-5.1361
-1.08067
0
-5.78698
1.50869
-1.50078
-3.89589
-3.05619
0

0
-3.17185
-3.3256
-3.20595
-2.91899
-1.21106
-2.7928
-3.06506
-3.38056
-3.32809
-3.516
-3.58928
-3.81679
-4.93045
0
-2.43266
-6.7081
1.93936
-1.71045
-4.04991
-3.28631
0

0
-3.43264
-3.57148
-3.46438
-3.17569
-1.13327
-3.0494
-3.33474
-3.60915
-3.58733
-3.75235
-3.8303
-4.07241
-4.90639
-1.61076
-2.73993
-7.50795
2.08565
-1.89776
-4.22817
-3.53647
0

0
-3.43264
-3.57148
-3.46438
-3.17569
-0.598769
-3.0494
-3.33474
-3.60915
-3.58733
-3.75235
-3.8303
-4.07241
-4.90639
-1.61076
-2.73993
-7.50795
2.08565
-1.89776
-4.22817
-3.53647
0

0
0
0
0
0
0
0
0
0
0
0
0
0
0
0
0
0
0
0
0
0
0


0
0
0
0
0
0
0
0
0
0
0
0
0
0
0
0
0
0
0
0
0
-2.37773

0.418308
-0.418308
-0.757832
-0.478694
-0.383615
-0.347833
-0.374252
-0.598769
0.288366
-3.33474
-0.400452
-0.412578
-1.99605
-0.128117
-0.609717
-0.413533
-0.458934
0.211473
-0.21657
-0.636847
-0.497562
-0.497562

0.677472
-0.677472
-1.16718
-0.826415
-0.684168
-0.123161
0
-0.921506
-0.0119369
-1.76415
-0.78678
-0.607577
-3.38213
-0.306605
-0.716939
-0.805285
0.313634
-0.144571
-0.269645
-1.01692
-0.745511
-0.745511

0.825828
-0.825828
-1.62096
-1.06572
-0.929025
0
-0.629342
-1.19517
0
-1.76199
-1.11559
-0.917288
-2.50044
-0.588944
-0.837803
-0.883151
-0.778334
0.060529
-0.349408
-1.39167
-0.985681
-0.985681

0.971797
-0.971797
-1.89901
-1.33469
-1.12621
-0.446135
-0.909648
-1.42933
-0.316159
-1.84577
-1.41145
-1.26375
-2.778
-1.75663
-1.0177
-0.862123
-1.35836
0.135405
-0.403228
-1.7773
-1.22304
-1.22304

1.20615
-1.20615
-1.93457
-1.4948
-1.33469
-0.629693
-1.16936
-1.66937
-0.472665
-2.03454
-1.65308
-1.63642
-2.71667
-1.62154
-1.23747
-0.479471
-1.55453
0.175211
-0.403228
-2.17434
-1.45757
-1.45757

1.46447
-1.46447
-1.9994
-1.71112
-1.56382
-0.773135
-1.40608
-1.93523
-0.592366
-2.23249
-1.92768
-1.97009
-2.73352
-1.86856
-1.42778
-0.540942
-1.80571
0.213301
-0.592519
-2.57611
-1.68941
-1.68941

1.71803
-1.71803
-2.14415
-1.92571
-1.79554
-0.893224
-1.63135
-2.19457
0
-2.44328
-2.18497
-2.26535
-2.87661
-2.11501
-1.58347
-0.542564
-2.15432
0.256536
-0.694461
-2.97133
-1.91906
-1.91906

1.96465
-1.96465
-2.32392
-2.14736
-2.00582
-1.01783
-1.8356
-2.26947
-1.48964
-2.4912
-2.42278
-2.53302
-3.06532
-2.48957
-1.77791
-0.518624
-2.5566
0.287517
-0.775086
-3.59866
-2.14822
-2.14822

2.20657
-2.20657
-2.51793
-2.37077
-2.17488
-1.17791
-2.01518
-2.35741
-2.09489
-2.58634
-2.64323
-2.778
-3.23748
-3.21297
-1.78178
-0.571804
-3.08186
0.313634
-0.942687
-3.48458
-2.37773
-2.37773

2.44587
-2.44587
-2.71922
-2.59156
-2.31813
-1.21682
-2.20025
-2.45583
-2.53897
-2.72474
-2.85994
-2.99534
-3.33338
-4.55637
-1.56637
-0.712366
-3.79729
1.21277
-0.914519
-3.59866
-2.6076
-2.6076

2.68475
-2.68475
-2.9246
-2.80884
-2.49017
-1.29803
-2.38094
-2.62245
-2.89871
-2.89142
-3.08526
-3.1783
-3.38938
-4.93998
-1.23211
-0.902896
-4.70168
1.25881
-1.23492
-3.73375
-2.83304
-2.83304

2.92575
-2.92575
-3.13657
-3.0364
-2.69919
-1.25762
-2.5765
-2.8197
-3.33474
-3.08836
-3.28999
-3.38213
-3.51335
-5.1361
-1.08067
0
-5.78698
1.50869
-1.50078
-3.89589
-3.05619
-3.05619

3.17185
-3.17185
-3.3256
-3.20595
-2.91899
-1.21106
-2.7928
-3.06506
-3.38056
-3.32809
-3.516
-3.58928
-3.81679
-4.93045
0
-2.43266
-6.7081
1.93936
-1.71045
-4.04991
-3.28631
-3.28631

3.43264
-3.43264
-3.57148
-3.46438
-3.17569
-1.13327
-3.0494
-3.33474
-3.60915
-3.58733
-3.75235
-3.8303
-4.07241
-4.90639
-1.61076
-2.73993
-7.50795
2.08565
-1.89776
-4.22817
-3.53647
-3.53647

3.20938
-3.43264
-3.57148
-3.46438
-3.17569
-0.598769
-3.0494
-3.33474
-3.60915
-3.58733
-3.75235
-3.8303
-4.07241
-4.90639
-1.61076
-2.73993
-7.50795
2.08565
-1.89776
-4.22817
-3.53647
-3.30844

0
0
0
0
0
0
0
0
0
0
0
0
0
0
0
0
0
0
0
0
0
0


0
0
0
0
0
0
0
0
0
0
0
0
0
0
0
0
0
0
0
0
0
0

0.497294
-0.497294
-2.37434
-0.448558
-0.194941
-1.32445
-1.46074
-0.619468
0.121432
-0.294039
-0.565104
-0.556945
-0.835728
-0.401924
-0.60498
-0.541023
-3.13374
0.512852
-0.182661
-0.5533
-0.537941
-0.537941

0.579448
-0.579448
3.90389
-0.191315
-0.55094
-0.756477
-1.82091
-0.876799
-0.947908
-1.74217
-0.8091
-0.744185
1.68597
-0.287876
-1.00274
-1.04656
-2.66846
0.0228558
-0.177965
-0.813255
-0.768375
-0.768375

0.781441
-0.781441
2.04324
-0.488595
-0.877639
-1.17132
-1.00239
-1.18322
-1.79856
-1.9379
-1.09391
-0.953213
-0.576279
-0.544396
-1.33534
-1.81869
1.64212
-0.0998829
-0.229311
-1.03674
-1.00814
-1.00814

0.974514
-0.974514
-0.550506
-0.872329
-1.11762
-1.06273
-1.04086
-1.42301
-1.93677
-1.91207
-1.39499
-1.26715
-2.01136
-2.84505
-1.78081
-2.41491
-1.07716
-0.229474
-0.253437
-1.19059
-1.2488
-1.2488

1.20707
-1.20707
-1.77843
-1.43826
-1.32109
-1.33403
-1.38662
-1.66097
-2.52964
-2.00017
-1.68206
-1.6243
-2.65414
-2.7209
-2.38864
-2.22504
-1.8966
-0.391419
-0.33228
-1.24675
-1.48905
-1.48905

1.47077
-1.47077
-2.02668
-1.77989
-1.54536
-1.57387
-1.6825
-1.91499
-3.09809
-2.19317
-1.93424
-1.95875
-2.75817
-2.94078
-3.14961
-2.8043
-1.58391
-0.489108
-0.529859
-1.2152
-1.72925
-1.72925

1.73212
-1.73212
-2.14602
-1.97787
-1.7958
-1.62944
-1.88331
-2.17144
-2.90378
-2.36805
-2.19476
-2.25194
-2.88997
-3.40608
-3.84233
-3.12626
-1.44911
-0.551328
-0.973307
-1.26974
-1.96795
-1.96795

1.98537
-1.98537
-2.33369
-2.18426
-2.0592
-1.57012
-1.99648
-2.32718
-1.0691
-2.48178
-2.44415
-2.52019
-3.11548
-3.65745
-4.15147
-3.90773
-1.49447
-0.700984
-1.35663
-2.03995
-2.20101
-2.20101

2.23383
-2.23383
-2.55838
-2.41586
-2.29322
-1.48192
-2.07908
-2.40861
-1.61979
-2.59243
-2.67842
-2.76847
-3.32429
-3.51033
-4.14898
-4.21946
-1.48362
-0.940446
-1.58708
-3.32935
-2.42832
-2.42832

2.48016
-2.48016
-2.79806
-2.66048
-2.46247
-1.5643
-2.25565
-2.5503
-2.10152
-2.76574
-2.90329
-2.9976
-3.35294
-2.40955
-3.74143
-4.52879
-1.3939
0.960084
-1.16945
-3.48959
-2.66335
-2.66335

2.72683
-2.72683
-3.03927
-2.91179
-2.61797
-2.04803
-2.55171
-2.72862
-2.4381
-2.96009
-3.12082
-3.20789
-3.17226
0.0344536
-3.26283
-4.63226
-1.16596
1.3198
-1.49043
-3.28252
-2.89999
-2.89999

2.97754
-2.97754
-3.25096
-3.13899
-2.84408
-2.05432
-2.76575
-2.93739
-2.96039
-3.1746
-3.3454
-3.41259
-3.53036
-4.86344
-3.52207
-4.04452
-1.0109
1.28652
-1.97503
-3.34852
-3.13397
-3.13397

3.23636
-3.23636
-3.39988
-3.25267
-3.08402
-2.29866
-2.98899
-3.17829
-3.56462
-3.41051
-3.56859
-3.63963
-3.78519
-5.05581
-2.89256
-1.97772
-1.07975
1.3212
-2.30161
-3.58219
-3.37329
-3.37329

3.50536
-3.50536
-3.66494
-3.56051
-3.35091
-2.64833
-3.25826
-3.45465
-3.74973
-3.67107
-3.81591
-3.87891
-4.0525
-4.45329
-0.357766
-3.63327
-1.82197
1.25076
-2.50078
-3.85115
-3.62855
-3.62855

3.27149
-3.50536
-3.66494
-3.56051
-3.35091
-2.64833
-3.25826
-3.45465
-3.74973
-3.67107
-3.81591
-3.87891
-4.0525
-4.45329
-0.357766
-3.63327
-1.82197
1.25076
-2.50078
-3.85115
-3.62855
-3.38727

0
0
0
0
0
0
0
0
0
0
0
0
0
0
0
0
0
0
0
0
0
0


0
0
0
0
0
0
0
0
0
0
0
0
0
0
0
0
0
0
0
0
0
0

0.507516
-0.507516
-0.953978
-0.4347
-0.593946
-0.920711
-0.659627
-0.598674
-0.928748
-0.253564
-0.616891
-0.590049
0.14581
-0.703794
-0.729518
-0.962906
-1.48381
-0.664654
-0.383633
-0.567277
-0.577058
-0.577058

0.625248
-0.625248
1.9624
-0.617024
-0.602133
-1.8201
-1.23856
-0.888908
-0.756678
-0.719184
-0.841365
-0.829133
-0.902271
-1.00068
-1.08479
-1.22307
-2.48818
-0.208013
-0.410102
-0.785809
-0.8003
-0.8003

0.791341
-0.791341
1.0652
-0.677376
-0.870055
-1.15249
-1.57954
-1.17262
-1.26456
-1.56048
-1.10242
-1.05759
-0.294265
-1.27434
-1.484
-1.56239
1.80286
-0.528929
-0.565588
-1.00949
-1.03534
-1.03534

0.987914
-0.987914
0.317156
-0.923543
-1.15169
-1.10136
-1.29931
-1.42164
-1.83349
-1.88202
-1.39177
-1.29785
-1.20597
-1.2326
-1.8516
-1.98365
0.974444
-0.481456
-0.805535
-1.22746
-1.27581
-1.27581

1.21597
-1.21597
-0.966672
-1.20989
-1.38185
-1.16097
-1.36564
-1.64688
-1.92946
-1.99069
-1.67535
-1.60806
-2.07907
-2.62929
-2.22371
-2.82144
-1.17867
-0.646914
-0.995977
-1.44492
-1.51693
-1.51693

1.47569
-1.47569
-1.80542
-1.66816
-1.60764
-1.48953
-1.61795
-1.88093
-2.34975
-2.14906
-1.94298
-1.94148
-2.59657
-2.94999
-2.63108
-3.2761
-1.9372
-0.799972
-0.99143
-1.68057
-1.75677
-1.75677

1.74371
-1.74371
-2.14884
-2.00276
-1.84601
-1.72252
-1.88699
-2.12605
-2.77913
-2.36208
-2.19829
-2.24464
-2.81836
-3.39557
-3.2146
-3.31369
-1.80226
-0.833539
-1.18744
-1.89147
-1.99524
-1.99524

2.00552
-2.00552
-2.36378
-2.23697
-2.09116
-1.73724
-2.11947
-2.35697
-2.49427
-2.53654
-2.44789
-2.52063
-3.01374
-3.9423
-3.85098
-3.63246
-1.6422
-0.830447
-1.63103
-1.98512
-2.23387
-2.23387

2.26165
-2.26165
-2.58431
-2.46283
-2.33925
-1.66796
-2.28183
-2.51742
-1.88538
-2.64784
-2.68612
-2.77716
-3.22634
-4.14945
-4.31078
-4.18367
-1.5778
-1.04458
-2.20124
-2.35048
-2.4753
-2.4753

2.51602
-2.51602
-2.81802
-2.69711
-2.56296
-1.84706
-2.40825
-2.64977
-2.21651
-2.80867
-2.91703
-3.01609
-3.35885
-3.40321
-4.23656
-4.45213
-1.48717
-2.421
-2.98839
-3.35401
-2.71381
-2.71381

2.77125
-2.77125
-3.0651
-2.93253
-2.75333
-2.36472
-2.61678
-2.82348
-2.56737
-3.00825
-3.14683
-3.23817
-3.29208
-0.306675
-3.59252
-5.01947
-1.41828
-1.75109
-2.94629
-3.67058
-2.95627
-2.95627

3.02885
-3.02885
-3.33186
-3.1694
-2.96862
-2.66458
-2.91528
-3.04418
-2.85544
-3.22728
-3.37848
-3.45518
-3.43873
-2.22039
-3.29899
-5.37865
-1.30869
-1.66819
-3.11014
-3.67512
-3.20071
-3.20071

3.29095
-3.29095
-3.60574
-3.42927
-3.21979
-2.76634
-3.1566
-3.2865
-3.26469
-3.47238
-3.61515
-3.68305
-3.75017
-4.77519
-3.18182
-5.04097
-1.59452
-2.02489
-3.36147
-3.81958
-3.44778
-3.44778

3.55918
-3.55918
-3.8368
-3.66373
-3.48565
-3.03777
-3.41677
-3.5524
-3.71467
-3.7347
-3.85945
-3.92591
-4.02875
-5.00549
-2.67337
-4.93852
-2.13547
-2.29262
-3.56528
-4.05152
-3.70219
-3.70219

3.31683
-3.55918
-3.8368
-3.66373
-3.48565
-3.03777
-3.41677
-3.5524
-3.71467
-3.7347
-3.85945
-3.92591
-4.02875
-5.00549
-2.67337
-4.93852
-2.13547
-2.29262
-3.56528
-4.05152
-3.70219
-3.45077

0
0
0
0
0
0
0
0
0
0
0
0
0
0
0
0
0
0
0
0
0
0


0
0
0
0
0
0
0
0
0
0
0
0
0
0
0
0
0
0
0
0
0
0

0.520693
-0.520693
-0.0966103
-0.520812
-0.593438
-0.0108129
-0.637301
-0.607812
-0.663206
-0.627912
-0.614079
-0.61102
-0.575996
-0.717515
-0.743003
-0.802944
-0.116101
-0.513609
-0.541739
-0.588238
-0.588507
-0.588507

0.685273
-0.685273
-0.157245
-0.707774
-0.742543
-1.44293
-0.960712
-0.881448
-0.976438
-0.803686
-0.873626
-0.859308
-0.694418
-1.01857
-1.10669
-1.25024
-1.25898
-0.889858
-0.702118
-0.824867
-0.825436
-0.825436

0.844096
-0.844096
0.0413716
-0.869066
-0.89291
-2.25025
-1.35672
-1.1414
-1.17192
-1.17335
-1.12605
-1.10549
-1.01571
-1.29231
-1.46248
-1.65196
-2.10555
-1.0012
-0.87276
-1.06497
-1.06256
-1.06256

1.03129
-1.03129
-0.236669
-1.034
-1.14835
-1.90687
-1.53576
-1.41678
-1.5233
-1.64376
-1.39355
-1.35417
-1.14088
-1.59751
-1.8162
-2.06295
-0.238326
-1.1897
-1.09712
-1.3133
-1.30239
-1.30239

1.24877
-1.24877
-0.787772
-1.29705
-1.42271
-1.49584
-1.53438
-1.65383
-1.8882
-1.93754
-1.67157
-1.62613
-1.72937
-2.00309
-2.17678
-2.42302
-0.590437
-1.39891
-1.33986
-1.56555
-1.54389
-1.54389

1.49551
-1.49551
-1.49934
-1.598
-1.65996
-1.48044
-1.67898
-1.88412
-2.12433
-2.13
-1.94269
-1.92833
-2.28284
-2.63034
-2.56805
-3.0258
-1.60775
-1.88048
-1.71221
-1.80144
-1.78552
-1.78552

1.75949
-1.75949
-2.02478
-1.95526
-1.89595
-1.76045
-1.92684
-2.12242
-2.42593
-2.32748
-2.20267
-2.23085
-2.65625
-3.03612
-3.02297
-3.78528
-2.04446
-2.58415
-2.01325
-2.01124
-2.02698
-2.02698

2.02545
-2.02545
-2.35002
-2.25385
-2.14366
-2.00412
-2.18714
-2.35818
-2.61166
-2.53253
-2.45502
-2.51204
-2.91193
-3.43579
-3.63327
-3.88385
-1.97215
-3.3455
-2.48138
-2.23258
-2.26897
-2.26897

2.28771
-2.28771
-2.60076
-2.5032
-2.39504
-2.09508
-2.40309
-2.56612
-2.47767
-2.70877
-2.69985
-2.77415
-3.12629
-3.7222
-4.25987
-4.22579
-1.85074
-3.91588
-3.02327
-2.50142
-2.51104
-2.51104

2.54774
-2.54774
-2.83931
-2.74182
-2.63465
-2.11975
-2.55953
-2.74183
-2.42675
-2.86594
-2.93656
-3.02063
-3.30198
-3.47952
-4.71649
-4.47638
-1.79727
-4.25001
-3.50442
-2.86695
-2.75522
-2.75522

2.80845
-2.80845
-3.07848
-2.98182
-2.85451
-2.34483
-2.73289
-2.92139
-2.66558
-3.06023
-3.17013
-3.25398
-3.39495
-2.35891
-4.74678
-4.69706
-1.7951
-5.08362
-4.04522
-3.45853
-3.00147
-3.00147

3.07178
-3.07178
-3.31937
-3.22333
-3.07652
-2.88347
-3.00091
-3.13396
-2.9372
-3.28013
-3.40458
-3.47969
-3.49161
-2.31943
-4.58254
-5.15948
-1.91782
-5.00159
-4.13717
-3.73476
-3.24896
-3.24896

3.33779
-3.33779
-3.56496
-3.46821
-3.32539
-3.12148
-3.27665
-3.37762
-3.20814
-3.51664
-3.6425
-3.7089
-3.71453
-3.36937
-4.64737
-5.34677
-2.19296
-4.997
-4.25764
-3.85944
-3.49802
-3.49802

3.60429
-3.60429
-3.81348
-3.71655
-3.58629
-3.32701
-3.53511
-3.63727
-3.50428
-3.76879
-3.88559
-3.94808
-3.98711
-4.29824
-4.81382
-5.2542
-2.61097
-5.06531
-4.4383
-4.0442
-3.74988
-3.74988

3.35603
-3.60429
-3.81348
-3.71655
-3.58629
-3.32701
-3.53511
-3.63727
-3.50428
-3.76879
-3.88559
-3.94808
-3.98711
-4.29824
-4.81382
-5.2542
-2.61097
-5.06531
-4.4383
-4.0442
-3.74988
-3.49178

0
0
0
0
0
0
0
0
0
0
0
0
0
0
0
0
0
0
0
0
0
0


0
0
0
0
0
1
0
0
0
0
0
0
0
0
0
0
0
0
0
0
0
0

0.542637
-0.542637
-0.396168
-0.566405
-0.58977
1.15746
-0.592426
-0.609962
-0.633228
-0.622805
-0.617582
-0.619039
-0.630823
-0.691659
-0.723643
-0.766444
-0.579478
-0.747577
-0.647628
-0.612732
-0.596855
-0.596855

0.717884
-0.717884
-0.473122
-0.759186
-0.826461
0.887004
-0.768873
-0.867853
-0.926493
-0.890597
-0.884005
-0.879827
-0.850578
-1.01317
-1.08428
-1.19015
-0.897856
-1.01966
-0.878472
-0.869099
-0.843343
-0.843343

0.89706
-0.89706
-0.563811
-0.960177
-1.00398
-0.415656
-1.09323
-1.13492
-1.18836
-1.15779
-1.14471
-1.13502
-1.09961
-1.30897
-1.43117
-1.59099
-1.70816
-1.42581
-1.12414
-1.12364
-1.08634
-1.08634

1.08619
-1.08619
-0.700692
-1.15635
-1.19469
-1.64369
-1.44855
-1.39834
-1.45879
-1.49089
-1.40607
-1.38972
-1.34274
-1.60459
-1.7745
-1.97712
-1.64836
-1.88776
-1.40269
-1.37874
-1.32844
-1.32844

1.29687
-1.29687
-1.00878
-1.38046
-1.44056
-1.95765
-1.6549
-1.6568
-1.76912
-1.82237
-1.67405
-1.65285
-1.65988
-1.93494
-2.12431
-2.38194
-1.25238
-2.36212
-1.74383
-1.63206
-1.57121
-1.57121

1.53189
-1.53189
-1.458
-1.64863
-1.70212
-1.84145
-1.79708
-1.89658
-2.05036
-2.08513
-1.94293
-1.93287
-2.09539
-2.35496
-2.49921
-2.85475
-1.67077
-3.02387
-2.10108
-1.87836
-1.81471
-1.81471

1.78624
-1.78624
-1.92739
-1.94805
-1.95112
-1.88853
-1.99313
-2.13294
-2.30185
-2.30765
-2.20583
-2.22201
-2.48629
-2.76741
-2.9212
-3.45725
-2.2282
-3.80015
-2.50149
-2.11948
-2.05859
-2.05859

2.04957
-2.04957
-2.30736
-2.25321
-2.19794
-2.13209
-2.23628
-2.36987
-2.53397
-2.52342
-2.46143
-2.50328
-2.79459
-3.12324
-3.41916
-4.14948
-2.49684
-4.49242
-2.86944
-2.35857
-2.30257
-2.30257

2.31405
-2.31405
-2.60393
-2.5291
-2.44753
-2.3562
-2.47822
-2.59748
-2.65641
-2.72946
-2.71039
-2.76985
-3.04299
-3.39852
-4.01568
-4.52416
-2.49818
-5.02573
-3.28255
-2.60791
-2.54694
-2.54694

2.57767
-2.57767
-2.86185
-2.78221
-2.69565
-2.44476
-2.68195
-2.80592
-2.69636
-2.92011
-2.95281
-3.02241
-3.24959
-3.44652
-4.62335
-4.8337
-2.48346
-5.39107
-3.72298
-2.9034
-2.79244
-2.79244

2.84166
-2.84166
-3.10722
-3.02767
-2.93294
-2.54094
-2.8629
-3.00506
-2.83272
-3.11625
-3.19065
-3.26312
-3.41281
-3.12898
-5.05833
-4.92899
-2.58629
-5.58238
-4.09267
-3.27249
-3.03971
-3.03971

3.10728
-3.10728
-3.3492
-3.27205
-3.16257
-2.87984
-3.08464
-3.21759
-3.06614
-3.33449
-3.4275
-3.49582
-3.55547
-2.91058
-5.20527
-5.07472
-2.79796
-5.84231
-4.41052
-3.65765
-3.28873
-3.28873

3.37392
-3.37392
-3.59177
-3.51758
-3.40697
-3.26555
-3.35691
-3.45512
-3.32595
-3.5698
-3.66585
-3.72733
-3.74343
-3.19973
-5.24976
-5.33427
-3.043
-5.92128
-4.54736
-3.90801
-3.53811
-3.53811

3.63842
-3.63842
-3.83581
-3.76541
-3.66297
-3.52108
-3.62205
-3.70898
-3.5978
-3.81677
-3.90696
-3.96375
-3.98686
-3.71322
-5.36275
-5.49637
-3.32788
-6.04445
-4.68888
-4.10392
-3.78741
-3.78741

3.38575
-3.63842
-3.83581
-3.76541
-3.66297
-3.52108
-3.62205
-3.70898
-3.5978
-3.81677
-3.90696
-3.96375
-3.98686
-3.71322
-5.36275
-5.49637
-3.32788
-6.04445
-4.68888
-4.10392
-3.78741
-3.52413

0
0
0
0
0
0
0
0
0
0
0
0
0
0
0
0
0
0
0
0
0
0


0
0
0
0
0
0
0
0
0
0
0
0
0
0
0
0
0
0
0
0
0
0

0.559026
-0.559026
-0.530035
-0.587468
-0.564205
-0.700366
-0.669907
-0.615707
-0.62488
-0.623401
-0.621323
-0.624079
-0.636987
-0.674474
-0.702291
-0.737695
-0.702737
-0.81289
-0.700488
-0.631835
-0.604554
-0.604554

0.750911
-0.750911
-0.668303
-0.810996
-0.806884
-0.623456
-0.914143
-0.883083
-0.907119
-0.900853
-0.893064
-0.89466
-0.906357
-0.995271
-1.05451
-1.13084
-1.00001
-1.21401
-1.00412
-0.906918
-0.860255
-0.860255

0.942025
-0.942025
-0.830442
-1.02415
-1.05212
-0.462619
-1.07159
-1.13775
-1.17889
-1.17128
-1.15702
-1.15556
-1.15752
-1.29656
-1.39323
-1.51405
-1.4
-1.6342
-1.294
-1.17014
-1.10763
-1.10763

1.13937
-1.13937
-1.00597
-1.24015
-1.27086
-0.814777
-1.32641
-1.39504
-1.44463
-1.45388
-1.4187
-1.41416
-1.41678
-1.58965
-1.72819
-1.89467
-1.89533
-2.13094
-1.60423
-1.43057
-1.35313
-1.35313

1.34966
-1.34966
-1.24138
-1.46551
-1.49364
-1.53542
-1.61929
-1.65414
-1.72008
-1.75125
-1.68203
-1.67558
-1.69506
-1.89513
-2.06791
-2.28339
-1.91888
-2.64936
-1.93479
-1.68827
-1.59822
-1.59822

1.5778
-1.5778
-1.56091
-1.71453
-1.74155
-1.95106
-1.85743
-1.90608
-1.99709
-2.03227
-1.94715
-1.94526
-2.02726
-2.23317
-2.42263
-2.70116
-2.081
-3.15119
-2.27378
-1.94348
-1.84378
-1.84378

1.82328
-1.82328
-1.93141
-1.9868
-1.99795
-2.09585
-2.06819
-2.14935
-2.25511
-2.28327
-2.21021
-2.22246
-2.37842
-2.5908
-2.80335
-3.21092
-2.54353
-3.71365
-2.61058
-2.19535
-2.08979
-2.08979

2.08066
-2.08066
-2.29079
-2.27227
-2.25099
-2.25003
-2.29368
-2.38945
-2.49422
-2.51616
-2.46835
-2.49882
-2.69522
-2.92536
-3.22304
-3.8322
-2.99453
-4.35302
-2.94552
-2.44396
-2.33601
-2.33601

2.34354
-2.34354
-2.6057
-2.55213
-2.50206
-2.4613
-2.53355
-2.62574
-2.6955
-2.7397
-2.72083
-2.76662
-2.96861
-3.20767
-3.69558
-4.4442
-3.23531
-4.99456
-3.29213
-2.69553
-2.58244
-2.58244

2.60824
-2.60824
-2.88266
-2.81644
-2.75158
-2.64901
-2.76491
-2.85288
-2.84424
-2.95404
-2.9677
-3.02339
-3.20404
-3.38206
-4.2034
-4.88655
-3.29311
-5.47781
-3.66139
-2.96302
-2.82936
-2.82936

2.87405
-2.87405
-3.13903
-3.06924
-2.99618
-2.79098
-2.97382
-3.07116
-2.99533
-3.16516
-3.2098
-3.26975
-3.40745
-3.39155
-4.66976
-5.09426
-3.34105
-5.71036
-4.02315
-3.25813
-3.07721
-3.07721

3.14105
-3.14105
-3.38624
-3.31694
-3.23521
-2.98383
-3.18407
-3.29147
-3.20045
-3.38562
-3.44924
-3.5081
-3.59142
-3.34203
-4.98161
-5.1272
-3.50311
-5.76293
-4.31269
-3.5769
-3.32626
-3.32626

3.40784
-3.40784
-3.6295
-3.56309
-3.47728
-3.30395
-3.43037
-3.52553
-3.44591
-3.6193
-3.68811
-3.7426
-3.78673
-3.45897
-5.12996
-5.23665
-3.7563
-5.8121
-4.50735
-3.86311
-3.57546
-3.57546

3.67041
-3.67041
-3.8704
-3.80837
-3.72721
-3.59914
-3.69101
-3.77272
-3.70702
-3.86203
-3.92727
-3.97765
-4.0149
-3.76116
-5.24318
-5.42288
-4.01788
-5.94869
-4.661
-4.09154
-3.82259
-3.82259

3.41363
-3.67041
-3.8704
-3.80837
-3.72721
-3.59914
-3.69101
-3.77272
-3.70702
-3.86203
-3.92727
-3.97765
-4.0149
-3.76116
-5.24318
-5.42288
-4.01788
-5.94869
-4.661
-4.09154
-3.82259
-3.55451

0
0
0
0
0
0
0
0
0
0
0
0
0
0
0
0
0
0
0
0
0
0


0
0
0
0
0
0
0
0
0
0
0
0
0
0
0
0
0
0
0
0
0
0

0.574015
-0.574015
-0.587306
-0.602379
-0.605174
-0.528623
-0.582855
-0.611649
-0.622407
-0.624902
-0.625062
-0.628328
-0.639109
-0.661998
-0.682825
-0.706925
-0.699171
-0.812057
-0.723003
-0.644501
-0.612035
-0.612035

0.782363
-0.782363
-0.794501
-0.851454
-0.840754
-0.805255
-0.905209
-0.891915
-0.906335
-0.908247
-0.904719
-0.908648
-0.926093
-0.980547
-1.02833
-1.08301
-1.04546
-1.25265
-1.07077
-0.93907
-0.879147
-0.879147

0.982709
-0.982709
-0.987653
-1.07896
-1.07326
-0.97653
-1.15855
-1.1523
-1.1744
-1.17663
-1.16839
-1.1718
-1.18957
-1.27752
-1.354
-1.44084
-1.38682
-1.65419
-1.37813
-1.20737
-1.12871
-1.12871

1.18733
-1.18733
-1.19238
-1.30569
-1.31346
-1.10087
-1.36402
-1.4059
-1.43906
-1.44695
-1.43019
-1.4325
-1.45172
-1.56805
-1.67738
-1.80065
-1.78811
-2.07187
-1.686
-1.47233
-1.37672
-1.37672

1.40076
-1.40076
-1.42017
-1.53777
-1.55031
-1.36724
-1.60312
-1.66029
-1.70461
-1.72346
-1.69217
-1.69406
-1.72226
-1.86137
-2.00333
-2.16619
-2.11858
-2.50202
-1.99717
-1.73503
-1.62453
-1.62453

1.6268
-1.6268
-1.68893
-1.78172
-1.79253
-1.78552
-1.86346
-1.91508
-1.97226
-1.99883
-1.95511
-1.95953
-2.01425
-2.1673
-2.33701
-2.54757
-2.35545
-2.91903
-2.30864
-1.99553
-1.87265
-1.87265

1.86676
-1.86676
-1.99607
-2.04074
-2.04488
-2.12043
-2.11088
-2.1658
-2.23355
-2.2615
-2.21759
-2.22965
-2.32524
-2.48626
-2.68389
-2.9728
-2.73688
-3.36547
-2.61643
-2.2532
-2.12117
-2.12117

2.11859
-2.11859
-2.31641
-2.3113
-2.30061
-2.34704
-2.34871
-2.41214
-2.48206
-2.50961
-2.47729
-2.50087
-2.62995
-2.80004
-3.04935
-3.47011
-3.23424
-3.89302
-2.92558
-2.50803
-2.36991
-2.36991

2.37824
-2.37824
-2.62339
-2.58447
-2.55484
-2.5561
-2.58873
-2.65493
-2.71234
-2.74745
-2.73271
-2.7678
-2.91123
-3.08648
-3.43776
-4.02475
-3.65879
-4.48015
-3.23946
-2.7621
-2.61866
-2.61866

2.64221
-2.64221
-2.90711
-2.85123
-2.80644
-2.76868
-2.8283
-2.89269
-2.91696
-2.97773
-2.9833
-3.02697
-3.16552
-3.31861
-3.84418
-4.53872
-3.86466
-5.02821
-3.56388
-3.0204
-2.86737
-2.86737

2.90866
-2.90866
-3.17158
-3.10893
-3.0545
-2.95903
-3.0574
-3.12452
-3.10801
-3.20336
-3.22925
-3.27748
-3.39511
-3.47082
-4.2398
-4.88904
-3.87901
-5.38984
-3.8868
-3.28905
-3.11623
-3.11623

3.17658
-3.17658
-3.42398
-3.35998
-3.29883
-3.14591
-3.27926
-3.35452
-3.31534
-3.43079
-3.47165
-3.52037
-3.60759
-3.56714
-4.56836
-5.01409
-3.89359
-5.49921
-4.17381
-3.56823
-3.3655
-3.3655

3.44365
-3.44365
-3.66914
-3.60712
-3.54245
-3.38965
-3.51314
-3.58982
-3.54986
-3.66497
-3.71178
-3.75799
-3.81863
-3.70182
-4.79044
-5.06152
-4.05578
-5.51391
-4.40111
-3.84067
-3.61442
-3.61442

3.70466
-3.70466
-3.90845
-3.85038
-3.78791
-3.66477
-3.76219
-3.83205
-3.80001
-3.90429
-3.9496
-3.99257
-4.04347
-3.93424
-4.94766
-5.20004
-4.32778
-5.62377
-4.58303
-4.08162
-3.8597
-3.8597

3.44347
-3.70466
-3.90845
-3.85038
-3.78791
-3.66477
-3.76219
-3.83205
-3.80001
-3.90429
-3.9496
-3.99257
-4.04347
-3.93424
-4.94766
-5.20004
-4.32778
-5.62377
-4.58303
-4.08162
-3.8597
-3.58666

0
0
0
0
0
0
0
0
0
0
0
0
0
0
0
0
0
0
0
0
0
0


0
0
0
0
0
0
0
0
0
0
0
0
0
0
0
0
0
0
0
0
0
0

0.588761
-0.588761
-0.621
-0.616516
-0.611023
-0.592661
-0.613503
-0.618944
-0.623457
-0.626834
-0.628497
-0.631844
-0.639447
-0.651771
-0.66539
-0.676936
-0.66826
-0.767362
-0.721899
-0.651242
-0.619071
-0.619071

0.812626
-0.812626
-0.874426
-0.886374
-0.881119
-0.839236
-0.886951
-0.902424
-0.913425
-0.917973
-0.917924
-0.922615
-0.93761
-0.969943
-1.00465
-1.03664
-1.02232
-1.1969
-1.09538
-0.965614
-0.898997
-0.898997

1.02105
-1.02105
-1.09596
-1.12638
-1.11709
-1.07822
-1.16012
-1.16394
-1.17836
-1.18399
-1.1817
-1.18733
-1.20675
-1.26054
-1.3168
-1.36996
-1.34472
-1.56549
-1.40925
-1.24044
-1.15156
-1.15156

1.23144
-1.23144
-1.31834
-1.36189
-1.35493
-1.29046
-1.40763
-1.42045
-1.44021
-1.44843
-1.44238
-1.44835
-1.47099
-1.54556
-1.62569
-1.70271
-1.68277
-1.92094
-1.70981
-1.50826
-1.40086
-1.40086

1.44868
-1.44868
-1.55165
-1.6
-1.59773
-1.50641
-1.64086
-1.6747
-1.70243
-1.71578
-1.7036
-1.71004
-1.73853
-1.83119
-1.93651
-2.04096
-2.03172
-2.28
-2.00828
-1.77457
-1.65077
-1.65077

1.67547
-1.67547
-1.80441
-1.8447
-1.84389
-1.78296
-1.88629
-1.92954
-1.96593
-1.98469
-1.96588
-1.9741
-2.01549
-2.12225
-2.25167
-2.38891
-2.34525
-2.6424
-2.30605
-2.03952
-1.90165
-1.90165

1.91334
-1.91334
-2.07995
-2.09858
-2.09534
-2.09831
-2.14048
-2.18415
-2.22797
-2.24987
-2.2285
-2.24104
-2.30359
-2.42034
-2.57342
-2.75743
-2.69292
-3.0167
-2.60236
-2.30245
-2.15332
-2.15332

2.16196
-2.16196
-2.37043
-2.36097
-2.35119
-2.38277
-2.39252
-2.43664
-2.48396
-2.50736
-2.48991
-2.50934
-2.59391
-2.71889
-2.90377
-3.16374
-3.14405
-3.43237
-2.89779
-2.56286
-2.40545
-2.40545

2.41923
-2.41923
-2.66159
-2.62769
-2.60778
-2.62914
-2.64116
-2.68621
-2.73014
-2.75692
-2.74848
-2.77568
-2.87443
-3.00528
-3.24344
-3.61335
-3.63517
-3.90601
-3.19401
-2.82091
-2.65757
-2.65757

2.68247
-2.68247
-2.94253
-2.89282
-2.86226
-2.86004
-2.88722
-2.93199
-2.96294
-2.99973
-3.00301
-3.03678
-3.13854
-3.26441
-3.58889
-4.07333
-4.00408
-4.40759
-3.49245
-3.07799
-2.90916
-2.90916

2.94937
-2.94937
-3.20994
-3.15225
-3.1132
-3.07917
-3.12774
-3.1732
-3.18416
-3.23728
-3.2529
-3.29077
-3.38475
-3.48256
-3.92656
-4.46627
-4.12518
-4.83728
-3.78873
-3.33654
-3.15989
-3.15989

3.21802
-3.21802
-3.46562
-3.40535
-3.36045
-3.2893
-3.36186
-3.41119
-3.40574
-3.47271
-3.49841
-3.53746
-3.6161
-3.66357
-4.22994
-4.70853
-4.0801
-5.08168
-4.06686
-3.59737
-3.40987
-3.40987

3.48535
-3.48535
-3.71247
-3.65331
-3.60553
-3.51384
-3.59697
-3.64962
-3.6387
-3.70948
-3.74019
-3.77788
-3.84052
-3.84331
-4.47305
-4.82371
-4.12571
-5.16492
-4.30645
-3.8547
-3.65862
-3.65862

3.74498
-3.74498
-3.95084
-3.8951
-3.84841
-3.76324
-3.83834
-3.88909
-3.88077
-3.94669
-3.97717
-4.01241
-4.0665
-4.06081
-4.6639
-4.95574
-4.36954
-5.27082
-4.50804
-4.09459
-3.90221
-3.90221

3.47867
-3.74498
-3.95084
-3.8951
-3.84841
-3.76324
-3.83834
-3.88909
-3.88077
-3.94669
-3.97717
-4.01241
-4.0665
-4.06081
-4.6639
-4.95574
-4.36954
-5.27082
-4.50804
-4.09459
-3.90221
-3.6237

0
0
0
0
0
0
0
0
0
0
0
0
0
0
0
0
0
0
0
0
0
0


0
0
0
0
0
0
0
0
0
0
0
0
0
0
0
0
0
0
0
0
0
0

0.608543
-0.608543
-0.649039
-0.634787
-0.628902
-0.623036
-0.628979
-0.631372
-0.633902
-0.637521
-0.639369
-0.642281
-0.646941
-0.652603
-0.661601
-0.663554
-0.644213
-0.726161
-0.719786
-0.662776
-0.633036
-0.633036

0.83611
-0.83611
-0.922626
-0.909934
-0.901795
-0.887004
-0.904166
-0.911171
-0.916588
-0.921855
-0.924188
-0.92901
-0.939579
-0.955391
-0.977192
-0.986432
-0.9591
-1.10393
-1.08406
-0.975537
-0.91049
-0.91049

1.05371
-1.05371
-1.17022
-1.16326
-1.15304
-1.13392
-1.16484
-1.17356
-1.18219
-1.18893
-1.19111
-1.19759
-1.21318
-1.24127
-1.27743
-1.29604
-1.25573
-1.44442
-1.40895
-1.26196
-1.1693
-1.1693

1.27113
-1.27113
-1.41039
-1.40917
-1.39762
-1.37732
-1.42338
-1.43203
-1.4435
-1.45185
-1.45312
-1.46087
-1.48061
-1.5218
-1.57366
-1.60324
-1.55001
-1.76411
-1.71391
-1.53768
-1.42277
-1.42277

1.49321
-1.49321
-1.6528
-1.65441
-1.64367
-1.61543
-1.67369
-1.68931
-1.70489
-1.7156
-1.71491
-1.72376
-1.74801
-1.80194
-1.87053
-1.91337
-1.85048
-2.07768
-2.01122
-1.8097
-1.67592
-1.67592

1.72264
-1.72264
-1.90324
-1.90265
-1.89308
-1.86449
-1.92262
-1.94672
-1.96764
-1.9812
-1.97783
-1.98813
-2.01918
-2.0846
-2.16993
-2.22948
-2.14772
-2.39249
-2.30613
-2.08029
-1.93025
-1.93025

1.96112
-1.96112
-2.16532
-2.15621
-2.14654
-2.13617
-2.17675
-2.20494
-2.23121
-2.24711
-2.24188
-2.25465
-2.29609
-2.37129
-2.47291
-2.55615
-2.45166
-2.71256
-2.60011
-2.34979
-2.18605
-2.18605

2.20942
-2.20942
-2.43823
-2.41582
-2.40413
-2.41548
-2.43449
-2.46338
-2.49361
-2.51095
-2.50629
-2.52284
-2.57664
-2.66034
-2.78015
-2.90168
-2.80655
-3.05
-2.89321
-2.61793
-2.44321
-2.44321

2.46704
-2.46704
-2.71659
-2.68003
-2.66422
-2.68422
-2.69245
-2.721
-2.75234
-2.77116
-2.76984
-2.79098
-2.85515
-2.94614
-3.09123
-3.27232
-3.22954
-3.42097
-3.18526
-2.88411
-2.70129
-2.70129

2.7324
-2.7324
-2.99336
-2.94549
-2.92418
-2.94003
-2.94862
-2.97653
-3.00482
-3.02696
-3.03102
-3.05648
-3.12604
-3.22045
-3.40317
-3.65949
-3.66131
-3.82636
-3.47486
-3.14758
-2.9594
-2.9594

3.00297
-3.00297
-3.26297
-3.2081
-3.18129
-3.18511
-3.2007
-3.22833
-3.24951
-3.27778
-3.28812
-3.31667
-3.38553
-3.47441
-3.70798
-4.02844
-3.97339
-4.22926
-3.75772
-3.4074
-3.21619
-3.21619

3.27518
-3.27518
-3.52234
-3.4646
-3.43336
-3.41974
-3.44632
-3.47522
-3.48843
-3.52347
-3.53948
-3.56933
-3.63224
-3.70445
-3.99177
-4.32552
-4.0914
-4.55479
-4.02487
-3.66232
-3.47004
-3.47004

3.54374
-3.54374
-3.77043
-3.71324
-3.67946
-3.65026
-3.68629
-3.71723
-3.72578
-3.76438
-3.78379
-3.81312
-3.8678
-3.91993
-4.2399
-4.52798
-4.13706
-4.75843
-4.26531
-3.90957
-3.71905
-3.71905

3.80086
-3.80086
-4.00623
-3.95195
-3.91831
-3.88519
-3.92241
-3.95348
-3.96165
-3.99916
-4.019
-4.04669
-4.09521
-4.13813
-4.45088
-4.69618
-4.31131
-4.91207
-4.47606
-4.14291
-3.95923
-3.95923

3.52765
-3.80086
-4.00623
-3.95195
-3.91831
-3.88519
-3.92241
-3.95348
-3.96165
-3.99916
-4.019
-4.04669
-4.09521
-4.13813
-4.45088
-4.69618
-4.31131
-4.91207
-4.47606
-4.14291
-3.95923
-3.67375

0
0
0
0
0
0
0
0
0
0
0
0
0
0
0
0
0
0
0
0
0
0


0
0
0
0
0
0
0
0
0
0
0
0
0
0
0
0
0
0
0
0
0
0

0.672988
-0.672988
-0.7231
-0.709995
-0.706497
-0.702766
-0.708067
-0.707877
-0.709241
-0.712392
-0.711639
-0.713073
-0.716801
-0.722173
-0.73406
-0.735586
-0.712775
-0.796859
-0.809401
-0.747457
-0.707646
-0.707646

0.864647
-0.864647
-0.961752
-0.940637
-0.932703
-0.929124
-0.934491
-0.93637
-0.939062
-0.944365
-0.946097
-0.950108
-0.957758
-0.966371
-0.983853
-0.982486
-0.941669
-1.07386
-1.09626
-1.00054
-0.935353
-0.935353

1.07742
-1.07742
-1.21352
-1.18895
-1.17806
-1.17406
-1.18151
-1.18573
-1.19012
-1.19726
-1.20063
-1.20688
-1.21883
-1.23257
-1.25802
-1.25599
-1.19529
-1.3741
-1.40708
-1.2768
-1.18357
-1.18357

1.29711
-1.29711
-1.46484
-1.43887
-1.42601
-1.42313
-1.43347
-1.43964
-1.4459
-1.45457
-1.45915
-1.46739
-1.48362
-1.50352
-1.53796
-1.53606
-1.44977
-1.66901
-1.714
-1.55438
-1.43585
-1.43585

1.52292
-1.52292
-1.71695
-1.68978
-1.67588
-1.67503
-1.68825
-1.69649
-1.70482
-1.7149
-1.72018
-1.73015
-1.75053
-1.77717
-1.82126
-1.82009
-1.70084
-1.95754
-2.01626
-1.83135
-1.69062
-1.69062

1.75553
-1.75553
-1.97197
-1.94265
-1.92844
-1.92983
-1.94446
-1.95552
-1.96639
-1.97786
-1.98335
-1.99494
-2.01959
-2.0531
-2.10702
-2.10767
-1.94603
-2.24222
-2.3157
-2.10777
-1.94766
-1.94766

1.99624
-1.99624
-2.23204
-2.19895
-2.18469
-2.19038
-2.20313
-2.21666
-2.23045
-2.2432
-2.24865
-2.26196
-2.29142
-2.3316
-2.39507
-2.4
-2.18338
-2.52637
-2.61428
-2.38429
-2.2072
-2.2072

2.24639
-2.24639
-2.49853
-2.45992
-2.4454
-2.45779
-2.46537
-2.48006
-2.4967
-2.51039
-2.51604
-2.53136
-2.5662
-2.61259
-2.68528
-2.69986
-2.4186
-2.8146
-2.91325
-2.66152
-2.46966
-2.46966

2.50705
-2.50705
-2.7713
-2.72618
-2.7108
-2.72934
-2.7312
-2.74582
-2.7647
-2.77894
-2.7854
-2.80294
-2.84283
-2.8948
-2.97687
-3.00982
-2.662
-3.11279
-3.21285
-2.93992
-2.73551
-2.73551

2.77877
-2.77877
-3.04867
-2.99746
-2.98052
-3.0024
-3.00018
-3.01399
-3.03402
-3.04864
-3.05652
-3.07607
-3.11931
-3.17561
-3.26756
-3.32765
-2.91325
-3.42291
-3.51116
-3.21936
-3.00517
-3.00517

3.06088
-3.06088
-3.32754
-3.27209
-3.25327
-3.27572
-3.27129
-3.28392
-3.30373
-3.31886
-3.32846
-3.34928
-3.3931
-3.45133
-3.55282
-3.6416
-3.15264
-3.73504
-3.80201
-3.49784
-3.27805
-3.27805

3.34901
-3.34901
-3.60228
-3.54537
-3.52506
-3.5459
-3.54084
-3.55234
-3.57086
-3.58661
-3.59774
-3.6188
-3.66044
-3.71736
-3.82578
-3.93235
-3.36497
-4.02625
-4.07426
-3.76931
-3.55039
-3.55039

3.63154
-3.63154
-3.8633
-3.80771
-3.78672
-3.80432
-3.80014
-3.81112
-3.82821
-3.84437
-3.85642
-3.87685
-3.91487
-3.96804
-4.07831
-4.186
-3.58059
-4.27834
-4.31682
-4.02358
-3.8129
-3.8129

3.89113
-3.89113
-4.09996
-4.04733
-4.02636
-4.04051
-4.03805
-4.04932
-4.06577
-4.08186
-4.09409
-4.11353
-4.14829
-4.19768
-4.30418
-4.40816
-3.83905
-4.49871
-4.52771
-4.2519
-4.05347
-4.05347

3.60621
-3.89113
-4.09996
-4.04733
-4.02636
-4.04051
-4.03805
-4.04932
-4.06577
-4.08186
-4.09409
-4.11353
-4.14829
-4.19768
-4.30418
-4.40816
-3.83905
-4.49871
-4.52771
-4.2519
-4.05347
-3.75596

0
0
0
0
0
0
0
0
0
0
0
0
0
0
0
0
0
0
0
0
0
0


0
0
0
0
0
0
0
0
0
0
0
0
0
0
0
0
0
0
0
0
0
0

0
-0.672988
-0.7231
-0.709995
-0.706497
-0.702766
-0.708067
-0.707877
-0.709241
-0.712392
-0.711639
-0.713073
-0.716801
-0.722173
-0.73406
-0.735586
-0.712775
-0.796859
-0.809401
-0.747457
-0.707646
0

0
-0.864647
-0.961752
-0.940637
-0.932703
-0.929124
-0.934491
-0.93637
-0.939062
-0.944365
-0.946097
-0.950108
-0.957758
-0.966371
-0.983853
-0.982486
-0.941669
-1.07386
-1.09626
-1.00054
-0.935353
0

0
-1.07742
-1.21352
-1.18895
-1.17806
-1.17406
-1.18151
-1.18573
-1.19012
-1.19726
-1.20063
-1.20688
-1.21883
-1.23257
-1.25802
-1.25599
-1.19529
-1.3741
-1.40708
-1.2768
-1.18357
0

0
-1.29711
-1.46484
-1.43887
-1.42601
-1.42313
-1.43347
-1.43964
-1.4459
-1.45457
-1.45915
-1.46739
-1.48362
-1.50352
-1.53796
-1.53606
-1.44977
-1.66901
-1.714
-1.55438
-1.43585
0

0
-1.52292
-1.71695
-1.68978
-1.67588
-1.67503
-1.68825
-1.69649
-1.70482
-1.7149
-1.72018
-1.73015
-1.75053
-1.77717
-1.82126
-1.82009
-1.70084
-1.95754
-2.01626
-1.83135
-1.69062
0

0
-1.75553
-1.97197
-1.94265
-1.92844
-1.92983
-1.94446
-1.95552
-1.96639
-1.97786
-1.98335
-1.99494
-2.01959
-2.0531
-2.10702
-2.10767
-1.94603
-2.24222
-2.3157
-2.10777
-1.94766
0

0
-1.99624
-2.23204
-2.19895
-2.18469
-2.19038
-2.20313
-2.21666
-2.23045
-2.2432
-2.24865
-2.26196
-2.29142
-2.3316
-2.39507
-2.4
-2.18338
-2.52637
-2.61428
-2.38429
-2.2072
0

0
-2.24639
-2.49853
-2.45992
-2.4454
-2.45779
-2.46537
-2.48006
-2.4967
-2.51039
-2.51604
-2.53136
-2.5662
-2.61259
-2.68528
-2.69986
-2.4186
-2.8146
-2.91325
-2.66152
-2.46966
0

0
-2.50705
-2.7713
-2.72618
-2.7108
-2.72934
-2.7312
-2.74582
-2.7647
-2.77894
-2.7854
-2.80294
-2.84283
-2.8948
-2.97687
-3.00982
-2.662
-3.11279
-3.21285
-2.93992
-2.73551
0

0
-2.77877
-3.04867
-2.99746
-2.98052
-3.0024
-3.00018
-3.01399
-3.03402
-3.04864
-3.05652
-3.07607
-3.11931
-3.17561
-3.26756
-3.32765
-2.91325
-3.42291
-3.51116
-3.21936
-3.00517
0

0
-3.06088
-3.32754
-3.27209
-3.25327
-3.27572
-3.27129
-3.28392
-3.30373
-3.31886
-3.32846
-3.34928
-3.3931
-3.45133
-3.55282
-3.6416
-3.15264
-3.73504
-3.80201
-3.49784
-3.27805
0

0
-3.34901
-3.60228
-3.54537
-3.52506
-3.5459
-3.54084
-3.55234
-3.57086
-3.58661
-3.59774
-3.6188
-3.66044
-3.71736
-3.82578
-3.93235
-3.36497
-4.02625
-4.07426
-3.76931
-3.55039
0

0
-3.63154
-3.8633
-3.80771
-3.78672
-3.80432
-3.80014
-3.81112
-3.82821
-3.84437
-3.85642
-3.87685
-3.91487
-3.96804
-4.07831
-4.186
-3.58059
-4.27834
-4.31682
-4.02358
-3.8129
0

0
-3.89113
-4.09996
-4.04733
-4.02636
-4.04051
-4.03805
-4.04932
-4.06577
-4.08186
-4.09409
-4.11353
-4.14829
-4.19768
-4.30418
-4.40816
-3.83905
-4.49871
-4.52771
-4.2519
-4.05347
0

0
-3.89113
-4.09996
-4.04733
-4.02636
-4.04051
-4.03805
-4.04932
-4.06577
-4.08186
-4.09409
-4.11353
-4.14829
-4.19768
-4.30418
-4.40816
-3.83905
-4.49871
-4.52771
-4.2519
-4.05347
0

0
0
0
0
0
0
0
0
0
0
0
0
0
0
0
0
0
0
0
0
0
0


