0
0
0
0
0
0
0
0
0
0
0
0
0
0
0
0
0
0
0
0
0
0

0
1.71826e+48
1.71829e+48
1.71839e+48
1.71869e+48
1.71953e+48
1.72188e+48
1.72805e+48
1.74036e+48
1.73204e+48
1.40531e+48
-1.09222e+48
-1.03812e+49
5.81065e+48
-1.14843e+49
-1.35032e+48
1.38172e+48
1.73716e+48
1.74473e+48
1.73087e+48
1.7248e+48
0

0
1.71826e+48
1.71829e+48
1.71839e+48
1.71867e+48
1.71949e+48
1.72182e+48
1.72818e+48
1.74254e+48
1.7483e+48
1.49298e+48
-8.56675e+47
-1.12955e+49
6.18062e+48
-1.24782e+49
-1.09504e+48
1.47787e+48
1.75503e+48
1.74711e+48
1.73099e+48
1.72469e+48
0

0
1.71825e+48
1.71828e+48
1.71837e+48
1.71864e+48
1.71942e+48
1.72171e+48
1.72839e+48
1.74643e+48
1.77839e+48
1.66231e+48
-3.52601e+47
-1.30104e+49
6.47383e+48
-1.43599e+49
-5.49625e+47
1.66351e+48
1.7881e+48
1.75135e+48
1.73116e+48
1.72447e+48
0

0
1.71825e+48
1.71828e+48
1.71836e+48
1.71859e+48
1.71931e+48
1.72151e+48
1.72853e+48
1.75113e+48
1.81741e+48
1.89753e+48
4.60245e+47
-1.52035e+49
6.24179e+48
-1.67709e+49
3.30287e+47
1.92161e+48
1.83102e+48
1.75646e+48
1.73124e+48
1.72411e+48
0

0
1.71825e+48
1.71827e+48
1.71833e+48
1.71853e+48
1.71916e+48
1.72122e+48
1.72845e+48
1.75547e+48
1.85811e+48
2.16665e+48
1.56933e+48
-1.71019e+49
7.17918e+48
-1.89223e+49
1.52944e+48
2.21745e+48
1.8758e+48
1.76114e+48
1.73104e+48
1.72361e+48
0

0
1.71824e+48
1.71826e+48
1.71831e+48
1.71846e+48
1.71898e+48
1.72082e+48
1.72797e+48
1.75813e+48
1.89141e+48
2.41472e+48
2.76107e+48
-1.81337e+49
1.68411e+49
-2.01993e+49
2.81818e+48
2.49096e+48
1.91246e+48
1.76395e+48
1.73039e+48
1.72295e+48
0

0
1.71824e+48
1.71824e+48
1.71828e+48
1.71838e+48
1.71877e+48
1.72032e+48
1.72697e+48
1.75797e+48
1.90809e+48
2.56764e+48
3.49451e+48
-2.0905e+49
1.87036e+49
-2.32655e+49
3.6157e+48
2.6606e+48
1.93077e+48
1.76363e+48
1.72915e+48
1.72214e+48
0

0
1.71823e+48
1.71823e+48
1.71824e+48
1.7183e+48
1.71854e+48
1.7197e+48
1.7254e+48
1.75429e+48
1.90161e+48
2.56395e+48
3.33545e+48
-2.49664e+49
2.5549e+49
-2.76179e+49
3.44507e+48
2.65731e+48
1.92337e+48
1.75941e+48
1.72726e+48
1.72118e+48
0

0
1.71822e+48
1.71822e+48
1.71821e+48
1.71821e+48
1.7183e+48
1.719e+48
1.72329e+48
1.74709e+48
1.87109e+48
2.39566e+48
2.41984e+48
-2.43487e+49
2.10675e+49
-2.6855e+49
2.44884e+48
2.47027e+48
1.8892e+48
1.75126e+48
1.72477e+48
1.72011e+48
0

0
1.71822e+48
1.71821e+48
1.71818e+48
1.71812e+48
1.71805e+48
1.71826e+48
1.72078e+48
1.73708e+48
1.82221e+48
2.12416e+48
1.27693e+48
-2.08033e+49
1.99941e+49
-2.29763e+49
1.19658e+48
2.16788e+48
1.83458e+48
1.74e+48
1.72185e+48
1.71899e+48
0

0
1.71821e+48
1.7182e+48
1.71815e+48
1.71804e+48
1.71782e+48
1.71752e+48
1.71809e+48
1.72551e+48
1.76407e+48
1.82164e+48
2.54545e+47
-1.68838e+49
1.46349e+49
-1.8698e+49
7.60849e+46
1.83167e+48
1.76967e+48
1.72703e+48
1.71874e+48
1.71788e+48
0

0
1.71821e+48
1.71819e+48
1.71813e+48
1.71797e+48
1.71761e+48
1.71683e+48
1.71549e+48
1.71389e+48
1.70583e+48
1.54179e+48
-5.04107e+47
-1.34956e+49
1.02317e+49
-1.49993e+49
-7.54418e+47
1.5222e+48
1.70489e+48
1.71402e+48
1.71574e+48
1.71688e+48
0

0
1.71821e+48
1.71818e+48
1.71811e+48
1.71792e+48
1.71744e+48
1.71626e+48
1.71325e+48
1.70369e+48
1.65556e+48
1.318e+48
-1.00666e+48
-1.09281e+49
6.89609e+48
-1.21819e+49
-1.30247e+48
1.27411e+48
1.64898e+48
1.70261e+48
1.71317e+48
1.71604e+48
0

0
1.7182e+48
1.71818e+48
1.71809e+48
1.71788e+48
1.71732e+48
1.71585e+48
1.71161e+48
1.69614e+48
1.619e+48
1.16417e+48
-1.30205e+48
-9.26645e+48
4.67346e+48
-1.03631e+49
-1.62595e+48
1.10367e+48
1.60833e+48
1.69417e+48
1.71128e+48
1.71544e+48
0

0
1.7182e+48
1.71817e+48
1.71809e+48
1.71786e+48
1.71726e+48
1.71563e+48
1.71074e+48
1.69213e+48
1.59983e+48
1.08629e+48
-1.43705e+48
-8.46404e+48
3.6008e+48
-9.48446e+48
-1.77285e+48
1.01748e+48
1.58703e+48
1.6897e+48
1.71028e+48
1.71512e+48
0

0
0
0
0
0
0
0
0
0
0
0
0
0
0
0
0
0
0
0
0
0
0


0
1.71826e+48
1.71829e+48
1.71839e+48
1.71869e+48
1.71953e+48
1.72188e+48
1.72805e+48
1.74036e+48
1.73204e+48
1.40531e+48
-1.09222e+48
-1.03812e+49
5.81065e+48
-1.14843e+49
-1.35032e+48
1.38172e+48
1.73716e+48
1.74473e+48
1.73087e+48
1.7248e+48
0

-1.71826e+48
1.71826e+48
1.71829e+48
1.71839e+48
1.71869e+48
1.71953e+48
1.72188e+48
1.72805e+48
1.74036e+48
1.73204e+48
1.40531e+48
-1.09222e+48
-1.03812e+49
5.81065e+48
-1.14843e+49
-1.35032e+48
1.38172e+48
1.73716e+48
1.74473e+48
1.73087e+48
1.7248e+48
1.7248e+48

-4.80451e+18
1.71826e+48
1.71829e+48
1.71839e+48
1.71867e+48
1.71949e+48
1.72182e+48
1.72818e+48
1.74254e+48
1.7483e+48
1.49298e+48
-8.56675e+47
-1.12955e+49
6.18062e+48
-1.24782e+49
-1.09504e+48
1.47787e+48
1.75503e+48
1.74711e+48
1.73099e+48
1.72469e+48
1.72469e+48

-1.71825e+48
1.71825e+48
1.71828e+48
1.71837e+48
1.71864e+48
1.71942e+48
1.72171e+48
1.72839e+48
1.74643e+48
1.77839e+48
1.66231e+48
-3.52601e+47
-1.30104e+49
6.47383e+48
-1.43599e+49
-5.49625e+47
1.66351e+48
1.7881e+48
1.75135e+48
1.73116e+48
1.72447e+48
1.72447e+48

-1.71825e+48
1.71825e+48
1.71828e+48
1.71836e+48
1.71859e+48
1.71931e+48
1.72151e+48
1.72853e+48
1.75113e+48
1.81741e+48
1.89753e+48
4.60245e+47
-1.52035e+49
6.24179e+48
-1.67709e+49
3.30287e+47
1.92161e+48
1.83102e+48
1.75646e+48
1.73124e+48
1.72411e+48
1.72411e+48

-1.71825e+48
1.71825e+48
1.71827e+48
1.71833e+48
1.71853e+48
1.71916e+48
1.72122e+48
1.72845e+48
1.75547e+48
1.85811e+48
2.16665e+48
1.56933e+48
-1.71019e+49
7.17918e+48
-1.89223e+49
1.52944e+48
2.21745e+48
1.8758e+48
1.76114e+48
1.73104e+48
1.72361e+48
1.72361e+48

-1.71824e+48
1.71824e+48
1.71826e+48
1.71831e+48
1.71846e+48
1.71898e+48
1.72082e+48
1.72797e+48
1.75813e+48
1.89141e+48
2.41472e+48
2.76107e+48
-1.81337e+49
1.68411e+49
-2.01993e+49
2.81818e+48
2.49096e+48
1.91246e+48
1.76395e+48
1.73039e+48
1.72295e+48
1.72295e+48

-1.71824e+48
1.71824e+48
1.71824e+48
1.71828e+48
1.71838e+48
1.71877e+48
1.72032e+48
1.72697e+48
1.75797e+48
1.90809e+48
2.56764e+48
3.49451e+48
-2.0905e+49
1.87036e+49
-2.32655e+49
3.6157e+48
2.6606e+48
1.93077e+48
1.76363e+48
1.72915e+48
1.72214e+48
1.72214e+48

-1.71823e+48
1.71823e+48
1.71823e+48
1.71824e+48
1.7183e+48
1.71854e+48
1.7197e+48
1.7254e+48
1.75429e+48
1.90161e+48
2.56395e+48
3.33545e+48
-2.49664e+49
2.5549e+49
-2.76179e+49
3.44507e+48
2.65731e+48
1.92337e+48
1.75941e+48
1.72726e+48
1.72118e+48
1.72118e+48

-1.71822e+48
1.71822e+48
1.71822e+48
1.71821e+48
1.71821e+48
1.7183e+48
1.719e+48
1.72329e+48
1.74709e+48
1.87109e+48
2.39566e+48
2.41984e+48
-2.43487e+49
2.10675e+49
-2.6855e+49
2.44884e+48
2.47027e+48
1.8892e+48
1.75126e+48
1.72477e+48
1.72011e+48
1.72011e+48

-1.71822e+48
1.71822e+48
1.71821e+48
1.71818e+48
1.71812e+48
1.71805e+48
1.71826e+48
1.72078e+48
1.73708e+48
1.82221e+48
2.12416e+48
1.27693e+48
-2.08033e+49
1.99941e+49
-2.29763e+49
1.19658e+48
2.16788e+48
1.83458e+48
1.74e+48
1.72185e+48
1.71899e+48
1.71899e+48

-1.71821e+48
1.71821e+48
1.7182e+48
1.71815e+48
1.71804e+48
1.71782e+48
1.71752e+48
1.71809e+48
1.72551e+48
1.76407e+48
1.82164e+48
2.54545e+47
-1.68838e+49
1.46349e+49
-1.8698e+49
7.60849e+46
1.83167e+48
1.76967e+48
1.72703e+48
1.71874e+48
1.71788e+48
1.71788e+48

-1.71821e+48
1.71821e+48
1.71819e+48
1.71813e+48
1.71797e+48
1.71761e+48
1.71683e+48
1.71549e+48
1.71389e+48
1.70583e+48
1.54179e+48
-5.04107e+47
-1.34956e+49
1.02317e+49
-1.49993e+49
-7.54418e+47
1.5222e+48
1.70489e+48
1.71402e+48
1.71574e+48
1.71688e+48
1.71688e+48

-1.71821e+48
1.71821e+48
1.71818e+48
1.71811e+48
1.71792e+48
1.71744e+48
1.71626e+48
1.71325e+48
1.70369e+48
1.65556e+48
1.318e+48
-1.00666e+48
-1.09281e+49
6.89609e+48
-1.21819e+49
-1.30247e+48
1.27411e+48
1.64898e+48
1.70261e+48
1.71317e+48
1.71604e+48
1.71604e+48

-1.7182e+48
1.7182e+48
1.71818e+48
1.71809e+48
1.71788e+48
1.71732e+48
1.71585e+48
1.71161e+48
1.69614e+48
1.619e+48
1.16417e+48
-1.30205e+48
-9.26645e+48
4.67346e+48
-1.03631e+49
-1.62595e+48
1.10367e+48
1.60833e+48
1.69417e+48
1.71128e+48
1.71544e+48
1.71544e+48

-1.7182e+48
1.7182e+48
1.71817e+48
1.71809e+48
1.71786e+48
1.71726e+48
1.71563e+48
1.71074e+48
1.69213e+48
1.59983e+48
1.08629e+48
-1.43705e+48
-8.46404e+48
3.6008e+48
-9.48446e+48
-1.77285e+48
1.01748e+48
1.58703e+48
1.6897e+48
1.71028e+48
1.71512e+48
1.71512e+48

0
1.7182e+48
1.71817e+48
1.71809e+48
1.71786e+48
1.71726e+48
1.71563e+48
1.71074e+48
1.69213e+48
1.59983e+48
1.08629e+48
-1.43705e+48
-8.46404e+48
3.6008e+48
-9.48446e+48
-1.77285e+48
1.01748e+48
1.58703e+48
1.6897e+48
1.71028e+48
1.71512e+48
0


0
1.71826e+48
1.71829e+48
1.71839e+48
1.71868e+48
1.7195e+48
1.72178e+48
1.72766e+48
1.739e+48
1.72851e+48
1.4044e+48
-1.05762e+48
-1.04831e+49
6.77747e+48
-1.15971e+49
-1.31134e+48
1.38063e+48
1.73321e+48
1.74321e+48
1.73043e+48
1.72466e+48
0

-1.71826e+48
1.71826e+48
1.71829e+48
1.71839e+48
1.71868e+48
1.7195e+48
1.72178e+48
1.72766e+48
1.739e+48
1.72851e+48
1.4044e+48
-1.05762e+48
-1.04831e+49
6.77747e+48
-1.15971e+49
-1.31134e+48
1.38063e+48
1.73321e+48
1.74321e+48
1.73043e+48
1.72466e+48
1.72466e+48

-1.71826e+48
1.71826e+48
1.71829e+48
1.71839e+48
1.71867e+48
1.71947e+48
1.72173e+48
1.7278e+48
1.74117e+48
1.7449e+48
1.49512e+48
-8.01997e+47
-1.15951e+49
7.68911e+48
-1.27982e+49
-1.03414e+48
1.48008e+48
1.75122e+48
1.74558e+48
1.73055e+48
1.72455e+48
1.72455e+48

-1.71825e+48
1.71825e+48
1.71828e+48
1.71837e+48
1.71863e+48
1.71939e+48
1.72161e+48
1.728e+48
1.74505e+48
1.77537e+48
1.67232e+48
-2.38379e+47
-1.38387e+49
8.56262e+48
-1.52235e+49
-4.22406e+47
1.67447e+48
1.78471e+48
1.7498e+48
1.73072e+48
1.72433e+48
1.72433e+48

-1.71825e+48
1.71825e+48
1.71828e+48
1.71835e+48
1.71859e+48
1.71928e+48
1.72141e+48
1.72814e+48
1.74976e+48
1.81519e+48
1.9242e+48
7.32404e+47
-1.69873e+49
6.5812e+48
-1.86405e+49
6.30562e+47
1.95107e+48
1.82851e+48
1.75492e+48
1.73079e+48
1.72398e+48
1.72398e+48

-1.71825e+48
1.71825e+48
1.71827e+48
1.71833e+48
1.71853e+48
1.71914e+48
1.72112e+48
1.72805e+48
1.75412e+48
1.85725e+48
2.2237e+48
2.20778e+48
-1.9726e+49
-4.93771e+47
-2.169e+49
2.228e+48
2.28068e+48
1.87483e+48
1.75962e+48
1.73059e+48
1.72348e+48
1.72348e+48

-1.71824e+48
1.71824e+48
1.71826e+48
1.7183e+48
1.71846e+48
1.71896e+48
1.72072e+48
1.72757e+48
1.75683e+48
1.89243e+48
2.51659e+48
4.0688e+48
-1.8815e+49
1.92833e+49
-2.1026e+49
4.24251e+48
2.60441e+48
1.91361e+48
1.76249e+48
1.72993e+48
1.72282e+48
1.72282e+48

-1.71824e+48
1.71824e+48
1.71824e+48
1.71827e+48
1.71838e+48
1.71875e+48
1.72022e+48
1.72657e+48
1.75672e+48
1.91087e+48
2.71313e+48
5.3896e+48
-2.22941e+49
-5.70853e+49
-2.48573e+49
5.68437e+48
2.82401e+48
1.93395e+48
1.76223e+48
1.72869e+48
1.722e+48
1.722e+48

-1.71823e+48
1.71823e+48
1.71823e+48
1.71824e+48
1.71829e+48
1.71852e+48
1.7196e+48
1.725e+48
1.75308e+48
1.90505e+48
2.72372e+48
5.22956e+48
-3.2533e+49
-3.67948e+48
-3.58277e+49
5.52258e+48
2.83842e+48
1.92735e+48
1.75805e+48
1.72681e+48
1.72104e+48
1.72104e+48

-1.71822e+48
1.71822e+48
1.71822e+48
1.71821e+48
1.7182e+48
1.71827e+48
1.71891e+48
1.7229e+48
1.74589e+48
1.87343e+48
2.51831e+48
3.69702e+48
-3.03761e+49
2.35486e+49
-3.32902e+49
3.84152e+48
2.60922e+48
1.89193e+48
1.74991e+48
1.72433e+48
1.71997e+48
1.71997e+48

-1.71822e+48
1.71822e+48
1.71821e+48
1.71818e+48
1.71812e+48
1.71803e+48
1.71816e+48
1.7204e+48
1.73588e+48
1.8228e+48
2.19979e+48
2.00356e+48
-2.376e+49
2.54619e+49
-2.61417e+49
1.9852e+48
2.25333e+48
1.83532e+48
1.73865e+48
1.72142e+48
1.71886e+48
1.71886e+48

-1.71821e+48
1.71821e+48
1.7182e+48
1.71815e+48
1.71804e+48
1.7178e+48
1.71742e+48
1.71773e+48
1.72433e+48
1.76317e+48
1.8622e+48
6.17396e+47
-1.83641e+49
1.57775e+49
-2.02752e+49
4.68671e+47
1.87734e+48
1.76874e+48
1.72569e+48
1.71833e+48
1.71776e+48
1.71776e+48

-1.71821e+48
1.71821e+48
1.71819e+48
1.71813e+48
1.71797e+48
1.71759e+48
1.71674e+48
1.71514e+48
1.71274e+48
1.7041e+48
1.56225e+48
-3.24805e+47
-1.41445e+49
1.11173e+49
-1.56858e+49
-5.59813e+47
1.54453e+48
1.70295e+48
1.71272e+48
1.71535e+48
1.71675e+48
1.71675e+48

-1.71821e+48
1.71821e+48
1.71818e+48
1.71811e+48
1.71791e+48
1.71742e+48
1.71617e+48
1.71292e+48
1.70257e+48
1.65342e+48
1.32751e+48
-9.11328e+47
-1.11318e+49
7.21354e+48
-1.23961e+49
-1.19908e+48
1.28436e+48
1.64656e+48
1.70135e+48
1.71278e+48
1.71592e+48
1.71592e+48

-1.7182e+48
1.7182e+48
1.71818e+48
1.71809e+48
1.71787e+48
1.7173e+48
1.71576e+48
1.71128e+48
1.69506e+48
1.61671e+48
1.16857e+48
-1.24341e+48
-9.28841e+48
4.69649e+48
-1.03792e+49
-1.56117e+48
1.10836e+48
1.60574e+48
1.69296e+48
1.71091e+48
1.71532e+48
1.71532e+48

-1.7182e+48
1.7182e+48
1.71817e+48
1.71809e+48
1.71785e+48
1.71724e+48
1.71555e+48
1.71042e+48
1.69108e+48
1.5975e+48
1.08876e+48
-1.39224e+48
-8.42735e+48
3.53376e+48
-9.4364e+48
-1.72326e+48
1.02005e+48
1.5844e+48
1.68851e+48
1.70992e+48
1.71501e+48
1.71501e+48

0
1.7182e+48
1.71817e+48
1.71809e+48
1.71785e+48
1.71724e+48
1.71555e+48
1.71042e+48
1.69108e+48
1.5975e+48
1.08876e+48
-1.39224e+48
-8.42735e+48
3.53376e+48
-9.4364e+48
-1.72326e+48
1.02005e+48
1.5844e+48
1.68851e+48
1.70992e+48
1.71501e+48
0


0
1.71826e+48
1.71829e+48
1.71839e+48
1.71867e+48
1.71946e+48
1.72159e+48
1.72692e+48
1.73634e+48
1.72113e+48
1.39828e+48
-9.99346e+47
-1.05579e+49
8.24124e+48
-1.16676e+49
-1.247e+48
1.37363e+48
1.72493e+48
1.74024e+48
1.72959e+48
1.7244e+48
0

-1.71826e+48
1.71826e+48
1.71829e+48
1.71839e+48
1.71867e+48
1.71946e+48
1.72159e+48
1.72692e+48
1.73634e+48
1.72113e+48
1.39828e+48
-9.99346e+47
-1.05579e+49
8.24124e+48
-1.16676e+49
-1.247e+48
1.37363e+48
1.72493e+48
1.74024e+48
1.72959e+48
1.7244e+48
1.7244e+48

-1.71826e+48
1.71826e+48
1.71829e+48
1.71838e+48
1.71866e+48
1.71942e+48
1.72154e+48
1.72705e+48
1.73849e+48
1.73758e+48
1.49257e+48
-7.17093e+47
-1.19897e+49
1.0761e+49
-1.32012e+49
-9.39671e+47
1.47702e+48
1.74301e+48
1.74257e+48
1.72971e+48
1.72429e+48
1.72429e+48

-1.71825e+48
1.71825e+48
1.71828e+48
1.71837e+48
1.71862e+48
1.71935e+48
1.72142e+48
1.72725e+48
1.74232e+48
1.76833e+48
1.67988e+48
-6.69683e+46
-1.52342e+49
1.51777e+49
-1.66748e+49
-2.32002e+47
1.68257e+48
1.77681e+48
1.74674e+48
1.72986e+48
1.72407e+48
1.72407e+48

-1.71825e+48
1.71825e+48
1.71827e+48
1.71835e+48
1.71858e+48
1.71924e+48
1.72122e+48
1.72737e+48
1.74699e+48
1.80897e+48
1.95511e+48
1.15481e+48
-2.09353e+49
1.30072e+49
-2.27643e+49
1.09636e+48
1.98506e+48
1.82152e+48
1.75181e+48
1.72992e+48
1.72371e+48
1.72371e+48

-1.71825e+48
1.71825e+48
1.71827e+48
1.71833e+48
1.71852e+48
1.71909e+48
1.72093e+48
1.72727e+48
1.75133e+48
1.85275e+48
2.30228e+48
3.3257e+48
-2.79549e+49
-7.58883e+49
-3.03135e+49
3.45128e+48
2.36768e+48
1.86976e+48
1.7565e+48
1.72971e+48
1.72321e+48
1.72321e+48

-1.71824e+48
1.71824e+48
1.71825e+48
1.7183e+48
1.71845e+48
1.71891e+48
1.72053e+48
1.72679e+48
1.75408e+48
1.89062e+48
2.67673e+48
6.86344e+48
-1.98881e+49
3.22691e+49
-2.24684e+49
7.28027e+48
2.78292e+48
1.9116e+48
1.75941e+48
1.72905e+48
1.72255e+48
1.72255e+48

-1.71824e+48
1.71824e+48
1.71824e+48
1.71827e+48
1.71837e+48
1.7187e+48
1.72003e+48
1.7258e+48
1.75404e+48
1.91198e+48
2.96793e+48
9.95695e+48
-4.0603e+49
-7.00891e+49
-4.44696e+49
1.06657e+49
3.11173e+48
1.93533e+48
1.75923e+48
1.72781e+48
1.72173e+48
1.72173e+48

-1.71823e+48
1.71823e+48
1.71823e+48
1.71824e+48
1.71828e+48
1.71847e+48
1.71941e+48
1.72424e+48
1.75048e+48
1.90758e+48
3.02907e+48
9.65879e+48
-4.98945e+49
-3.7516e+49
-5.45407e+49
1.03619e+49
3.18852e+48
1.93045e+48
1.75513e+48
1.72594e+48
1.72078e+48
1.72078e+48

-1.71822e+48
1.71822e+48
1.71822e+48
1.71821e+48
1.71819e+48
1.71823e+48
1.71872e+48
1.72215e+48
1.74332e+48
1.87406e+48
2.73064e+48
6.41685e+48
-4.13143e+49
9.94278e+49
-4.48904e+49
6.78134e+48
2.85162e+48
1.89283e+48
1.74704e+48
1.72348e+48
1.71972e+48
1.71972e+48

-1.71822e+48
1.71822e+48
1.71821e+48
1.71818e+48
1.71811e+48
1.71799e+48
1.71798e+48
1.71968e+48
1.73336e+48
1.8208e+48
2.31633e+48
3.42246e+48
-2.93339e+49
3.03701e+49
-3.21626e+49
3.5199e+48
2.38497e+48
1.83314e+48
1.73582e+48
1.72059e+48
1.7186e+48
1.7186e+48

-1.71821e+48
1.71821e+48
1.7182e+48
1.71815e+48
1.71803e+48
1.71775e+48
1.71725e+48
1.71703e+48
1.72189e+48
1.75928e+48
1.91832e+48
1.24859e+48
-2.11737e+49
1.54758e+49
-2.32615e+49
1.15077e+48
1.94009e+48
1.7644e+48
1.72295e+48
1.71753e+48
1.71751e+48
1.71751e+48

-1.71821e+48
1.71821e+48
1.71819e+48
1.71812e+48
1.71796e+48
1.71755e+48
1.71657e+48
1.71447e+48
1.71041e+48
1.69932e+48
1.58719e+48
-2.53697e+46
-1.50872e+49
1.2718e+49
-1.66743e+49
-2.34866e+47
1.57188e+48
1.69756e+48
1.7101e+48
1.71458e+48
1.71651e+48
1.71651e+48

-1.71821e+48
1.71821e+48
1.71818e+48
1.7181e+48
1.7179e+48
1.71738e+48
1.716e+48
1.71227e+48
1.70036e+48
1.64838e+48
1.33768e+48
-7.5283e+47
-1.12926e+49
7.48083e+48
-1.25495e+49
-1.02633e+48
1.29522e+48
1.64087e+48
1.69886e+48
1.71205e+48
1.71568e+48
1.71568e+48

-1.7182e+48
1.7182e+48
1.71817e+48
1.71809e+48
1.71786e+48
1.71726e+48
1.7156e+48
1.71065e+48
1.69294e+48
1.6117e+48
1.17236e+48
-1.1438e+48
-9.21501e+48
4.59162e+48
-1.02841e+49
-1.45174e+48
1.1122e+48
1.60008e+48
1.69057e+48
1.71019e+48
1.71509e+48
1.71509e+48

-1.7182e+48
1.7182e+48
1.71817e+48
1.71808e+48
1.71784e+48
1.71719e+48
1.71538e+48
1.7098e+48
1.68901e+48
1.59257e+48
1.09025e+48
-1.31436e+48
-8.29247e+48
3.30074e+48
-9.27645e+48
-1.63727e+48
1.02139e+48
1.57882e+48
1.68618e+48
1.70921e+48
1.71478e+48
1.71478e+48

0
1.7182e+48
1.71817e+48
1.71808e+48
1.71784e+48
1.71719e+48
1.71538e+48
1.7098e+48
1.68901e+48
1.59257e+48
1.09025e+48
-1.31436e+48
-8.29247e+48
3.30074e+48
-9.27645e+48
-1.63727e+48
1.02139e+48
1.57882e+48
1.68618e+48
1.70921e+48
1.71478e+48
0


0
1.71826e+48
1.71829e+48
1.71839e+48
1.71866e+48
1.7194e+48
1.72134e+48
1.72589e+48
1.73253e+48
1.70959e+48
1.38081e+48
-9.38076e+47
-1.03601e+49
8.65567e+48
-1.14309e+49
-1.17934e+48
1.35395e+48
1.71202e+48
1.73597e+48
1.72842e+48
1.72404e+48
0

-1.71826e+48
1.71826e+48
1.71829e+48
1.71839e+48
1.71866e+48
1.7194e+48
1.72134e+48
1.72589e+48
1.73253e+48
1.70959e+48
1.38081e+48
-9.38076e+47
-1.03601e+49
8.65567e+48
-1.14309e+49
-1.17934e+48
1.35395e+48
1.71202e+48
1.73597e+48
1.72842e+48
1.72404e+48
1.72404e+48

-1.71826e+48
1.71826e+48
1.71829e+48
1.71838e+48
1.71864e+48
1.71936e+48
1.72128e+48
1.72601e+48
1.7346e+48
1.72572e+48
1.47554e+48
-6.39714e+47
-1.19635e+49
1.35223e+49
-1.31468e+49
-8.54239e+47
1.45778e+48
1.72973e+48
1.73822e+48
1.72852e+48
1.72393e+48
1.72393e+48

-1.71825e+48
1.71825e+48
1.71828e+48
1.71837e+48
1.71861e+48
1.71928e+48
1.72116e+48
1.72619e+48
1.73831e+48
1.75597e+48
1.66575e+48
6.40554e+46
-1.60861e+49
2.81331e+49
-1.75398e+49
-8.75197e+46
1.66645e+48
1.76295e+48
1.74225e+48
1.72866e+48
1.72371e+48
1.72371e+48

-1.71825e+48
1.71825e+48
1.71827e+48
1.71835e+48
1.71856e+48
1.71917e+48
1.72096e+48
1.72629e+48
1.74284e+48
1.79625e+48
1.95169e+48
1.4643e+48
-2.61707e+49
6.21959e+49
-2.8203e+49
1.43679e+48
1.98068e+48
1.80724e+48
1.74715e+48
1.72869e+48
1.72335e+48
1.72335e+48

-1.71825e+48
1.71825e+48
1.71826e+48
1.71833e+48
1.7185e+48
1.71903e+48
1.72067e+48
1.72618e+48
1.74706e+48
1.84023e+48
2.32972e+48
4.32949e+48
-5.70881e+49
-4.28265e+49
-6.06309e+49
4.54859e+48
2.39752e+48
1.8557e+48
1.75171e+48
1.72846e+48
1.72284e+48
1.72284e+48

-1.71824e+48
1.71824e+48
1.71825e+48
1.7183e+48
1.71843e+48
1.71885e+48
1.72027e+48
1.72568e+48
1.74974e+48
1.87931e+48
2.78096e+48
1.11025e+49
-3.70246e+49
-5.25378e+47
-4.0996e+49
1.18613e+49
2.89902e+48
1.89891e+48
1.75454e+48
1.72779e+48
1.72218e+48
1.72218e+48

-1.71823e+48
1.71823e+48
1.71824e+48
1.71827e+48
1.71835e+48
1.71864e+48
1.71976e+48
1.72469e+48
1.74971e+48
1.90288e+48
3.20986e+48
1.72053e+49
-1.16518e+50
2.41867e+50
-1.25194e+50
1.85053e+49
3.38941e+48
1.92521e+48
1.75437e+48
1.72655e+48
1.72137e+48
1.72137e+48

-1.71823e+48
1.71823e+48
1.71823e+48
1.71824e+48
1.71827e+48
1.71841e+48
1.71915e+48
1.72314e+48
1.74622e+48
1.90056e+48
3.45531e+48
2.3178e+49
-3.98792e+49
2.2314e+49
-4.74695e+49
2.55898e+49
3.69204e+48
1.92285e+48
1.75036e+48
1.72469e+48
1.72042e+48
1.72042e+48

-1.71822e+48
1.71822e+48
1.71822e+48
1.7182e+48
1.71818e+48
1.71817e+48
1.71846e+48
1.72108e+48
1.73918e+48
1.86536e+48
2.93556e+48
1.08238e+49
-7.87406e+49
5.35439e+49
-8.52862e+49
1.15102e+49
3.09189e+48
1.88321e+48
1.74239e+48
1.72226e+48
1.71936e+48
1.71936e+48

-1.71822e+48
1.71822e+48
1.71821e+48
1.71817e+48
1.71809e+48
1.71793e+48
1.71773e+48
1.71864e+48
1.72939e+48
1.81069e+48
2.38914e+48
5.22575e+48
-3.36071e+49
5.31757e+49
-3.68294e+49
5.45046e+48
2.46777e+48
1.82181e+48
1.73137e+48
1.71942e+48
1.71825e+48
1.71825e+48

-1.71821e+48
1.71821e+48
1.7182e+48
1.71815e+48
1.71801e+48
1.71769e+48
1.717e+48
1.71604e+48
1.71815e+48
1.74897e+48
1.93997e+48
1.89328e+48
-2.5058e+49
1.53711e+49
-2.73404e+49
1.85201e+48
1.96384e+48
1.75279e+48
1.71875e+48
1.7164e+48
1.71717e+48
1.71717e+48

-1.71821e+48
1.71821e+48
1.71819e+48
1.71812e+48
1.71794e+48
1.71749e+48
1.71633e+48
1.71353e+48
1.70692e+48
1.68956e+48
1.59032e+48
2.60581e+47
-1.5217e+49
1.29354e+49
-1.67378e+49
7.61085e+46
1.57468e+48
1.68655e+48
1.70618e+48
1.7135e+48
1.71618e+48
1.71618e+48

-1.7182e+48
1.7182e+48
1.71818e+48
1.7181e+48
1.71789e+48
1.71732e+48
1.71577e+48
1.71136e+48
1.69711e+48
1.63943e+48
1.33475e+48
-5.95742e+47
-1.09445e+49
8.33974e+48
-1.21445e+49
-8.54941e+47
1.29135e+48
1.63076e+48
1.6952e+48
1.71101e+48
1.71536e+48
1.71536e+48

-1.7182e+48
1.7182e+48
1.71817e+48
1.71809e+48
1.71785e+48
1.7172e+48
1.71537e+48
1.70978e+48
1.68987e+48
1.60347e+48
1.16794e+48
-1.03582e+48
-8.87976e+48
4.31199e+48
-9.90099e+48
-1.33312e+48
1.10681e+48
1.59079e+48
1.68711e+48
1.70919e+48
1.71477e+48
1.71477e+48

-1.7182e+48
1.7182e+48
1.71817e+48
1.71808e+48
1.71783e+48
1.71714e+48
1.71516e+48
1.70894e+48
1.68604e+48
1.58475e+48
1.08568e+48
-1.22437e+48
-7.98417e+48
2.72467e+48
-8.9252e+48
-1.53788e+48
1.01591e+48
1.56999e+48
1.68283e+48
1.70823e+48
1.71446e+48
1.71446e+48

0
1.7182e+48
1.71817e+48
1.71808e+48
1.71783e+48
1.71714e+48
1.71516e+48
1.70894e+48
1.68604e+48
1.58475e+48
1.08568e+48
-1.22437e+48
-7.98417e+48
2.72467e+48
-8.9252e+48
-1.53788e+48
1.01591e+48
1.56999e+48
1.68283e+48
1.70823e+48
1.71446e+48
0


0
1.71826e+48
1.71829e+48
1.71838e+48
1.71864e+48
1.71932e+48
1.72103e+48
1.72465e+48
1.72783e+48
1.69417e+48
1.34819e+48
-8.92247e+47
-9.71024e+48
5.59338e+48
-1.07065e+49
-1.12944e+48
1.31741e+48
1.69477e+48
1.7307e+48
1.72701e+48
1.72362e+48
0

-1.71826e+48
1.71826e+48
1.71829e+48
1.71838e+48
1.71864e+48
1.71932e+48
1.72103e+48
1.72465e+48
1.72783e+48
1.69417e+48
1.34819e+48
-8.92247e+47
-9.71024e+48
5.59338e+48
-1.07065e+49
-1.12944e+48
1.31741e+48
1.69477e+48
1.7307e+48
1.72701e+48
1.72362e+48
1.72362e+48

-1.71826e+48
1.71826e+48
1.71828e+48
1.71837e+48
1.71862e+48
1.71928e+48
1.72097e+48
1.72476e+48
1.72978e+48
1.70939e+48
1.43759e+48
-6.01875e+47
-1.09442e+49
7.40518e+48
-1.2032e+49
-8.14014e+47
1.41526e+48
1.71146e+48
1.73282e+48
1.7271e+48
1.72351e+48
1.72351e+48

-1.71825e+48
1.71825e+48
1.71828e+48
1.71836e+48
1.71859e+48
1.71921e+48
1.72085e+48
1.72491e+48
1.73327e+48
1.73789e+48
1.61625e+48
7.25004e+46
-1.37209e+49
9.8884e+48
-1.5009e+49
-8.18063e+46
1.61094e+48
1.74272e+48
1.7366e+48
1.72721e+48
1.72328e+48
1.72328e+48

-1.71825e+48
1.71825e+48
1.71827e+48
1.71834e+48
1.71854e+48
1.7191e+48
1.72065e+48
1.72499e+48
1.73751e+48
1.77572e+48
1.88159e+48
1.35721e+48
-1.83974e+49
3.46358e+48
-2.00189e+49
1.31153e+48
1.902e+48
1.78425e+48
1.74118e+48
1.72721e+48
1.72291e+48
1.72291e+48

-1.71825e+48
1.71825e+48
1.71826e+48
1.71832e+48
1.71849e+48
1.71895e+48
1.72035e+48
1.72484e+48
1.74144e+48
1.81674e+48
2.22182e+48
3.68236e+48
-2.2868e+49
-8.50405e+49
-2.48982e+49
3.8286e+48
2.27626e+48
1.82935e+48
1.7454e+48
1.72695e+48
1.72241e+48
1.72241e+48

-1.71824e+48
1.71824e+48
1.71825e+48
1.71829e+48
1.71841e+48
1.71878e+48
1.71995e+48
1.72433e+48
1.74387e+48
1.85261e+48
2.59758e+48
7.57806e+48
-8.06621e+48
-7.93966e+49
-9.99278e+48
8.03971e+48
2.69213e+48
1.86888e+48
1.74795e+48
1.72625e+48
1.72175e+48
1.72175e+48

-1.71823e+48
1.71823e+48
1.71824e+48
1.71826e+48
1.71833e+48
1.71857e+48
1.71945e+48
1.72333e+48
1.74372e+48
1.87329e+48
2.90225e+48
1.14565e+49
-1.17112e+49
-9.3595e+49
-1.46199e+49
1.22843e+49
3.03509e+48
1.89177e+48
1.74764e+48
1.72501e+48
1.72093e+48
1.72093e+48

-1.71823e+48
1.71823e+48
1.71823e+48
1.71823e+48
1.71825e+48
1.71834e+48
1.71884e+48
1.7218e+48
1.74027e+48
1.86967e+48
2.98365e+48
1.26059e+49
-1.59663e+48
-6.61163e+49
-4.05047e+48
1.35713e+49
3.1338e+48
1.88772e+48
1.74366e+48
1.72316e+48
1.71998e+48
1.71998e+48

-1.71822e+48
1.71822e+48
1.71822e+48
1.7182e+48
1.71816e+48
1.7181e+48
1.71816e+48
1.71977e+48
1.73347e+48
1.83801e+48
2.67638e+48
7.80088e+48
-1.96724e+49
-4.58599e+49
-2.26957e+49
8.24717e+48
2.78685e+48
1.85217e+48
1.73596e+48
1.72077e+48
1.71893e+48
1.71893e+48

-1.71822e+48
1.71822e+48
1.71821e+48
1.71817e+48
1.71808e+48
1.71785e+48
1.71743e+48
1.71738e+48
1.72406e+48
1.78774e+48
2.26158e+48
4.17496e+48
-1.86196e+49
9.87292e+47
-2.08839e+49
4.30899e+48
2.32048e+48
1.79585e+48
1.72536e+48
1.71798e+48
1.71784e+48
1.71784e+48

-1.71821e+48
1.71821e+48
1.71819e+48
1.71814e+48
1.718e+48
1.71762e+48
1.71671e+48
1.71483e+48
1.71326e+48
1.72992e+48
1.87011e+48
1.72945e+48
-1.65575e+49
1.31268e+48
-1.83458e+49
1.66407e+48
1.88386e+48
1.7313e+48
1.71324e+48
1.71503e+48
1.71677e+48
1.71677e+48

-1.71821e+48
1.71821e+48
1.71819e+48
1.71812e+48
1.71793e+48
1.71742e+48
1.71605e+48
1.71238e+48
1.70246e+48
1.67377e+48
1.54834e+48
2.91967e+47
-1.24933e+49
4.63928e+48
-1.38609e+49
1.06601e+47
1.52675e+48
1.66875e+48
1.70116e+48
1.7122e+48
1.71579e+48
1.71579e+48

-1.7182e+48
1.7182e+48
1.71818e+48
1.7181e+48
1.71787e+48
1.71725e+48
1.7155e+48
1.71027e+48
1.69302e+48
1.62618e+48
1.30799e+48
-5.21412e+47
-9.76802e+48
3.63917e+48
-1.08725e+49
-7.74731e+47
1.26083e+48
1.61583e+48
1.6906e+48
1.70977e+48
1.71497e+48
1.71497e+48

-1.7182e+48
1.7182e+48
1.71817e+48
1.71808e+48
1.71783e+48
1.71713e+48
1.7151e+48
1.70872e+48
1.68606e+48
1.59195e+48
1.14964e+48
-9.56046e+47
-8.20433e+48
2.16507e+48
-9.15614e+48
-1.24545e+48
1.08594e+48
1.57781e+48
1.68282e+48
1.70799e+48
1.71439e+48
1.71439e+48

-1.7182e+48
1.7182e+48
1.71817e+48
1.71808e+48
1.71781e+48
1.71707e+48
1.71489e+48
1.70791e+48
1.68237e+48
1.57411e+48
1.07123e+48
-1.1452e+48
-7.49497e+48
1.32493e+48
-8.37727e+48
-1.45021e+48
9.99434e+47
1.55801e+48
1.6787e+48
1.70705e+48
1.71409e+48
1.71409e+48

0
1.7182e+48
1.71817e+48
1.71808e+48
1.71781e+48
1.71707e+48
1.71489e+48
1.70791e+48
1.68237e+48
1.57411e+48
1.07123e+48
-1.1452e+48
-7.49497e+48
1.32493e+48
-8.37727e+48
-1.45021e+48
9.99434e+47
1.55801e+48
1.6787e+48
1.70705e+48
1.71409e+48
0


0
1.71826e+48
1.71829e+48
1.71838e+48
1.71862e+48
1.71924e+48
1.72071e+48
1.72333e+48
1.72265e+48
1.67601e+48
1.30192e+48
-8.7464e+47
-8.80016e+48
1.97056e+48
-9.70123e+48
-1.11085e+48
1.26577e+48
1.67449e+48
1.7249e+48
1.72551e+48
1.72317e+48
0

-1.71826e+48
1.71826e+48
1.71829e+48
1.71838e+48
1.71862e+48
1.71924e+48
1.72071e+48
1.72333e+48
1.72265e+48
1.67601e+48
1.30192e+48
-8.7464e+47
-8.80016e+48
1.97056e+48
-9.70123e+48
-1.11085e+48
1.26577e+48
1.67449e+48
1.7249e+48
1.72551e+48
1.72317e+48
1.72317e+48

-1.71825e+48
1.71825e+48
1.71828e+48
1.71837e+48
1.7186e+48
1.71921e+48
1.72065e+48
1.72342e+48
1.72444e+48
1.68982e+48
1.38105e+48
-6.17696e+47
-9.55181e+48
2.07859e+48
-1.05154e+49
-8.33066e+47
1.35217e+48
1.68959e+48
1.72684e+48
1.72558e+48
1.72305e+48
1.72305e+48

-1.71825e+48
1.71825e+48
1.71828e+48
1.71836e+48
1.71857e+48
1.71913e+48
1.72052e+48
1.72354e+48
1.72763e+48
1.71554e+48
1.53686e+48
-4.40108e+46
-1.10053e+49
1.13187e+48
-1.20941e+49
-2.13143e+47
1.52239e+48
1.71774e+48
1.73028e+48
1.72565e+48
1.72282e+48
1.72282e+48

-1.71825e+48
1.71825e+48
1.71827e+48
1.71834e+48
1.71853e+48
1.71902e+48
1.72031e+48
1.72358e+48
1.73147e+48
1.74929e+48
1.76161e+48
9.66445e+47
-1.27267e+49
-4.12028e+48
-1.399e+49
8.77807e+47
1.76818e+48
1.75469e+48
1.73442e+48
1.72561e+48
1.72246e+48
1.72246e+48

-1.71824e+48
1.71824e+48
1.71826e+48
1.71832e+48
1.71847e+48
1.71888e+48
1.72002e+48
1.72339e+48
1.73497e+48
1.78521e+48
2.03529e+48
2.55744e+48
-1.29205e+49
-1.74037e+49
-1.43458e+49
2.59377e+48
2.06811e+48
1.79404e+48
1.73815e+48
1.7253e+48
1.72195e+48
1.72195e+48

-1.71824e+48
1.71824e+48
1.71825e+48
1.71829e+48
1.7184e+48
1.7187e+48
1.71962e+48
1.72285e+48
1.73702e+48
1.81561e+48
2.31292e+48
4.68516e+48
-7.74777e+48
-1.16303e+49
-9.20034e+48
4.88858e+48
2.3736e+48
1.82736e+48
1.74027e+48
1.72457e+48
1.72128e+48
1.72128e+48

-1.71823e+48
1.71823e+48
1.71824e+48
1.71826e+48
1.71832e+48
1.71849e+48
1.71911e+48
1.72184e+48
1.73665e+48
1.83195e+48
2.51194e+48
6.47639e+48
-5.81317e+48
-1.09403e+49
-7.48669e+48
6.83356e+48
2.5946e+48
1.84521e+48
1.7397e+48
1.72332e+48
1.72047e+48
1.72047e+48

-1.71823e+48
1.71823e+48
1.71823e+48
1.71823e+48
1.71823e+48
1.71826e+48
1.71851e+48
1.72032e+48
1.73323e+48
1.82729e+48
2.5391e+48
6.79142e+48
-5.39386e+48
-2.20475e+49
-7.12223e+48
7.17853e+48
2.62641e+48
1.83983e+48
1.73574e+48
1.72149e+48
1.71952e+48
1.71952e+48

-1.71822e+48
1.71822e+48
1.71822e+48
1.7182e+48
1.71814e+48
1.71802e+48
1.71783e+48
1.71833e+48
1.72674e+48
1.79987e+48
2.34724e+48
4.88595e+48
-1.12485e+49
-3.30644e+48
-1.3151e+49
5.08212e+48
2.41221e+48
1.80906e+48
1.72839e+48
1.71914e+48
1.71848e+48
1.71848e+48

-1.71822e+48
1.71822e+48
1.7182e+48
1.71817e+48
1.71806e+48
1.71778e+48
1.71712e+48
1.716e+48
1.71783e+48
1.75589e+48
2.05034e+48
2.84748e+48
-1.20731e+49
-1.43745e+48
-1.37153e+49
2.8663e+48
2.08142e+48
1.75993e+48
1.71836e+48
1.71641e+48
1.7174e+48
1.7174e+48

-1.71821e+48
1.71821e+48
1.71819e+48
1.71814e+48
1.71798e+48
1.71755e+48
1.7164e+48
1.71353e+48
1.70762e+48
1.70427e+48
1.74096e+48
1.23459e+48
-1.15241e+49
1.63747e+47
-1.29233e+49
1.1219e+48
1.73819e+48
1.7024e+48
1.7069e+48
1.71354e+48
1.71634e+48
1.71634e+48

-1.71821e+48
1.71821e+48
1.71818e+48
1.71811e+48
1.71791e+48
1.71735e+48
1.71575e+48
1.71114e+48
1.6974e+48
1.6533e+48
1.46995e+48
1.43843e+47
-9.90224e+48
9.12159e+47
-1.10631e+49
-5.66197e+46
1.4385e+48
1.64572e+48
1.69546e+48
1.71079e+48
1.71537e+48
1.71537e+48

-1.7182e+48
1.7182e+48
1.71818e+48
1.71809e+48
1.71786e+48
1.71718e+48
1.71521e+48
1.70909e+48
1.68844e+48
1.60961e+48
1.25959e+48
-5.33557e+47
-8.40654e+48
6.50315e+47
-9.38795e+48
-7.88081e+47
1.20636e+48
1.5972e+48
1.68545e+48
1.70843e+48
1.71457e+48
1.71457e+48

-1.7182e+48
1.7182e+48
1.71817e+48
1.71808e+48
1.71782e+48
1.71706e+48
1.71481e+48
1.70759e+48
1.68183e+48
1.57797e+48
1.11786e+48
-9.17642e+47
-7.40108e+48
1.52902e+47
-8.26901e+48
-1.20251e+48
1.05019e+48
1.5621e+48
1.67806e+48
1.7067e+48
1.71399e+48
1.71399e+48

-1.7182e+48
1.7182e+48
1.71817e+48
1.71807e+48
1.7178e+48
1.717e+48
1.71461e+48
1.7068e+48
1.67832e+48
1.56141e+48
1.04687e+48
-1.09026e+48
-6.9108e+48
-1.87051e+47
-7.72467e+48
-1.38866e+48
9.72024e+47
1.54374e+48
1.67415e+48
1.70579e+48
1.71369e+48
1.71369e+48

0
1.7182e+48
1.71817e+48
1.71807e+48
1.7178e+48
1.717e+48
1.71461e+48
1.7068e+48
1.67832e+48
1.56141e+48
1.04687e+48
-1.09026e+48
-6.9108e+48
-1.87051e+47
-7.72467e+48
-1.38866e+48
9.72024e+47
1.54374e+48
1.67415e+48
1.70579e+48
1.71369e+48
0


0
1.71826e+48
1.71828e+48
1.71837e+48
1.7186e+48
1.71917e+48
1.7204e+48
1.72204e+48
1.71751e+48
1.65713e+48
1.24859e+48
-8.84651e+47
-7.89115e+48
-8.52937e+47
-8.69727e+48
-1.12224e+48
1.20642e+48
1.65342e+48
1.71916e+48
1.72405e+48
1.72274e+48
0

-1.71826e+48
1.71826e+48
1.71828e+48
1.71837e+48
1.7186e+48
1.71917e+48
1.7204e+48
1.72204e+48
1.71751e+48
1.65713e+48
1.24859e+48
-8.84651e+47
-7.89115e+48
-8.52937e+47
-8.69727e+48
-1.12224e+48
1.20642e+48
1.65342e+48
1.71916e+48
1.72405e+48
1.72274e+48
1.72274e+48

-1.71825e+48
1.71825e+48
1.71828e+48
1.71837e+48
1.71859e+48
1.71913e+48
1.72033e+48
1.72212e+48
1.71913e+48
1.66931e+48
1.31541e+48
-6.73846e+47
-8.28879e+48
-1.23978e+48
-9.13453e+48
-8.95545e+47
1.27915e+48
1.66671e+48
1.72089e+48
1.7241e+48
1.72262e+48
1.72262e+48

-1.71825e+48
1.71825e+48
1.71828e+48
1.71835e+48
1.71856e+48
1.71906e+48
1.7202e+48
1.7222e+48
1.72198e+48
1.69181e+48
1.44459e+48
-2.24108e+47
-8.96069e+48
-2.49788e+48
-9.88139e+48
-4.12065e+47
1.41981e+48
1.69125e+48
1.72396e+48
1.72414e+48
1.72238e+48
1.72238e+48

-1.71825e+48
1.71825e+48
1.71827e+48
1.71834e+48
1.71851e+48
1.71895e+48
1.72e+48
1.7222e+48
1.72538e+48
1.72092e+48
1.62488e+48
5.0728e+47
-9.53191e+48
-5.37233e+48
-1.05492e+49
3.73771e+47
1.61625e+48
1.723e+48
1.72759e+48
1.72405e+48
1.72202e+48
1.72202e+48

-1.71824e+48
1.71824e+48
1.71826e+48
1.71831e+48
1.71845e+48
1.7188e+48
1.7197e+48
1.72198e+48
1.72839e+48
1.7512e+48
1.83361e+48
1.53025e+48
-9.22739e+48
-9.23147e+48
-1.03346e+49
1.47228e+48
1.84395e+48
1.75601e+48
1.73078e+48
1.72369e+48
1.7215e+48
1.7215e+48

-1.71824e+48
1.71824e+48
1.71825e+48
1.71829e+48
1.71838e+48
1.71862e+48
1.71929e+48
1.7214e+48
1.73003e+48
1.77593e+48
2.03101e+48
2.70393e+48
-7.40236e+48
-7.52465e+48
-8.5704e+48
2.73274e+48
2.05973e+48
1.78292e+48
1.73242e+48
1.72293e+48
1.72084e+48
1.72084e+48

-1.71823e+48
1.71823e+48
1.71824e+48
1.71826e+48
1.7183e+48
1.71842e+48
1.71879e+48
1.72038e+48
1.72941e+48
1.78819e+48
2.16034e+48
3.58294e+48
-6.38452e+48
-7.88221e+48
-7.64907e+48
3.67885e+48
2.20152e+48
1.79612e+48
1.73157e+48
1.72166e+48
1.72002e+48
1.72002e+48

-1.71823e+48
1.71823e+48
1.71823e+48
1.71822e+48
1.71821e+48
1.71819e+48
1.71819e+48
1.71887e+48
1.72601e+48
1.78294e+48
2.16883e+48
3.68216e+48
-6.49618e+48
-1.07392e+49
-7.81285e+48
3.78203e+48
2.21051e+48
1.78996e+48
1.72764e+48
1.71985e+48
1.71908e+48
1.71908e+48

-1.71822e+48
1.71822e+48
1.71822e+48
1.71819e+48
1.71813e+48
1.71795e+48
1.71752e+48
1.71692e+48
1.71984e+48
1.75927e+48
2.04162e+48
2.83972e+48
-8.25374e+48
-5.88885e+48
-9.60384e+48
2.85924e+48
2.06906e+48
1.7634e+48
1.72064e+48
1.71754e+48
1.71805e+48
1.71805e+48

-1.71822e+48
1.71822e+48
1.7182e+48
1.71816e+48
1.71804e+48
1.71771e+48
1.71681e+48
1.71465e+48
1.71147e+48
1.72144e+48
1.83067e+48
1.71742e+48
-8.87828e+48
-3.6053e+48
-1.01244e+49
1.64077e+48
1.83528e+48
1.7212e+48
1.71121e+48
1.71488e+48
1.71697e+48
1.71697e+48

-1.71821e+48
1.71821e+48
1.71819e+48
1.71813e+48
1.71796e+48
1.71748e+48
1.71611e+48
1.71225e+48
1.70188e+48
1.67635e+48
1.59485e+48
6.98636e+47
-8.7266e+48
-2.1418e+48
-9.83999e+48
5.4004e+47
1.57472e+48
1.67103e+48
1.70045e+48
1.71209e+48
1.71592e+48
1.71592e+48

-1.71821e+48
1.71821e+48
1.71818e+48
1.71811e+48
1.71789e+48
1.71728e+48
1.71546e+48
1.70994e+48
1.69228e+48
1.63111e+48
1.37652e+48
-7.42952e+46
-8.02908e+48
-1.49618e+48
-9.00519e+48
-2.93192e+47
1.33404e+48
1.62081e+48
1.68971e+48
1.70941e+48
1.71497e+48
1.71497e+48

-1.7182e+48
1.7182e+48
1.71818e+48
1.71809e+48
1.71784e+48
1.71711e+48
1.71493e+48
1.70795e+48
1.68385e+48
1.59184e+48
1.20021e+48
-5.98134e+47
-7.24701e+48
-1.32576e+48
-8.10898e+48
-8.57113e+47
1.14e+48
1.57726e+48
1.68029e+48
1.70713e+48
1.71418e+48
1.71418e+48

-1.7182e+48
1.7182e+48
1.71817e+48
1.71808e+48
1.7178e+48
1.717e+48
1.71454e+48
1.7065e+48
1.67761e+48
1.56315e+48
1.07832e+48
-9.13866e+47
-6.65194e+48
-1.38292e+48
-7.43596e+48
-1.19663e+48
1.006e+48
1.54547e+48
1.67332e+48
1.70545e+48
1.71361e+48
1.71361e+48

-1.7182e+48
1.7182e+48
1.71817e+48
1.71807e+48
1.71778e+48
1.71694e+48
1.71434e+48
1.70573e+48
1.6743e+48
1.54806e+48
1.01637e+48
-1.06094e+48
-6.3421e+48
-1.46607e+48
-7.0873e+48
-1.35467e+48
9.37948e+47
1.52875e+48
1.66963e+48
1.70457e+48
1.71331e+48
1.71331e+48

0
1.7182e+48
1.71817e+48
1.71807e+48
1.71778e+48
1.71694e+48
1.71434e+48
1.70573e+48
1.6743e+48
1.54806e+48
1.01637e+48
-1.06094e+48
-6.3421e+48
-1.46607e+48
-7.0873e+48
-1.35467e+48
9.37948e+47
1.52875e+48
1.66963e+48
1.70457e+48
1.71331e+48
0


0
1.71826e+48
1.71828e+48
1.71837e+48
1.71859e+48
1.71911e+48
1.72013e+48
1.72094e+48
1.713e+48
1.64e+48
1.1974e+48
-9.1092e+47
-7.14884e+48
-2.69545e+48
-7.87543e+48
-1.15093e+48
1.14958e+48
1.63432e+48
1.71411e+48
1.7228e+48
1.72237e+48
0

-1.71826e+48
1.71826e+48
1.71828e+48
1.71837e+48
1.71859e+48
1.71911e+48
1.72013e+48
1.72094e+48
1.713e+48
1.64e+48
1.1974e+48
-9.1092e+47
-7.14884e+48
-2.69545e+48
-7.87543e+48
-1.15093e+48
1.14958e+48
1.63432e+48
1.71411e+48
1.7228e+48
1.72237e+48
1.72237e+48

-1.71825e+48
1.71825e+48
1.71828e+48
1.71836e+48
1.71857e+48
1.71907e+48
1.72007e+48
1.72099e+48
1.71444e+48
1.65065e+48
1.25281e+48
-7.44411e+47
-7.34191e+48
-3.10511e+48
-8.09344e+48
-9.72843e+47
1.20967e+48
1.6459e+48
1.71566e+48
1.72283e+48
1.72225e+48
1.72225e+48

-1.71825e+48
1.71825e+48
1.71828e+48
1.71835e+48
1.71854e+48
1.719e+48
1.71993e+48
1.72105e+48
1.71698e+48
1.67016e+48
1.35803e+48
-4.03951e+47
-7.63131e+48
-4.04933e+48
-8.42882e+48
-6.08803e+47
1.32382e+48
1.6671e+48
1.71837e+48
1.72283e+48
1.72201e+48
1.72201e+48

-1.71825e+48
1.71825e+48
1.71827e+48
1.71833e+48
1.71849e+48
1.71888e+48
1.71972e+48
1.72101e+48
1.71997e+48
1.69503e+48
1.50052e+48
1.12307e+47
-7.80273e+48
-5.56897e+48
-8.6584e+48
-5.70125e+46
1.47843e+48
1.69412e+48
1.72154e+48
1.7227e+48
1.72164e+48
1.72164e+48

-1.71824e+48
1.71824e+48
1.71826e+48
1.71831e+48
1.71843e+48
1.71874e+48
1.71942e+48
1.72075e+48
1.72254e+48
1.72035e+48
1.65857e+48
7.69309e+47
-7.56637e+48
-7.06145e+48
-8.4799e+48
6.44843e+47
1.64997e+48
1.72158e+48
1.72423e+48
1.7223e+48
1.72112e+48
1.72112e+48

-1.71824e+48
1.71824e+48
1.71825e+48
1.71828e+48
1.71836e+48
1.71856e+48
1.71902e+48
1.72014e+48
1.72379e+48
1.74033e+48
1.80014e+48
1.44603e+48
-6.85956e+48
-7.01739e+48
-7.82353e+48
1.36732e+48
1.80362e+48
1.74315e+48
1.72544e+48
1.7215e+48
1.72045e+48
1.72045e+48

-1.71823e+48
1.71823e+48
1.71824e+48
1.71825e+48
1.71828e+48
1.71835e+48
1.71851e+48
1.71911e+48
1.72295e+48
1.74941e+48
1.88695e+48
1.91302e+48
-6.3845e+48
-7.22434e+48
-7.4001e+48
1.86487e+48
1.89757e+48
1.75272e+48
1.72433e+48
1.72022e+48
1.71964e+48
1.71964e+48

-1.71823e+48
1.71823e+48
1.71823e+48
1.71822e+48
1.7182e+48
1.71813e+48
1.71791e+48
1.71761e+48
1.71958e+48
1.74384e+48
1.8883e+48
1.95675e+48
-6.42041e+48
-7.60538e+48
-7.46618e+48
1.90647e+48
1.89792e+48
1.74615e+48
1.72042e+48
1.71841e+48
1.7187e+48
1.7187e+48

-1.71822e+48
1.71822e+48
1.71821e+48
1.71819e+48
1.71811e+48
1.71789e+48
1.71725e+48
1.7157e+48
1.71369e+48
1.72309e+48
1.79853e+48
1.54011e+48
-6.95791e+48
-6.00029e+48
-8.00589e+48
1.45067e+48
1.79813e+48
1.72285e+48
1.71373e+48
1.71614e+48
1.71768e+48
1.71768e+48

-1.71822e+48
1.71822e+48
1.7182e+48
1.71816e+48
1.71803e+48
1.71765e+48
1.71655e+48
1.71348e+48
1.70579e+48
1.69028e+48
1.64453e+48
9.02611e+47
-7.23483e+48
-4.58914e+48
-8.2315e+48
7.59659e+47
1.62796e+48
1.68627e+48
1.70483e+48
1.71354e+48
1.71661e+48
1.71661e+48

-1.71821e+48
1.71821e+48
1.71819e+48
1.71813e+48
1.71795e+48
1.71742e+48
1.71585e+48
1.71114e+48
1.69677e+48
1.6508e+48
1.46376e+48
2.56248e+47
-7.16411e+48
-3.5294e+48
-8.08461e+48
6.2363e+46
1.42881e+48
1.6424e+48
1.69471e+48
1.71082e+48
1.71557e+48
1.71557e+48

-1.71821e+48
1.71821e+48
1.71818e+48
1.71811e+48
1.71788e+48
1.71722e+48
1.71522e+48
1.70889e+48
1.68773e+48
1.6107e+48
1.28885e+48
-2.83149e+47
-6.82599e+48
-2.88978e+48
-7.66393e+48
-5.17892e+47
1.23649e+48
1.59793e+48
1.6846e+48
1.70822e+48
1.71462e+48
1.71462e+48

-1.7182e+48
1.7182e+48
1.71818e+48
1.71809e+48
1.71783e+48
1.71705e+48
1.71469e+48
1.70696e+48
1.67978e+48
1.57549e+48
1.14265e+48
-6.77873e+47
-6.40713e+48
-2.5699e+48
-7.17233e+48
-9.41698e+47
1.07596e+48
1.55893e+48
1.67572e+48
1.706e+48
1.71384e+48
1.71384e+48

-1.7182e+48
1.7182e+48
1.71817e+48
1.71807e+48
1.71779e+48
1.71694e+48
1.71431e+48
1.70555e+48
1.67389e+48
1.54955e+48
1.03909e+48
-9.29523e+47
-6.06115e+48
-2.44187e+48
-6.77398e+48
-1.21151e+48
9.62365e+47
1.53022e+48
1.66914e+48
1.70437e+48
1.71328e+48
1.71328e+48

-1.7182e+48
1.7182e+48
1.71817e+48
1.71807e+48
1.71777e+48
1.71688e+48
1.71411e+48
1.70481e+48
1.67076e+48
1.53583e+48
9.85719e+47
-1.05081e+48
-5.87179e+48
-2.40686e+48
-6.55762e+48
-1.34144e+48
9.03847e+47
1.51505e+48
1.66565e+48
1.70352e+48
1.71299e+48
1.71299e+48

0
1.7182e+48
1.71817e+48
1.71807e+48
1.71777e+48
1.71688e+48
1.71411e+48
1.70481e+48
1.67076e+48
1.53583e+48
9.85719e+47
-1.05081e+48
-5.87179e+48
-2.40686e+48
-6.55762e+48
-1.34144e+48
9.03847e+47
1.51505e+48
1.66565e+48
1.70352e+48
1.71299e+48
0


0
1.71826e+48
1.71828e+48
1.71837e+48
1.71858e+48
1.71906e+48
1.71994e+48
1.72012e+48
1.70964e+48
1.62701e+48
1.15743e+48
-9.38739e+47
-6.64242e+48
-3.74811e+48
-7.31314e+48
-1.18101e+48
1.10526e+48
1.61984e+48
1.71035e+48
1.72187e+48
1.7221e+48
0

-1.71826e+48
1.71826e+48
1.71828e+48
1.71837e+48
1.71858e+48
1.71906e+48
1.71994e+48
1.72012e+48
1.70964e+48
1.62701e+48
1.15743e+48
-9.38739e+47
-6.64242e+48
-3.74811e+48
-7.31314e+48
-1.18101e+48
1.10526e+48
1.61984e+48
1.71035e+48
1.72187e+48
1.7221e+48
1.7221e+48

-1.71825e+48
1.71825e+48
1.71828e+48
1.71836e+48
1.71856e+48
1.71902e+48
1.71987e+48
1.72016e+48
1.71096e+48
1.63649e+48
1.20435e+48
-8.05164e+47
-6.73395e+48
-4.07742e+48
-7.4214e+48
-1.03888e+48
1.15598e+48
1.63012e+48
1.71176e+48
1.72189e+48
1.72198e+48
1.72198e+48

-1.71825e+48
1.71825e+48
1.71828e+48
1.71835e+48
1.71853e+48
1.71895e+48
1.71974e+48
1.7202e+48
1.71326e+48
1.65374e+48
1.29218e+48
-5.41289e+47
-6.85553e+48
-4.73119e+48
-7.57359e+48
-7.58171e+47
1.25093e+48
1.64881e+48
1.71421e+48
1.72187e+48
1.72174e+48
1.72174e+48

-1.71825e+48
1.71825e+48
1.71827e+48
1.71833e+48
1.71848e+48
1.71884e+48
1.71952e+48
1.72013e+48
1.71593e+48
1.67548e+48
1.40834e+48
-1.62636e+47
-6.89565e+48
-5.60857e+48
-7.65267e+48
-3.55587e+47
1.37646e+48
1.67234e+48
1.71702e+48
1.7217e+48
1.72136e+48
1.72136e+48

-1.71824e+48
1.71824e+48
1.71826e+48
1.71831e+48
1.71842e+48
1.71869e+48
1.71922e+48
1.71984e+48
1.71816e+48
1.69722e+48
1.53307e+48
2.86203e+47
-6.74651e+48
-6.38136e+48
-7.54413e+48
1.21185e+47
1.51117e+48
1.69579e+48
1.71933e+48
1.72127e+48
1.72084e+48
1.72084e+48

-1.71824e+48
1.71824e+48
1.71825e+48
1.71828e+48
1.71835e+48
1.71851e+48
1.71881e+48
1.71921e+48
1.71913e+48
1.71388e+48
1.64049e+48
7.14916e+47
-6.4296e+48
-6.63903e+48
-7.26463e+48
5.75743e+47
1.62696e+48
1.71364e+48
1.72022e+48
1.72045e+48
1.72017e+48
1.72017e+48

-1.71823e+48
1.71823e+48
1.71824e+48
1.71825e+48
1.71827e+48
1.71831e+48
1.71831e+48
1.71817e+48
1.71813e+48
1.72084e+48
1.70326e+48
9.95325e+47
-6.18745e+48
-6.73553e+48
-7.05447e+48
8.71192e+47
1.69405e+48
1.72081e+48
1.71893e+48
1.71915e+48
1.71936e+48
1.71936e+48

-1.71823e+48
1.71823e+48
1.71823e+48
1.71822e+48
1.71819e+48
1.71808e+48
1.71771e+48
1.71668e+48
1.71478e+48
1.71511e+48
1.70166e+48
1.02317e+48
-6.15759e+48
-6.61943e+48
-7.04193e+48
8.95621e+47
1.69088e+48
1.71403e+48
1.71503e+48
1.71736e+48
1.71843e+48
1.71843e+48

-1.71822e+48
1.71822e+48
1.71821e+48
1.71819e+48
1.7181e+48
1.71784e+48
1.71705e+48
1.71479e+48
1.70909e+48
1.69634e+48
1.63282e+48
7.87814e+47
-6.30492e+48
-5.85962e+48
-7.18546e+48
6.37684e+47
1.61423e+48
1.69292e+48
1.70856e+48
1.71511e+48
1.71741e+48
1.71741e+48

-1.71822e+48
1.71822e+48
1.7182e+48
1.71816e+48
1.71802e+48
1.7176e+48
1.71635e+48
1.71261e+48
1.70153e+48
1.66698e+48
1.51292e+48
3.92034e+47
-6.38954e+48
-4.97823e+48
-7.23939e+48
2.09127e+47
1.48192e+48
1.66021e+48
1.70005e+48
1.71256e+48
1.71635e+48
1.71635e+48

-1.71821e+48
1.71821e+48
1.71819e+48
1.71813e+48
1.71794e+48
1.71738e+48
1.71567e+48
1.71032e+48
1.69294e+48
1.63151e+48
1.36761e+48
-4.49824e+46
-6.3241e+48
-4.20636e+48
-7.12608e+48
-2.61633e+47
1.32213e+48
1.62082e+48
1.69041e+48
1.70989e+48
1.71531e+48
1.71531e+48

-1.71821e+48
1.71821e+48
1.71818e+48
1.7181e+48
1.71787e+48
1.71718e+48
1.71504e+48
1.70812e+48
1.68433e+48
1.59517e+48
1.22247e+48
-4.38384e+47
-6.12697e+48
-3.64331e+48
-6.87516e+48
-6.84053e+47
1.16285e+48
1.58056e+48
1.68078e+48
1.70734e+48
1.71437e+48
1.71437e+48

-1.7182e+48
1.7182e+48
1.71817e+48
1.71808e+48
1.71781e+48
1.71701e+48
1.71451e+48
1.70623e+48
1.67674e+48
1.56301e+48
1.09792e+48
-7.44785e+47
-5.87905e+48
-3.28753e+48
-6.578e+48
-1.01232e+48
1.02634e+48
1.54497e+48
1.6723e+48
1.70517e+48
1.7136e+48
1.7136e+48

-1.7182e+48
1.7182e+48
1.71817e+48
1.71807e+48
1.71778e+48
1.7169e+48
1.71413e+48
1.70485e+48
1.67111e+48
1.53915e+48
1.008e+48
-9.49346e+47
-5.66534e+48
-3.0914e+48
-6.32757e+48
-1.23113e+48
9.27871e+47
1.51859e+48
1.66602e+48
1.70358e+48
1.71304e+48
1.71304e+48

-1.7182e+48
1.7182e+48
1.71817e+48
1.71806e+48
1.71776e+48
1.71684e+48
1.71394e+48
1.70413e+48
1.66812e+48
1.52649e+48
9.61124e+47
-1.05075e+48
-5.54459e+48
-3.00797e+48
-6.18742e+48
-1.33951e+48
8.7656e+47
1.5046e+48
1.66268e+48
1.70274e+48
1.71275e+48
1.71275e+48

0
1.7182e+48
1.71817e+48
1.71806e+48
1.71776e+48
1.71684e+48
1.71394e+48
1.70413e+48
1.66812e+48
1.52649e+48
9.61124e+47
-1.05075e+48
-5.54459e+48
-3.00797e+48
-6.18742e+48
-1.33951e+48
8.7656e+47
1.5046e+48
1.66268e+48
1.70274e+48
1.71275e+48
0


0
1.71826e+48
1.71828e+48
1.71837e+48
1.71857e+48
1.71904e+48
1.71983e+48
1.71969e+48
1.70785e+48
1.62e+48
1.1356e+48
-9.55967e+47
-6.38927e+48
-4.2178e+48
-7.03145e+48
-1.19957e+48
1.08108e+48
1.61204e+48
1.70835e+48
1.72138e+48
1.72196e+48
0

-1.71826e+48
1.71826e+48
1.71828e+48
1.71837e+48
1.71857e+48
1.71904e+48
1.71983e+48
1.71969e+48
1.70785e+48
1.62e+48
1.1356e+48
-9.55967e+47
-6.38927e+48
-4.2178e+48
-7.03145e+48
-1.19957e+48
1.08108e+48
1.61204e+48
1.70835e+48
1.72138e+48
1.72196e+48
1.72196e+48

-1.71825e+48
1.71825e+48
1.71828e+48
1.71836e+48
1.71856e+48
1.719e+48
1.71977e+48
1.71973e+48
1.7091e+48
1.62886e+48
1.17805e+48
-8.39579e+47
-6.44052e+48
-4.49074e+48
-7.09584e+48
-1.07613e+48
1.12687e+48
1.62162e+48
1.70968e+48
1.72139e+48
1.72184e+48
1.72184e+48

-1.71825e+48
1.71825e+48
1.71828e+48
1.71835e+48
1.71852e+48
1.71892e+48
1.71963e+48
1.71975e+48
1.71127e+48
1.64491e+48
1.25688e+48
-6.14295e+47
-6.50074e+48
-4.99679e+48
-7.18008e+48
-8.37315e+47
1.21188e+48
1.63898e+48
1.71198e+48
1.72136e+48
1.72159e+48
1.72159e+48

-1.71825e+48
1.71825e+48
1.71827e+48
1.71833e+48
1.71848e+48
1.71881e+48
1.71942e+48
1.71966e+48
1.71377e+48
1.66501e+48
1.35972e+48
-3.0137e+47
-6.50238e+48
-5.62192e+48
-7.21255e+48
-5.05859e+47
1.32273e+48
1.66067e+48
1.71461e+48
1.72117e+48
1.72122e+48
1.72122e+48

-1.71824e+48
1.71824e+48
1.71826e+48
1.71831e+48
1.71842e+48
1.71867e+48
1.71911e+48
1.71936e+48
1.71583e+48
1.68489e+48
1.46816e+48
5.45306e+46
-6.39517e+48
-6.16095e+48
-7.13811e+48
-1.29418e+47
1.43946e+48
1.68206e+48
1.71671e+48
1.72072e+48
1.7207e+48
1.7207e+48

-1.71824e+48
1.71824e+48
1.71825e+48
1.71828e+48
1.71835e+48
1.71849e+48
1.71871e+48
1.71872e+48
1.71664e+48
1.69986e+48
1.55954e+48
3.80311e+47
-6.20499e+48
-6.43222e+48
-6.97833e+48
2.14134e+47
1.5375e+48
1.69802e+48
1.71743e+48
1.71989e+48
1.72003e+48
1.72003e+48

-1.71823e+48
1.71823e+48
1.71824e+48
1.71825e+48
1.71827e+48
1.71828e+48
1.7182e+48
1.71767e+48
1.71556e+48
1.70576e+48
1.61147e+48
5.87555e+47
-6.0446e+48
-6.48601e+48
-6.84202e+48
4.30616e+47
1.59255e+48
1.70399e+48
1.71605e+48
1.71859e+48
1.71922e+48
1.71922e+48

-1.71823e+48
1.71823e+48
1.71823e+48
1.71822e+48
1.71818e+48
1.71806e+48
1.71761e+48
1.71618e+48
1.71221e+48
1.69997e+48
1.60876e+48
6.10654e+47
-5.98907e+48
-6.2944e+48
-6.7985e+48
4.50086e+47
1.58806e+48
1.69713e+48
1.71216e+48
1.71679e+48
1.71828e+48
1.71828e+48

-1.71822e+48
1.71822e+48
1.71821e+48
1.71819e+48
1.7181e+48
1.71782e+48
1.71695e+48
1.71431e+48
1.70663e+48
1.68219e+48
1.54936e+48
4.44457e+47
-6.01719e+48
-5.77234e+48
-6.82202e+48
2.67411e+47
1.52183e+48
1.67712e+48
1.70581e+48
1.71457e+48
1.71726e+48
1.71726e+48

-1.71822e+48
1.71822e+48
1.7182e+48
1.71815e+48
1.71801e+48
1.71758e+48
1.71625e+48
1.71215e+48
1.69926e+48
1.65459e+48
1.44534e+48
1.48693e+47
-6.02607e+48
-5.1111e+48
-6.80799e+48
-5.27283e+46
1.4071e+48
1.64636e+48
1.6975e+48
1.71204e+48
1.71621e+48
1.71621e+48

-1.71821e+48
1.71821e+48
1.71819e+48
1.71813e+48
1.71793e+48
1.71735e+48
1.71557e+48
1.70988e+48
1.69089e+48
1.62119e+48
1.31722e+48
-1.95323e+47
-5.95592e+48
-4.47789e+48
-6.70176e+48
-4.22951e+47
1.26633e+48
1.60928e+48
1.68812e+48
1.70939e+48
1.71518e+48
1.71518e+48

-1.71821e+48
1.71821e+48
1.71818e+48
1.7181e+48
1.71786e+48
1.71715e+48
1.71494e+48
1.70771e+48
1.68251e+48
1.58682e+48
1.18702e+48
-5.19681e+47
-5.80816e+48
-3.96928e+48
-6.51259e+48
-7.70819e+47
1.12359e+48
1.57123e+48
1.67873e+48
1.70688e+48
1.71424e+48
1.71424e+48

-1.7182e+48
1.7182e+48
1.71817e+48
1.71808e+48
1.71781e+48
1.71699e+48
1.71442e+48
1.70585e+48
1.67512e+48
1.55627e+48
1.07365e+48
-7.8205e+47
-5.62725e+48
-3.6136e+48
-6.29293e+48
-1.05154e+48
9.99452e+47
1.53743e+48
1.67048e+48
1.70473e+48
1.71347e+48
1.71347e+48

-1.7182e+48
1.7182e+48
1.71817e+48
1.71807e+48
1.71777e+48
1.71688e+48
1.71404e+48
1.70449e+48
1.66963e+48
1.53354e+48
9.90912e+47
-9.62142e+47
-5.46925e+48
-3.39776e+48
-6.10546e+48
-1.24392e+48
9.08939e+47
1.51231e+48
1.66436e+48
1.70316e+48
1.71292e+48
1.71292e+48

-1.7182e+48
1.7182e+48
1.71817e+48
1.71806e+48
1.71775e+48
1.71682e+48
1.71385e+48
1.70377e+48
1.66671e+48
1.52144e+48
9.47495e+47
-1.05294e+48
-5.37863e+48
-3.29814e+48
-5.99906e+48
-1.34081e+48
8.61463e+47
1.49895e+48
1.6611e+48
1.70233e+48
1.71263e+48
1.71263e+48

0
1.7182e+48
1.71817e+48
1.71806e+48
1.71775e+48
1.71682e+48
1.71385e+48
1.70377e+48
1.66671e+48
1.52144e+48
9.47495e+47
-1.05294e+48
-5.37863e+48
-3.29814e+48
-5.99906e+48
-1.34081e+48
8.61463e+47
1.49895e+48
1.6611e+48
1.70233e+48
1.71263e+48
0


0
0
0
0
0
0
0
0
0
0
0
0
0
0
0
0
0
0
0
0
0
0

0
1.71826e+48
1.71828e+48
1.71837e+48
1.71857e+48
1.71904e+48
1.71983e+48
1.71969e+48
1.70785e+48
1.62e+48
1.1356e+48
-9.55967e+47
-6.38927e+48
-4.2178e+48
-7.03145e+48
-1.19957e+48
1.08108e+48
1.61204e+48
1.70835e+48
1.72138e+48
1.72196e+48
0

0
1.71825e+48
1.71828e+48
1.71836e+48
1.71856e+48
1.719e+48
1.71977e+48
1.71973e+48
1.7091e+48
1.62886e+48
1.17805e+48
-8.39579e+47
-6.44052e+48
-4.49074e+48
-7.09584e+48
-1.07613e+48
1.12687e+48
1.62162e+48
1.70968e+48
1.72139e+48
1.72184e+48
0

0
1.71825e+48
1.71828e+48
1.71835e+48
1.71852e+48
1.71892e+48
1.71963e+48
1.71975e+48
1.71127e+48
1.64491e+48
1.25688e+48
-6.14295e+47
-6.50074e+48
-4.99679e+48
-7.18008e+48
-8.37315e+47
1.21188e+48
1.63898e+48
1.71198e+48
1.72136e+48
1.72159e+48
0

0
1.71825e+48
1.71827e+48
1.71833e+48
1.71848e+48
1.71881e+48
1.71942e+48
1.71966e+48
1.71377e+48
1.66501e+48
1.35972e+48
-3.0137e+47
-6.50238e+48
-5.62192e+48
-7.21255e+48
-5.05859e+47
1.32273e+48
1.66067e+48
1.71461e+48
1.72117e+48
1.72122e+48
0

0
1.71824e+48
1.71826e+48
1.71831e+48
1.71842e+48
1.71867e+48
1.71911e+48
1.71936e+48
1.71583e+48
1.68489e+48
1.46816e+48
5.45306e+46
-6.39517e+48
-6.16095e+48
-7.13811e+48
-1.29418e+47
1.43946e+48
1.68206e+48
1.71671e+48
1.72072e+48
1.7207e+48
0

0
1.71824e+48
1.71825e+48
1.71828e+48
1.71835e+48
1.71849e+48
1.71871e+48
1.71872e+48
1.71664e+48
1.69986e+48
1.55954e+48
3.80311e+47
-6.20499e+48
-6.43222e+48
-6.97833e+48
2.14134e+47
1.5375e+48
1.69802e+48
1.71743e+48
1.71989e+48
1.72003e+48
0

0
1.71823e+48
1.71824e+48
1.71825e+48
1.71827e+48
1.71828e+48
1.7182e+48
1.71767e+48
1.71556e+48
1.70576e+48
1.61147e+48
5.87555e+47
-6.0446e+48
-6.48601e+48
-6.84202e+48
4.30616e+47
1.59255e+48
1.70399e+48
1.71605e+48
1.71859e+48
1.71922e+48
0

0
1.71823e+48
1.71823e+48
1.71822e+48
1.71818e+48
1.71806e+48
1.71761e+48
1.71618e+48
1.71221e+48
1.69997e+48
1.60876e+48
6.10654e+47
-5.98907e+48
-6.2944e+48
-6.7985e+48
4.50086e+47
1.58806e+48
1.69713e+48
1.71216e+48
1.71679e+48
1.71828e+48
0

0
1.71822e+48
1.71821e+48
1.71819e+48
1.7181e+48
1.71782e+48
1.71695e+48
1.71431e+48
1.70663e+48
1.68219e+48
1.54936e+48
4.44457e+47
-6.01719e+48
-5.77234e+48
-6.82202e+48
2.67411e+47
1.52183e+48
1.67712e+48
1.70581e+48
1.71457e+48
1.71726e+48
0

0
1.71822e+48
1.7182e+48
1.71815e+48
1.71801e+48
1.71758e+48
1.71625e+48
1.71215e+48
1.69926e+48
1.65459e+48
1.44534e+48
1.48693e+47
-6.02607e+48
-5.1111e+48
-6.80799e+48
-5.27283e+46
1.4071e+48
1.64636e+48
1.6975e+48
1.71204e+48
1.71621e+48
0

0
1.71821e+48
1.71819e+48
1.71813e+48
1.71793e+48
1.71735e+48
1.71557e+48
1.70988e+48
1.69089e+48
1.62119e+48
1.31722e+48
-1.95323e+47
-5.95592e+48
-4.47789e+48
-6.70176e+48
-4.22951e+47
1.26633e+48
1.60928e+48
1.68812e+48
1.70939e+48
1.71518e+48
0

0
1.71821e+48
1.71818e+48
1.7181e+48
1.71786e+48
1.71715e+48
1.71494e+48
1.70771e+48
1.68251e+48
1.58682e+48
1.18702e+48
-5.19681e+47
-5.80816e+48
-3.96928e+48
-6.51259e+48
-7.70819e+47
1.12359e+48
1.57123e+48
1.67873e+48
1.70688e+48
1.71424e+48
0

0
1.7182e+48
1.71817e+48
1.71808e+48
1.71781e+48
1.71699e+48
1.71442e+48
1.70585e+48
1.67512e+48
1.55627e+48
1.07365e+48
-7.8205e+47
-5.62725e+48
-3.6136e+48
-6.29293e+48
-1.05154e+48
9.99452e+47
1.53743e+48
1.67048e+48
1.70473e+48
1.71347e+48
0

0
1.7182e+48
1.71817e+48
1.71807e+48
1.71777e+48
1.71688e+48
1.71404e+48
1.70449e+48
1.66963e+48
1.53354e+48
9.90912e+47
-9.62142e+47
-5.46925e+48
-3.39776e+48
-6.10546e+48
-1.24392e+48
9.08939e+47
1.51231e+48
1.66436e+48
1.70316e+48
1.71292e+48
0

0
1.7182e+48
1.71817e+48
1.71806e+48
1.71775e+48
1.71682e+48
1.71385e+48
1.70377e+48
1.66671e+48
1.52144e+48
9.47495e+47
-1.05294e+48
-5.37863e+48
-3.29814e+48
-5.99906e+48
-1.34081e+48
8.61463e+47
1.49895e+48
1.6611e+48
1.70233e+48
1.71263e+48
0

0
0
0
0
0
0
0
0
0
0
0
0
0
0
0
0
0
0
0
0
0
0


