0
0
0
0
0
0
0
0
0
0
0
0
0
0
0
0
0
0
0
0
0
0

0
2583.19
2583.14
2583.03
2582.7
2582.71
2582.53
2582.3
2582.04
2581.9
2583.75
2577.98
2579.61
2579.17
2578.58
2578.06
2577.25
2576.59
2575.13
2569.73
2527.17
0

0
2583.19
2583.15
2583.04
2582.69
2582.71
2582.53
2582.29
2582.04
2581.86
2582.49
2579.23
2579.64
2579.17
2578.58
2577.88
2577.23
2576.6
2575.17
2569.83
2528.71
0

0
2583.19
2583.15
2583.04
2582.66
2582.72
2582.53
2582.29
2582.03
2581.82
2581.91
2579.77
2579.68
2579.17
2578.57
2577.88
2577.23
2576.56
2575.29
2571.08
2547.61
0

0
2583.19
2583.16
2583.08
2582.63
2582.73
2582.53
2582.29
2582.02
2581.78
2581.6
2580.04
2579.71
2579.18
2578.57
2577.88
2577.21
2576.53
2575.43
2572.5
2564.52
0

0
2583.19
2583.16
2583.07
2582.92
2582.74
2582.53
2582.29
2582.01
2581.7
2581.42
2580.19
2579.75
2579.18
2578.56
2577.87
2577.18
2576.49
2575.55
2573.49
2568.87
0

0
2583.19
2583.16
2583.07
2582.93
2582.75
2582.54
2582.29
2582.01
2581.68
2581.3
2580.28
2579.78
2579.21
2578.56
2577.86
2577.14
2576.44
2575.65
2574.24
2571.57
0

0
2583.19
2583.17
2583.08
2582.94
2582.75
2582.54
2582.29
2582
2581.65
2581.23
2580.34
2579.8
2579.21
2578.55
2577.84
2577.1
2576.37
2575.7
2574.82
2573.26
0

0
2583.18
2583.17
2583.08
2582.94
2582.76
2582.54
2582.29
2581.99
2581.64
2581.19
2580.38
2579.82
2579.22
2578.55
2577.82
2577.04
2576.28
2575.69
2575.27
2574.37
0

0
2583.18
2583.17
2583.09
2582.95
2582.77
2582.55
2582.3
2581.99
2581.63
2581.17
2580.41
2579.8
2579.22
2578.54
2577.8
2576.97
2576.16
2576.2
2575.61
2575.12
0

0
2583.18
2583.17
2583.09
2582.96
2582.78
2582.55
2582.3
2581.99
2581.62
2581.13
2580.43
2579.81
2579.23
2578.54
2577.77
2576.89
2575.98
2576.14
2575.86
2575.65
0

0
2583.17
2583.11
2583.09
2582.97
2582.79
2582.55
2582.3
2581.99
2581.62
2581.12
2580.46
2579.82
2579.23
2578.54
2577.75
2576.79
2575.73
2576.07
2576.04
2576.03
0

0
2583.16
2583.12
2583.1
2582.98
2582.79
2582.56
2582.31
2581.98
2581.63
2581.11
2580.48
2579.91
2579.24
2578.53
2577.73
2576.68
2575.4
2576
2576.17
2576.31
0

0
2583.16
2583.12
2583.12
2582.98
2582.8
2582.56
2582.31
2581.96
2581.65
2581.14
2580.5
2579.91
2579.25
2578.53
2577.71
2576.57
2574.96
2575.93
2576.26
2576.51
0

0
2583.16
2583.12
2583.13
2582.99
2582.81
2582.6
2582.32
2581.98
2581.64
2581.14
2580.52
2579.91
2579.25
2578.54
2577.7
2576.43
2574.41
2575.86
2576.3
2576.66
0

0
2583.15
2583.11
2583.14
2583
2582.83
2582.6
2582.33
2582
2581.64
2581.14
2580.53
2579.92
2579.26
2578.54
2577.7
2576.28
2573.78
2575.81
2576.32
2576.77
0

0
0
0
0
0
0
0
0
0
0
0
0
0
0
0
0
0
0
0
0
0
0


0
2583.19
2583.14
2583.03
2582.7
2582.71
2582.53
2582.3
2582.04
2581.9
2583.75
2577.98
2579.61
2579.17
2578.58
2578.06
2577.25
2576.59
2575.13
2569.73
2527.17
0

2583.19
2583.23
2583.18
2583.07
2582.74
2582.75
2582.57
2582.34
2582.08
2581.94
2583.79
2578.02
2579.65
2579.21
2578.62
2578.1
2577.29
2576.63
2575.17
2569.77
2527.21
2527.17

2583.19
2583.23
2583.18
2583.08
2582.73
2582.75
2582.57
2582.33
2582.08
2581.9
2582.53
2579.27
2579.68
2579.21
2578.61
2577.92
2577.27
2576.64
2575.21
2569.87
2528.75
2528.71

2583.19
2583.23
2583.19
2583.08
2582.7
2582.76
2582.57
2582.33
2582.07
2581.86
2581.95
2579.81
2579.71
2579.21
2578.61
2577.92
2577.27
2576.6
2575.33
2571.12
2547.64
2547.61

2583.19
2583.23
2583.2
2583.12
2582.67
2582.77
2582.57
2582.33
2582.06
2581.82
2581.64
2580.08
2579.75
2579.22
2578.6
2577.92
2577.25
2576.57
2575.47
2572.54
2564.56
2564.52

2583.19
2583.23
2583.2
2583.11
2582.96
2582.78
2582.57
2582.33
2582.05
2581.74
2581.46
2580.23
2579.79
2579.22
2578.6
2577.91
2577.22
2576.53
2575.59
2573.53
2568.91
2568.87

2583.19
2583.23
2583.2
2583.11
2582.97
2582.79
2582.58
2582.33
2582.04
2581.71
2581.34
2580.32
2579.82
2579.25
2578.6
2577.9
2577.18
2576.48
2575.69
2574.28
2571.61
2571.57

2583.19
2583.23
2583.2
2583.12
2582.98
2582.79
2582.58
2582.33
2582.04
2581.69
2581.27
2580.38
2579.84
2579.25
2578.59
2577.88
2577.13
2576.41
2575.74
2574.86
2573.3
2573.26

2583.18
2583.22
2583.21
2583.12
2582.98
2582.8
2582.58
2582.33
2582.03
2581.68
2581.23
2580.42
2579.86
2579.26
2578.59
2577.86
2577.08
2576.32
2575.73
2575.31
2574.41
2574.37

2583.18
2583.22
2583.21
2583.13
2582.99
2582.81
2582.59
2582.33
2582.03
2581.67
2581.21
2580.45
2579.84
2579.26
2578.58
2577.84
2577.01
2576.2
2576.24
2575.65
2575.16
2575.12

2583.18
2583.21
2583.21
2583.13
2583
2582.82
2582.59
2582.34
2582.03
2581.66
2581.17
2580.47
2579.85
2579.26
2578.58
2577.81
2576.92
2576.02
2576.18
2575.9
2575.69
2575.65

2583.17
2583.21
2583.15
2583.13
2583.01
2582.82
2582.59
2582.34
2582.02
2581.66
2581.16
2580.5
2579.86
2579.27
2578.57
2577.79
2576.83
2575.77
2576.11
2576.08
2576.07
2576.03

2583.16
2583.2
2583.15
2583.14
2583.01
2582.83
2582.6
2582.35
2582.02
2581.67
2581.15
2580.52
2579.95
2579.28
2578.57
2577.77
2576.72
2575.44
2576.04
2576.21
2576.35
2576.31

2583.16
2583.2
2583.16
2583.16
2583.02
2582.84
2582.6
2582.35
2582
2581.69
2581.18
2580.54
2579.95
2579.28
2578.57
2577.75
2576.61
2575
2575.97
2576.29
2576.55
2576.51

2583.16
2583.19
2583.15
2583.17
2583.03
2582.85
2582.64
2582.36
2582.02
2581.68
2581.18
2580.56
2579.95
2579.29
2578.57
2577.74
2576.47
2574.45
2575.9
2576.34
2576.7
2576.66

2583.15
2583.19
2583.15
2583.18
2583.04
2582.86
2582.64
2582.37
2582.04
2581.68
2581.18
2580.57
2579.96
2579.3
2578.58
2577.74
2576.32
2573.82
2575.85
2576.36
2576.81
2576.77

0
2583.15
2583.11
2583.14
2583
2582.83
2582.6
2582.33
2582
2581.64
2581.14
2580.53
2579.92
2579.26
2578.54
2577.7
2576.28
2573.78
2575.81
2576.32
2576.77
0


0
2583.2
2583.12
2583.06
2582.8
2582.72
2582.54
2582.31
2582.06
2581.89
2582.62
2579.14
2579.65
2579.2
2578.6
2578.01
2577.3
2576.67
2575.53
2572.66
2573.13
0

2583.2
2583.24
2583.16
2583.09
2582.84
2582.76
2582.58
2582.35
2582.1
2581.92
2582.66
2579.18
2579.69
2579.24
2578.64
2578.05
2577.34
2576.71
2575.57
2572.7
2573.17
2573.13

2583.2
2583.24
2583.19
2583.1
2582.84
2582.77
2582.58
2582.35
2582.09
2581.9
2582.27
2579.61
2579.71
2579.24
2578.64
2577.99
2577.33
2576.7
2575.6
2572.66
2599.81
2599.78

2583.2
2583.24
2583.2
2583.11
2582.84
2582.78
2582.58
2582.35
2582.09
2581.86
2581.87
2579.93
2579.74
2579.24
2578.64
2577.98
2577.32
2576.68
2575.68
2573.32
2572.03
2571.99

2583.2
2583.24
2583.21
2583.12
2582.88
2582.79
2582.59
2582.35
2582.08
2581.82
2581.62
2580.14
2579.78
2579.24
2578.63
2577.96
2577.3
2576.65
2575.77
2574.01
2575.61
2575.58

2583.2
2583.24
2583.21
2583.12
2582.95
2582.8
2582.59
2582.35
2582.07
2581.77
2581.46
2580.27
2579.81
2579.25
2578.63
2577.95
2577.27
2576.62
2575.86
2574.56
2574.48
2574.44

2583.2
2583.24
2583.21
2583.13
2582.98
2582.81
2582.6
2582.35
2582.06
2581.74
2581.35
2580.36
2579.84
2579.26
2578.62
2577.93
2577.23
2576.57
2575.93
2575.02
2574.55
2574.51

2583.2
2583.24
2583.21
2583.13
2582.99
2582.82
2582.6
2582.35
2582.06
2581.72
2581.29
2580.41
2579.86
2579.27
2578.62
2577.92
2577.19
2576.51
2575.99
2575.4
2575
2574.96

2583.2
2583.24
2583.21
2583.14
2583
2582.82
2582.6
2582.35
2582.05
2581.7
2581.24
2580.45
2579.88
2579.28
2578.61
2577.9
2577.13
2576.42
2576.06
2575.71
2575.47
2575.43

2583.2
2583.24
2583.21
2583.14
2583.01
2582.83
2582.61
2582.36
2582.05
2581.69
2581.22
2580.48
2579.88
2579.28
2578.61
2577.87
2577.07
2576.31
2576.22
2575.95
2575.86
2575.82

2583.19
2583.23
2583.21
2583.14
2583.01
2582.84
2582.61
2582.36
2582.05
2581.68
2581.19
2580.5
2579.9
2579.29
2578.6
2577.85
2576.99
2576.12
2576.23
2576.14
2576.18
2576.14

2583.19
2583.23
2583.19
2583.15
2583.02
2582.84
2582.62
2582.37
2582.04
2581.68
2581.18
2580.53
2579.92
2579.29
2578.6
2577.83
2576.9
2575.88
2576.2
2576.28
2576.42
2576.38

2583.19
2583.22
2583.19
2583.15
2583.03
2582.85
2582.62
2582.39
2582.04
2581.68
2581.18
2580.55
2579.97
2579.3
2578.6
2577.8
2576.82
2575.55
2576.14
2576.37
2576.6
2576.56

2583.18
2583.22
2583.19
2583.17
2583.04
2582.86
2582.63
2582.38
2582.04
2581.69
2581.19
2580.57
2579.97
2579.31
2578.6
2577.79
2576.75
2575.07
2576.06
2576.44
2576.73
2576.7

2583.18
2583.22
2583.18
2583.18
2583.05
2582.87
2582.65
2582.38
2582.05
2581.69
2581.19
2580.58
2579.97
2579.31
2578.6
2577.77
2576.67
2574.28
2575.98
2576.48
2576.85
2576.81

2583.18
2583.22
2583.18
2583.19
2583.06
2582.88
2582.66
2582.39
2582.06
2581.7
2581.2
2580.59
2579.98
2579.32
2578.6
2577.76
2576.44
2572.67
2575.89
2576.5
2576.94
2576.9

0
2583.18
2583.14
2583.15
2583.02
2582.84
2582.62
2582.35
2582.02
2581.66
2581.16
2580.55
2579.94
2579.28
2578.56
2577.72
2576.4
2572.63
2575.85
2576.46
2576.9
0


0
2583.22
2583.15
2583.08
2582.88
2582.71
2582.55
2582.33
2582.07
2581.86
2582.05
2579.72
2579.7
2579.22
2578.63
2578.02
2577.36
2576.77
2575.95
2575.12
2592
0

2583.22
2583.26
2583.19
2583.12
2582.91
2582.75
2582.58
2582.37
2582.11
2581.9
2582.09
2579.76
2579.74
2579.26
2578.67
2578.06
2577.39
2576.81
2575.99
2575.16
2592.04
2592

2583.22
2583.26
2583.2
2583.12
2582.92
2582.79
2582.59
2582.37
2582.11
2581.88
2581.92
2579.92
2579.76
2579.26
2578.67
2578.03
2577.39
2576.8
2576.01
2575.26
2602.13
2602.09

2583.22
2583.26
2583.21
2583.13
2582.93
2582.81
2582.6
2582.37
2582.1
2581.85
2581.72
2580.1
2579.78
2579.27
2578.66
2578.02
2577.37
2576.78
2576.05
2575.3
2585.95
2585.91

2583.22
2583.26
2583.22
2583.14
2582.94
2582.82
2582.6
2582.37
2582.09
2581.82
2581.55
2580.24
2579.81
2579.27
2578.66
2578
2577.35
2576.76
2576.1
2575.44
2581.19
2581.16

2583.22
2583.26
2583.22
2583.14
2582.97
2582.83
2582.61
2582.37
2582.09
2581.78
2581.43
2580.34
2579.84
2579.28
2578.65
2577.99
2577.32
2576.72
2576.16
2575.62
2578.4
2578.36

2583.22
2583.26
2583.22
2583.14
2582.99
2582.83
2582.62
2582.37
2582.08
2581.75
2581.35
2580.4
2579.86
2579.29
2578.65
2577.97
2577.29
2576.68
2576.2
2575.81
2577.14
2577.1

2583.22
2583.25
2583.22
2583.14
2583.01
2582.84
2582.62
2582.37
2582.07
2581.73
2581.29
2580.45
2579.88
2579.29
2578.65
2577.95
2577.25
2576.61
2576.25
2576
2576.69
2576.65

2583.21
2583.25
2583.23
2583.15
2583.01
2582.84
2582.62
2582.37
2582.07
2581.72
2581.25
2580.49
2579.9
2579.3
2578.64
2577.93
2577.19
2576.53
2576.29
2576.16
2576.59
2576.55

2583.21
2583.25
2583.23
2583.15
2583.02
2582.85
2582.63
2582.38
2582.07
2581.7
2581.23
2580.51
2579.91
2579.3
2578.64
2577.91
2577.13
2576.41
2576.34
2576.31
2576.63
2576.6

2583.21
2583.25
2583.22
2583.16
2583.03
2582.85
2582.63
2582.38
2582.07
2581.7
2581.21
2580.53
2579.93
2579.31
2578.63
2577.89
2577.06
2576.25
2576.35
2576.42
2576.73
2576.69

2583.21
2583.25
2583.22
2583.16
2583.04
2582.86
2582.64
2582.39
2582.06
2581.69
2581.2
2580.55
2579.95
2579.32
2578.63
2577.87
2576.98
2576.04
2576.32
2576.5
2576.82
2576.78

2583.21
2583.25
2583.21
2583.17
2583.04
2582.87
2582.65
2582.39
2582.06
2581.7
2581.2
2580.57
2579.97
2579.32
2578.63
2577.85
2576.9
2575.74
2576.26
2576.56
2576.91
2576.87

2583.21
2583.24
2583.21
2583.18
2583.05
2582.88
2582.65
2582.4
2582.07
2581.7
2581.2
2580.59
2579.98
2579.33
2578.63
2577.83
2576.81
2575.33
2576.19
2576.6
2576.98
2576.95

2583.2
2583.24
2583.21
2583.19
2583.06
2582.89
2582.67
2582.4
2582.07
2581.7
2581.21
2580.6
2579.99
2579.34
2578.63
2577.81
2576.71
2574.75
2576.11
2576.63
2577.05
2577.01

2583.2
2583.24
2583.21
2583.19
2583.07
2582.9
2582.68
2582.41
2582.08
2581.71
2581.22
2580.61
2580
2579.34
2578.63
2577.8
2576.57
2573.98
2576.03
2576.65
2577.1
2577.06

0
2583.2
2583.17
2583.16
2583.03
2582.86
2582.64
2582.37
2582.04
2581.67
2581.18
2580.57
2579.96
2579.3
2578.59
2577.76
2576.53
2573.94
2575.99
2576.61
2577.06
0


0
2583.23
2583.18
2583.1
2582.94
2582.66
2582.55
2582.35
2582.08
2581.84
2581.73
2580.05
2579.76
2579.25
2578.66
2578.04
2577.41
2576.88
2576.36
2576.72
2591.89
0

2583.23
2583.27
2583.22
2583.14
2582.98
2582.7
2582.59
2582.39
2582.12
2581.88
2581.77
2580.09
2579.8
2579.29
2578.7
2578.08
2577.45
2576.92
2576.4
2576.76
2591.93
2591.89

2583.23
2583.27
2583.22
2583.14
2582.98
2582.83
2582.6
2582.39
2582.12
2581.86
2581.7
2580.16
2579.81
2579.29
2578.69
2578.07
2577.44
2576.91
2576.4
2576.77
2594.02
2593.98

2583.23
2583.27
2583.23
2583.14
2582.98
2582.86
2582.61
2582.39
2582.11
2581.84
2581.59
2580.25
2579.83
2579.29
2578.69
2578.05
2577.43
2576.89
2576.42
2576.65
2587.28
2587.25

2583.23
2583.27
2583.23
2583.15
2582.99
2582.86
2582.62
2582.39
2582.11
2581.81
2581.49
2580.33
2579.85
2579.3
2578.69
2578.04
2577.41
2576.87
2576.44
2576.57
2583.11
2583.07

2583.23
2583.27
2583.23
2583.15
2583
2582.86
2582.63
2582.39
2582.1
2581.79
2581.4
2580.4
2579.87
2579.3
2578.68
2578.03
2577.38
2576.84
2576.46
2576.53
2580.44
2580.4

2583.23
2583.27
2583.24
2583.15
2583.01
2582.86
2582.63
2582.39
2582.1
2581.76
2581.34
2580.45
2579.89
2579.31
2578.68
2578.01
2577.35
2576.79
2576.47
2576.54
2578.87
2578.84

2583.23
2583.27
2583.24
2583.16
2583.02
2582.86
2582.64
2582.39
2582.09
2581.75
2581.29
2580.49
2579.91
2579.32
2578.67
2577.99
2577.31
2576.73
2576.49
2576.57
2578.02
2577.98

2583.23
2583.27
2583.24
2583.16
2583.03
2582.86
2582.64
2582.39
2582.09
2581.73
2581.26
2580.52
2579.92
2579.32
2578.67
2577.97
2577.26
2576.65
2576.5
2576.62
2577.58
2577.54

2583.23
2583.27
2583.24
2583.17
2583.04
2582.87
2582.65
2582.39
2582.09
2581.72
2581.24
2580.54
2579.94
2579.33
2578.67
2577.95
2577.2
2576.54
2576.51
2576.67
2577.37
2577.33

2583.23
2583.27
2583.24
2583.17
2583.05
2582.87
2582.65
2582.4
2582.08
2581.71
2581.23
2580.56
2579.95
2579.33
2578.66
2577.93
2577.14
2576.4
2576.5
2576.72
2577.27
2577.23

2583.23
2583.27
2583.24
2583.18
2583.05
2582.88
2582.66
2582.4
2582.08
2581.71
2581.22
2580.58
2579.97
2579.34
2578.66
2577.91
2577.07
2576.21
2576.46
2576.75
2577.24
2577.2

2583.23
2583.27
2583.24
2583.18
2583.06
2582.89
2582.67
2582.41
2582.09
2581.71
2581.22
2580.6
2579.99
2579.34
2578.66
2577.89
2576.99
2575.97
2576.41
2576.77
2577.24
2577.2

2583.23
2583.27
2583.24
2583.19
2583.07
2582.9
2582.68
2582.41
2582.09
2581.71
2581.22
2580.61
2580
2579.35
2578.66
2577.87
2576.9
2575.66
2576.34
2576.79
2577.25
2577.21

2583.23
2583.27
2583.24
2583.2
2583.08
2582.9
2582.69
2582.42
2582.09
2581.72
2581.23
2580.62
2580.01
2579.36
2578.66
2577.85
2576.81
2575.27
2576.27
2576.8
2577.26
2577.22

2583.23
2583.27
2583.24
2583.21
2583.08
2582.91
2582.7
2582.43
2582.1
2581.73
2581.23
2580.63
2580.02
2579.37
2578.66
2577.84
2576.72
2574.85
2576.21
2576.8
2577.27
2577.24

0
2583.23
2583.2
2583.17
2583.05
2582.87
2582.66
2582.39
2582.06
2581.69
2581.2
2580.59
2579.98
2579.33
2578.62
2577.8
2576.68
2574.81
2576.17
2576.76
2577.24
0


0
2583.24
2583.2
2583.12
2582.99
2582.69
2582.54
2582.37
2582.1
2581.82
2581.55
2580.25
2579.81
2579.28
2578.68
2578.07
2577.47
2577
2576.71
2577.7
2589.19
0

2583.24
2583.28
2583.24
2583.16
2583.03
2582.73
2582.58
2582.41
2582.14
2581.86
2581.59
2580.29
2579.85
2579.32
2578.72
2578.11
2577.51
2577.04
2576.75
2577.73
2589.22
2589.19

2583.24
2583.28
2583.24
2583.16
2583.03
2582.86
2582.6
2582.41
2582.13
2581.85
2581.55
2580.32
2579.86
2579.32
2578.72
2578.1
2577.5
2577.03
2576.75
2577.68
2589.04
2589

2583.24
2583.28
2583.24
2583.16
2583.02
2582.93
2582.63
2582.41
2582.13
2581.83
2581.49
2580.37
2579.87
2579.32
2578.72
2578.09
2577.49
2577.01
2576.75
2577.54
2586.08
2586.04

2583.24
2583.28
2583.24
2583.16
2583.02
2582.92
2582.64
2582.41
2582.12
2581.81
2581.43
2580.42
2579.89
2579.33
2578.71
2578.08
2577.47
2576.99
2576.74
2577.38
2583.38
2583.34

2583.24
2583.28
2583.25
2583.17
2583.03
2582.9
2582.65
2582.41
2582.12
2581.79
2581.37
2580.46
2579.9
2579.33
2578.71
2578.07
2577.45
2576.95
2576.74
2577.24
2581.31
2581.27

2583.25
2583.28
2583.25
2583.17
2583.03
2582.89
2582.66
2582.41
2582.11
2581.77
2581.33
2580.5
2579.92
2579.34
2578.71
2578.05
2577.41
2576.91
2576.73
2577.15
2579.87
2579.83

2583.25
2583.28
2583.25
2583.17
2583.04
2582.88
2582.66
2582.41
2582.11
2581.76
2581.3
2580.53
2579.94
2579.34
2578.7
2578.03
2577.38
2576.85
2576.72
2577.08
2578.93
2578.89

2583.25
2583.29
2583.25
2583.18
2583.05
2582.88
2582.66
2582.41
2582.11
2581.74
2581.27
2580.55
2579.95
2579.35
2578.7
2578.02
2577.33
2576.78
2576.71
2577.04
2578.34
2578.3

2583.25
2583.29
2583.25
2583.18
2583.05
2582.89
2582.67
2582.41
2582.1
2581.74
2581.25
2580.57
2579.97
2579.35
2578.69
2578
2577.28
2576.68
2576.69
2577.02
2577.98
2577.94

2583.25
2583.29
2583.25
2583.19
2583.06
2582.89
2582.67
2582.42
2582.1
2581.73
2581.24
2580.59
2579.98
2579.36
2578.69
2577.98
2577.22
2576.56
2576.66
2577.01
2577.76
2577.73

2583.25
2583.29
2583.25
2583.19
2583.07
2582.9
2582.68
2582.42
2582.1
2581.73
2581.24
2580.6
2579.99
2579.36
2578.69
2577.96
2577.15
2576.41
2576.62
2577
2577.63
2577.59

2583.25
2583.29
2583.26
2583.2
2583.08
2582.91
2582.69
2582.43
2582.11
2581.73
2581.24
2580.62
2580.01
2579.37
2578.69
2577.94
2577.09
2576.22
2576.57
2576.99
2577.55
2577.51

2583.25
2583.29
2583.26
2583.2
2583.08
2582.91
2582.69
2582.43
2582.11
2581.73
2581.24
2580.63
2580.02
2579.37
2578.69
2577.92
2577.01
2575.99
2576.51
2576.98
2577.5
2577.46

2583.25
2583.29
2583.26
2583.21
2583.09
2582.92
2582.7
2582.44
2582.12
2581.74
2581.24
2580.64
2580.03
2579.38
2578.69
2577.9
2576.94
2575.73
2576.45
2576.97
2577.47
2577.44

2583.26
2583.29
2583.26
2583.22
2583.1
2582.93
2582.71
2582.45
2582.12
2581.74
2581.25
2580.65
2580.04
2579.39
2578.69
2577.89
2576.87
2575.48
2576.39
2576.96
2577.46
2577.42

0
2583.26
2583.22
2583.18
2583.06
2582.89
2582.67
2582.41
2582.08
2581.7
2581.21
2580.61
2580
2579.35
2578.65
2577.85
2576.83
2575.44
2576.36
2576.92
2577.42
0


0
2583.26
2583.22
2583.14
2583.01
2582.77
2582.59
2582.39
2582.11
2581.81
2581.45
2580.37
2579.86
2579.31
2578.71
2578.1
2577.53
2577.11
2577.01
2578.29
2586.81
0

2583.26
2583.3
2583.25
2583.18
2583.05
2582.81
2582.63
2582.43
2582.15
2581.85
2581.49
2580.41
2579.9
2579.35
2578.75
2578.14
2577.57
2577.15
2577.05
2578.33
2586.85
2586.81

2583.26
2583.3
2583.26
2583.18
2583.05
2582.86
2582.64
2582.43
2582.15
2581.84
2581.46
2580.43
2579.9
2579.35
2578.75
2578.14
2577.56
2577.14
2577.04
2578.26
2586.33
2586.29

2583.26
2583.3
2583.26
2583.18
2583.05
2582.91
2582.65
2582.43
2582.14
2581.83
2581.43
2580.46
2579.91
2579.35
2578.75
2578.13
2577.55
2577.13
2577.03
2578.12
2584.78
2584.74

2583.26
2583.3
2583.26
2583.18
2583.05
2582.91
2582.66
2582.43
2582.14
2581.81
2581.39
2580.49
2579.92
2579.35
2578.74
2578.12
2577.53
2577.1
2577.01
2577.94
2583.07
2583.03

2583.26
2583.3
2583.26
2583.18
2583.05
2582.91
2582.67
2582.43
2582.13
2581.8
2581.36
2580.52
2579.94
2579.36
2578.74
2578.1
2577.51
2577.07
2576.99
2577.77
2581.56
2581.52

2583.26
2583.3
2583.26
2583.18
2583.06
2582.9
2582.68
2582.43
2582.13
2581.78
2581.32
2580.54
2579.95
2579.36
2578.74
2578.09
2577.48
2577.03
2576.97
2577.63
2580.38
2580.34

2583.26
2583.3
2583.26
2583.19
2583.06
2582.9
2582.68
2582.43
2582.13
2581.77
2581.3
2580.57
2579.96
2579.37
2578.73
2578.07
2577.44
2576.97
2576.94
2577.51
2579.51
2579.47

2583.26
2583.3
2583.27
2583.19
2583.07
2582.9
2582.68
2582.43
2582.12
2581.76
2581.28
2580.58
2579.98
2579.37
2578.73
2578.06
2577.4
2576.9
2576.91
2577.41
2578.89
2578.85

2583.26
2583.3
2583.27
2583.2
2583.07
2582.91
2582.69
2582.43
2582.12
2581.75
2581.27
2580.6
2579.99
2579.38
2578.72
2578.04
2577.35
2576.82
2576.87
2577.34
2578.47
2578.43

2583.27
2583.31
2583.27
2583.2
2583.08
2582.91
2582.69
2582.44
2582.12
2581.75
2581.26
2580.62
2580
2579.38
2578.72
2578.02
2577.3
2576.72
2576.83
2577.28
2578.18
2578.14

2583.27
2583.31
2583.27
2583.21
2583.08
2582.92
2582.7
2582.44
2582.12
2581.74
2581.25
2580.63
2580.02
2579.39
2578.72
2578
2577.24
2576.59
2576.78
2577.23
2577.98
2577.94

2583.27
2583.31
2583.28
2583.21
2583.09
2582.92
2582.71
2582.45
2582.13
2581.74
2581.25
2580.64
2580.03
2579.39
2578.72
2577.98
2577.19
2576.45
2576.73
2577.19
2577.84
2577.8

2583.27
2583.31
2583.28
2583.22
2583.1
2582.93
2582.71
2582.45
2582.13
2581.75
2581.26
2580.65
2580.04
2579.4
2578.72
2577.97
2577.12
2576.28
2576.68
2577.16
2577.75
2577.71

2583.28
2583.32
2583.28
2583.23
2583.11
2582.94
2582.72
2582.46
2582.14
2581.75
2581.26
2580.66
2580.05
2579.4
2578.72
2577.95
2577.07
2576.11
2576.62
2577.14
2577.68
2577.64

2583.28
2583.32
2583.29
2583.23
2583.11
2582.95
2582.73
2582.47
2582.14
2581.76
2581.27
2580.67
2580.06
2579.41
2578.72
2577.95
2577.02
2575.95
2576.58
2577.12
2577.64
2577.6

0
2583.28
2583.25
2583.19
2583.08
2582.91
2582.69
2582.43
2582.11
2581.72
2581.23
2580.64
2580.02
2579.37
2578.68
2577.91
2576.98
2575.92
2576.54
2577.08
2577.6
0


0
2583.27
2583.23
2583.15
2583.03
2582.83
2582.63
2582.41
2582.12
2581.8
2581.39
2580.46
2579.9
2579.34
2578.74
2578.14
2577.59
2577.22
2577.27
2578.66
2585.07
0

2583.27
2583.31
2583.27
2583.19
2583.07
2582.87
2582.67
2582.45
2582.16
2581.84
2581.43
2580.5
2579.94
2579.38
2578.78
2578.17
2577.63
2577.26
2577.3
2578.7
2585.11
2585.07

2583.27
2583.31
2583.27
2583.19
2583.07
2582.89
2582.67
2582.45
2582.16
2581.84
2581.41
2580.51
2579.94
2579.38
2578.78
2578.17
2577.62
2577.25
2577.29
2578.63
2584.66
2584.62

2583.27
2583.31
2583.27
2583.19
2583.07
2582.91
2582.68
2582.44
2582.16
2581.83
2581.39
2580.52
2579.95
2579.38
2578.77
2578.16
2577.61
2577.24
2577.27
2578.5
2583.73
2583.69

2583.27
2583.31
2583.27
2583.19
2583.07
2582.92
2582.69
2582.44
2582.15
2581.82
2581.37
2580.54
2579.96
2579.38
2578.77
2578.15
2577.59
2577.21
2577.24
2578.34
2582.62
2582.58

2583.27
2583.31
2583.27
2583.2
2583.07
2582.92
2582.69
2582.45
2582.15
2581.8
2581.34
2580.56
2579.97
2579.38
2578.77
2578.14
2577.57
2577.18
2577.21
2578.16
2581.53
2581.49

2583.27
2583.31
2583.28
2583.2
2583.07
2582.92
2582.7
2582.45
2582.15
2581.79
2581.32
2580.58
2579.98
2579.39
2578.76
2578.13
2577.54
2577.14
2577.17
2577.99
2580.6
2580.56

2583.28
2583.32
2583.28
2583.2
2583.08
2582.92
2582.7
2582.45
2582.14
2581.78
2581.3
2580.6
2579.99
2579.39
2578.76
2578.11
2577.51
2577.09
2577.13
2577.84
2579.85
2579.81

2583.28
2583.32
2583.28
2583.21
2583.08
2582.92
2582.7
2582.45
2582.14
2581.77
2581.29
2580.61
2580
2579.39
2578.76
2578.1
2577.47
2577.03
2577.09
2577.71
2579.27
2579.23

2583.28
2583.32
2583.29
2583.21
2583.09
2582.92
2582.71
2582.45
2582.14
2581.77
2581.28
2580.63
2580.02
2579.4
2578.75
2578.08
2577.43
2576.95
2577.04
2577.61
2578.83
2578.79

2583.28
2583.32
2583.29
2583.22
2583.09
2582.93
2582.71
2582.45
2582.14
2581.76
2581.27
2580.64
2580.03
2579.4
2578.75
2578.06
2577.38
2576.87
2576.99
2577.52
2578.51
2578.47

2583.29
2583.33
2583.29
2583.22
2583.1
2582.93
2582.72
2582.46
2582.14
2581.76
2581.27
2580.65
2580.04
2579.41
2578.75
2578.05
2577.33
2576.77
2576.94
2577.44
2578.27
2578.23

2583.29
2583.33
2583.3
2583.23
2583.11
2582.94
2582.73
2582.46
2582.15
2581.76
2581.27
2580.66
2580.05
2579.42
2578.75
2578.03
2577.28
2576.66
2576.89
2577.38
2578.09
2578.05

2583.3
2583.33
2583.3
2583.23
2583.11
2582.95
2582.73
2582.47
2582.15
2581.76
2581.27
2580.67
2580.06
2579.42
2578.75
2578.02
2577.23
2576.54
2576.84
2577.33
2577.97
2577.93

2583.3
2583.34
2583.3
2583.24
2583.12
2582.96
2582.74
2582.48
2582.16
2581.77
2581.28
2580.68
2580.07
2579.43
2578.75
2578.01
2577.19
2576.42
2576.79
2577.29
2577.87
2577.83

2583.31
2583.34
2583.31
2583.25
2583.13
2582.96
2582.75
2582.48
2582.16
2581.78
2581.29
2580.69
2580.08
2579.43
2578.75
2578
2577.15
2576.31
2576.75
2577.27
2577.81
2577.77

0
2583.31
2583.27
2583.21
2583.09
2582.92
2582.71
2582.45
2582.13
2581.74
2581.25
2580.66
2580.04
2579.4
2578.71
2577.96
2577.11
2576.28
2576.71
2577.23
2577.77
0


0
2583.29
2583.25
2583.17
2583.05
2582.87
2582.66
2582.43
2582.14
2581.81
2581.36
2580.52
2579.93
2579.36
2578.77
2578.17
2577.64
2577.32
2577.47
2578.9
2583.83
0

2583.29
2583.33
2583.29
2583.21
2583.09
2582.91
2582.7
2582.47
2582.18
2581.84
2581.4
2580.56
2579.97
2579.4
2578.8
2578.21
2577.68
2577.36
2577.51
2578.94
2583.87
2583.83

2583.29
2583.32
2583.29
2583.21
2583.09
2582.92
2582.7
2582.47
2582.18
2581.84
2581.39
2580.56
2579.98
2579.4
2578.8
2578.2
2577.67
2577.35
2577.5
2578.88
2583.55
2583.51

2583.29
2583.33
2583.29
2583.21
2583.09
2582.93
2582.71
2582.47
2582.17
2581.83
2581.38
2580.57
2579.98
2579.4
2578.8
2578.2
2577.66
2577.34
2577.47
2578.76
2582.95
2582.91

2583.29
2583.33
2583.29
2583.21
2583.09
2582.93
2582.71
2582.46
2582.17
2581.82
2581.36
2580.59
2579.99
2579.41
2578.8
2578.19
2577.65
2577.31
2577.44
2578.61
2582.19
2582.15

2583.29
2583.33
2583.29
2583.21
2583.09
2582.93
2582.71
2582.46
2582.17
2581.81
2581.34
2580.6
2580
2579.41
2578.79
2578.18
2577.63
2577.28
2577.4
2578.44
2581.4
2581.36

2583.29
2583.33
2583.29
2583.21
2583.09
2582.94
2582.72
2582.47
2582.16
2581.8
2581.33
2580.61
2580.01
2579.41
2578.79
2578.17
2577.6
2577.24
2577.35
2578.27
2580.67
2580.63

2583.29
2583.33
2583.29
2583.22
2583.1
2582.94
2582.72
2582.47
2582.16
2581.8
2581.31
2580.63
2580.02
2579.42
2578.79
2578.15
2577.57
2577.19
2577.3
2578.11
2580.03
2580

2583.3
2583.33
2583.3
2583.22
2583.1
2582.94
2582.72
2582.47
2582.16
2581.79
2581.3
2580.64
2580.03
2579.42
2578.78
2578.14
2577.54
2577.14
2577.25
2577.96
2579.51
2579.47

2583.3
2583.34
2583.3
2583.23
2583.11
2582.94
2582.73
2582.47
2582.16
2581.78
2581.29
2580.65
2580.04
2579.42
2578.78
2578.12
2577.5
2577.07
2577.19
2577.83
2579.09
2579.05

2583.3
2583.34
2583.31
2583.23
2583.11
2582.95
2582.73
2582.47
2582.16
2581.78
2581.29
2580.66
2580.05
2579.43
2578.78
2578.11
2577.46
2577
2577.14
2577.72
2578.76
2578.72

2583.31
2583.35
2583.31
2583.24
2583.12
2582.95
2582.74
2582.48
2582.16
2581.78
2581.29
2580.68
2580.06
2579.43
2578.78
2578.09
2577.41
2576.92
2577.08
2577.63
2578.5
2578.46

2583.31
2583.35
2583.31
2583.24
2583.12
2582.96
2582.74
2582.48
2582.17
2581.78
2581.29
2580.69
2580.07
2579.44
2578.77
2578.08
2577.37
2576.84
2577.03
2577.55
2578.3
2578.27

2583.32
2583.36
2583.32
2583.25
2583.13
2582.96
2582.75
2582.49
2582.17
2581.78
2581.29
2580.7
2580.08
2579.44
2578.77
2578.06
2577.33
2576.75
2576.98
2577.49
2578.15
2578.12

2583.32
2583.36
2583.33
2583.26
2583.14
2582.97
2582.76
2582.5
2582.18
2581.79
2581.3
2580.71
2580.09
2579.45
2578.78
2578.05
2577.29
2576.66
2576.94
2577.44
2578.04
2578

2583.33
2583.37
2583.33
2583.26
2583.15
2582.98
2582.77
2582.5
2582.18
2581.8
2581.31
2580.72
2580.1
2579.46
2578.78
2578.05
2577.27
2576.59
2576.9
2577.4
2577.96
2577.92

0
2583.33
2583.29
2583.23
2583.11
2582.94
2582.73
2582.46
2582.15
2581.76
2581.27
2580.68
2580.06
2579.42
2578.74
2578.01
2577.23
2576.55
2576.86
2577.36
2577.92
0


0
2583.3
2583.26
2583.19
2583.07
2582.9
2582.69
2582.45
2582.16
2581.81
2581.35
2580.56
2579.96
2579.39
2578.79
2578.2
2577.69
2577.41
2577.64
2579.06
2582.97
0

2583.3
2583.34
2583.3
2583.22
2583.11
2582.94
2582.73
2582.49
2582.2
2581.85
2581.39
2580.6
2580
2579.43
2578.83
2578.24
2577.73
2577.45
2577.68
2579.1
2583.01
2582.97

2583.3
2583.34
2583.3
2583.22
2583.11
2582.94
2582.73
2582.49
2582.19
2581.85
2581.39
2580.6
2580
2579.43
2578.83
2578.24
2577.72
2577.44
2577.66
2579.04
2582.78
2582.74

2583.3
2583.34
2583.3
2583.22
2583.11
2582.95
2582.73
2582.49
2582.19
2581.84
2581.38
2580.61
2580.01
2579.43
2578.83
2578.23
2577.71
2577.42
2577.63
2578.94
2582.37
2582.33

2583.3
2583.34
2583.3
2583.23
2583.11
2582.95
2582.74
2582.49
2582.19
2581.84
2581.36
2580.62
2580.02
2579.43
2578.82
2578.22
2577.7
2577.4
2577.6
2578.8
2581.83
2581.79

2583.3
2583.34
2583.3
2583.23
2583.11
2582.95
2582.74
2582.49
2582.18
2581.83
2581.35
2580.63
2580.02
2579.43
2578.82
2578.21
2577.68
2577.37
2577.55
2578.64
2581.24
2581.2

2583.3
2583.34
2583.31
2583.23
2583.11
2582.95
2582.74
2582.49
2582.18
2581.82
2581.34
2580.64
2580.03
2579.44
2578.82
2578.2
2577.65
2577.33
2577.5
2578.47
2580.66
2580.63

2583.31
2583.35
2583.31
2583.23
2583.11
2582.95
2582.74
2582.49
2582.18
2581.81
2581.33
2580.65
2580.04
2579.44
2578.81
2578.19
2577.63
2577.29
2577.44
2578.31
2580.13
2580.1

2583.31
2583.35
2583.31
2583.24
2583.12
2582.96
2582.75
2582.49
2582.18
2581.8
2581.32
2580.67
2580.05
2579.44
2578.81
2578.17
2577.59
2577.24
2577.38
2578.15
2579.67
2579.63

2583.32
2583.36
2583.32
2583.24
2583.12
2582.96
2582.75
2582.49
2582.18
2581.8
2581.31
2580.68
2580.06
2579.45
2578.81
2578.16
2577.56
2577.18
2577.33
2578.01
2579.28
2579.24

2583.32
2583.36
2583.32
2583.25
2583.13
2582.96
2582.75
2582.49
2582.18
2581.8
2581.31
2580.69
2580.07
2579.45
2578.81
2578.14
2577.53
2577.12
2577.27
2577.89
2578.95
2578.91

2583.33
2583.37
2583.33
2583.25
2583.13
2582.97
2582.76
2582.5
2582.18
2581.8
2581.31
2580.7
2580.08
2579.46
2578.8
2578.13
2577.49
2577.05
2577.21
2577.78
2578.69
2578.65

2583.33
2583.37
2583.33
2583.26
2583.14
2582.98
2582.76
2582.5
2582.18
2581.8
2581.31
2580.71
2580.09
2579.46
2578.8
2578.12
2577.45
2576.99
2577.16
2577.69
2578.48
2578.44

2583.34
2583.38
2583.34
2583.27
2583.15
2582.98
2582.77
2582.51
2582.19
2581.8
2581.31
2580.72
2580.1
2579.47
2578.8
2578.11
2577.42
2576.92
2577.11
2577.62
2578.31
2578.27

2583.35
2583.39
2583.35
2583.27
2583.15
2582.99
2582.78
2582.51
2582.2
2581.81
2581.32
2580.73
2580.11
2579.47
2578.8
2578.1
2577.39
2576.86
2577.07
2577.56
2578.19
2578.15

2583.35
2583.39
2583.35
2583.28
2583.16
2583
2582.79
2582.52
2582.2
2581.82
2581.33
2580.74
2580.12
2579.48
2578.81
2578.09
2577.37
2576.81
2577.04
2577.52
2578.1
2578.06

0
2583.35
2583.32
2583.24
2583.12
2582.96
2582.75
2582.48
2582.17
2581.78
2581.29
2580.7
2580.08
2579.44
2578.77
2578.05
2577.33
2576.77
2577
2577.48
2578.06
0


0
2583.31
2583.27
2583.2
2583.09
2582.93
2582.72
2582.47
2582.17
2581.83
2581.37
2580.59
2579.99
2579.41
2578.82
2578.23
2577.73
2577.48
2577.77
2579.17
2582.38
0

2583.31
2583.35
2583.31
2583.24
2583.13
2582.97
2582.76
2582.51
2582.21
2581.87
2581.41
2580.63
2580.03
2579.45
2578.86
2578.27
2577.77
2577.52
2577.81
2579.21
2582.42
2582.38

2583.31
2583.35
2583.31
2583.24
2583.13
2582.97
2582.76
2582.51
2582.21
2581.86
2581.4
2580.63
2580.03
2579.45
2578.85
2578.27
2577.77
2577.51
2577.79
2579.16
2582.26
2582.22

2583.31
2583.35
2583.31
2583.24
2583.13
2582.97
2582.76
2582.51
2582.21
2581.86
2581.39
2580.64
2580.03
2579.45
2578.85
2578.26
2577.76
2577.5
2577.76
2579.06
2581.96
2581.92

2583.31
2583.35
2583.31
2583.24
2583.13
2582.97
2582.76
2582.51
2582.21
2581.85
2581.38
2580.65
2580.04
2579.45
2578.85
2578.25
2577.74
2577.47
2577.72
2578.94
2581.56
2581.52

2583.32
2583.36
2583.32
2583.24
2583.13
2582.97
2582.76
2582.51
2582.2
2581.84
2581.37
2580.66
2580.05
2579.46
2578.85
2578.24
2577.72
2577.44
2577.67
2578.79
2581.11
2581.07

2583.32
2583.36
2583.32
2583.24
2583.13
2582.97
2582.76
2582.51
2582.2
2581.84
2581.35
2580.67
2580.06
2579.46
2578.84
2578.23
2577.7
2577.41
2577.62
2578.62
2580.64
2580.6

2583.32
2583.36
2583.32
2583.25
2583.13
2582.97
2582.76
2582.51
2582.2
2581.83
2581.34
2580.68
2580.07
2579.46
2578.84
2578.22
2577.68
2577.37
2577.56
2578.46
2580.19
2580.15

2583.33
2583.37
2583.33
2583.25
2583.14
2582.97
2582.77
2582.51
2582.2
2581.82
2581.34
2580.69
2580.08
2579.47
2578.84
2578.21
2577.65
2577.32
2577.5
2578.3
2579.78
2579.74

2583.33
2583.37
2583.33
2583.26
2583.14
2582.98
2582.77
2582.51
2582.2
2581.82
2581.33
2580.7
2580.09
2579.47
2578.83
2578.19
2577.62
2577.27
2577.43
2578.16
2579.41
2579.37

2583.34
2583.38
2583.34
2583.26
2583.14
2582.98
2582.77
2582.51
2582.2
2581.82
2581.33
2580.71
2580.09
2579.47
2578.83
2578.18
2577.58
2577.22
2577.37
2578.02
2579.09
2579.05

2583.35
2583.38
2583.35
2583.27
2583.15
2582.99
2582.78
2582.52
2582.2
2581.82
2581.33
2580.72
2580.1
2579.48
2578.83
2578.17
2577.55
2577.16
2577.31
2577.91
2578.83
2578.79

2583.35
2583.39
2583.35
2583.27
2583.16
2582.99
2582.78
2582.52
2582.2
2581.82
2581.33
2580.73
2580.11
2579.48
2578.83
2578.16
2577.52
2577.11
2577.26
2577.81
2578.61
2578.57

2583.36
2583.4
2583.36
2583.28
2583.16
2583
2582.79
2582.53
2582.21
2581.82
2581.33
2580.74
2580.12
2579.49
2578.83
2578.15
2577.49
2577.06
2577.21
2577.73
2578.44
2578.4

2583.37
2583.41
2583.37
2583.29
2583.17
2583.01
2582.8
2582.53
2582.22
2581.83
2581.34
2580.75
2580.13
2579.5
2578.83
2578.14
2577.47
2577.02
2577.18
2577.66
2578.3
2578.26

2583.38
2583.42
2583.38
2583.3
2583.18
2583.01
2582.8
2582.54
2582.22
2581.84
2581.35
2580.76
2580.14
2579.5
2578.83
2578.14
2577.45
2576.98
2577.15
2577.62
2578.2
2578.16

0
2583.38
2583.34
2583.26
2583.14
2582.98
2582.76
2582.5
2582.19
2581.8
2581.31
2580.72
2580.1
2579.46
2578.79
2578.1
2577.41
2576.94
2577.11
2577.58
2578.16
0


0
0
0
0
0
0
0
0
0
0
0
0
0
0
0
0
0
0
0
0
0
0

0
2583.31
2583.27
2583.2
2583.09
2582.93
2582.72
2582.47
2582.17
2581.83
2581.37
2580.59
2579.99
2579.41
2578.82
2578.23
2577.73
2577.48
2577.77
2579.17
2582.38
0

0
2583.31
2583.27
2583.2
2583.09
2582.93
2582.72
2582.47
2582.17
2581.83
2581.36
2580.59
2579.99
2579.41
2578.82
2578.23
2577.73
2577.47
2577.75
2579.12
2582.22
0

0
2583.31
2583.27
2583.2
2583.09
2582.93
2582.72
2582.47
2582.17
2581.82
2581.35
2580.6
2579.99
2579.41
2578.81
2578.22
2577.72
2577.46
2577.72
2579.03
2581.92
0

0
2583.31
2583.28
2583.2
2583.09
2582.93
2582.72
2582.47
2582.17
2581.81
2581.34
2580.61
2580
2579.41
2578.81
2578.22
2577.7
2577.43
2577.68
2578.9
2581.52
0

0
2583.32
2583.28
2583.2
2583.09
2582.93
2582.72
2582.47
2582.16
2581.8
2581.33
2580.62
2580.01
2579.42
2578.81
2578.21
2577.69
2577.4
2577.63
2578.75
2581.07
0

0
2583.32
2583.28
2583.21
2583.09
2582.93
2582.72
2582.47
2582.16
2581.8
2581.32
2580.63
2580.02
2579.42
2578.81
2578.19
2577.66
2577.37
2577.58
2578.58
2580.6
0

0
2583.32
2583.28
2583.21
2583.09
2582.93
2582.72
2582.47
2582.16
2581.79
2581.31
2580.64
2580.03
2579.42
2578.8
2578.18
2577.64
2577.33
2577.52
2578.42
2580.15
0

0
2583.33
2583.29
2583.21
2583.1
2582.94
2582.73
2582.47
2582.16
2581.78
2581.3
2580.65
2580.04
2579.43
2578.8
2578.17
2577.61
2577.28
2577.46
2578.26
2579.74
0

0
2583.33
2583.29
2583.22
2583.1
2582.94
2582.73
2582.47
2582.16
2581.78
2581.29
2580.66
2580.05
2579.43
2578.8
2578.16
2577.58
2577.23
2577.39
2578.12
2579.37
0

0
2583.34
2583.3
2583.22
2583.11
2582.94
2582.73
2582.47
2582.16
2581.78
2581.29
2580.67
2580.06
2579.44
2578.79
2578.14
2577.54
2577.18
2577.33
2577.98
2579.05
0

0
2583.35
2583.31
2583.23
2583.11
2582.95
2582.74
2582.48
2582.16
2581.78
2581.29
2580.68
2580.06
2579.44
2578.79
2578.13
2577.51
2577.12
2577.28
2577.87
2578.79
0

0
2583.35
2583.31
2583.24
2583.12
2582.95
2582.74
2582.48
2582.16
2581.78
2581.29
2580.69
2580.07
2579.44
2578.79
2578.12
2577.48
2577.07
2577.22
2577.77
2578.57
0

0
2583.36
2583.32
2583.24
2583.12
2582.96
2582.75
2582.49
2582.17
2581.78
2581.29
2580.7
2580.08
2579.45
2578.79
2578.11
2577.45
2577.02
2577.18
2577.69
2578.4
0

0
2583.37
2583.33
2583.25
2583.13
2582.97
2582.76
2582.49
2582.18
2581.79
2581.3
2580.71
2580.09
2579.46
2578.79
2578.1
2577.43
2576.98
2577.14
2577.62
2578.26
0

0
2583.38
2583.34
2583.26
2583.14
2582.98
2582.76
2582.5
2582.19
2581.8
2581.31
2580.72
2580.1
2579.46
2578.79
2578.1
2577.41
2576.94
2577.11
2577.58
2578.16
0

0
0
0
0
0
0
0
0
0
0
0
0
0
0
0
0
0
0
0
0
0
0


