0
0
0
0
0
0
0
0
0
0
0
0
0
0
0
0
0
0
0
0
0
0

0
-5.09092
-5.5006
-5.33841
-5.08873
-5.59957
-6.40772
-5.5546
-4.7985
-6.21073
-5.2965
-5.19999
-6.06525
-5.34102
-6.12523
-6.46119
-8.87309
-5.96651
-6.51011
-5.75946
-5.38031
0

0
-4.66297
5.14942
-4.59507
-4.95727
-5.11952
-5.72973
-5.02637
-5.56587
-6.21073
-4.86239
-4.71879
-2.46945
-4.7418
-5.64632
-5.95325
-6.3982
-6.30343
-5.84626
-5.2046
-4.89871
0

0
-4.70506
-5.22051
-4.917
-5.03645
-5.45677
-4.58228
-5.08965
-5.74099
-5.70608
-4.86853
-4.7687
-5.91055
-5.05432
-5.64551
-6.29211
1.78462
-6.25747
-5.92965
-5.19801
-4.92518
0

0
-4.68605
-6.06463
-5.04026
-5.04035
-4.85145
-4.69496
-5.02929
-5.2414
-5.33318
-4.89427
-4.8418
-6.124
-7.28925
-5.70512
-6.39635
-6.30062
-6.42407
-5.96651
-5.14407
-4.93654
0

0
-4.67638
-5.93467
-5.28867
-5.0383
-5.02592
-4.91504
-5.01169
-5.42291
-5.14835
-4.89385
-4.90062
-6.06525
-5.48167
-5.79008
-5.9818
-6.51373
-6.57334
-6.04232
-5.05836
-4.94743
0

0
-4.67631
-5.50867
-5.2658
-5.059
-5.20058
-5.02896
-5.01017
-5.63157
-5.06684
-4.88132
-4.91313
-5.51238
-5.45389
-5.9636
-6.75167
-6.05053
-6.66778
-6.1613
-4.95803
-4.95914
0

0
-4.67621
-5.25974
-5.16681
-5.08873
-5.20788
-5.06619
-5.00855
-5.08425
-4.97363
-4.88046
-4.89628
-5.23351
-5.55732
-6.20096
-6.34446
-5.79741
-6.75364
-6.46727
-4.93888
-4.97214
0

0
-4.67853
-5.15777
-5.11535
-5.13759
-5.00849
-5.02637
-4.9492
-2.7087
-4.8352
-4.87201
-4.87709
-5.09408
-5.39517
-6.33845
-6.73615
-5.63917
-6.90086
-6.68114
-5.41578
-4.98501
0

0
-4.68484
-5.11952
-5.10185
-5.19315
-4.62026
-4.92594
-4.88264
-3.86741
-4.77781
-4.86239
-4.85688
-5.01319
-4.46628
-6.39804
-6.51425
-5.14512
-7.10918
-6.79757
-6.36923
-4.99606
0

0
-4.69499
-5.11117
-5.10719
-5.20807
-4.52145
-4.91957
-4.8769
-4.33311
-4.7985
-4.8595
-4.83718
-4.90198
-1.71344
-6.05475
-5.84776
-3.99924
-5.35172
-6.1613
-6.21545
-5.01591
0

0
-4.70811
-5.12002
-5.12338
-5.19114
-5.59928
-5.1292
-4.92148
-4.51698
-4.82282
-4.86078
-4.81997
-4.71132
4.78823
-5.5046
-4.94879
-1.99066
-6.2642
-6.62537
-5.8299
-5.03414
0

0
-4.72128
-5.12288
-5.12886
-5.22988
-5.5529
-5.19522
-4.97282
-4.82697
-4.8535
-4.861
-4.80493
-4.91337
-7.28925
-5.35342
-3.61527
0.406409
-6.15083
-6.75027
-5.69618
-5.04781
0

0
-4.72177
-5.0383
-5.00966
-5.26127
-5.71388
-5.21959
-5.00336
-5.21521
-4.86974
-4.83953
-4.78403
-4.80916
-6.12283
-3.77855
-1.11208
2.27079
-5.9818
-6.75769
-5.70292
-5.04272
0

0
-4.66678
-5.03399
-5.0713
-5.22659
-5.88059
-5.19204
-4.96646
-4.96942
-4.81392
-4.76858
-4.71141
-4.69549
-4.67333
-0.814608
-5.35172
3.00549
-6.07208
-6.65515
-5.67616
-4.97438
0

0
-4.46964
-4.81587
-4.8487
-5.00966
-5.71825
-4.97292
-4.75721
-4.67484
-4.61183
-4.57307
-4.5267
-4.49112
-4.48252
-4.31641
-4.57013
3.49957
-6.30454
-6.39577
-5.47629
-4.76096
0

0
0
0
0
0
0
0
0
0
0
0
0
0
0
0
0
0
0
0
0
0
0


0
0
0
0
0
0
0
0
0
0
0
0
0
0
0
0
0
0
0
0
0
0

0
-5.16256
-4.88583
-5.45412
-5.30069
-5.5886
-6.3916
-5.68082
-5.14128
-6.36559
-5.44264
-5.34222
-5.7806
-5.54356
-6.23331
-6.63029
-8.3245
-6.39527
-6.70205
-5.9159
-5.51734
0

0
-4.65801
5.79398
-4.64863
-5.00502
-5.37097
-5.66147
-5.09442
-5.50342
-5.85607
-4.91905
-4.78585
-2.95482
-4.85819
-5.68416
-5.99489
-6.1745
-6.2944
-5.93183
-5.27836
-4.96132
0

0
-4.71401
-4.65094
-4.96212
-5.09115
-5.41824
-4.82593
-5.1518
-5.67641
-5.72513
-4.93287
-4.8378
-5.57437
-5.16024
-5.69891
-6.25519
1.95192
-6.30563
-6.019
-5.27702
-4.98922
0

0
-4.70173
-5.8268
-5.10362
-5.1049
-5.00001
-4.79055
-5.0953
-5.35989
-5.39683
-4.9579
-4.90195
-6.04668
-6.69574
-5.75215
-6.34293
-6.12242
-6.46049
-6.06768
-5.23026
-5.0005
0

0
-4.69717
-5.85085
-5.29218
-5.10619
-5.08356
-4.9751
-5.0756
-5.43009
-5.20756
-4.96007
-4.95857
-5.94146
-5.59393
-5.82403
-6.17188
-6.54368
-6.62735
-6.13598
-5.15773
-5.01157
0

0
-4.70076
-5.53963
-5.31143
-5.12766
-5.25362
-5.0877
-5.07281
-5.58143
-5.12243
-4.94695
-4.97371
-5.53622
-5.51169
-5.96659
-6.7712
-6.18306
-6.73644
-6.21495
-5.08063
-5.0233
0

0
-4.70317
-5.31902
-5.23208
-5.15737
-5.27359
-5.13069
-5.06738
-4.97441
-5.03162
-4.94414
-4.95819
-5.28056
-5.56636
-6.18172
-6.39584
-5.91032
-6.82634
-6.48782
-5.0985
-5.03602
0

0
-4.70696
-5.22068
-5.18322
-5.20344
-5.08335
-5.10026
-5.00803
-3.0531
-4.90132
-4.9353
-4.93915
-5.1421
-5.34788
-6.31644
-6.6883
-5.71246
-6.96204
-6.71581
-5.57347
-5.04829
0

0
-4.71421
-5.18332
-5.16964
-5.2556
-4.71303
-5.01114
-4.95258
-3.9606
-4.8441
-4.92562
-4.91903
-5.05275
-4.26428
-6.37745
-6.50106
-5.17231
-7.14961
-6.83967
-6.18773
-5.06012
0

0
-4.72507
-5.17516
-5.17492
-5.27342
-4.66155
-5.00349
-4.94999
-4.41385
-4.86389
-4.92241
-4.89948
-4.91849
-1.03839
-6.03569
-5.78409
-3.9214
-6.05157
-6.47442
-6.22533
-5.08053
0

0
-4.73856
-5.18243
-5.18899
-5.26455
-5.63026
-5.18657
-4.99054
-4.61644
-4.88906
-4.92216
-4.88308
-4.69413
4.55821
-5.38671
-4.84858
-1.77658
-6.33261
-6.70582
-5.92536
-5.09948
0

0
-4.75066
-5.17955
-5.18344
-5.29987
-5.64153
-5.26553
-5.04174
-4.92653
-4.91768
-4.92113
-4.86628
-4.95256
-6.74763
-5.222
-3.451
0.739177
-6.12792
-6.79047
-5.78653
-5.11142
0

0
-4.74495
-5.11823
-5.10318
-5.32336
-5.76496
-5.28377
-5.06533
-5.18873
-4.92606
-4.89333
-4.83868
-4.85038
-5.85362
-3.60176
-1.65635
2.53748
-5.85016
-6.79152
-5.77094
-5.09865
0

0
-4.67195
-5.07448
-5.11204
-5.2667
-5.89159
-5.23282
-5.00656
-4.99811
-4.85195
-4.80502
-4.74862
-4.72569
-4.6724
-1.11747
-5.27917
3.25246
-5.83182
-6.67752
-5.70796
-5.01033
0

0
-4.44042
-4.81824
-4.84952
-5.00477
-5.6437
-4.96794
-4.75724
-4.6773
-4.61457
-4.57761
-4.53178
-4.49567
-4.48374
-4.30026
-4.55205
3.5876
-6.01878
-6.39852
-5.45827
-4.76112
0

0
0
0
0
0
0
0
0
0
0
0
0
0
0
0
0
0
0
0
0
0
0


0
0
0
0
0
0
0
0
0
0
0
0
0
0
0
0
0
0
0
0
0
0

0
-5.11307
-4.18489
-5.47056
-5.71592
-4.99628
-5.89422
-5.73193
-6.13633
-5.41662
-5.58874
-5.47951
-4.82847
-5.86015
-6.23429
-6.73408
-6.54393
-7.4303
-6.97013
-6.09119
-5.62239
0

0
-4.5956
-0.94181
-4.95904
-4.99271
-6.14941
-5.56528
-5.18161
-5.02792
-5.29092
-4.97407
-4.91074
-5.28239
-5.20834
-5.6432
-5.90929
-6.46972
-6.1487
-6.10401
-5.39958
-5.02815
0

0
-4.64883
-3.79563
-4.89821
-5.10136
-5.34052
-5.53187
-5.20465
-5.3487
-5.67531
-5.00335
-4.91999
-4.36366
-5.17958
-5.69161
-5.91654
-2.10336
-6.53447
-6.18352
-5.41829
-5.05136
0

0
-4.67774
-4.5487
-5.02544
-5.16053
-5.30316
-5.01197
-5.17657
-5.48702
-5.51215
-5.02312
-4.94125
-5.34521
-4.87365
-5.69011
-6.03633
-4.78529
-6.40301
-6.27335
-5.42077
-5.06208
0

0
-4.70706
-5.37459
-5.10206
-5.17522
-5.07406
-4.99664
-5.14086
-5.19093
-5.29713
-5.031
-4.99374
-5.63556
-5.88837
-5.69258
-6.41422
-6.35354
-6.61689
-6.32039
-5.42677
-5.07334
0

0
-4.73129
-5.53747
-5.29129
-5.19872
-5.22743
-5.10624
-5.13103
-5.27152
-5.18843
-5.0242
-5.03041
-5.5787
-5.4877
-5.69086
-6.54324
-6.49685
-6.79671
-6.24509
-5.44547
-5.08443
0

0
-4.74707
-5.41328
-5.31076
-5.22439
-5.36116
-5.19945
-5.12902
-5.28051
-5.13062
-5.01452
-5.02725
-5.35182
-5.42968
-5.82885
-6.3767
-6.22526
-6.93574
-6.38546
-5.46237
-5.09604
0

0
-4.75793
-5.31046
-5.27165
-5.25318
-5.30469
-5.24367
-5.11952
-4.73706
-5.04774
-5.00585
-5.01185
-5.18777
-5.33251
-6.03825
-6.29179
-5.97255
-7.05707
-6.64141
-5.42001
-5.1096
0

0
-4.76887
-5.26313
-5.25241
-5.29842
-5.06792
-5.2043
-5.0804
-4.06177
-4.94473
-4.9947
-4.99392
-5.07476
-4.75887
-6.2322
-6.33759
-5.55785
-7.20663
-6.84594
-5.55812
-5.12862
0

0
-4.78216
-5.24639
-5.25238
-5.34279
-4.97645
-5.13021
-5.05005
-4.49651
-4.93558
-4.98802
-4.9759
-4.96127
-3.09064
-6.12101
-5.65054
-4.52036
-8.11596
-7.20744
-6.20802
-5.14709
0

0
-4.79739
-5.24757
-5.26039
-5.35994
-5.44688
-5.18243
-5.06557
-4.72871
-4.9562
-4.98701
-4.95862
-4.80473
0.303133
-5.5461
-4.93409
-2.68972
-6.7227
-6.74896
-6.18425
-5.16688
0

0
-4.80923
-5.2614
-5.26884
-5.37777
-5.77518
-5.34133
-5.11461
-4.85119
-4.97694
-4.98463
-4.94045
-4.85804
-3.94117
-5.06487
-4.44874
-0.205822
-6.10479
-6.66229
-5.96811
-5.17849
0

0
-4.79847
-5.26186
-5.27568
-5.39351
-5.7307
-5.35592
-5.1311
-5.00802
-4.98154
-4.95732
-4.90552
-4.89503
-5.75838
-4.43309
-4.11212
1.75784
-5.77621
-6.61593
-5.85527
-5.16029
0

0
-4.71474
-5.13613
-5.16148
-5.32053
-5.74599
-5.28245
-5.06028
-5.07078
-4.90496
-4.8581
-4.80604
-4.78073
-5.05785
-3.62526
-4.4943
2.78148
-5.49872
-6.47843
-5.73016
-5.05928
0

0
-4.47274
-4.87195
-4.90118
-5.04918
-5.50549
-5.00922
-4.80413
-4.73027
-4.65828
-4.62081
-4.57575
-4.53966
-4.48744
-4.15119
-4.59966
3.00673
-5.3639
-6.23198
-5.46804
-4.79902
0

0
0
0
0
0
0
0
0
0
0
0
0
0
0
0
0
0
0
0
0
0
0


0
0
0
0
0
0
0
0
0
0
0
0
0
0
0
0
0
0
0
0
0
0

0
-5.11459
-4.49848
-5.57076
-5.71858
-4.72135
-5.92177
-5.78828
-5.84373
-5.84062
-5.62017
-5.54471
-5.56815
-5.84191
-6.20472
-6.49445
-6.01285
-7.18348
-7.10528
-6.21869
-5.68507
0

0
-4.60916
-4.13967
-4.99144
-5.13537
-5.63883
-5.38549
-5.21273
-5.27978
-5.20215
-5.04918
-4.97595
-4.90207
-5.22968
-5.60132
-5.90066
-6.32069
-6.55896
-6.25221
-5.51792
-5.08765
0

0
-4.63151
-4.01901
-4.99941
-5.12992
-5.85007
-5.45136
-5.22299
-5.23554
-5.33485
-5.05799
-4.98933
-5.01014
-5.21483
-5.61688
-5.88934
-6.55212
-6.47618
-6.24494
-5.53327
-5.10532
0

0
-4.66726
-4.47099
-5.02329
-5.1816
-5.50387
-5.34302
-5.23617
-5.30543
-5.43633
-5.06635
-5.00036
-4.97101
-5.25887
-5.61613
-5.92744
-4.38769
-6.51216
-6.28557
-5.54243
-5.11316
0

0
-4.70656
-4.93056
-5.12167
-5.22499
-5.25807
-5.16318
-5.20779
-5.32611
-5.36131
-5.07626
-5.02692
-5.32244
-5.33084
-5.62349
-5.93925
-5.37294
-6.57681
-6.32285
-5.5553
-5.12361
0

0
-4.74395
-5.28387
-5.20052
-5.24502
-5.21837
-5.17053
-5.19102
-5.23372
-5.25224
-5.07674
-5.0567
-5.41819
-5.45765
-5.64305
-6.1049
-6.21054
-6.79853
-6.45432
-5.56129
-5.13477
0

0
-4.77337
-5.3768
-5.29528
-5.27406
-5.36319
-5.24101
-5.18703
-5.20655
-5.18076
-5.06999
-5.06843
-5.34197
-5.35002
-5.68331
-6.4752
-6.38677
-7.04507
-6.45377
-5.56006
-5.1469
0

0
-4.79444
-5.35003
-5.31587
-5.3069
-5.44842
-5.29669
-5.18106
-5.07463
-5.12465
-5.06181
-5.06058
-5.22506
-5.22379
-5.82088
-6.18567
-6.20777
-7.21228
-6.57224
-5.59819
-5.16128
0

0
-4.81129
-5.31745
-5.31019
-5.34234
-5.36579
-5.30033
-5.16323
-4.75202
-5.06256
-5.05325
-5.04599
-5.11621
-4.91984
-5.95376
-6.1582
-5.84915
-7.20514
-6.68642
-5.69052
-5.17729
0

0
-4.82753
-5.3035
-5.31108
-5.3783
-5.17098
-5.25018
-5.14245
-4.64349
-5.01524
-5.04564
-5.02969
-5.01885
-4.19341
-6.01789
-5.76096
-5.00192
-6.85012
-6.68671
-5.8104
-5.1963
0

0
-4.84406
-5.30283
-5.3205
-5.40769
-5.21918
-5.2415
-5.14245
-4.80839
-5.01915
-5.04206
-5.0136
-4.92343
-3.16474
-5.81042
-4.9767
-3.37235
-6.89912
-6.82213
-6.08744
-5.2166
0

0
-4.85636
-5.30376
-5.32913
-5.42981
-5.70702
-5.34737
-5.16847
-4.93431
-5.03352
-5.0361
-4.99484
-4.87965
-3.64402
-5.34348
-4.51762
-1.152
-5.9404
-6.60339
-6.05561
-5.22754
0

0
-4.84433
-5.28179
-5.31135
-5.43576
-5.74727
-5.39497
-5.1803
-5.01164
-5.02595
-5.00608
-4.956
-4.8857
-4.7028
-4.85822
-4.42252
0.940645
-5.31732
-6.46471
-5.91171
-5.20658
0

0
-4.75564
-5.18176
-5.21112
-5.35306
-5.66771
-5.31392
-5.10251
-4.99969
-4.94203
-4.90319
-4.85196
-4.80845
-5.01567
-4.45975
-4.39565
2.0229
-5.05192
-6.32216
-5.74159
-5.1006
0

0
-4.51022
-4.92538
-4.94938
-5.08258
-5.40875
-5.04128
-4.84713
-4.77751
-4.70178
-4.66369
-4.6189
-4.5789
-4.57133
-4.23751
-4.47146
2.12653
-5.01999
-6.09732
-5.46697
-4.83844
0

0
0
0
0
0
0
0
0
0
0
0
0
0
0
0
0
0
0
0
0
0
0


0
0
0
0
0
0
0
0
0
0
0
0
0
0
0
0
0
0
0
0
0
0

0
-5.15453
-5.05883
-5.6452
-5.75861
-5.03167
-5.95205
-5.82834
-5.84573
-5.82332
-5.66993
-5.60433
-5.64877
-5.84194
-6.14718
-6.39181
-6.39156
-7.25971
-7.15765
-6.31903
-5.74088
0

0
-4.63848
-4.47873
-5.04318
-5.18712
-4.90894
-5.31446
-5.23679
-5.26911
-5.25143
-5.09414
-5.03188
-5.03603
-5.25477
-5.55764
-5.81109
-5.83658
-6.43364
-6.3076
-5.61161
-5.13921
0

0
-4.66184
-4.52454
-5.06693
-5.19794
-5.43058
-5.36559
-5.26123
-5.2758
-5.2837
-5.10824
-5.04592
-5.05566
-5.25091
-5.57294
-5.83094
-6.25279
-6.51703
-6.30288
-5.62425
-5.1568
0

0
-4.68668
-4.63993
-5.08663
-5.21233
-5.71847
-5.39782
-5.26528
-5.28316
-5.33274
-5.11176
-5.05248
-5.07387
-5.25192
-5.57134
-5.82017
-5.76651
-6.56782
-6.31425
-5.62819
-5.16344
0

0
-4.72307
-4.88286
-5.13791
-5.25132
-5.62136
-5.33474
-5.26408
-5.30193
-5.34156
-5.1188
-5.06812
-5.16887
-5.28248
-5.57205
-5.84853
-5.39033
-6.56521
-6.36214
-5.63665
-5.17306
0

0
-4.76267
-5.13095
-5.2079
-5.28926
-5.40947
-5.27963
-5.25016
-5.2769
-5.29329
-5.12199
-5.08801
-5.28431
-5.33012
-5.58024
-5.92256
-5.85915
-6.65716
-6.39202
-5.64528
-5.18409
0

0
-4.7988
-5.28974
-5.27678
-5.31967
-5.38209
-5.29294
-5.24201
-5.23114
-5.23458
-5.11939
-5.10145
-5.2887
-5.30814
-5.60169
-6.02905
-6.22401
-6.75672
-6.43789
-5.66027
-5.19636
0

0
-4.82805
-5.34481
-5.32811
-5.35098
-5.46835
-5.33361
-5.23788
-5.16934
-5.18645
-5.11344
-5.10155
-5.23192
-5.21897
-5.64408
-6.18666
-6.30998
-6.79408
-6.44292
-5.6874
-5.21006
0

0
-4.85145
-5.35187
-5.3496
-5.38288
-5.48864
-5.35827
-5.23087
-5.0432
-5.14238
-5.10649
-5.09253
-5.15468
-5.03797
-5.71341
-6.03923
-6.0637
-6.77914
-6.4861
-5.73601
-5.22569
0

0
-4.8718
-5.35148
-5.36044
-5.41582
-5.37406
-5.34622
-5.22065
-4.9211
-5.1046
-5.1
-5.07979
-5.07554
-4.69976
-5.75828
-5.79502
-5.36429
-6.69159
-6.55516
-5.82153
-5.24365
0

0
-4.89049
-5.3549
-5.3721
-5.44617
-5.29768
-5.32871
-5.21759
-4.93597
-5.08978
-5.09517
-5.06566
-5.00244
-4.25839
-5.68657
-5.15798
-3.97653
-6.25343
-6.55722
-5.93533
-5.26247
0

0
-4.90347
-5.35671
-5.38053
-5.46856
-5.52048
-5.36667
-5.22804
-5.01697
-5.09249
-5.0874
-5.04703
-4.94887
-4.14388
-5.3974
-4.50864
-1.98502
-5.70198
-6.55291
-6.02018
-5.27395
0

0
-4.89075
-5.33343
-5.36166
-5.46948
-5.70413
-5.41405
-5.22749
-5.07081
-5.07748
-5.0552
-5.00636
-4.91601
-4.50426
-4.96922
-4.27528
-0.0383093
-5.07711
-6.3965
-5.95665
-5.2522
0

0
-4.80027
-5.23021
-5.25921
-5.38265
-5.63519
-5.34123
-5.14454
-5.03301
-4.98714
-4.95025
-4.89916
-4.83539
-4.76551
-4.58463
-4.28556
0.980221
-4.83821
-6.21316
-5.78006
-5.14399
0

0
-4.55422
-4.9737
-4.99603
-5.11439
-5.35499
-5.07236
-4.89103
-4.80296
-4.74605
-4.70938
-4.66435
-4.6159
-4.59285
-4.34584
-4.25749
1.05508
-4.75623
-5.99244
-5.48931
-4.88161
0

0
0
0
0
0
0
0
0
0
0
0
0
0
0
0
0
0
0
0
0
0
0


0
0
0
0
0
0
0
0
0
0
0
0
0
0
0
0
0
0
0
0
0
0

0
-5.20671
-5.34903
-5.70347
-5.79791
-5.59393
-5.96309
-5.86055
-5.85693
-5.8381
-5.70967
-5.65122
-5.69299
-5.84056
-6.10606
-6.32506
-6.48086
-7.20256
-7.15957
-6.39177
-5.79088
0

0
-4.68261
-4.73033
-5.10411
-5.20581
-4.96074
-5.35798
-5.27085
-5.27454
-5.25947
-5.13198
-5.07818
-5.10641
-5.26374
-5.51961
-5.73257
-5.82598
-6.42364
-6.33871
-5.68233
-5.18493
0

0
-4.70586
-4.77397
-5.12387
-5.24385
-4.83137
-5.31605
-5.28993
-5.2963
-5.28934
-5.15039
-5.09435
-5.11175
-5.2717
-5.54074
-5.76533
-5.94276
-6.43749
-6.32654
-5.69408
-5.20465
0

0
-4.727
-4.83391
-5.14439
-5.25957
-5.10366
-5.34382
-5.29682
-5.30023
-5.3088
-5.15459
-5.09988
-5.12348
-5.26653
-5.53971
-5.7655
-6.02958
-6.45983
-6.32243
-5.69512
-5.21197
0

0
-4.75764
-4.95407
-5.18033
-5.2853
-5.49119
-5.37669
-5.30251
-5.30644
-5.32212
-5.16
-5.11019
-5.16076
-5.27395
-5.53742
-5.76854
-5.74573
-6.45135
-6.33285
-5.70157
-5.22145
0

0
-4.79389
-5.10848
-5.23208
-5.32164
-5.56093
-5.36815
-5.30027
-5.30036
-5.30906
-5.16386
-5.12348
-5.2194
-5.28789
-5.53592
-5.78572
-5.77135
-6.41121
-6.34336
-5.7121
-5.23225
0

0
-4.83059
-5.24401
-5.28858
-5.35729
-5.49828
-5.36169
-5.29458
-5.27431
-5.27603
-5.16399
-5.13458
-5.24711
-5.2791
-5.53613
-5.83463
-6.01779
-6.40477
-6.3522
-5.72767
-5.24431
0

0
-4.86364
-5.32847
-5.33955
-5.38976
-5.49046
-5.37725
-5.29093
-5.23522
-5.23966
-5.16082
-5.13827
-5.22723
-5.22533
-5.53951
-5.89633
-6.18543
-6.44018
-6.36481
-5.75061
-5.25778
0

0
-4.89182
-5.36871
-5.37564
-5.42089
-5.513
-5.39969
-5.28824
-5.17563
-5.20634
-5.15607
-5.13429
-5.18132
-5.11668
-5.54576
-5.88191
-6.10442
-6.49112
-6.396
-5.7871
-5.27308
0

0
-4.91618
-5.3876
-5.3987
-5.45136
-5.49495
-5.41
-5.28513
-5.10656
-5.17805
-5.15128
-5.12567
-5.12434
-4.93576
-5.53715
-5.6894
-5.57034
-6.43603
-6.44381
-5.84286
-5.29039
0

0
-4.93759
-5.3998
-5.41592
-5.48056
-5.45094
-5.40693
-5.28448
-5.08035
-5.16067
-5.14695
-5.11445
-5.06714
-4.7062
-5.47098
-5.24384
-4.38451
-6.13943
-6.48365
-5.91282
-5.30837
0

0
-4.95211
-5.40513
-5.42601
-5.50347
-5.48969
-5.41545
-5.288
-5.10775
-5.15358
-5.13845
-5.09738
-5.01708
-4.55906
-5.28761
-4.61456
-2.63793
-5.56065
-6.46665
-5.97266
-5.31943
0

0
-4.93992
-5.38221
-5.40713
-5.49995
-5.62267
-5.43418
-5.27638
-5.13255
-5.13077
-5.10515
-5.05662
-4.96823
-4.61657
-4.98161
-4.20125
-0.971712
-4.96107
-6.36038
-5.95494
-5.29804
0

0
-4.84926
-5.27782
-5.30398
-5.41075
-5.59947
-5.3644
-5.18749
-5.07551
-5.03507
-4.99902
-4.94807
-4.87393
-4.71512
-4.65506
-4.11826
-0.106192
-4.67938
-6.17549
-5.80558
-5.18975
0

0
-4.60372
-5.02233
-5.04241
-5.14652
-5.33106
-5.10414
-4.93601
-4.84096
-4.79354
-4.75781
-4.71213
-4.65456
-4.57809
-4.4152
-4.07528
-0.00903491
-4.60198
-5.94123
-5.51558
-4.92847
0

0
0
0
0
0
0
0
0
0
0
0
0
0
0
0
0
0
0
0
0
0
0


0
0
0
0
0
0
0
0
0
0
0
0
0
0
0
0
0
0
0
0
0
0

0
-5.26439
-5.51618
-5.75404
-5.85394
-5.74901
-5.9109
-5.88652
-5.87701
-5.8572
-5.74569
-5.69057
-5.72345
-5.8455
-6.0803
-6.28177
-6.47385
-7.12849
-7.14037
-6.44183
-5.83568
0

0
-4.73429
-4.90794
-5.1557
-5.23779
-5.20466
-5.37429
-5.29722
-5.2877
-5.27101
-5.16409
-5.11535
-5.14445
-5.26862
-5.49094
-5.67925
-5.82286
-6.3692
-6.33973
-5.73219
-5.22507
0

0
-4.75969
-4.93649
-5.17954
-5.26899
-5.2052
-5.39364
-5.32614
-5.31702
-5.30312
-5.18806
-5.13682
-5.15864
-5.28734
-5.51961
-5.71739
-5.87797
-6.36749
-6.3338
-5.74911
-5.25001
0

0
-4.77893
-4.97767
-5.1979
-5.29558
-5.17862
-5.36825
-5.33158
-5.32399
-5.3164
-5.19438
-5.14309
-5.16413
-5.28436
-5.52056
-5.72051
-5.92076
-6.34503
-6.31639
-5.74948
-5.25881
0

0
-4.80535
-5.04827
-5.2274
-5.32309
-5.2766
-5.37901
-5.33711
-5.32789
-5.32575
-5.19991
-5.1512
-5.18177
-5.28316
-5.51565
-5.7135
-5.86704
-6.3141
-6.31053
-5.75506
-5.26871
0

0
-4.83713
-5.14488
-5.26749
-5.35459
-5.45334
-5.40033
-5.34041
-5.32577
-5.32355
-5.2039
-5.16062
-5.20998
-5.28277
-5.5064
-5.70497
-5.78634
-6.26075
-6.31095
-5.76515
-5.27942
0

0
-4.87132
-5.24557
-5.31392
-5.38929
-5.52794
-5.41206
-5.34014
-5.31266
-5.30765
-5.20549
-5.16921
-5.23115
-5.27237
-5.49337
-5.70431
-5.85252
-6.22377
-6.31659
-5.78023
-5.29129
0

0
-4.90461
-5.32716
-5.35996
-5.42308
-5.53624
-5.42368
-5.33899
-5.28913
-5.28423
-5.20457
-5.17385
-5.22778
-5.23692
-5.47581
-5.70489
-5.9678
-6.22682
-6.33324
-5.80189
-5.30464
0

0
-4.93501
-5.38164
-5.39939
-5.45484
-5.54538
-5.44029
-5.33874
-5.25645
-5.26008
-5.20209
-5.17324
-5.20251
-5.16795
-5.45088
-5.67164
-5.96281
-6.24472
-6.36219
-5.83291
-5.3198
0

0
-4.96221
-5.41534
-5.42984
-5.48503
-5.55239
-5.45566
-5.33954
-5.21907
-5.23909
-5.19929
-5.16845
-5.16441
-5.06021
-5.40906
-5.53257
-5.60999
-6.21141
-6.40278
-5.87556
-5.33694
0

0
-4.98622
-5.43716
-5.45294
-5.51359
-5.543
-5.46421
-5.34193
-5.19499
-5.22419
-5.19639
-5.16057
-5.12149
-4.92498
-5.33055
-5.21634
-4.67166
-6.01059
-6.43887
-5.92704
-5.35473
0

0
-5.00277
-5.44756
-5.46615
-5.53587
-5.54925
-5.47038
-5.34378
-5.19646
-5.21335
-5.18852
-5.14596
-5.07803
-4.81022
-5.18755
-4.71802
-3.17933
-5.55682
-6.43585
-5.96997
-5.36576
0

0
-4.99203
-5.42692
-5.44862
-5.53031
-5.59836
-5.46755
-5.32579
-5.19572
-5.18494
-5.15536
-5.10657
-5.0247
-4.7697
-4.96764
-4.25166
-1.70562
-4.99936
-6.35792
-5.95975
-5.34498
0

0
-4.90252
-5.32383
-5.3466
-5.43954
-5.57144
-5.39017
-5.23196
-5.12259
-5.08534
-5.0494
-4.99836
-4.92085
-4.75261
-4.70731
-4.04311
-0.965929
-4.64374
-6.18306
-5.83252
-5.23797
0

0
-4.65876
-5.07116
-5.08842
-5.1801
-5.32377
-5.13746
-4.98273
-4.88674
-4.8443
-4.80901
-4.76255
-4.69828
-4.58996
-4.47028
-3.96121
-0.851095
-4.51264
-5.92806
-5.55175
-4.97934
0

0
0
0
0
0
0
0
0
0
0
0
0
0
0
0
0
0
0
0
0
0
0


0
0
0
0
0
0
0
0
0
0
0
0
0
0
0
0
0
0
0
0
0
0

0
-5.32264
-5.62039
-5.79722
-5.88009
-5.83671
-5.95891
-5.91853
-5.90097
-5.8799
-5.77726
-5.72345
-5.74768
-5.85506
-6.07069
-6.26114
-6.45453
-7.06425
-7.11571
-6.47496
-5.87558
0

0
-4.78771
-5.02083
-5.1964
-5.27581
-5.22677
-5.35058
-5.31395
-5.3022
-5.28466
-5.19038
-5.14438
-5.16872
-5.27275
-5.47122
-5.64247
-5.79871
-6.30558
-6.32343
-5.76331
-5.25912
0

0
-4.81972
-5.05349
-5.23051
-5.30913
-5.27992
-5.41131
-5.35606
-5.34125
-5.32432
-5.22385
-5.17549
-5.19586
-5.30389
-5.5111
-5.68988
-5.84516
-6.31665
-6.33742
-5.79392
-5.29432
0

0
-4.83824
-5.08377
-5.24853
-5.33001
-5.29509
-5.41752
-5.36717
-5.35107
-5.33665
-5.23227
-5.18333
-5.20138
-5.3043
-5.51385
-5.69238
-5.85456
-6.28061
-6.31772
-5.79529
-5.30486
0

0
-4.86165
-5.1329
-5.27403
-5.35723
-5.32587
-5.41538
-5.37293
-5.35552
-5.34412
-5.23835
-5.19067
-5.21105
-5.30068
-5.50739
-5.68048
-5.83495
-6.23986
-6.30775
-5.80064
-5.31518
0

0
-4.88946
-5.1991
-5.30709
-5.3874
-5.40446
-5.42616
-5.37683
-5.35479
-5.34464
-5.24246
-5.19795
-5.22523
-5.29417
-5.49347
-5.65824
-5.77282
-6.19121
-6.30694
-5.81045
-5.32583
0

0
-4.92023
-5.27365
-5.34593
-5.41991
-5.49423
-5.44349
-5.37931
-5.34759
-5.33678
-5.24475
-5.20464
-5.23759
-5.28094
-5.47284
-5.6303
-5.74148
-6.14325
-6.31507
-5.82551
-5.33751
0

0
-4.95175
-5.34336
-5.38662
-5.45301
-5.54777
-5.46036
-5.3809
-5.3336
-5.32247
-5.2453
-5.20917
-5.2383
-5.25313
-5.44452
-5.59444
-5.7594
-6.11005
-6.33326
-5.84687
-5.35073
0

0
-4.98221
-5.39923
-5.42495
-5.48507
-5.57364
-5.47715
-5.38291
-5.31444
-5.3059
-5.24472
-5.21044
-5.22427
-5.20453
-5.40553
-5.53197
-5.74206
-6.08735
-6.36193
-5.87593
-5.36591
0

0
-5.01077
-5.44018
-5.45819
-5.51572
-5.58941
-5.49377
-5.38631
-5.2935
-5.29088
-5.24397
-5.20867
-5.1991
-5.13282
-5.34944
-5.40168
-5.51325
-6.04204
-6.39899
-5.91355
-5.38323
0

0
-5.03675
-5.46925
-5.48533
-5.54464
-5.5982
-5.50806
-5.39127
-5.27798
-5.27965
-5.24303
-5.20408
-5.16768
-5.04367
-5.26531
-5.15348
-4.83375
-5.89771
-6.4335
-5.9569
-5.40141
0

0
-5.05542
-5.48488
-5.50189
-5.56692
-5.60782
-5.51738
-5.39379
-5.27242
-5.26896
-5.23683
-5.19254
-5.1316
-4.95642
-5.14004
-4.76984
-3.62911
-5.56912
-6.43959
-5.99171
-5.41308
0

0
-5.04678
-5.46772
-5.48678
-5.5607
-5.61976
-5.50688
-5.37359
-5.2573
-5.23841
-5.20511
-5.15568
-5.07931
-4.89018
-4.96631
-4.34907
-2.31428
-5.09653
-6.37779
-5.98101
-5.39345
0

0
-4.95971
-5.36788
-5.38757
-5.47009
-5.56904
-5.42188
-5.27764
-5.17327
-5.13731
-5.10089
-5.04959
-4.97182
-4.81524
-4.75275
-4.06891
-1.57922
-4.70238
-6.2159
-5.86444
-5.28883
0

0
-4.71956
-5.12026
-5.13477
-5.21646
-5.33119
-5.17439
-5.03194
-4.93828
-4.89851
-4.86322
-4.81591
-4.74772
-4.62739
-4.52083
-3.9215
-1.41895
-4.49529
-5.95302
-5.59405
-5.03477
0

0
0
0
0
0
0
0
0
0
0
0
0
0
0
0
0
0
0
0
0
0
0


0
0
0
0
0
0
0
0
0
0
0
0
0
0
0
0
0
0
0
0
0
0

0
-5.37659
-5.68386
-5.82999
-5.90782
-5.87622
-5.97852
-5.94253
-5.92384
-5.90234
-5.80367
-5.74999
-5.76801
-5.86833
-6.0743
-6.26004
-6.44454
-7.02441
-7.09298
-6.4949
-5.90955
0

0
-4.84063
-5.09103
-5.22813
-5.29925
-5.26689
-5.36562
-5.33175
-5.31717
-5.29933
-5.21212
-5.16746
-5.18669
-5.27869
-5.462
-5.62252
-5.77356
-6.25573
-6.29959
-5.7796
-5.28822
0

0
-4.88286
-5.13705
-5.27627
-5.349
-5.32188
-5.42526
-5.38476
-5.36874
-5.35096
-5.25867
-5.2118
-5.22888
-5.3241
-5.51556
-5.68245
-5.82957
-6.29274
-6.34231
-5.83009
-5.33766
0

0
-4.90196
-5.16412
-5.29573
-5.36867
-5.35087
-5.44606
-5.39971
-5.38088
-5.36413
-5.26944
-5.22196
-5.23695
-5.32782
-5.52041
-5.68514
-5.82688
-6.26075
-6.32891
-5.83506
-5.35066
0

0
-4.92322
-5.20314
-5.31882
-5.39228
-5.37973
-5.45268
-5.40734
-5.38577
-5.37058
-5.27578
-5.22897
-5.24373
-5.32368
-5.51295
-5.66995
-5.80091
-6.21958
-6.32045
-5.84084
-5.36113
0

0
-4.94774
-5.25398
-5.34732
-5.41972
-5.4261
-5.45913
-5.4114
-5.38545
-5.3713
-5.2797
-5.23489
-5.25145
-5.31441
-5.49632
-5.64059
-5.74485
-6.17236
-6.32102
-5.85065
-5.37141
0

0
-4.97507
-5.31238
-5.38065
-5.44976
-5.49003
-5.47245
-5.41436
-5.38047
-5.36636
-5.28202
-5.24009
-5.25785
-5.29899
-5.47157
-5.59922
-5.6778
-6.12066
-6.33107
-5.86583
-5.38264
0

0
-5.00389
-5.37084
-5.41651
-5.481
-5.54884
-5.48966
-5.41718
-5.37114
-5.35679
-5.28317
-5.24396
-5.2579
-5.27356
-5.43796
-5.54406
-5.62228
-6.06985
-6.35055
-5.88723
-5.39549
0

0
-5.03289
-5.42266
-5.45212
-5.51223
-5.5891
-5.50764
-5.42072
-5.35894
-5.34521
-5.28377
-5.24593
-5.24854
-5.23431
-5.39301
-5.46341
-5.55005
-6.0201
-6.37943
-5.91582
-5.41051
0

0
-5.06133
-5.465
-5.48532
-5.54294
-5.61499
-5.52564
-5.42602
-5.34668
-5.33474
-5.28468
-5.24609
-5.23082
-5.18003
-5.33197
-5.3313
-5.35862
-5.95391
-6.41551
-5.95194
-5.42805
0

0
-5.08837
-5.49794
-5.51449
-5.5726
-5.63408
-5.54305
-5.43327
-5.33821
-5.32724
-5.28586
-5.24433
-5.20752
-5.11411
-5.24793
-5.1143
-4.86596
-5.82638
-6.45002
-5.99262
-5.44703
0

0
-5.10907
-5.51791
-5.53404
-5.59599
-5.65028
-5.55578
-5.43777
-5.33355
-5.31892
-5.28216
-5.23618
-5.17833
-5.04505
-5.13401
-4.79921
-3.93846
-5.57715
-6.46097
-6.02469
-5.46015
0

0
-5.10327
-5.50498
-5.52227
-5.59092
-5.65298
-5.54495
-5.41855
-5.3139
-5.28952
-5.25335
-5.20306
-5.13014
-4.97656
-4.9861
-4.43826
-2.79309
-5.19806
-6.41112
-6.01408
-5.44275
0

0
-5.02029
-5.41022
-5.42766
-5.50278
-5.58739
-5.45795
-5.32409
-5.22586
-5.19025
-5.15304
-5.10127
-5.02427
-4.88015
-4.80125
-4.14404
-2.00967
-4.8134
-6.26275
-5.90408
-5.34214
0

0
-4.78655
-5.17043
-5.18284
-5.25708
-5.35445
-5.21675
-5.08466
-4.99513
-4.95672
-4.92104
-4.87281
-4.80266
-4.68077
-4.57344
-3.94667
-1.76931
-4.54721
-6.00208
-5.64427
-5.09536
0

0
0
0
0
0
0
0
0
0
0
0
0
0
0
0
0
0
0
0
0
0
0


0
0
0
0
0
0
0
0
0
0
0
0
0
0
0
0
0
0
0
0
0
0

0
-5.41204
-5.71496
-5.85035
-5.92461
-5.89431
-5.9946
-5.95962
-5.94116
-5.91954
-5.82196
-5.76806
-5.78339
-5.88188
-6.08525
-6.27072
-6.4498
-7.01816
-7.08861
-6.50819
-5.93233
0

0
-4.8762
-5.12343
-5.2448
-5.31089
-5.28375
-5.37388
-5.34134
-5.32641
-5.30875
-5.22455
-5.18043
-5.19674
-5.28367
-5.46036
-5.61671
-5.76171
-6.23086
-6.28078
-5.78338
-5.30518
0

0
-4.92626
-5.18036
-5.30338
-5.37146
-5.34695
-5.44028
-5.4033
-5.38696
-5.36922
-5.28056
-5.2344
-5.24924
-5.33854
-5.52274
-5.68462
-5.82643
-6.28569
-6.34298
-5.8478
-5.36469
0

0
-4.94684
-5.20874
-5.32528
-5.39361
-5.37742
-5.4624
-5.42035
-5.40124
-5.38419
-5.2938
-5.24714
-5.26025
-5.34507
-5.52982
-5.68881
-5.82252
-6.26148
-6.33754
-5.85741
-5.38048
0

0
-4.96724
-5.24456
-5.34773
-5.416
-5.40805
-5.47306
-5.42891
-5.40645
-5.39042
-5.30052
-5.25439
-5.26672
-5.34123
-5.5223
-5.67265
-5.79229
-6.22324
-6.33226
-5.86454
-5.39139
0

0
-4.98984
-5.28934
-5.37404
-5.44139
-5.44819
-5.4804
-5.43321
-5.40606
-5.39081
-5.30419
-5.25964
-5.27215
-5.33093
-5.50459
-5.64068
-5.73448
-6.17712
-6.33427
-5.87464
-5.40136
0

0
-5.01483
-5.34039
-5.40436
-5.46937
-5.50084
-5.49182
-5.43611
-5.4015
-5.38639
-5.30624
-5.26391
-5.27573
-5.31427
-5.47815
-5.59442
-5.65662
-6.1248
-6.34519
-5.88983
-5.41209
0

0
-5.04142
-5.3924
-5.43717
-5.49883
-5.5542
-5.50754
-5.43905
-5.39362
-5.37833
-5.30734
-5.26707
-5.27439
-5.28897
-5.44247
-5.53172
-5.56934
-6.06855
-6.36517
-5.91118
-5.42443
0

0
-5.06874
-5.44034
-5.47048
-5.52886
-5.5965
-5.5252
-5.44308
-5.384
-5.36885
-5.30828
-5.26895
-5.26599
-5.25259
-5.39542
-5.44316
-5.45583
-6.00753
-6.39413
-5.93964
-5.4391
0

0
-5.09635
-5.4817
-5.50279
-5.55923
-5.62701
-5.54378
-5.44934
-5.37538
-5.36077
-5.31005
-5.26989
-5.25115
-5.20471
-5.33314
-5.30905
-5.25014
-5.92908
-6.43018
-5.97563
-5.45672
0

0
-5.12372
-5.51597
-5.53274
-5.58962
-5.65145
-5.563
-5.45826
-5.37092
-5.3559
-5.31281
-5.2699
-5.23199
-5.14829
-5.25054
-5.10457
-4.82614
-5.80201
-6.46542
-6.01637
-5.47656
0

0
-5.14612
-5.53884
-5.55462
-5.61482
-5.67277
-5.57865
-5.46516
-5.36916
-5.3504
-5.31163
-5.26461
-5.20753
-5.08876
-5.14333
-4.82127
-4.06522
-5.58312
-6.47932
-6.04896
-5.49157
0

0
-5.14325
-5.52961
-5.54614
-5.61213
-5.67627
-5.57022
-5.44852
-5.35055
-5.32382
-5.28615
-5.23524
-5.16381
-5.02437
-5.00877
-4.49823
-3.07717
-5.25998
-6.43581
-6.03966
-5.47692
0

0
-5.0643
-5.43911
-5.4555
-5.52676
-5.60678
-5.48453
-5.35685
-5.26315
-5.22768
-5.18992
-5.13785
-5.0617
-4.92486
-4.83924
-4.21502
-2.29051
-4.90577
-6.29564
-5.93307
-5.38
0

0
-4.83682
-5.20588
-5.21726
-5.28738
-5.37758
-5.24882
-5.12322
-5.0374
-4.99957
-4.96358
-4.91483
-4.84423
-4.72442
-4.61422
-3.99622
-1.96024
-4.6168
-6.04001
-5.6806
-5.1397
0

0
0
0
0
0
0
0
0
0
0
0
0
0
0
0
0
0
0
0
0
0
0


0
0
0
0
0
0
0
0
0
0
0
0
0
0
0
0
0
0
0
0
0
0

0
-5.31342
-5.57223
-5.70326
-5.77476
-5.74464
-5.84262
-5.80879
-5.79107
-5.77012
-5.67522
-5.62269
-5.63749
-5.73338
-5.93145
-6.11237
-6.28605
-6.84042
-6.90789
-6.34324
-5.78482
0

0
-4.85659
-5.06704
-5.18694
-5.25178
-5.22417
-5.31387
-5.28195
-5.26743
-5.25002
-5.16676
-5.12301
-5.139
-5.22504
-5.39992
-5.55505
-5.69813
-6.16313
-6.21146
-5.71985
-5.24835
0

0
-4.90224
-5.11823
-5.23979
-5.30645
-5.28158
-5.37459
-5.33819
-5.32232
-5.30485
-5.21733
-5.17165
-5.18615
-5.27454
-5.45654
-5.61704
-5.75705
-6.21108
-6.26568
-5.77734
-5.30206
0

0
-4.92242
-5.14565
-5.26103
-5.32795
-5.31111
-5.39641
-5.35502
-5.33649
-5.31971
-5.23042
-5.18421
-5.19699
-5.28125
-5.46401
-5.62208
-5.75496
-6.18875
-6.26062
-5.78682
-5.31747
0

0
-4.94231
-5.18019
-5.28261
-5.34959
-5.34019
-5.4065
-5.36338
-5.34168
-5.32596
-5.23699
-5.19128
-5.2033
-5.27776
-5.45718
-5.60732
-5.72757
-6.15259
-6.25526
-5.79357
-5.32797
0

0
-4.96436
-5.22363
-5.30791
-5.37412
-5.37886
-5.41327
-5.36754
-5.34144
-5.32652
-5.24059
-5.19639
-5.20872
-5.26811
-5.44052
-5.57739
-5.67289
-6.1087
-6.25676
-5.80307
-5.33752
0

0
-4.98878
-5.27344
-5.33717
-5.4012
-5.43047
-5.42403
-5.37025
-5.33709
-5.32232
-5.24255
-5.20055
-5.21257
-5.25249
-5.41551
-5.53399
-5.59878
-6.05859
-6.26668
-5.81735
-5.34773
0

0
-5.01476
-5.32446
-5.36892
-5.42972
-5.48312
-5.439
-5.37289
-5.32938
-5.3144
-5.24352
-5.20362
-5.21176
-5.22865
-5.38178
-5.47561
-5.51785
-6.00489
-6.28519
-5.83741
-5.35942
0

0
-5.04141
-5.37161
-5.40122
-5.45875
-5.52487
-5.45588
-5.37645
-5.31971
-5.30484
-5.24419
-5.20539
-5.204
-5.19411
-5.33745
-5.39425
-5.41748
-5.94786
-6.31236
-5.86419
-5.37326
0

0
-5.0683
-5.41232
-5.43255
-5.48802
-5.55474
-5.47361
-5.38202
-5.3106
-5.29637
-5.24555
-5.20615
-5.18977
-5.14809
-5.27901
-5.2719
-5.24022
-5.87737
-6.34691
-5.8983
-5.38988
0

0
-5.09516
-5.44634
-5.46193
-5.51754
-5.57824
-5.4921
-5.39037
-5.30539
-5.29115
-5.24814
-5.20624
-5.17128
-5.09306
-5.20159
-5.0837
-4.86652
-5.76561
-6.38276
-5.938
-5.40905
0

0
-5.1188
-5.47119
-5.48546
-5.54398
-5.59965
-5.50882
-5.39861
-5.30445
-5.28711
-5.24872
-5.20289
-5.14886
-5.03476
-5.10082
-4.81593
-4.15907
-5.56843
-6.40296
-5.97338
-5.42576
0

0
-5.12334
-5.47082
-5.48568
-5.54972
-5.61007
-5.50833
-5.39004
-5.29322
-5.26835
-5.23127
-5.18142
-5.11233
-4.97499
-4.97447
-4.49945
-3.17953
-5.26185
-6.37484
-5.97587
-5.42002
0

0
-5.06421
-5.40164
-5.4167
-5.48651
-5.56294
-5.44432
-5.31922
-5.22604
-5.19199
-5.15466
-5.10311
-5.02799
-4.89087
-4.81713
-4.21533
-2.34577
-4.90953
-6.25842
-5.89342
-5.34457
0

0
-4.869
-5.20025
-5.21129
-5.28134
-5.37056
-5.24261
-5.1178
-5.0323
-4.99445
-4.95843
-4.90957
-4.83888
-4.71906
-4.60988
-4.00373
-1.97878
-4.62074
-6.0297
-5.67276
-5.13604
0

0
0
0
0
0
0
0
0
0
0
0
0
0
0
0
0
0
0
0
0
0
0


0
0
0
0
0
0
0
0
0
0
0
0
0
0
0
0
0
0
0
0
0
0

0
0
0
0
0
0
0
0
0
0
0
0
0
0
0
0
0
0
0
0
0
0

0
0
0
0
0
0
0
0
0
0
0
0
0
0
0
0
0
0
0
0
0
0

0
0
0
0
0
0
0
0
0
0
0
0
0
0
0
0
0
0
0
0
0
0

0
0
0
0
0
0
0
0
0
0
0
0
0
0
0
0
0
0
0
0
0
0

0
0
0
0
0
0
0
0
0
0
0
0
0
0
0
0
0
0
0
0
0
0

0
0
0
0
0
0
0
0
0
0
0
0
0
0
0
0
0
0
0
0
0
0

0
0
0
0
0
0
0
0
0
0
0
0
0
0
0
0
0
0
0
0
0
0

0
0
0
0
0
0
0
0
0
0
0
0
0
0
0
0
0
0
0
0
0
0

0
0
0
0
0
0
0
0
0
0
0
0
0
0
0
0
0
0
0
0
0
0

0
0
0
0
0
0
0
0
0
0
0
0
0
0
0
0
0
0
0
0
0
0

0
0
0
0
0
0
0
0
0
0
0
0
0
0
0
0
0
0
0
0
0
0

0
0
0
0
0
0
0
0
0
0
0
0
0
0
0
0
0
0
0
0
0
0

0
0
0
0
0
0
0
0
0
0
0
0
0
0
0
0
0
0
0
0
0
0

0
0
0
0
0
0
0
0
0
0
0
0
0
0
0
0
0
0
0
0
0
0

0
0
0
0
0
0
0
0
0
0
0
0
0
0
0
0
0
0
0
0
0
0

0
0
0
0
0
0
0
0
0
0
0
0
0
0
0
0
0
0
0
0
0
0


