0
0
0
0.0189389
0
0
0
0
0
0
0
0
0
0
0
0
-0.00246258
0
0
0
0
0

0
0.000829577
-0.000943438
-0.021868
0.0252949
0.00873638
-0.00485146
-0.000136211
0.000245184
0.00279543
0.0513542
-0.0519974
-0.00417891
-0.000998321
-0.000455661
-0.0142075
-0.000341134
-0.00137135
-0.00065375
-0.00105238
0.00224594
0

0
0.0013169
-0.000647219
-0.0479288
0.0562137
0.00939098
-0.0025687
9.18571e-05
0.000396185
0.00382688
0.0350524
-0.0414202
-0.0053787
-0.00144364
-0.000911171
-0.00312658
-0.00109304
-0.000187369
-0.00189934
-0.00142527
-0.00270293
0

0
0.00188879
0.00149452
-0.0824304
0.101747
0.00808757
-0.000823988
0.000384928
0.000484274
0.00381991
0.020161
-0.0275948
-0.005094
-0.00176164
-0.00129826
-0.00238402
-0.00109304
-0.000738944
-0.00183734
-0.00139543
-0.00310822
0

0
0.0024936
0.00630396
0.0974562
0.00246154
0.00101468
0.000326657
0.000677867
0.000478793
0.00272455
0.00754942
-0.0152187
-0.00438134
-0.00143847
-0.00162244
-0.00213172
-0.00152257
-0.00115448
-0.00189218
-0.00223296
-0.00246296
0

0
0.00297661
0.00840824
0.0679633
-0.0305447
0.00141406
0.00121132
0.000939085
0.000639293
0.00215151
-0.00353386
-0.00421988
-0.00245203
0
-0.00195009
-0.00209744
-0.00174256
-0.00148939
-0.00200615
-0.00221205
-0.00227716
-0.00183523

0
0.00328593
0.00864005
0.0470812
-0.0185244
0.00163456
0.00182841
0.00114564
0.0007586
0.00117884
-0.0149753
0.0105014
-0.00452458
-0.00208748
-0.00214613
-0.00216296
-0.00196079
-0.00177361
-0.00216022
-0.00225519
-0.00225488
0

0
0.00342828
0.00771378
0.0327045
-0.010164
0.00183274
0.0022448
0.00127625
0.000870267
0.000488333
-0.0284492
0.0234219
-0.00376901
-0.00260273
-0.00235557
-0.00227768
-0.00218274
-0.00202488
-0.00235543
-0.0023373
-0.00231718
0

0
0.0034447
0.00585432
0.0228318
-0.00643386
0.0038146
0.00256865
0.00123507
0.00111483
0.00130836
-0.0457702
0.0401628
-0.00563511
-0.00301168
-0.00254606
-0.00241399
-0.0024123
-0.00225403
-0.00289148
-0.00243846
-0.00242577
0

0
0.00341011
0.00271034
0.0164679
-0.00264025
0.00384639
0.00270009
0.00122989
0.00128218
0.00346247
0.0488556
-0.0532478
-0.00753942
-0.00351971
-0.00275431
-0.00255383
-0.00265413
-0.00248341
-0.00270098
-0.002571
-0.00256091
0

0
0.00339497
-0.0185244
0.0145192
-0.000196113
0.00382804
0.00272455
0.00116363
0.00139847
0.00480442
0.0320865
-0.0374811
-0.00755836
-0.00389907
-0.0029219
-0.00268907
-0.00291315
-0.00269566
-0.00284849
-0.00270293
-0.00271156
0

0
0.00273175
0.000718792
0.0103509
0.00135664
0.00379349
0.00266066
0.001018
0.00144144
0.00552411
0.0194821
-0.0266091
-0.00176164
-0.0041944
-0.00308346
-0.00280573
-0.00319528
-0.00289148
-0.00303005
-0.00283029
-0.00287171
0

0
0.00212238
0.00246154
-0.00341011
0.00231685
0.00376021
0.00248847
0.000825534
0.00379349
0.00626879
0
-0.0187817
-0.00578163
-0.00412172
-0.00322008
-0.00288799
-0.00350142
-0.00306965
-0.00323911
-0.00294549
-0.00303803
0

0
0.00152388
0.00214196
0.00511919
0.00252171
0.00373947
0.000677867
0.00103516
0.00584098
-0.000447363
0.0065634
-0.0142075
-0.00563511
-0.00404956
-0.00334036
-0.00291361
-0.00380575
-0.00322731
-0.00347876
-0.00303906
-0.00320903
0

0
0.000908649
0.00128584
0.00494707
0.00254673
0.003729
0.00243768
0.00103172
0.00348878
-9.83449e-05
0.00472385
-0.0112201
-0.00535099
-0.00397472
-0.00345244
-0.00284751
-0.00384982
-0.00338421
-0.00375563
-0.00310219
-0.00338315
0

0
0.000908649
0.00128584
0.00494707
0.00254673
0.003729
0.00243768
0.00103172
0.00348878
-9.83449e-05
0.00472385
-0.0112201
-0.00535099
-0.00397472
-0.00345244
-0.00284751
-0.00384982
-0.00338421
-0.00375563
-0.00310219
-0.00338315
0

0
0
0
0
0
0
0
0
0
-0.0368015
0
0
0
0
0
0
0
0
-0.00210862
0
0
0


0
0
0
0
0
0
0
0
0
0
0
0
0
0
0
0
0
0
0
0
0
0

-0.000829577
0.000829577
-0.000943438
-0.021868
0.0252949
0.00873638
-0.00485146
-0.000136211
0.000245184
0.00279543
0.0513542
-0.0519974
-0.00417891
-0.000998321
-0.000455661
-0.0142075
-0.000341134
-0.00137135
-0.00065375
-0.00105238
0.00224594
0.00224594

-0.0013169
0.0013169
-0.000647219
-0.0479288
0.0562137
0.00939098
-0.0025687
9.18571e-05
0.000396185
0.00382688
0.0350524
-0.0414202
-0.0053787
-0.00144364
-0.000911171
-0.00312658
-0.00109304
-0.000187369
-0.00189934
-0.00142527
-0.00270293
-0.00418824

-0.00188879
0.00188879
0.00149452
-0.0824304
0.101747
0.00808757
-0.000823988
0.000384928
0.000484274
0.00381991
0.020161
-0.0275948
-0.005094
-0.00176164
-0.00129826
-0.00238402
-0.00109304
-0.000738944
-0.00183734
-0.00139543
-0.00310822
-0.00310822

-0.0024936
0.0024936
0.00630396
0.0974562
0.00246154
0.00101468
0.000326657
0.000677867
0.000478793
0.00272455
0.00754942
-0.0152187
-0.00438134
-0.00143847
-0.00162244
-0.00213172
-0.00152257
-0.00115448
-0.00189218
-0.00223296
-0.00246296
-0.00246296

-0.00297661
0.00297661
0.00840824
0.0679633
-0.0305447
0.00141406
0.00121132
0.000939085
0.000639293
0.00215151
-0.00353386
-0.00421988
-0.00245203
0
-0.00195009
-0.00209744
-0.00174256
-0.00148939
-0.00200615
-0.00221205
-0.00227716
-0.00256091

-0.00328593
0.00328593
0.00864005
0.0470812
-0.0185244
0.00163456
0.00182841
0.00114564
0.0007586
0.00117884
-0.0149753
0.0105014
-0.00452458
-0.00208748
-0.00214613
-0.00216296
-0.00196079
-0.00177361
-0.00216022
-0.00225519
-0.00225488
-0.00225488

-0.00342828
0.00342828
0.00771378
0.0327045
-0.010164
0.00183274
0.0022448
0.00127625
0.000870267
0.000488333
-0.0284492
0.0234219
-0.00376901
-0.00260273
-0.00235557
-0.00227768
-0.00218274
-0.00202488
-0.00235543
-0.0023373
-0.00231718
-0.00231718

-0.0034447
0.0034447
0.00585432
0.0228318
-0.00643386
0.0038146
0.00256865
0.00123507
0.00111483
0.00130836
-0.0457702
0.0401628
-0.00563511
-0.00301168
-0.00254606
-0.00241399
-0.0024123
-0.00225403
-0.00289148
-0.00243846
-0.00242577
-0.00242577

-0.00341011
0.00341011
0.00271034
0.0164679
-0.00264025
0.00384639
0.00270009
0.00122989
0.00128218
0.00346247
0.0488556
-0.0532478
-0.00753942
-0.00351971
-0.00275431
-0.00255383
-0.00265413
-0.00248341
-0.00270098
-0.002571
-0.00256091
-0.00256091

-0.00339497
0.00339497
-0.0185244
0.0145192
-0.000196113
0.00382804
0.00272455
0.00116363
0.00139847
0.00480442
0.0320865
-0.0374811
-0.00755836
-0.00389907
-0.0029219
-0.00268907
-0.00291315
-0.00269566
-0.00284849
-0.00270293
-0.00271156
-0.00271156

-0.00273175
0.00273175
0.000718792
0.0103509
0.00135664
0.00379349
0.00266066
0.001018
0.00144144
0.00552411
0.0194821
-0.0266091
-0.00176164
-0.0041944
-0.00308346
-0.00280573
-0.00319528
-0.00289148
-0.00303005
-0.00283029
-0.00287171
-0.00287171

-0.00212238
0.00212238
0.00246154
-0.00341011
0.00231685
0.00376021
0.00248847
0.000825534
0.00379349
0.00626879
0
-0.0187817
-0.00578163
-0.00412172
-0.00322008
-0.00288799
-0.00350142
-0.00306965
-0.00323911
-0.00294549
-0.00303803
-0.00303803

-0.00152388
0.00152388
0.00214196
0.00511919
0.00252171
0.00373947
0.000677867
0.00103516
0.00584098
-0.000447363
0.0065634
-0.0142075
-0.00563511
-0.00404956
-0.00334036
-0.00291361
-0.00380575
-0.00322731
-0.00347876
-0.00303906
-0.00320903
-0.00320903

-0.000908649
0.000908649
0.00128584
0.00494707
0.00254673
0.003729
0.00243768
0.00103172
0.00348878
-9.83449e-05
0.00472385
-0.0112201
-0.00535099
-0.00397472
-0.00345244
-0.00284751
-0.00384982
-0.00338421
-0.00375563
-0.00310219
-0.00338315
-0.00338315

0.000202595
0.000908649
0.00128584
0.00494707
0.00254673
0.003729
0.00243768
0.00103172
0.00348878
-9.83449e-05
0.00472385
-0.0112201
-0.00535099
-0.00397472
-0.00345244
-0.00284751
-0.00384982
-0.00338421
-0.00375563
-0.00310219
-0.00338315
-0.00235039

0
0
0
0
0
0
0
0
0
-0.0275948
0
0
0
0
0
0
0
0
-0.00265413
0
0
0


0
0
0
0
0
0
0
0
0
0
0
0
0
0
0
0
0
0
0
0
0
0

-0.000830572
0.000830572
-0.00177724
-0.0112898
0.0116685
0.0172516
-0.00026747
0.000130496
0.00028256
0.00164103
0.0309573
-0.0200908
-0.00279858
-0.000952767
-0.00062502
0.00425301
-0.000595731
-0.000940495
-0.000984195
-0.00113455
-0.0116954
-0.0116954

-0.00131038
0.00131038
-6.90707e-05
-0.0203232
0.014851
0.023579
0.000998847
0.000392657
0.000268895
0.00216588
0.00311427
-0.0225751
-0.00408514
-0.00140456
-0.000947964
-0.000129894
-0.000983009
-0.000780001
-0.00145009
-0.00124244
0.00764669
0.00764669

-0.00184779
0.00184779
0.00205607
-0.0177669
-0.0153761
0.020247
0.00204819
0.000676396
0.000445522
0.00169616
0.00709332
-0.0175563
-0.00446506
-0.00178608
-0.001289
-0.00131107
-0.00129099
-0.000992112
-0.00164254
-0.00145582
0.000904597
0.000904597

-0.00239055
0.00239055
0.0051989
0.0325322
-0.0119136
0.0145462
0.0026349
0.000931813
0.000529533
-0.000385243
0.00305296
-0.0108263
-0.0047069
-0.00214948
-0.00160454
-0.00170356
-0.00150487
-0.00127083
-0.00179071
-0.0018421
-0.00102256
-0.00102256

-0.0028354
0.0028354
0.00701241
0.0374728
-0.0132023
0.0103022
0.00293385
0.00113783
0.000639375
0.000950555
-0.00271779
-0.00381562
-0.0024748
-0.00313513
-0.00190237
-0.00190736
-0.00172493
-0.00154447
-0.00193838
-0.00202326
-0.00168233
-0.00168233

-0.0031342
0.0031342
0.00755009
0.031786
-0.00949161
0.00755925
0.00306457
0.00128311
0.00073261
0.00157364
-0.00865055
0.00349079
-0.00332122
-0.00266528
-0.00212192
-0.00207067
-0.00194521
-0.00179817
-0.00209033
-0.00215629
-0.00198473
-0.00198473

-0.00328575
0.00328575
0.00726644
0.0243804
-0.00560194
0.0059609
0.00310579
0.00135778
0.000805057
-0.000285121
-0.0132763
0.00840626
-0.00336167
-0.00278978
-0.00233235
-0.00222916
-0.00216755
-0.0020298
-0.00222878
-0.00228297
-0.00218461
-0.00218461

-0.00331678
0.00331678
0.00669662
0.0170714
-0.00295446
0.00542709
0.00310716
0.00134683
0.000886191
0.00101207
-0.0115844
0.00688109
-0.00338474
-0.00306986
-0.0025335
-0.00238774
-0.0023956
-0.00223363
-0.00227603
-0.00241273
-0.00235665
-0.00235665

-0.00326307
0.00326307
0.00691709
0.00813639
-0.000802192
0.00489192
0.00305093
0.00128971
0.000862603
0.00255625
0.0144799
-0.018808
-0.00622204
-0.00346043
-0.00273049
-0.00254334
-0.00263468
-0.00251221
-0.00258139
-0.00255646
-0.00252323
-0.00252323

-0.00311223
0.00311223
0.0115745
0.019519
0.00106553
0.00448629
0.00296062
0.00114605
0.000550992
0.00349621
0.0169808
-0.0212573
-0.00813825
-0.0038002
-0.00290802
-0.00269176
-0.00289365
-0.00269921
-0.00279265
-0.00270071
-0.00269062
-0.00269062

-0.0026272
0.0026272
0.0053713
0.0127222
0.00204102
0.00419541
0.00286123
0.000814101
-0.000546529
0.00378929
0.0149364
-0.0181858
-0.0117556
-0.00406113
-0.00306884
-0.0028272
-0.00319568
-0.00288693
-0.00298861
-0.0028424
-0.00286031
-0.00286031

-0.00207522
0.00207522
0.00365653
0.0113043
0.00261562
0.00399624
0.00280281
0.00131456
-0.00410608
0.00333081
0.0160834
-0.0143406
-0.00434343
-0.00396288
-0.0032074
-0.00294416
-0.00361399
-0.00306041
-0.003188
-0.00297943
-0.00303251
-0.00303251

-0.00149766
0.00149766
0.00265195
0.0063634
0.00272193
0.00386883
0.00296969
0.00113818
0.000746212
0.00118395
0.00799838
-0.0115364
-0.00509527
-0.00394768
-0.00333195
-0.00304028
-0.0043452
-0.00319907
-0.00339269
-0.00311278
-0.003207
-0.003207

-0.000896416
0.000896416
0.00182916
0.00538116
0.00266622
0.00380072
0.00265313
0.00103134
0.0012416
0.000413721
0.00468056
-0.00952655
-0.00505064
-0.00390615
-0.00344802
-0.00313701
-0.00278326
-0.00320688
-0.00358986
-0.00325474
-0.00338368
-0.00338368

0.000204352
0.000896416
0.00182916
0.00538116
0.00266622
0.00380072
0.00265313
0.00103134
0.0012416
0.000413721
0.00468056
-0.00952655
-0.00505064
-0.00390615
-0.00344802
-0.00313701
-0.00278326
-0.00320688
-0.00358986
-0.00325474
-0.00338368
-0.00235462

0
0
0
0
0
0
0
0
0
0
0
0
0
0
0
0
0
0
0
0
0
0


0
0
0
0
0
0
0
0
0
0
0
0
0
0
0
0
0
0
0
0
0
0

-0.000838204
0.000838204
-3.07845e-05
-0.0044818
0.00707512
0.0378603
0.00201544
0.000305626
0.000178767
0.000879833
0.00942486
-0.00885169
-0.00198148
-0.000909644
-0.000702725
0.000752065
-0.000753938
-0.000884167
-0.00102732
-0.00108181
-0.00323269
-0.00323269

-0.00129959
0.00129959
0.000850834
-0.00656265
0.00776964
0.0476376
0.00388813
0.000650079
0.000308263
0.0012106
0.00433096
-0.0119253
-0.00306347
-0.00134671
-0.00098069
-0.000267153
-0.000994204
-0.000964799
-0.00130864
-0.00122009
0.0010206
0.0010206

-0.00179171
0.00179171
0.00241463
-0.00160855
-0.000800482
0.0383171
0.00470281
0.000950396
0.000438737
0.00102007
0.00335733
-0.0106907
-0.00355308
-0.00174058
-0.00128397
-0.00102803
-0.00125001
-0.00113927
-0.00152472
-0.00142878
0.000126154
0.000126154

-0.00227159
0.00227159
0.00441641
0.0152846
-0.00287988
0.0274121
0.00481449
0.00118274
0.000533915
0.000443264
0.00111613
-0.00752818
-0.00362214
-0.00212099
-0.0015781
-0.00147567
-0.00148197
-0.00136158
-0.00170763
-0.00168995
-0.000836757
-0.000836757

-0.00267189
0.00267189
0.00583551
0.0213622
-0.00382348
0.0189459
0.00460035
0.00134531
0.000623079
0.000624883
-0.00184443
-0.00379088
-0.00308843
-0.00255364
-0.00185157
-0.00176483
-0.0017066
-0.00159598
-0.00187788
-0.00189851
-0.001439
-0.001439

-0.00295202
0.00295202
0.00648682
0.0209126
-0.00293891
0.0132178
0.00428194
0.0014422
0.00069214
0.000727874
-0.00457646
-0.00037255
-0.00322543
-0.00264408
-0.00208689
-0.00198589
-0.00192807
-0.00182664
-0.00204218
-0.00207219
-0.00181402
-0.00181402

-0.00310331
0.00310331
0.00657791
0.0178496
-0.00145476
0.00960991
0.00396334
0.00147713
0.000730973
0.000428511
-0.00578334
0.00116415
-0.00346577
-0.0028164
-0.00230406
-0.00217869
-0.00214933
-0.00204851
-0.00219841
-0.00223057
-0.00207807
-0.00207807

-0.00313698
0.00313698
0.00646669
0.0141435
-0.000115212
0.00747384
0.00368183
0.00145318
0.000738136
0.000984163
-0.00320179
-0.0012082
-0.00403047
-0.00306833
-0.00250936
-0.00235819
-0.00237352
-0.0022633
-0.00234601
-0.00238444
-0.00229197
-0.00229197

-0.00306535
0.00306535
0.00662102
0.0110403
0.00104715
0.00611318
0.00343363
0.00138314
0.00064559
0.00183512
0.0054478
-0.00946503
-0.00544071
-0.00337059
-0.00270429
-0.00252872
-0.00260444
-0.00248905
-0.0025569
-0.00254052
-0.00248405
-0.00248405

-0.00287016
0.00287016
0.00730033
0.0124835
0.00203404
0.00522857
0.00321834
0.00126854
0.000346859
0.00241081
0.00868407
-0.0124744
-0.00665276
-0.00364231
-0.00288372
-0.00269058
-0.00284662
-0.0026899
-0.00275851
-0.00269649
-0.00266695
-0.00266695

-0.00247743
0.00247743
0.00534853
0.0104251
0.00261354
0.00464639
0.00304082
0.00113713
-0.00027806
0.00253334
0.00902385
-0.0121742
-0.00744969
-0.00382706
-0.0030458
-0.00284258
-0.00310649
-0.00287953
-0.00295264
-0.00285132
-0.00284632
-0.00284632

-0.00198755
0.00198755
0.00392539
0.00864027
0.00289341
0.00426428
0.00291414
0.00118485
-0.00111033
0.00213712
0.00861413
-0.0106431
-0.00558081
-0.00384945
-0.00318919
-0.00298438
-0.00338403
-0.00305612
-0.00314401
-0.00300533
-0.00302474
-0.00302474

-0.00144575
0.00144575
0.00286807
0.0062328
0.00290788
0.00402152
0.00284237
0.00111428
-2.06528e-05
0.00118475
0.00569666
-0.00910976
-0.0051407
-0.00385082
-0.00331894
-0.00311979
-0.00361139
-0.00321373
-0.00333199
-0.00316167
-0.00320341
-0.00320341

-0.000867308
0.000867308
0.00200862
0.00470487
0.0027759
0.00388649
0.00267598
0.00100507
0.000262997
0.000459692
0.00352835
-0.00784999
-0.00487302
-0.0038308
-0.00343982
-0.00326548
-0.0033535
-0.003353
-0.00350897
-0.00332915
-0.00338294
-0.00338294

0.000216225
0.000867308
0.00200862
0.00470487
0.0027759
0.00388649
0.00267598
0.00100507
0.000262997
0.000459692
0.00352835
-0.00784999
-0.00487302
-0.0038308
-0.00343982
-0.00326548
-0.0033535
-0.003353
-0.00350897
-0.00332915
-0.00338294
-0.00235768

0
0
0
0
0
0
0
0
0
0
0
0
0
0
0
0
0
0
0
0
0
0


0
0
0
0
0
0
0
0
0
0
0
0
0
0
0
0
0
0
0
0
0
0

-0.000836165
0.000836165
0.000616277
-0.000960197
0.00794899
0.106563
0.00320436
0.000407199
0.000141556
0.000442806
0.00308254
-0.00441382
-0.00148808
-0.000868083
-0.000740052
-0.000271321
-0.000815496
-0.000892494
-0.00101982
-0.0010445
-0.00139256
-0.00139256

-0.00127425
0.00127425
0.00136676
-0.000661181
0.00893935
0.0869822
0.0061101
0.00083509
0.000296133
0.000686665
0.00238567
-0.00655873
-0.00234859
-0.00127754
-0.00100152
-0.000605133
-0.00101977
-0.0010402
-0.00124896
-0.00121203
-0.000449248
-0.000449248

-0.00172129
0.00172129
0.00252089
0.00279771
0.00555537
0.060798
0.00683738
0.0011622
0.000423613
0.000657929
0.00155562
-0.00657533
-0.00284799
-0.00165383
-0.00127963
-0.00103885
-0.00124575
-0.00121822
-0.00145853
-0.0014064
-0.000565482
-0.000565482

-0.00214517
0.00214517
0.00386152
0.00953398
0.00318272
0.0401414
0.00655406
0.00138381
0.000520865
0.000484843
0.000277542
-0.00529793
-0.00304353
-0.00200154
-0.00155432
-0.00140149
-0.00147104
-0.00142101
-0.00165099
-0.00162278
-0.00100088
-0.00100088

-0.00250086
0.00250086
0.00492782
0.0134126
0.00179342
0.0264172
0.00592655
0.00151706
0.000597671
0.000475273
-0.00121906
-0.00355072
-0.00302347
-0.0023204
-0.00181405
-0.00168896
-0.00169311
-0.00163497
-0.00183296
-0.00182681
-0.00141645
-0.00141645

-0.00275607
0.00275607
0.00554553
0.0142138
0.00142093
0.0177889
0.00525613
0.00157987
0.000649936
0.000498127
-0.00240898
-0.00206876
-0.00316252
-0.0025392
-0.00205146
-0.00192741
-0.00191254
-0.00185066
-0.00200868
-0.00201377
-0.00175041
-0.00175041

-0.00289814
0.00289814
0.00577745
0.0131962
0.00162675
0.012466
0.004658
0.00158595
0.000670724
0.000523022
-0.00258364
-0.00168812
-0.00345593
-0.00275753
-0.0022719
-0.0021375
-0.00213073
-0.0020637
-0.00218049
-0.0021889
-0.00201924
-0.00201924

-0.00292782
0.00292782
0.00579478
0.0114933
0.00202908
0.009205
0.00416162
0.00154553
0.000650809
0.000837456
-0.00097385
-0.00312874
-0.00398158
-0.00300024
-0.00247911
-0.00233078
-0.00234943
-0.00227372
-0.0023536
-0.00235796
-0.00224756
-0.00224756

-0.00284712
0.00284712
0.005763
0.0100018
0.00247088
0.00717073
0.00375932
0.00146903
0.000556677
0.00129098
0.00237206
-0.00625595
-0.00478177
-0.00325508
-0.00267386
-0.00251261
-0.00257028
-0.00248284
-0.0025441
-0.00252504
-0.00245303
-0.00245303

-0.00264623
0.00264623
0.00562281
0.00954184
0.00286478
0.00587817
0.00343685
0.00136688
0.000349054
0.00160866
0.00437648
-0.00808148
-0.00547061
-0.00348121
-0.00285405
-0.00268512
-0.00279407
-0.00268215
-0.00273611
-0.00269088
-0.00264619
-0.00264619

-0.00230758
0.00230758
0.00470721
0.00837161
0.0030925
0.005044
0.00318238
0.00126177
2.84014e-05
0.00164769
0.0049778
-0.00842221
-0.00576275
-0.0036416
-0.00301818
-0.00284926
-0.00301889
-0.00287247
-0.00292542
-0.00285594
-0.00283298
-0.00283298

-0.00187152
0.00187152
0.00371584
0.00701569
0.00315236
0.00450283
0.00298657
0.00119588
-0.000255274
0.00136961
0.00468123
-0.007917
-0.00525703
-0.00371414
-0.00316625
-0.00300655
-0.00323291
-0.00305349
-0.00311148
-0.00302133
-0.00301669
-0.00301669

-0.00137042
0.00137042
0.00280752
0.00548972
0.00306312
0.00415912
0.00283244
0.00110552
-7.67e-05
0.000825334
0.00342065
-0.0071598
-0.00490696
-0.003745
-0.00330141
-0.0031612
-0.00339778
-0.00322541
-0.00329283
-0.00318965
-0.00319915
-0.00319915

-0.00082171
0.00082171
0.00198548
0.0041676
0.0028733
0.00396194
0.00267983
0.000985121
-6.62004e-05
0.000252466
0.00212054
-0.00641469
-0.00463726
-0.00374905
-0.00342738
-0.00332321
-0.00345021
-0.00339587
-0.00346582
-0.00336551
-0.00338137
-0.00338137

0.000236447
0.00082171
0.00198548
0.0041676
0.0028733
0.00396194
0.00267983
0.000985121
-6.62004e-05
0.000252466
0.00212054
-0.00641469
-0.00463726
-0.00374905
-0.00342738
-0.00332321
-0.00345021
-0.00339587
-0.00346582
-0.00336551
-0.00338137
-0.00235972

0
0
0
0
0
0
0
0
0
0
0
0
0
0
0
0
0
0
0
0
0
0


0
0
0
0
0
1
0
0
0
0
0
0
0
0
0
0
0
0
0
0
0
0

-0.00082215
0.00082215
0.000853738
0.000642168
0.0124709
0.402559
0.00238471
0.00042285
0.000120086
0.000207771
0.00100064
-0.00246414
-0.0011828
-0.000830065
-0.000755112
-0.000601788
-0.000841571
-0.000905902
-0.00100787
-0.0010279
-0.00102044
-0.00102044

-0.00123438
0.00123438
0.00156276
0.00163738
0.011313
0.173411
0.00728877
0.000929532
0.000273335
0.00038086
0.00100045
-0.00385584
-0.00186954
-0.00120935
-0.0010101
-0.000810427
-0.00103909
-0.00107722
-0.00121795
-0.00120503
-0.000851532
-0.000851532

-0.00164077
0.00164077
0.00245994
0.00387147
0.00874285
0.0866863
0.0080205
0.00128143
0.000398786
0.000413378
0.000565963
-0.00422338
-0.00234508
-0.00156254
-0.00127297
-0.00110239
-0.00125107
-0.00126109
-0.00142044
-0.0013926
-0.000928332
-0.000928332

-0.00201698
0.00201698
0.00341968
0.00705337
0.00650528
0.0494095
0.00749745
0.00150079
0.000494971
0.000369673
-0.000126145
-0.00384687
-0.002631
-0.00188657
-0.00153338
-0.00139328
-0.00146769
-0.00145752
-0.00161439
-0.00159069
-0.00117709
-0.00117709

-0.00233186
0.00233186
0.00422345
0.00932602
0.00493445
0.0306998
0.00665228
0.0016197
0.000564929
0.000355149
-0.0008746
-0.00315783
-0.0028053
-0.00217856
-0.00178326
-0.00165671
-0.00168443
-0.00166146
-0.00180163
-0.00178724
-0.00146993
-0.00146993

-0.00256032
0.00256032
0.00475216
0.0101949
0.0040357
0.0202301
0.00580423
0.00166474
0.000608068
0.000374278
-0.00138304
-0.00260345
-0.00301388
-0.00242895
-0.00201815
-0.00189272
-0.00189981
-0.00186797
-0.00198433
-0.00197674
-0.00174811
-0.00174811

-0.00268877
0.00268877
0.00500743
0.00999142
0.00361671
0.0140111
0.0050623
0.00165548
0.000619758
0.000445516
-0.00131864
-0.00260523
-0.00331254
-0.00266564
-0.00223874
-0.00210785
-0.00211374
-0.00207399
-0.00216468
-0.00215925
-0.00199834
-0.00199834

-0.00271269
0.00271269
0.00505634
0.00923975
0.00346936
0.0102003
0.00445116
0.00160549
0.000593511
0.000631652
-0.000451016
-0.00340537
-0.00373125
-0.00290151
-0.0024463
-0.00230798
-0.00232662
-0.00227821
-0.00234588
-0.00233686
-0.00222431
-0.00222431

-0.00263058
0.00263058
0.00495812
0.00840277
0.00345408
0.0078124
0.00396128
0.00152563
0.000514964
0.000867673
0.000998088
-0.00477311
-0.00423679
-0.00313034
-0.00264102
-0.00249687
-0.00253864
-0.00247989
-0.00253206
-0.00251168
-0.00243316
-0.00243316

-0.00243891
0.00243891
0.00468087
0.00773236
0.00347469
0.00628868
0.0035734
0.00142617
0.000372875
0.00102329
0.002072
-0.00578231
-0.00466079
-0.00333126
-0.00282194
-0.00267671
-0.00274896
-0.00267609
-0.00271943
-0.00268482
-0.00263104
-0.00263104

-0.00213677
0.00213677
0.00408937
0.00686137
0.00345057
0.0053021
0.00326838
0.00131981
0.000183204
0.00100983
0.00249811
-0.00615812
-0.00485225
-0.00348405
-0.00298831
-0.00284902
-0.00295434
-0.00286607
-0.00290538
-0.00285713
-0.00282227
-0.00282227

-0.00174404
0.00174404
0.00336357
0.0058472
0.00335225
0.00465948
0.00302906
0.00121792
1.395e-05
0.000800291
0.00234846
-0.00605237
-0.00473261
-0.00358061
-0.00314055
-0.00301568
-0.00314677
-0.00304975
-0.0030886
-0.00302973
-0.00300968
-0.00300968

-0.00128206
0.00128206
0.00260981
0.00474654
0.00317835
0.00424798
0.0028378
0.00110517
-4.84135e-05
0.000425898
0.00171149
-0.00571088
-0.00454932
-0.00363716
-0.0032808
-0.00317998
-0.00331255
-0.00322828
-0.00326783
-0.00320434
-0.00319506
-0.00319506

-0.000766091
0.000766091
0.00186326
0.00367822
0.00294623
0.00400557
0.00267678
0.000972649
-0.000163055
-2.88641e-05
0.000902518
-0.00529233
-0.00435528
-0.0036654
-0.00341194
-0.00334737
-0.00344627
-0.00340606
-0.0034414
-0.00338313
-0.00337948
-0.00337948

0.000261117
0.000766091
0.00186326
0.00367822
0.00294623
0.00400557
0.00267678
0.000972649
-0.000163055
-2.88641e-05
0.000902518
-0.00529233
-0.00435528
-0.0036654
-0.00341194
-0.00334737
-0.00344627
-0.00340606
-0.0034414
-0.00338313
-0.00337948
-0.00236124

0
0
0
0
0
0
0
0
0
0
0
0
0
0
0
0
0
0
0
0
0
0


0
0
0
0
0
0
0
0
0
0
0
0
0
0
0
0
0
0
0
0
0
0

-0.000800372
0.000800372
0.000917942
0.00118156
0.00772349
0.0947583
0.00375569
0.000482671
0.000103342
7.79513e-05
0.000237157
-0.00153514
-0.000988264
-0.000796905
-0.000759435
-0.000719804
-0.000853514
-0.000915256
-0.000998761
-0.00102099
-0.000967671
-0.000967671

-0.00118574
0.00118574
0.0015799
0.00231971
0.0094458
0.0900589
0.00679969
0.000953911
0.000247365
0.000193776
0.000264573
-0.00245666
-0.00154889
-0.0011486
-0.0010103
-0.000914779
-0.001051
-0.00109702
-0.0012
-0.00120046
-0.00100408
-0.00100408

-0.0015562
0.0015562
0.00231103
0.00386417
0.0087558
0.0638682
0.00763318
0.00129957
0.000366953
0.000239563
2.90526e-05
-0.00288242
-0.00198682
-0.00147994
-0.00126367
-0.00115389
-0.00125692
-0.0012849
-0.00139768
-0.00138474
-0.00111356
-0.00111356

-0.00189257
0.00189257
0.003042
0.00563607
0.00743123
0.0426595
0.00733525
0.00151889
0.000460014
0.000239326
-0.000345106
-0.00290514
-0.00231036
-0.00178718
-0.00151408
-0.00140373
-0.00146726
-0.00147932
-0.00159091
-0.00157463
-0.00130384
-0.00130384

-0.00217219
0.00217219
0.00366301
0.00701488
0.00619583
0.0285817
0.00662243
0.00163743
0.000525571
0.000239118
-0.000725394
-0.00273495
-0.00256408
-0.00206882
-0.00175645
-0.00164553
-0.00167882
-0.00167829
-0.00178016
-0.00176568
-0.0015337
-0.0015337

-0.00237548
0.00237548
0.00409957
0.00771104
0.00527571
0.0196122
0.00583573
0.00168135
0.000563315
0.000259729
-0.000951516
-0.00261259
-0.00281483
-0.00232524
-0.00198757
-0.0018734
-0.00188977
-0.00187928
-0.00196641
-0.00195439
-0.00177053
-0.00177053

-0.00248963
0.00248963
0.00433473
0.00778952
0.00466444
0.0139134
0.00511492
0.00167123
0.000571475
0.000316565
-0.000874236
-0.0027452
-0.00310294
-0.00256556
-0.00220658
-0.00208754
-0.00209929
-0.00208027
-0.00215096
-0.00213957
-0.00199937
-0.00199937

-0.00250821
0.00250821
0.00438909
0.00746983
0.00427792
0.01027
0.00450416
0.00162211
0.000546261
0.000419632
-0.000432861
-0.00321918
-0.00344034
-0.00279471
-0.00241347
-0.00228993
-0.00230699
-0.00227997
-0.00233535
-0.00232153
-0.00221649
-0.00221649

-0.00242866
0.00242866
0.00428531
0.00697255
0.00402955
0.00791824
0.00400542
0.00154499
0.000481726
0.000532603
0.000230032
-0.00390567
-0.00379642
-0.0030087
-0.00260802
-0.00248254
-0.00251235
-0.00247732
-0.00252082
-0.00250113
-0.00242309
-0.00242309

-0.00225019
0.00225019
0.00401886
0.00641503
0.00384693
0.00638377
0.00360512
0.00144871
0.000375622
0.000590263
0.000767164
-0.0044784
-0.00409201
-0.00319656
-0.00278969
-0.00266691
-0.00271419
-0.00267096
-0.00270632
-0.00267913
-0.00262171
-0.00262171

-0.00197608
0.00197608
0.00357131
0.00574104
0.00367271
0.0053724
0.00328599
0.00134103
0.00023864
0.000540659
0.000998269
-0.00477498
-0.00425545
-0.00334773
-0.00295818
-0.00284442
-0.00291008
-0.00286021
-0.00289059
-0.00285625
-0.00281481
-0.00281481

-0.00161832
0.00161832
0.0030033
0.0049638
0.00347599
0.00470331
0.00303142
0.00122665
9.63322e-05
0.000364253
0.000900543
-0.00481245
-0.00426516
-0.00345854
-0.00311407
-0.00301672
-0.00309599
-0.00304503
-0.00307263
-0.00303333
-0.00300433
-0.00300433

-0.00119143
0.00119143
0.00237152
0.0041185
0.00324658
0.00426774
0.00282653
0.00110162
-3.33673e-05
7.35147e-05
0.000522118
-0.00468257
-0.0041926
-0.00353532
-0.00325896
-0.00318612
-0.00326767
-0.00322624
-0.00325162
-0.00321139
-0.00319166
-0.00319166

-0.000707917
0.000707917
0.00170667
0.00325374
0.00298825
0.00400407
0.00265938
0.000961171
-0.000193849
-0.000298432
-1.73995e-05
-0.00446498
-0.0040772
-0.00358564
-0.00339513
-0.00335569
-0.00342656
-0.0034059
-0.00342679
-0.00339144
-0.00337772
-0.00337772

0.000286213
0.000707917
0.00170667
0.00325374
0.00298825
0.00400407
0.00265938
0.000961171
-0.000193849
-0.000298432
-1.73995e-05
-0.00446498
-0.0040772
-0.00358564
-0.00339513
-0.00335569
-0.00342656
-0.0034059
-0.00342679
-0.00339144
-0.00337772
-0.00236265

0
0
0
0
0
0
0
0
0
0
0
0
0
0
0
0
0
0
0
0
0
0


0
0
0
0
0
0
0
0
0
0
0
0
0
0
0
0
0
0
0
0
0
0

-0.000775609
0.000775609
0.000907868
0.00127153
0.00485772
0.0411492
0.00328961
0.000465348
8.68269e-05
2.59652e-07
-7.05713e-05
-0.00106065
-0.000860371
-0.000769112
-0.00075874
-0.000765716
-0.000859121
-0.000920761
-0.000992622
-0.00101815
-0.000977528
-0.000977528

-0.0011346
0.0011346
0.00151266
0.00234179
0.00704845
0.0484343
0.00551915
0.000898899
0.000218539
7.41199e-05
-0.000104129
-0.0017006
-0.00132903
-0.00109677
-0.0010059
-0.000965375
-0.00105776
-0.0011079
-0.00118903
-0.00119795
-0.00108082
-0.00108082

-0.00147385
0.00147385
0.00212845
0.00349569
0.00742016
0.041332
0.00641216
0.00122819
0.000330596
0.00011131
-0.000259985
-0.00209835
-0.00172733
-0.00140921
-0.00125271
-0.00118598
-0.00126104
-0.00129824
-0.00138355
-0.00138052
-0.00121426
-0.00121426

-0.00177742
0.00177742
0.00271405
0.00464055
0.00693915
0.0314797
0.00641756
0.00144829
0.000418349
0.000122561
-0.000479386
-0.00228236
-0.0020567
-0.00170307
-0.00149606
-0.00141507
-0.00146739
-0.00149205
-0.00157568
-0.00156647
-0.00138735
-0.00138735

-0.0020278
0.0020278
0.00321012
0.00555012
0.00621528
0.0230512
0.00599075
0.00157554
0.000479931
0.00012933
-0.000689171
-0.00235081
-0.0023387
-0.00197679
-0.00173258
-0.0016423
-0.00167483
-0.00168845
-0.00176548
-0.00175407
-0.00158733
-0.00158733

-0.00220932
0.00220932
0.00357047
0.00608529
0.0055361
0.0168183
0.00541786
0.0016308
0.000515002
0.000145154
-0.00080648
-0.00242482
-0.00260559
-0.00223117
-0.00195988
-0.00186235
-0.00188188
-0.00188608
-0.00195331
-0.00194134
-0.00179838
-0.00179838

-0.00231059
0.00231059
0.00377617
0.00624848
0.00499243
0.0124723
0.00484421
0.00163246
0.000522431
0.000177706
-0.000766248
-0.00260414
-0.00287985
-0.00246934
-0.00217674
-0.00207352
-0.00208755
-0.00208367
-0.0021398
-0.00212711
-0.00201009
-0.00201009

-0.00232497
0.00232497
0.00382964
0.00612805
0.00458112
0.00951498
0.0043305
0.00159469
0.000499785
0.000225803
-0.000558984
-0.00292345
-0.00316554
-0.0026924
-0.00238251
-0.00227584
-0.0022911
-0.00228016
-0.00232561
-0.00231103
-0.00221767
-0.00221767

-0.00224953
0.00224953
0.00373977
0.00582735
0.00426634
0.00751823
0.00389378
0.00152773
0.000444888
0.000266518
-0.00026113
-0.00332321
-0.00344369
-0.00289756
-0.00257676
-0.00247002
-0.00249179
-0.00247468
-0.00251112
-0.00249332
-0.00241983
-0.00241983

-0.00208424
0.00208424
0.003511
0.00541204
0.00400683
0.00616862
0.0035315
0.00143936
0.000357544
0.000264892
-1.63764e-05
-0.00367727
-0.00367595
-0.00307892
-0.0027591
-0.00265694
-0.00268859
-0.00266642
-0.00269601
-0.00267432
-0.00261705
-0.00261705

-0.00183283
0.00183283
0.00314911
0.00489288
0.00376696
0.00525245
0.00323398
0.00133547
0.000242726
0.000191204
7.5325e-05
-0.00390344
-0.00382804
-0.00323097
-0.00292949
-0.00283762
-0.00288002
-0.0028549
-0.00287963
-0.00285447
-0.00281033
-0.00281033

-0.00150362
0.00150362
0.00268246
0.00428574
0.0035241
0.00463025
0.00299008
0.00121922
0.000109674
3.1155e-05
-1.78394e-05
-0.00399073
-0.00389043
-0.0033519
-0.00308853
-0.00301334
-0.00306424
-0.00304007
-0.0030614
-0.0030343
-0.00300073
-0.00300073

-0.00110709
0.00110709
0.00214262
0.00361404
0.00326828
0.00421479
0.00278951
0.00109013
-3.76732e-05
-0.000212236
-0.000280615
-0.00397009
-0.00388562
-0.00344469
-0.00323754
-0.0031857
-0.00324006
-0.00322238
-0.00324084
-0.00321437
-0.00318917
-0.00318917

-0.00065353
0.00065353
0.00155205
0.0029036
0.00299906
0.00395522
0.00262407
0.000946338
-0.000211728
-0.000525065
-0.000666794
-0.0038777
-0.00383445
-0.00351423
-0.00337843
-0.00335659
-0.00340889
-0.0034028
-0.00341761
-0.00339514
-0.00337632
-0.00337632

0.000308295
0.00065353
0.00155205
0.0029036
0.00299906
0.00395522
0.00262407
0.000946338
-0.000211728
-0.000525065
-0.000666794
-0.0038777
-0.00383445
-0.00351423
-0.00337843
-0.00335659
-0.00340889
-0.0034028
-0.00341761
-0.00339514
-0.00337632
-0.00236416

0
0
0
0
0
0
0
0
0
0
0
0
0
0
0
0
0
0
0
0
0
0


0
0
0
0
0
0
0
0
0
0
0
0
0
0
0
0
0
0
0
0
0
0

-0.000751218
0.000751218
0.000868528
0.00119022
0.00313165
0.018704
0.00235428
0.000406366
6.97934e-05
-4.95144e-05
-0.000211155
-0.000799743
-0.00077204
-0.000746025
-0.00075597
-0.000784798
-0.000861714
-0.00092372
-0.000988444
-0.00101671
-0.000993905
-0.000993905

-0.00108622
0.00108622
0.00141465
0.00212452
0.00498808
0.0256438
0.00403577
0.00079037
0.000188516
-9.66547e-06
-0.000295138
-0.00126709
-0.00117357
-0.00105382
-0.000999512
-0.000989536
-0.0010613
-0.00111385
-0.001182
-0.00119663
-0.00112541
-0.00112541

-0.00139928
0.00139928
0.00194552
0.00303341
0.00574204
0.024837
0.00489794
0.00109534
0.000290903
1.31436e-05
-0.000425934
-0.00161687
-0.0015352
-0.00135049
-0.00124141
-0.00120373
-0.00126333
-0.00130565
-0.00137452
-0.00137839
-0.00127282
-0.00127282

-0.00167645
0.00167645
0.00243389
0.00386405
0.00580464
0.0209675
0.00513421
0.00131363
0.000372315
2.32597e-05
-0.000577796
-0.00185626
-0.00185487
-0.00163274
-0.00147949
-0.00142267
-0.00146716
-0.00149928
-0.0015657
-0.0015624
-0.00144151
-0.00144151

-0.00190342
0.00190342
0.00284444
0.00452525
0.00554503
0.016687
0.0050023
0.00145308
0.000430679
2.82212e-05
-0.000712152
-0.00202828
-0.00214219
-0.00189905
-0.0017115
-0.00164108
-0.00167165
-0.00169427
-0.00175546
-0.00174793
-0.00162749
-0.00162749

-0.00206731
0.00206731
0.00314759
0.00495298
0.0051883
0.0130385
0.00469773
0.0015272
0.000464306
3.56214e-05
-0.000791863
-0.00218933
-0.00241126
-0.00214907
-0.00193551
-0.00185531
-0.00187567
-0.00188984
-0.00194388
-0.0019339
-0.0018235
-0.0018235

-0.00215817
0.00215817
0.00332725
0.00513952
0.00483886
0.0102423
0.00433787
0.00154938
0.000472068
4.73695e-05
-0.000791107
-0.00238578
-0.00267254
-0.00238327
-0.00215023
-0.00206344
-0.00207829
-0.00208515
-0.00213118
-0.00211947
-0.00202327
-0.00202327

-0.00216965
0.00216965
0.00337951
0.00511975
0.00452873
0.0082024
0.00398271
0.00153092
0.000452415
5.87699e-05
-0.000713059
-0.0026327
-0.00292693
-0.00260132
-0.00235481
-0.00226481
-0.00227874
-0.00227944
-0.00231762
-0.00230415
-0.00222287
-0.00222287

-0.00209868
0.00209868
0.00330718
0.00494211
0.00425557
0.00674571
0.00365806
0.00148063
0.000403988
5.58457e-05
-0.000598722
-0.00290478
-0.00316363
-0.00280112
-0.0025487
-0.00245941
-0.00247628
-0.00247203
-0.0025033
-0.00248782
-0.00242047
-0.00242047

-0.0019452
0.0019452
0.0031154
0.00464448
0.00400462
0.00571223
0.00337195
0.00140536
0.000326845
1.86689e-05
-0.000513178
-0.00315135
-0.00336393
-0.00297943
-0.00273161
-0.00264765
-0.00267014
-0.00266241
-0.00268805
-0.00267056
-0.00261548
-0.00261548

-0.00171236
0.00171236
0.00281289
0.00424686
0.00376
0.0049792
0.00312417
0.00131022
0.000223008
-7.02741e-05
-0.000509063
-0.00333361
-0.00351134
-0.00313342
-0.00290364
-0.00283022
-0.00285947
-0.00285023
-0.00287154
-0.00285255
-0.00280805
-0.00280805

-0.00140633
0.00140633
0.0024166
0.00376618
0.00351071
0.00446089
0.00291127
0.00119832
9.57012e-05
-0.000220743
-0.000610363
-0.00344032
-0.00360062
-0.00326232
-0.00306535
-0.00300803
-0.00304347
-0.00303544
-0.00305345
-0.00303404
-0.00299858
-0.00299858

-0.00103524
0.00103524
0.0019461
0.0032203
0.00325192
0.00410148
0.00272896
0.00107074
-5.40144e-05
-0.000433388
-0.000815954
-0.00348069
-0.00363943
-0.00336796
-0.0032179
-0.00318225
-0.00322191
-0.00321828
-0.00323352
-0.00321533
-0.00318754
-0.00318754

-0.000607808
0.000607808
0.00141802
0.00262669
0.00298417
0.00386778
0.00257322
0.000927229
-0.000229548
-0.000702383
-0.00110875
-0.00347006
-0.00363817
-0.00345374
-0.00336296
-0.0033542
-0.0033957
-0.00339924
-0.00341162
-0.00339662
-0.00337539
-0.00337539

0.000324646
0.000607808
0.00141802
0.00262669
0.00298417
0.00386778
0.00257322
0.000927229
-0.000229548
-0.000702383
-0.00110875
-0.00347006
-0.00363817
-0.00345374
-0.00336296
-0.0033542
-0.0033957
-0.00339924
-0.00341162
-0.00339662
-0.00337539
-0.00236589

0
0
0
0
0
0
0
0
0
0
0
0
0
0
0
0
0
0
0
0
0
0


0
0
0
0
0
0
0
0
0
0
0
0
0
0
0
0
0
0
0
0
0
0

-0.000729699
0.000729699
0.000822007
0.00105691
0.00196629
0.00809032
0.00147663
0.000330229
5.32611e-05
-8.69542e-05
-0.000288584
-0.000640887
-0.000708364
-0.000727319
-0.000752574
-0.000792977
-0.000862782
-0.000925116
-0.000985437
-0.00101569
-0.00100638
-0.00100638

-0.00104481
0.00104481
0.00131493
0.001846
0.00331043
0.0122646
0.00262853
0.00065561
0.000157926
-7.35379e-05
-0.000412749
-0.000994003
-0.0010591
-0.00101903
-0.000992676
-0.00100074
-0.00106283
-0.00111695
-0.00117734
-0.00119593
-0.00115275
-0.00115275

-0.001337
0.001337
0.00178188
0.00258369
0.00410005
0.0131114
0.00336514
0.000929655
0.000249937
-6.54153e-05
-0.000542891
-0.00129688
-0.0013887
-0.00130268
-0.00123067
-0.00121255
-0.00126415
-0.00130964
-0.00136866
-0.00137743
-0.0013085
-0.0013085

-0.00159378
0.00159378
0.00220262
0.00323565
0.00446529
0.0121784
0.00374131
0.0011428
0.000325439
-6.26521e-05
-0.000665878
-0.00154906
-0.00169439
-0.00157542
-0.00146489
-0.00142648
-0.00146642
-0.00150322
-0.00155914
-0.00156046
-0.00147654
-0.00147654

-0.00180293
0.00180293
0.00255427
0.00375946
0.00456833
0.0106261
0.00386325
0.00129509
0.000380774
-6.21619e-05
-0.000767762
-0.00176492
-0.00197804
-0.00183516
-0.00169351
-0.00163979
-0.00166889
-0.0016974
-0.00174868
-0.00174476
-0.00165588
-0.00165588

-0.00195348
0.00195348
0.00281701
0.00412387
0.00452931
0.00905896
0.0038275
0.0013914
0.000413831
-6.31641e-05
-0.000835445
-0.00196579
-0.00224398
-0.00208062
-0.00191491
-0.00185011
-0.00187074
-0.00189167
-0.00193724
-0.00192979
-0.00184327
-0.00184327

-0.00203672
0.00203672
0.00297776
0.0043207
0.00441819
0.00770892
0.00370315
0.00143868
0.000422759
-6.72899e-05
-0.000863176
-0.00216958
-0.00249529
-0.00231099
-0.00212783
-0.00205584
-0.00207115
-0.00208548
-0.00212485
-0.00211496
-0.00203521
-0.00203521

-0.00204665
0.00204665
0.0030306
0.00436197
0.0042691
0.00662238
0.00353442
0.0014442
0.000405879
-7.94771e-05
-0.000858254
-0.00238217
-0.00273087
-0.00252519
-0.00233136
-0.00225613
-0.00226941
-0.00227826
-0.00231156
-0.00229984
-0.00222895
-0.00222895

-0.00198008
0.00198008
0.00297505
0.00426912
0.00409579
0.00577334
0.00334806
0.00141464
0.000362251
-0.000109099
-0.000842199
-0.00259428
-0.00294493
-0.00272169
-0.00252494
-0.00245066
-0.0024649
-0.00246955
-0.00249736
-0.00248418
-0.00242272
-0.00242272

-0.00183664
0.00183664
0.00281434
0.00406302
0.00390242
0.00511772
0.00315973
0.0013559
0.000291613
-0.000167638
-0.000845107
-0.00278732
-0.00312883
-0.00289872
-0.00270833
-0.00263955
-0.00265704
-0.00265896
-0.00268212
-0.00266787
-0.0026156
-0.0026156

-0.00161865
0.00161865
0.00255557
0.00376014
0.00368977
0.00461474
0.00297842
0.0012728
0.00019459
-0.000265222
-0.000893347
-0.00294571
-0.00327513
-0.00305494
-0.00288168
-0.00282322
-0.00284536
-0.00284627
-0.00286568
-0.00285092
-0.00280719
-0.00280719

-0.00133098
0.00133098
0.00221019
0.00337534
0.00345879
0.00423318
0.00280899
0.00116884
7.22685e-05
-0.000408342
-0.00100177
-0.00306347
-0.00338139
-0.0031903
-0.00304556
-0.00300233
-0.00302955
-0.00303143
-0.00304785
-0.00303341
-0.00299748
-0.00299748

-0.000980309
0.000980309
0.00179181
0.00292341
0.00321201
0.00395193
0.00265381
0.00104605
-7.4991e-05
-0.000598662
-0.00117348
-0.00314289
-0.00345064
-0.00330623
-0.00320101
-0.00317778
-0.00320967
-0.00321459
-0.00322852
-0.00321545
-0.00318664
-0.00318664

-0.000574209
0.000574209
0.00131349
0.00241819
0.00295344
0.00375877
0.00251375
0.000905331
-0.000247654
-0.000833895
-0.00140381
-0.00318996
-0.00348819
-0.00340533
-0.00334958
-0.00335063
-0.0033864
-0.00339605
-0.00340765
-0.0033971
-0.00337485
-0.00337485

0.000333199
0.000574209
0.00131349
0.00241819
0.00295344
0.00375877
0.00251375
0.000905331
-0.000247654
-0.000833895
-0.00140381
-0.00318996
-0.00348819
-0.00340533
-0.00334958
-0.00335063
-0.0033864
-0.00339605
-0.00340765
-0.0033971
-0.00337485
-0.00236783

0
0
0
0
0
0
0
0
0
0
0
0
0
0
0
0
0
0
0
0
0
0


0
0
0
0
0
0
0
0
0
0
0
0
0
0
0
0
0
0
0
0
0
0

-0.000713215
0.000713215
0.000779964
0.000922494
0.00105627
0.00153296
0.000682881
0.000249634
3.66923e-05
-0.000117511
-0.000352768
-0.000524791
-0.000658682
-0.000712125
-0.000748973
-0.000796141
-0.000862789
-0.00092548
-0.000983157
-0.00101478
-0.00101449
-0.00101449

-0.00101368
0.00101368
0.00122932
0.00158069
0.00188317
0.00285665
0.00132451
0.000513339
0.000128038
-0.000127203
-0.000516705
-0.000791939
-0.000969498
-0.00099129
-0.000986154
-0.0010054
-0.00106301
-0.00111836
-0.00117421
-0.00119553
-0.00116976
-0.00116976

-0.00129068
0.00129068
0.00164836
0.00219024
0.00258191
0.00393127
0.00189965
0.0007545
0.000210787
-0.000133662
-0.000655745
-0.00105453
-0.00127324
-0.00126502
-0.00122128
-0.00121618
-0.00126392
-0.00131165
-0.00136486
-0.00137703
-0.00133067
-0.00133067

-0.00153281
0.00153281
0.00202142
0.00272677
0.0031299
0.00468568
0.00237041
0.000961773
0.000280732
-0.000137577
-0.000765318
-0.0013079
-0.00156628
-0.00153049
-0.00145275
-0.00142752
-0.00146523
-0.00150524
-0.00155491
-0.00155959
-0.001499
-0.001499

-0.00172936
0.00172936
0.00233281
0.00316813
0.00352504
0.00511358
0.00271586
0.00112702
0.000334049
-0.000141378
-0.000846441
-0.00154828
-0.00184574
-0.00178526
-0.00167901
-0.00163793
-0.00166643
-0.00169894
-0.00174425
-0.00174319
-0.00167491
-0.00167491

-0.0018708
0.0018708
0.00256859
0.00349767
0.00377843
0.00526345
0.00293554
0.00124648
0.000367126
-0.000147914
-0.00090506
-0.00177375
-0.0021091
-0.00202722
-0.00189856
-0.00184584
-0.00186685
-0.00189239
-0.00193281
-0.00192758
-0.00185725
-0.00185725

-0.00194929
0.00194929
0.00271799
0.00370671
0.00390849
0.00520921
0.00304432
0.00132007
0.000377553
-0.000162036
-0.000948428
-0.00198416
-0.00235417
-0.00225466
-0.00211018
-0.00204996
-0.0020658
-0.00208521
-0.00212051
-0.00211239
-0.00204423
-0.00204423

-0.00195904
0.00195904
0.00277418
0.00379477
0.00393635
0.00502525
0.00306483
0.00135064
0.000363534
-0.000189241
-0.000985473
-0.00217953
-0.00257857
-0.0024662
-0.00231295
-0.00224943
-0.00226264
-0.00227698
-0.00230731
-0.00229728
-0.00223399
-0.00223399

-0.00189672
0.00189672
0.00273418
0.0037675
0.00388243
0.00477326
0.00302117
0.00134273
0.000323875
-0.000235388
-0.00102657
-0.00235936
-0.00277951
-0.00266064
-0.00250632
-0.00244379
-0.00245684
-0.00246737
-0.00249316
-0.00248193
-0.00242502
-0.00242502

-0.00176141
0.00176141
0.00259879
0.0036342
0.00376477
0.00449863
0.00293508
0.00130137
0.00025814
-0.000306717
-0.00108197
-0.00252252
-0.0029543
-0.00283714
-0.00269009
-0.002633
-0.00264799
-0.0026561
-0.00267795
-0.00266615
-0.00261625
-0.00261625

-0.00155478
0.00155478
0.00237274
0.00340575
0.00359829
0.00423216
0.0028242
0.00123133
0.000166378
-0.000408655
-0.00116124
-0.00266791
-0.00310112
-0.00299539
-0.00286444
-0.0028173
-0.00283581
-0.00284302
-0.0028616
-0.00284981
-0.00280702
-0.00280702

-0.00128085
0.00128085
0.00206425
0.00309439
0.00339531
0.00399381
0.00270163
0.00113657
4.86042e-05
-0.000544985
-0.00127164
-0.00279506
-0.00321975
-0.00313581
-0.00302993
-0.00299719
-0.00302023
-0.00302812
-0.00304401
-0.00303288
-0.00299705
-0.00299705

-0.000945362
0.000945362
0.00168387
0.00271287
0.00316596
0.00379651
0.00257658
0.00101996
-9.48735e-05
-0.000717437
-0.00141746
-0.00290438
-0.00331175
-0.00325976
-0.0031876
-0.00317343
-0.00320146
-0.00321152
-0.00322516
-0.00321536
-0.00318624
-0.00318624

-0.000555214
0.000555214
0.0012427
0.00227365
0.00291879
0.00364932
0.00245476
0.000883277
-0.000263626
-0.00092581
-0.00159986
-0.00299692
-0.00337989
-0.00336933
-0.00333887
-0.00334695
-0.00338004
-0.00339344
-0.00340503
-0.00339724
-0.00337464
-0.00337464

0.000332421
0.000555214
0.0012427
0.00227365
0.00291879
0.00364932
0.00245476
0.000883277
-0.000263626
-0.00092581
-0.00159986
-0.00299692
-0.00337989
-0.00336933
-0.00333887
-0.00334695
-0.00338004
-0.00339344
-0.00340503
-0.00339724
-0.00337464
-0.00236997

0
0
0
0
0
0
0
0
0
0
0
0
0
0
0
0
0
0
0
0
0
0


0
0
0
0
0
0
0
0
0
0
0
0
0
0
0
0
0
0
0
0
0
0

0
0.000713215
0.000779964
0.000922494
0.00105627
0.00153296
0.000682881
0.000249634
3.66923e-05
-0.000117511
-0.000352768
-0.000524791
-0.000658682
-0.000712125
-0.000748973
-0.000796141
-0.000862789
-0.00092548
-0.000983157
-0.00101478
-0.00101449
0

0
0.00101368
0.00122932
0.00158069
0.00188317
0.00285665
0.00132451
0.000513339
0.000128038
-0.000127203
-0.000516705
-0.000791939
-0.000969498
-0.00099129
-0.000986154
-0.0010054
-0.00106301
-0.00111836
-0.00117421
-0.00119553
-0.00116976
0

0
0.00129068
0.00164836
0.00219024
0.00258191
0.00393127
0.00189965
0.0007545
0.000210787
-0.000133662
-0.000655745
-0.00105453
-0.00127324
-0.00126502
-0.00122128
-0.00121618
-0.00126392
-0.00131165
-0.00136486
-0.00137703
-0.00133067
0

0
0.00153281
0.00202142
0.00272677
0.0031299
0.00468568
0.00237041
0.000961773
0.000280732
-0.000137577
-0.000765318
-0.0013079
-0.00156628
-0.00153049
-0.00145275
-0.00142752
-0.00146523
-0.00150524
-0.00155491
-0.00155959
-0.001499
0

0
0.00172936
0.00233281
0.00316813
0.00352504
0.00511358
0.00271586
0.00112702
0.000334049
-0.000141378
-0.000846441
-0.00154828
-0.00184574
-0.00178526
-0.00167901
-0.00163793
-0.00166643
-0.00169894
-0.00174425
-0.00174319
-0.00167491
0

0
0.0018708
0.00256859
0.00349767
0.00377843
0.00526345
0.00293554
0.00124648
0.000367126
-0.000147914
-0.00090506
-0.00177375
-0.0021091
-0.00202722
-0.00189856
-0.00184584
-0.00186685
-0.00189239
-0.00193281
-0.00192758
-0.00185725
0

0
0.00194929
0.00271799
0.00370671
0.00390849
0.00520921
0.00304432
0.00132007
0.000377553
-0.000162036
-0.000948428
-0.00198416
-0.00235417
-0.00225466
-0.00211018
-0.00204996
-0.0020658
-0.00208521
-0.00212051
-0.00211239
-0.00204423
0

0
0.00195904
0.00277418
0.00379477
0.00393635
0.00502525
0.00306483
0.00135064
0.000363534
-0.000189241
-0.000985473
-0.00217953
-0.00257857
-0.0024662
-0.00231295
-0.00224943
-0.00226264
-0.00227698
-0.00230731
-0.00229728
-0.00223399
0

0
0.00189672
0.00273418
0.0037675
0.00388243
0.00477326
0.00302117
0.00134273
0.000323875
-0.000235388
-0.00102657
-0.00235936
-0.00277951
-0.00266064
-0.00250632
-0.00244379
-0.00245684
-0.00246737
-0.00249316
-0.00248193
-0.00242502
0

0
0.00176141
0.00259879
0.0036342
0.00376477
0.00449863
0.00293508
0.00130137
0.00025814
-0.000306717
-0.00108197
-0.00252252
-0.0029543
-0.00283714
-0.00269009
-0.002633
-0.00264799
-0.0026561
-0.00267795
-0.00266615
-0.00261625
0

0
0.00155478
0.00237274
0.00340575
0.00359829
0.00423216
0.0028242
0.00123133
0.000166378
-0.000408655
-0.00116124
-0.00266791
-0.00310112
-0.00299539
-0.00286444
-0.0028173
-0.00283581
-0.00284302
-0.0028616
-0.00284981
-0.00280702
0

0
0.00128085
0.00206425
0.00309439
0.00339531
0.00399381
0.00270163
0.00113657
4.86042e-05
-0.000544985
-0.00127164
-0.00279506
-0.00321975
-0.00313581
-0.00302993
-0.00299719
-0.00302023
-0.00302812
-0.00304401
-0.00303288
-0.00299705
0

0
0.000945362
0.00168387
0.00271287
0.00316596
0.00379651
0.00257658
0.00101996
-9.48735e-05
-0.000717437
-0.00141746
-0.00290438
-0.00331175
-0.00325976
-0.0031876
-0.00317343
-0.00320146
-0.00321152
-0.00322516
-0.00321536
-0.00318624
0

0
0.000555214
0.0012427
0.00227365
0.00291879
0.00364932
0.00245476
0.000883277
-0.000263626
-0.00092581
-0.00159986
-0.00299692
-0.00337989
-0.00336933
-0.00333887
-0.00334695
-0.00338004
-0.00339344
-0.00340503
-0.00339724
-0.00337464
0

0
0.000555214
0.0012427
0.00227365
0.00291879
0.00364932
0.00245476
0.000883277
-0.000263626
-0.00092581
-0.00159986
-0.00299692
-0.00337989
-0.00336933
-0.00333887
-0.00334695
-0.00338004
-0.00339344
-0.00340503
-0.00339724
-0.00337464
0

0
0
0
0
0
0
0
0
0
0
0
0
0
0
0
0
0
0
0
0
0
0


