0
0
0
0
0
-0.0618487
0
0
0
0
0
0
0
0
0
0
0
0
0
0
0
0

0
-0.0618952
-0.0664992
-0.077136
-0.0619806
-0.0487725
-0.0389434
-0.0795759
0.00507539
-0.442405
-0.0262002
-0.0571175
-0.193838
-0.0109943
-0.122772
-0.217293
0.268311
-0.0344159
-0.0304771
-0.0452424
-0.0655261
0

0
-0.0820167
-0.0675703
-0.107996
-0.0993081
-0.0498286
0
-0.127538
-0.0176697
-0.260152
-0.0897205
-0.0844069
-0.459151
-0.0357184
-0.153411
-0.402096
0.905912
-0.11828
-0.0190382
-0.0531237
-0.0931472
0

0
-0.10554
-0.0927429
-0.151694
-0.125379
0
-0.0855918
-0.160127
0
-0.258144
-0.138738
-0.148441
-0.339429
-0.10148
-0.197082
-0.38202
0.27709
0.0347532
0.0244615
-0.0591979
-0.120703
0

0
-0.130592
-0.119738
-0.209196
-0.157316
-0.0296538
-0.125265
-0.190433
-0.0662834
-0.258322
-0.181305
-0.206448
-0.369898
-0.176242
-0.240938
-0.321086
0.100974
0.17023
0.0705469
-0.0668178
-0.148197
0

0
-0.157179
-0.157259
-0.208789
-0.209196
-0.0150442
-0.164001
-0.226596
-0.086105
-0.279244
-0.214196
-0.233442
-0.1708
-0.439465
-0.298498
-0.44791
-0.0551649
0.298417
0.0705469
-0.0745778
-0.175613
0

0
-0.184787
-0.193951
-0.234051
-0.258925
0.0111894
-0.202806
-0.269775
-0.0887121
-0.302214
-0.251439
-0.266872
-0.249436
-0.459
-0.337853
-0.413802
-0.216931
0.41286
0.243291
-0.123937
-0.202874
0

0
-0.212988
-0.229366
-0.26069
-0.314674
0.0429639
-0.242415
-0.316593
0
-0.336698
-0.28568
-0.301254
-0.313403
-0.499806
-0.383974
-0.379754
-0.372506
0.547322
0.382552
-0.182963
-0.230031
0

0
-0.241531
-0.263523
-0.2879
-0.376744
0.0740459
-0.286165
-0.332145
-0.18376
-0.337636
-0.314569
-0.335727
-0.372802
-0.545351
-0.56919
-0.213841
-0.534181
0.712817
0.538679
-0.323293
-0.257125
0

0
-0.270262
-0.296555
-0.315649
-0.44127
0.0640836
-0.324387
-0.350632
-0.258118
-0.349817
-0.34185
-0.369898
-0.427485
-0.6094
-0.496638
-0.240837
-0.765246
0.905912
0.691486
-0.275755
-0.284905
0

0
-0.299097
-0.328482
-0.346695
-0.416292
-0.0209059
-0.294067
-0.368975
-0.3214
-0.366427
-0.368053
-0.402939
-0.477045
-0.697017
-0.51142
-0.178538
-1.08525
1.31832
0.857963
-0.323293
-0.312554
0

0
-0.328005
-0.359395
-0.375155
-0.403959
-0.0831521
-0.305464
-0.375353
-0.376361
-0.384855
-0.398584
-0.429271
-0.513538
-0.766399
-0.501648
-0.141999
-1.56612
1.73142
1.02646
-0.404897
-0.339989
0

0
-0.357137
-0.388214
-0.402635
-0.407367
-0.12403
-0.323347
-0.388933
-0.442405
-0.403958
-0.423378
-0.459151
-0.550731
-0.862581
-0.45484
0
-2.1413
2.2171
1.2294
-0.519744
-0.367166
0

0
-0.387287
-0.417864
-0.430862
-0.421129
-0.146476
-0.345507
-0.414642
-0.446461
-0.432902
-0.454616
-0.481313
-0.583435
-0.955106
0
-0.721123
-2.87325
2.92908
1.46711
-0.675007
-0.394051
0

0
-0.417113
-0.445348
-0.459202
-0.444408
-0.148884
-0.371974
-0.442405
-0.4713
-0.459893
-0.478926
-0.507372
-0.609624
-0.919465
-0.354228
-0.729975
-3.99837
3.84817
1.78615
-0.901644
-0.420665
0

0
-0.417113
-0.445348
-0.459202
-0.444408
-0.0795759
-0.371974
-0.442405
-0.4713
-0.459893
-0.478926
-0.507372
-0.609624
-0.919465
-0.354228
-0.729975
-3.99837
3.84817
1.78615
-0.901644
-0.420665
0

0
0
0
0
0
0
0
0
0
0
0
0
0
0
0
0
0
0
0
0
0
0


0
0
0
0
0
0
0
0
0
0
0
0
0
0
0
0
0
0
0
0
0
-0.284905

0.0618952
-0.0618952
-0.0664992
-0.077136
-0.0619806
-0.0487725
-0.0389434
-0.0795759
0.00507539
-0.442405
-0.0262002
-0.0571175
-0.193838
-0.0109943
-0.122772
-0.217293
0.268311
-0.0344159
-0.0304771
-0.0452424
-0.0655261
-0.0655261

0.0820167
-0.0820167
-0.0675703
-0.107996
-0.0993081
-0.0498286
0
-0.127538
-0.0176697
-0.260152
-0.0897205
-0.0844069
-0.459151
-0.0357184
-0.153411
-0.402096
0.905912
-0.11828
-0.0190382
-0.0531237
-0.0931472
-0.0931472

0.10554
-0.10554
-0.0927429
-0.151694
-0.125379
0
-0.0855918
-0.160127
0
-0.258144
-0.138738
-0.148441
-0.339429
-0.10148
-0.197082
-0.38202
0.27709
0.0347532
0.0244615
-0.0591979
-0.120703
-0.120703

0.130592
-0.130592
-0.119738
-0.209196
-0.157316
-0.0296538
-0.125265
-0.190433
-0.0662834
-0.258322
-0.181305
-0.206448
-0.369898
-0.176242
-0.240938
-0.321086
0.100974
0.17023
0.0705469
-0.0668178
-0.148197
-0.148197

0.157179
-0.157179
-0.157259
-0.208789
-0.209196
-0.0150442
-0.164001
-0.226596
-0.086105
-0.279244
-0.214196
-0.233442
-0.1708
-0.439465
-0.298498
-0.44791
-0.0551649
0.298417
0.0705469
-0.0745778
-0.175613
-0.175613

0.184787
-0.184787
-0.193951
-0.234051
-0.258925
0.0111894
-0.202806
-0.269775
-0.0887121
-0.302214
-0.251439
-0.266872
-0.249436
-0.459
-0.337853
-0.413802
-0.216931
0.41286
0.243291
-0.123937
-0.202874
-0.202874

0.212988
-0.212988
-0.229366
-0.26069
-0.314674
0.0429639
-0.242415
-0.316593
0
-0.336698
-0.28568
-0.301254
-0.313403
-0.499806
-0.383974
-0.379754
-0.372506
0.547322
0.382552
-0.182963
-0.230031
-0.230031

0.241531
-0.241531
-0.263523
-0.2879
-0.376744
0.0740459
-0.286165
-0.332145
-0.18376
-0.337636
-0.314569
-0.335727
-0.372802
-0.545351
-0.56919
-0.213841
-0.534181
0.712817
0.538679
-0.323293
-0.257125
-0.257125

0.270262
-0.270262
-0.296555
-0.315649
-0.44127
0.0640836
-0.324387
-0.350632
-0.258118
-0.349817
-0.34185
-0.369898
-0.427485
-0.6094
-0.496638
-0.240837
-0.765246
0.905912
0.691486
-0.275755
-0.284905
-0.284905

0.299097
-0.299097
-0.328482
-0.346695
-0.416292
-0.0209059
-0.294067
-0.368975
-0.3214
-0.366427
-0.368053
-0.402939
-0.477045
-0.697017
-0.51142
-0.178538
-1.08525
1.31832
0.857963
-0.323293
-0.312554
-0.312554

0.328005
-0.328005
-0.359395
-0.375155
-0.403959
-0.0831521
-0.305464
-0.375353
-0.376361
-0.384855
-0.398584
-0.429271
-0.513538
-0.766399
-0.501648
-0.141999
-1.56612
1.73142
1.02646
-0.404897
-0.339989
-0.339989

0.357137
-0.357137
-0.388214
-0.402635
-0.407367
-0.12403
-0.323347
-0.388933
-0.442405
-0.403958
-0.423378
-0.459151
-0.550731
-0.862581
-0.45484
0
-2.1413
2.2171
1.2294
-0.519744
-0.367166
-0.367166

0.387287
-0.387287
-0.417864
-0.430862
-0.421129
-0.146476
-0.345507
-0.414642
-0.446461
-0.432902
-0.454616
-0.481313
-0.583435
-0.955106
0
-0.721123
-2.87325
2.92908
1.46711
-0.675007
-0.394051
-0.394051

0.417113
-0.417113
-0.445348
-0.459202
-0.444408
-0.148884
-0.371974
-0.442405
-0.4713
-0.459893
-0.478926
-0.507372
-0.609624
-0.919465
-0.354228
-0.729975
-3.99837
3.84817
1.78615
-0.901644
-0.420665
-0.420665

0.390289
-0.417113
-0.445348
-0.459202
-0.444408
-0.0795759
-0.371974
-0.442405
-0.4713
-0.459893
-0.478926
-0.507372
-0.609624
-0.919465
-0.354228
-0.729975
-3.99837
3.84817
1.78615
-0.901644
-0.420665
-0.392415

0
0
0
0
0
0
0
0
0
0
0
0
0
0
0
0
0
0
0
0
0
0


0
0
0
0
0
0
0
0
0
0
0
0
0
0
0
0
0
0
0
0
0
0

0.0586172
-0.0586172
-0.39849
-0.0844473
-0.0440814
-0.142467
-0.123512
-0.047292
-0.000155184
-0.0506874
-0.0571985
-0.0782102
0.0267698
-0.0103096
-0.100345
-0.0698559
-1.39526
0.0647539
-0.00314754
-0.0441948
-0.0658338
-0.0658338

0.0846684
-0.0846684
0.370668
-0.0559006
-0.0902486
0.0100696
-0.217249
-0.174824
-0.10302
-0.178435
-0.0935826
-0.105922
0.277959
-0.0686298
-0.163793
-0.128488
-1.87597
-0.32128
-0.00399624
-0.0517635
-0.093143
-0.093143

0.104068
-0.104068
0.0611168
-0.0772047
-0.125876
-0.00592366
-0.135053
-0.166192
-0.221532
-0.224177
-0.138424
-0.140522
-0.205693
-0.185421
-0.226127
-0.143924
-0.309936
-0.0065417
0.0714022
-0.0551778
-0.120331
-0.120331

0.129152
-0.129152
-0.0739501
-0.0493383
-0.148507
-0.0683284
-0.157822
-0.192029
-0.171913
-0.242464
-0.178099
-0.180562
-0.371371
-0.206111
-0.270665
0.126098
-0.0894937
0.0938354
0.188985
-0.0549162
-0.147239
-0.147239

0.15624
-0.15624
-0.13954
-0.162361
-0.19365
-0.151989
-0.200909
-0.225334
-0.215646
-0.267991
-0.213905
-0.224806
-0.236766
-0.365745
-0.28026
-1.21722
-0.279381
0.144402
0.507304
-0.0434211
-0.17344
-0.17344

0.184081
-0.184081
-0.18582
-0.214115
-0.235191
-0.273304
-0.260533
-0.262839
-0.342589
-0.301337
-0.248811
-0.260499
-0.27903
-0.438137
-0.393012
-0.476789
-0.29395
0.226516
0.384566
-0.06419
-0.200709
-0.200709

0.212331
-0.212331
-0.224483
-0.250451
-0.269964
-0.463272
-0.345487
-0.301262
-0.576685
-0.339941
-0.282097
-0.295674
-0.324453
-0.498226
-0.475921
-0.540242
-0.413967
0.270022
0.365468
-0.0453118
-0.226306
-0.226306

0.240828
-0.240828
-0.259333
-0.282613
-0.301548
-0.64049
-0.45296
-0.339898
-0.320654
-0.335249
-0.311024
-0.329994
-0.373158
-0.584124
-0.584283
-0.696755
-0.561698
0.23891
0.403247
0.0824076
-0.24964
-0.24964

0.269498
-0.269498
-0.291394
-0.313104
-0.346619
-0.603652
-0.503283
-0.367067
-0.301296
-0.345835
-0.338968
-0.363319
-0.421114
-0.720021
-0.707188
-1.01039
-0.744188
-0.174331
0.382894
-0.155328
-0.282395
-0.282395

0.298357
-0.298357
-0.32005
-0.342315
-0.377903
-0.411272
-0.328352
-0.36285
-0.314516
-0.361255
-0.366384
-0.395012
-0.465084
-0.849812
-0.909885
-1.42393
-1.01319
1.24448
0.726597
-0.256767
-0.311084
-0.311084

0.32754
-0.32754
-0.343264
-0.371997
-0.387013
-0.259193
-0.328416
-0.375922
-0.318094
-0.377809
-0.394083
-0.424115
-0.50518
-0.372767
-1.21373
-1.76368
-1.03595
1.52412
0.860149
-0.341355
-0.339082
-0.339082

0.356962
-0.356962
-0.368007
-0.397361
-0.398953
-0.22719
-0.340626
-0.393925
-0.296883
-0.39531
-0.420734
-0.452256
-0.536736
-0.700178
-1.58461
-1.8979
-0.966747
1.84978
0.983177
-0.42479
-0.366321
-0.366321

0.38452
-0.38452
-0.45642
-0.418311
-0.414068
-0.230136
-0.360853
-0.415383
-0.406393
-0.428148
-0.448499
-0.478118
-0.568214
-0.815486
-1.61315
-1.28271
-0.869259
2.35151
1.10592
-0.505313
-0.392876
-0.392876

0.415823
-0.415823
-0.456189
-0.452088
-0.440886
-0.247233
-0.3872
-0.442325
-0.448759
-0.456042
-0.474361
-0.503284
-0.593805
-0.839653
-0.820015
-1.06806
-1.133
3.00319
1.17054
-0.55618
-0.418993
-0.418993

0.388903
-0.415823
-0.456189
-0.452088
-0.440886
-0.247233
-0.3872
-0.442325
-0.448759
-0.456042
-0.474361
-0.503284
-0.593805
-0.839653
-0.820015
-1.06806
-1.133
3.00319
1.17054
-0.55618
-0.418993
-0.390726

0
0
0
0
0
0
0
0
0
0
0
0
0
0
0
0
0
0
0
0
0
0


0
0
0
0
0
0
0
0
0
0
0
0
0
0
0
0
0
0
0
0
0
0

0.0612735
-0.0612735
-0.117999
-0.0630027
-0.0570243
-0.168491
-0.116388
-0.0797069
-0.0603339
-0.0726003
-0.0675421
-0.0734609
0.0157487
-0.0565522
-0.0974816
-0.10023
-0.642401
-0.0672724
-0.0125951
-0.0458473
-0.0659944
-0.0659944

0.0815998
-0.0815998
0.063089
-0.0711752
-0.0838354
-0.100396
-0.156403
-0.125951
-0.108638
-0.134874
-0.101281
-0.105964
-0.00320665
-0.105847
-0.156578
-0.166687
-1.15894
-0.115592
0.0179029
-0.0527354
-0.0931859
-0.0931859

0.10409
-0.10409
0.000437475
-0.0877567
-0.11712
-0.0872011
-0.161314
-0.162065
-0.166166
-0.185163
-0.138783
-0.142123
-0.134644
-0.174584
-0.214466
-0.240938
-0.0506906
-0.0294231
0.068242
-0.0584416
-0.120329
-0.120329

0.129238
-0.129238
-0.0749062
-0.10878
-0.15047
-0.118438
-0.178223
-0.190365
-0.196635
-0.220277
-0.175891
-0.180466
-0.254552
-0.245633
-0.269904
-0.347935
-0.1614
0.0206912
0.146353
-0.0623381
-0.147323
-0.147323

0.156107
-0.156107
-0.134797
-0.154926
-0.186941
-0.206182
-0.216116
-0.222071
-0.238578
-0.250608
-0.211136
-0.219953
-0.229867
-0.311328
-0.329435
-0.397344
-0.255886
0.06117
0.221232
-0.0669562
-0.174171
-0.174171

0.18382
-0.18382
-0.181744
-0.201957
-0.225489
-0.325809
-0.267557
-0.256365
-0.305445
-0.280961
-0.24484
-0.25565
-0.276105
-0.396129
-0.402605
-0.62335
-0.361182
0.0903762
0.247857
-0.0720417
-0.200885
-0.200885

0.211951
-0.211951
-0.221355
-0.240935
-0.262825
-0.462018
-0.328783
-0.290788
-0.377544
-0.309195
-0.276908
-0.290447
-0.322983
-0.467238
-0.492535
-0.633307
-0.471408
0.105805
0.262702
-0.0741051
-0.227437
-0.227437

0.240319
-0.240319
-0.256771
-0.274971
-0.299419
-0.59115
-0.393227
-0.322099
-0.345385
-0.326222
-0.30685
-0.324369
-0.368845
-0.540192
-0.596013
-0.768517
-0.624165
0.10884
0.287765
-0.0831409
-0.254168
-0.254168

0.268854
-0.268854
-0.289492
-0.306336
-0.335165
-0.563801
-0.422892
-0.3466
-0.325364
-0.341147
-0.335315
-0.357184
-0.413016
-0.620808
-0.719164
-0.999988
-0.829876
0.223548
0.362198
-0.148115
-0.282286
-0.282286

0.297554
-0.297554
-0.320259
-0.33603
-0.356036
-0.0997179
-0.316697
-0.355968
-0.328869
-0.358529
-0.363043
-0.388569
-0.453686
-0.677789
-0.871715
-1.32459
-1.07836
0.672472
0.4534
-0.230293
-0.310786
-0.310786

0.326461
-0.326461
-0.350037
-0.36482
-0.3729
-0.21126
-0.331286
-0.372551
-0.339344
-0.37792
-0.390398
-0.418241
-0.489397
-0.574519
-1.06533
-1.62807
-1.23384
0.790981
0.520984
-0.301788
-0.338669
-0.338669

0.355599
-0.355599
-0.382037
-0.392339
-0.390756
-0.25026
-0.349757
-0.392338
-0.35391
-0.399542
-0.417268
-0.44646
-0.522191
-0.659008
-1.28232
-1.61065
-1.21483
0.912688
0.567998
-0.368127
-0.366063
-0.366063

0.38486
-0.38486
-0.422258
-0.418405
-0.411628
-0.275878
-0.372187
-0.415497
-0.395765
-0.425655
-0.443961
-0.473086
-0.552276
-0.739938
-1.31883
-0.982086
-1.09594
1.05382
0.575069
-0.428086
-0.39309
-0.39309

0.414709
-0.414709
-0.454198
-0.446247
-0.437886
-0.303157
-0.399159
-0.441999
-0.434838
-0.45288
-0.46999
-0.498411
-0.577922
-0.772444
-0.884314
-1.11458
-1.20897
1.04889
0.51647
-0.474238
-0.420017
-0.420017

0.387718
-0.414709
-0.454198
-0.446247
-0.437886
-0.303157
-0.399159
-0.441999
-0.434838
-0.45288
-0.46999
-0.498411
-0.577922
-0.772444
-0.884314
-1.11458
-1.20897
1.04889
0.51647
-0.474238
-0.420017
-0.391558

0
0
0
0
0
0
0
0
0
0
0
0
0
0
0
0
0
0
0
0
0
0


0
0
0
0
0
0
0
0
0
0
0
0
0
0
0
0
0
0
0
0
0
0

0.0617119
-0.0617119
-0.0583116
-0.0600825
-0.0593514
-0.0204574
-0.102741
-0.0804034
-0.072368
-0.0782616
-0.0708585
-0.0725501
-0.0366154
-0.0749419
-0.0957795
-0.107939
-0.280742
-0.0573707
-0.0179433
-0.0483025
-0.0660812
-0.0660812

0.0827435
-0.0827435
-0.0328949
-0.0788477
-0.076926
-0.166189
-0.152633
-0.118384
-0.110965
-0.122056
-0.104094
-0.106378
-0.0712244
-0.120733
-0.15276
-0.177543
-0.532435
-0.0749744
0.00557332
-0.0577528
-0.0933163
-0.0933163

0.105584
-0.105584
-0.0535828
-0.100115
-0.109552
-0.191876
-0.168971
-0.153284
-0.153267
-0.164603
-0.13887
-0.142018
-0.135926
-0.176739
-0.21053
-0.249523
-0.301393
-0.064855
0.0354534
-0.0670009
-0.120512
-0.120512

0.130447
-0.130447
-0.096048
-0.126898
-0.145565
-0.1871
-0.186578
-0.184675
-0.191992
-0.201543
-0.173829
-0.178804
-0.206779
-0.239184
-0.26996
-0.32671
-0.252266
-0.0378106
0.0729339
-0.0761708
-0.147632
-0.147632

0.156832
-0.156832
-0.141234
-0.161116
-0.182173
-0.2197
-0.216836
-0.215957
-0.231333
-0.234077
-0.207903
-0.215701
-0.236524
-0.298836
-0.333044
-0.402719
-0.301609
-0.0168912
0.104772
-0.0862965
-0.174668
-0.174668

0.184136
-0.184136
-0.182944
-0.199023
-0.219275
-0.286804
-0.256373
-0.247805
-0.274779
-0.264145
-0.240755
-0.251081
-0.275205
-0.366024
-0.40412
-0.529646
-0.390225
-0.00330033
0.130762
-0.0973005
-0.201606
-0.201606

0.211954
-0.211954
-0.220788
-0.235381
-0.255764
-0.372185
-0.300423
-0.279038
-0.313848
-0.291512
-0.272266
-0.285418
-0.318347
-0.432161
-0.485889
-0.625599
-0.501645
0.00970443
0.150117
-0.112282
-0.228582
-0.228582

0.240075
-0.240075
-0.255683
-0.269097
-0.29014
-0.471864
-0.344362
-0.307854
-0.32606
-0.314464
-0.302341
-0.318839
-0.3613
-0.495661
-0.577982
-0.741232
-0.646989
0.0391422
0.173019
-0.137052
-0.25575
-0.25575

0.268407
-0.268407
-0.288511
-0.300633
-0.320151
-0.502099
-0.371266
-0.332595
-0.328929
-0.334654
-0.331169
-0.351205
-0.402532
-0.555626
-0.681444
-0.910647
-0.839254
0.114025
0.205247
-0.177382
-0.283227
-0.283227

0.296934
-0.296934
-0.319979
-0.330537
-0.342824
-0.169184
-0.33653
-0.350589
-0.337742
-0.354982
-0.359152
-0.38232
-0.440849
-0.599819
-0.797184
-1.14398
-1.07734
0.155344
0.220136
-0.231529
-0.311034
-0.311034

0.325684
-0.325684
-0.350823
-0.359412
-0.362952
-0.230886
-0.340796
-0.369376
-0.352487
-0.37647
-0.386561
-0.412036
-0.475512
-0.603274
-0.92677
-1.38877
-1.30317
0.133266
0.224926
-0.286741
-0.338695
-0.338695

0.354714
-0.354714
-0.382006
-0.387544
-0.384477
-0.274126
-0.358063
-0.390646
-0.372638
-0.399525
-0.413483
-0.440361
-0.507541
-0.642753
-1.05716
-1.42759
-1.40294
0.0467541
0.204654
-0.338818
-0.366089
-0.366089

0.384076
-0.384076
-0.414279
-0.415127
-0.408253
-0.307135
-0.38099
-0.414573
-0.401175
-0.424557
-0.439994
-0.467273
-0.536748
-0.691115
-1.10426
-1.01035
-1.36495
-0.0772345
0.157395
-0.385322
-0.39326
-0.39326

0.413765
-0.413765
-0.445277
-0.442793
-0.43527
-0.338354
-0.408126
-0.441081
-0.432363
-0.450852
-0.466013
-0.492862
-0.562374
-0.721704
-0.965373
-1.10763
-1.4384
-0.160321
0.112607
-0.421146
-0.420348
-0.420348

0.386675
-0.413765
-0.445277
-0.442793
-0.43527
-0.338354
-0.408126
-0.441081
-0.432363
-0.450852
-0.466013
-0.492862
-0.562374
-0.721704
-0.965373
-1.10763
-1.4384
-0.160321
0.112607
-0.421146
-0.420348
-0.391785

0
0
0
0
0
0
0
0
0
0
0
0
0
0
0
0
0
0
0
0
0
0


0
0
0
0
0
1
0
0
0
0
0
0
0
0
0
0
0
0
0
0
0
0

0.0623426
-0.0623426
-0.0542506
-0.0610682
-0.0618448
1.01541
-0.0483801
-0.0744704
-0.07389
-0.07677
-0.0716261
-0.0725274
-0.0609167
-0.0808372
-0.0938344
-0.10598
-0.165577
-0.0561689
-0.0275668
-0.0516975
-0.0661742
-0.0661742

0.0843071
-0.0843071
-0.0635127
-0.0834025
-0.0864738
0.706156
-0.0858039
-0.110157
-0.109764
-0.115041
-0.104587
-0.106418
-0.0950776
-0.12591
-0.148897
-0.173074
-0.288626
-0.0727778
-0.0157616
-0.0646695
-0.0934972
-0.0934972

0.107488
-0.107488
-0.0836365
-0.10764
-0.113784
0.285808
-0.131408
-0.144733
-0.146905
-0.152763
-0.138076
-0.141242
-0.141368
-0.176225
-0.205217
-0.240732
-0.302584
-0.0827768
-0.00231976
-0.0778725
-0.120782
-0.120782

0.132141
-0.132141
-0.114772
-0.135112
-0.144622
-0.00820768
-0.17083
-0.17723
-0.183596
-0.188128
-0.171614
-0.176699
-0.192066
-0.230691
-0.263632
-0.310895
-0.295808
-0.0814903
0.0125475
-0.091605
-0.148014
-0.148014

0.158064
-0.158064
-0.150656
-0.165972
-0.17839
-0.158135
-0.206848
-0.208479
-0.219511
-0.220711
-0.20462
-0.212092
-0.23317
-0.285963
-0.325295
-0.387327
-0.332648
-0.0793168
0.0257319
-0.10644
-0.175191
-0.175191

0.184887
-0.184887
-0.186995
-0.199197
-0.213337
-0.241835
-0.242759
-0.239082
-0.254666
-0.250913
-0.236745
-0.246714
-0.272001
-0.343592
-0.39216
-0.481391
-0.40604
-0.0806915
0.036982
-0.123122
-0.202324
-0.202324

0.212295
-0.212295
-0.222106
-0.232631
-0.247771
-0.307754
-0.278938
-0.268734
-0.286002
-0.278824
-0.267832
-0.280467
-0.312223
-0.401659
-0.465579
-0.578975
-0.507183
-0.0843346
0.044672
-0.143697
-0.229485
-0.229485

0.240082
-0.240082
-0.255691
-0.265022
-0.2802
-0.367482
-0.313077
-0.296629
-0.308187
-0.304231
-0.297834
-0.313352
-0.35238
-0.457668
-0.545572
-0.685182
-0.638464
-0.0887997
0.0492282
-0.17047
-0.256735
-0.256735

0.268147
-0.268147
-0.287955
-0.29607
-0.308969
-0.391612
-0.338109
-0.321994
-0.32392
-0.327684
-0.326826
-0.345269
-0.391193
-0.509436
-0.631784
-0.816909
-0.808279
-0.104577
0.0474538
-0.204588
-0.284093
-0.284093

0.296456
-0.296456
-0.319233
-0.3259
-0.333441
-0.283515
-0.340854
-0.344222
-0.33972
-0.350552
-0.355008
-0.376086
-0.427754
-0.552441
-0.723211
-0.981676
-1.02148
-0.167146
0.0319705
-0.245723
-0.311582
-0.311582

0.325026
-0.325026
-0.349881
-0.354847
-0.356213
-0.278815
-0.348228
-0.365655
-0.358215
-0.373793
-0.38256
-0.405692
-0.461577
-0.58231
-0.817491
-1.15397
-1.25553
-0.268098
0.00432888
-0.289354
-0.339046
-0.339046

0.353907
-0.353907
-0.380208
-0.38321
-0.379745
-0.303276
-0.364992
-0.388352
-0.380089
-0.397883
-0.409589
-0.43404
-0.492876
-0.616345
-0.904073
-1.22185
-1.43387
-0.405769
-0.0365905
-0.331652
-0.366378
-0.366378

0.38316
-0.38316
-0.410323
-0.411209
-0.404993
-0.33269
-0.387727
-0.412941
-0.405722
-0.423024
-0.436145
-0.461101
-0.521516
-0.651924
-0.948981
-1.04638
-1.48835
-0.528899
-0.0819912
-0.369825
-0.393563
-0.393563

0.412746
-0.412746
-0.439628
-0.439106
-0.432482
-0.36353
-0.414635
-0.439521
-0.433637
-0.449054
-0.462236
-0.486918
-0.547189
-0.679656
-0.925642
-1.07201
-1.53097
-0.585801
-0.117116
-0.401112
-0.420663
-0.420663

0.385563
-0.412746
-0.439628
-0.439106
-0.432482
-0.36353
-0.414635
-0.439521
-0.433637
-0.449054
-0.462236
-0.486918
-0.547189
-0.679656
-0.925642
-1.07201
-1.53097
-0.585801
-0.117116
-0.401112
-0.420663
-0.392017

0
0
0
0
0
0
0
0
0
0
0
0
0
0
0
0
0
0
0
0
0
0


0
0
0
0
0
0
0
0
0
0
0
0
0
0
0
0
0
0
0
0
0
0

0.0630528
-0.0630528
-0.0580291
-0.062999
-0.0523312
-0.114071
-0.106625
-0.0767411
-0.0733082
-0.0745864
-0.0715164
-0.0724263
-0.0698266
-0.0819099
-0.0913347
-0.101371
-0.122675
-0.059932
-0.0383811
-0.0555263
-0.0662844
-0.0662844

0.0857335
-0.0857335
-0.0770026
-0.0870798
-0.0792827
-0.0934011
-0.128702
-0.109027
-0.107389
-0.109997
-0.104049
-0.106017
-0.104517
-0.126009
-0.14389
-0.163856
-0.203573
-0.0809078
-0.0380385
-0.0723039
-0.0937133
-0.0937133

0.109271
-0.109271
-0.099798
-0.112452
-0.110943
-0.0581649
-0.143625
-0.1401
-0.141697
-0.144879
-0.136691
-0.140066
-0.144391
-0.172715
-0.197581
-0.227072
-0.25816
-0.100007
-0.0376219
-0.0894301
-0.121095
-0.121095

0.133862
-0.133862
-0.127686
-0.139796
-0.143087
-0.0851625
-0.167782
-0.170894
-0.175758
-0.17849
-0.169236
-0.174428
-0.186929
-0.221853
-0.253041
-0.292355
-0.293036
-0.114935
-0.0374022
-0.107219
-0.148428
-0.148428

0.159454
-0.159454
-0.158977
-0.169105
-0.175601
-0.149491
-0.198231
-0.201224
-0.208976
-0.210385
-0.201378
-0.208701
-0.227606
-0.272264
-0.311005
-0.362628
-0.33801
-0.128929
-0.0382649
-0.126125
-0.175718
-0.175718

0.185853
-0.185853
-0.191603
-0.199889
-0.20844
-0.213411
-0.230691
-0.230934
-0.240815
-0.240513
-0.23287
-0.242477
-0.266336
-0.323651
-0.372373
-0.441564
-0.404425
-0.146003
-0.0410841
-0.14683
-0.202978
-0.202978

0.212844
-0.212844
-0.224245
-0.231188
-0.240837
-0.267256
-0.26298
-0.259777
-0.270083
-0.268916
-0.26357
-0.275569
-0.304732
-0.375159
-0.437737
-0.52737
-0.493501
-0.169068
-0.0474299
-0.170391
-0.230242
-0.230242

0.240267
-0.240267
-0.25632
-0.262186
-0.271786
-0.31073
-0.293261
-0.287368
-0.295314
-0.29565
-0.293424
-0.307892
-0.342674
-0.425231
-0.507002
-0.62051
-0.607376
-0.202664
-0.0590594
-0.197758
-0.257534
-0.257534

0.268026
-0.268026
-0.287686
-0.292479
-0.300331
-0.33417
-0.31853
-0.31337
-0.317043
-0.321027
-0.322461
-0.339355
-0.379491
-0.472192
-0.579517
-0.726638
-0.751195
-0.256115
-0.0784272
-0.229236
-0.284862
-0.284862

0.296084
-0.296084
-0.318398
-0.321989
-0.326245
-0.316556
-0.33532
-0.337713
-0.337746
-0.345721
-0.350777
-0.369853
-0.414561
-0.5141
-0.653872
-0.847967
-0.929714
-0.338084
-0.107009
-0.264331
-0.312229
-0.312229

0.324447
-0.324447
-0.348568
-0.350843
-0.350888
-0.312488
-0.350176
-0.361275
-0.359307
-0.370366
-0.378479
-0.399293
-0.44749
-0.549935
-0.727054
-0.969805
-1.13504
-0.443591
-0.143535
-0.301097
-0.339577
-0.339577

0.353156
-0.353156
-0.37828
-0.379234
-0.3758
-0.328366
-0.368977
-0.385336
-0.382602
-0.395367
-0.405649
-0.427613
-0.478179
-0.58356
-0.791638
-1.03929
-1.32451
-0.560304
-0.184553
-0.337163
-0.366844
-0.366844

0.382269
-0.382269
-0.407513
-0.407327
-0.401883
-0.353366
-0.392111
-0.410598
-0.407886
-0.420912
-0.432329
-0.454773
-0.506484
-0.614932
-0.832941
-0.99586
-1.43023
-0.657984
-0.223529
-0.370466
-0.394001
-0.394001

0.411744
-0.411744
-0.435993
-0.43528
-0.429552
-0.382409
-0.418823
-0.437298
-0.434753
-0.447
-0.458543
-0.480793
-0.53229
-0.641271
-0.84445
-1.00062
-1.46537
-0.702986
-0.253282
-0.399318
-0.421069
-0.421069

0.384467
-0.411744
-0.435993
-0.43528
-0.429552
-0.382409
-0.418823
-0.437298
-0.434753
-0.447
-0.458543
-0.480793
-0.53229
-0.641271
-0.84445
-1.00062
-1.46537
-0.702986
-0.253282
-0.399318
-0.421069
-0.392346

0
0
0
0
0
0
0
0
0
0
0
0
0
0
0
0
0
0
0
0
0
0


0
0
0
0
0
0
0
0
0
0
0
0
0
0
0
0
0
0
0
0
0
0

0.0637091
-0.0637091
-0.0614917
-0.0640629
-0.0613666
-0.0714267
-0.0789874
-0.0721678
-0.0717829
-0.0726785
-0.071097
-0.0721416
-0.0727626
-0.0810394
-0.088302
-0.0960263
-0.10359
-0.064984
-0.0487607
-0.0594637
-0.0664187
-0.0664187

0.0869515
-0.0869515
-0.0843784
-0.0893854
-0.0861327
-0.0890785
-0.112576
-0.104353
-0.104424
-0.10611
-0.103092
-0.105286
-0.107746
-0.123517
-0.137753
-0.153228
-0.167277
-0.0911173
-0.0587364
-0.0800473
-0.0939625
-0.0939625

0.110805
-0.110805
-0.109016
-0.115465
-0.113861
-0.0982557
-0.138354
-0.135129
-0.136893
-0.139085
-0.135023
-0.13861
-0.14491
-0.167272
-0.188049
-0.211259
-0.224097
-0.116951
-0.0690282
-0.100909
-0.121436
-0.121436

0.135413
-0.135413
-0.13612
-0.14268
-0.143387
-0.121151
-0.163836
-0.165112
-0.168987
-0.171254
-0.166785
-0.172044
-0.18353
-0.212368
-0.239621
-0.270973
-0.273281
-0.141952
-0.0799622
-0.12234
-0.148855
-0.148855

0.160792
-0.160792
-0.165295
-0.171075
-0.173861
-0.159422
-0.191759
-0.194593
-0.200355
-0.202334
-0.198214
-0.205364
-0.221974
-0.25837
-0.292909
-0.334003
-0.324656
-0.167499
-0.092071
-0.144691
-0.176231
-0.176231

0.186853
-0.186853
-0.195664
-0.200413
-0.204718
-0.203452
-0.221341
-0.223569
-0.2306
-0.232205
-0.229149
-0.238315
-0.259478
-0.304834
-0.348333
-0.402067
-0.387028
-0.196382
-0.106195
-0.168413
-0.203578
-0.203578

0.213472
-0.213472
-0.226449
-0.23023
-0.23535
-0.245497
-0.251122
-0.251899
-0.259209
-0.260858
-0.259481
-0.270722
-0.296312
-0.35116
-0.406103
-0.475474
-0.464675
-0.231832
-0.123553
-0.194029
-0.230911
-0.230911

0.24054
-0.24054
-0.257166
-0.26005
-0.265103
-0.281511
-0.279711
-0.279391
-0.285726
-0.288359
-0.289154
-0.302476
-0.33247
-0.396412
-0.466032
-0.554464
-0.560449
-0.277722
-0.145487
-0.221925
-0.258241
-0.258241

0.267987
-0.267987
-0.287582
-0.289556
-0.293436
-0.307177
-0.305648
-0.305899
-0.310337
-0.314902
-0.318168
-0.333485
-0.367623
-0.439523
-0.527466
-0.640533
-0.6778
-0.338143
-0.173008
-0.252125
-0.285572
-0.285572

0.295782
-0.295782
-0.317619
-0.318619
-0.320234
-0.318309
-0.327895
-0.331462
-0.334028
-0.340844
-0.346565
-0.363658
-0.401376
-0.479454
-0.589087
-0.733213
-0.819825
-0.414367
-0.205954
-0.28418
-0.312898
-0.312898

0.32393
-0.32393
-0.347263
-0.347256
-0.346136
-0.327726
-0.348275
-0.356497
-0.357837
-0.366564
-0.3744
-0.392915
-0.433418
-0.515657
-0.648343
-0.823533
-0.983283
-0.502584
-0.24273
-0.317044
-0.340195
-0.340195

0.352466
-0.352466
-0.376496
-0.375555
-0.37207
-0.344672
-0.369899
-0.381701
-0.382431
-0.392348
-0.401723
-0.42119
-0.463565
-0.548778
-0.700385
-0.886405
-1.14522
-0.593236
-0.280254
-0.349339
-0.367424
-0.367424

0.381441
-0.381441
-0.405244
-0.403611
-0.398721
-0.368218
-0.39405
-0.407604
-0.408084
-0.418353
-0.428557
-0.448434
-0.491664
-0.578697
-0.738166
-0.895929
-1.2573
-0.66823
-0.314429
-0.379739
-0.394553
-0.394553

0.410808
-0.410808
-0.433316
-0.431509
-0.426439
-0.395936
-0.420795
-0.434457
-0.434737
-0.44462
-0.454919
-0.474648
-0.517664
-0.604658
-0.75981
-0.904559
-1.29521
-0.704998
-0.341183
-0.407187
-0.421578
-0.421578

0.383433
-0.410808
-0.433316
-0.431509
-0.426439
-0.395936
-0.420795
-0.434457
-0.434737
-0.44462
-0.454919
-0.474648
-0.517664
-0.604658
-0.75981
-0.904559
-1.29521
-0.704998
-0.341183
-0.407187
-0.421578
-0.392778

0
0
0
0
0
0
0
0
0
0
0
0
0
0
0
0
0
0
0
0
0
0


0
0
0
0
0
0
0
0
0
0
0
0
0
0
0
0
0
0
0
0
0
0

0.064307
-0.064307
-0.0639089
-0.0649678
-0.0640912
-0.0646102
-0.0714636
-0.0699471
-0.0703875
-0.0711484
-0.0706031
-0.0717551
-0.073433
-0.0793472
-0.0848905
-0.0904623
-0.0930191
-0.0699943
-0.0583168
-0.0633931
-0.0665999
-0.0665999

0.0879912
-0.0879912
-0.0888921
-0.0910044
-0.0895678
-0.0890623
-0.102855
-0.100553
-0.101584
-0.103028
-0.102005
-0.104361
-0.108147
-0.119757
-0.130818
-0.142114
-0.147072
-0.101002
-0.0774519
-0.0876593
-0.0942563
-0.0942563

0.112096
-0.112096
-0.114678
-0.117435
-0.116251
-0.110764
-0.131181
-0.130432
-0.132543
-0.134543
-0.133266
-0.136974
-0.143716
-0.160736
-0.177262
-0.194439
-0.199541
-0.132213
-0.0968174
-0.112016
-0.121802
-0.121802

0.136745
-0.136745
-0.141682
-0.144502
-0.144108
-0.135518
-0.158147
-0.159675
-0.163152
-0.165532
-0.164345
-0.169576
-0.179976
-0.202372
-0.224489
-0.247953
-0.249947
-0.163809
-0.116815
-0.136736
-0.149285
-0.149285

0.161981
-0.161981
-0.169865
-0.172269
-0.172792
-0.16594
-0.185501
-0.188461
-0.193224
-0.195838
-0.195152
-0.202042
-0.216299
-0.244476
-0.272732
-0.303494
-0.301494
-0.196624
-0.137859
-0.162061
-0.176726
-0.176726

0.187779
-0.187779
-0.19889
-0.200636
-0.201901
-0.199953
-0.213567
-0.216853
-0.222535
-0.225362
-0.225586
-0.234211
-0.252166
-0.286732
-0.322162
-0.361946
-0.358694
-0.232319
-0.160519
-0.188242
-0.204135
-0.204135

0.21408
-0.21408
-0.228362
-0.229379
-0.231016
-0.234163
-0.241832
-0.244812
-0.250858
-0.254077
-0.255566
-0.265945
-0.287442
-0.328715
-0.372808
-0.423767
-0.424996
-0.272971
-0.185495
-0.215511
-0.231519
-0.231519

0.240824
-0.240824
-0.25797
-0.258242
-0.259728
-0.265803
-0.269554
-0.272257
-0.278038
-0.282019
-0.285042
-0.297138
-0.322035
-0.369852
-0.424454
-0.489144
-0.502914
-0.320666
-0.213416
-0.243997
-0.258885
-0.258885

0.267972
-0.267972
-0.287518
-0.28702
-0.287725
-0.292681
-0.296004
-0.299133
-0.304168
-0.309298
-0.313997
-0.327702
-0.355743
-0.409481
-0.476557
-0.558273
-0.594768
-0.376803
-0.244484
-0.273624
-0.286233
-0.286233

0.29551
-0.29551
-0.316895
-0.315599
-0.314928
-0.313744
-0.320789
-0.325487
-0.329667
-0.336098
-0.34244
-0.357558
-0.388314
-0.446966
-0.528088
-0.630022
-0.702306
-0.441013
-0.278152
-0.30406
-0.31356
-0.31356

0.323451
-0.323451
-0.346035
-0.343951
-0.341616
-0.332408
-0.344511
-0.351533
-0.355056
-0.362634
-0.370392
-0.386634
-0.419518
-0.481865
-0.577213
-0.699023
-0.823717
-0.510527
-0.313087
-0.334699
-0.340849
-0.340849

0.35183
-0.35183
-0.374872
-0.372097
-0.368285
-0.353235
-0.368564
-0.377633
-0.380745
-0.389079
-0.397873
-0.41487
-0.449177
-0.514054
-0.620921
-0.753038
-0.946376
-0.579229
-0.347223
-0.364756
-0.368076
-0.368076

0.380692
-0.380692
-0.403299
-0.400067
-0.395365
-0.377532
-0.393917
-0.404108
-0.406946
-0.415535
-0.424886
-0.442208
-0.477148
-0.543278
-0.655506
-0.780007
-1.04034
-0.636123
-0.378034
-0.393422
-0.395204
-0.395204

0.409971
-0.409971
-0.431135
-0.427874
-0.423094
-0.404784
-0.420877
-0.431131
-0.433682
-0.442028
-0.451418
-0.468624
-0.503384
-0.569314
-0.680148
-0.795767
-1.07857
-0.667168
-0.40315
-0.420038
-0.422204
-0.422204

0.382488
-0.409971
-0.431135
-0.427874
-0.423094
-0.404784
-0.420877
-0.431131
-0.433682
-0.442028
-0.451418
-0.468624
-0.503384
-0.569314
-0.680148
-0.795767
-1.07857
-0.667168
-0.40315
-0.420038
-0.422204
-0.393318

0
0
0
0
0
0
0
0
0
0
0
0
0
0
0
0
0
0
0
0
0
0


0
0
0
0
0
0
0
0
0
0
0
0
0
0
0
0
0
0
0
0
0
0

0.0649352
-0.0649352
-0.0656898
-0.0657505
-0.0653073
-0.0648792
-0.0683675
-0.0684394
-0.0691958
-0.0699705
-0.0701893
-0.0714008
-0.0732885
-0.0773805
-0.0813291
-0.0849043
-0.0856262
-0.0746671
-0.0671487
-0.067324
-0.066896
-0.066896

0.0889181
-0.0889181
-0.0919496
-0.0921984
-0.0913131
-0.0905717
-0.0972569
-0.0974954
-0.0990097
-0.1005
-0.100935
-0.103366
-0.107294
-0.115446
-0.123458
-0.130861
-0.132578
-0.109961
-0.0944866
-0.0950826
-0.0946111
-0.0946111

0.113194
-0.113194
-0.118472
-0.118779
-0.117657
-0.115644
-0.125154
-0.126217
-0.128626
-0.130777
-0.131527
-0.135254
-0.141547
-0.153679
-0.165808
-0.177221
-0.179502
-0.145475
-0.121779
-0.122708
-0.122191
-0.122191

0.137872
-0.137872
-0.145534
-0.14567
-0.14452
-0.141343
-0.1523
-0.154606
-0.158012
-0.16075
-0.161967
-0.167071
-0.176037
-0.192128
-0.208503
-0.224225
-0.226273
-0.181574
-0.149449
-0.150445
-0.149713
-0.149713

0.162998
-0.162998
-0.173196
-0.172938
-0.171858
-0.168813
-0.179323
-0.182717
-0.187081
-0.190341
-0.192205
-0.198748
-0.210523
-0.230695
-0.251614
-0.272214
-0.273848
-0.218703
-0.177754
-0.178426
-0.177198
-0.177198

0.188581
-0.188581
-0.201367
-0.200564
-0.199527
-0.197841
-0.206542
-0.210593
-0.215729
-0.219486
-0.222177
-0.230182
-0.244725
-0.26918
-0.29516
-0.321553
-0.323998
-0.257574
-0.206939
-0.206747
-0.204652
-0.204652

0.214607
-0.214607
-0.229889
-0.228464
-0.227343
-0.227364
-0.233894
-0.238239
-0.243861
-0.248154
-0.251823
-0.261269
-0.278464
-0.307316
-0.339078
-0.372483
-0.378492
-0.299039
-0.237227
-0.235466
-0.232078
-0.232078

0.24106
-0.24106
-0.258606
-0.256525
-0.255113
-0.256205
-0.261118
-0.265639
-0.271424
-0.276351
-0.281098
-0.29192
-0.311609
-0.344759
-0.383172
-0.425075
-0.438827
-0.343816
-0.268729
-0.264582
-0.259476
-0.259476

0.267931
-0.267931
-0.287397
-0.284644
-0.282684
-0.283397
-0.28792
-0.292782
-0.298459
-0.304121
-0.309976
-0.322057
-0.344011
-0.381121
-0.427058
-0.47921
-0.506343
-0.392147
-0.301291
-0.294003
-0.286849
-0.286849

0.295231
-0.295231
-0.316171
-0.312746
-0.31
-0.308528
-0.314134
-0.319698
-0.32513
-0.331545
-0.338447
-0.351613
-0.375503
-0.416011
-0.470068
-0.534014
-0.581999
-0.443483
-0.334411
-0.323525
-0.314196
-0.314196

0.322985
-0.322985
-0.344852
-0.340793
-0.337152
-0.33247
-0.339935
-0.346484
-0.351663
-0.358723
-0.366509
-0.380526
-0.405928
-0.449098
-0.511092
-0.586657
-0.664961
-0.496217
-0.367247
-0.352835
-0.341512
-0.341512

0.351239
-0.351239
-0.373361
-0.368772
-0.364345
-0.356895
-0.365843
-0.3733
-0.378262
-0.385743
-0.394164
-0.408747
-0.435152
-0.48013
-0.548446
-0.631357
-0.748898
-0.547107
-0.398659
-0.38154
-0.368783
-0.368783

0.380041
-0.380041
-0.401578
-0.396666
-0.39178
-0.382752
-0.392336
-0.400297
-0.405043
-0.412652
-0.421397
-0.436221
-0.463061
-0.508855
-0.580169
-0.662059
-0.81727
-0.590359
-0.427264
-0.409197
-0.395973
-0.395973

0.409296
-0.409296
-0.429293
-0.424418
-0.419548
-0.410123
-0.419616
-0.427533
-0.432004
-0.439427
-0.448157
-0.462891
-0.489594
-0.535163
-0.605725
-0.682606
-0.850903
-0.61825
-0.451732
-0.435368
-0.423014
-0.423014

0.381686
-0.409296
-0.429293
-0.424418
-0.419548
-0.410123
-0.419616
-0.427533
-0.432004
-0.439427
-0.448157
-0.462891
-0.489594
-0.535163
-0.605725
-0.682606
-0.850903
-0.61825
-0.451732
-0.435368
-0.423014
-0.394022

0
0
0
0
0
0
0
0
0
0
0
0
0
0
0
0
0
0
0
0
0
0


0
0
0
0
0
0
0
0
0
0
0
0
0
0
0
0
0
0
0
0
0
0

0.065698
-0.065698
-0.0672353
-0.0666243
-0.0662713
-0.0661296
-0.0668963
-0.0676049
-0.0685023
-0.0693253
-0.0700591
-0.0712535
-0.0730139
-0.0756828
-0.0783446
-0.0804212
-0.080786
-0.0791123
-0.0747392
-0.0710901
-0.0675046
-0.0675046

0.0897178
-0.0897178
-0.0941854
-0.0931178
-0.0923518
-0.0921898
-0.0935645
-0.095034
-0.0968229
-0.0984451
-0.0999596
-0.102377
-0.105964
-0.111173
-0.116457
-0.12058
-0.121355
-0.117598
-0.108695
-0.101638
-0.0949914
-0.0949914

0.11407
-0.11407
-0.121195
-0.119704
-0.118473
-0.118205
-0.120234
-0.12249
-0.125146
-0.127548
-0.129849
-0.133498
-0.138942
-0.146663
-0.154617
-0.160884
-0.162319
-0.156462
-0.142754
-0.132175
-0.122512
-0.122512

0.138754
-0.138754
-0.148345
-0.1464
-0.144653
-0.14413
-0.146832
-0.14992
-0.153412
-0.156571
-0.159666
-0.164555
-0.171888
-0.182068
-0.192734
-0.201254
-0.203641
-0.195802
-0.176944
-0.162661
-0.150034
-0.150034

0.163786
-0.163786
-0.175691
-0.173238
-0.170937
-0.170057
-0.173372
-0.177303
-0.181581
-0.185464
-0.189362
-0.195486
-0.204723
-0.217295
-0.230714
-0.241614
-0.245262
-0.235654
-0.211254
-0.193066
-0.177542
-0.177542

0.189188
-0.189188
-0.203259
-0.200238
-0.19737
-0.196119
-0.199919
-0.204637
-0.209626
-0.214191
-0.21889
-0.226225
-0.237334
-0.252224
-0.26844
-0.281873
-0.287144
-0.275976
-0.245616
-0.223341
-0.205027
-0.205027

0.214976
-0.214976
-0.231043
-0.22741
-0.223987
-0.222409
-0.226547
-0.231938
-0.237532
-0.242725
-0.248207
-0.256696
-0.269591
-0.286714
-0.305764
-0.321918
-0.329252
-0.316632
-0.27989
-0.253423
-0.232483
-0.232483

0.241167
-0.241167
-0.259015
-0.254749
-0.250804
-0.248965
-0.253313
-0.259223
-0.265294
-0.271051
-0.277274
-0.28683
-0.301365
-0.320604
-0.342499
-0.361565
-0.371484
-0.357363
-0.313866
-0.283237
-0.259911
-0.259911

0.267787
-0.267787
-0.287135
-0.282239
-0.277819
-0.275786
-0.28024
-0.286512
-0.292919
-0.299163
-0.306061
-0.316559
-0.332537
-0.353715
-0.378402
-0.400539
-0.413604
-0.397744
-0.347265
-0.3127
-0.287311
-0.287311

0.294866
-0.294866
-0.315353
-0.309857
-0.305024
-0.302839
-0.30733
-0.313823
-0.320429
-0.327068
-0.334544
-0.345828
-0.363002
-0.385862
-0.41316
-0.438413
-0.455138
-0.43719
-0.379757
-0.34172
-0.314689
-0.314689

0.322454
-0.322454
-0.343611
-0.337579
-0.332412
-0.330082
-0.334577
-0.341179
-0.347862
-0.354784
-0.362709
-0.374593
-0.392673
-0.416862
-0.446373
-0.474537
-0.495179
-0.474896
-0.410987
-0.37021
-0.342054
-0.342054

0.350621
-0.350621
-0.371841
-0.365387
-0.359995
-0.357539
-0.361999
-0.368611
-0.375265
-0.382335
-0.390554
-0.402823
-0.421482
-0.446547
-0.47757
-0.507989
-0.532129
-0.509776
-0.440592
-0.398089
-0.369416
-0.369416

0.379456
-0.379456
-0.399952
-0.393266
-0.3878
-0.385275
-0.389637
-0.396155
-0.402681
-0.40975
-0.418082
-0.430503
-0.449384
-0.474783
-0.506307
-0.537758
-0.563773
-0.540408
-0.468223
-0.42528
-0.396787
-0.396787

0.408905
-0.408905
-0.427775
-0.421163
-0.415818
-0.413306
-0.417504
-0.423809
-0.430109
-0.437013
-0.445267
-0.457609
-0.47637
-0.501578
-0.53258
-0.563382
-0.588822
-0.565291
-0.493404
-0.451605
-0.424138
-0.424138

0.381131
-0.408905
-0.427775
-0.421163
-0.415818
-0.413306
-0.417504
-0.423809
-0.430109
-0.437013
-0.445267
-0.457609
-0.47637
-0.501578
-0.53258
-0.563382
-0.588822
-0.565291
-0.493404
-0.451605
-0.424138
-0.394996

0
0
0
0
0
0
0
0
0
0
0
0
0
0
0
0
0
0
0
0
0
0


0
0
0
0
0
0
0
0
0
0
0
0
0
0
0
0
0
0
0
0
0
0

0
-0.065698
-0.0672353
-0.0666243
-0.0662713
-0.0661296
-0.0668963
-0.0676049
-0.0685023
-0.0693253
-0.0700591
-0.0712535
-0.0730139
-0.0756828
-0.0783446
-0.0804212
-0.080786
-0.0791123
-0.0747392
-0.0710901
-0.0675046
0

0
-0.0897178
-0.0941854
-0.0931178
-0.0923518
-0.0921898
-0.0935645
-0.095034
-0.0968229
-0.0984451
-0.0999596
-0.102377
-0.105964
-0.111173
-0.116457
-0.12058
-0.121355
-0.117598
-0.108695
-0.101638
-0.0949914
0

0
-0.11407
-0.121195
-0.119704
-0.118473
-0.118205
-0.120234
-0.12249
-0.125146
-0.127548
-0.129849
-0.133498
-0.138942
-0.146663
-0.154617
-0.160884
-0.162319
-0.156462
-0.142754
-0.132175
-0.122512
0

0
-0.138754
-0.148345
-0.1464
-0.144653
-0.14413
-0.146832
-0.14992
-0.153412
-0.156571
-0.159666
-0.164555
-0.171888
-0.182068
-0.192734
-0.201254
-0.203641
-0.195802
-0.176944
-0.162661
-0.150034
0

0
-0.163786
-0.175691
-0.173238
-0.170937
-0.170057
-0.173372
-0.177303
-0.181581
-0.185464
-0.189362
-0.195486
-0.204723
-0.217295
-0.230714
-0.241614
-0.245262
-0.235654
-0.211254
-0.193066
-0.177542
0

0
-0.189188
-0.203259
-0.200238
-0.19737
-0.196119
-0.199919
-0.204637
-0.209626
-0.214191
-0.21889
-0.226225
-0.237334
-0.252224
-0.26844
-0.281873
-0.287144
-0.275976
-0.245616
-0.223341
-0.205027
0

0
-0.214976
-0.231043
-0.22741
-0.223987
-0.222409
-0.226547
-0.231938
-0.237532
-0.242725
-0.248207
-0.256696
-0.269591
-0.286714
-0.305764
-0.321918
-0.329252
-0.316632
-0.27989
-0.253423
-0.232483
0

0
-0.241167
-0.259015
-0.254749
-0.250804
-0.248965
-0.253313
-0.259223
-0.265294
-0.271051
-0.277274
-0.28683
-0.301365
-0.320604
-0.342499
-0.361565
-0.371484
-0.357363
-0.313866
-0.283237
-0.259911
0

0
-0.267787
-0.287135
-0.282239
-0.277819
-0.275786
-0.28024
-0.286512
-0.292919
-0.299163
-0.306061
-0.316559
-0.332537
-0.353715
-0.378402
-0.400539
-0.413604
-0.397744
-0.347265
-0.3127
-0.287311
0

0
-0.294866
-0.315353
-0.309857
-0.305024
-0.302839
-0.30733
-0.313823
-0.320429
-0.327068
-0.334544
-0.345828
-0.363002
-0.385862
-0.41316
-0.438413
-0.455138
-0.43719
-0.379757
-0.34172
-0.314689
0

0
-0.322454
-0.343611
-0.337579
-0.332412
-0.330082
-0.334577
-0.341179
-0.347862
-0.354784
-0.362709
-0.374593
-0.392673
-0.416862
-0.446373
-0.474537
-0.495179
-0.474896
-0.410987
-0.37021
-0.342054
0

0
-0.350621
-0.371841
-0.365387
-0.359995
-0.357539
-0.361999
-0.368611
-0.375265
-0.382335
-0.390554
-0.402823
-0.421482
-0.446547
-0.47757
-0.507989
-0.532129
-0.509776
-0.440592
-0.398089
-0.369416
0

0
-0.379456
-0.399952
-0.393266
-0.3878
-0.385275
-0.389637
-0.396155
-0.402681
-0.40975
-0.418082
-0.430503
-0.449384
-0.474783
-0.506307
-0.537758
-0.563773
-0.540408
-0.468223
-0.42528
-0.396787
0

0
-0.408905
-0.427775
-0.421163
-0.415818
-0.413306
-0.417504
-0.423809
-0.430109
-0.437013
-0.445267
-0.457609
-0.47637
-0.501578
-0.53258
-0.563382
-0.588822
-0.565291
-0.493404
-0.451605
-0.424138
0

0
-0.408905
-0.427775
-0.421163
-0.415818
-0.413306
-0.417504
-0.423809
-0.430109
-0.437013
-0.445267
-0.457609
-0.47637
-0.501578
-0.53258
-0.563382
-0.588822
-0.565291
-0.493404
-0.451605
-0.424138
0

0
0
0
0
0
0
0
0
0
0
0
0
0
0
0
0
0
0
0
0
0
0


