0
0
0
0
0
0
0
0
0
0
0
0
0
0
0
0
0
0
0
0
0
0

0
-1.73305
-2.19798
-1.8472
-1.83385
-2.01318
-2.22699
-1.91604
-1.67455
-2.31691
-1.69292
-1.68881
-1.82397
-1.6221
-2.12767
-2.24483
-5.06095
-2.32755
-2.45043
-2.16845
-1.89501
0

0
-1.71526
2.05596
-1.60924
-1.8644
-1.79892
-2.16391
-1.89827
-2.08026
-2.31691
-1.68921
-1.63565
-0.364488
-1.65154
-2.05805
-2.30198
-3.28371
-2.99487
-2.39665
-2.09132
-1.83372
0

0
-1.67721
-2.14517
-1.75116
-1.85513
-2.20578
-1.57887
-1.81311
-2.13749
-2.06604
-1.71336
-1.64075
-2.43878
-1.83227
-2.04285
-2.50843
2.98507
-2.19558
-2.34342
-2.08296
-1.83568
0

0
-1.66974
-2.09335
-1.71893
-1.83487
-1.86805
-1.74861
-1.81344
-1.7369
-1.92777
-1.71633
-1.67211
-2.00635
-2.33623
-2.04136
-2.4186
-2.05441
-2.64106
-2.32755
-2.06687
-1.83642
0

0
-1.66591
-1.94255
-1.95887
-1.84586
-2.02308
-1.83511
-1.81181
-1.95259
-1.87212
-1.71177
-1.69869
-1.82397
-1.85394
-2.03292
-3.59731
-2.24978
-2.71498
-2.27149
-2.03968
-1.83702
0

0
-1.66392
-1.86299
-1.89109
-1.84005
-2.11115
-1.88894
-1.80946
-2.15611
-1.83659
-1.70961
-1.6833
-1.80054
-1.91554
-2.18539
-2.16809
-2.15581
-2.78666
-2.82833
-2.01535
-1.83891
0

0
-1.66329
-1.82579
-1.85012
-1.83385
-2.13207
-1.92263
-1.8053
-2.13497
-1.78907
-1.7049
-1.67459
-1.73716
-1.89913
-2.26749
-2.46433
-2.24764
-2.94038
-2.93409
-1.93107
-1.83979
0

0
-1.66365
-1.80802
-1.82901
-1.84631
-1.95321
-1.89827
-1.79387
-0.800462
-1.6794
-1.69501
-1.66441
-1.69957
-1.9273
-2.39877
-2.78969
-2.31718
-3.14258
-3.02165
-1.90875
-1.84399
0

0
-1.66468
-1.79892
-1.81657
-1.89625
-1.32783
-1.72372
-1.7495
-1.32485
-1.67678
-1.68921
-1.65312
-1.67561
-1.8634
-2.54735
-2.97531
-2.27514
-3.42357
-3.1526
-2.74733
-1.85577
0

0
-1.6662
-1.79428
-1.80851
-1.92348
-0.538607
-1.45216
-1.70762
-1.45785
-1.67455
-1.68525
-1.64042
-1.66111
-1.18262
-2.64524
-2.84797
-1.89937
-1.60037
-2.82833
-2.56763
-1.85633
0

0
-1.66792
-1.79605
-1.80612
-1.85392
-1.83599
-1.77497
-1.73626
-1.4965
-1.67385
-1.68264
-1.62712
-1.64501
1.56149
-2.63333
-2.05193
-0.645551
-3.44282
-3.33778
-2.43031
-1.85739
0

0
-1.66908
-1.81664
-1.80414
-1.84441
-1.8491
-1.78835
-1.74168
-1.56373
-1.68211
-1.67678
-1.61894
-1.58946
-2.33623
-2.41448
-0.511388
0.991824
-3.59742
-3.5227
-2.34398
-1.85906
0

0
-1.66973
-1.84586
-1.83088
-1.84838
-1.95501
-1.81479
-1.74891
-1.86992
-1.70441
-1.67199
-1.61054
-1.56581
-1.81608
-1.18865
1.92073
2.77825
-3.59731
-3.70959
-2.27732
-1.86118
0

0
-1.67147
-1.77888
-1.80007
-1.85794
-2.08248
-1.83817
-1.75713
-1.76443
-1.6957
-1.66037
-1.60111
-1.53579
-1.51174
1.14272
-1.60037
4.03656
-3.72722
-3.91014
-2.21732
-1.85969
0

0
-1.63998
-1.75779
-1.76791
-1.83088
-2.17432
-1.81982
-1.72913
-1.69583
-1.66208
-1.62587
-1.5707
-1.49511
-1.38666
-1.33984
-1.51681
5.28116
-4.40411
-3.95532
-2.10851
-1.82684
0

0
0
0
0
0
0
0
0
0
0
0
0
0
0
0
0
0
0
0
0
0
0


0
0
0
0
0
0
0
0
0
0
0
0
0
0
0
0
0
0
0
0
0
0

0
-1.73502
-2.07542
-1.86085
-1.85698
-2.01251
-2.23041
-1.9352
-1.70945
-2.3324
-1.71559
-1.70603
-1.79555
-1.64862
-2.14031
-2.26711
-4.74278
-2.39158
-2.4756
-2.19035
-1.91363
0

0
-1.70863
2.15514
-1.6056
-1.86976
-1.83394
-2.14504
-1.90217
-2.07377
-2.27055
-1.69851
-1.64506
-0.418549
-1.65802
-2.06135
-2.30865
-3.08145
-2.94628
-2.40673
-2.10186
-1.84263
0

0
-1.67112
-2.04256
-1.75954
-1.86199
-2.19175
-1.61182
-1.82354
-2.12194
-2.06571
-1.72196
-1.64952
-2.36339
-1.84546
-2.04872
-2.51087
3.09954
-2.17614
-2.3603
-2.09417
-1.84467
0

0
-1.66426
-2.07507
-1.73625
-1.84371
-1.88877
-1.76222
-1.82231
-1.76155
-1.93366
-1.72491
-1.68031
-2.00074
-2.29899
-2.05091
-2.44127
-2.09808
-2.64332
-2.34981
-2.07884
-1.8454
0

0
-1.66096
-1.94124
-1.95516
-1.85408
-2.02866
-1.84472
-1.8202
-1.95824
-1.87858
-1.72064
-1.70558
-1.82397
-1.86146
-2.04304
-3.40103
-2.25774
-2.71681
-2.3125
-2.05347
-1.84603
0

0
-1.65932
-1.86782
-1.89587
-1.84857
-2.11144
-1.89649
-1.81744
-2.14384
-1.84273
-1.71802
-1.69093
-1.80351
-1.92059
-2.18664
-2.23861
-2.17786
-2.79033
-2.80724
-2.0288
-1.84783
0

0
-1.65889
-1.83267
-1.85745
-1.84305
-2.12824
-1.92752
-1.81276
-2.07715
-1.79364
-1.71299
-1.68226
-1.7424
-1.90305
-2.26848
-2.46607
-2.26068
-2.9345
-2.92636
-1.95352
-1.84889
0

0
-1.65936
-1.81567
-1.83702
-1.85608
-1.94768
-1.89958
-1.80064
-0.844081
-1.68662
-1.70309
-1.67204
-1.70544
-1.92213
-2.39032
-2.77534
-2.32853
-3.11992
-3.01848
-1.96568
-1.85324
0

0
-1.66046
-1.80697
-1.82483
-1.904
-1.32685
-1.72529
-1.75697
-1.34424
-1.68455
-1.69718
-1.66068
-1.68154
-1.82264
-2.52935
-2.9461
-2.27433
-3.36739
-3.14555
-2.70049
-1.86388
0

0
-1.66201
-1.80272
-1.81704
-1.92774
-0.568485
-1.47034
-1.71756
-1.47086
-1.68251
-1.69311
-1.64798
-1.66669
-1.02741
-2.61007
-2.79744
-1.85191
-1.78051
-2.88806
-2.55878
-1.86488
0

0
-1.66373
-1.80507
-1.81483
-1.86168
-1.86127
-1.78545
-1.74528
-1.51127
-1.68227
-1.69013
-1.63503
-1.64843
1.52133
-2.56399
-1.96448
-0.531148
-3.32106
-3.33219
-2.43374
-1.86611
0

0
-1.66492
-1.82502
-1.81409
-1.85329
-1.86284
-1.79808
-1.75071
-1.58865
-1.69104
-1.68442
-1.62663
-1.5945
-2.28731
-2.32267
-0.3604
1.19361
-3.52304
-3.52062
-2.35164
-1.8679
0

0
-1.66563
-1.84929
-1.8373
-1.85743
-1.96586
-1.8247
-1.75795
-1.86414
-1.71207
-1.67928
-1.61814
-1.57099
-1.78206
-1.04738
1.82352
3.0298
-3.43709
-3.69972
-2.28711
-1.86997
0

0
-1.66585
-1.78754
-1.8071
-1.86495
-2.08904
-1.84658
-1.76458
-1.76748
-1.70234
-1.66666
-1.60742
-1.54052
-1.49778
1.1205
-1.68313
4.35935
-3.41585
-3.88239
-2.22508
-1.86712
0

0
-1.62891
-1.75883
-1.76898
-1.83043
-2.161
-1.8204
-1.73022
-1.69672
-1.66346
-1.62741
-1.57231
-1.49659
-1.38656
-1.36362
-1.52078
5.40425
-4.08043
-3.90645
-2.11864
-1.8281
0

0
0
0
0
0
0
0
0
0
0
0
0
0
0
0
0
0
0
0
0
0
0


0
0
0
0
0
0
0
0
0
0
0
0
0
0
0
0
0
0
0
0
0
0

0
-1.72079
-1.49516
-1.81737
-1.9448
-1.79641
-2.05651
-1.95333
-1.97819
-1.96253
-1.79844
-1.7388
-1.51018
-1.80778
-2.11574
-2.39636
-3.12894
-2.73906
-2.53131
-2.22913
-1.93879
0

0
-1.65964
-0.529113
-1.73784
-1.85351
-2.1851
-1.99885
-1.86065
-1.90192
-2.01245
-1.72906
-1.67572
-1.4898
-1.75764
-2.04722
-2.30984
-2.83036
-2.51425
-2.41312
-2.13462
-1.86389
0

0
-1.6645
-1.49484
-1.75481
-1.86982
-2.04097
-1.91122
-1.88699
-1.95391
-2.02186
-1.74032
-1.68632
-1.62846
-1.8239
-2.05406
-2.40344
1.26377
-2.55707
-2.46254
-2.13557
-1.86567
0

0
-1.66524
-1.767
-1.80279
-1.86964
-1.98421
-1.82454
-1.84737
-1.93965
-1.94961
-1.74615
-1.69812
-1.90221
-1.89871
-2.06978
-2.39608
-2.34513
-2.63676
-2.49588
-2.13319
-1.86677
0

0
-1.66786
-1.86265
-1.82774
-1.86195
-1.97372
-1.84886
-1.8381
-1.88637
-1.88268
-1.74419
-1.7101
-1.84546
-1.88698
-2.0877
-2.21077
-2.24925
-2.6919
-2.62943
-2.13215
-1.868
0

0
-1.67007
-1.86071
-1.87762
-1.8687
-2.00321
-1.87218
-1.83119
-1.89413
-1.83957
-1.73855
-1.70929
-1.79091
-1.89806
-2.08491
-2.93874
-2.35312
-2.80473
-2.6253
-2.12386
-1.86923
0

0
-1.67179
-1.84615
-1.86939
-1.87054
-2.02034
-1.88418
-1.82128
-1.84703
-1.80206
-1.73238
-1.70133
-1.75631
-1.86177
-2.15646
-2.28723
-2.31331
-2.88306
-2.79875
-2.1592
-1.8722
0

0
-1.67347
-1.83586
-1.85626
-1.87284
-1.94921
-1.87661
-1.80582
-1.59551
-1.7595
-1.72492
-1.692
-1.71947
-1.80956
-2.18353
-2.47589
-2.38646
-2.96062
-2.9385
-2.24015
-1.87511
0

0
-1.67533
-1.83052
-1.84744
-1.8854
-1.53537
-1.80128
-1.78635
-1.46409
-1.71793
-1.71639
-1.68142
-1.68845
-1.70305
-2.22619
-2.62706
-2.38126
-2.96595
-3.01053
-2.27309
-1.87738
0

0
-1.6774
-1.82866
-1.84225
-1.90412
-0.82707
-1.65551
-1.76328
-1.54838
-1.71039
-1.71001
-1.67031
-1.65963
-1.35821
-2.25768
-2.53754
-2.05239
-3.64889
-3.32788
-2.4694
-1.88444
0

0
-1.67969
-1.82899
-1.84081
-1.88564
-1.98604
-1.78954
-1.76531
-1.60665
-1.7096
-1.70464
-1.65918
-1.63206
-0.541703
-2.26495
-1.79018
-1.11009
-3.51447
-3.33856
-2.45539
-1.88699
0

0
-1.68217
-1.83102
-1.84143
-1.88014
-1.92965
-1.82412
-1.77386
-1.65908
-1.7124
-1.69988
-1.64865
-1.60796
-1.37803
-2.05018
-0.440742
0.571282
-3.63234
-3.49619
-2.41558
-1.88965
0

0
-1.68398
-1.83771
-1.84102
-1.88327
-1.98141
-1.84852
-1.78245
-1.72728
-1.71845
-1.69414
-1.63928
-1.58308
-1.6494
-1.24867
0.515553
2.32011
-3.57785
-3.63199
-2.38376
-1.89207
0

0
-1.67981
-1.84141
-1.83461
-1.88596
-2.0603
-1.86702
-1.78504
-1.77355
-1.71962
-1.68356
-1.62574
-1.55621
-1.51382
-0.123972
-1.96262
3.7443
-3.4788
-3.69447
-2.34903
-1.88783
0

0
-1.64258
-1.77877
-1.79077
-1.85029
-2.07963
-1.83758
-1.74944
-1.71488
-1.67996
-1.64316
-1.58773
-1.51176
-1.40669
-1.33315
-1.52452
4.89685
-3.38248
-3.61632
-2.28429
-1.84484
0

0
0
0
0
0
0
0
0
0
0
0
0
0
0
0
0
0
0
0
0
0
0


0
0
0
0
0
0
0
0
0
0
0
0
0
0
0
0
0
0
0
0
0
0

0
-1.71496
-1.51141
-1.83748
-1.9637
-1.56603
-1.997
-1.95574
-1.97941
-1.9997
-1.82644
-1.76595
-1.66994
-1.86047
-2.10637
-2.35689
-2.43994
-2.64758
-2.57721
-2.2655
-1.96002
0

0
-1.65368
-1.38727
-1.77558
-1.8731
-2.21708
-1.96943
-1.88271
-1.90204
-1.93429
-1.75758
-1.70358
-1.62263
-1.79527
-2.03466
-2.26519
-2.53662
-2.58439
-2.476
-2.17073
-1.88388
0

0
-1.66014
-1.51829
-1.78326
-1.87268
-2.15403
-1.94666
-1.883
-1.91239
-1.94545
-1.76096
-1.70956
-1.67088
-1.82106
-2.04112
-2.27207
-1.65298
-2.62216
-2.50903
-2.17372
-1.88523
0

0
-1.66695
-1.68738
-1.80664
-1.87623
-2.03417
-1.89287
-1.87135
-1.91157
-1.92351
-1.76317
-1.71668
-1.7737
-1.85405
-2.04708
-2.28991
-1.80821
-2.60357
-2.55801
-2.1787
-1.88625
0

0
-1.67356
-1.7911
-1.82854
-1.87677
-1.94307
-1.86975
-1.85607
-1.88176
-1.88401
-1.76157
-1.72237
-1.8103
-1.86429
-2.05015
-2.32022
-2.15111
-2.6741
-2.61479
-2.18632
-1.88753
0

0
-1.67906
-1.83387
-1.8545
-1.87897
-1.93551
-1.87132
-1.84555
-1.85509
-1.84716
-1.75679
-1.72309
-1.77468
-1.85074
-2.05335
-2.35114
-2.2724
-2.75603
-2.67887
-2.20098
-1.88913
0

0
-1.68329
-1.84534
-1.86683
-1.88152
-1.96034
-1.8777
-1.83566
-1.82052
-1.81602
-1.75045
-1.71744
-1.7536
-1.8275
-2.06082
-2.39701
-2.33503
-2.85421
-2.77252
-2.22973
-1.89128
0

0
-1.68667
-1.84683
-1.86648
-1.88238
-1.94803
-1.87806
-1.82424
-1.73981
-1.78596
-1.74312
-1.70917
-1.72592
-1.77169
-2.06649
-2.29184
-2.36994
-2.98086
-2.89707
-2.26896
-1.89367
0

0
-1.68962
-1.84647
-1.86325
-1.88642
-1.75824
-1.84901
-1.81101
-1.64635
-1.75632
-1.73513
-1.69941
-1.69654
-1.68037
-2.06178
-2.369
-2.38455
-3.20879
-3.05163
-2.31135
-1.89643
0

0
-1.69241
-1.8464
-1.86074
-1.89589
-1.35325
-1.77908
-1.79652
-1.64013
-1.74013
-1.72787
-1.68886
-1.66715
-1.51005
-2.05866
-2.33167
-2.19124
-3.4789
-3.18695
-2.38161
-1.90073
0

0
-1.69517
-1.84682
-1.85991
-1.89439
-1.79124
-1.79404
-1.79026
-1.66839
-1.7347
-1.72174
-1.6781
-1.63909
-1.25911
-2.03886
-1.86306
-1.47931
-3.54848
-3.30257
-2.43083
-1.90484
0

0
-1.6979
-1.84799
-1.86016
-1.89595
-1.92978
-1.83929
-1.79554
-1.70064
-1.73424
-1.71632
-1.66769
-1.61611
-1.3505
-1.91149
-0.907254
-0.0556269
-3.54457
-3.38451
-2.43448
-1.90808
0

0
-1.6999
-1.85055
-1.85994
-1.90051
-1.98102
-1.86529
-1.80244
-1.73533
-1.73627
-1.7106
-1.65747
-1.59471
-1.49652
-1.51498
-0.329098
1.65593
-3.35741
-3.43366
-2.42287
-1.91043
0

0
-1.6958
-1.84676
-1.85328
-1.90172
-2.03056
-1.88062
-1.80358
-1.76258
-1.73386
-1.69954
-1.64309
-1.56989
-1.48921
-1.02356
-1.6248
3.04714
-3.02655
-3.4324
-2.39612
-1.90532
0

0
-1.65716
-1.79962
-1.80985
-1.86365
-2.02536
-1.8491
-1.76662
-1.73005
-1.69611
-1.659
-1.60339
-1.52646
-1.42244
-1.29971
-1.48007
4.05706
-2.8381
-3.39733
-2.321
-1.86083
0

0
0
0
0
0
0
0
0
0
0
0
0
0
0
0
0
0
0
0
0
0
0


0
0
0
0
0
0
0
0
0
0
0
0
0
0
0
0
0
0
0
0
0
0

0
-1.72324
-1.64359
-1.86558
-1.94979
-1.57809
-2.02703
-1.96912
-1.97807
-1.98211
-1.84924
-1.79239
-1.74906
-1.8869
-2.09275
-2.30239
-2.32013
-2.64766
-2.61391
-2.2982
-1.98003
0

0
-1.66236
-1.58954
-1.79919
-1.87815
-1.93118
-1.93432
-1.8924
-1.90222
-1.91073
-1.77974
-1.72777
-1.68595
-1.81836
-2.02039
-2.22059
-2.31175
-2.56692
-2.5095
-2.20262
-1.903
0

0
-1.66777
-1.63003
-1.8071
-1.87479
-2.0846
-1.94501
-1.89092
-1.90135
-1.91121
-1.78035
-1.73122
-1.70964
-1.82681
-2.02258
-2.21914
-2.25388
-2.60398
-2.53463
-2.20684
-1.90418
0

0
-1.6749
-1.70662
-1.82055
-1.87808
-2.11315
-1.92652
-1.88396
-1.89599
-1.90095
-1.78015
-1.73495
-1.75076
-1.83823
-2.02211
-2.22373
-2.04614
-2.61889
-2.57354
-2.2145
-1.9051
0

0
-1.68264
-1.77634
-1.83719
-1.88297
-2.02301
-1.90091
-1.87272
-1.87908
-1.87945
-1.77809
-1.73761
-1.77806
-1.84248
-2.01837
-2.22921
-2.12281
-2.6562
-2.62082
-2.22632
-1.90636
0

0
-1.68973
-1.82114
-1.85438
-1.8872
-1.95351
-1.88834
-1.86202
-1.85611
-1.85391
-1.77376
-1.73724
-1.76865
-1.82956
-2.01068
-2.23101
-2.21841
-2.72578
-2.68451
-2.2438
-1.90793
0

0
-1.69564
-1.84408
-1.86754
-1.89071
-1.93382
-1.88584
-1.85249
-1.82923
-1.82934
-1.76781
-1.73277
-1.7515
-1.80508
-2
-2.23774
-2.28106
-2.82292
-2.76331
-2.2671
-1.9098
0

0
-1.70045
-1.85452
-1.87374
-1.89314
-1.92405
-1.88475
-1.84308
-1.78995
-1.80613
-1.76084
-1.72549
-1.73058
-1.76085
-1.98523
-2.19551
-2.31906
-2.95161
-2.86407
-2.29619
-1.91202
0

0
-1.70447
-1.85933
-1.8756
-1.89555
-1.86709
-1.87467
-1.83324
-1.74246
-1.78446
-1.75336
-1.71652
-1.70586
-1.69272
-1.9626
-2.17344
-2.33481
-3.10261
-2.97317
-2.33094
-1.91474
0

0
-1.70801
-1.86194
-1.87603
-1.89966
-1.73165
-1.8472
-1.82337
-1.71993
-1.76856
-1.7461
-1.70659
-1.67943
-1.59458
-1.93152
-2.12443
-2.2236
-3.20943
-3.0648
-2.37127
-1.91814
0

0
-1.71126
-1.86378
-1.87646
-1.90341
-1.75668
-1.8301
-1.81654
-1.72413
-1.76012
-1.73959
-1.69627
-1.6533
-1.47978
-1.88378
-1.85512
-1.72609
-3.27453
-3.14731
-2.41061
-1.92201
0

0
-1.71429
-1.86553
-1.87722
-1.90741
-1.8935
-1.8541
-1.81755
-1.74001
-1.75689
-1.73381
-1.68601
-1.62981
-1.44629
-1.78367
-1.27374
-0.605159
-3.1722
-3.19414
-2.43219
-1.92558
0

0
-1.71648
-1.86695
-1.87738
-1.91323
-1.96357
-1.87807
-1.82196
-1.75987
-1.75621
-1.72788
-1.67557
-1.60847
-1.47614
-1.57245
-0.849344
0.982335
-2.91329
-3.21753
-2.43722
-1.92795
0

0
-1.71238
-1.86149
-1.8709
-1.9138
-2.00584
-1.89132
-1.82122
-1.77417
-1.7511
-1.7166
-1.66066
-1.58458
-1.47555
-1.32043
-1.3021
2.28484
-2.61773
-3.22459
-2.42325
-1.92241
0

0
-1.67325
-1.81828
-1.82754
-1.87458
-1.98959
-1.85853
-1.78316
-1.74438
-1.71271
-1.67564
-1.61992
-1.54163
-1.43387
-1.30142
-1.33861
3.08006
-2.45922
-3.17801
-2.35754
-1.87706
0

0
0
0
0
0
0
0
0
0
0
0
0
0
0
0
0
0
0
0
0
0
0


0
0
0
0
0
0
0
0
0
0
0
0
0
0
0
0
0
0
0
0
0
0

0
-1.73921
-1.74689
-1.8913
-1.91239
-1.8351
-2.09485
-1.98537
-1.97857
-1.97197
-1.86795
-1.81583
-1.79467
-1.90202
-2.07932
-2.25906
-2.30949
-2.64505
-2.636
-2.32552
-1.99893
0

0
-1.67742
-1.6876
-1.82154
-1.8598
-1.7482
-1.95194
-1.90341
-1.90324
-1.89958
-1.79814
-1.74963
-1.72875
-1.83291
-2.00633
-2.18069
-2.25811
-2.55267
-2.52828
-2.22921
-1.92116
0

0
-1.68221
-1.71077
-1.82783
-1.87575
-1.66887
-1.91031
-1.8979
-1.90013
-1.8978
-1.79802
-1.75152
-1.73883
-1.8344
-2.00548
-2.17893
-2.27009
-2.5777
-2.54664
-2.23374
-1.92236
0

0
-1.68857
-1.74896
-1.83747
-1.88338
-1.76924
-1.90611
-1.893
-1.89365
-1.89063
-1.79674
-1.75307
-1.75575
-1.83568
-2.00054
-2.1736
-2.19978
-2.60384
-2.57772
-2.24204
-1.92327
0

0
-1.69596
-1.79122
-1.84984
-1.88898
-1.90402
-1.90659
-1.88606
-1.88195
-1.87746
-1.79426
-1.75375
-1.76892
-1.83272
-1.99135
-2.16529
-2.16966
-2.6345
-2.61932
-2.25453
-1.92451
0

0
-1.7033
-1.82586
-1.86281
-1.89459
-1.93958
-1.90269
-1.87777
-1.86542
-1.86024
-1.79019
-1.75233
-1.76676
-1.8197
-1.97703
-2.15269
-2.19392
-2.68355
-2.67243
-2.27116
-1.92601
0

0
-1.70989
-1.8492
-1.87423
-1.89961
-1.93451
-1.89926
-1.86949
-1.84561
-1.84185
-1.7847
-1.74814
-1.75428
-1.79614
-1.95731
-2.13503
-2.22306
-2.75047
-2.73592
-2.2916
-1.92777
0

0
-1.71554
-1.86327
-1.88218
-1.9036
-1.92612
-1.89697
-1.86146
-1.82157
-1.82381
-1.77824
-1.74155
-1.73707
-1.75977
-1.93139
-2.09731
-2.24025
-2.82597
-2.80781
-2.31587
-1.92988
0

0
-1.72033
-1.87149
-1.88685
-1.90679
-1.90725
-1.89209
-1.85358
-1.79494
-1.80706
-1.77127
-1.73327
-1.71619
-1.70838
-1.89702
-2.04538
-2.23752
-2.89248
-2.87981
-2.3437
-1.93242
0

0
-1.72448
-1.87649
-1.88952
-1.90992
-1.86345
-1.88044
-1.84616
-1.77606
-1.7934
-1.76431
-1.72394
-1.69298
-1.64234
-1.85147
-1.96712
-2.15542
-2.93613
-2.9442
-2.37387
-1.93546
0

0
-1.7282
-1.87989
-1.89135
-1.91362
-1.83466
-1.8681
-1.84054
-1.771
-1.78429
-1.75783
-1.71411
-1.66908
-1.57028
-1.78861
-1.77961
-1.81427
-2.944
-2.99811
-2.40397
-1.93895
0

0
-1.73157
-1.88254
-1.89287
-1.9183
-1.89105
-1.87512
-1.83928
-1.77629
-1.77935
-1.75193
-1.70415
-1.64619
-1.5202
-1.69349
-1.41947
-0.977497
-2.85634
-3.03715
-2.42757
-1.94248
0

0
-1.73399
-1.88409
-1.89351
-1.92401
-1.94932
-1.89125
-1.84117
-1.78657
-1.77671
-1.7459
-1.69379
-1.62461
-1.50037
-1.5484
-1.08517
0.349416
-2.6337
-3.06075
-2.4405
-1.9449
0

0
-1.73002
-1.87857
-1.88734
-1.924
-1.98689
-1.90108
-1.83845
-1.79253
-1.76965
-1.7345
-1.67875
-1.60078
-1.48279
-1.38678
-1.13279
1.54545
-2.34931
-3.06142
-2.4344
-1.9392
0

0
-1.6907
-1.83621
-1.84413
-1.88431
-1.9666
-1.86722
-1.79929
-1.75994
-1.73003
-1.6931
-1.6373
-1.55759
-1.44515
-1.30961
-1.17515
2.13918
-2.2002
-3.01566
-2.37381
-1.89339
0

0
0
0
0
0
0
0
0
0
0
0
0
0
0
0
0
0
0
0
0
0
0


0
0
0
0
0
0
0
0
0
0
0
0
0
0
0
0
0
0
0
0
0
0

0
-1.75928
-1.81802
-1.91281
-1.95005
-1.89475
-2.01667
-1.98592
-1.98111
-1.9692
-1.88482
-1.83676
-1.82494
-1.91298
-2.06826
-2.2275
-2.31229
-2.63617
-2.64623
-2.34702
-2.01668
0

0
-1.69642
-1.75275
-1.84241
-1.87379
-1.83396
-1.95258
-1.91337
-1.90683
-1.89641
-1.81461
-1.7695
-1.75827
-1.84347
-1.99474
-2.14964
-2.24242
-2.53869
-2.5375
-2.25038
-1.93834
0

0
-1.70079
-1.7675
-1.84775
-1.88062
-1.81454
-1.93298
-1.91008
-1.90428
-1.8948
-1.81451
-1.77063
-1.76225
-1.84228
-1.99214
-2.14677
-2.25164
-2.55547
-2.55147
-2.25502
-1.93974
0

0
-1.70637
-1.78966
-1.85522
-1.88878
-1.82229
-1.91742
-1.90475
-1.89841
-1.88932
-1.81297
-1.77091
-1.76847
-1.83879
-1.98438
-2.13695
-2.2305
-2.57693
-2.57639
-2.26314
-1.94076
0

0
-1.71302
-1.81596
-1.86474
-1.89623
-1.86639
-1.91283
-1.89895
-1.88944
-1.8802
-1.81035
-1.77033
-1.77305
-1.83152
-1.97159
-2.12112
-2.19825
-2.60091
-2.61082
-2.27507
-1.94201
0

0
-1.71994
-1.84077
-1.87503
-1.90293
-1.90734
-1.91196
-1.89247
-1.87731
-1.86804
-1.80646
-1.76814
-1.77065
-1.81752
-1.95303
-2.09879
-2.18251
-2.63045
-2.65316
-2.29036
-1.94347
0

0
-1.72652
-1.86055
-1.88472
-1.90888
-1.92622
-1.9111
-1.88566
-1.86273
-1.85425
-1.80139
-1.76389
-1.76081
-1.79527
-1.92804
-2.06795
-2.175
-2.6648
-2.70157
-2.30864
-1.94516
0

0
-1.73243
-1.87469
-1.89262
-1.91387
-1.93046
-1.90973
-1.87887
-1.84623
-1.84016
-1.79543
-1.7577
-1.74606
-1.76376
-1.89567
-2.02241
-2.16074
-2.69689
-2.75312
-2.32967
-1.94716
0

0
-1.73761
-1.88427
-1.89835
-1.91789
-1.92573
-1.90695
-1.87232
-1.82908
-1.82679
-1.78897
-1.74997
-1.72783
-1.72223
-1.85416
-1.95742
-2.12675
-2.7185
-2.80406
-2.35305
-1.94954
0

0
-1.74216
-1.89075
-1.90232
-1.9213
-1.9106
-1.90144
-1.86633
-1.8151
-1.81528
-1.78242
-1.74121
-1.70718
-1.67166
-1.80085
-1.86325
-2.03647
-2.72455
-2.85143
-2.37796
-1.95236
0

0
-1.74623
-1.89535
-1.90519
-1.92485
-1.89528
-1.89534
-1.8617
-1.80799
-1.80662
-1.77618
-1.73189
-1.68533
-1.61669
-1.73138
-1.70366
-1.77959
-2.70222
-2.89295
-2.40295
-1.9556
0

0
-1.74992
-1.89883
-1.90743
-1.9293
-1.9127
-1.89679
-1.85965
-1.80788
-1.80099
-1.77041
-1.72237
-1.66351
-1.56742
-1.63895
-1.44559
-1.17375
-2.61707
-2.9269
-2.42528
-1.95904
0

0
-1.75263
-1.90089
-1.90859
-1.93436
-1.94823
-1.90582
-1.85978
-1.81209
-1.79716
-1.76447
-1.71234
-1.64219
-1.53048
-1.5201
-1.17063
-0.15803
-2.43011
-2.94882
-2.44108
-1.96152
0

0
-1.7489
-1.8957
-1.90281
-1.9336
-1.97642
-1.91131
-1.85537
-1.81246
-1.78881
-1.75314
-1.69747
-1.61837
-1.49975
-1.3965
-1.06324
0.89606
-2.18365
-2.94922
-2.43984
-1.95587
0

0
-1.70958
-1.85366
-1.85986
-1.89367
-1.95309
-1.87604
-1.81524
-1.77673
-1.74813
-1.71141
-1.65558
-1.57462
-1.45839
-1.315
-1.05226
1.37109
-2.03853
-2.90174
-2.38364
-1.90989
0

0
0
0
0
0
0
0
0
0
0
0
0
0
0
0
0
0
0
0
0
0
0


0
0
0
0
0
0
0
0
0
0
0
0
0
0
0
0
0
0
0
0
0
0

0
-1.78161
-1.86732
-1.93312
-1.96236
-1.9248
-2.01539
-1.99567
-1.98753
-1.97236
-1.90065
-1.85563
-1.84717
-1.92252
-2.06108
-2.20629
-2.3133
-2.62463
-2.64892
-2.36303
-2.0332
0

0
-1.71791
-1.79921
-1.8618
-1.8885
-1.85886
-1.94395
-1.92164
-1.91309
-1.89919
-1.83011
-1.78772
-1.78008
-1.85265
-1.98702
-2.12771
-2.23446
-2.52514
-2.54087
-2.26662
-1.95451
0

0
-1.7222
-1.80954
-1.86678
-1.89286
-1.86055
-1.94078
-1.92121
-1.91175
-1.89836
-1.83047
-1.78875
-1.78179
-1.85068
-1.98367
-2.12384
-2.23788
-2.53675
-2.55273
-2.27171
-1.95644
0

0
-1.72722
-1.82413
-1.873
-1.89901
-1.86326
-1.93168
-1.91745
-1.90707
-1.89415
-1.82905
-1.78844
-1.78326
-1.8451
-1.97433
-2.11159
-2.22589
-2.55144
-2.57321
-2.27957
-1.95766
0

0
-1.73314
-1.84179
-1.8807
-1.90596
-1.88018
-1.92566
-1.91251
-1.89991
-1.88724
-1.8265
-1.78713
-1.78327
-1.83566
-1.95937
-2.09156
-2.19968
-2.56725
-2.60156
-2.29077
-1.95896
0

0
-1.73943
-1.85976
-1.88913
-1.91279
-1.90406
-1.92345
-1.90697
-1.89048
-1.87801
-1.82281
-1.78442
-1.77934
-1.82086
-1.93819
-2.06309
-2.16954
-2.58278
-2.63582
-2.30488
-1.96038
0

0
-1.74563
-1.87567
-1.89737
-1.91904
-1.92317
-1.92275
-1.90114
-1.87928
-1.86726
-1.81808
-1.78007
-1.7704
-1.7995
-1.91005
-2.02435
-2.13741
-2.59636
-2.67409
-2.32152
-1.962
0

0
-1.7514
-1.8884
-1.90463
-1.92443
-1.93363
-1.92202
-1.89527
-1.86697
-1.85595
-1.81255
-1.77411
-1.75721
-1.77092
-1.87394
-1.97135
-2.0956
-2.60423
-2.7143
-2.34037
-1.96389
0

0
-1.75662
-1.89798
-1.91047
-1.92888
-1.93645
-1.92044
-1.88962
-1.85457
-1.84495
-1.80654
-1.76681
-1.74079
-1.73491
-1.82835
-1.89861
-2.03167
-2.60199
-2.75455
-2.36103
-1.96613
0

0
-1.7613
-1.90502
-1.91495
-1.93261
-1.93301
-1.91767
-1.88451
-1.84391
-1.83514
-1.80042
-1.75855
-1.72201
-1.69225
-1.77113
-1.79754
-1.92024
-2.58477
-2.79323
-2.38292
-1.96879
0

0
-1.76556
-1.91028
-1.91839
-1.93618
-1.92844
-1.91485
-1.88051
-1.83702
-1.82724
-1.79452
-1.74976
-1.70184
-1.64547
-1.69938
-1.64994
-1.69655
-2.54252
-2.82883
-2.40512
-1.97189
0

0
-1.76949
-1.91437
-1.92115
-1.94029
-1.93548
-1.91533
-1.87827
-1.83464
-1.82157
-1.78905
-1.74076
-1.68123
-1.59908
-1.60999
-1.4395
-1.24236
-2.45439
-2.85959
-2.42613
-1.9753
0

0
-1.77252
-1.91696
-1.92276
-1.94468
-1.95554
-1.92036
-1.87746
-1.83548
-1.81727
-1.78343
-1.73127
-1.66058
-1.5572
-1.50421
-1.20235
-0.481863
-2.29598
-2.88156
-2.44291
-1.97793
0

0
-1.76916
-1.91227
-1.91744
-1.94323
-1.97391
-1.92225
-1.87195
-1.8324
-1.80831
-1.77243
-1.71687
-1.6371
-1.51962
-1.39856
-1.04269
0.381186
-2.08915
-2.88388
-2.44439
-1.97253
0

0
-1.73003
-1.87067
-1.87493
-1.90322
-1.94722
-1.8856
-1.83119
-1.79447
-1.76698
-1.73061
-1.67484
-1.59287
-1.47384
-1.3202
-0.984219
0.809216
-1.94643
-2.83483
-2.39122
-1.92673
0

0
0
0
0
0
0
0
0
0
0
0
0
0
0
0
0
0
0
0
0
0
0


0
0
0
0
0
0
0
0
0
0
0
0
0
0
0
0
0
0
0
0
0
0

0
-1.805
-1.9016
-1.95095
-1.97602
-1.94958
-2.02047
-2.00628
-1.99634
-1.97975
-1.9156
-1.87255
-1.86446
-1.93184
-2.05853
-2.19456
-2.31266
-2.61334
-2.64649
-2.37372
-2.04829
0

0
-1.74119
-1.8329
-1.87969
-1.90313
-1.87955
-1.9468
-1.93189
-1.92203
-1.90655
-1.8452
-1.80467
-1.79754
-1.86192
-1.98401
-2.11475
-2.22902
-2.51358
-2.5406
-2.27842
-1.96983
0

0
-1.74583
-1.84155
-1.88497
-1.90756
-1.88512
-1.94783
-1.93291
-1.92196
-1.90677
-1.84639
-1.80621
-1.79892
-1.8602
-1.98079
-2.11056
-2.22897
-2.52326
-2.55272
-2.28472
-1.9727
0

0
-1.75051
-1.85249
-1.89052
-1.9125
-1.88984
-1.94389
-1.93047
-1.91828
-1.90345
-1.84525
-1.80573
-1.79846
-1.8539
-1.97072
-2.09692
-2.21674
-2.53353
-2.57093
-2.29258
-1.97419
0

0
-1.7558
-1.86558
-1.89706
-1.91839
-1.89945
-1.93939
-1.92639
-1.91231
-1.89778
-1.84285
-1.80405
-1.79628
-1.8435
-1.9546
-2.07452
-2.19176
-2.54372
-2.59574
-2.3033
-1.97554
0

0
-1.76144
-1.87934
-1.90416
-1.92456
-1.91395
-1.93658
-1.92146
-1.90445
-1.89016
-1.83933
-1.80105
-1.79119
-1.82827
-1.93196
-2.0425
-2.15618
-2.55166
-2.62561
-2.31664
-1.97692
0

0
-1.76708
-1.89226
-1.91122
-1.93044
-1.92854
-1.93523
-1.91617
-1.8952
-1.88121
-1.83486
-1.79663
-1.78243
-1.80743
-1.9021
-1.99911
-2.11075
-2.55528
-2.6589
-2.33226
-1.97844
0

0
-1.77246
-1.90333
-1.91767
-1.93565
-1.93926
-1.93431
-1.91083
-1.8852
-1.87165
-1.82966
-1.79082
-1.77013
-1.78054
-1.86402
-1.94116
-2.05054
-2.55183
-2.69411
-2.34982
-1.98021
0

0
-1.77744
-1.91223
-1.92314
-1.94004
-1.94495
-1.9331
-1.90568
-1.87527
-1.8622
-1.82402
-1.78383
-1.7549
-1.74755
-1.8164
-1.86385
-1.96482
-2.53772
-2.72991
-2.36894
-1.98232
0

0
-1.78199
-1.91917
-1.92756
-1.94375
-1.94648
-1.93142
-1.90106
-1.86656
-1.85359
-1.81827
-1.77599
-1.73746
-1.70908
-1.75757
-1.76023
-1.83399
-2.50797
-2.76512
-2.38917
-1.98484
0

0
-1.78623
-1.9246
-1.93112
-1.9472
-1.94699
-1.93
-1.89739
-1.8603
-1.84642
-1.81273
-1.76768
-1.7186
-1.66667
-1.68564
-1.61979
-1.61811
-2.45457
-2.79855
-2.40989
-1.98784
0

0
-1.79027
-1.92899
-1.93409
-1.95098
-1.9523
-1.93051
-1.89515
-1.85719
-1.84103
-1.80764
-1.75925
-1.69913
-1.62282
-1.59931
-1.4343
-1.24678
-2.36457
-2.82874
-2.43017
-1.99128
0

0
-1.7936
-1.93202
-1.93605
-1.95488
-1.96518
-1.93377
-1.89398
-1.85651
-1.83679
-1.80252
-1.75045
-1.67943
-1.58029
-1.50129
-1.22223
-0.662302
-2.22461
-2.85236
-2.44752
-1.99418
0

0
-1.79079
-1.92798
-1.9313
-1.95306
-1.97693
-1.93356
-1.88807
-1.85182
-1.82789
-1.79218
-1.73686
-1.65672
-1.54009
-1.40493
-1.04761
0.0255285
-2.04799
-2.85757
-2.45079
-1.98935
0

0
-1.75222
-1.88717
-1.88958
-1.91337
-1.9477
-1.89624
-1.84732
-1.81295
-1.78662
-1.75077
-1.69517
-1.61249
-1.4914
-1.32863
-0.95987
0.427955
-1.90804
-2.80807
-2.39998
-1.94423
0

0
0
0
0
0
0
0
0
0
0
0
0
0
0
0
0
0
0
0
0
0
0


0
0
0
0
0
0
0
0
0
0
0
0
0
0
0
0
0
0
0
0
0
0

0
-1.82557
-1.92264
-1.96446
-1.98715
-1.96459
-2.02847
-2.01596
-2.00523
-1.98836
-1.92782
-1.88581
-1.87689
-1.94018
-2.06001
-2.19112
-2.31253
-2.60478
-2.64118
-2.37883
-2.06017
0

0
-1.76307
-1.85534
-1.89456
-1.91584
-1.89514
-1.95496
-1.94239
-1.93191
-1.9161
-1.85864
-1.81917
-1.81127
-1.87114
-1.98574
-2.11067
-2.22695
-2.50601
-2.53802
-2.28547
-1.98299
0

0
-1.76822
-1.86387
-1.90045
-1.92106
-1.90141
-1.9571
-1.94431
-1.93285
-1.91723
-1.86067
-1.82141
-1.8131
-1.87003
-1.98298
-2.10657
-2.22557
-2.51619
-2.55188
-2.29332
-1.98685
0

0
-1.7727
-1.87335
-1.90572
-1.92564
-1.90692
-1.95488
-1.94246
-1.92975
-1.9144
-1.8598
-1.82099
-1.81212
-1.86363
-1.97273
-2.09231
-2.2122
-2.52522
-2.56989
-2.30155
-1.98861
0

0
-1.77753
-1.88435
-1.91157
-1.9308
-1.91487
-1.95141
-1.93881
-1.92434
-1.90926
-1.85751
-1.81917
-1.80911
-1.85294
-1.95617
-2.06883
-2.18682
-2.53361
-2.59375
-2.31222
-1.98999
0

0
-1.78261
-1.89594
-1.91781
-1.93622
-1.92577
-1.94854
-1.93418
-1.91718
-1.90236
-1.85409
-1.81603
-1.80346
-1.83756
-1.93295
-2.03521
-2.14928
-2.53941
-2.62238
-2.3253
-1.99131
0

0
-1.78771
-1.90702
-1.92399
-1.94144
-1.93727
-1.94664
-1.9291
-1.90881
-1.89425
-1.84977
-1.81156
-1.79469
-1.817
-1.9024
-1.98969
-2.09852
-2.54042
-2.65439
-2.34055
-1.99274
0

0
-1.79261
-1.91679
-1.92968
-1.94611
-1.94657
-1.94524
-1.92393
-1.89984
-1.88556
-1.84478
-1.80584
-1.78281
-1.79092
-1.86358
-1.92934
-2.02955
-2.5339
-2.68845
-2.35759
-1.99439
0

0
-1.79718
-1.92488
-1.93458
-1.95006
-1.95239
-1.94379
-1.91895
-1.89101
-1.87693
-1.83937
-1.79905
-1.76826
-1.75939
-1.8153
-1.84991
-1.93204
-2.51617
-2.72334
-2.37608
-1.99635
0

0
-1.80142
-1.93135
-1.93861
-1.9534
-1.95524
-1.94223
-1.91446
-1.88323
-1.869
-1.83386
-1.79148
-1.75164
-1.72295
-1.75618
-1.74572
-1.78855
-2.48221
-2.75794
-2.39559
-1.99872
0

0
-1.80543
-1.93655
-1.94193
-1.95652
-1.95746
-1.94113
-1.91089
-1.87744
-1.86231
-1.82858
-1.78351
-1.73366
-1.68279
-1.68491
-1.60977
-1.56995
-2.42499
-2.79125
-2.41567
-2.0016
0

0
-1.80937
-1.9409
-1.9448
-1.95993
-1.96277
-1.94166
-1.90863
-1.87425
-1.85724
-1.82381
-1.77552
-1.71507
-1.64073
-1.60107
-1.43787
-1.23319
-2.33531
-2.82217
-2.4357
-2.00505
0

0
-1.8129
-1.94419
-1.94693
-1.96354
-1.97331
-1.94435
-1.90744
-1.8732
-1.85332
-1.81921
-1.76738
-1.69629
-1.59894
-1.50776
-1.24253
-0.746396
-2.20599
-2.84789
-2.45359
-2.00826
0

0
-1.81077
-1.94091
-1.94286
-1.96181
-1.98233
-1.94356
-1.9018
-1.86832
-1.84506
-1.8098
-1.75483
-1.67467
-1.55858
-1.41646
-1.06777
-0.180718
-2.04863
-2.85618
-2.45834
-2.00428
0

0
-1.77334
-1.90138
-1.90239
-1.92305
-1.95238
-1.90662
-1.86189
-1.82988
-1.80471
-1.76948
-1.71421
-1.63125
-1.50905
-1.34101
-0.964643
0.198817
-1.91292
-2.8078
-2.40957
-1.96046
0

0
0
0
0
0
0
0
0
0
0
0
0
0
0
0
0
0
0
0
0
0
0


0
0
0
0
0
0
0
0
0
0
0
0
0
0
0
0
0
0
0
0
0
0

0
-1.82183
-1.9048
-1.9461
-1.96844
-1.94594
-2.00954
-1.99689
-1.98629
-1.96954
-1.90947
-1.86794
-1.85923
-1.92222
-2.0411
-2.17098
-2.29128
-2.58069
-2.61522
-2.35464
-2.03987
0

0
-1.76861
-1.84758
-1.88655
-1.90762
-1.88689
-1.9468
-1.93403
-1.92361
-1.90784
-1.85052
-1.81127
-1.80352
-1.86343
-1.97774
-2.1022
-2.21804
-2.49568
-2.52611
-2.27409
-1.9737
0

0
-1.77361
-1.85586
-1.89221
-1.91261
-1.89292
-1.94874
-1.93577
-1.92439
-1.90882
-1.85239
-1.81335
-1.8052
-1.86222
-1.97491
-2.09807
-2.21667
-2.50555
-2.53947
-2.28157
-1.97732
0

0
-1.77807
-1.86526
-1.8974
-1.91713
-1.89831
-1.94648
-1.93395
-1.92134
-1.90604
-1.85154
-1.81295
-1.80427
-1.85594
-1.96487
-2.08414
-2.20374
-2.51467
-2.55726
-2.28963
-1.97903
0

0
-1.7829
-1.87618
-1.90316
-1.92224
-1.90614
-1.94296
-1.93033
-1.916
-1.90098
-1.84929
-1.81118
-1.80134
-1.84543
-1.94861
-2.06114
-2.17898
-2.5233
-2.58089
-2.3001
-1.98036
0

0
-1.78797
-1.88771
-1.90932
-1.92761
-1.91697
-1.94003
-1.92573
-1.90892
-1.89416
-1.84594
-1.8081
-1.79581
-1.83031
-1.92579
-2.0282
-2.14234
-2.52954
-2.6093
-2.31295
-1.98161
0

0
-1.79307
-1.89875
-1.91543
-1.93279
-1.92844
-1.93808
-1.92067
-1.90061
-1.88612
-1.84168
-1.8037
-1.78719
-1.81005
-1.89577
-1.98363
-2.09293
-2.53125
-2.64115
-2.32792
-1.98296
0

0
-1.79797
-1.90848
-1.92107
-1.93741
-1.93775
-1.93663
-1.91551
-1.89169
-1.8775
-1.83675
-1.79806
-1.77547
-1.78435
-1.85762
-1.9246
-2.02606
-2.52578
-2.6751
-2.34469
-1.98452
0

0
-1.80254
-1.91655
-1.92593
-1.94133
-1.94356
-1.93515
-1.91053
-1.88287
-1.86892
-1.8314
-1.79134
-1.76109
-1.75322
-1.81017
-1.84698
-1.93193
-2.50962
-2.70996
-2.36288
-1.98637
0

0
-1.80677
-1.92301
-1.92992
-1.94462
-1.94635
-1.93354
-1.90603
-1.87506
-1.861
-1.82593
-1.78384
-1.74464
-1.71718
-1.75207
-1.74525
-1.79397
-2.47802
-2.74466
-2.38209
-1.98862
0

0
-1.81077
-1.92819
-1.93319
-1.94767
-1.94836
-1.93234
-1.9024
-1.86919
-1.8543
-1.82066
-1.77593
-1.7268
-1.67738
-1.68196
-1.61235
-1.58437
-2.42433
-2.77823
-2.40188
-1.99135
0

0
-1.81469
-1.93252
-1.93603
-1.95101
-1.95336
-1.93272
-1.90008
-1.86591
-1.84918
-1.8159
-1.76798
-1.70832
-1.63558
-1.59926
-1.4433
-1.26038
-2.33971
-2.80971
-2.42167
-1.99466
0

0
-1.81836
-1.93597
-1.93831
-1.95472
-1.96378
-1.93541
-1.89898
-1.86494
-1.84539
-1.81148
-1.76002
-1.68974
-1.59396
-1.50659
-1.2486
-0.784989
-2.2164
-2.83682
-2.43976
-1.99798
0

0
-1.81756
-1.93415
-1.93568
-1.95442
-1.97421
-1.93594
-1.8947
-1.8614
-1.83846
-1.80337
-1.74869
-1.66914
-1.55414
-1.41497
-1.07096
-0.215985
-2.06314
-2.84893
-2.44679
-1.99556
0

0
-1.78594
-1.90062
-1.90132
-1.92202
-1.95116
-1.90533
-1.86074
-1.82882
-1.80369
-1.76846
-1.71318
-1.63024
-1.50813
-1.3404
-0.964727
0.185907
-1.92779
-2.80893
-2.40539
-1.958
0

0
0
0
0
0
0
0
0
0
0
0
0
0
0
0
0
0
0
0
0
0
0


0
0
0
0
0
0
0
0
0
0
0
0
0
0
0
0
0
0
0
0
0
0

0
0
0
0
0
0
0
0
0
0
0
0
0
0
0
0
0
0
0
0
0
0

0
0
0
0
0
0
0
0
0
0
0
0
0
0
0
0
0
0
0
0
0
0

0
0
0
0
0
0
0
0
0
0
0
0
0
0
0
0
0
0
0
0
0
0

0
0
0
0
0
0
0
0
0
0
0
0
0
0
0
0
0
0
0
0
0
0

0
0
0
0
0
0
0
0
0
0
0
0
0
0
0
0
0
0
0
0
0
0

0
0
0
0
0
0
0
0
0
0
0
0
0
0
0
0
0
0
0
0
0
0

0
0
0
0
0
0
0
0
0
0
0
0
0
0
0
0
0
0
0
0
0
0

0
0
0
0
0
0
0
0
0
0
0
0
0
0
0
0
0
0
0
0
0
0

0
0
0
0
0
0
0
0
0
0
0
0
0
0
0
0
0
0
0
0
0
0

0
0
0
0
0
0
0
0
0
0
0
0
0
0
0
0
0
0
0
0
0
0

0
0
0
0
0
0
0
0
0
0
0
0
0
0
0
0
0
0
0
0
0
0

0
0
0
0
0
0
0
0
0
0
0
0
0
0
0
0
0
0
0
0
0
0

0
0
0
0
0
0
0
0
0
0
0
0
0
0
0
0
0
0
0
0
0
0

0
0
0
0
0
0
0
0
0
0
0
0
0
0
0
0
0
0
0
0
0
0

0
0
0
0
0
0
0
0
0
0
0
0
0
0
0
0
0
0
0
0
0
0

0
0
0
0
0
0
0
0
0
0
0
0
0
0
0
0
0
0
0
0
0
0


