0
0
0
0
0
-0.0464856
0
0
0
0
0
0
0
0
0
0
0
0
0
0
0
0

0
-0.0473047
-0.0498924
-0.061955
-0.0452044
-0.0366251
-0.0295869
-0.0613782
0.00538138
-0.347947
-0.0175434
-0.0467559
-0.147353
-0.00692966
-0.103161
-0.193925
0.271413
-0.0316812
-0.0188334
-0.0288417
-0.0495029
0

0
-0.0628675
-0.0497964
-0.0835836
-0.0760025
-0.0378745
0
-0.0995724
-0.0127104
-0.206056
-0.0684833
-0.0714504
-0.356677
-0.0258968
-0.13198
-0.359397
0.869666
-0.10453
-0.00515959
-0.0290456
-0.0702551
0

0
-0.0811851
-0.0686985
-0.120855
-0.0943448
0
-0.0642906
-0.12591
0
-0.203715
-0.10758
-0.12442
-0.263065
-0.075996
-0.170609
-0.337022
0.285163
0.0369814
0.038835
-0.0270411
-0.0909775
0

0
-0.100719
-0.089843
-0.170075
-0.12187
-0.00978072
-0.0982579
-0.150759
-0.0521729
-0.202986
-0.141172
-0.172385
-0.287723
-0.129985
-0.209723
-0.285241
0.115747
0.163626
0.0845998
-0.0257234
-0.111679
0

0
-0.121316
-0.120351
-0.165929
-0.170075
0.0135394
-0.131601
-0.1804
-0.0683743
-0.21914
-0.166623
-0.18747
-0.0902996
-0.390357
-0.263203
-0.39874
-0.0284972
0.284392
0.0845998
-0.0232242
-0.132359
0

0
-0.142672
-0.149732
-0.186709
-0.214482
0.0485689
-0.165854
-0.215797
-0.0705687
-0.236642
-0.195502
-0.21071
-0.165813
-0.399533
-0.295882
-0.379476
-0.17814
0.392143
0.251454
-0.0582032
-0.152974
0

0
-0.16445
-0.177837
-0.208476
-0.265459
0.0903524
-0.201789
-0.254392
0
-0.263691
-0.221961
-0.235788
-0.226707
-0.428588
-0.335208
-0.353969
-0.323576
0.519947
0.385044
-0.100468
-0.17356
0

0
-0.186442
-0.204739
-0.230388
-0.323657
0.132574
-0.242592
-0.267795
-0.143459
-0.263514
-0.244001
-0.261664
-0.281145
-0.463299
-0.506859
-0.204919
-0.475746
0.679044
0.533441
-0.209984
-0.194126
0

0
-0.208516
-0.230569
-0.252205
-0.38775
0.132361
-0.276868
-0.282882
-0.202399
-0.2722
-0.264733
-0.287723
-0.329732
-0.514441
-0.429764
-0.243528
-0.69336
0.869666
0.683513
-0.170282
-0.215248
0

0
-0.230594
-0.255348
-0.276776
-0.358051
0.0455982
-0.238512
-0.299245
-0.252722
-0.284344
-0.2844
-0.313228
-0.372953
-0.580788
-0.446468
-0.18189
-0.98848
1.25074
0.841807
-0.209984
-0.236288
0

0
-0.252638
-0.279215
-0.298647
-0.338789
-0.0221068
-0.242707
-0.300933
-0.295831
-0.297774
-0.306898
-0.333815
-0.405892
-0.637239
-0.442774
-0.136941
-1.43726
1.65015
1.00715
-0.281334
-0.257164
0

0
-0.274741
-0.301257
-0.319476
-0.335235
-0.0675936
-0.254013
-0.308828
-0.347947
-0.31135
-0.325327
-0.356677
-0.437119
-0.719148
-0.404512
0
-1.98102
2.12103
1.20807
-0.384716
-0.277846
0

0
-0.297618
-0.323893
-0.340463
-0.342113
-0.0960106
-0.269704
-0.327422
-0.350039
-0.333437
-0.349352
-0.372729
-0.462998
-0.801925
0
-0.649202
-2.6646
2.80144
1.44296
-0.528426
-0.298285
0

0
-0.320081
-0.344712
-0.361677
-0.358042
-0.107013
-0.289336
-0.347947
-0.368319
-0.353689
-0.36736
-0.392041
-0.482617
-0.76997
-0.298995
-0.662273
-3.72806
3.68714
1.76033
-0.7474
-0.318394
0

0
-0.320081
-0.344712
-0.361677
-0.358042
-0.0613782
-0.289336
-0.347947
-0.368319
-0.353689
-0.36736
-0.392041
-0.482617
-0.76997
-0.298995
-0.662273
-3.72806
3.68714
1.76033
-0.7474
-0.318394
0

0
0
0
0
0
0
0
0
0
0
0
0
0
0
0
0
0
0
0
0
0
0


0
0
0
0
0
0
0
0
0
0
0
0
0
0
0
0
0
0
0
0
0
-0.215248

0.0473047
-0.0473047
-0.0498924
-0.061955
-0.0452044
-0.0366251
-0.0295869
-0.0613782
0.00538138
-0.347947
-0.0175434
-0.0467559
-0.147353
-0.00692966
-0.103161
-0.193925
0.271413
-0.0316812
-0.0188334
-0.0288417
-0.0495029
-0.0495029

0.0628675
-0.0628675
-0.0497964
-0.0835836
-0.0760025
-0.0378745
0
-0.0995724
-0.0127104
-0.206056
-0.0684833
-0.0714504
-0.356677
-0.0258968
-0.13198
-0.359397
0.869666
-0.10453
-0.00515959
-0.0290456
-0.0702551
-0.0702551

0.0811851
-0.0811851
-0.0686985
-0.120855
-0.0943448
0
-0.0642906
-0.12591
0
-0.203715
-0.10758
-0.12442
-0.263065
-0.075996
-0.170609
-0.337022
0.285163
0.0369814
0.038835
-0.0270411
-0.0909775
-0.0909775

0.100719
-0.100719
-0.089843
-0.170075
-0.12187
-0.00978072
-0.0982579
-0.150759
-0.0521729
-0.202986
-0.141172
-0.172385
-0.287723
-0.129985
-0.209723
-0.285241
0.115747
0.163626
0.0845998
-0.0257234
-0.111679
-0.111679

0.121316
-0.121316
-0.120351
-0.165929
-0.170075
0.0135394
-0.131601
-0.1804
-0.0683743
-0.21914
-0.166623
-0.18747
-0.0902996
-0.390357
-0.263203
-0.39874
-0.0284972
0.284392
0.0845998
-0.0232242
-0.132359
-0.132359

0.142672
-0.142672
-0.149732
-0.186709
-0.214482
0.0485689
-0.165854
-0.215797
-0.0705687
-0.236642
-0.195502
-0.21071
-0.165813
-0.399533
-0.295882
-0.379476
-0.17814
0.392143
0.251454
-0.0582032
-0.152974
-0.152974

0.16445
-0.16445
-0.177837
-0.208476
-0.265459
0.0903524
-0.201789
-0.254392
0
-0.263691
-0.221961
-0.235788
-0.226707
-0.428588
-0.335208
-0.353969
-0.323576
0.519947
0.385044
-0.100468
-0.17356
-0.17356

0.186442
-0.186442
-0.204739
-0.230388
-0.323657
0.132574
-0.242592
-0.267795
-0.143459
-0.263514
-0.244001
-0.261664
-0.281145
-0.463299
-0.506859
-0.204919
-0.475746
0.679044
0.533441
-0.209984
-0.194126
-0.194126

0.208516
-0.208516
-0.230569
-0.252205
-0.38775
0.132361
-0.276868
-0.282882
-0.202399
-0.2722
-0.264733
-0.287723
-0.329732
-0.514441
-0.429764
-0.243528
-0.69336
0.869666
0.683513
-0.170282
-0.215248
-0.215248

0.230594
-0.230594
-0.255348
-0.276776
-0.358051
0.0455982
-0.238512
-0.299245
-0.252722
-0.284344
-0.2844
-0.313228
-0.372953
-0.580788
-0.446468
-0.18189
-0.98848
1.25074
0.841807
-0.209984
-0.236288
-0.236288

0.252638
-0.252638
-0.279215
-0.298647
-0.338789
-0.0221068
-0.242707
-0.300933
-0.295831
-0.297774
-0.306898
-0.333815
-0.405892
-0.637239
-0.442774
-0.136941
-1.43726
1.65015
1.00715
-0.281334
-0.257164
-0.257164

0.274741
-0.274741
-0.301257
-0.319476
-0.335235
-0.0675936
-0.254013
-0.308828
-0.347947
-0.31135
-0.325327
-0.356677
-0.437119
-0.719148
-0.404512
0
-1.98102
2.12103
1.20807
-0.384716
-0.277846
-0.277846

0.297618
-0.297618
-0.323893
-0.340463
-0.342113
-0.0960106
-0.269704
-0.327422
-0.350039
-0.333437
-0.349352
-0.372729
-0.462998
-0.801925
0
-0.649202
-2.6646
2.80144
1.44296
-0.528426
-0.298285
-0.298285

0.320081
-0.320081
-0.344712
-0.361677
-0.358042
-0.107013
-0.289336
-0.347947
-0.368319
-0.353689
-0.36736
-0.392041
-0.482617
-0.76997
-0.298995
-0.662273
-3.72806
3.68714
1.76033
-0.7474
-0.318394
-0.318394

0.299716
-0.320081
-0.344712
-0.361677
-0.358042
-0.0613782
-0.289336
-0.347947
-0.368319
-0.353689
-0.36736
-0.392041
-0.482617
-0.76997
-0.298995
-0.662273
-3.72806
3.68714
1.76033
-0.7474
-0.318394
-0.296904

0
0
0
0
0
0
0
0
0
0
0
0
0
0
0
0
0
0
0
0
0
0


0
0
0
0
0
0
0
0
0
0
0
0
0
0
0
0
0
0
0
0
0
0

0.0446512
-0.0446512
-0.300696
-0.0649122
-0.030552
-0.110563
-0.0926234
-0.027702
0.00215093
-0.0394172
-0.0429245
-0.063712
0.0801288
-0.000843553
-0.0830669
-0.071021
-1.21107
0.0572813
0.00412708
-0.0284098
-0.0496557
-0.0496557

0.0648279
-0.0648279
0.269871
-0.0450213
-0.068271
0.0307279
-0.161022
-0.145312
-0.0784964
-0.138068
-0.0714288
-0.0859116
0.224573
-0.0610157
-0.13852
-0.115784
-1.77485
-0.276786
0.00867493
-0.028976
-0.0702208
-0.0702208

0.0801061
-0.0801061
0.038535
-0.0598339
-0.0973445
0.0503729
-0.0995542
-0.133174
-0.17255
-0.174766
-0.107198
-0.114973
-0.18294
-0.170239
-0.193927
-0.113849
-0.299058
-0.00761403
0.0786123
-0.0257375
-0.0906868
-0.0906868

0.0995698
-0.0995698
-0.0589438
-0.0304427
-0.115963
-0.0249974
-0.122637
-0.152599
-0.133662
-0.189079
-0.138433
-0.14579
-0.350906
-0.148719
-0.232161
0.183375
-0.082805
0.0944873
0.188109
-0.0191671
-0.110947
-0.110947

0.120461
-0.120461
-0.108014
-0.125128
-0.156043
-0.102689
-0.160534
-0.179313
-0.165471
-0.20891
-0.166186
-0.17854
-0.186208
-0.309127
-0.241127
-1.10276
-0.242789
0.150744
0.479509
-0.00246598
-0.130624
-0.130624

0.141911
-0.141911
-0.143701
-0.168418
-0.193479
-0.212291
-0.212274
-0.209921
-0.261925
-0.234633
-0.19319
-0.20487
-0.211859
-0.370299
-0.333757
-0.441816
-0.255216
0.23074
0.373261
-0.0183023
-0.151318
-0.151318

0.163653
-0.163653
-0.173818
-0.198438
-0.22513
-0.401383
-0.287609
-0.241206
-0.45799
-0.265832
-0.218855
-0.231179
-0.247231
-0.416169
-0.402967
-0.468024
-0.36075
0.278849
0.367563
-0.00479886
-0.170731
-0.170731

0.185545
-0.185545
-0.200951
-0.224585
-0.252031
-0.614066
-0.390353
-0.273103
-0.258755
-0.261512
-0.240915
-0.257199
-0.287676
-0.478991
-0.494461
-0.577244
-0.496122
0.261536
0.413702
0.0967764
-0.188068
-0.188068

0.207516
-0.207516
-0.225741
-0.249047
-0.289423
-0.622105
-0.451992
-0.297431
-0.239638
-0.268823
-0.262091
-0.282714
-0.328074
-0.579828
-0.579725
-0.841914
-0.671224
-0.120684
0.408598
-0.0813694
-0.213061
-0.213061

0.229566
-0.229566
-0.247472
-0.272117
-0.3151
-0.364909
-0.27638
-0.291951
-0.24819
-0.279947
-0.282704
-0.307135
-0.365015
-0.694371
-0.733924
-1.24124
-0.949943
1.19546
0.721016
-0.158832
-0.234852
-0.234852

0.251826
-0.251826
-0.263573
-0.295855
-0.318372
-0.209697
-0.265451
-0.299491
-0.249091
-0.291806
-0.303429
-0.329509
-0.399007
-0.363895
-0.99184
-1.63367
-1.03118
1.46215
0.852157
-0.231046
-0.25618
-0.25618

0.274343
-0.274343
-0.277329
-0.316582
-0.324324
-0.172475
-0.269838
-0.311597
-0.224445
-0.303642
-0.323299
-0.350943
-0.425768
-0.592605
-1.36656
-1.78937
-1.00179
1.75877
0.974921
-0.307055
-0.276908
-0.276908

0.294815
-0.294815
-0.360149
-0.324954
-0.33257
-0.171594
-0.282757
-0.326782
-0.313052
-0.328863
-0.344281
-0.370161
-0.450558
-0.680351
-1.49049
-1.14024
-0.910416
2.22059
1.09997
-0.384979
-0.297066
-0.297066

0.318504
-0.318504
-0.355127
-0.352912
-0.351914
-0.184482
-0.30169
-0.346555
-0.347165
-0.349941
-0.363504
-0.388728
-0.469592
-0.699429
-0.757476
-0.972808
-1.14036
2.81067
1.17762
-0.438859
-0.316735
-0.316735

0.298101
-0.318504
-0.355127
-0.352912
-0.351914
-0.184482
-0.30169
-0.346555
-0.347165
-0.349941
-0.363504
-0.388728
-0.469592
-0.699429
-0.757476
-0.972808
-1.14036
2.81067
1.17762
-0.438859
-0.316735
-0.295273

0
0
0
0
0
0
0
0
0
0
0
0
0
0
0
0
0
0
0
0
0
0


0
0
0
0
0
0
0
0
0
0
0
0
0
0
0
0
0
0
0
0
0
0

0.0466142
-0.0466142
-0.0888773
-0.0484981
-0.0412606
-0.132808
-0.0907256
-0.0601004
-0.0446998
-0.0567871
-0.0513855
-0.0579796
0.035474
-0.0425971
-0.0800281
-0.08607
-0.558369
-0.0495237
-0.00289151
-0.03014
-0.04974
-0.04974

0.0625635
-0.0625635
0.0406623
-0.0548833
-0.0627303
-0.057758
-0.11952
-0.101196
-0.0838622
-0.105598
-0.077895
-0.0845211
0.00376545
-0.0877426
-0.13127
-0.14178
-1.01226
-0.0991777
0.0266294
-0.0307789
-0.070227
-0.070227

0.0800292
-0.0800292
-0.00600865
-0.0672272
-0.0895827
-0.0420058
-0.12287
-0.12852
-0.129573
-0.144197
-0.10747
-0.113972
-0.121437
-0.148018
-0.181387
-0.196936
-0.141989
-0.0226483
0.0766364
-0.0300873
-0.0906657
-0.0906657

0.0994894
-0.0994894
-0.0612806
-0.0814597
-0.11732
-0.0751493
-0.139423
-0.150802
-0.151784
-0.171139
-0.136468
-0.144045
-0.22805
-0.199381
-0.228123
-0.283846
-0.163529
0.0328943
0.152286
-0.0278117
-0.110991
-0.110991

0.120178
-0.120178
-0.105458
-0.120233
-0.149363
-0.156422
-0.172994
-0.176226
-0.184683
-0.194794
-0.1638
-0.173942
-0.181449
-0.258113
-0.277603
-0.366036
-0.230463
0.0772681
0.232414
-0.026285
-0.131209
-0.131209

0.141469
-0.141469
-0.140894
-0.15828
-0.183228
-0.269273
-0.21846
-0.204034
-0.238318
-0.218547
-0.189837
-0.200666
-0.214298
-0.328901
-0.340152
-0.527847
-0.309807
0.112959
0.256872
-0.0281283
-0.151405
-0.151405

0.163055
-0.163055
-0.171231
-0.189746
-0.215781
-0.405425
-0.273679
-0.232058
-0.298448
-0.240719
-0.214486
-0.226934
-0.250693
-0.386205
-0.41396
-0.53956
-0.404523
0.134229
0.276974
-0.0274218
-0.171432
-0.171432

0.184788
-0.184788
-0.198476
-0.217082
-0.246975
-0.547255
-0.333845
-0.257652
-0.271392
-0.253162
-0.237311
-0.252752
-0.28767
-0.443446
-0.499165
-0.647464
-0.538421
0.13939
0.308861
-0.0297941
-0.191528
-0.191528

0.206604
-0.206604
-0.223553
-0.242011
-0.276595
-0.551905
-0.365358
-0.277721
-0.255961
-0.264277
-0.258922
-0.277874
-0.323836
-0.506731
-0.597281
-0.844219
-0.723953
0.222819
0.379298
-0.0823528
-0.212983
-0.212983

0.228494
-0.228494
-0.24686
-0.265284
-0.291808
-0.0741285
-0.26175
-0.283504
-0.257516
-0.277074
-0.27986
-0.301954
-0.357369
-0.556394
-0.723513
-1.13597
-0.968413
0.694322
0.482273
-0.14441
-0.234561
-0.234561

0.250492
-0.250492
-0.269035
-0.287628
-0.302368
-0.156852
-0.265869
-0.294768
-0.263692
-0.291231
-0.300425
-0.324653
-0.387017
-0.494252
-0.891082
-1.45253
-1.16013
0.806968
0.554399
-0.202192
-0.255697
-0.255697

0.272612
-0.272612
-0.293221
-0.308477
-0.313758
-0.187935
-0.276367
-0.308636
-0.272121
-0.30699
-0.320555
-0.346078
-0.413713
-0.559451
-1.09311
-1.50829
-1.21038
0.919733
0.609793
-0.259207
-0.276442
-0.276442

0.294665
-0.294665
-0.327489
-0.326288
-0.327741
-0.208086
-0.291413
-0.325353
-0.305459
-0.326698
-0.340565
-0.366004
-0.437247
-0.618714
-1.16874
-0.899875
-1.12477
1.04337
0.630879
-0.313185
-0.296858
-0.296858

0.317169
-0.317169
-0.351142
-0.347265
-0.346808
-0.229057
-0.310945
-0.344913
-0.335352
-0.347048
-0.359904
-0.384711
-0.456301
-0.641801
-0.813911
-0.991047
-1.21472
1.03291
0.588915
-0.354329
-0.317104
-0.317104

0.296734
-0.317169
-0.351142
-0.347265
-0.346808
-0.229057
-0.310945
-0.344913
-0.335352
-0.347048
-0.359904
-0.384711
-0.456301
-0.641801
-0.813911
-0.991047
-1.21472
1.03291
0.588915
-0.354329
-0.317104
-0.295517

0
0
0
0
0
0
0
0
0
0
0
0
0
0
0
0
0
0
0
0
0
0


0
0
0
0
0
0
0
0
0
0
0
0
0
0
0
0
0
0
0
0
0
0

0.0469183
-0.0469183
-0.0454794
-0.0459346
-0.0422219
-0.00808244
-0.0834539
-0.0624962
-0.0549337
-0.0603641
-0.054126
-0.0565269
-0.0204054
-0.0587812
-0.0779741
-0.0894753
-0.251992
-0.0445727
-0.00740421
-0.0325466
-0.0497925
-0.0497925

0.0632923
-0.0632923
-0.027383
-0.060276
-0.0556591
-0.121086
-0.120771
-0.0934773
-0.0856063
-0.0949611
-0.0801493
-0.0838493
-0.0540086
-0.0983539
-0.12677
-0.148831
-0.466445
-0.0593157
0.0173769
-0.0356914
-0.0703074
-0.0703074

0.0809998
-0.0809998
-0.0443081
-0.0766191
-0.0827416
-0.131406
-0.131156
-0.120889
-0.118961
-0.12791
-0.107394
-0.112493
-0.114485
-0.145921
-0.175954
-0.208517
-0.290339
-0.044539
0.0497247
-0.0384989
-0.0907887
-0.0907887

0.100198
-0.100198
-0.076455
-0.0971739
-0.112882
-0.130877
-0.14624
-0.145635
-0.148662
-0.156329
-0.134628
-0.141427
-0.175083
-0.19628
-0.225966
-0.275556
-0.235442
-0.0145207
0.0903073
-0.0412268
-0.111214
-0.111214

0.120487
-0.120487
-0.110285
-0.12493
-0.144145
-0.168282
-0.173093
-0.170636
-0.17965
-0.181521
-0.161021
-0.16976
-0.188956
-0.24578
-0.278901
-0.346564
-0.265953
0.0113693
0.127299
-0.0451034
-0.131587
-0.131587

0.141427
-0.141427
-0.141733
-0.155388
-0.176008
-0.235667
-0.208157
-0.196272
-0.214581
-0.204884
-0.186356
-0.196635
-0.216597
-0.301523
-0.338765
-0.452176
-0.333489
0.0314554
0.155476
-0.0506356
-0.151909
-0.151909

0.162726
-0.162726
-0.170514
-0.184381
-0.207192
-0.318291
-0.247283
-0.221423
-0.246094
-0.226018
-0.210538
-0.222761
-0.249699
-0.355352
-0.406899
-0.529645
-0.425221
0.0500012
0.179065
-0.0594318
-0.172256
-0.172256

0.184221
-0.184221
-0.197167
-0.211118
-0.23616
-0.414791
-0.286162
-0.244461
-0.254486
-0.243281
-0.233484
-0.248279
-0.283693
-0.406661
-0.483621
-0.628088
-0.549475
0.0815842
0.207438
-0.0760054
-0.192763
-0.192763

0.205837
-0.205837
-0.222228
-0.235914
-0.260418
-0.454762
-0.309671
-0.263868
-0.256471
-0.258437
-0.255388
-0.273054
-0.316822
-0.455487
-0.569893
-0.772937
-0.717482
0.159491
0.246846
-0.107241
-0.213608
-0.213608

0.227555
-0.227555
-0.246163
-0.25915
-0.276758
-0.140211
-0.274269
-0.276913
-0.262656
-0.273613
-0.276561
-0.296872
-0.347828
-0.493684
-0.668383
-0.973718
-0.934835
0.241832
0.277201
-0.149054
-0.234661
-0.234661

0.249395
-0.249395
-0.269591
-0.281307
-0.290667
-0.179035
-0.272328
-0.290355
-0.272908
-0.289562
-0.297214
-0.319544
-0.375903
-0.503537
-0.780841
-1.20086
-1.16398
0.245365
0.296633
-0.192791
-0.255575
-0.255575

0.271388
-0.271388
-0.293578
-0.302522
-0.305546
-0.209611
-0.282198
-0.305663
-0.287237
-0.306675
-0.317424
-0.341007
-0.401459
-0.537701
-0.897236
-1.27835
-1.3121
0.189944
0.294175
-0.235648
-0.276262
-0.276262

0.293551
-0.293551
-0.319129
-0.322794
-0.322398
-0.234115
-0.297745
-0.323149
-0.309101
-0.325424
-0.337261
-0.361182
-0.424081
-0.574655
-0.951499
-0.924976
-1.32125
0.0919615
0.26545
-0.274793
-0.296735
-0.296735

0.315904
-0.315904
-0.342751
-0.343431
-0.342248
-0.257747
-0.317474
-0.342796
-0.332707
-0.345052
-0.356611
-0.38012
-0.443108
-0.596429
-0.844147
-0.977168
-1.37737
0.0164099
0.230454
-0.304722
-0.31708
-0.31708

0.295416
-0.315904
-0.342751
-0.343431
-0.342248
-0.257747
-0.317474
-0.342796
-0.332707
-0.345052
-0.356611
-0.38012
-0.443108
-0.596429
-0.844147
-0.977168
-1.37737
0.0164099
0.230454
-0.304722
-0.31708
-0.295428

0
0
0
0
0
0
0
0
0
0
0
0
0
0
0
0
0
0
0
0
0
0


0
0
0
0
0
1
0
0
0
0
0
0
0
0
0
0
0
0
0
0
0
0

0.0473285
-0.0473285
-0.0419518
-0.0464458
-0.0435948
0.990527
-0.034783
-0.057824
-0.0564455
-0.05897
-0.0547604
-0.0561602
-0.0447618
-0.0638278
-0.0758152
-0.0868619
-0.147185
-0.042705
-0.0152097
-0.0356735
-0.0498556
-0.0498556

0.064329
-0.064329
-0.0494409
-0.0636029
-0.0625254
0.672374
-0.0653509
-0.0862995
-0.0845718
-0.088968
-0.0804717
-0.0832352
-0.0743325
-0.10169
-0.122458
-0.144097
-0.255216
-0.0542786
-1.66607e-06
-0.0420973
-0.0704326
-0.0704326

0.0822381
-0.0822381
-0.0655401
-0.0823694
-0.0853681
0.27965
-0.101463
-0.113511
-0.113659
-0.118272
-0.106587
-0.110944
-0.114864
-0.143772
-0.169983
-0.201434
-0.266148
-0.057088
0.0178117
-0.0486396
-0.0909817
-0.0909817

0.101231
-0.101231
-0.0895551
-0.103826
-0.11135
0.0192225
-0.133595
-0.139087
-0.142168
-0.145571
-0.132646
-0.1388
-0.156782
-0.188546
-0.219035
-0.261585
-0.258654
-0.0496159
0.0378908
-0.0556417
-0.111496
-0.111496

0.121136
-0.121136
-0.116823
-0.128359
-0.139836
-0.11531
-0.164087
-0.163857
-0.170329
-0.170718
-0.158177
-0.166187
-0.186228
-0.233908
-0.270746
-0.327792
-0.285207
-0.0407273
0.0567488
-0.0637758
-0.131976
-0.131976

0.141679
-0.141679
-0.144378
-0.154768
-0.169271
-0.193877
-0.195055
-0.188219
-0.198142
-0.194021
-0.182919
-0.192737
-0.215092
-0.281333
-0.32689
-0.407938
-0.342714
-0.0340917
0.0733544
-0.0737656
-0.152434
-0.152434

0.162626
-0.162626
-0.171066
-0.181191
-0.198094
-0.256299
-0.226244
-0.211773
-0.222738
-0.215433
-0.206758
-0.218569
-0.246043
-0.328782
-0.388439
-0.489217
-0.425385
-0.0283671
0.0874594
-0.0871414
-0.172923
-0.172923

0.183827
-0.183827
-0.196647
-0.206632
-0.224818
-0.31243
-0.255174
-0.233715
-0.239389
-0.234693
-0.229658
-0.243743
-0.27756
-0.374456
-0.455637
-0.57979
-0.535743
-0.0203232
0.100553
-0.105891
-0.1935
-0.1935

0.2052
-0.2052
-0.221229
-0.230829
-0.247658
-0.336247
-0.27514
-0.253286
-0.251124
-0.252376
-0.2517
-0.268178
-0.308353
-0.416975
-0.528465
-0.692804
-0.680726
-0.0135952
0.1109
-0.131438
-0.214192
-0.214192

0.226718
-0.226718
-0.245044
-0.253855
-0.265775
-0.231161
-0.273498
-0.269847
-0.262829
-0.269554
-0.273045
-0.291736
-0.33749
-0.453225
-0.606576
-0.833569
-0.866018
-0.0387792
0.111122
-0.163015
-0.234976
-0.234976

0.248389
-0.248389
-0.268397
-0.275973
-0.282162
-0.219939
-0.275977
-0.285593
-0.276401
-0.286948
-0.293833
-0.314284
-0.364394
-0.480053
-0.687959
-0.985039
-1.07963
-0.10127
0.100712
-0.19707
-0.255711
-0.255711

0.270242
-0.270242
-0.291621
-0.297413
-0.299043
-0.234745
-0.28631
-0.302239
-0.292548
-0.304954
-0.314145
-0.335738
-0.388998
-0.509162
-0.763614
-1.06086
-1.26653
-0.201787
0.0770466
-0.230752
-0.276315
-0.276315

0.292312
-0.292312
-0.314812
-0.31837
-0.31739
-0.255465
-0.302028
-0.320386
-0.311855
-0.323768
-0.334023
-0.356035
-0.410998
-0.537148
-0.805729
-0.925999
-1.35331
-0.303159
0.0453304
-0.261458
-0.296773
-0.296773

0.314581
-0.314581
-0.337108
-0.339266
-0.337768
-0.278371
-0.321694
-0.340171
-0.332843
-0.343204
-0.353451
-0.37518
-0.430059
-0.557327
-0.787638
-0.931613
-1.39422
-0.355519
0.0177328
-0.286185
-0.317117
-0.317117

0.294042
-0.314581
-0.337108
-0.339266
-0.337768
-0.278371
-0.321694
-0.340171
-0.332843
-0.343204
-0.353451
-0.37518
-0.430059
-0.557327
-0.787638
-0.931613
-1.39422
-0.355519
0.0177328
-0.286185
-0.317117
-0.295415

0
0
0
0
0
0
0
0
0
0
0
0
0
0
0
0
0
0
0
0
0
0


0
0
0
0
0
0
0
0
0
0
0
0
0
0
0
0
0
0
0
0
0
0

0.0477892
-0.0477892
-0.0443773
-0.0478179
-0.0368371
-0.0968297
-0.0867778
-0.0595405
-0.0560262
-0.0571144
-0.0546464
-0.0558598
-0.0534304
-0.0646127
-0.0732808
-0.0823851
-0.105444
-0.0447377
-0.0241561
-0.039138
-0.0499333
-0.0499333

0.0652621
-0.0652621
-0.0591421
-0.0663144
-0.0576164
-0.0663479
-0.10243
-0.084927
-0.0825695
-0.0846901
-0.0799421
-0.0824686
-0.0820353
-0.10111
-0.117387
-0.135381
-0.176128
-0.0591965
-0.0187147
-0.0490573
-0.0705868
-0.0705868

0.0833767
-0.0833767
-0.0769371
-0.0859468
-0.0832356
-0.0320535
-0.112666
-0.109264
-0.109302
-0.111743
-0.105307
-0.109361
-0.115275
-0.139751
-0.162363
-0.188827
-0.220285
-0.0704094
-0.0125292
-0.0592465
-0.0912101
-0.0912101

0.102268
-0.102268
-0.0984836
-0.107268
-0.109623
-0.0567927
-0.131639
-0.133389
-0.135787
-0.137694
-0.130531
-0.136293
-0.149724
-0.180135
-0.208734
-0.244149
-0.247679
-0.0771049
-0.00589873
-0.0700151
-0.111803
-0.111803

0.121882
-0.121882
-0.122426
-0.130288
-0.136488
-0.112956
-0.156481
-0.157216
-0.161671
-0.162261
-0.155355
-0.162899
-0.180954
-0.22139
-0.257187
-0.303911
-0.283221
-0.0823483
7.80906e-05
-0.0818283
-0.132368
-0.132368

0.142067
-0.142067
-0.147278
-0.154489
-0.163598
-0.169195
-0.183391
-0.18059
-0.18651
-0.185412
-0.179585
-0.188936
-0.210603
-0.26344
-0.308557
-0.37095
-0.336575
-0.0892239
0.00459359
-0.0953024
-0.15292
-0.15292

0.162663
-0.162663
-0.172116
-0.179006
-0.190147
-0.217263
-0.210184
-0.203212
-0.209161
-0.207137
-0.203113
-0.214359
-0.240351
-0.305483
-0.363338
-0.443237
-0.409505
-0.0994915
0.00670528
-0.111334
-0.173483
-0.173483

0.183551
-0.183551
-0.196525
-0.203155
-0.215118
-0.255875
-0.234861
-0.224662
-0.228324
-0.227447
-0.225904
-0.239151
-0.270038
-0.34632
-0.421546
-0.522372
-0.504319
-0.1157
0.00547778
-0.130792
-0.194079
-0.194079

0.204658
-0.204658
-0.220391
-0.226598
-0.237499
-0.275155
-0.254389
-0.244584
-0.244681
-0.246633
-0.247988
-0.263243
-0.299012
-0.384756
-0.482758
-0.613014
-0.625225
-0.144712
-0.0010735
-0.154055
-0.214715
-0.214715

0.225954
-0.225954
-0.243753
-0.249263
-0.257012
-0.253768
-0.265484
-0.262889
-0.260199
-0.265241
-0.269446
-0.286538
-0.326652
-0.419377
-0.545882
-0.716339
-0.776146
-0.196466
-0.0151718
-0.18064
-0.235373
-0.235373

0.247438
-0.247438
-0.266711
-0.271258
-0.275166
-0.245678
-0.274923
-0.280424
-0.276296
-0.283761
-0.290363
-0.308933
-0.352513
-0.449355
-0.608276
-0.821099
-0.952877
-0.269792
-0.0366613
-0.208901
-0.255995
-0.255995

0.269137
-0.269137
-0.289346
-0.29275
-0.293427
-0.254628
-0.287614
-0.298277
-0.293699
-0.302511
-0.3108
-0.33035
-0.376369
-0.477108
-0.663486
-0.886492
-1.12641
-0.35736
-0.0639362
-0.236925
-0.276528
-0.276528

0.291086
-0.291086
-0.311619
-0.313903
-0.312661
-0.271932
-0.304047
-0.317065
-0.312677
-0.321646
-0.330787
-0.350728
-0.397971
-0.501817
-0.699005
-0.857512
-1.23967
-0.435573
-0.0922208
-0.262871
-0.296949
-0.296949

0.313272
-0.313272
-0.3332
-0.334917
-0.333304
-0.293326
-0.323723
-0.337017
-0.332832
-0.341148
-0.350336
-0.370063
-0.417142
-0.521258
-0.707674
-0.855994
-1.27907
-0.474514
-0.115316
-0.285021
-0.317266
-0.317266

0.292681
-0.313272
-0.3332
-0.334917
-0.333304
-0.293326
-0.323723
-0.337017
-0.332832
-0.341148
-0.350336
-0.370063
-0.417142
-0.521258
-0.707674
-0.855994
-1.27907
-0.474514
-0.115316
-0.285021
-0.317266
-0.295517

0
0
0
0
0
0
0
0
0
0
0
0
0
0
0
0
0
0
0
0
0
0


0
0
0
0
0
0
0
0
0
0
0
0
0
0
0
0
0
0
0
0
0
0

0.0482072
-0.0482072
-0.0467352
-0.048548
-0.0453613
-0.0558356
-0.0623064
-0.0555511
-0.0547716
-0.0554968
-0.0542609
-0.0554664
-0.056155
-0.0636968
-0.0703575
-0.0773457
-0.0859926
-0.0482764
-0.0329374
-0.0426827
-0.0500271
-0.0500271

0.0660358
-0.0660358
-0.0643623
-0.067951
-0.0641756
-0.0649497
-0.0881489
-0.0806912
-0.0800624
-0.0813968
-0.0790631
-0.0815496
-0.0843916
-0.098494
-0.111485
-0.125418
-0.140398
-0.066782
-0.0364706
-0.0560831
-0.0707642
-0.0707642

0.0843248
-0.0843248
-0.0833664
-0.0880478
-0.0859916
-0.0695723
-0.107731
-0.104671
-0.105231
-0.106888
-0.103801
-0.107722
-0.114542
-0.134356
-0.153292
-0.174093
-0.186805
-0.0841169
-0.0399071
-0.0697318
-0.0914593
-0.0914593

0.103173
-0.103173
-0.104217
-0.109134
-0.109616
-0.0888172
-0.127716
-0.128034
-0.130093
-0.131682
-0.128362
-0.133858
-0.145458
-0.171217
-0.19614
-0.224204
-0.226123
-0.0999154
-0.0435055
-0.0838888
-0.11212
-0.11212

0.122579
-0.122579
-0.126553
-0.131222
-0.134191
-0.121748
-0.150082
-0.151015
-0.15438
-0.155572
-0.152596
-0.159744
-0.175553
-0.208704
-0.240433
-0.277223
-0.267347
-0.115489
-0.0478064
-0.0988866
-0.132753
-0.132753

0.142469
-0.142469
-0.149718
-0.154058
-0.159093
-0.159496
-0.173956
-0.173584
-0.177756
-0.178467
-0.176373
-0.185207
-0.204696
-0.246518
-0.286567
-0.334564
-0.317875
-0.133004
-0.0534988
-0.115139
-0.153368
-0.153368

0.162747
-0.162747
-0.173152
-0.17721
-0.183668
-0.195398
-0.197922
-0.195574
-0.199733
-0.200345
-0.199606
-0.210158
-0.233379
-0.28416
-0.334735
-0.396318
-0.381452
-0.154768
-0.0614797
-0.133122
-0.173976
-0.173976

0.183332
-0.183332
-0.19651
-0.200267
-0.207237
-0.225601
-0.220563
-0.216764
-0.219908
-0.221248
-0.222255
-0.23454
-0.26163
-0.32089
-0.384808
-0.462993
-0.460655
-0.183672
-0.0727609
-0.153215
-0.194587
-0.194587

0.20417
-0.20417
-0.219622
-0.222963
-0.229232
-0.245587
-0.240401
-0.23699
-0.238506
-0.241346
-0.244326
-0.258287
-0.289143
-0.355893
-0.436265
-0.535848
-0.558237
-0.223444
-0.0883869
-0.175485
-0.215199
-0.215199

0.225235
-0.225235
-0.242434
-0.24519
-0.249545
-0.251052
-0.256498
-0.256281
-0.256343
-0.260928
-0.265853
-0.28132
-0.315532
-0.388363
-0.487975
-0.614158
-0.67639
-0.276505
-0.108797
-0.199551
-0.235799
-0.235799

0.246528
-0.246528
-0.26494
-0.266973
-0.268881
-0.255392
-0.270888
-0.275038
-0.274227
-0.280294
-0.286881
-0.303558
-0.340466
-0.417794
-0.537686
-0.690624
-0.812837
-0.340641
-0.1332
-0.224505
-0.256358
-0.256358

0.268074
-0.268074
-0.287127
-0.288399
-0.288143
-0.266209
-0.286297
-0.293872
-0.292686
-0.299668
-0.307447
-0.32493
-0.363709
-0.444423
-0.581172
-0.745603
-0.95162
-0.40897
-0.159563
-0.249179
-0.276844
-0.276844

0.289906
-0.289906
-0.308924
-0.30957
-0.307986
-0.282806
-0.303861
-0.313241
-0.311949
-0.319173
-0.327569
-0.345382
-0.385053
-0.467762
-0.612296
-0.756436
-1.05546
-0.467464
-0.184689
-0.2724
-0.297232
-0.297232

0.312013
-0.312013
-0.330146
-0.330589
-0.328765
-0.303275
-0.323724
-0.333374
-0.331948
-0.338836
-0.347258
-0.364898
-0.404392
-0.487051
-0.628707
-0.761574
-1.09438
-0.497637
-0.205126
-0.293164
-0.317516
-0.317516

0.291368
-0.312013
-0.330146
-0.330589
-0.328765
-0.303275
-0.323724
-0.333374
-0.331948
-0.338836
-0.347258
-0.364898
-0.404392
-0.487051
-0.628707
-0.761574
-1.09438
-0.497637
-0.205126
-0.293164
-0.317516
-0.295722

0
0
0
0
0
0
0
0
0
0
0
0
0
0
0
0
0
0
0
0
0
0


0
0
0
0
0
0
0
0
0
0
0
0
0
0
0
0
0
0
0
0
0
0

0.0485742
-0.0485742
-0.0483839
-0.0491527
-0.0480417
-0.0487887
-0.055174
-0.0534772
-0.0535683
-0.0541798
-0.0537984
-0.0550128
-0.0566786
-0.0620667
-0.0671461
-0.0721485
-0.0750852
-0.0521429
-0.041155
-0.0462053
-0.0501489
-0.0501489

0.0666703
-0.0666703
-0.0674816
-0.0690263
-0.0673634
-0.0661765
-0.0795395
-0.0772133
-0.0776149
-0.0787625
-0.07807
-0.0805367
-0.0843766
-0.0948716
-0.104971
-0.115052
-0.120135
-0.0746991
-0.0527698
-0.0629765
-0.0709691
-0.0709691

0.0850899
-0.0850899
-0.0872258
-0.0892852
-0.0880132
-0.0819879
-0.101311
-0.100336
-0.101487
-0.10304
-0.102226
-0.10604
-0.112814
-0.12816
-0.143229
-0.15848
-0.162835
-0.0969547
-0.0644312
-0.0798762
-0.0917249
-0.0917249

0.103914
-0.103914
-0.107894
-0.110107
-0.109851
-0.101702
-0.122253
-0.122953
-0.125075
-0.126864
-0.126207
-0.131458
-0.141626
-0.161941
-0.182139
-0.20291
-0.203275
-0.11899
-0.0764132
-0.0971211
-0.11244
-0.11244

0.123164
-0.123164
-0.129419
-0.131515
-0.13248
-0.126783
-0.143739
-0.145204
-0.14822
-0.150107
-0.149925
-0.156668
-0.170195
-0.196034
-0.221907
-0.249105
-0.244675
-0.141541
-0.0890721
-0.114931
-0.133125
-0.133125

0.142812
-0.142812
-0.151534
-0.153392
-0.155465
-0.15491
-0.165871
-0.167119
-0.170725
-0.17269
-0.173291
-0.181545
-0.198234
-0.230192
-0.262695
-0.297814
-0.290961
-0.165943
-0.102881
-0.133541
-0.153786
-0.153786

0.162812
-0.162812
-0.173947
-0.175523
-0.178357
-0.182972
-0.18808
-0.188632
-0.192378
-0.194586
-0.196241
-0.206
-0.225766
-0.264069
-0.304532
-0.349365
-0.345043
-0.193822
-0.118418
-0.15318
-0.174427
-0.174427

0.183117
-0.183117
-0.196433
-0.197679
-0.200732
-0.208395
-0.209608
-0.209642
-0.21304
-0.215821
-0.218734
-0.229962
-0.252755
-0.297199
-0.347236
-0.403963
-0.409023
-0.226932
-0.136252
-0.173986
-0.19505
-0.19505

0.203695
-0.203695
-0.218849
-0.219688
-0.222271
-0.228991
-0.229733
-0.230082
-0.232812
-0.236487
-0.240759
-0.253367
-0.279024
-0.329055
-0.390335
-0.461739
-0.484672
-0.266763
-0.156736
-0.195919
-0.215654
-0.215654

0.224535
-0.224535
-0.241118
-0.241458
-0.24291
-0.243765
-0.248131
-0.249992
-0.252048
-0.256737
-0.262325
-0.276147
-0.304333
-0.359112
-0.432919
-0.521572
-0.573068
-0.313522
-0.179704
-0.218697
-0.236229
-0.236229

0.245645
-0.245645
-0.26319
-0.262974
-0.262964
-0.25645
-0.265508
-0.269579
-0.271166
-0.276739
-0.283447
-0.298234
-0.328449
-0.386959
-0.473369
-0.57899
-0.672556
-0.365199
-0.204305
-0.241788
-0.25676
-0.25676

0.267048
-0.267048
-0.285017
-0.28427
-0.282928
-0.27104
-0.283142
-0.289165
-0.290487
-0.296632
-0.304142
-0.319569
-0.351177
-0.412359
-0.509065
-0.624289
-0.773874
-0.41706
-0.229015
-0.264508
-0.277224
-0.277224

0.288782
-0.288782
-0.306513
-0.305387
-0.303218
-0.288652
-0.301888
-0.309034
-0.310181
-0.316496
-0.324414
-0.3401
-0.372352
-0.434918
-0.536774
-0.647227
-0.854505
-0.460694
-0.251824
-0.286151
-0.297598
-0.297598

0.310823
-0.310823
-0.327531
-0.326361
-0.324078
-0.308932
-0.32205
-0.329345
-0.330263
-0.336354
-0.344258
-0.359804
-0.3919
-0.454326
-0.555405
-0.658922
-0.889307
-0.485083
-0.270749
-0.306126
-0.317862
-0.317862

0.29012
-0.310823
-0.327531
-0.326361
-0.324078
-0.308932
-0.32205
-0.329345
-0.330263
-0.336354
-0.344258
-0.359804
-0.3919
-0.454326
-0.555405
-0.658922
-0.889307
-0.485083
-0.270749
-0.306126
-0.317862
-0.296019

0
0
0
0
0
0
0
0
0
0
0
0
0
0
0
0
0
0
0
0
0
0


0
0
0
0
0
0
0
0
0
0
0
0
0
0
0
0
0
0
0
0
0
0

0.0489427
-0.0489427
-0.0495672
-0.049633
-0.0491609
-0.0488367
-0.0521266
-0.0519996
-0.0524856
-0.0531226
-0.053372
-0.0545776
-0.0564109
-0.0601797
-0.063803
-0.0669572
-0.0675571
-0.05593
-0.0488339
-0.0497039
-0.0503366
-0.0503366

0.0672113
-0.0672113
-0.0695291
-0.0697395
-0.0688868
-0.0680525
-0.0743903
-0.0743372
-0.0753457
-0.07657
-0.0770784
-0.0794966
-0.0833335
-0.0908094
-0.0981238
-0.104602
-0.105774
-0.0822051
-0.0677759
-0.0696935
-0.0712109
-0.0712109

0.0857097
-0.0857097
-0.0897274
-0.0900026
-0.089052
-0.0869585
-0.0957811
-0.0963944
-0.098061
-0.0998143
-0.100666
-0.104345
-0.110473
-0.121589
-0.13264
-0.142574
-0.14358
-0.10851
-0.0866944
-0.0896524
-0.0920053
-0.0920053

0.104505
-0.104505
-0.110342
-0.110541
-0.10975
-0.10686
-0.116636
-0.118173
-0.120583
-0.122793
-0.124109
-0.129091
-0.137722
-0.152517
-0.16744
-0.181084
-0.181004
-0.135067
-0.105871
-0.109757
-0.112759
-0.112759

0.123623
-0.123623
-0.131396
-0.131387
-0.130886
-0.128531
-0.137478
-0.139717
-0.142831
-0.145435
-0.147354
-0.153661
-0.164834
-0.183491
-0.202583
-0.220442
-0.219099
-0.162253
-0.125515
-0.130123
-0.133483
-0.133483

0.143066
-0.143066
-0.152808
-0.152507
-0.152284
-0.151532
-0.158499
-0.161049
-0.164711
-0.167686
-0.170341
-0.177966
-0.191608
-0.21434
-0.238085
-0.260958
-0.259472
-0.190675
-0.145841
-0.150845
-0.154177
-0.154177

0.162819
-0.162819
-0.174455
-0.173813
-0.173741
-0.174796
-0.179567
-0.182156
-0.186135
-0.18952
-0.19302
-0.201927
-0.217944
-0.244838
-0.273886
-0.302801
-0.303611
-0.221051
-0.167062
-0.171987
-0.174842
-0.174842

0.182867
-0.182867
-0.196223
-0.195202
-0.195055
-0.197208
-0.200398
-0.203008
-0.207055
-0.21094
-0.215352
-0.225475
-0.243753
-0.274697
-0.309804
-0.346008
-0.352708
-0.254038
-0.189323
-0.193564
-0.195477
-0.195477

0.203203
-0.203203
-0.218022
-0.216585
-0.216075
-0.217848
-0.220703
-0.223588
-0.227513
-0.231982
-0.237317
-0.248548
-0.268908
-0.303592
-0.345492
-0.390422
-0.407713
-0.289965
-0.212586
-0.2155
-0.216081
-0.216081

0.223831
-0.223831
-0.239787
-0.237904
-0.236758
-0.236384
-0.240356
-0.243921
-0.247651
-0.252713
-0.258905
-0.271087
-0.293253
-0.331189
-0.380346
-0.435211
-0.469113
-0.328485
-0.236534
-0.237613
-0.236649
-0.236649

0.24477
-0.24477
-0.261463
-0.259135
-0.257218
-0.253837
-0.259585
-0.264103
-0.267652
-0.273212
-0.280113
-0.293038
-0.316636
-0.357183
-0.413388
-0.477991
-0.535932
-0.368274
-0.260543
-0.25962
-0.257174
-0.257174

0.266053
-0.266053
-0.28299
-0.280274
-0.277666
-0.271739
-0.278887
-0.284278
-0.287675
-0.293547
-0.300943
-0.314353
-0.338921
-0.381308
-0.443166
-0.514165
-0.60328
-0.406717
-0.283714
-0.281171
-0.277646
-0.277646

0.287719
-0.287719
-0.304281
-0.301323
-0.298302
-0.290906
-0.298692
-0.304583
-0.307816
-0.31376
-0.321385
-0.334989
-0.359994
-0.403277
-0.467992
-0.538807
-0.65896
-0.439404
-0.304946
-0.301891
-0.298043
-0.298043

0.309735
-0.309735
-0.325188
-0.322262
-0.319238
-0.311437
-0.319199
-0.325086
-0.328084
-0.333845
-0.341416
-0.354908
-0.379792
-0.422925
-0.487224
-0.554344
-0.686996
-0.460488
-0.323153
-0.321426
-0.318326
-0.318326

0.288963
-0.309735
-0.325188
-0.322262
-0.319238
-0.311437
-0.319199
-0.325086
-0.328084
-0.333845
-0.341416
-0.354908
-0.379792
-0.422925
-0.487224
-0.554344
-0.686996
-0.460488
-0.323153
-0.321426
-0.318326
-0.296425

0
0
0
0
0
0
0
0
0
0
0
0
0
0
0
0
0
0
0
0
0
0


0
0
0
0
0
0
0
0
0
0
0
0
0
0
0
0
0
0
0
0
0
0

0.0493682
-0.0493682
-0.05055
-0.0501208
-0.0498892
-0.0499117
-0.0504532
-0.0509826
-0.0516942
-0.0523943
-0.0530918
-0.0542437
-0.0559354
-0.0584016
-0.0607791
-0.0624471
-0.0622358
-0.059536
-0.0555069
-0.0529923
-0.0506888
-0.0506888

0.06766
-0.06766
-0.0709947
-0.0702322
-0.0697136
-0.0698151
-0.0708074
-0.0719132
-0.0733357
-0.0747187
-0.0761425
-0.078464
-0.0818965
-0.0867359
-0.0914802
-0.0948156
-0.0944574
-0.0888211
-0.0806425
-0.0757333
-0.0714605
-0.0714605

0.0861803
-0.0861803
-0.0914821
-0.0904034
-0.0895474
-0.0896063
-0.0911135
-0.0928335
-0.0949527
-0.0970014
-0.0991552
-0.102651
-0.107849
-0.115037
-0.122188
-0.12727
-0.126983
-0.118418
-0.105886
-0.0984799
-0.0922417
-0.0922417

0.104934
-0.104934
-0.112071
-0.110652
-0.109408
-0.10927
-0.111323
-0.113706
-0.116501
-0.119193
-0.122082
-0.126753
-0.13374
-0.143235
-0.152833
-0.159755
-0.15981
-0.148421
-0.131277
-0.121219
-0.113012
-0.113012

0.123935
-0.123935
-0.1328
-0.130999
-0.12933
-0.128895
-0.131451
-0.134513
-0.137949
-0.141254
-0.144878
-0.150713
-0.159493
-0.171243
-0.183334
-0.192212
-0.192926
-0.17887
-0.156816
-0.143936
-0.13376
-0.13376

0.143196
-0.143196
-0.153681
-0.151459
-0.149347
-0.148585
-0.151553
-0.155257
-0.159271
-0.163151
-0.167503
-0.174469
-0.185006
-0.198955
-0.213585
-0.22456
-0.226333
-0.209755
-0.182462
-0.166596
-0.154478
-0.154478

0.162727
-0.162727
-0.174709
-0.172035
-0.169484
-0.168411
-0.171686
-0.175947
-0.180454
-0.184863
-0.189918
-0.197954
-0.210163
-0.22624
-0.24345
-0.256683
-0.260012
-0.240982
-0.208113
-0.18915
-0.175161
-0.175161

0.182541
-0.182541
-0.195859
-0.192722
-0.189753
-0.188403
-0.191895
-0.196599
-0.201494
-0.206375
-0.212087
-0.221105
-0.234852
-0.25295
-0.272751
-0.288396
-0.293868
-0.272346
-0.233603
-0.211532
-0.195805
-0.195805

0.202651
-0.202651
-0.217102
-0.213506
-0.210154
-0.208566
-0.212202
-0.217228
-0.222396
-0.227681
-0.233982
-0.243862
-0.258967
-0.278927
-0.301265
-0.319424
-0.327675
-0.303478
-0.258694
-0.233659
-0.216411
-0.216411

0.223082
-0.223082
-0.238399
-0.23437
-0.230683
-0.228889
-0.232615
-0.23785
-0.243179
-0.248786
-0.255581
-0.266176
-0.282414
-0.304
-0.328705
-0.349367
-0.360994
-0.33385
-0.283096
-0.255441
-0.23698
-0.23698

0.243864
-0.243864
-0.259706
-0.255295
-0.251341
-0.249365
-0.253137
-0.258485
-0.263872
-0.269698
-0.276869
-0.288004
-0.305108
-0.328002
-0.354721
-0.377652
-0.393031
-0.362749
-0.306488
-0.276784
-0.257515
-0.257515

0.265048
-0.265048
-0.280971
-0.276265
-0.272138
-0.270021
-0.273787
-0.279154
-0.284506
-0.290436
-0.297839
-0.309316
-0.326986
-0.350777
-0.378908
-0.40353
-0.42246
-0.389261
-0.328554
-0.297602
-0.278022
-0.278022

0.286698
-0.286698
-0.302125
-0.297268
-0.293094
-0.290906
-0.294599
-0.299885
-0.305113
-0.311015
-0.318491
-0.330096
-0.347999
-0.372191
-0.400878
-0.426196
-0.447415
-0.41228
-0.349015
-0.317822
-0.298506
-0.298506

0.308813
-0.308813
-0.323059
-0.318279
-0.314216
-0.312039
-0.315593
-0.32069
-0.325703
-0.331439
-0.338817
-0.350332
-0.368137
-0.392217
-0.420553
-0.445311
-0.466461
-0.430667
-0.367571
-0.337337
-0.318962
-0.318962

0.287952
-0.308813
-0.323059
-0.318279
-0.314216
-0.312039
-0.315593
-0.32069
-0.325703
-0.331439
-0.338817
-0.350332
-0.368137
-0.392217
-0.420553
-0.445311
-0.466461
-0.430667
-0.367571
-0.337337
-0.318962
-0.296979

0
0
0
0
0
0
0
0
0
0
0
0
0
0
0
0
0
0
0
0
0
0


0
0
0
0
0
0
0
0
0
0
0
0
0
0
0
0
0
0
0
0
0
0

0
-0.0493682
-0.05055
-0.0501208
-0.0498892
-0.0499117
-0.0504532
-0.0509826
-0.0516942
-0.0523943
-0.0530918
-0.0542437
-0.0559354
-0.0584016
-0.0607791
-0.0624471
-0.0622358
-0.059536
-0.0555069
-0.0529923
-0.0506888
0

0
-0.06766
-0.0709947
-0.0702322
-0.0697136
-0.0698151
-0.0708074
-0.0719132
-0.0733357
-0.0747187
-0.0761425
-0.078464
-0.0818965
-0.0867359
-0.0914802
-0.0948156
-0.0944574
-0.0888211
-0.0806425
-0.0757333
-0.0714605
0

0
-0.0861803
-0.0914821
-0.0904034
-0.0895474
-0.0896063
-0.0911135
-0.0928335
-0.0949527
-0.0970014
-0.0991552
-0.102651
-0.107849
-0.115037
-0.122188
-0.12727
-0.126983
-0.118418
-0.105886
-0.0984799
-0.0922417
0

0
-0.104934
-0.112071
-0.110652
-0.109408
-0.10927
-0.111323
-0.113706
-0.116501
-0.119193
-0.122082
-0.126753
-0.13374
-0.143235
-0.152833
-0.159755
-0.15981
-0.148421
-0.131277
-0.121219
-0.113012
0

0
-0.123935
-0.1328
-0.130999
-0.12933
-0.128895
-0.131451
-0.134513
-0.137949
-0.141254
-0.144878
-0.150713
-0.159493
-0.171243
-0.183334
-0.192212
-0.192926
-0.17887
-0.156816
-0.143936
-0.13376
0

0
-0.143196
-0.153681
-0.151459
-0.149347
-0.148585
-0.151553
-0.155257
-0.159271
-0.163151
-0.167503
-0.174469
-0.185006
-0.198955
-0.213585
-0.22456
-0.226333
-0.209755
-0.182462
-0.166596
-0.154478
0

0
-0.162727
-0.174709
-0.172035
-0.169484
-0.168411
-0.171686
-0.175947
-0.180454
-0.184863
-0.189918
-0.197954
-0.210163
-0.22624
-0.24345
-0.256683
-0.260012
-0.240982
-0.208113
-0.18915
-0.175161
0

0
-0.182541
-0.195859
-0.192722
-0.189753
-0.188403
-0.191895
-0.196599
-0.201494
-0.206375
-0.212087
-0.221105
-0.234852
-0.25295
-0.272751
-0.288396
-0.293868
-0.272346
-0.233603
-0.211532
-0.195805
0

0
-0.202651
-0.217102
-0.213506
-0.210154
-0.208566
-0.212202
-0.217228
-0.222396
-0.227681
-0.233982
-0.243862
-0.258967
-0.278927
-0.301265
-0.319424
-0.327675
-0.303478
-0.258694
-0.233659
-0.216411
0

0
-0.223082
-0.238399
-0.23437
-0.230683
-0.228889
-0.232615
-0.23785
-0.243179
-0.248786
-0.255581
-0.266176
-0.282414
-0.304
-0.328705
-0.349367
-0.360994
-0.33385
-0.283096
-0.255441
-0.23698
0

0
-0.243864
-0.259706
-0.255295
-0.251341
-0.249365
-0.253137
-0.258485
-0.263872
-0.269698
-0.276869
-0.288004
-0.305108
-0.328002
-0.354721
-0.377652
-0.393031
-0.362749
-0.306488
-0.276784
-0.257515
0

0
-0.265048
-0.280971
-0.276265
-0.272138
-0.270021
-0.273787
-0.279154
-0.284506
-0.290436
-0.297839
-0.309316
-0.326986
-0.350777
-0.378908
-0.40353
-0.42246
-0.389261
-0.328554
-0.297602
-0.278022
0

0
-0.286698
-0.302125
-0.297268
-0.293094
-0.290906
-0.294599
-0.299885
-0.305113
-0.311015
-0.318491
-0.330096
-0.347999
-0.372191
-0.400878
-0.426196
-0.447415
-0.41228
-0.349015
-0.317822
-0.298506
0

0
-0.308813
-0.323059
-0.318279
-0.314216
-0.312039
-0.315593
-0.32069
-0.325703
-0.331439
-0.338817
-0.350332
-0.368137
-0.392217
-0.420553
-0.445311
-0.466461
-0.430667
-0.367571
-0.337337
-0.318962
0

0
-0.308813
-0.323059
-0.318279
-0.314216
-0.312039
-0.315593
-0.32069
-0.325703
-0.331439
-0.338817
-0.350332
-0.368137
-0.392217
-0.420553
-0.445311
-0.466461
-0.430667
-0.367571
-0.337337
-0.318962
0

0
0
0
0
0
0
0
0
0
0
0
0
0
0
0
0
0
0
0
0
0
0


