0
0
0
0.0253162
0
0
0
0
0
0
0
0
0
0
0
0
0.00819432
0
0
0
0
0

0
0.000561564
-0.00383471
-0.0392713
0.0508136
-0.00164661
-0.00903819
-0.00296127
-0.000357667
-0.000135457
0.0584428
-0.0581391
-0.00803581
-0.00203936
0.00407385
-0.0271682
0.00546378
-0.0014453
-0.00297241
-0.0168576
0.422645
0

0
0.00203163
-0.00504835
-0.0827617
0.10798
-0.0100466
-0.0116176
-0.00427649
0.000163435
-0.00163208
0.0467044
-0.0494037
-0.00990304
-0.0028092
0.00130619
-0.0142664
0.00212269
0.000512461
-0.00672486
-0.0570481
-0.0119947
0

0
0.00380966
-0.00319514
-0.137652
0.176149
-0.0213433
-0.0144468
-0.00544361
0.00101761
-0.0048171
0.0313025
-0.0358606
-0.0100338
-0.00336666
-0.00127548
-0.0116785
0.00212269
-0.000715755
-0.00748049
-0.049659
-0.234053
0

0
0.00589242
0.00584647
0.0825952
0.00324356
-0.0506603
-0.0178077
-0.00651046
0.00210762
-0.0125482
0.0177478
-0.0233389
-0.0111902
-0.00186183
-0.00317999
-0.00977963
-5.55102e-05
-0.00104346
-0.00736601
-0.0349401
-0.131305
0

0
0.00808114
0.00759493
0.0701729
-0.0202135
-0.0393464
-0.0174072
-0.00727475
0.000227214
-0.00698862
0.00164465
-0.0122898
-0.00984334
0
-0.00515815
-0.00867847
-0.00118398
-0.0011744
-0.00676917
-0.0277414
-0.0802221
-0.0173404

0
0.010367
0.00728395
0.051488
-0.0153181
-0.0315714
-0.0166729
-0.00792993
-0.00133083
-0.00469731
-0.0139561
0.00350291
-0.0120602
-0.00469685
-0.00588646
-0.00802084
-0.00197073
-0.00106105
-0.00580033
-0.0224199
-0.0530454
0

0
0.0128821
0.00517954
0.0367254
-0.0117778
-0.0251467
-0.0156784
-0.00849566
-0.00252795
-0.00242877
-0.0306069
0.0156081
-0.0106286
-0.00679631
-0.0066281
-0.00774086
-0.00252144
-0.000687848
-0.00432751
-0.0185647
-0.0374703
0

0
0.0158369
0.00145763
0.0248523
-0.00425224
-0.0244414
-0.0149416
-0.00697529
-0.00534355
0.000668777
-0.0496264
0.0298872
-0.0124934
-0.00855868
-0.00731663
-0.00773964
-0.00290409
8.74936e-06
0.00649575
-0.0159145
-0.0280363
0

0
0.0195167
-0.00397589
0.01504
-0.00225237
-0.0201458
-0.0137586
-0.00721275
-0.00644497
0.00298671
0.0451784
-0.0603442
-0.0159794
-0.00992757
-0.00990747
-0.00812721
-0.00317601
0.00163011
-0.00323091
-0.0135802
-0.0221045
0

0
0.0236595
-0.0153181
0.00714368
-0.000231289
-0.0168724
-0.0125482
-0.00715945
-0.00802982
0.00680481
0.026477
-0.0475146
-0.0125081
-0.0125929
-0.0106739
-0.00848316
-0.00337651
0.00371702
-0.00368679
-0.0119947
-0.0182957
0

0
0.0201759
0.000461955
-0.00960203
0.00141948
-0.0144975
-0.0113142
-0.00668921
-0.0103912
0.0106006
0.0113423
-0.0387318
-0.00336666
-0.0155284
-0.0114821
-0.00895803
-0.00355562
0.00649575
-0.00385378
-0.0109269
-0.0158364
0

0
0.0172349
0.00324356
-0.0195167
0.0052787
-0.0128308
-0.00998637
-0.005457
-0.0144975
0.0151634
0
-0.0292392
-0.0102332
-0.0151238
-0.01197
-0.00953352
-0.00371081
0.010101
-0.00406775
-0.0102478
-0.0142814
0

0
0.0150027
0.00585408
-0.0197842
0.0014068
-0.0127567
-0.00651046
-0.00679345
-0.00523721
0.0063576
-0.0043004
-0.0271682
-0.0124934
-0.0151957
-0.0124553
-0.0102368
-0.00360438
0.0142462
-0.00460995
-0.00985755
-0.0134214
0

0
0.0133087
0.0085493
-0.0218035
-0.000860598
-0.0126545
-0.00965561
-0.00721111
-0.00523982
0.00528223
-0.00534794
-0.0261837
-0.0138628
-0.0154872
-0.0129315
-0.0110667
-0.00290071
0.0168007
-0.00584331
-0.00964262
-0.0128678
0

0
0.0133087
0.0085493
-0.0218035
-0.000860598
-0.0126545
-0.00965561
-0.00721111
-0.00523982
0.00528223
-0.00534794
-0.0261837
-0.0138628
-0.0154872
-0.0129315
-0.0110667
-0.00290071
0.0168007
-0.00584331
-0.00964262
-0.0128678
0

0
0
0
0
0
0
0
0
0
-0.0487207
0
0
0
0
0
0
0
0
-0.00364929
0
0
0


0
0
0
0
0
0
0
0
0
0
0
0
0
0
0
0
0
0
0
0
0
0

-0.000561564
0.000561564
-0.00383471
-0.0392713
0.0508136
-0.00164661
-0.00903819
-0.00296127
-0.000357667
-0.000135457
0.0584428
-0.0581391
-0.00803581
-0.00203936
0.00407385
-0.0271682
0.00546378
-0.0014453
-0.00297241
-0.0168576
0.422645
0.422645

-0.00203163
0.00203163
-0.00504835
-0.0827617
0.10798
-0.0100466
-0.0116176
-0.00427649
0.000163435
-0.00163208
0.0467044
-0.0494037
-0.00990304
-0.0028092
0.00130619
-0.0142664
0.00212269
0.000512461
-0.00672486
-0.0570481
-0.0119947
-0.433589

-0.00380966
0.00380966
-0.00319514
-0.137652
0.176149
-0.0213433
-0.0144468
-0.00544361
0.00101761
-0.0048171
0.0313025
-0.0358606
-0.0100338
-0.00336666
-0.00127548
-0.0116785
0.00212269
-0.000715755
-0.00748049
-0.049659
-0.234053
-0.234053

-0.00589242
0.00589242
0.00584647
0.0825952
0.00324356
-0.0506603
-0.0178077
-0.00651046
0.00210762
-0.0125482
0.0177478
-0.0233389
-0.0111902
-0.00186183
-0.00317999
-0.00977963
-5.55102e-05
-0.00104346
-0.00736601
-0.0349401
-0.131305
-0.131305

-0.00808114
0.00808114
0.00759493
0.0701729
-0.0202135
-0.0393464
-0.0174072
-0.00727475
0.000227214
-0.00698862
0.00164465
-0.0122898
-0.00984334
0
-0.00515815
-0.00867847
-0.00118398
-0.0011744
-0.00676917
-0.0277414
-0.0802221
-0.0221045

-0.010367
0.010367
0.00728395
0.051488
-0.0153181
-0.0315714
-0.0166729
-0.00792993
-0.00133083
-0.00469731
-0.0139561
0.00350291
-0.0120602
-0.00469685
-0.00588646
-0.00802084
-0.00197073
-0.00106105
-0.00580033
-0.0224199
-0.0530454
-0.0530454

-0.0128821
0.0128821
0.00517954
0.0367254
-0.0117778
-0.0251467
-0.0156784
-0.00849566
-0.00252795
-0.00242877
-0.0306069
0.0156081
-0.0106286
-0.00679631
-0.0066281
-0.00774086
-0.00252144
-0.000687848
-0.00432751
-0.0185647
-0.0374703
-0.0374703

-0.0158369
0.0158369
0.00145763
0.0248523
-0.00425224
-0.0244414
-0.0149416
-0.00697529
-0.00534355
0.000668777
-0.0496264
0.0298872
-0.0124934
-0.00855868
-0.00731663
-0.00773964
-0.00290409
8.74936e-06
0.00649575
-0.0159145
-0.0280363
-0.0280363

-0.0195167
0.0195167
-0.00397589
0.01504
-0.00225237
-0.0201458
-0.0137586
-0.00721275
-0.00644497
0.00298671
0.0451784
-0.0603442
-0.0159794
-0.00992757
-0.00990747
-0.00812721
-0.00317601
0.00163011
-0.00323091
-0.0135802
-0.0221045
-0.0221045

-0.0236595
0.0236595
-0.0153181
0.00714368
-0.000231289
-0.0168724
-0.0125482
-0.00715945
-0.00802982
0.00680481
0.026477
-0.0475146
-0.0125081
-0.0125929
-0.0106739
-0.00848316
-0.00337651
0.00371702
-0.00368679
-0.0119947
-0.0182957
-0.0182957

-0.0201759
0.0201759
0.000461955
-0.00960203
0.00141948
-0.0144975
-0.0113142
-0.00668921
-0.0103912
0.0106006
0.0113423
-0.0387318
-0.00336666
-0.0155284
-0.0114821
-0.00895803
-0.00355562
0.00649575
-0.00385378
-0.0109269
-0.0158364
-0.0158364

-0.0172349
0.0172349
0.00324356
-0.0195167
0.0052787
-0.0128308
-0.00998637
-0.005457
-0.0144975
0.0151634
0
-0.0292392
-0.0102332
-0.0151238
-0.01197
-0.00953352
-0.00371081
0.010101
-0.00406775
-0.0102478
-0.0142814
-0.0142814

-0.0150027
0.0150027
0.00585408
-0.0197842
0.0014068
-0.0127567
-0.00651046
-0.00679345
-0.00523721
0.0063576
-0.0043004
-0.0271682
-0.0124934
-0.0151957
-0.0124553
-0.0102368
-0.00360438
0.0142462
-0.00460995
-0.00985755
-0.0134214
-0.0134214

-0.0133087
0.0133087
0.0085493
-0.0218035
-0.000860598
-0.0126545
-0.00965561
-0.00721111
-0.00523982
0.00528223
-0.00534794
-0.0261837
-0.0138628
-0.0154872
-0.0129315
-0.0110667
-0.00290071
0.0168007
-0.00584331
-0.00964262
-0.0128678
-0.0128678

-0.0133973
0.0133087
0.0085493
-0.0218035
-0.000860598
-0.0126545
-0.00965561
-0.00721111
-0.00523982
0.00528223
-0.00534794
-0.0261837
-0.0138628
-0.0154872
-0.0129315
-0.0110667
-0.00290071
0.0168007
-0.00584331
-0.00964262
-0.0128678
-0.0113336

0
0
0
0
0
0
0
0
0
-0.0358606
0
0
0
0
0
0
0
0
-0.00317601
0
0
0


0
0
0
0
0
0
0
0
0
0
0
0
0
0
0
0
0
0
0
0
0
0

-0.000785762
0.000785762
-0.0229555
-0.0253965
-0.00356805
-0.0129517
-0.00823858
-0.00277454
0.00190504
0.000704146
0.047115
-0.0226321
-0.00529181
-0.00206487
-8.98155e-05
0.0639005
0.00652544
-0.000755898
-0.00290476
-0.0170543
-1.3752
-1.3752

-0.00174601
0.00174601
-0.009598
-0.0425627
-0.0434815
-0.00940009
-0.0107764
-0.00401462
-0.00308741
0.0036645
-0.00653705
-0.0332997
-0.00862601
-0.00331825
-0.000294524
0.0158901
0.00128003
-0.000676517
-0.00481828
-0.0199718
1.12212
1.12212

-0.003246
0.003246
-0.00345858
-0.0424967
-0.202625
-0.0294325
-0.0131835
-0.00509585
-0.000777853
0.00925553
0.00772742
-0.0256002
-0.010883
-0.00486151
-0.00182939
0.000732496
-0.00438497
-0.00133116
-0.00579109
-0.0205885
0.331855
0.331855

-0.00503484
0.00503484
0.00308759
0.0246994
-0.14294
-0.0317963
-0.014153
-0.00591952
-0.000243165
0.0313496
0.00823719
-0.0176939
-0.0156026
-0.00768762
-0.00357159
-0.00407942
-0.00211043
-0.00136128
-0.00608077
-0.019191
0.0805328
0.0805328

-0.00694164
0.00694164
0.00640639
0.0314349
-0.0564088
-0.0258784
-0.0141664
-0.00657114
-0.000723901
0.00915352
0.000395997
-0.0106086
-0.0025361
-0.0142472
-0.00545464
-0.00571315
-0.00197918
-0.00137406
-0.00602286
-0.0176085
0.00838966
0.00838966

-0.00893095
0.00893095
0.00815857
0.0295175
-0.0280893
-0.0220189
-0.0138726
-0.00706816
-0.00176927
0.0048135
-0.00751351
-0.00291949
-0.00699695
-0.00878579
-0.00596029
-0.00632091
-0.00232006
-0.00124879
-0.00590488
-0.0158267
-0.0114419
-0.0114419

-0.0110482
0.0110482
0.00989474
0.02457
-0.0158528
-0.019213
-0.0134254
-0.00734581
-0.00257877
-0.0032176
-0.0144766
0.00179299
-0.00649466
-0.00805597
-0.00668272
-0.00668574
-0.00271323
-0.000943938
-0.00632153
-0.0141797
-0.0159242
-0.0159242

-0.0133111
0.0133111
0.0144631
0.0188137
-0.00854132
-0.0178768
-0.0129717
-0.00709128
-0.00381429
-6.28443e-05
-0.0128531
0.000383878
-0.00135833
-0.00845284
-0.00757667
-0.00704429
-0.00306662
-0.000478902
-0.00928931
-0.0128577
-0.0159721
-0.0159721

-0.0154886
0.0154886
0.0301267
0.0120511
-0.00515089
-0.0159529
-0.0124122
-0.00718197
-0.00425363
0.00250227
0.0135814
-0.0260082
-0.0143945
-0.0105223
-0.00896497
-0.00749834
-0.00343855
0.00183851
-0.00548018
-0.0115185
-0.0149114
-0.0149114

-0.0161956
0.0161956
0.0857303
0.0284625
0.000761167
-0.0139078
-0.0119165
-0.0074367
-0.003751
0.00501583
0.0170616
-0.0294789
-0.0259149
-0.0132185
-0.00997116
-0.00797506
-0.00392352
0.00365049
-0.0044036
-0.0105521
-0.0137673
-0.0137673

-0.01602
0.01602
0.0346612
0.0272598
0.00292767
-0.0124856
-0.0117911
-0.00832825
-0.000483225
0.0072073
0.0224652
-0.0255929
-0.0531748
-0.0170087
-0.0108688
-0.00850086
-0.0049731
0.00687886
-0.00401139
-0.00990714
-0.0128015
-0.0128015

-0.0144761
0.0144761
0.0162777
0.0673057
0.00821158
-0.0114223
-0.0126366
-0.00494609
0.0121823
0.00822218
0.0510607
-0.0192071
-0.0133691
-0.014054
-0.0113024
-0.00904411
-0.00799633
0.0127007
-0.00384401
-0.00953439
-0.0119504
-0.0119504

-0.012805
0.012805
0.0117623
0.00251007
0.00174645
-0.0115005
-0.0172488
-0.00656491
0.0013315
0.00587661
0.0173288
-0.0206601
-0.0141589
-0.0144111
-0.0118444
-0.00952802
-0.0126553
0.0253743
-0.00374883
-0.00938825
-0.012384
-0.012384

-0.0113659
0.0113659
0.00944596
0.0287008
0.00301028
-0.0114816
-0.0132754
-0.00728916
-0.00195441
0.00462005
0.0062672
-0.0210844
-0.0147621
-0.0147789
-0.0123445
-0.0104513
0.0107935
0.0630211
-0.00334991
-0.00944561
-0.0119839
-0.0119839

-0.0115255
0.0113659
0.00944596
0.0287008
0.00301028
-0.0114816
-0.0132754
-0.00728916
-0.00195441
0.00462005
0.0062672
-0.0210844
-0.0147621
-0.0147789
-0.0123445
-0.0104513
0.0107935
0.0630211
-0.00334991
-0.00944561
-0.0119839
-0.0106808

0
0
0
0
0
0
0
0
0
0
0
0
0
0
0
0
0
0
0
0
0
0


0
0
0
0
0
0
0
0
0
0
0
0
0
0
0
0
0
0
0
0
0
0

-0.000349117
0.000349117
-0.00835452
-0.0141625
-0.0132349
-0.0294263
-0.0122517
-0.00295376
-0.000323325
0.00116851
0.0162548
-0.00994074
-0.00390737
-0.00209385
-0.000552676
0.0202099
0.00163951
-0.000908401
-0.00235658
-0.0100292
-0.331939
-0.331939

-0.00137913
0.00137913
-0.00576327
-0.0224045
-0.0407123
0.00724293
-0.0109544
-0.00399525
-0.00138611
0.0036308
0.00278068
-0.0170199
-0.00657032
-0.00341027
-0.00103098
0.0106695
0.000251042
-0.00103931
-0.00353693
-0.00548546
0.363161
0.363161

-0.00267745
0.00267745
-0.0020655
-0.0193358
-0.082815
0.00225947
-0.010823
-0.00478969
-0.00101381
0.0073763
0.0040183
-0.0163983
-0.00840865
-0.00494543
-0.00216531
0.00282554
-0.00180587
-0.00134488
-0.00434418
-0.00642716
0.227081
0.227081

-0.00418153
0.00418153
0.00217719
0.00785001
-0.0805255
-0.005826
-0.0109282
-0.00542183
-0.000862936
0.01286
0.00314646
-0.0131365
-0.00946179
-0.00691713
-0.00351277
-0.00155295
-0.00197761
-0.00147693
-0.00480847
-0.0080505
0.110539
0.110539

-0.00579404
0.00579404
0.00542958
0.0154228
-0.048245
-0.00958001
-0.0110583
-0.00595135
-0.0012487
0.00724033
-0.000455391
-0.00938069
-0.00658258
-0.00911899
-0.00481901
-0.0038117
-0.00218045
-0.0015019
-0.00505889
-0.00919617
0.0461473
0.0461473

-0.00746884
0.00746884
0.00804703
0.0171746
-0.0279543
-0.0113626
-0.0111556
-0.00637643
-0.00191416
0.00353207
-0.00430103
-0.00599978
-0.00703954
-0.0084296
-0.00569187
-0.00502482
-0.00250223
-0.00138668
-0.00526254
-0.00967714
0.0153493
0.0153493

-0.00919754
0.00919754
0.0110939
0.0164334
-0.0165285
-0.0121268
-0.0111781
-0.0066595
-0.00255502
0.000300699
-0.00667057
-0.00468743
-0.00739424
-0.00834727
-0.00651115
-0.00579014
-0.00285749
-0.00106747
-0.00563496
-0.00971611
0.00130883
0.00130883

-0.0109232
0.0109232
0.0162946
0.0150141
-0.00962191
-0.0124025
-0.0111384
-0.00676176
-0.00310364
0.000580382
-0.00431655
-0.00724027
-0.00808949
-0.00897287
-0.00739648
-0.00638971
-0.0032092
-0.000410366
-0.00624355
-0.00953427
-0.00499785
-0.00499785

-0.0124241
0.0124241
0.026174
0.0146067
-0.00527613
-0.012053
-0.011049
-0.00689565
-0.00315758
0.00185408
0.00622523
-0.0152077
-0.013892
-0.0104028
-0.00840603
-0.00695021
-0.00358076
0.00099345
-0.00521149
-0.00919819
-0.00781682
-0.00781682

-0.0131533
0.0131533
0.0409903
0.0209978
-0.00134358
-0.0113641
-0.0110219
-0.00704753
-0.00244158
0.00333521
0.0108935
-0.0189823
-0.0207731
-0.0121941
-0.00931655
-0.00749971
-0.00404406
0.00279304
-0.0045154
-0.00890773
-0.00908313
-0.00908313

-0.0128529
0.0128529
0.028166
0.0236918
0.00104855
-0.0107557
-0.0112496
-0.00713573
-0.000448012
0.0045724
0.0156047
-0.0187397
-0.0276164
-0.0138334
-0.0101061
-0.00805723
-0.0047327
0.00557574
-0.00414556
-0.00873675
-0.00967843
-0.00967843

-0.011805
0.011805
0.0185198
0.0314676
0.00294847
-0.0103683
-0.0119727
-0.00641809
0.00278249
0.00505389
0.0224719
-0.0169065
-0.0181501
-0.0135565
-0.0106979
-0.00861893
-0.00567989
0.0100346
-0.00398461
-0.00871021
-0.0100306
-0.0100306

-0.0105362
0.0105362
0.0133509
0.0168438
0.00155871
-0.0104264
-0.0133354
-0.00689829
0.000279445
0.00417949
0.0134646
-0.0169991
-0.0157307
-0.0137259
-0.0112497
-0.00917427
-0.00562239
0.0171113
-0.00401468
-0.00883641
-0.0105199
-0.0105199

-0.0093027
0.0093027
0.0107163
0.0198324
0.00135089
-0.0106334
-0.0128664
-0.00746901
-0.00149553
0.00333377
0.00805838
-0.0173548
-0.015381
-0.0140714
-0.0117685
-0.00980236
-2.41637e-05
0.0259447
-0.00439685
-0.00912375
-0.0107831
-0.0107831

-0.00953281
0.0093027
0.0107163
0.0198324
0.00135089
-0.0106334
-0.0128664
-0.00746901
-0.00149553
0.00333377
0.00805838
-0.0173548
-0.015381
-0.0140714
-0.0117685
-0.00980236
-2.41637e-05
0.0259447
-0.00439685
-0.00912375
-0.0107831
-0.0098015

0
0
0
0
0
0
0
0
0
0
0
0
0
0
0
0
0
0
0
0
0
0


0
0
0
0
0
0
0
0
0
0
0
0
0
0
0
0
0
0
0
0
0
0

-0.00017119
0.00017119
-0.0035139
-0.00772999
-0.00542083
0.0419714
-0.017866
-0.00349421
-0.000905843
0.000782676
0.00528614
-0.00559373
-0.00308994
-0.0020355
-0.000966387
0.00643519
-3.79354e-05
-0.00100355
-0.00185882
-0.00370571
-0.0542946
-0.0542946

-0.00105595
0.00105595
-0.00293893
-0.0115391
-0.0191701
0.0118558
-0.0154682
-0.00423649
-0.00120581
0.00249946
0.00245618
-0.00954055
-0.00507646
-0.00325325
-0.00148237
0.00498123
-0.000460294
-0.00117877
-0.00265144
-0.00102763
0.129547
0.129547

-0.00212144
0.00212144
-0.000862477
-0.0091253
-0.0375836
0.0201899
-0.0101288
-0.00459745
-0.00122686
0.00443197
0.00190262
-0.0105353
-0.00651524
-0.00456046
-0.0023771
0.00168681
-0.00134154
-0.00139656
-0.00327801
-0.00084668
0.127968
0.127968

-0.00333815
0.00333815
0.00190408
0.00178275
-0.0419322
0.0158165
-0.00831805
-0.00499846
-0.00131489
0.00594997
0.00092428
-0.00967125
-0.00724284
-0.00594567
-0.00343899
-0.00107481
-0.00183847
-0.00154522
-0.00375386
-0.00218467
0.087037
0.087037

-0.004646
0.004646
0.00456193
0.00741984
-0.0322317
0.00657488
-0.00826429
-0.00542215
-0.00164558
0.00424824
-0.000903103
-0.0081558
-0.0069149
-0.00716912
-0.00448949
-0.00297611
-0.00222322
-0.00160037
-0.00411829
-0.00380893
0.0502016
0.0502016

-0.0059946
0.0059946
0.00710637
0.00995476
-0.0218994
-0.000776044
-0.00868781
-0.00581509
-0.0021187
0.00228917
-0.00269208
-0.00688103
-0.00724889
-0.00759527
-0.00538988
-0.00424454
-0.00259467
-0.00152869
-0.00442873
-0.0051415
0.0256583
0.0256583

-0.00734806
0.00734806
0.0100128
0.010892
-0.0142949
-0.00525308
-0.00912678
-0.0061365
-0.00257503
0.000745636
-0.00338518
-0.00673032
-0.00799985
-0.00803772
-0.00622765
-0.00514522
-0.00295979
-0.001275
-0.00473051
-0.00607429
0.0109992
0.0109992

-0.00862431
0.00862431
0.0139356
0.0113546
-0.00904902
-0.00766823
-0.00947475
-0.00637211
-0.00288678
0.000513769
-0.00168451
-0.00833625
-0.0094817
-0.00877884
-0.00706792
-0.0058591
-0.00331657
-0.000747137
-0.00494524
-0.00667779
0.00258262
0.00258262

-0.00965099
0.00965099
0.0191576
0.0124017
-0.00539186
-0.00877081
-0.0097446
-0.00657561
-0.00288266
0.00103791
0.00282125
-0.0114952
-0.0126311
-0.00987463
-0.00792779
-0.00648893
-0.00367868
0.00018821
-0.00468858
-0.00704655
-0.00223374
-0.00223374

-0.0101464
0.0101464
0.0236693
0.0152735
-0.00257372
-0.00914835
-0.010016
-0.00674709
-0.00244393
0.00179998
0.00611305
-0.013731
-0.0161992
-0.011112
-0.00874144
-0.00708154
-0.00407309
0.00151461
-0.00441723
-0.00731287
-0.00505511
-0.00505511

-0.00992924
0.00992924
0.0201398
0.0171556
-0.000719973
-0.00925059
-0.0103936
-0.00685441
-0.00155442
0.00244395
0.00889348
-0.0143791
-0.0186021
-0.0121478
-0.00947341
-0.00766053
-0.00451143
0.00339317
-0.00427617
-0.00756897
-0.00679638
-0.00679638

-0.00918996
0.00918996
0.015627
0.0186856
0.000321092
-0.00933653
-0.0109567
-0.00683704
-0.000670756
0.00265316
0.010798
-0.0141688
-0.0165584
-0.0125458
-0.010101
-0.00823418
-0.00488937
0.00592801
-0.00430725
-0.00786985
-0.00797575
-0.00797575

-0.00820329
0.00820329
0.0121846
0.0149672
0.000110237
-0.00956375
-0.0116308
-0.00716934
-0.00137601
0.00225383
0.00821632
-0.0143157
-0.0153283
-0.012888
-0.0106714
-0.0088083
-0.00477848
0.00880871
-0.00458062
-0.00825024
-0.00889422
-0.00889422

-0.00714777
0.00714777
0.0100477
0.0144937
-0.000223692
-0.00990626
-0.0118994
-0.00765304
-0.00225302
0.00168921
0.00595422
-0.0146533
-0.0150908
-0.0132861
-0.0112046
-0.00941355
-0.00384298
0.0101552
-0.00526664
-0.00873058
-0.00959403
-0.00959403

-0.0074449
0.00714777
0.0100477
0.0144937
-0.000223692
-0.00990626
-0.0118994
-0.00765304
-0.00225302
0.00168921
0.00595422
-0.0146533
-0.0150908
-0.0132861
-0.0112046
-0.00941355
-0.00384298
0.0101552
-0.00526664
-0.00873058
-0.00959403
-0.00893175

0
0
0
0
0
0
0
0
0
0
0
0
0
0
0
0
0
0
0
0
0
0


0
0
0
0
0
1
0
0
0
0
0
0
0
0
0
0
0
0
0
0
0
0

-2.48664e-05
2.48664e-05
-0.00174197
-0.00420163
0.00604471
0.780203
-0.00353913
-0.00333578
-0.00112115
0.000235641
0.00139312
-0.00365099
-0.0025461
-0.00192934
-0.00120456
0.00176468
-0.000668316
-0.00105239
-0.00150984
-0.000922118
0.00386339
0.00386339

-0.000729813
0.000729813
-0.00144795
-0.00589955
-0.00483322
0.421656
-0.00238038
-0.00383653
-0.00131279
0.00128804
0.000973607
-0.00600919
-0.00406825
-0.00300798
-0.00174284
0.00169141
-0.000898578
-0.00124543
-0.00205604
0.000701101
0.0604865
0.0604865

-0.00155832
0.00155832
-0.000195092
-0.00456939
-0.0161444
0.181288
-0.00296883
-0.00416415
-0.00146539
0.00221986
0.000475123
-0.00716102
-0.00526194
-0.00410739
-0.00249769
0.000277985
-0.00138974
-0.00144542
-0.00253531
0.00122058
0.072981
0.072981

-0.00249549
0.00249549
0.00162904
-3.5765e-05
-0.021051
0.0719183
-0.0043655
-0.00455201
-0.00166921
0.00267206
-0.000266142
-0.00730216
-0.00604729
-0.00518878
-0.00337275
-0.00134886
-0.00185313
-0.00160694
-0.002962
0.000489061
0.0606707
0.0606707

-0.00350094
0.00350094
0.00362133
0.00345553
-0.0193381
0.0277219
-0.00560073
-0.00496063
-0.00198534
0.00201097
-0.00126725
-0.00697015
-0.00646915
-0.00614202
-0.00426539
-0.00274683
-0.00227344
-0.00169992
-0.00334456
-0.000847496
0.0423342
0.0423342

-0.00452853
0.00452853
0.00568697
0.00563757
-0.0151912
0.00900655
-0.00661744
-0.00535912
-0.00236926
0.00101693
-0.0021261
-0.00670829
-0.00703842
-0.00683735
-0.00510779
-0.00385151
-0.00266995
-0.00169437
-0.00369125
-0.00225919
0.0263396
0.0263396

-0.00553143
0.00553143
0.00795753
0.00695559
-0.0111017
0.000293099
-0.00743512
-0.00572056
-0.00273061
0.000195101
-0.00230498
-0.00697157
-0.00790636
-0.00749675
-0.00591142
-0.0047298
-0.00305041
-0.00155176
-0.0039978
-0.00349547
0.0146334
0.0146334

-0.00643119
0.00643119
0.010566
0.00794044
-0.00777954
-0.00405959
-0.00808095
-0.0060326
-0.00298315
-8.68646e-05
-0.00131777
-0.00799347
-0.00923846
-0.00826698
-0.00669925
-0.0054648
-0.00341953
-0.00122215
-0.00421916
-0.0044943
0.00668305
0.00668305

-0.00710397
0.00710397
0.0132884
0.00906762
-0.00524071
-0.00628527
-0.00860282
-0.00630753
-0.00304725
5.63281e-05
0.000748921
-0.00956135
-0.0111674
-0.00917925
-0.00747642
-0.00611887
-0.00378619
-0.000657448
-0.00427953
-0.00528334
0.00142457
0.00142457

-0.00739316
0.00739316
0.0149831
0.0105639
-0.00332635
-0.00742665
-0.00906601
-0.00655154
-0.00289772
0.000376381
0.00264224
-0.0109027
-0.0131683
-0.01013
-0.00822053
-0.00673079
-0.00416096
0.000143597
-0.00430918
-0.00593484
-0.00206824
-0.00206824

-0.00721224
0.00721224
0.0138774
0.0115848
-0.00205571
-0.0080533
-0.00953943
-0.00676876
-0.00260298
0.000643601
0.00411735
-0.011642
-0.0144653
-0.0109528
-0.00891057
-0.00732264
-0.00454191
0.0011742
-0.00441058
-0.00651831
-0.00445606
-0.00445606

-0.00664985
0.00664985
0.0117309
0.0119105
-0.00140634
-0.00848289
-0.0100598
-0.00698848
-0.0024256
0.000676621
0.00479361
-0.0119635
-0.0143325
-0.011519
-0.00953746
-0.00790781
-0.00489055
0.00231277
-0.0046542
-0.00708916
-0.00617256
-0.00617256

-0.00585384
0.00585384
0.00965573
0.0107307
-0.001408
-0.00888877
-0.0105934
-0.00734236
-0.00276969
0.000401654
0.00397575
-0.0122808
-0.0140751
-0.0119846
-0.0101162
-0.00849756
-0.00514395
0.00311598
-0.00512147
-0.007686
-0.00748534
-0.00748534

-0.00493904
0.00493904
0.00810521
0.0100075
-0.00173175
-0.00933136
-0.0110294
-0.00780331
-0.00331396
-3.36074e-05
0.0029925
-0.0126669
-0.0141532
-0.0124396
-0.0106589
-0.00911149
-0.00546474
0.00252341
-0.0059203
-0.00833268
-0.00852728
-0.00852728

-0.00530022
0.00493904
0.00810521
0.0100075
-0.00173175
-0.00933136
-0.0110294
-0.00780331
-0.00331396
-3.36074e-05
0.0029925
-0.0126669
-0.0141532
-0.0124396
-0.0106589
-0.00911149
-0.00546474
0.00252341
-0.0059203
-0.00833268
-0.00852728
-0.00815048

0
0
0
0
0
0
0
0
0
0
0
0
0
0
0
0
0
0
0
0
0
0


0
0
0
0
0
0
0
0
0
0
0
0
0
0
0
0
0
0
0
0
0
0

0.000134027
-0.000134027
-0.00107984
-0.0025081
0.00497128
-0.0208032
-0.019142
-0.00327131
-0.00119869
-0.000247887
-8.73128e-05
-0.00265364
-0.0021711
-0.00180995
-0.00132268
2.21888e-05
-0.000936952
-0.00107922
-0.00128791
2.02431e-05
0.0116876
0.0116876

-0.000381367
0.000381367
-0.000818084
-0.00327407
-0.000239899
0.036609
-0.01183
-0.00369759
-0.00145344
0.000301871
-0.000150913
-0.00420504
-0.00337659
-0.00275275
-0.00187331
-4.65213e-06
-0.00116449
-0.00128648
-0.00167018
0.0012511
0.0343337
0.0343337

-0.000978065
0.000978065
-1.81123e-05
-0.00261633
-0.00679785
0.05389
-0.00597056
-0.00391244
-0.00169647
0.00069632
-0.000511156
-0.00522219
-0.00439635
-0.00369184
-0.00254537
-0.000742468
-0.00153253
-0.00149172
-0.00203905
0.00182993
0.0439554
0.0439554

-0.00164838
0.00164838
0.00117576
-0.000618177
-0.0106749
0.0400352
-0.00436443
-0.00422498
-0.00197184
0.000779274
-0.00104634
-0.00572527
-0.00520118
-0.00460046
-0.0032983
-0.00175706
-0.00194148
-0.00167314
-0.00240633
0.00151117
0.0411895
0.0411895

-0.00236499
0.00236499
0.00256898
0.0013625
-0.0113464
0.0223904
-0.00463596
-0.00460731
-0.00229967
0.00041008
-0.00166316
-0.00593926
-0.00585278
-0.0054364
-0.00407802
-0.00277244
-0.00235153
-0.0018093
-0.00277262
0.000570729
0.0325914
0.0325914

-0.00308841
0.00308841
0.00406451
0.00289808
-0.0101357
0.00984562
-0.00544362
-0.0050113
-0.00265722
-0.000159562
-0.00214646
-0.0061453
-0.00654279
-0.00617492
-0.00484587
-0.00368267
-0.00275303
-0.0018786
-0.00313113
-0.000634067
0.0230176
0.0230176

-0.00377429
0.00377429
0.0056502
0.00402725
-0.00830465
0.0021932
-0.00629714
-0.0054049
-0.00299405
-0.000669572
-0.0022388
-0.00657318
-0.00739446
-0.00688762
-0.00559452
-0.00447757
-0.00314514
-0.00185802
-0.00346844
-0.00185636
0.0147034
0.0147034

-0.00435863
0.00435863
0.00728133
0.00493685
-0.00651041
-0.00226274
-0.00705482
-0.00577078
-0.00325973
-0.000948651
-0.00176368
-0.00731967
-0.00848424
-0.00763727
-0.00632762
-0.00518307
-0.003531
-0.00172522
-0.0037636
-0.00297702
0.00822026
0.00822026

-0.00475553
0.00475553
0.00872895
0.00579744
-0.00500043
-0.00482578
-0.0077019
-0.00610967
-0.00342156
-0.00100682
-0.000822309
-0.00828201
-0.00979403
-0.00843564
-0.00704506
-0.00582992
-0.0039171
-0.0014688
-0.00400477
-0.00396607
0.00340149
0.00340149

-0.00487938
0.00487938
0.00947466
0.00662385
-0.00384082
-0.00631523
-0.00827248
-0.00642765
-0.00348162
-0.000957982
0.000130712
-0.00918622
-0.0110822
-0.00923394
-0.00773688
-0.00644283
-0.00431222
-0.00110785
-0.00424335
-0.00484331
-0.000133253
-0.000133253

-0.00468395
0.00468395
0.00904328
0.00713085
-0.00308155
-0.00723114
-0.00880797
-0.00673701
-0.00349882
-0.000932646
0.000839084
-0.00985738
-0.0120172
-0.00995656
-0.00839278
-0.00703935
-0.00472313
-0.000701696
-0.0045413
-0.0056475
-0.00275442
-0.00275442

-0.00420992
0.00420992
0.00792897
0.00716332
-0.00273414
-0.00787183
-0.00933532
-0.00706557
-0.00359957
-0.00103355
0.0010856
-0.0103326
-0.0124135
-0.0105573
-0.00900777
-0.00763192
-0.00515533
-0.000400347
-0.00495831
-0.006417
-0.0047536
-0.0047536

-0.0035344
0.0035344
0.00665166
0.00661547
-0.00278578
-0.00840712
-0.00985207
-0.00746011
-0.00390865
-0.00130249
0.000740214
-0.0107529
-0.0126341
-0.011081
-0.0095866
-0.00823172
-0.00563824
-0.000516587
-0.00555663
-0.00718347
-0.00633613
-0.00633613

-0.00272276
0.00272276
0.00552741
0.0059997
-0.00312801
-0.00891958
-0.0103375
-0.00792453
-0.00435541
-0.0016959
0.000209509
-0.0111825
-0.0129377
-0.0115744
-0.010135
-0.00885055
-0.00629973
-0.00154516
-0.00639476
-0.00796737
-0.00763306
-0.00763306

-0.00314565
0.00272276
0.00552741
0.0059997
-0.00312801
-0.00891958
-0.0103375
-0.00792453
-0.00435541
-0.0016959
0.000209509
-0.0111825
-0.0129377
-0.0115744
-0.010135
-0.00885055
-0.00629973
-0.00154516
-0.00639476
-0.00796737
-0.00763306
-0.00749327

0
0
0
0
0
0
0
0
0
0
0
0
0
0
0
0
0
0
0
0
0
0


0
0
0
0
0
0
0
0
0
0
0
0
0
0
0
0
0
0
0
0
0
0

0.000308439
-0.000308439
-0.000873985
-0.00169276
0.000572785
0.0024137
-0.0068409
-0.00225778
-0.00123479
-0.000630326
-0.000727275
-0.00209373
-0.00189913
-0.00169313
-0.00137235
-0.000697386
-0.00106857
-0.00109738
-0.00115375
0.000215261
0.00970023
0.00970023

-1.1613e-05
1.1613e-05
-0.000675261
-0.00211312
-0.000998384
0.0193149
-0.00650227
-0.00302538
-0.00157477
-0.000446869
-0.000870489
-0.00319656
-0.00287293
-0.00251319
-0.00192181
-0.000865319
-0.00133075
-0.00131905
-0.00142994
0.00125073
0.0213672
0.0213672

-0.000382462
0.000382462
-0.000186844
-0.00185882
-0.00380258
0.0255312
-0.00480507
-0.00349598
-0.00190231
-0.000377213
-0.00120344
-0.00405071
-0.00374726
-0.00332503
-0.00253858
-0.00138293
-0.0016681
-0.00153838
-0.00172103
0.00181412
0.0278248
0.0278248

-0.000799923
0.000799923
0.000546444
-0.000984362
-0.00605778
0.0215739
-0.00404928
-0.00390493
-0.00224193
-0.0004846
-0.00164077
-0.0046499
-0.0045123
-0.00411444
-0.0032072
-0.00209781
-0.00204737
-0.00174472
-0.0020379
0.0017323
0.0280487
0.0280487

-0.00124482
0.00124482
0.00143167
4.62451e-05
-0.00704681
0.0139455
-0.004227
-0.00432317
-0.00260218
-0.000795901
-0.00210068
-0.00508651
-0.00520615
-0.00486584
-0.00390078
-0.00286985
-0.00244318
-0.00192545
-0.00238089
0.00111195
0.0241977
0.0241977

-0.00168636
0.00168636
0.00239523
0.000969151
-0.00698721
0.0068218
-0.00486753
-0.00475219
-0.00297196
-0.00121162
-0.00246531
-0.00549561
-0.0059113
-0.00557623
-0.00459694
-0.00362073
-0.00284339
-0.00206785
-0.00274224
0.000166231
0.0186948
0.0186948

-0.00208882
0.00208882
0.0033863
0.00172242
-0.00637203
0.00152606
-0.00563816
-0.00517697
-0.00332405
-0.00160961
-0.00261376
-0.00598853
-0.00669616
-0.00627183
-0.005286
-0.00432361
-0.00324446
-0.00216091
-0.00311044
-0.000914239
0.0131236
0.0131236

-0.00240385
0.00240385
0.00432813
0.00234201
-0.00558627
-0.00203402
-0.00638347
-0.00558618
-0.00363341
-0.00190414
-0.00248217
-0.0066119
-0.00759081
-0.00697692
-0.00596537
-0.00498019
-0.0036481
-0.0021981
-0.0034747
-0.00200688
0.0082201
0.0082201

-0.00257794
0.00257794
0.00506861
0.00286874
-0.00485237
-0.00432731
-0.00705795
-0.00597765
-0.00388622
-0.00208848
-0.00213456
-0.00732466
-0.00856668
-0.00769436
-0.00663209
-0.00560263
-0.00406056
-0.00218554
-0.00383622
-0.00305233
0.00418232
0.00418232

-0.00255784
0.00255784
0.00537916
0.00327929
-0.00428204
-0.00580014
-0.00766613
-0.0063561
-0.00409083
-0.00221518
-0.00175834
-0.00801891
-0.00950926
-0.00840127
-0.00728136
-0.00620475
-0.00449088
-0.00215131
-0.00421935
-0.00403728
0.000948115
0.000948115

-0.00231947
0.00231947
0.00511545
0.0034654
-0.00394064
-0.00678737
-0.00823052
-0.00673222
-0.00428572
-0.00235148
-0.00150908
-0.00862195
-0.0102795
-0.00906268
-0.00790734
-0.00679821
-0.00495138
-0.00215816
-0.00466195
-0.00497119
-0.0016346
-0.0016346

-0.00187941
0.00187941
0.00443642
0.00335731
-0.00385442
-0.00751263
-0.00877086
-0.00712452
-0.00452966
-0.00255723
-0.00149964
-0.00913176
-0.0108199
-0.00965954
-0.00850723
-0.00739267
-0.00546065
-0.00232221
-0.00520466
-0.00587347
-0.00372464
-0.00372464

-0.00127348
0.00127348
0.00357784
0.00295544
-0.00402136
-0.00811365
-0.00929449
-0.00755436
-0.00487184
-0.00285797
-0.00175923
-0.00959838
-0.0112432
-0.0102049
-0.00908204
-0.00799622
-0.00605398
-0.00282601
-0.00588662
-0.00676322
-0.00545478
-0.00545478

-0.000545357
0.000545357
0.00271914
0.00241186
-0.00440828
-0.00866804
-0.00980382
-0.00802926
-0.00530194
-0.00324682
-0.00215592
-0.0100567
-0.0116686
-0.0107196
-0.00963352
-0.00861498
-0.00679725
-0.00388821
-0.00673902
-0.00765356
-0.00692476
-0.00692476

-0.00102838
0.000545357
0.00271914
0.00241186
-0.00440828
-0.00866804
-0.00980382
-0.00802926
-0.00530194
-0.00324682
-0.00215592
-0.0100567
-0.0116686
-0.0107196
-0.00963352
-0.00861498
-0.00679725
-0.00388821
-0.00673902
-0.00765356
-0.00692476
-0.00696937

0
0
0
0
0
0
0
0
0
0
0
0
0
0
0
0
0
0
0
0
0
0


0
0
0
0
0
0
0
0
0
0
0
0
0
0
0
0
0
0
0
0
0
0

0.000493108
-0.000493108
-0.000873726
-0.00137244
-0.000687881
0.00382998
-0.00319908
-0.00183116
-0.00128702
-0.000929723
-0.00105818
-0.00174821
-0.00168693
-0.00158304
-0.00138483
-0.00102544
-0.00114264
-0.00111248
-0.0010758
0.000145728
0.0067361
0.0067361

0.000372085
-0.000372085
-0.00079524
-0.00168793
-0.00142789
0.00956609
-0.00387984
-0.00257441
-0.00169586
-0.00102323
-0.00134479
-0.00256919
-0.00247529
-0.0022921
-0.00192156
-0.00131383
-0.00144039
-0.00134893
-0.00128642
0.00102847
0.0138051
0.0138051

0.000221533
-0.000221533
-0.000569362
-0.00169129
-0.00278512
0.0118261
-0.00375035
-0.00314209
-0.00209462
-0.00118166
-0.00172143
-0.00327779
-0.00321609
-0.00299582
-0.0024948
-0.00176845
-0.00177841
-0.00158559
-0.00152602
0.00154977
0.0182261
0.0182261

4.45732e-05
-4.45732e-05
-0.000206956
-0.00140077
-0.00409002
0.0102971
-0.00372846
-0.00363123
-0.00249506
-0.00143189
-0.00214454
-0.00386721
-0.00390617
-0.00368759
-0.00309977
-0.00234003
-0.00214694
-0.00181819
-0.00180592
0.00159513
0.0192994
0.0192994

-0.000145517
0.000145517
0.000248184
-0.000981151
-0.00492803
0.00676228
-0.00405639
-0.00410037
-0.0028996
-0.00177203
-0.00256675
-0.00437614
-0.00456505
-0.0043615
-0.00372393
-0.00296533
-0.00253422
-0.00204098
-0.0021287
0.00119877
0.0177259
0.0177259

-0.000327089
0.000327089
0.000748306
-0.000564786
-0.00526033
0.00292081
-0.00463438
-0.00456375
-0.00330271
-0.00216133
-0.00292725
-0.00486365
-0.00522988
-0.00501837
-0.00435514
-0.00359945
-0.00293304
-0.00224866
-0.00248997
0.000479466
0.0146506
0.0146506

-0.000473966
0.000473966
0.00124725
-0.000211665
-0.00524677
-0.000336909
-0.00531192
-0.00502054
-0.00369149
-0.00254317
-0.0031719
-0.00537938
-0.00593181
-0.00566852
-0.0049866
-0.00422097
-0.00334124
-0.00243821
-0.00288194
-0.000432066
0.0110339
0.0110339

-0.000555796
0.000555796
0.00168465
6.65239e-05
-0.00507129
-0.00278681
-0.00599193
-0.00546603
-0.00405506
-0.00287584
-0.00327869
-0.00594856
-0.00668198
-0.00631959
-0.00561425
-0.00482532
-0.00376142
-0.00261221
-0.00329916
-0.00143248
0.00747096
0.00747096

-0.000537458
0.000537458
0.00197252
0.000266304
-0.00487316
-0.00453027
-0.00663348
-0.00589942
-0.00438668
-0.00315617
-0.00328314
-0.0065504
-0.00746142
-0.00697219
-0.00623549
-0.00541619
-0.00419942
-0.00278282
-0.00374293
-0.00245715
0.00424475
0.00424475

-0.00038738
0.00038738
0.00200946
0.000364398
-0.00474016
-0.00576115
-0.00723106
-0.00632449
-0.00469563
-0.00340588
-0.00326724
-0.00714515
-0.00821616
-0.00761484
-0.00684723
-0.0060005
-0.00466426
-0.00297731
-0.00422592
-0.00347401
0.00143944
0.00143944

-9.1553e-05
9.1553e-05
0.00174537
0.000314645
-0.00472819
-0.00666265
-0.00779524
-0.00674895
-0.00500271
-0.0036595
-0.0033122
-0.0077012
-0.00888804
-0.00823147
-0.00744619
-0.00658544
-0.00516875
-0.00324521
-0.00477007
-0.00447275
-0.000963645
-0.000963645

0.000347952
-0.000347952
0.0012366
8.8572e-05
-0.00486303
-0.00737253
-0.00833802
-0.00718414
-0.00533694
-0.00394781
-0.00347349
-0.00821433
-0.00945537
-0.00881284
-0.00803046
-0.007177
-0.00572963
-0.00366147
-0.00539862
-0.00545554
-0.00302447
-0.00302447

0.000906506
-0.000906506
0.000587207
-0.00030854
-0.00515429
-0.00798543
-0.00886899
-0.00764161
-0.00572018
-0.00429008
-0.00376396
-0.00869933
-0.00995597
-0.00936268
-0.00859958
-0.00778
-0.00637137
-0.00432498
-0.0061355
-0.00642812
-0.00481161
-0.00481161

0.001573
-0.001573
-0.000111355
-0.000824147
-0.00559192
-0.00855457
-0.00939274
-0.00812721
-0.00615633
-0.00468571
-0.00413888
-0.00917473
-0.0104395
-0.0098886
-0.0091529
-0.00839607
-0.00712154
-0.00532608
-0.00699107
-0.00739856
-0.00638771
-0.00638771

0.0010307
-0.001573
-0.000111355
-0.000824147
-0.00559192
-0.00855457
-0.00939274
-0.00812721
-0.00615633
-0.00468571
-0.00413888
-0.00917473
-0.0104395
-0.0098886
-0.0091529
-0.00839607
-0.00712154
-0.00532608
-0.00699107
-0.00739856
-0.00638771
-0.00656795

0
0
0
0
0
0
0
0
0
0
0
0
0
0
0
0
0
0
0
0
0
0


0
0
0
0
0
0
0
0
0
0
0
0
0
0
0
0
0
0
0
0
0
0

0.00068246
-0.00068246
-0.000968562
-0.00127673
-0.00114561
0.00128521
-0.00204588
-0.00161842
-0.00134539
-0.00117657
-0.00127404
-0.00150202
-0.0015058
-0.00147854
-0.00137801
-0.00119438
-0.00119036
-0.00112628
-0.00103194
5.04102e-06
0.00438745
0.00438745

0.000761249
-0.000761249
-0.00104862
-0.00160826
-0.0017022
0.00298496
-0.00278869
-0.00229105
-0.00181757
-0.00149645
-0.00170337
-0.00211632
-0.0021322
-0.00208472
-0.00189417
-0.00156581
-0.00151827
-0.00137737
-0.00120396
0.000751741
0.00902823
0.00902823

0.000825713
-0.000825713
-0.00106844
-0.00181451
-0.00249383
0.003448
-0.00320966
-0.00288141
-0.00228149
-0.00184114
-0.00215652
-0.00269527
-0.00274431
-0.00269054
-0.00242846
-0.00200734
-0.00186624
-0.00163162
-0.00141138
0.00122076
0.012166
0.012166

0.00087897
-0.00087897
-0.00102954
-0.00189862
-0.00330134
0.00260672
-0.00358691
-0.00341919
-0.00274136
-0.00221734
-0.00261367
-0.00323794
-0.00334208
-0.00329334
-0.00298022
-0.00250622
-0.00223325
-0.00188884
-0.00166649
0.00133088
0.013404
0.013404

0.00092942
-0.00092942
-0.000950675
-0.00191514
-0.00395168
0.000961308
-0.00405165
-0.00393146
-0.00319591
-0.00262271
-0.00305545
-0.00375542
-0.00393434
-0.00389139
-0.00354474
-0.00303933
-0.00261633
-0.00214841
-0.00197464
0.00108342
0.0129479
0.0129479

0.000990556
-0.000990556
-0.000856384
-0.00191823
-0.00439778
-0.000908209
-0.00460263
-0.00442982
-0.00364272
-0.00304212
-0.00345906
-0.00426541
-0.00453402
-0.00448617
-0.0041173
-0.00358755
-0.0030139
-0.00241041
-0.00233515
0.000538861
0.0113101
0.0113101

0.00107661
-0.00107661
-0.000773445
-0.00194134
-0.00468265
-0.00262344
-0.00519469
-0.00491671
-0.00407836
-0.00345306
-0.00380526
-0.00478785
-0.00515166
-0.00507995
-0.00469419
-0.00414049
-0.00342729
-0.00267753
-0.00274451
-0.000219716
0.00902119
0.00902119

0.00120535
-0.00120535
-0.000735801
-0.00200042
-0.00487807
-0.00403783
-0.00578914
-0.00539337
-0.00449736
-0.00383928
-0.00409092
-0.00532967
-0.00579002
-0.00567491
-0.00527285
-0.00469486
-0.00386032
-0.00295656
-0.00319928
-0.00111466
0.00648743
0.00648743

0.00139634
-0.00139634
-0.00078506
-0.00210575
-0.00504919
-0.00515404
-0.00636692
-0.00586081
-0.00489899
-0.00420148
-0.00433219
-0.00588013
-0.00643851
-0.00627062
-0.00585175
-0.00525198
-0.00431912
-0.00326074
-0.00369971
-0.00208627
0.00396501
0.00396501

0.00166739
-0.00166739
-0.000962907
-0.00227253
-0.00524312
-0.00603656
-0.00692498
-0.00632201
-0.00528923
-0.00454705
-0.00456173
-0.0064268
-0.00707438
-0.00686145
-0.00642903
-0.00581514
-0.00481203
-0.00361231
-0.00425151
-0.00309535
0.00158821
0.00158821

0.00202865
-0.00202865
-0.00128744
-0.00252005
-0.00549235
-0.00676142
-0.00746779
-0.00678287
-0.00567731
-0.00489171
-0.00481441
-0.00695598
-0.00767547
-0.00744063
-0.00700298
-0.0063882
-0.00534944
-0.00404466
-0.0048652
-0.00411886
-0.000590105
-0.000590105

0.00247516
-0.00247516
-0.00174086
-0.00286209
-0.00581617
-0.00739385
-0.0080027
-0.00724963
-0.00607655
-0.00524981
-0.00511399
-0.00746566
-0.00823321
-0.00800367
-0.00757212
-0.00697419
-0.00594347
-0.00460219
-0.00555377
-0.00514531
-0.00256472
-0.00256472

0.00300773
-0.00300773
-0.00228446
-0.00329595
-0.00622126
-0.00797856
-0.00853498
-0.00772846
-0.00649676
-0.00563075
-0.00546517
-0.00795926
-0.00875869
-0.0085506
-0.00813498
-0.00757418
-0.00660549
-0.00533096
-0.00632512
-0.00617258
-0.00435481
-0.00435481

0.00362187
-0.00362187
-0.00288071
-0.00380595
-0.00670785
-0.00854404
-0.00906844
-0.00822356
-0.00694214
-0.00603675
-0.0058551
-0.00844388
-0.00926977
-0.00908348
-0.00869015
-0.00818732
-0.00734419
-0.00626427
-0.00718136
-0.00720003
-0.00599009
-0.00599009

0.0030203
-0.00362187
-0.00288071
-0.00380595
-0.00670785
-0.00854404
-0.00906844
-0.00822356
-0.00694214
-0.00603675
-0.0058551
-0.00844388
-0.00926977
-0.00908348
-0.00869015
-0.00818732
-0.00734419
-0.00626427
-0.00718136
-0.00720003
-0.00599009
-0.0062659

0
0
0
0
0
0
0
0
0
0
0
0
0
0
0
0
0
0
0
0
0
0


0
0
0
0
0
0
0
0
0
0
0
0
0
0
0
0
0
0
0
0
0
0

0.000872232
-0.000872232
-0.00110142
-0.00127126
-0.00140906
-0.0017657
-0.00162465
-0.00148666
-0.00140588
-0.00139933
-0.00146169
-0.00128916
-0.00133711
-0.00137781
-0.00136265
-0.00130255
-0.0012261
-0.00113889
-0.00100729
-0.000130499
0.00271172
0.00271172

0.00114883
-0.00114883
-0.00135741
-0.00167099
-0.00194208
-0.002523
-0.00234346
-0.002094
-0.00194135
-0.00192581
-0.00203468
-0.00172122
-0.00180938
-0.00188539
-0.00185458
-0.00173551
-0.00157948
-0.0014039
-0.00115742
0.000502027
0.00584892
0.00584892

0.00142306
-0.00142306
-0.00161648
-0.00206465
-0.00246452
-0.00312294
-0.00300165
-0.00268524
-0.00246773
-0.00243857
-0.00258027
-0.00217685
-0.00229397
-0.00239781
-0.00235153
-0.00217732
-0.00193857
-0.00167406
-0.00134553
0.00092076
0.00813353
0.00813353

0.00169846
-0.00169846
-0.00187867
-0.00245067
-0.00297225
-0.00362189
-0.00360108
-0.003253
-0.00298585
-0.00293771
-0.00309124
-0.00265905
-0.00279324
-0.00291556
-0.00285473
-0.00263025
-0.0023063
-0.00195219
-0.00158497
0.00106371
0.00934533
0.00934533

0.00197917
-0.00197917
-0.00214653
-0.00283032
-0.00346305
-0.00407914
-0.00415427
-0.00380109
-0.00349223
-0.00342047
-0.00357331
-0.00316273
-0.00330768
-0.00343913
-0.0033648
-0.0030953
-0.0026856
-0.00224133
-0.00188342
0.00091486
0.00949123
0.00949123

0.00226974
-0.00226974
-0.00242341
-0.00320573
-0.00393823
-0.00453185
-0.00467813
-0.00433053
-0.00398748
-0.00389045
-0.00403255
-0.00367976
-0.0038344
-0.00396889
-0.00388238
-0.00357345
-0.0030804
-0.00254593
-0.00224384
0.00049816
0.00874631
0.00874631

0.00257439
-0.00257439
-0.00271477
-0.00358184
-0.00440142
-0.00499548
-0.00518599
-0.00484572
-0.00447243
-0.00434572
-0.00447582
-0.00420634
-0.00437075
-0.00450354
-0.00440715
-0.00406541
-0.00349534
-0.00287233
-0.00266555
-0.000138787
0.00736017
0.00736017

0.00289922
-0.00289922
-0.0030257
-0.00396352
-0.00485861
-0.00547307
-0.00568748
-0.0053494
-0.00494666
-0.00479225
-0.0049096
-0.00473287
-0.00491382
-0.00504282
-0.00493899
-0.00457219
-0.00393608
-0.00322956
-0.00314671
-0.0009406
0.00558048
0.00558048

0.00325052
-0.00325052
-0.00336226
-0.00435616
-0.0053157
-0.0059632
-0.00618851
-0.00584582
-0.00541276
-0.00522892
-0.00533746
-0.00525734
-0.00545947
-0.00558532
-0.00547747
-0.00509519
-0.00440942
-0.00363046
-0.00368667
-0.00185596
0.0036103
0.0036103

0.00363763
-0.00363763
-0.0037297
-0.00476381
-0.0057773
-0.00646376
-0.00669295
-0.00633742
-0.00587241
-0.00565811
-0.00576134
-0.00577667
-0.00600462
-0.00612999
-0.0060223
-0.00563582
-0.00492274
-0.00409145
-0.00428601
-0.00284349
0.00159448
0.00159448

0.00405716
-0.00405716
-0.00413115
-0.00519271
-0.0062521
-0.00697652
-0.00720457
-0.00682777
-0.00632788
-0.00608099
-0.00618329
-0.00629124
-0.0065468
-0.00667527
-0.00657265
-0.00619594
-0.00548508
-0.00463437
-0.00495003
-0.00387151
-0.000376611
-0.000376611

0.00451975
-0.00451975
-0.00457028
-0.00564604
-0.00674272
-0.00750117
-0.0077245
-0.00731985
-0.0067806
-0.00649998
-0.00660279
-0.00679791
-0.00708445
-0.00721952
-0.00712722
-0.00677495
-0.00610142
-0.00527884
-0.00567952
-0.0049221
-0.00225586
-0.00225586

0.00503132
-0.00503132
-0.00504889
-0.00612696
-0.00725224
-0.0080388
-0.00825432
-0.00781616
-0.00723286
-0.00691622
-0.00701923
-0.00729724
-0.00761688
-0.0077615
-0.00768429
-0.0073717
-0.00677486
-0.00604041
-0.00647494
-0.00598402
-0.00402705
-0.00402705

0.005597
-0.005597
-0.00556689
-0.00663841
-0.00778404
-0.0085911
-0.00879519
-0.00831912
-0.00768638
-0.00733152
-0.00743259
-0.0077889
-0.00814404
-0.00830021
-0.00824199
-0.00798334
-0.00750276
-0.00692264
-0.00733211
-0.00705112
-0.00569442
-0.00569442

0.0049355
-0.005597
-0.00556689
-0.00663841
-0.00778404
-0.0085911
-0.00879519
-0.00831912
-0.00768638
-0.00733152
-0.00743259
-0.0077889
-0.00814404
-0.00830021
-0.00824199
-0.00798334
-0.00750276
-0.00692264
-0.00733211
-0.00705112
-0.00569442
-0.00603596

0
0
0
0
0
0
0
0
0
0
0
0
0
0
0
0
0
0
0
0
0
0


0
0
0
0
0
0
0
0
0
0
0
0
0
0
0
0
0
0
0
0
0
0

0
-0.000872232
-0.00110142
-0.00127126
-0.00140906
-0.0017657
-0.00162465
-0.00148666
-0.00140588
-0.00139933
-0.00146169
-0.00128916
-0.00133711
-0.00137781
-0.00136265
-0.00130255
-0.0012261
-0.00113889
-0.00100729
-0.000130499
0.00271172
0

0
-0.00114883
-0.00135741
-0.00167099
-0.00194208
-0.002523
-0.00234346
-0.002094
-0.00194135
-0.00192581
-0.00203468
-0.00172122
-0.00180938
-0.00188539
-0.00185458
-0.00173551
-0.00157948
-0.0014039
-0.00115742
0.000502027
0.00584892
0

0
-0.00142306
-0.00161648
-0.00206465
-0.00246452
-0.00312294
-0.00300165
-0.00268524
-0.00246773
-0.00243857
-0.00258027
-0.00217685
-0.00229397
-0.00239781
-0.00235153
-0.00217732
-0.00193857
-0.00167406
-0.00134553
0.00092076
0.00813353
0

0
-0.00169846
-0.00187867
-0.00245067
-0.00297225
-0.00362189
-0.00360108
-0.003253
-0.00298585
-0.00293771
-0.00309124
-0.00265905
-0.00279324
-0.00291556
-0.00285473
-0.00263025
-0.0023063
-0.00195219
-0.00158497
0.00106371
0.00934533
0

0
-0.00197917
-0.00214653
-0.00283032
-0.00346305
-0.00407914
-0.00415427
-0.00380109
-0.00349223
-0.00342047
-0.00357331
-0.00316273
-0.00330768
-0.00343913
-0.0033648
-0.0030953
-0.0026856
-0.00224133
-0.00188342
0.00091486
0.00949123
0

0
-0.00226974
-0.00242341
-0.00320573
-0.00393823
-0.00453185
-0.00467813
-0.00433053
-0.00398748
-0.00389045
-0.00403255
-0.00367976
-0.0038344
-0.00396889
-0.00388238
-0.00357345
-0.0030804
-0.00254593
-0.00224384
0.00049816
0.00874631
0

0
-0.00257439
-0.00271477
-0.00358184
-0.00440142
-0.00499548
-0.00518599
-0.00484572
-0.00447243
-0.00434572
-0.00447582
-0.00420634
-0.00437075
-0.00450354
-0.00440715
-0.00406541
-0.00349534
-0.00287233
-0.00266555
-0.000138787
0.00736017
0

0
-0.00289922
-0.0030257
-0.00396352
-0.00485861
-0.00547307
-0.00568748
-0.0053494
-0.00494666
-0.00479225
-0.0049096
-0.00473287
-0.00491382
-0.00504282
-0.00493899
-0.00457219
-0.00393608
-0.00322956
-0.00314671
-0.0009406
0.00558048
0

0
-0.00325052
-0.00336226
-0.00435616
-0.0053157
-0.0059632
-0.00618851
-0.00584582
-0.00541276
-0.00522892
-0.00533746
-0.00525734
-0.00545947
-0.00558532
-0.00547747
-0.00509519
-0.00440942
-0.00363046
-0.00368667
-0.00185596
0.0036103
0

0
-0.00363763
-0.0037297
-0.00476381
-0.0057773
-0.00646376
-0.00669295
-0.00633742
-0.00587241
-0.00565811
-0.00576134
-0.00577667
-0.00600462
-0.00612999
-0.0060223
-0.00563582
-0.00492274
-0.00409145
-0.00428601
-0.00284349
0.00159448
0

0
-0.00405716
-0.00413115
-0.00519271
-0.0062521
-0.00697652
-0.00720457
-0.00682777
-0.00632788
-0.00608099
-0.00618329
-0.00629124
-0.0065468
-0.00667527
-0.00657265
-0.00619594
-0.00548508
-0.00463437
-0.00495003
-0.00387151
-0.000376611
0

0
-0.00451975
-0.00457028
-0.00564604
-0.00674272
-0.00750117
-0.0077245
-0.00731985
-0.0067806
-0.00649998
-0.00660279
-0.00679791
-0.00708445
-0.00721952
-0.00712722
-0.00677495
-0.00610142
-0.00527884
-0.00567952
-0.0049221
-0.00225586
0

0
-0.00503132
-0.00504889
-0.00612696
-0.00725224
-0.0080388
-0.00825432
-0.00781616
-0.00723286
-0.00691622
-0.00701923
-0.00729724
-0.00761688
-0.0077615
-0.00768429
-0.0073717
-0.00677486
-0.00604041
-0.00647494
-0.00598402
-0.00402705
0

0
-0.005597
-0.00556689
-0.00663841
-0.00778404
-0.0085911
-0.00879519
-0.00831912
-0.00768638
-0.00733152
-0.00743259
-0.0077889
-0.00814404
-0.00830021
-0.00824199
-0.00798334
-0.00750276
-0.00692264
-0.00733211
-0.00705112
-0.00569442
0

0
-0.005597
-0.00556689
-0.00663841
-0.00778404
-0.0085911
-0.00879519
-0.00831912
-0.00768638
-0.00733152
-0.00743259
-0.0077889
-0.00814404
-0.00830021
-0.00824199
-0.00798334
-0.00750276
-0.00692264
-0.00733211
-0.00705112
-0.00569442
0

0
0
0
0
0
0
0
0
0
0
0
0
0
0
0
0
0
0
0
0
0
0


