0
0
0
0
0
0
0
0
0
0
0
0
0
0
0
0
0
0
0
0
0
0

0
0
0
0
0
0
0
0
0
0
0
0
0
0
0
0
0
0
0
0
0
0

0
0
0
0
0
0
0
0
0
0
0
0
0
0
0
0
0
0
0
0
0
0

0
0
0
0
0
0
0
0
0
0
0
0
0
0
0
0
0
0
0
0
0
0

0
0
0
0
0
0
0
0
0
0
0
0
0
0
0
0
0
0
0
0
0
0

0
0
0
0
0
0
0
0
0
0
0
0
0
0
0
0
0
0
0
0
0
0

0
0
0
0
0
0
0
0
0
0
0
0
0
0
0
0
0
0
0
0
0
0

0
0
0
0
0
0
0
0
0
0
0
0
0
0
0
0
0
0
0
0
0
0

0
0
0
0
0
0
0
0
0
0
0
0
0
0
0
0
0
0
0
0
0
0

0
0
0
0
0
0
0
0
0
0
0
0
0
0
0
0
0
0
0
0
0
0

0
0
0
0
0
0
0
0
0
0
0
0
0
0
0
0
0
0
0
0
0
0

0
0
0
0
0
0
0
0
0
0
0
0
0
0
0
0
0
0
0
0
0
0

0
0
0
0
0
0
0
0
0
0
0
0
0
0
0
0
0
0
0
0
0
0

0
0
0
0
0
0
0
0
0
0
0
0
0
0
0
0
0
0
0
0
0
0

0
0
0
0
0
0
0
0
0
0
0
0
0
0
0
0
0
0
0
0
0
0

0
0
0
0
0
0
0
0
0
0
0
0
0
0
0
0
0
0
0
0
0
0

0
0
0
0
0
0
0
0
0
0
0
0
0
0
0
0
0
0
0
0
0
0


0
0
0
0
0
0
0
0
0
0
0
0
0
0
0
0
0
0
0
0
0
0

0
-0.00947878
-0.0100028
-0.0207147
-0.00199346
-0.00334218
-0.00548689
-0.0142374
0.00232476
-0.0954031
-0.00206553
-0.01722
-0.0218615
0.000366415
-0.036886
-0.0790345
0.139208
-0.0157117
0.00928015
0.00577908
-0.00807264
0

0
-0.0135304
-0.0114025
-0.0182224
-0.0161532
-0.000155755
4.10819e-05
-0.0257696
-0.00276666
-0.0526961
-0.01508
-0.0321454
-0.0622566
-0.000484667
-0.0566058
-0.151303
0.493289
-0.0455957
0.0248525
0.0171556
-0.0109078
0

0
-0.0180408
-0.0158029
-0.0359575
-0.0143575
0.000553718
-0.00967807
-0.0350253
-9.71476e-05
-0.0506336
-0.0247753
-0.049173
-0.0474784
-6.22179e-05
-0.077459
-0.139478
0.159474
0.0242186
0.0519633
0.02969
-0.0137989
0

0
-0.0227532
-0.0207861
-0.0621782
-0.027912
0.0468633
-0.0284517
-0.0448606
-0.0148671
-0.0486791
-0.0323107
-0.0650291
-0.0478303
0.00574979
-0.100638
-0.133305
0.0568586
0.0823331
0.0798019
0.0430466
-0.0167488
0

0
-0.0275944
-0.0295275
-0.0484433
-0.0627045
0.0932586
-0.047943
-0.0561432
-0.0202968
-0.0526371
-0.0356722
-0.0515857
0.124843
-0.220678
-0.134601
-0.186775
-0.0236304
0.141151
0.0803623
0.05833
-0.0197772
0

0
-0.0324892
-0.037515
-0.0580495
-0.0896453
0.152707
-0.071888
-0.0691679
-0.0217825
-0.0553867
-0.0408807
-0.0465939
0.0714743
-0.194587
-0.153755
-0.192257
-0.106725
0.19696
0.174484
0.0606696
-0.0229949
0

0
-0.0373293
-0.0448684
-0.0676794
-0.125826
0.226357
-0.102843
-0.0832725
-8.54898e-05
-0.0607038
-0.0453642
-0.0456888
0.0254258
-0.184048
-0.172377
-0.203407
-0.193782
0.266437
0.244194
0.0623529
-0.0263211
0

0
-0.042035
-0.0515591
-0.0764006
-0.173885
0.312645
-0.143626
-0.090577
-0.039053
-0.0590098
-0.0488367
-0.0473585
-0.00989063
-0.180988
-0.25679
-0.14641
-0.292971
0.357598
0.322254
0.0486302
-0.0297914
0

0
-0.0465475
-0.05756
-0.0832435
-0.231303
0.406358
-0.164249
-0.0951197
-0.0544946
-0.0592613
-0.0520633
-0.0504268
-0.0370634
-0.186003
-0.178915
-0.229766
-0.433258
0.474319
0.409136
0.0597458
-0.0335262
0

0
-0.0508271
-0.0628346
-0.0896198
-0.19061
0.234978
-0.106357
-0.105897
-0.0680521
-0.0601288
-0.0550769
-0.0540841
-0.0580461
-0.194462
-0.197501
-0.208369
-0.610237
0.658035
0.500914
0.0486286
-0.0374111
0

0
-0.0548514
-0.0674711
-0.0933258
-0.154963
0.158061
-0.0881736
-0.0985674
-0.0787541
-0.0609912
-0.0551507
-0.0600871
-0.0741078
-0.208
-0.208421
-0.164834
-0.870771
0.939468
0.607987
0.0231442
-0.0413837
0

0
-0.0586139
-0.071639
-0.0956116
-0.134074
0.094813
-0.0794548
-0.0936503
-0.0955599
-0.061154
-0.0577315
-0.0633919
-0.0855406
-0.228578
-0.20294
0.0317217
-1.20893
1.19754
0.732418
-0.0214159
-0.0454208
0

0
-0.0623854
-0.075729
-0.0972197
-0.123429
0.0456806
-0.0766555
-0.0938255
-0.0887871
-0.0651251
-0.0604355
-0.0657944
-0.0927213
-0.253238
0.00944531
-0.353501
-1.63426
1.59946
0.876868
-0.0933038
-0.0494832
0

0
-0.0656299
-0.0787309
-0.0991033
-0.120055
0.00776596
-0.0776629
-0.0952796
-0.0895896
-0.0680265
-0.0626546
-0.0678137
-0.0954868
-0.237575
-0.1347
-0.391388
-2.18544
2.22442
1.06017
-0.206194
-0.0535146
0

0
-0.0661195
-0.0788719
-0.0991554
-0.120008
-0.0142119
-0.0780333
-0.0953384
-0.0895615
-0.0679119
-0.0626186
-0.0678429
-0.0957124
-0.238073
-0.132186
-0.38562
-2.24182
2.25486
1.05259
-0.207786
-0.0530065
0

0
0
0
0
0
0
0
0
0
0
0
0
0
0
0
0
0
0
0
0
0
0


0
0
0
0
0
0
0
0
0
0
0
0
0
0
0
0
0
0
0
0
0
0

0
-0.00903712
-0.0458004
-0.0145817
0.00232835
-0.0254429
-0.0169798
0.00751878
0.00384933
-0.00563784
-0.00854133
-0.0206478
0.195914
0.0119583
-0.0298001
-0.0442267
-0.351776
0.0101472
0.0138374
0.00483492
-0.00812575
0

0
-0.0136391
0.0304392
-0.0128587
-0.0107634
0.0861173
-0.0185424
-0.0505606
-0.0179894
-0.0309459
-0.0150278
-0.0281761
0.0534575
-0.0278819
-0.0548564
-0.0578801
-0.868756
-0.0788354
0.0303133
0.0151298
-0.011004
0

0
-0.0177243
-0.00350495
-0.0152133
-0.0199828
0.172437
-0.0110769
-0.0408962
-0.0434004
-0.0404734
-0.0238335
-0.0389961
-0.0983773
-0.0859845
-0.0813167
-0.0228963
-0.212891
0.000912034
0.0635861
0.0265397
-0.0139262
0

0
-0.0223421
-0.0181117
0.00158404
-0.0307535
0.0803321
-0.0313245
-0.0458817
-0.0337448
-0.0437529
-0.0306705
-0.0449511
-0.259641
-0.0116007
-0.0994573
0.178445
-0.0799067
0.0550396
0.114908
0.0392379
-0.0168765
0

0
-0.0271162
-0.027824
-0.0327861
-0.0545721
0.0362726
-0.0537601
-0.0549919
-0.0400209
-0.0480475
-0.035592
-0.0455131
-0.044881
-0.129174
-0.117697
-0.518246
-0.12329
0.0967394
0.229985
0.0544382
-0.0198244
0

0
-0.0319125
-0.0359761
-0.0497211
-0.0793769
-0.0159027
-0.0823599
-0.0660435
-0.0605086
-0.052841
-0.040298
-0.0449969
-0.0181101
-0.153115
-0.149555
-0.261696
-0.142779
0.139792
0.201831
0.057022
-0.0231202
0

0
-0.0366433
-0.0431255
-0.061587
-0.105517
-0.156311
-0.123396
-0.0774153
-0.115762
-0.059232
-0.0445775
-0.046056
-0.0214246
-0.159356
-0.175558
-0.231457
-0.197974
0.175327
0.224782
0.0622405
-0.0264287
0

0
-0.041242
-0.0493857
-0.0712172
-0.128288
-0.494731
-0.187513
-0.0882663
-0.0706176
-0.0577083
-0.0480766
-0.0484968
-0.0350482
-0.165383
-0.209254
-0.24035
-0.27514
0.182146
0.267011
0.074381
-0.0297571
0

0
-0.0456606
-0.054574
-0.079185
-0.143007
-0.821123
-0.265556
-0.0988173
-0.0636653
-0.0579172
-0.051231
-0.0518599
-0.0507461
-0.175877
-0.211439
-0.317808
-0.378273
0.0104344
0.29426
0.0585687
-0.0335659
0

0
-0.0498786
-0.0579761
-0.0854549
-0.14818
-0.221856
-0.1416
-0.0966254
-0.0639388
-0.0587182
-0.0539716
-0.055752
-0.0651774
-0.193653
-0.243079
-0.45368
-0.545277
0.761065
0.45686
0.0510575
-0.0372204
0

0
-0.053944
-0.0571448
-0.0920145
-0.133766
-0.0735245
-0.106423
-0.0932471
-0.0603945
-0.0594127
-0.0559035
-0.0600868
-0.0773428
-0.179558
-0.304582
-0.752057
-0.716518
0.850969
0.523341
0.0313967
-0.0410728
0

0
-0.0581051
-0.0453862
-0.101646
-0.122772
-0.0264992
-0.0905211
-0.0911672
-0.0398572
-0.059405
-0.0582322
-0.0635442
-0.0864237
-0.203424
-0.443301
-1.09453
-0.885426
0.97213
0.599264
0.00221016
-0.0449038
0

0
-0.0609865
-0.101437
-0.0793582
-0.114152
-0.0192893
-0.0841808
-0.0909027
-0.0689901
-0.0636873
-0.0607466
-0.0662238
-0.0923635
-0.2158
-0.670705
-0.602694
-0.956439
1.18817
0.680053
-0.036755
-0.0486496
0

0
-0.0647109
-0.0872904
-0.0898081
-0.113138
-0.0253497
-0.0835368
-0.0923391
-0.0780503
-0.0668183
-0.0630179
-0.0682427
-0.0947352
-0.214722
-0.37452
-0.52812
-1.0367
1.4379
0.741956
-0.0747834
-0.0521478
0

0
-0.0652073
-0.0874706
-0.0897925
-0.11314
-0.0251272
-0.0837852
-0.0923516
-0.0779363
-0.0667473
-0.0629896
-0.0682736
-0.0949436
-0.215362
-0.378757
-0.527265
-1.08016
1.45723
0.730249
-0.0747478
-0.0520602
0

0
0
0
0
0
0
0
0
0
0
0
0
0
0
0
0
0
0
0
0
0
0


0
0
0
0
0
0
0
0
0
0
0
0
0
0
0
0
0
0
0
0
0
0

0
-0.00921377
-0.0155176
-0.0106086
-0.00225367
-0.0214533
-0.020526
-0.0113858
-0.00825646
-0.0116909
-0.0103852
-0.0151485
0.0670572
-0.00882434
-0.0277028
-0.0351671
-0.205323
-0.0098882
0.0127072
0.00353358
-0.0081824
0

0
-0.0132562
-0.00115022
-0.0130646
-0.00776104
0.0572133
-0.0210531
-0.0304754
-0.0195876
-0.0238478
-0.0165804
-0.0242132
0.00790919
-0.0315767
-0.0503305
-0.054326
-0.379449
-0.0270443
0.0324798
0.0125643
-0.0111102
0

0
-0.0175142
-0.00955664
-0.0159282
-0.0172108
0.0782396
-0.0237485
-0.0372153
-0.0320049
-0.0327328
-0.0234423
-0.0334358
-0.0651082
-0.057407
-0.0728133
-0.0581343
-0.199893
0.00192663
0.060824
0.0221634
-0.0140837
0

0
-0.022038
-0.0189754
-0.0177607
-0.0306878
0.0430957
-0.036819
-0.0440867
-0.036592
-0.0386139
-0.0296021
-0.0399421
-0.126489
-0.062028
-0.0937116
-0.0735903
-0.129518
0.0364098
0.0996097
0.0322362
-0.0170925
0

0
-0.0266879
-0.0274062
-0.0323184
-0.0495951
-0.00768445
-0.0564247
-0.0526194
-0.0445285
-0.043732
-0.0347931
-0.0425991
-0.0523368
-0.0957368
-0.116812
-0.212147
-0.131901
0.0684144
0.147598
0.0418598
-0.0201616
0

0
-0.031356
-0.0349345
-0.0456001
-0.0707401
-0.0809114
-0.0820316
-0.0623049
-0.0580175
-0.0485847
-0.03944
-0.0441648
-0.0395147
-0.121705
-0.142336
-0.231043
-0.15329
0.0986581
0.165078
0.0475218
-0.0233728
0

0
-0.0359633
-0.0416665
-0.0566347
-0.0923277
-0.196422
-0.114204
-0.0721422
-0.075269
-0.0529698
-0.0436132
-0.0463584
-0.041402
-0.136738
-0.167528
-0.235083
-0.195256
0.124962
0.189846
0.0523015
-0.0266661
0

0
-0.0404508
-0.0476083
-0.0658439
-0.111741
-0.359726
-0.151341
-0.0809217
-0.0680256
-0.0546857
-0.0472633
-0.0493188
-0.0495399
-0.147901
-0.194119
-0.263559
-0.257438
0.145659
0.224038
0.0561173
-0.0300501
0

0
-0.0447783
-0.0526485
-0.0734132
-0.124758
-0.48415
-0.17916
-0.0876393
-0.06414
-0.0560321
-0.0505265
-0.0528334
-0.0599106
-0.158974
-0.216331
-0.32936
-0.342768
0.179559
0.269398
0.051846
-0.0336177
0

0
-0.0489291
-0.0565636
-0.0794392
-0.125205
-0.114531
-0.127409
-0.0881328
-0.0628413
-0.0574154
-0.0534337
-0.0566271
-0.0702756
-0.170289
-0.251001
-0.435629
-0.460743
0.470187
0.346538
0.0454673
-0.0372216
0

0
-0.0529205
-0.059235
-0.08443
-0.117997
-0.0689751
-0.104757
-0.087385
-0.0609713
-0.0588066
-0.0559808
-0.0604326
-0.0793932
-0.17493
-0.303654
-0.595343
-0.599655
0.551398
0.401668
0.0333854
-0.0408801
0

0
-0.0567951
-0.0624575
-0.0880301
-0.111582
-0.0518284
-0.092884
-0.0869007
-0.0578057
-0.0603641
-0.0584855
-0.0637646
-0.0866144
-0.186895
-0.379302
-0.74007
-0.74754
0.630728
0.45119
0.0159061
-0.0445182
0

0
-0.0603812
-0.0788469
-0.0842505
-0.107346
-0.0470216
-0.0876022
-0.0874958
-0.0666117
-0.0632201
-0.0609638
-0.0664811
-0.0914552
-0.195144
-0.451636
-0.56121
-0.848152
0.700276
0.488299
-0.00502926
-0.0480615
0

0
-0.0637975
-0.0816773
-0.0871018
-0.107004
-0.0488138
-0.0870851
-0.0891966
-0.0727604
-0.0660288
-0.0632753
-0.0685481
-0.0935778
-0.194974
-0.374153
-0.519865
-0.907259
0.707283
0.497639
-0.0226015
-0.0514034
0

0
-0.0642834
-0.0817456
-0.0871365
-0.107033
-0.0486548
-0.0872492
-0.0891801
-0.0726533
-0.0659798
-0.0632527
-0.0685806
-0.0937726
-0.195615
-0.376499
-0.52189
-0.936891
0.720961
0.49107
-0.0230496
-0.0514703
0

0
0
0
0
0
0
0
0
0
0
0
0
0
0
0
0
0
0
0
0
0
0


0
0
0
0
0
0
0
0
0
0
0
0
0
0
0
0
0
0
0
0
0
0

0
-0.00918118
-0.00979629
-0.00965139
0.000460462
0.0568073
-0.0267184
-0.015024
-0.0113909
-0.0124754
-0.0109216
-0.0133963
0.012985
-0.0157634
-0.0258739
-0.0314807
-0.110203
-0.00895398
0.010847
0.00204228
-0.0082419
0

0
-0.0132032
-0.00940318
-0.013536
-0.00284135
0.0281689
-0.0288125
-0.0256163
-0.0196915
-0.0208777
-0.0168951
-0.0216861
-0.0119647
-0.032395
-0.0465395
-0.0537699
-0.186881
-0.0109644
0.0287238
0.00948719
-0.0112266
0

0
-0.0174156
-0.0141242
-0.0179434
-0.0140489
0.0390119
-0.0297488
-0.0335992
-0.0284278
-0.0284182
-0.0230024
-0.029698
-0.0462855
-0.050684
-0.0672641
-0.0728956
-0.15883
0.0027532
0.0509747
0.017141
-0.0142568
0

0
-0.021811
-0.0207276
-0.0235317
-0.0282054
0.0196645
-0.039114
-0.0411732
-0.0354326
-0.0346154
-0.0287277
-0.0360467
-0.0721019
-0.0657047
-0.0880884
-0.102018
-0.131292
0.0239535
0.0779328
0.0248135
-0.0173226
0

0
-0.0263109
-0.027638
-0.0330432
-0.0448562
-0.0224044
-0.0549327
-0.0492842
-0.0431111
-0.0399922
-0.0338666
-0.0400918
-0.0547624
-0.0852434
-0.110142
-0.157367
-0.131972
0.0466038
0.106529
0.0318101
-0.0204447
0

0
-0.0308318
-0.0342997
-0.0432276
-0.0627878
-0.0796344
-0.0751154
-0.0578329
-0.0521226
-0.0447941
-0.0385013
-0.0431762
-0.0493026
-0.104328
-0.133188
-0.193012
-0.150366
0.0694629
0.12872
0.0370738
-0.0236497
0

0
-0.0353048
-0.0405054
-0.0526784
-0.0805478
-0.14948
-0.0977893
-0.0661879
-0.0604217
-0.048877
-0.0426903
-0.0462867
-0.05137
-0.119605
-0.156663
-0.218457
-0.184341
0.0932826
0.152559
0.0409906
-0.0269317
0

0
-0.0396777
-0.0461542
-0.060972
-0.0960519
-0.226081
-0.119521
-0.0734645
-0.0616128
-0.0517361
-0.0464569
-0.0496933
-0.0573874
-0.132163
-0.181094
-0.25331
-0.234195
0.123181
0.181483
0.0431624
-0.0302951
0

0
-0.0439157
-0.0511816
-0.0679499
-0.106109
-0.277185
-0.132071
-0.078828
-0.061489
-0.054
-0.0498668
-0.053345
-0.0650888
-0.143477
-0.206394
-0.306922
-0.301654
0.176429
0.217606
0.04187
-0.0337535
0

0
-0.0480028
-0.0555948
-0.0735775
-0.107737
-0.136993
-0.114869
-0.081014
-0.0615853
-0.056047
-0.0529667
-0.0570738
-0.0730095
-0.153835
-0.237412
-0.380749
-0.389531
0.282064
0.260676
0.0378418
-0.0372596
0

0
-0.0519444
-0.0596721
-0.078
-0.10501
-0.089084
-0.10052
-0.0818379
-0.0617355
-0.0580493
-0.0558021
-0.0606719
-0.0801891
-0.162077
-0.275702
-0.470558
-0.495298
0.3363
0.296983
0.0304531
-0.0407845
0

0
-0.0557522
-0.0644639
-0.0810857
-0.102
-0.0704821
-0.0919854
-0.082556
-0.0624916
-0.0601967
-0.0584796
-0.0638949
-0.08603
-0.170651
-0.317968
-0.542998
-0.60958
0.368858
0.325067
0.0200736
-0.0442803
0

0
-0.0593848
-0.0718796
-0.0821223
-0.100347
-0.0642048
-0.0881752
-0.0838363
-0.0665714
-0.0627773
-0.0610291
-0.066603
-0.0900728
-0.176363
-0.348256
-0.496778
-0.701378
0.375814
0.340405
0.0083699
-0.0476909
0

0
-0.0627692
-0.0761026
-0.0843802
-0.100977
-0.0644348
-0.0881912
-0.0858454
-0.0705968
-0.0654245
-0.0634077
-0.0687278
-0.0920317
-0.176785
-0.330606
-0.471328
-0.749315
0.358391
0.339029
-0.00102479
-0.0509454
0

0
-0.0632427
-0.0761471
-0.0844293
-0.101019
-0.064342
-0.0882972
-0.085814
-0.0705069
-0.0653848
-0.0633897
-0.0687616
-0.0922125
-0.177364
-0.332185
-0.474236
-0.766801
0.369708
0.335721
-0.00165019
-0.051084
0

0
0
0
0
0
0
0
0
0
0
0
0
0
0
0
0
0
0
0
0
0
0


0
0
0
0
0
1
0
0
0
0
0
0
0
0
0
0
0
0
0
0
0
0

0
-0.00915271
-0.00909673
-0.00951592
0.00609055
0.803161
-0.0113667
-0.0148177
-0.0119639
-0.0120846
-0.0109745
-0.0126178
-0.00539864
-0.0175053
-0.0241066
-0.0289153
-0.0643311
-0.00702774
0.00810351
0.000430602
-0.00830432
0

0
-0.0131749
-0.0120808
-0.0139261
-0.00152804
0.441053
-0.015482
-0.0229347
-0.0191193
-0.019072
-0.0167427
-0.02006
-0.0191456
-0.031779
-0.0429975
-0.0513044
-0.107806
-0.00615332
0.0226019
0.00618513
-0.0113493
0

0
-0.0173275
-0.0164927
-0.0190527
-0.0129975
0.188693
-0.0242515
-0.0305233
-0.0264442
-0.0256927
-0.0224679
-0.0271978
-0.0374352
-0.0470392
-0.0620812
-0.0734924
-0.116476
0.00149744
0.0393343
0.0119588
-0.0144373
0

0
-0.0216025
-0.0219684
-0.0252214
-0.0260155
0.0602444
-0.0361572
-0.0379729
-0.0333383
-0.0316305
-0.0279135
-0.0333185
-0.0513927
-0.0619104
-0.0815273
-0.100144
-0.115288
0.0142865
0.0583071
0.0175945
-0.0175554
0

0
-0.0259561
-0.0278785
-0.0329328
-0.040464
-0.0102013
-0.0503777
-0.0455387
-0.0402287
-0.0369422
-0.0329494
-0.0381018
-0.0515471
-0.0774077
-0.101699
-0.134237
-0.122127
0.0294955
0.0780967
0.0226886
-0.0207172
0

0
-0.030329
-0.0338033
-0.041229
-0.0554771
-0.0623295
-0.0663383
-0.0531386
-0.0471114
-0.0416852
-0.0375694
-0.0421113
-0.0521729
-0.0926598
-0.122512
-0.165774
-0.139502
0.0461513
0.0969088
0.0267845
-0.0239351
0

0
-0.0346657
-0.0395047
-0.0492809
-0.0699084
-0.109201
-0.0826758
-0.060372
-0.052992
-0.0457976
-0.0417993
-0.045886
-0.0555466
-0.106404
-0.14385
-0.195056
-0.167797
0.0650718
0.116658
0.0297503
-0.0272118
0

0
-0.0389221
-0.044853
-0.0566125
-0.0822441
-0.150293
-0.0968481
-0.066675
-0.0562559
-0.0491763
-0.0456667
-0.0496608
-0.0609454
-0.118557
-0.165979
-0.228838
-0.207681
0.0893042
0.138865
0.0312772
-0.0305482
0

0
-0.0430671
-0.049794
-0.0629706
-0.0906007
-0.171193
-0.104589
-0.0715253
-0.0581901
-0.05204
-0.0492123
-0.0534555
-0.0673314
-0.129486
-0.18925
-0.271635
-0.260166
0.123803
0.163898
0.0308029
-0.0339405
0

0
-0.0470849
-0.0543633
-0.0682624
-0.0937619
-0.127583
-0.100268
-0.0745489
-0.0597117
-0.0546201
-0.0524751
-0.0571804
-0.0738318
-0.139289
-0.214856
-0.323512
-0.326089
0.166877
0.189733
0.0282749
-0.0373649
0

0
-0.0509721
-0.0587465
-0.0725471
-0.0938801
-0.0956356
-0.0933617
-0.0764715
-0.0612073
-0.0570836
-0.0554941
-0.0607005
-0.0797814
-0.147665
-0.242388
-0.379219
-0.40383
0.192918
0.211507
0.0236105
-0.0407929
0

0
-0.0547256
-0.0633134
-0.0758886
-0.0933032
-0.0798084
-0.0884495
-0.0781072
-0.0631353
-0.0595713
-0.0583162
-0.0638703
-0.0847
-0.154741
-0.268389
-0.421832
-0.486392
0.20229
0.226515
0.0171836
-0.044189
0

0
-0.0583219
-0.0682576
-0.0783984
-0.0933988
-0.0737291
-0.0863918
-0.0799772
-0.066121
-0.062185
-0.0609637
-0.0665849
-0.0882224
-0.159224
-0.284841
-0.417991
-0.555397
0.196286
0.232561
0.0100662
-0.0475142
0

0
-0.0617018
-0.0721106
-0.0809902
-0.094861
-0.0736262
-0.0871132
-0.0822892
-0.0693018
-0.064819
-0.063424
-0.0687804
-0.0901231
-0.159985
-0.281929
-0.406372
-0.589013
0.183326
0.228965
0.00405129
-0.0507215
0

0
-0.0621643
-0.0721454
-0.0810395
-0.094911
-0.0735881
-0.0871787
-0.0822521
-0.0692278
-0.0647844
-0.06341
-0.0688149
-0.0902888
-0.160489
-0.283144
-0.409072
-0.598609
0.191398
0.227424
0.00344273
-0.0508862
0

0
0
0
0
0
0
0
0
0
0
0
0
0
0
0
0
0
0
0
0
0
0


0
0
0
0
0
0
0
0
0
0
0
0
0
0
0
0
0
0
0
0
0
0

0
-0.00912568
-0.00923443
-0.0096579
0.00161644
-0.0210271
-0.0291074
-0.0142924
-0.0117433
-0.0115389
-0.0108567
-0.0121039
-0.0110798
-0.0174145
-0.022317
-0.0263555
-0.0417185
-0.00635161
0.00495601
-0.00121816
-0.00836876
0

0
-0.0131236
-0.0131481
-0.0142753
-0.00414755
0.0352814
-0.0271789
-0.0213257
-0.0182533
-0.0177644
-0.0164239
-0.0189263
-0.021133
-0.0302646
-0.039415
-0.0470898
-0.070705
-0.00562225
0.0158304
0.00284905
-0.0114757
0

0
-0.017212
-0.0176012
-0.0195023
-0.0138292
0.04582
-0.0282708
-0.0281043
-0.0247811
-0.023764
-0.0218982
-0.025485
-0.0329551
-0.0436124
-0.0567092
-0.0681417
-0.0866442
-0.00150116
0.0278634
0.00685049
-0.0146217
0

0
-0.0213793
-0.0225945
-0.0254594
-0.0249494
0.0194147
-0.0354037
-0.0349261
-0.0311222
-0.0293541
-0.0271457
-0.0314069
-0.0428043
-0.0569579
-0.0743129
-0.0911566
-0.096165
0.00580058
0.0410819
0.0106842
-0.0177903
0

0
-0.0255998
-0.0278987
-0.0321716
-0.0369689
-0.016379
-0.0460134
-0.0417938
-0.0372797
-0.0344892
-0.0320821
-0.036525
-0.0478747
-0.0702671
-0.0923627
-0.116953
-0.107466
0.0152079
0.0549488
0.014114
-0.0209901
0

0
-0.0298333
-0.0332748
-0.0392386
-0.0492309
-0.0510221
-0.0581444
-0.0485615
-0.0431164
-0.0391557
-0.0366811
-0.0410545
-0.0518461
-0.0832425
-0.110842
-0.143311
-0.124254
0.0261419
0.0689821
0.0168842
-0.0242279
0

0
-0.0340382
-0.0385442
-0.0461939
-0.0608667
-0.0820611
-0.0702055
-0.0549443
-0.0481931
-0.0433234
-0.0409475
-0.0452685
-0.0564332
-0.0954041
-0.129722
-0.1701
-0.14806
0.038847
0.083609
0.0188137
-0.027506
0

0
-0.0381784
-0.0435936
-0.0526802
-0.0708375
-0.106771
-0.0803847
-0.0605882
-0.0520423
-0.0469801
-0.0448979
-0.0493237
-0.0617939
-0.106552
-0.149085
-0.199506
-0.179787
0.0542038
0.0992057
0.0196868
-0.0308233
0

0
-0.0422276
-0.0483702
-0.0584717
-0.0780885
-0.118485
-0.0865278
-0.065194
-0.054984
-0.0502233
-0.0485574
-0.0532544
-0.0675539
-0.116678
-0.16902
-0.233194
-0.220054
0.0725496
0.115451
0.0192497
-0.0341728
0

0
-0.0461701
-0.0528848
-0.0634721
-0.0821445
-0.106563
-0.0870441
-0.0686498
-0.0574561
-0.0531865
-0.0519526
-0.0570158
-0.0732418
-0.125719
-0.189543
-0.270546
-0.268894
0.0905402
0.130862
0.0173973
-0.0375385
0

0
-0.0499962
-0.0572141
-0.0677094
-0.0840476
-0.0911307
-0.0849805
-0.0712947
-0.059787
-0.0559892
-0.05511
-0.0605245
-0.0784287
-0.133454
-0.209745
-0.307693
-0.324618
0.100539
0.143202
0.0141479
-0.0408985
0

0
-0.0536984
-0.06146
-0.0712801
-0.0851749
-0.0812342
-0.0831596
-0.0736107
-0.0622653
-0.0587271
-0.0580549
-0.0636893
-0.0827663
-0.139599
-0.22717
-0.33593
-0.381922
0.101071
0.150777
0.00978113
-0.0442271
0

0
-0.05726
-0.0655791
-0.0743534
-0.0865249
-0.0770998
-0.0828056
-0.0759703
-0.0650905
-0.0614557
-0.0608025
-0.0664369
-0.085986
-0.143478
-0.237815
-0.343239
-0.429211
0.0942417
0.152626
0.00491434
-0.047498
0

0
-0.0606439
-0.0691236
-0.077253
-0.0886441
-0.0774654
-0.0842638
-0.0785596
-0.0680324
-0.0641466
-0.0633486
-0.0687175
-0.0879201
-0.144533
-0.238398
-0.339455
-0.450602
0.0859572
0.148755
0.000410294
-0.0506789
0

0
-0.0610967
-0.0691515
-0.0772967
-0.0886949
-0.077463
-0.0843027
-0.0785231
-0.0679726
-0.0641162
-0.0633382
-0.0687521
-0.0880696
-0.144962
-0.239365
-0.341605
-0.455673
0.0913484
0.148155
-9.37349e-05
-0.0508425
0

0
0
0
0
0
0
0
0
0
0
0
0
0
0
0
0
0
0
0
0
0
0


0
0
0
0
0
0
0
0
0
0
0
0
0
0
0
0
0
0
0
0
0
0

0
-0.00908989
-0.00939999
-0.009727
-0.00527714
-0.00215248
-0.0164515
-0.0125883
-0.0112862
-0.0110441
-0.0106861
-0.0117019
-0.0125512
-0.0166575
-0.0204845
-0.0236497
-0.0296904
-0.0066441
0.00174603
-0.00284701
-0.00843454
0

0
-0.0130445
-0.0135946
-0.0144067
-0.00921477
0.0108681
-0.0218683
-0.019291
-0.0172747
-0.016744
-0.0160605
-0.0180802
-0.0211308
-0.028286
-0.0357332
-0.0419525
-0.0506928
-0.00693327
0.00913237
-0.00041971
-0.0116044
0

0
-0.0170638
-0.0180471
-0.0195091
-0.0160992
0.0108409
-0.0265897
-0.0256812
-0.0232176
-0.0222863
-0.0213391
-0.0242492
-0.0302643
-0.0401218
-0.0511254
-0.0605617
-0.0664131
-0.00542682
0.0171168
0.00191411
-0.0148087
0

0
-0.0211314
-0.0227735
-0.0250741
-0.0247217
-0.00254307
-0.0331878
-0.0319609
-0.0290104
-0.0275538
-0.0264312
-0.0300041
-0.0384777
-0.05194
-0.0667157
-0.0801021
-0.0788597
-0.00203715
0.025757
0.00409514
-0.0180277
0

0
-0.0252313
-0.0276851
-0.0310487
-0.0342706
-0.0227615
-0.0415966
-0.0381749
-0.0345895
-0.0324908
-0.0312783
-0.0352476
-0.0448277
-0.0635959
-0.0825557
-0.100932
-0.0915952
0.00281694
0.0348531
0.00597952
-0.0212665
0

0
-0.0293364
-0.0326542
-0.0372181
-0.0440509
-0.0445293
-0.0509145
-0.0442304
-0.0398367
-0.0370663
-0.0358514
-0.04005
-0.050264
-0.0749112
-0.0986341
-0.12263
-0.107144
0.00877513
0.0442193
0.00740898
-0.0245285
0

0
-0.0334165
-0.0375645
-0.0433102
-0.053365
-0.0646912
-0.0600659
-0.0499443
-0.0445527
-0.0412597
-0.0401433
-0.0445358
-0.0555879
-0.0856544
-0.114914
-0.145201
-0.126944
0.0157263
0.053871
0.00824222
-0.0278147
0

0
-0.0374441
-0.0423309
-0.0490856
-0.0615084
-0.080613
-0.0678972
-0.0551027
-0.0485794
-0.0450737
-0.0441593
-0.0487911
-0.061032
-0.0956566
-0.13136
-0.169312
-0.151805
0.0236139
0.0637517
0.00833468
-0.0311226
0

0
-0.0413978
-0.0469057
-0.054377
-0.0678826
-0.0891065
-0.0733117
-0.0595399
-0.0520108
-0.0485581
-0.0479117
-0.0528401
-0.0664852
-0.104807
-0.147865
-0.195362
-0.182084
0.0318037
0.0734412
0.00755057
-0.0344456
0

0
-0.0452618
-0.0512781
-0.0591058
-0.0722891
-0.0876368
-0.0758095
-0.0632227
-0.0550508
-0.0517884
-0.0514156
-0.0566579
-0.0717048
-0.11297
-0.164112
-0.222569
-0.217487
0.0383187
0.0820294
0.00582187
-0.0377721
0

0
-0.0490263
-0.055466
-0.0632819
-0.075234
-0.0820881
-0.0765231
-0.0663276
-0.0579018
-0.0548406
-0.0546864
-0.060193
-0.0764274
-0.119934
-0.179247
-0.248387
-0.256433
0.0405646
0.0883921
0.00318013
-0.0410862
0

0
-0.0526828
-0.0594835
-0.0669782
-0.0774999
-0.0776432
-0.0769369
-0.069132
-0.0607349
-0.0577767
-0.0577383
-0.0633868
-0.0804175
-0.125404
-0.191684
-0.268243
-0.295029
0.0380165
0.0916524
-0.00019383
-0.0443703
0

0
-0.0562206
-0.0632776
-0.0703127
-0.0797478
-0.0759912
-0.0780005
-0.0718813
-0.0636474
-0.0606343
-0.0605814
-0.0661906
-0.0834894
-0.128976
-0.199337
-0.277111
-0.325881
0.032334
0.091411
-0.00396278
-0.0476072
0

0
-0.059616
-0.0666786
-0.0734227
-0.0823746
-0.0772056
-0.0801274
-0.0747139
-0.0665833
-0.0634074
-0.0632126
-0.0685677
-0.0855242
-0.130343
-0.20079
-0.276919
-0.338912
0.0268919
0.0877695
-0.00770934
-0.0507734
0

0
-0.0600598
-0.0667004
-0.0734581
-0.0824207
-0.0772209
-0.0801499
-0.0746821
-0.066536
-0.0633815
-0.0632057
-0.0686018
-0.0856567
-0.130703
-0.201554
-0.278501
-0.341517
0.0303624
0.0876634
-0.00808023
-0.0509179
0

0
0
0
0
0
0
0
0
0
0
0
0
0
0
0
0
0
0
0
0
0
0


0
0
0
0
0
0
0
0
0
0
0
0
0
0
0
0
0
0
0
0
0
0

0
-0.00904387
-0.00948031
-0.0097487
-0.00790828
-0.00324165
-0.0125978
-0.0115317
-0.0108092
-0.0106232
-0.0105071
-0.0113706
-0.0126693
-0.0156625
-0.0186273
-0.020872
-0.0225421
-0.00745983
-0.00136378
-0.00442782
-0.00850144
0

0
-0.012943
-0.013743
-0.0143642
-0.0119736
-0.00180942
-0.0185887
-0.0175627
-0.0163056
-0.0159107
-0.0157013
-0.0174133
-0.0204411
-0.0261194
-0.0319933
-0.0364623
-0.0382991
-0.00903838
0.00276195
-0.00357564
-0.0117349
0

0
-0.0168887
-0.0181395
-0.0192412
-0.0176387
-0.00518221
-0.0241612
-0.0234108
-0.0217464
-0.0210885
-0.0208133
-0.0233007
-0.0283175
-0.0366295
-0.0454353
-0.0522543
-0.0518808
-0.00969993
0.00716763
-0.00281802
-0.0149977
0

0
-0.0208615
-0.0226692
-0.0243842
-0.0244728
-0.0139902
-0.0303003
-0.0291271
-0.0270563
-0.0260738
-0.0257746
-0.0289111
-0.0357211
-0.0470668
-0.0589624
-0.0684947
-0.0639632
-0.00933115
0.0119098
-0.00218368
-0.0182676
0

0
-0.0248504
-0.0272937
-0.0297432
-0.0319798
-0.0263955
-0.037199
-0.0347303
-0.0321769
-0.0308202
-0.0305415
-0.0341799
-0.0422904
-0.0573128
-0.0725806
-0.0853662
-0.0760852
-0.00810561
0.0169032
-0.0017615
-0.0215468
0

0
-0.028837
-0.0319451
-0.0351943
-0.0396687
-0.0400852
-0.0444992
-0.0401656
-0.0370297
-0.0352973
-0.035086
-0.0391167
-0.0482522
-0.0672399
-0.0862612
-0.102835
-0.0896453
-0.00625153
0.0220436
-0.00164832
-0.0248366
0

0
-0.0328005
-0.0365529
-0.0405796
-0.0470629
-0.0530895
-0.0516135
-0.0453262
-0.0415195
-0.0394875
-0.0393943
-0.0437653
-0.053913
-0.0767047
-0.0999465
-0.120926
-0.105598
-0.00396494
0.0272509
-0.00193729
-0.0281365
0

0
-0.0367209
-0.041059
-0.0457509
-0.05372
-0.0637112
-0.0578972
-0.0500922
-0.0455843
-0.0433911
-0.0434621
-0.0481603
-0.0594016
-0.0855721
-0.113542
-0.139792
-0.124491
-0.00150893
0.032381
-0.00271513
-0.0314434
0

0
-0.040581
-0.0454248
-0.0505983
-0.0593059
-0.0704255
-0.062805
-0.0543767
-0.049256
-0.0470321
-0.0472912
-0.0523084
-0.0646794
-0.0937171
-0.126873
-0.159377
-0.146489
0.000572992
0.0371198
-0.00405465
-0.0347519
0

0
-0.0443683
-0.049631
-0.0550656
-0.0637265
-0.0725723
-0.0661578
-0.0581706
-0.0526292
-0.0504506
-0.0508868
-0.0561908
-0.0696176
-0.100996
-0.13959
-0.179006
-0.171221
0.00134553
0.0409704
-0.00598791
-0.0380536
0

0
-0.0480741
-0.0536711
-0.0591519
-0.0672247
-0.0721226
-0.0684223
-0.0615673
-0.0558134
-0.0536898
-0.0542551
-0.0597732
-0.0740582
-0.107224
-0.151054
-0.197106
-0.197443
-5.88319e-05
0.0433896
-0.00848455
-0.0413379
0

0
-0.0516914
-0.0575341
-0.0628985
-0.0702181
-0.0714999
-0.0703332
-0.0647198
-0.0589048
-0.0567873
-0.0574028
-0.0630179
-0.0778516
-0.112173
-0.160291
-0.211247
-0.222518
-0.00361115
0.0439792
-0.0114362
-0.0445933
0

0
-0.0552145
-0.0611822
-0.066372
-0.0730993
-0.0720381
-0.0724764
-0.0677751
-0.0619606
-0.0597675
-0.0603357
-0.0658937
-0.0808773
-0.115591
-0.16618
-0.21902
-0.241945
-0.0082104
0.042597
-0.0146647
-0.0478091
0

0
-0.0586274
-0.0645344
-0.0696307
-0.0761186
-0.0741484
-0.075164
-0.0708186
-0.06497
-0.0626288
-0.0630492
-0.0683746
-0.0830566
-0.117299
-0.167992
-0.220374
-0.249892
-0.0120457
0.0393317
-0.0179676
-0.0509673
0

0
-0.0590628
-0.0645504
-0.0696564
-0.076156
-0.0741686
-0.0751776
-0.070794
-0.0649341
-0.0626077
-0.0630456
-0.0684075
-0.0831713
-0.117592
-0.168581
-0.221468
-0.251181
-0.00990794
0.0394746
-0.0182002
-0.0510808
0

0
0
0
0
0
0
0
0
0
0
0
0
0
0
0
0
0
0
0
0
0
0


0
0
0
0
0
0
0
0
0
0
0
0
0
0
0
0
0
0
0
0
0
0

0
-0.00899119
-0.00949329
-0.00970524
-0.0091142
-0.00685775
-0.0110701
-0.0107161
-0.0103467
-0.0102617
-0.0103366
-0.0110895
-0.0123739
-0.0146012
-0.0167789
-0.0181073
-0.0176497
-0.00850077
-0.0043219
-0.00595066
-0.00856985
0

0
-0.0128271
-0.013738
-0.0141945
-0.0134446
-0.00942995
-0.0165407
-0.0160588
-0.0153809
-0.0152016
-0.015364
-0.0168605
-0.019556
-0.0239185
-0.0282665
-0.0309297
-0.0294453
-0.0114277
-0.00323673
-0.00660507
-0.0118669
0

0
-0.0166967
-0.0180455
-0.0188115
-0.0184501
-0.0138349
-0.0218621
-0.0213071
-0.0203688
-0.0200706
-0.0203287
-0.0225266
-0.0267049
-0.0332094
-0.0397635
-0.0438412
-0.0404551
-0.0139884
-0.00207351
-0.00734407
-0.0151883
0

0
-0.020578
-0.0224027
-0.0235424
-0.0239933
-0.02022
-0.0273004
-0.0264434
-0.0252512
-0.0248074
-0.0251755
-0.0280094
-0.0335928
-0.0423872
-0.0512428
-0.0569136
-0.0508878
-0.0161103
-0.000797846
-0.00817441
-0.0185095
0

0
-0.024463
-0.0267912
-0.028357
-0.0298559
-0.0280373
-0.032949
-0.0314636
-0.0299876
-0.0293773
-0.0298704
-0.0332615
-0.0400671
-0.0513665
-0.0626785
-0.0702156
-0.0613381
-0.0178701
0.00054355
-0.00914642
-0.0218306
0

0
-0.0283396
-0.0311771
-0.0331923
-0.0357931
-0.0364292
-0.0386829
-0.0363369
-0.0345326
-0.033755
-0.034387
-0.0382641
-0.0461504
-0.0600544
-0.0740223
-0.0837487
-0.0724237
-0.0193899
0.00188912
-0.0103129
-0.0251509
0

0
-0.0321942
-0.0355217
-0.0379688
-0.0415625
-0.0445259
-0.0442538
-0.0410119
-0.0388411
-0.037924
-0.0387068
-0.0430155
-0.0519177
-0.0683478
-0.0851989
-0.0975004
-0.0846081
-0.0208062
0.00317173
-0.0117207
-0.0284685
0

0
-0.036013
-0.0397897
-0.0426092
-0.0469455
-0.0515408
-0.0493803
-0.0454338
-0.0428868
-0.0418794
-0.0428181
-0.0475137
-0.0573968
-0.0761383
-0.0960998
-0.111445
-0.0981488
-0.0222891
0.00429372
-0.01341
-0.0317805
0

0
-0.0397842
-0.0439537
-0.0470537
-0.0517849
-0.0568438
-0.0538349
-0.0495647
-0.0466792
-0.0456281
-0.0467139
-0.051748
-0.0625522
-0.0833149
-0.106556
-0.125421
-0.113066
-0.0240891
0.00510317
-0.0154091
-0.0350827
0

0
-0.0434987
-0.047995
-0.0512679
-0.0560369
-0.0602454
-0.0575549
-0.0534031
-0.0502564
-0.0491858
-0.0503903
-0.0556982
-0.0673077
-0.089756
-0.1163
-0.138968
-0.129058
-0.026517
0.00539956
-0.017721
-0.0383695
0

0
-0.0471501
-0.0518995
-0.0552451
-0.0598003
-0.0624021
-0.0607208
-0.0569921
-0.053668
-0.052572
-0.053846
-0.0593395
-0.0715721
-0.0953203
-0.124924
-0.151226
-0.145332
-0.0297523
0.00499068
-0.0203164
-0.0416345
0

0
-0.0507342
-0.0556514
-0.0589999
-0.0632592
-0.0642695
-0.0636432
-0.0604027
-0.0569599
-0.0558049
-0.0570818
-0.0626477
-0.0752589
-0.0998528
-0.131889
-0.16099
-0.160388
-0.0335913
0.00375959
-0.0231321
-0.0448712
0

0
-0.0542495
-0.0592256
-0.0625589
-0.0665979
-0.0665186
-0.0666015
-0.0637057
-0.0601616
-0.0588978
-0.0600995
-0.0656047
-0.0782997
-0.103204
-0.136625
-0.167098
-0.171856
-0.0373992
0.00169618
-0.0260803
-0.0480741
0

0
-0.0576843
-0.0625743
-0.0659359
-0.0699328
-0.0694323
-0.0697547
-0.066937
-0.0632688
-0.0618462
-0.0628921
-0.0681919
-0.0806471
-0.105268
-0.138757
-0.169186
-0.176808
-0.040293
-0.00112828
-0.0290674
-0.0512289
0

0
-0.0581117
-0.0625845
-0.0659514
-0.0699592
-0.0694499
-0.0697641
-0.0669209
-0.0632434
-0.06183
-0.0628917
-0.0682233
-0.0807433
-0.105498
-0.13919
-0.169882
-0.177392
-0.0390984
-0.000868513
-0.0291636
-0.0513031
0

0
0
0
0
0
0
0
0
0
0
0
0
0
0
0
0
0
0
0
0
0
0


0
0
0
0
0
0
0
0
0
0
0
0
0
0
0
0
0
0
0
0
0
0

0
-0.00893528
-0.00947072
-0.00962683
-0.00983774
-0.0102673
-0.0102039
-0.0100136
-0.00991211
-0.00994225
-0.0101773
-0.0108372
-0.0119665
-0.0135462
-0.0149771
-0.0154337
-0.0137694
-0.00957584
-0.00705725
-0.00738422
-0.00864
0

0
-0.0127045
-0.0136624
-0.0139627
-0.0143678
-0.0151333
-0.0150388
-0.0146989
-0.0145109
-0.014573
-0.0150514
-0.0163738
-0.0186421
-0.0217645
-0.024627
-0.0255359
-0.0221731
-0.0137967
-0.00878432
-0.00945886
-0.0119974
0

0
-0.0164979
-0.017867
-0.0183119
-0.0188952
-0.0198346
-0.0197885
-0.019344
-0.0190787
-0.0191669
-0.0198834
-0.0218523
-0.0252504
-0.0299067
-0.0342197
-0.035608
-0.0305506
-0.0180623
-0.0105941
-0.0116119
-0.0153762
0

0
-0.0202911
-0.0220619
-0.0226473
-0.0233879
-0.0243844
-0.0244095
-0.0239023
-0.0235696
-0.0236786
-0.0246287
-0.0272233
-0.0317328
-0.0379078
-0.0436968
-0.0456071
-0.0388866
-0.0223467
-0.0124656
-0.0138254
-0.0187485
0

0
-0.024078
-0.0262396
-0.0269591
-0.027833
-0.0288168
-0.0289006
-0.0283572
-0.0279614
-0.0280846
-0.02926
-0.0324497
-0.0380374
-0.0457102
-0.0530071
-0.055505
-0.0472203
-0.0266712
-0.0144233
-0.0161192
-0.0221118
0

0
-0.0278518
-0.0303886
-0.0312333
-0.032215
-0.0331435
-0.0332647
-0.0326977
-0.0322351
-0.0323652
-0.0337526
-0.0374961
-0.0441111
-0.0532478
-0.0620848
-0.0652584
-0.0555955
-0.0310636
-0.0164899
-0.0185065
-0.0254636
0

0
-0.0316043
-0.0344946
-0.0354539
-0.0365179
-0.0373561
-0.0375032
-0.0369165
-0.0363769
-0.0365054
-0.0380844
-0.0423294
-0.0499006
-0.0604458
-0.0708458
-0.0748001
-0.0640288
-0.0355403
-0.0186845
-0.0209948
-0.028801
0

0
-0.0353277
-0.038542
-0.0396044
-0.0407254
-0.0414392
-0.0416171
-0.0410104
-0.0403786
-0.0404947
-0.042237
-0.0469187
-0.0553525
-0.0672217
-0.0791844
-0.0840228
-0.0724838
-0.0400981
-0.0210124
-0.0235841
-0.0321212
0

0
-0.0390153
-0.0425154
-0.0436699
-0.0448272
-0.0453848
-0.0456084
-0.0449789
-0.0442377
-0.0443262
-0.0461952
-0.0512363
-0.0604152
-0.0734868
-0.0869694
-0.092775
-0.0808484
-0.0446875
-0.0234645
-0.026266
-0.0354212
0

0
-0.0426616
-0.0463999
-0.0476375
-0.0488201
-0.049205
-0.049485
-0.0488252
-0.0479575
-0.0479973
-0.0499474
-0.0552583
-0.06504
-0.079148
-0.0940422
-0.100843
-0.0889194
-0.0492131
-0.0260116
-0.0290177
-0.038698
0

0
-0.0462631
-0.0501807
-0.0514976
-0.052709
-0.0529368
-0.0532629
-0.0525557
-0.0515442
-0.0515083
-0.0534855
-0.0589654
-0.0691837
-0.0841131
-0.100223
-0.107958
-0.096381
-0.0535106
-0.0286042
-0.0318095
-0.0419491
0

0
-0.0498188
-0.0538431
-0.055243
-0.0565042
-0.0566232
-0.0569617
-0.0561778
-0.0550049
-0.0548612
-0.0568047
-0.0623436
-0.0728107
-0.088297
-0.105327
-0.113822
-0.102802
-0.0573608
-0.0311786
-0.0346081
-0.0451724
0

0
-0.053331
-0.0573719
-0.0588682
-0.0602156
-0.0602936
-0.0605994
-0.0596985
-0.0583454
-0.0580588
-0.0599036
-0.0653851
-0.0758967
-0.0916304
-0.109187
-0.118154
-0.107668
-0.0605268
-0.0336712
-0.0373839
-0.0483672
0

0
-0.0567927
-0.0607375
-0.062355
-0.0638351
-0.0639455
-0.0641726
-0.0631085
-0.0615571
-0.061093
-0.0627735
-0.0680791
-0.0784218
-0.0940647
-0.111691
-0.120784
-0.11049
-0.0628086
-0.0360335
-0.0401096
-0.0515236
0

0
-0.0572126
-0.0607426
-0.0623608
-0.0638504
-0.063958
-0.0641815
-0.0631026
-0.0615423
-0.0610823
-0.0627766
-0.0681093
-0.0785
-0.0942348
-0.111995
-0.121211
-0.110825
-0.0623299
-0.0357493
-0.0400727
-0.0515543
0

0
0
0
0
0
0
0
0
0
0
0
0
0
0
0
0
0
0
0
0
0
0


0
0
0
0
0
0
0
0
0
0
0
0
0
0
0
0
0
0
0
0
0
0

0
0
0
0
0
0
0
0
0
0
0
0
0
0
0
0
0
0
0
0
0
0

0
0
0
0
0
0
0
0
0
0
0
0
0
0
0
0
0
0
0
0
0
0

0
0
0
0
0
0
0
0
0
0
0
0
0
0
0
0
0
0
0
0
0
0

0
0
0
0
0
0
0
0
0
0
0
0
0
0
0
0
0
0
0
0
0
0

0
0
0
0
0
0
0
0
0
0
0
0
0
0
0
0
0
0
0
0
0
0

0
0
0
0
0
0
0
0
0
0
0
0
0
0
0
0
0
0
0
0
0
0

0
0
0
0
0
0
0
0
0
0
0
0
0
0
0
0
0
0
0
0
0
0

0
0
0
0
0
0
0
0
0
0
0
0
0
0
0
0
0
0
0
0
0
0

0
0
0
0
0
0
0
0
0
0
0
0
0
0
0
0
0
0
0
0
0
0

0
0
0
0
0
0
0
0
0
0
0
0
0
0
0
0
0
0
0
0
0
0

0
0
0
0
0
0
0
0
0
0
0
0
0
0
0
0
0
0
0
0
0
0

0
0
0
0
0
0
0
0
0
0
0
0
0
0
0
0
0
0
0
0
0
0

0
0
0
0
0
0
0
0
0
0
0
0
0
0
0
0
0
0
0
0
0
0

0
0
0
0
0
0
0
0
0
0
0
0
0
0
0
0
0
0
0
0
0
0

0
0
0
0
0
0
0
0
0
0
0
0
0
0
0
0
0
0
0
0
0
0

0
0
0
0
0
0
0
0
0
0
0
0
0
0
0
0
0
0
0
0
0
0


