0
0
0
0
0
0
0
0
0
0
0
0
0
0
0
0
0
0
0
0
0
0

0
-7.58195
-7.72956
-7.94606
-7.36786
-8.17184
-9.37214
-8.2326
-6.99215
-8.77877
-8.03005
-7.91061
-8.87276
-8.46822
-9.17934
-9.72512
-11.3847
-8.44489
-9.71076
-8.38387
-7.9986
0

0
-6.58486
7.20747
-6.66682
-6.97068
-7.46723
-8.17745
-7.27902
-7.67112
-8.77877
-7.09181
-6.85495
-5.20964
-7.11479
-8.16999
-8.43565
-9.01314
-8.41815
-8.21396
-7.23866
-6.96648
0

0
-6.78954
-6.94623
-7.05308
-7.20485
-7.44225
-6.81702
-7.30791
-8.13429
-8.26915
-7.05326
-6.94407
-8.09264
-7.43825
-8.2119
-8.76646
-0.0819947
-8.93113
-8.34593
-7.27298
-7.03406
0

0
-6.79464
-8.71623
-7.32972
-7.26128
-6.96681
-6.67699
-7.26414
-7.7442
-7.65135
-7.10351
-7.03653
-8.9499
-10.9542
-8.26854
-8.93593
-8.08688
-8.85446
-8.44489
-7.22131
-7.05963
0

0
-6.78007
-9.0728
-7.60495
-7.26633
-7.10746
-7.02341
-7.23155
-7.72272
-7.35803
-7.11603
-7.13984
-8.87276
-8.67594
-8.42408
-7.552
-9.54914
-9.1033
-8.47341
-7.14688
-7.08341
0

0
-6.79309
-8.32588
-7.63751
-7.3048
-7.39318
-7.23209
-7.24198
-7.86804
-7.28376
-7.09582
-7.18359
-8.10797
-7.94892
-8.6444
-9.12888
-8.66457
-9.24126
-8.45126
-7.09296
-7.10643
0

0
-6.79933
-7.7286
-7.49991
-7.36786
-7.42978
-7.29708
-7.24888
-6.98856
-7.19664
-7.10026
-7.16516
-7.60505
-7.98662
-8.87804
-8.97087
-7.94554
-9.30189
-8.79308
-7.19987
-7.12955
0

0
-6.80304
-7.52323
-7.41327
-7.4413
-7.26376
-7.27902
-7.14839
-4.17496
-7.04402
-7.09814
-7.13884
-7.4191
-7.44599
-8.9127
-9.0334
-7.61961
-9.35161
-9.10766
-7.92356
-7.15238
0

0
-6.81357
-7.46723
-7.40762
-7.50425
-7.09556
-7.23032
-7.06143
-5.58965
-6.94792
-7.09181
-7.1148
-7.26394
-5.66003
-8.70526
-8.72089
-6.94218
-9.38697
-9.14977
-8.8388
-7.17642
0

0
-6.83181
-7.45601
-7.43
-7.52413
-7.35357
-7.27405
-7.08114
-6.47997
-6.99215
-7.09359
-7.09203
-6.9843
-1.38245
-8.07306
-7.91911
-5.41656
-7.00081
-8.45126
-8.68885
-7.21099
0

0
-6.85373
-7.45954
-7.45187
-7.53166
-8.05195
-7.46093
-7.15254
-6.78132
-7.04153
-7.09888
-7.07302
-6.69385
7.26575
-7.42884
-7.22336
-2.9364
-7.678
-8.51587
-8.09444
-7.24654
0

0
-6.86658
-7.4314
-7.41138
-7.58497
-8.2
-7.5714
-7.2346
-7.19111
-7.07551
-7.09574
-7.04896
-7.37669
-10.9542
-7.80158
-5.83705
-0.246868
-7.48671
-8.63844
-7.92835
-7.25637
0

0
-6.83423
-7.26633
-7.04469
-7.59649
-8.22114
-7.53666
-7.24597
-7.51941
-7.06068
-7.0323
-6.98988
-7.1292
-9.39593
-6.14297
-3.20133
1.1423
-7.552
-8.59248
-7.98171
-7.20828
0

0
-6.68381
-7.19147
-7.23909
-7.45431
-8.32672
-7.40079
-7.10985
-7.11229
-6.91232
-6.8664
-6.82163
-6.85602
-6.66895
-2.94238
-7.00081
1.23098
-7.65663
-8.33129
-7.87344
-7.03568
0

0
-6.32348
-6.81888
-6.84398
-7.04469
-7.91299
-6.991
-6.71765
-6.61051
-6.54466
-6.51541
-6.48335
-6.484
-6.51741
-6.00213
-6.55051
1.39469
-7.63646
-7.94901
-7.49209
-6.65704
0

0
0
0
0
0
0
0
0
0
0
0
0
0
0
0
0
0
0
0
0
0
0


0
0
0
0
0
0
0
0
0
0
0
0
0
0
0
0
0
0
0
0
0
0

0
-7.75223
-6.69771
-8.2215
-7.90376
-8.16464
-9.32479
-8.50905
-7.81556
-9.18235
-8.32626
-8.21097
-8.47992
-8.86747
-9.39022
-9.96003
-10.6827
-9.56928
-10.1253
-8.7211
-8.28367
0

0
-6.60246
8.44873
-6.7951
-7.0779
-7.97088
-8.09018
-7.39092
-7.57063
-8.04432
-7.1872
-7.00229
-6.14724
-7.35289
-8.23142
-8.50426
-8.78167
-8.51878
-8.39481
-7.39608
-7.09403
0

0
-6.81833
-5.96971
-7.13775
-7.30798
-7.51052
-7.30302
-7.43474
-8.02047
-8.31424
-7.1876
-7.08365
-7.54878
-7.62891
-8.2935
-8.698
-0.485315
-8.99534
-8.50853
-7.44479
-7.16445
0

0
-6.8423
-8.1392
-7.41078
-7.39084
-7.2119
-6.8881
-7.40245
-7.90841
-7.82286
-7.23454
-7.1625
-8.69055
-9.46902
-8.32729
-8.82199
-7.34458
-8.97414
-8.60627
-7.41035
-7.18963
0

0
-6.84225
-8.74093
-7.63388
-7.40876
-7.22768
-7.13704
-7.36751
-7.78275
-7.50312
-7.25414
-7.2616
-8.65948
-8.79571
-8.4465
-8.2474
-9.34089
-9.21171
-8.60214
-7.35951
-7.21385
0

0
-6.86387
-8.38331
-7.73616
-7.4459
-7.51729
-7.35765
-7.37489
-7.873
-7.40749
-7.23462
-7.31012
-8.19877
-8.14032
-8.65331
-9.14674
-9.00109
-9.40415
-8.6337
-7.32671
-7.23703
0

0
-6.87716
-7.87862
-7.64561
-7.50691
-7.60125
-7.44837
-7.37518
-6.94929
-7.32161
-7.23413
-7.29681
-7.72717
-8.05108
-8.9253
-9.05137
-8.23304
-9.48488
-8.86722
-7.43976
-7.26052
0

0
-6.88506
-7.65973
-7.55995
-7.57842
-7.45792
-7.44313
-7.27968
-4.84379
-7.17859
-7.23099
-7.27079
-7.51973
-7.43675
-9.03098
-9.019
-7.77964
-9.49567
-9.18997
-8.06659
-7.28471
0

0
-6.8979
-7.59727
-7.54722
-7.64243
-7.31263
-7.39171
-7.20688
-5.74981
-7.08839
-7.22532
-7.24626
-7.33867
-5.33758
-8.81749
-8.77472
-7.02183
-9.4575
-9.27582
-8.63673
-7.31118
0

0
-6.91756
-7.58742
-7.56631
-7.67002
-7.48947
-7.41343
-7.2297
-6.60407
-7.1264
-7.22661
-7.22281
-7.00687
-0.146066
-8.09685
-7.97207
-5.3591
-8.13743
-8.8924
-8.78837
-7.34556
0

0
-6.93912
-7.59121
-7.58103
-7.68302
-8.12198
-7.58709
-7.29587
-6.95197
-7.17742
-7.228
-7.20302
-6.63392
6.41388
-7.23025
-7.22532
-2.70224
-7.89547
-8.6927
-8.32804
-7.37996
0

0
-6.94577
-7.55467
-7.5102
-7.72318
-8.35844
-7.70915
-7.37091
-7.3427
-7.20567
-7.21767
-7.17303
-7.41286
-9.91575
-7.6486
-5.68172
0.0615156
-7.48272
-8.7071
-8.08157
-7.38153
0

0
-6.89371
-7.42215
-7.29959
-7.71078
-8.30433
-7.65771
-7.36068
-7.48565
-7.1687
-7.13412
-7.09361
-7.20913
-8.92859
-6.04871
-4.0648
1.29115
-7.4409
-8.66855
-8.05837
-7.31014
0

0
-6.70231
-7.25542
-7.30165
-7.51987
-8.32434
-7.46614
-7.17572
-7.16829
-6.97591
-6.92796
-6.88503
-6.90846
-6.81084
-3.63204
-6.83495
1.36284
-7.48255
-8.41365
-7.89268
-7.09328
0

0
-6.27871
-6.8179
-6.83662
-7.02966
-7.78321
-6.97419
-6.70963
-6.61017
-6.54206
-6.51735
-6.48637
-6.486
-6.48547
-5.9313
-6.52853
1.46078
-7.3901
-8.00217
-7.44121
-6.64989
0

0
0
0
0
0
0
0
0
0
0
0
0
0
0
0
0
0
0
0
0
0
0


0
0
0
0
0
0
0
0
0
0
0
0
0
0
0
0
0
0
0
0
0
0

0
-7.71996
-6.24891
-8.39277
-8.77658
-7.47377
-8.72932
-8.66698
-9.44308
-8.01251
-8.52614
-8.44057
-7.47514
-9.16028
-9.42381
-9.8234
-8.97343
-11.5823
-10.5959
-9.07914
-8.48019
0

0
-6.59931
-0.840061
-7.1512
-7.11809
-8.86622
-8.04675
-7.44159
-7.055
-7.36954
-7.21953
-7.19953
-8.02682
-7.7707
-8.1269
-8.40717
-9.40191
-8.71773
-8.68708
-7.61432
-7.20199
0

0
-6.68327
-5.16436
-7.05264
-7.29603
-7.90363
-8.13187
-7.50998
-7.53921
-8.19359
-7.3019
-7.19352
-6.44258
-7.57824
-8.20176
-8.35951
-7.33695
-8.97326
-8.71009
-7.69132
-7.25957
0

0
-6.76248
-6.04343
-7.18175
-7.46007
-7.54581
-7.33673
-7.52993
-7.8857
-8.08883
-7.331
-7.22407
-7.44001
-6.67697
-8.17075
-8.58085
-5.27441
-9.08422
-8.7869
-7.72425
-7.28244
0

0
-6.84601
-7.69425
-7.42331
-7.52747
-7.27165
-7.17958
-7.48666
-7.67411
-7.72113
-7.36125
-7.31843
-8.35591
-8.82711
-8.19149
-9.36943
-8.23113
-9.22776
-8.80848
-7.74848
-7.30752
0

0
-6.90685
-8.38024
-7.71289
-7.55814
-7.52415
-7.4118
-7.48132
-7.76062
-7.53282
-7.36253
-7.3981
-8.36018
-8.38536
-8.36249
-8.87762
-9.52234
-9.56377
-8.80997
-7.7347
-7.332
0

0
-6.9499
-8.12703
-7.79455
-7.61049
-7.81456
-7.59962
-7.49768
-7.6849
-7.46538
-7.35035
-7.41502
-7.91746
-8.09941
-8.74466
-9.04082
-8.92877
-9.71046
-8.79597
-7.65435
-7.35909
0

0
-6.9741
-7.83729
-7.72044
-7.67757
-7.82311
-7.65842
-7.48731
-6.90245
-7.369
-7.34705
-7.39413
-7.62553
-7.77764
-9.09663
-8.73511
-8.22812
-9.60147
-9.06282
-7.61231
-7.39108
0

0
-6.99369
-7.72667
-7.67741
-7.75265
-7.65491
-7.59869
-7.40298
-5.82487
-7.24971
-7.34248
-7.37008
-7.44228
-6.45882
-9.02748
-8.67162
-7.56346
-9.45033
-9.31579
-8.14268
-7.42429
0

0
-7.0167
-7.70663
-7.68312
-7.80855
-7.59634
-7.53266
-7.36837
-6.53311
-7.22914
-7.34083
-7.34664
-7.17772
-3.45552
-8.42206
-8.04686
-6.2509
-10.3689
-9.50752
-8.86483
-7.45428
0

0
-7.03935
-7.71765
-7.70259
-7.82945
-7.95125
-7.63714
-7.41387
-6.99123
-7.28113
-7.34255
-7.32027
-6.79939
2.8909
-7.49156
-7.45424
-4.00178
-8.38331
-8.83797
-8.75316
-7.48718
0

0
-7.04162
-7.71406
-7.70735
-7.84028
-8.48061
-7.81732
-7.47425
-7.18348
-7.30777
-7.32369
-7.28373
-7.12359
-6.20513
-7.40606
-6.77386
-1.18367
-7.28924
-8.54782
-8.25905
-7.48762
0

0
-6.97448
-7.62795
-7.68835
-7.80862
-8.26057
-7.7724
-7.4518
-7.36891
-7.25755
-7.23222
-7.18986
-7.30503
-8.9284
-7.18289
-5.90545
0.631143
-7.12562
-8.50596
-8.03074
-7.3994
0

0
-6.75782
-7.32228
-7.32419
-7.58479
-8.08807
-7.52623
-7.24373
-7.27105
-7.04349
-6.99787
-6.96129
-7.00138
-7.60791
-6.42447
-5.73448
0.963012
-6.99127
-8.30678
-7.82909
-7.1541
0

0
-6.31872
-6.88767
-6.9016
-7.0883
-7.64452
-7.02899
-6.77074
-6.68941
-6.59937
-6.57417
-6.54502
-6.54015
-6.39999
-5.8686
-6.49745
0.754738
-6.83102
-7.91027
-7.42126
-6.6979
0

0
0
0
0
0
0
0
0
0
0
0
0
0
0
0
0
0
0
0
0
0
0


0
0
0
0
0
0
0
0
0
0
0
0
0
0
0
0
0
0
0
0
0
0

0
-7.75451
-6.97388
-8.52469
-8.67134
-7.42568
-8.90263
-8.75371
-8.69669
-8.80661
-8.5658
-8.51796
-8.80971
-8.95767
-9.30922
-9.50099
-9.22821
-10.8621
-10.682
-9.28161
-8.56865
0

0
-6.65161
-6.1499
-7.20392
-7.43329
-7.75126
-7.66045
-7.49478
-7.64591
-7.3729
-7.34425
-7.27313
-7.03685
-7.70994
-8.06193
-8.42049
-8.77681
-9.34449
-8.87843
-7.81011
-7.29656
0

0
-6.6804
-5.69789
-7.23922
-7.38756
-8.59447
-7.91329
-7.56828
-7.4546
-7.57944
-7.37555
-7.31433
-7.54212
-7.6861
-8.09754
-8.41136
-10.0716
-9.12258
-8.81164
-7.85493
-7.34163
0

0
-6.74034
-6.23349
-7.23506
-7.47596
-8.10513
-7.90354
-7.59804
-7.63996
-7.92829
-7.39111
-7.31491
-7.13208
-7.71513
-8.11903
-8.34473
-6.69913
-9.2809
-8.80625
-7.8658
-7.35703
0

0
-6.82389
-6.86969
-7.38947
-7.58373
-7.66539
-7.52577
-7.59231
-7.81041
-7.86732
-7.42113
-7.35761
-7.68741
-7.66575
-8.16475
-8.4506
-6.77178
-9.2515
-8.88431
-7.87193
-7.38072
0

0
-6.90889
-7.71301
-7.55209
-7.63899
-7.49371
-7.48367
-7.5708
-7.65172
-7.66747
-7.43722
-7.42599
-8.05675
-8.2458
-8.26147
-8.92334
-8.68332
-9.47453
-8.93999
-7.8636
-7.40641
0

0
-6.9788
-8.03849
-7.74735
-7.68893
-7.76437
-7.61696
-7.57248
-7.63348
-7.5539
-7.43694
-7.46948
-7.98403
-8.00643
-8.4311
-9.06759
-9.249
-9.64429
-8.86263
-7.87483
-7.43354
0

0
-7.0262
-7.94828
-7.80255
-7.74956
-7.96393
-7.72115
-7.5734
-7.46296
-7.49201
-7.43243
-7.46866
-7.73582
-7.72984
-8.7174
-8.81754
-8.75978
-9.5652
-8.84518
-7.92948
-7.46246
0

0
-7.05865
-7.83386
-7.78099
-7.81105
-7.8657
-7.73789
-7.54969
-6.92771
-7.413
-7.42933
-7.4504
-7.5333
-7.06296
-8.91541
-8.40832
-7.9855
-9.22724
-8.95998
-8.00159
-7.49485
0

0
-7.08676
-7.79038
-7.77664
-7.86851
-7.6542
-7.69533
-7.51093
-6.66465
-7.34722
-7.42638
-7.42914
-7.34657
-5.57114
-8.72694
-7.87834
-6.83029
-8.69932
-9.07162
-8.27294
-7.53186
0

0
-7.11094
-7.78074
-7.78946
-7.90745
-7.81263
-7.70327
-7.51344
-7.02512
-7.36027
-7.42278
-7.40319
-7.1403
-3.62786
-8.08461
-7.14891
-4.89386
-8.49719
-9.12504
-8.70003
-7.55974
0

0
-7.11179
-7.76009
-7.78014
-7.9148
-8.2966
-7.80633
-7.54248
-7.25129
-7.37637
-7.39739
-7.3581
-7.07719
-4.86156
-7.43901
-6.78626
-2.39824
-7.21645
-8.68857
-8.52889
-7.55635
0

0
-7.03809
-7.66792
-7.68657
-7.85632
-8.34953
-7.8248
-7.50881
-7.29763
-7.31341
-7.29905
-7.25367
-7.17006
-6.93224
-7.11021
-6.38582
-0.383336
-6.66106
-8.38866
-8.14643
-7.46281
0

0
-6.81127
-7.41822
-7.43783
-7.6247
-8.00941
-7.57309
-7.29345
-7.17723
-7.09529
-7.05852
-7.01916
-7.03855
-7.61631
-6.69232
-6.12615
0.105724
-6.67815
-8.18768
-7.83672
-7.20846
0

0
-6.37207
-6.95546
-6.96281
-7.13858
-7.5279
-7.07776
-6.83171
-6.767
-6.66101
-6.63419
-6.60577
-6.60015
-6.6856
-6.16822
-6.05515
-0.205811
-6.5869
-7.85817
-7.42588
-6.7543
0

0
0
0
0
0
0
0
0
0
0
0
0
0
0
0
0
0
0
0
0
0
0


0
0
0
0
0
0
0
0
0
0
0
0
0
0
0
0
0
0
0
0
0
0

0
-7.8299
-7.90726
-8.61066
-8.75891
-7.99964
-8.93611
-8.80995
-8.78078
-8.7602
-8.63643
-8.58746
-8.70583
-8.91028
-9.20006
-9.41832
-9.86478
-10.8351
-10.6435
-9.41751
-8.64794
0

0
-6.69885
-6.4364
-7.29997
-7.49419
-6.86018
-7.65033
-7.54923
-7.5553
-7.54158
-7.39729
-7.34976
-7.42101
-7.69595
-7.98425
-8.20882
-8.15084
-9.1349
-8.94233
-7.94425
-7.36968
0

0
-6.74863
-6.56774
-7.34174
-7.53718
-7.71286
-7.74081
-7.62021
-7.63119
-7.58751
-7.44816
-7.38885
-7.39369
-7.71198
-8.04889
-8.31683
-8.72518
-9.24736
-8.8963
-7.97822
-7.41947
0

0
-6.78062
-6.59893
-7.35924
-7.53969
-8.40098
-7.87814
-7.64186
-7.62697
-7.6982
-7.45758
-7.39601
-7.45297
-7.68731
-8.06312
-8.32132
-8.94312
-9.19144
-8.84457
-7.9736
-7.43293
0

0
-6.84522
-6.92399
-7.42034
-7.61465
-8.28921
-7.83374
-7.66673
-7.70588
-7.8065
-7.47898
-7.41967
-7.48565
-7.73688
-8.09044
-8.36157
-7.53061
-9.12563
-8.8325
-7.97937
-7.45411
0

0
-6.92508
-7.37415
-7.55303
-7.69985
-7.88224
-7.68719
-7.65904
-7.73569
-7.75756
-7.49918
-7.46365
-7.75809
-7.84263
-8.13852
-8.48093
-8.02313
-9.0383
-8.79512
-7.99208
-7.47861
0

0
-7.00376
-7.77143
-7.68681
-7.75572
-7.76097
-7.6856
-7.65194
-7.66654
-7.65803
-7.50819
-7.50669
-7.86659
-7.92969
-8.21975
-8.77599
-8.878
-9.09556
-8.79628
-8.00806
-7.50498
0

0
-7.06801
-7.91651
-7.80275
-7.80895
-7.91266
-7.76346
-7.65474
-7.58856
-7.58798
-7.50884
-7.52514
-7.77901
-7.75487
-8.35101
-8.91885
-8.9874
-9.17366
-8.75788
-8.03015
-7.53352
0

0
-7.11559
-7.90327
-7.84606
-7.86674
-7.98252
-7.82041
-7.65107
-7.39713
-7.5336
-7.50749
-7.51997
-7.6276
-7.39191
-8.51502
-8.48012
-8.37611
-9.06852
-8.84215
-8.09665
-7.56551
0

0
-7.15242
-7.87376
-7.8565
-7.92218
-7.88873
-7.82128
-7.63451
-7.15871
-7.48342
-7.5058
-7.50471
-7.47596
-6.70218
-8.50405
-7.8751
-7.24844
-8.6007
-8.954
-8.23434
-7.59973
0

0
-7.17992
-7.86156
-7.86551
-7.96323
-7.84075
-7.80364
-7.62375
-7.16689
-7.45873
-7.49982
-7.48135
-7.33106
-5.84314
-8.14886
-7.07602
-5.53692
-7.88753
-8.96175
-8.40953
-7.62851
0

0
-7.18064
-7.8361
-7.85269
-7.9715
-8.05023
-7.83152
-7.62178
-7.33015
-7.45212
-7.4701
-7.43421
-7.22395
-5.66735
-7.53245
-6.53071
-3.38126
-7.29371
-8.84449
-8.53012
-7.62361
0

0
-7.10446
-7.73403
-7.75723
-7.90166
-8.28069
-7.83463
-7.5654
-7.37848
-7.37969
-7.36673
-7.32195
-7.17249
-6.41361
-6.99237
-6.34542
-1.61128
-6.65382
-8.46376
-8.29791
-7.52755
0

0
-6.87439
-7.47834
-7.50009
-7.66437
-8.01613
-7.61523
-7.34668
-7.22041
-7.15435
-7.12262
-7.08147
-7.03438
-6.9791
-6.63963
-6.13364
-1.08189
-6.52588
-8.15939
-7.90428
-7.27011
0

0
-6.43681
-7.03099
-7.03819
-7.18935
-7.48326
-7.13056
-6.89531
-6.78761
-6.72544
-6.70048
-6.67035
-6.64906
-6.75578
-6.36022
-5.88546
-1.26935
-6.38256
-7.83293
-7.45239
-6.81944
0

0
0
0
0
0
0
0
0
0
0
0
0
0
0
0
0
0
0
0
0
0
0


0
0
0
0
0
0
0
0
0
0
0
0
0
0
0
0
0
0
0
0
0
0

0
-7.90969
-8.23908
-8.68158
-8.82447
-8.59399
-8.96766
-8.86308
-8.82218
-8.80819
-8.68748
-8.63942
-8.72483
-8.88195
-9.14096
-9.3375
-9.7322
-10.5878
-10.5632
-9.50132
-8.71704
0

0
-6.76874
-6.8533
-7.39034
-7.52609
-7.25069
-7.72795
-7.59808
-7.57444
-7.55897
-7.44337
-7.40289
-7.48109
-7.6657
-7.9141
-8.09942
-8.31446
-9.07156
-8.93833
-8.03355
-7.43053
0

0
-6.82038
-6.89868
-7.42924
-7.60691
-6.98112
-7.71893
-7.66572
-7.65971
-7.64053
-7.50446
-7.45392
-7.49502
-7.71941
-7.99969
-8.21594
-8.42377
-9.008
-8.90259
-8.07384
-7.49003
0

0
-6.8507
-6.95499
-7.45266
-7.6312
-7.44233
-7.76441
-7.69036
-7.68082
-7.6815
-7.519
-7.46371
-7.50331
-7.71227
-8.01697
-8.2449
-8.72049
-8.93467
-8.8258
-8.06705
-7.50597
0

0
-6.90067
-7.09293
-7.50042
-7.67015
-8.10759
-7.8594
-7.71505
-7.71066
-7.74501
-7.53702
-7.48264
-7.54047
-7.72606
-8.0312
-8.2496
-8.39661
-8.83257
-8.77392
-8.07211
-7.52667
0

0
-6.96757
-7.34562
-7.58451
-7.73823
-8.21672
-7.84981
-7.72914
-7.74257
-7.76798
-7.55587
-7.5121
-7.6397
-7.76812
-8.04653
-8.29479
-8.11771
-8.72359
-8.75123
-8.08401
-7.54988
0

0
-7.04171
-7.62836
-7.69305
-7.8077
-8.01623
-7.81163
-7.72886
-7.72909
-7.73009
-7.56965
-7.54643
-7.75164
-7.81156
-8.07151
-8.42484
-8.52996
-8.8033
-8.73994
-8.10072
-7.57561
0

0
-7.11132
-7.8299
-7.79737
-7.86477
-7.9494
-7.82973
-7.7299
-7.67791
-7.67587
-7.57637
-7.5709
-7.75929
-7.7575
-8.11291
-8.56401
-8.83425
-8.97591
-8.77235
-8.12801
-7.60398
0

0
-7.16932
-7.91254
-7.87352
-7.91873
-8.01653
-7.87782
-7.73278
-7.59267
-7.63082
-7.57901
-7.57802
-7.68485
-7.56617
-8.16514
-8.50025
-8.5433
-8.97011
-8.81898
-8.17695
-7.63531
0

0
-7.2154
-7.93058
-7.91322
-7.97084
-8.03628
-7.90706
-7.73089
-7.4705
-7.59333
-7.57974
-7.57182
-7.57899
-7.21866
-8.17376
-7.9818
-7.53773
-8.62192
-8.90189
-8.2581
-7.66862
0

0
-7.2485
-7.93028
-7.931
-8.01296
-7.98263
-7.90512
-7.72416
-7.40135
-7.56445
-7.57422
-7.55366
-7.46807
-6.76842
-8.0117
-7.22457
-5.93167
-7.93127
-8.93882
-8.36507
-7.69602
0

0
-7.25151
-7.90439
-7.91746
-8.02148
-8.01092
-7.89551
-7.70627
-7.4358
-7.53513
-7.54228
-7.50794
-7.36347
-6.48376
-7.61409
-6.48691
-4.10298
-7.14959
-8.83026
-8.42933
-7.69035
0

0
-7.17548
-7.79963
-7.82005
-7.94539
-8.12465
-7.85242
-7.62917
-7.44134
-7.44853
-7.43608
-7.39281
-7.25574
-6.6205
-7.1151
-6.15243
-2.70501
-6.68463
-8.58759
-8.3271
-7.59452
0

0
-6.94548
-7.54425
-7.56374
-7.70581
-7.98523
-7.64656
-7.4031
-7.26851
-7.21871
-7.19081
-7.14871
-7.07001
-6.85157
-6.71783
-6.03019
-2.21212
-6.47362
-8.22713
-7.98508
-7.33825
0

0
-6.51165
-7.1033
-7.1106
-7.24349
-7.48829
-7.18644
-6.96298
-6.84208
-6.79603
-6.7723
-6.73981
-6.69308
-6.62685
-6.42649
-5.83568
-2.17125
-6.30549
-7.85007
-7.51482
-6.89323
0

0
0
0
0
0
0
0
0
0
0
0
0
0
0
0
0
0
0
0
0
0
0


0
0
0
0
0
0
0
0
0
0
0
0
0
0
0
0
0
0
0
0
0
0

0
-7.9918
-8.42493
-8.74361
-8.8883
-8.79128
-8.96383
-8.90776
-8.86625
-8.84691
-8.73244
-8.68233
-8.7433
-8.87448
-9.10943
-9.28985
-9.62533
-10.3788
-10.4784
-9.5522
-8.77706
0

0
-6.84074
-7.10507
-7.45199
-7.57178
-7.58987
-7.72699
-7.62449
-7.5948
-7.57856
-7.4763
-7.43788
-7.50028
-7.64061
-7.8563
-8.0182
-8.28236
-8.87839
-8.87865
-8.084
-7.47802
0

0
-6.90484
-7.14258
-7.5156
-7.6483
-7.6031
-7.83696
-7.71902
-7.693
-7.67477
-7.55577
-7.50998
-7.55971
-7.72426
-7.96492
-8.14681
-8.37662
-8.87814
-8.89709
-8.15142
-7.55743
0

0
-6.93293
-7.18145
-7.5354
-7.69035
-7.49663
-7.80263
-7.7403
-7.72194
-7.70885
-7.5741
-7.52333
-7.56174
-7.73048
-7.98496
-8.17278
-8.43873
-8.76553
-8.81913
-8.14469
-7.57574
0

0
-6.97554
-7.26795
-7.57709
-7.7336
-7.65081
-7.8297
-7.76183
-7.74634
-7.7464
-7.59271
-7.54118
-7.58577
-7.73695
-7.99301
-8.17683
-8.48647
-8.68753
-8.77332
-8.14924
-7.59725
0

0
-7.03134
-7.41621
-7.64024
-7.78553
-8.00569
-7.88405
-7.78106
-7.7674
-7.77359
-7.61022
-7.56388
-7.63479
-7.75292
-7.99326
-8.17565
-8.291
-8.62721
-8.75456
-8.16072
-7.62007
0

0
-7.09674
-7.60657
-7.72424
-7.84901
-8.13267
-7.90228
-7.79215
-7.77213
-7.77098
-7.62547
-7.59085
-7.70139
-7.76962
-7.99227
-8.20457
-8.34919
-8.61744
-8.76018
-8.18016
-7.64535
0

0
-7.16404
-7.78309
-7.81468
-7.91091
-8.09167
-7.91183
-7.79789
-7.75014
-7.74416
-7.63641
-7.61499
-7.73565
-7.7489
-7.99317
-8.26856
-8.573
-8.69898
-8.78752
-8.20965
-7.67357
0

0
-7.22596
-7.90129
-7.89474
-7.96672
-8.08235
-7.93881
-7.80391
-7.70619
-7.71217
-7.64349
-7.62917
-7.71288
-7.65191
-7.99247
-8.26569
-8.48682
-8.77198
-8.83603
-8.25325
-7.70486
0

0
-7.27859
-7.96101
-7.95224
-8.01807
-8.10513
-7.97039
-7.8093
-7.64442
-7.68399
-7.64765
-7.6316
-7.65151
-7.46616
-7.96801
-8.0106
-7.74509
-8.63134
-8.89766
-8.31512
-7.73791
0

0
-7.31741
-7.98278
-7.98346
-8.05946
-8.10216
-7.98543
-7.80876
-7.58857
-7.65839
-7.6442
-7.62
-7.57121
-7.21414
-7.86265
-7.41951
-6.31435
-8.12093
-8.93478
-8.38589
-7.76456
0

0
-7.32408
-7.96416
-7.97467
-8.06764
-8.09023
-7.97107
-7.78664
-7.56384
-7.62016
-7.61257
-7.57788
-7.47732
-6.99217
-7.61394
-6.68709
-4.63911
-7.37013
-8.87431
-8.41959
-7.7582
0

0
-7.25038
-7.86161
-7.87874
-7.98992
-8.08001
-7.89739
-7.69739
-7.51557
-7.52161
-7.50604
-7.46357
-7.3498
-6.9141
-7.23551
-6.1796
-3.45049
-6.76238
-8.6597
-8.3314
-7.6633
0

0
-7.0237
-7.61006
-7.62678
-7.75094
-7.9412
-7.68238
-7.46523
-7.32527
-7.28825
-7.26256
-7.21987
-7.13203
-6.89087
-6.83959
-5.99474
-3.0129
-6.49524
-8.3176
-8.04583
-7.41167
0

0
-6.59649
-7.178
-7.18413
-7.30215
-7.50338
-7.24397
-7.03586
-6.91125
-6.87339
-6.85008
-6.81536
-6.75217
-6.60673
-6.50404
-5.81395
-2.82785
-6.294
-7.91276
-7.59318
-6.97575
0

0
0
0
0
0
0
0
0
0
0
0
0
0
0
0
0
0
0
0
0
0
0


0
0
0
0
0
0
0
0
0
0
0
0
0
0
0
0
0
0
0
0
0
0

0
-8.06919
-8.53872
-8.79338
-8.92313
-8.91492
-9.02956
-8.94909
-8.90624
-8.88397
-8.77025
-8.7176
-8.76282
-8.88
-9.10418
-9.27703
-9.56305
-10.2496
-10.417
-9.58503
-8.82892
0

0
-6.90579
-7.23972
-7.48919
-7.60944
-7.55781
-7.68652
-7.63285
-7.60436
-7.58758
-7.49314
-7.45492
-7.50315
-7.61578
-7.80709
-7.94865
-8.18127
-8.71362
-8.80011
-8.09856
-7.50864
0

0
-6.99529
-7.31868
-7.59114
-7.71239
-7.69528
-7.85025
-7.76165
-7.73277
-7.71395
-7.60549
-7.56122
-7.6054
-7.73671
-7.95125
-8.11083
-8.32436
-8.80958
-8.90078
-8.21584
-7.62327
0

0
-7.02299
-7.34431
-7.61257
-7.74054
-7.71662
-7.88288
-7.79081
-7.76308
-7.74547
-7.6263
-7.57818
-7.6152
-7.75092
-7.97344
-8.13378
-8.33824
-8.71871
-8.83938
-8.21199
-7.64392
0

0
-7.0605
-7.40768
-7.64857
-7.78448
-7.74017
-7.88074
-7.8109
-7.78647
-7.77402
-7.64506
-7.59553
-7.63187
-7.75721
-7.97937
-8.13305
-8.34809
-8.64038
-8.80005
-8.21621
-7.66539
0

0
-7.10828
-7.50882
-7.7007
-7.83418
-7.86218
-7.90349
-7.82794
-7.80344
-7.79603
-7.66187
-7.61488
-7.66122
-7.76255
-7.97378
-8.11592
-8.28593
-8.57629
-8.78575
-8.22846
-7.6879
0

0
-7.16529
-7.64269
-7.76882
-7.89063
-8.04531
-7.94116
-7.84309
-7.81181
-7.80421
-7.67734
-7.63719
-7.70123
-7.76617
-7.9621
-8.10068
-8.23147
-8.52713
-8.79424
-8.24992
-7.71291
0

0
-7.22723
-7.78403
-7.84637
-7.95077
-8.13908
-7.97094
-7.85491
-7.80562
-7.79582
-7.69066
-7.65943
-7.73246
-7.75236
-7.94646
-8.09821
-8.31371
-8.53043
-8.82199
-8.28155
-7.74117
0

0
-7.28853
-7.90222
-7.92234
-8.00874
-8.15884
-7.998
-7.86544
-7.78469
-7.77826
-7.70154
-7.67681
-7.73349
-7.69818
-7.92352
-8.07047
-8.3137
-8.57504
-8.86848
-8.32495
-7.77289
0

0
-7.34428
-7.98207
-7.98595
-8.06182
-8.17244
-8.02731
-7.87571
-7.75315
-7.75963
-7.70963
-7.68568
-7.7029
-7.59133
-7.87976
-7.91579
-7.85335
-8.53624
-8.92301
-8.37966
-7.80647
0

0
-7.38751
-8.02297
-8.02687
-8.10392
-8.18417
-8.04841
-7.88017
-7.71773
-7.73934
-7.70935
-7.6806
-7.64844
-7.43887
-7.78568
-7.52612
-6.71039
-8.24266
-8.95592
-8.43393
-7.83327
0

0
-7.39801
-8.01499
-8.02471
-8.11198
-8.17343
-8.03793
-7.85877
-7.67918
-7.69985
-7.67968
-7.64332
-7.5682
-7.27469
-7.6025
-6.93473
-5.15454
-7.65555
-8.90923
-8.45009
-7.82676
0

0
-7.32799
-7.91826
-7.93314
-8.03421
-8.1169
-7.95428
-7.76519
-7.59914
-7.59599
-7.57514
-7.53256
-7.43721
-7.13637
-7.31349
-6.37829
-3.95582
-7.00815
-8.72779
-8.36087
-7.73351
0

0
-7.10788
-7.67472
-7.68912
-7.80007
-7.93986
-7.73062
-7.53237
-7.39326
-7.36262
-7.33703
-7.29377
-7.20616
-6.98368
-6.95686
-6.06308
-3.49203
-6.6
-8.40954
-8.10266
-7.48932
0

0
-6.69161
-7.256
-7.26085
-7.36728
-7.52838
-7.30803
-7.1158
-6.99197
-6.95841
-6.9346
-6.89784
-6.82749
-6.6598
-6.59941
-5.83183
-3.27417
-6.33004
-8.00211
-7.67392
-7.06686
0

0
0
0
0
0
0
0
0
0
0
0
0
0
0
0
0
0
0
0
0
0
0


0
0
0
0
0
0
0
0
0
0
0
0
0
0
0
0
0
0
0
0
0
0

0
-8.13524
-8.60386
-8.82748
-8.9521
-8.93827
-9.04638
-8.97634
-8.93763
-8.91396
-8.79978
-8.74479
-8.7812
-8.89346
-9.11598
-9.29071
-9.54405
-10.2099
-10.3859
-9.60582
-8.8699
0

0
-6.9633
-7.30914
-7.50832
-7.61407
-7.5954
-7.6968
-7.63613
-7.60678
-7.58962
-7.49935
-7.46055
-7.49839
-7.59542
-7.77347
-7.90423
-8.09968
-8.60685
-8.72582
-8.09102
-7.52728
0

0
-7.08462
-7.43649
-7.65333
-7.76736
-7.74152
-7.86408
-7.7997
-7.77226
-7.75349
-7.65083
-7.60664
-7.64361
-7.75576
-7.95567
-8.10308
-8.29035
-8.78411
-8.9064
-8.26383
-7.68295
0

0
-7.1157
-7.4653
-7.68135
-7.797
-7.78861
-7.91425
-7.8346
-7.80595
-7.78736
-7.67683
-7.62976
-7.66279
-7.77741
-7.98297
-8.12886
-8.29583
-8.72272
-8.86953
-8.27037
-7.70957
0

0
-7.14988
-7.51704
-7.71443
-7.83314
-7.82972
-7.93469
-7.8568
-7.82771
-7.81135
-7.69494
-7.64666
-7.67778
-7.78398
-7.98773
-8.1238
-8.27312
-8.64541
-8.83665
-8.27525
-7.73049
0

0
-7.19167
-7.59609
-7.75945
-7.87854
-7.8966
-7.94637
-7.87242
-7.84216
-7.8288
-7.71036
-7.66356
-7.69811
-7.78467
-7.97928
-8.09963
-8.21837
-8.57328
-8.82416
-8.28758
-7.75178
0

0
-7.24166
-7.6995
-7.81753
-7.93062
-8.01079
-7.97322
-7.88699
-7.85034
-7.83823
-7.72504
-7.68261
-7.72461
-7.78151
-7.96291
-8.06653
-8.14189
-8.51124
-8.83356
-8.31001
-7.77591
0

0
-7.29755
-7.81414
-7.88505
-7.98713
-8.12518
-8.00828
-7.90136
-7.85033
-7.83784
-7.73908
-7.70267
-7.74831
-7.76738
-7.94006
-8.03004
-8.11836
-8.4729
-8.86231
-8.3433
-7.80384
0

0
-7.35569
-7.92101
-7.95511
-8.04476
-8.19175
-8.04238
-7.91592
-7.84177
-7.83044
-7.75244
-7.72096
-7.75633
-7.72977
-7.90782
-7.97229
-8.10014
-8.46357
-8.90727
-8.38804
-7.83603
0

0
-7.41181
-8.00515
-8.01924
-8.09982
-8.2241
-8.07489
-7.93092
-7.8271
-7.82088
-7.76432
-7.73409
-7.74266
-7.6596
-7.85655
-7.83656
-7.82658
-8.43017
-8.95816
-8.44167
-7.8709
0

0
-7.45803
-8.05704
-8.0656
-8.14449
-8.24329
-8.09995
-7.94054
-7.8073
-7.80753
-7.76831
-7.73504
-7.70699
-7.55734
-7.76774
-7.54964
-6.99712
-8.25528
-8.98781
-8.49057
-7.89939
0

0
-7.47261
-8.05901
-8.06982
-8.15464
-8.23814
-8.09411
-7.92282
-7.77176
-7.77163
-7.74269
-7.70387
-7.64095
-7.43222
-7.61562
-7.09629
-5.64786
-7.84352
-8.94841
-8.4992
-7.89456
0

0
-7.40786
-7.97057
-7.98481
-8.07937
-8.16989
-8.01073
-7.83099
-7.68171
-7.66911
-7.64301
-7.59947
-7.51589
-7.28732
-7.37873
-6.59159
-4.38703
-7.27519
-8.79052
-8.40978
-7.80486
0

0
-7.19768
-7.73906
-7.7523
-7.85382
-7.97369
-7.78841
-7.60403
-7.47067
-7.44147
-7.41433
-7.37028
-7.28622
-7.08795
-7.06121
-6.20514
-3.79111
-6.78291
-8.49858
-8.16832
-7.57107
0

0
-6.79756
-7.33847
-7.34284
-7.4407
-7.57659
-7.38299
-7.20433
-7.08462
-7.0523
-7.02696
-6.98828
-6.91642
-6.75224
-6.70009
-5.91096
-3.55379
-6.43013
-8.10274
-7.76201
-7.16663
0

0
0
0
0
0
0
0
0
0
0
0
0
0
0
0
0
0
0
0
0
0
0


0
0
0
0
0
0
0
0
0
0
0
0
0
0
0
0
0
0
0
0
0
0

0
-8.1772
-8.64037
-8.85609
-8.97744
-8.96069
-9.07261
-9.004
-8.96698
-8.94286
-8.82777
-8.77159
-8.80558
-8.91792
-9.14281
-9.32158
-9.56749
-10.2369
-10.4065
-9.63372
-8.90287
0

0
-6.98804
-7.32527
-7.50585
-7.60531
-7.58987
-7.68393
-7.62614
-7.5984
-7.58138
-7.49282
-7.45368
-7.48703
-7.57882
-7.75286
-7.88135
-8.06039
-8.55818
-8.67894
-8.07231
-7.52685
0

0
-7.12994
-7.48185
-7.67784
-7.78526
-7.76473
-7.87717
-7.81456
-7.78748
-7.76896
-7.66876
-7.62455
-7.65777
-7.76259
-7.95732
-8.10091
-8.27525
-8.77282
-8.90098
-8.27714
-7.70755
0

0
-7.16618
-7.51864
-7.71354
-7.82353
-7.81372
-7.92614
-7.85451
-7.82662
-7.80823
-7.70121
-7.65455
-7.68496
-7.79103
-7.99072
-8.13204
-8.28531
-8.72987
-8.88178
-8.29459
-7.74128
0

0
-7.20004
-7.56852
-7.74727
-7.85878
-7.86164
-7.95374
-7.87824
-7.84866
-7.83181
-7.72021
-7.6726
-7.70131
-7.79898
-7.99647
-8.1268
-8.25431
-8.65764
-8.85491
-8.30231
-7.76336
0

0
-7.23912
-7.64019
-7.78966
-7.90115
-7.92399
-7.96883
-7.89405
-7.86206
-7.84737
-7.73495
-7.68857
-7.71907
-7.79835
-7.9872
-8.10006
-8.18935
-8.5835
-8.84357
-8.31496
-7.78407
0

0
-7.28541
-7.73239
-7.84345
-7.95057
-8.01787
-7.99184
-7.90817
-7.86965
-7.85617
-7.74892
-7.70607
-7.74077
-7.79262
-7.96915
-8.06115
-8.10044
-8.51635
-8.85319
-8.33761
-7.80747
0

0
-7.33768
-7.83551
-7.90635
-8.00498
-8.12088
-8.02495
-7.92299
-7.87119
-7.8578
-7.76295
-7.7249
-7.76057
-7.77734
-7.94376
-8.01311
-8.03076
-8.46424
-8.88234
-8.37169
-7.83508
0

0
-7.3935
-7.93547
-7.9734
-8.06213
-8.19728
-8.06126
-7.93954
-7.86727
-7.85469
-7.77757
-7.74348
-7.76954
-7.74404
-7.90857
-7.94215
-7.96841
-8.43083
-8.92771
-8.41795
-7.86781
0

0
-7.44962
-8.01962
-8.03777
-8.11902
-8.24331
-8.09747
-7.95802
-7.86014
-7.85056
-7.79223
-7.75915
-7.76232
-7.68624
-7.85577
-7.80668
-7.74356
-8.38329
-8.97885
-8.47342
-7.9045
0

0
-7.49828
-8.07659
-8.08765
-8.16721
-8.27135
-8.12693
-7.97224
-7.849
-7.84289
-7.80025
-7.7646
-7.73617
-7.60318
-7.7708
-7.55206
-7.08497
-8.23681
-9.0088
-8.52328
-7.93589
0

0
-7.51657
-8.08459
-8.09645
-8.18069
-8.27145
-8.12526
-7.95865
-7.81888
-7.81146
-7.77878
-7.73845
-7.67921
-7.49644
-7.63238
-7.16119
-5.92878
-7.90272
-8.9718
-8.53088
-7.93386
0

0
-7.45556
-8.00072
-8.01507
-8.10714
-8.2013
-8.04337
-7.86902
-7.72828
-7.71143
-7.6827
-7.63854
-7.55992
-7.35694
-7.41831
-6.7068
-4.7154
-7.40517
-8.82161
-8.44069
-7.84645
0

0
-7.25108
-7.77497
-7.78784
-7.88495
-7.99882
-7.82244
-7.64549
-7.51673
-7.48761
-7.45943
-7.41514
-7.33404
-7.14886
-7.12129
-6.31286
-4.00673
-6.91039
-8.54226
-8.20467
-7.61779
0

0
-6.86288
-7.38625
-7.39059
-7.48429
-7.61182
-7.42874
-7.25747
-7.14187
-7.10932
-7.08291
-7.04338
-6.97253
-6.81671
-6.76033
-5.98836
-3.70306
-6.51799
-8.15557
-7.81131
-7.22583
0

0
0
0
0
0
0
0
0
0
0
0
0
0
0
0
0
0
0
0
0
0
0


0
0
0
0
0
0
0
0
0
0
0
0
0
0
0
0
0
0
0
0
0
0

0
-7.94085
-8.33627
-8.54138
-8.65626
-8.63909
-8.74685
-8.68191
-8.64681
-8.62404
-8.51349
-8.45906
-8.49118
-8.5989
-8.81623
-8.98955
-9.22189
-9.87477
-10.0371
-9.29248
-8.59103
0

0
-6.92939
-7.21522
-7.39266
-7.48966
-7.47311
-7.56638
-7.51038
-7.48338
-7.46681
-7.37959
-7.34062
-7.3731
-7.46332
-7.63557
-7.76377
-7.93974
-8.43604
-8.55358
-7.95434
-7.4175
0

0
-7.0559
-7.35234
-7.54472
-7.64903
-7.6274
-7.73863
-7.67815
-7.65199
-7.634
-7.5359
-7.49216
-7.5243
-7.62705
-7.81876
-7.96158
-8.13278
-8.62533
-8.74793
-8.13547
-7.57793
0

0
-7.09141
-7.38758
-7.57956
-7.68628
-7.67521
-7.78782
-7.7179
-7.6909
-7.67301
-7.5682
-7.52202
-7.55126
-7.65581
-7.85293
-7.99442
-8.14633
-8.58679
-8.73079
-8.15341
-7.61109
0

0
-7.12383
-7.43419
-7.61127
-7.71976
-7.71926
-7.81405
-7.74089
-7.71238
-7.69604
-7.58655
-7.5393
-7.56667
-7.66379
-7.85948
-7.99126
-8.1211
-8.5181
-8.70359
-8.16032
-7.63201
0

0
-7.16116
-7.50171
-7.65101
-7.7599
-7.77721
-7.82773
-7.75603
-7.72553
-7.71143
-7.60062
-7.55439
-7.58341
-7.66355
-7.85144
-7.96713
-8.062
-8.44695
-8.69052
-8.17147
-7.65139
0

0
-7.20542
-7.58956
-7.70162
-7.80669
-7.86786
-7.84903
-7.7693
-7.7331
-7.72025
-7.61375
-7.57081
-7.60444
-7.65891
-7.83484
-7.93112
-7.97565
-8.38089
-8.69698
-8.19172
-7.67309
0

0
-7.25546
-7.68898
-7.76114
-7.85827
-7.96899
-7.87999
-7.78295
-7.7347
-7.72177
-7.62672
-7.58852
-7.62449
-7.64601
-7.81141
-7.8878
-7.91043
-8.32836
-8.72184
-8.22246
-7.69855
0

0
-7.30894
-7.78637
-7.82503
-7.91245
-8.04408
-7.91398
-7.79797
-7.73061
-7.71813
-7.64005
-7.60606
-7.6346
-7.61658
-7.7795
-7.82784
-7.86866
-8.29727
-8.76292
-8.26467
-7.72871
0

0
-7.36313
-7.86961
-7.88733
-7.96688
-8.08932
-7.94841
-7.81513
-7.72311
-7.71342
-7.65384
-7.62142
-7.62942
-7.56372
-7.73289
-7.71552
-7.70457
-8.26395
-8.81299
-8.31704
-7.76323
0

0
-7.41249
-7.92964
-7.93902
-8.016
-8.11874
-7.97927
-7.83093
-7.71323
-7.70763
-7.664
-7.62965
-7.60768
-7.48619
-7.6594
-7.49645
-7.14741
-8.15279
-8.85107
-8.3693
-7.79601
0

0
-7.43988
-7.95045
-7.95974
-8.04049
-8.12785
-7.98827
-7.82796
-7.69183
-7.68644
-7.65349
-7.61478
-7.5619
-7.38719
-7.54023
-7.14081
-6.06358
-7.86602
-8.83682
-8.39203
-7.80552
0

0
-7.4041
-7.89553
-7.90735
-7.99574
-8.08311
-7.93385
-7.76524
-7.62559
-7.61194
-7.58359
-7.5408
-7.4664
-7.26417
-7.35308
-6.70217
-4.82044
-7.39576
-8.7224
-8.33429
-7.74653
0

0
-7.24305
-7.71432
-7.72579
-7.82044
-7.92736
-7.75844
-7.58552
-7.45651
-7.42977
-7.40196
-7.35819
-7.27859
-7.08994
-7.08501
-6.30881
-4.03685
-6.89898
-8.48269
-8.14384
-7.56232
0

0
-6.9066
-7.37451
-7.37906
-7.47257
-7.59865
-7.41742
-7.24742
-7.13249
-7.0994
-7.07252
-7.03239
-6.96124
-6.80565
-6.749
-6.00035
-3.72157
-6.51326
-8.13159
-7.7978
-7.21926
0

0
0
0
0
0
0
0
0
0
0
0
0
0
0
0
0
0
0
0
0
0
0


0
0
0
0
0
0
0
0
0
0
0
0
0
0
0
0
0
0
0
0
0
0

0
0
0
0
0
0
0
0
0
0
0
0
0
0
0
0
0
0
0
0
0
0

0
0
0
0
0
0
0
0
0
0
0
0
0
0
0
0
0
0
0
0
0
0

0
0
0
0
0
0
0
0
0
0
0
0
0
0
0
0
0
0
0
0
0
0

0
0
0
0
0
0
0
0
0
0
0
0
0
0
0
0
0
0
0
0
0
0

0
0
0
0
0
0
0
0
0
0
0
0
0
0
0
0
0
0
0
0
0
0

0
0
0
0
0
0
0
0
0
0
0
0
0
0
0
0
0
0
0
0
0
0

0
0
0
0
0
0
0
0
0
0
0
0
0
0
0
0
0
0
0
0
0
0

0
0
0
0
0
0
0
0
0
0
0
0
0
0
0
0
0
0
0
0
0
0

0
0
0
0
0
0
0
0
0
0
0
0
0
0
0
0
0
0
0
0
0
0

0
0
0
0
0
0
0
0
0
0
0
0
0
0
0
0
0
0
0
0
0
0

0
0
0
0
0
0
0
0
0
0
0
0
0
0
0
0
0
0
0
0
0
0

0
0
0
0
0
0
0
0
0
0
0
0
0
0
0
0
0
0
0
0
0
0

0
0
0
0
0
0
0
0
0
0
0
0
0
0
0
0
0
0
0
0
0
0

0
0
0
0
0
0
0
0
0
0
0
0
0
0
0
0
0
0
0
0
0
0

0
0
0
0
0
0
0
0
0
0
0
0
0
0
0
0
0
0
0
0
0
0

0
0
0
0
0
0
0
0
0
0
0
0
0
0
0
0
0
0
0
0
0
0


