0
0
0
0
0
0
0
0
0
0
0
0
-0.171572
0
0
0
0
0
0
0
0
0

0
-0.11476
-0.163155
-0.114105
-0.17272
-0.233252
-0.183568
-0.123413
-0.0967543
-0.193379
-0.0813556
-0.111378
0.375612
-0.087715
-0.143232
-0.166985
-1.32815
-0.230793
-0.265121
-0.219575
-0.151518
0

0
-0.11809
0.149918
-0.0939495
-0.203964
-0.113936
-0.181207
-0.239113
-0.160873
-0.193379
-0.0914996
-0.0873954
-0.14983
-0.179962
-0.139475
-0.136078
-1.31709
-0.474891
-0.271394
-0.220554
-0.151338
0

0
-0.114082
-0.15443
-0.0975668
-0.193363
-0.179463
-0.145268
-0.123421
-0.172533
-0.159523
-0.0995255
-0.0842926
-0.31186
-0.207439
-0.133933
-0.12703
1.18759
-0.191108
-0.247516
-0.222091
-0.151385
0

0
-0.113622
-0.132489
-0.0725709
-0.1828
-0.434461
-0.190956
-0.135328
-0.104646
-0.138035
-0.0984826
-0.0756555
-0.25002
-0.0225623
-0.111582
0.037625
0.356611
-0.238893
-0.230793
-0.225254
-0.151442
0

0
-0.113082
-0.123932
-0.170397
-0.192538
-0.438303
-0.199221
-0.137033
-0.134156
-0.130531
-0.0961593
-0.0799424
0.375612
-0.266697
-0.0893136
-1.37752
0.0360866
-0.286622
-0.17012
-0.228119
-0.151438
0

0
-0.112473
-0.120985
-0.147133
-0.183963
-0.493184
-0.208092
-0.135959
-0.164934
-0.124202
-0.0958712
-0.0706546
0.107562
-0.172162
-0.125717
0.141144
0.0483674
-0.325396
-0.501204
-0.256617
-0.152137
0

0
-0.111763
-0.118783
-0.135466
-0.17272
-0.619569
-0.221431
-0.132439
-0.213673
-0.120153
-0.0948214
-0.068237
0.044117
-0.115016
-0.123419
-0.0576784
-0.0137063
-0.401839
-0.488998
-0.257674
-0.152071
0

0
-0.110925
-0.116563
-0.127528
-0.15572
-0.785594
-0.239113
-0.130348
0.00983199
-0.100054
-0.0928256
-0.0675352
0.00891812
-0.084343
-0.135011
-0.11486
-0.031674
-0.516328
-0.517612
-0.246996
-0.151852
0

0
-0.109955
-0.113936
-0.120794
-0.145854
-0.542647
-0.212252
-0.124213
-0.045752
-0.0986074
-0.0914996
-0.0674723
-0.0109211
-0.0674532
-0.0835143
-0.250837
-0.0321084
-0.787156
-0.600433
-0.344209
-0.153748
0

0
-0.108866
-0.110444
-0.113479
-0.173481
1.40555
0.120795
-0.098944
-0.0611658
-0.0967543
-0.0901869
-0.0675557
-0.0214462
-0.0526435
-0.131992
-0.383536
-0.0573867
0.731601
-0.501204
-0.325284
-0.153106
0

0
-0.107699
-0.104901
-0.108771
-0.110424
0.36239
-0.000165604
-0.0913469
-0.05808
-0.0947176
-0.0888561
-0.0675678
-0.0271978
0.102828
-0.202438
-0.584102
0.13565
-0.80814
-0.744605
-0.326958
-0.153129
0

0
-0.10647
-0.0975941
-0.103045
-0.0850671
0.180043
-0.021921
-0.0859215
-0.04033
-0.0926477
-0.0888156
-0.0665666
-0.0263432
-0.0225623
-0.343629
-0.374002
0.477491
-1.0947
-0.880067
-0.315308
-0.152763
0

0
-0.102629
-0.192538
-0.0544519
-0.0674578
0.0915886
-0.033162
-0.0807328
-0.133377
-0.0991328
-0.0892796
-0.0653284
-0.024476
0.0164854
-0.407943
1.67657
1.19068
-1.37752
-1.04964
-0.285959
-0.152256
0

0
-0.104207
-0.0895778
-0.0944428
-0.0622461
0.0387783
-0.0410892
-0.0778368
-0.106122
-0.0967159
-0.0883823
-0.065177
-0.021067
0.0431007
0.783963
0.731601
1.97466
-1.79477
-1.27656
-0.217858
-0.151551
0

0
-0.102811
-0.100126
-0.0837057
-0.0544519
0.00465229
-0.0473841
-0.0747611
-0.0910919
-0.0946993
-0.0876981
-0.0648024
-0.0176637
0.0770714
0.278715
0.519284
3.01924
-2.45764
-1.60136
-0.054063
-0.150644
0

0
0
0
0
0
0
0
0
0
0
0
0
0
0
0
0
0
0
-0.247538
0
0
0


0
0.11476
0.163155
0.114105
0.17272
0.233252
0.183568
0.123413
0.0967543
0.193379
0.0813556
0.111378
-0.375612
0.087715
0.143232
0.166985
1.32815
0.230793
0.265121
0.219575
0.151518
-0.152071

0.11476
-0.11476
-0.163155
-0.114105
-0.17272
-0.233252
-0.183568
-0.123413
-0.0967543
-0.193379
-0.0813556
-0.111378
0.375612
-0.087715
-0.143232
-0.166985
-1.32815
-0.230793
-0.265121
-0.219575
-0.151518
-0.151518

0.11809
-0.11809
0.149918
-0.0939495
-0.203964
-0.113936
-0.181207
-0.239113
-0.160873
-0.193379
-0.0914996
-0.0873954
-0.14983
-0.179962
-0.139475
-0.136078
-1.31709
-0.474891
-0.271394
-0.220554
-0.151338
-0.151338

0.114082
-0.114082
-0.15443
-0.0975668
-0.193363
-0.179463
-0.145268
-0.123421
-0.172533
-0.159523
-0.0995255
-0.0842926
-0.31186
-0.207439
-0.133933
-0.12703
1.18759
-0.191108
-0.247516
-0.222091
-0.151385
-0.151385

0.113622
-0.113622
-0.132489
-0.0725709
-0.1828
-0.434461
-0.190956
-0.135328
-0.104646
-0.138035
-0.0984826
-0.0756555
-0.25002
-0.0225623
-0.111582
0.037625
0.356611
-0.238893
-0.230793
-0.225254
-0.151442
-0.151442

0.113082
-0.113082
-0.123932
-0.170397
-0.192538
-0.438303
-0.199221
-0.137033
-0.134156
-0.130531
-0.0961593
-0.0799424
0.375612
-0.266697
-0.0893136
-1.37752
0.0360866
-0.286622
-0.17012
-0.228119
-0.151438
-0.151438

0.112473
-0.112473
-0.120985
-0.147133
-0.183963
-0.493184
-0.208092
-0.135959
-0.164934
-0.124202
-0.0958712
-0.0706546
0.107562
-0.172162
-0.125717
0.141144
0.0483674
-0.325396
-0.501204
-0.256617
-0.152137
-0.152137

0.111763
-0.111763
-0.118783
-0.135466
-0.17272
-0.619569
-0.221431
-0.132439
-0.213673
-0.120153
-0.0948214
-0.068237
0.044117
-0.115016
-0.123419
-0.0576784
-0.0137063
-0.401839
-0.488998
-0.257674
-0.152071
-0.152071

0.110925
-0.110925
-0.116563
-0.127528
-0.15572
-0.785594
-0.239113
-0.130348
0.00983199
-0.100054
-0.0928256
-0.0675352
0.00891812
-0.084343
-0.135011
-0.11486
-0.031674
-0.516328
-0.517612
-0.246996
-0.151852
-0.151852

0.109955
-0.109955
-0.113936
-0.120794
-0.145854
-0.542647
-0.212252
-0.124213
-0.045752
-0.0986074
-0.0914996
-0.0674723
-0.0109211
-0.0674532
-0.0835143
-0.250837
-0.0321084
-0.787156
-0.600433
-0.344209
-0.153748
-0.153748

0.108866
-0.108866
-0.110444
-0.113479
-0.173481
1.40555
0.120795
-0.098944
-0.0611658
-0.0967543
-0.0901869
-0.0675557
-0.0214462
-0.0526435
-0.131992
-0.383536
-0.0573867
0.731601
-0.501204
-0.325284
-0.153106
-0.153106

0.107699
-0.107699
-0.104901
-0.108771
-0.110424
0.36239
-0.000165604
-0.0913469
-0.05808
-0.0947176
-0.0888561
-0.0675678
-0.0271978
0.102828
-0.202438
-0.584102
0.13565
-0.80814
-0.744605
-0.326958
-0.153129
-0.153129

0.10647
-0.10647
-0.0975941
-0.103045
-0.0850671
0.180043
-0.021921
-0.0859215
-0.04033
-0.0926477
-0.0888156
-0.0665666
-0.0263432
-0.0225623
-0.343629
-0.374002
0.477491
-1.0947
-0.880067
-0.315308
-0.152763
-0.152763

0.102629
-0.102629
-0.192538
-0.0544519
-0.0674578
0.0915886
-0.033162
-0.0807328
-0.133377
-0.0991328
-0.0892796
-0.0653284
-0.024476
0.0164854
-0.407943
1.67657
1.19068
-1.37752
-1.04964
-0.285959
-0.152256
-0.152256

0.104207
-0.104207
-0.0895778
-0.0944428
-0.0622461
0.0387783
-0.0410892
-0.0778368
-0.106122
-0.0967159
-0.0883823
-0.065177
-0.021067
0.0431007
0.783963
0.731601
1.97466
-1.79477
-1.27656
-0.217858
-0.151551
-0.151551

0.102811
-0.102811
-0.100126
-0.0837057
-0.0544519
0.00465229
-0.0473841
-0.0747611
-0.0910919
-0.0946993
-0.0876981
-0.0648024
-0.0176637
0.0770714
0.278715
0.519284
3.01924
-2.45764
-1.60136
-0.054063
-0.150644
-0.150644

0
-0.102811
-0.100126
-0.0837057
-0.0544519
0.00465229
-0.0473841
-0.0747611
-0.0910919
-0.0946993
-0.0876981
-0.0648024
-0.0176637
0.0770714
0.278715
0.519284
3.01924
-2.45764
-1.60136
-0.054063
-0.150644
0


0
0.114336
0.104872
0.115151
0.184668
0.207068
0.16753
0.147689
0.125669
0.148583
0.093591
0.0955511
-0.137716
0.107735
0.133639
0.176476
0.76015
0.305723
0.271261
0.224515
0.153688
0

0.114336
-0.114336
-0.104872
-0.115151
-0.184668
-0.207068
-0.16753
-0.147689
-0.125669
-0.148583
-0.093591
-0.0955511
0.137716
-0.107735
-0.133639
-0.176476
-0.76015
-0.305723
-0.271261
-0.224515
-0.153688
-0.153688

0.114533
-0.114533
-0.0472266
-0.109508
-0.188126
-0.240858
-0.173284
-0.167609
-0.142165
-0.156806
-0.0964781
-0.0878232
-0.0793333
-0.137283
-0.131152
-0.165871
-0.627888
-0.334538
-0.272248
-0.225577
-0.153491
-0.153491

0.113979
-0.113979
-0.106875
-0.11014
-0.185798
-0.262834
-0.169141
-0.146497
-0.145371
-0.147295
-0.0991059
-0.0842174
-0.136749
-0.143393
-0.125701
-0.165531
0.216129
-0.265822
-0.26868
-0.228434
-0.15356
-0.15356

0.113751
-0.113751
-0.118863
-0.11167
-0.182591
-0.325475
-0.181418
-0.140586
-0.129893
-0.13596
-0.0989664
-0.0787185
-0.10448
-0.114746
-0.115923
-0.204807
0.10069
-0.266251
-0.272351
-0.233519
-0.153664
-0.153664

0.113421
-0.113421
-0.120749
-0.137058
-0.182376
-0.362283
-0.189404
-0.13835
-0.133832
-0.128233
-0.0976781
-0.0755661
0.130873
-0.149229
-0.110136
-0.350393
0.000872486
-0.292925
-0.298007
-0.242092
-0.153825
-0.153825

0.112934
-0.112934
-0.120375
-0.137593
-0.177694
-0.397954
-0.193682
-0.135647
-0.140897
-0.121956
-0.0964968
-0.0705642
0.0433397
-0.136433
-0.111632
-0.199972
-0.0206003
-0.331046
-0.40218
-0.257301
-0.154135
-0.154135

0.112286
-0.112286
-0.119147
-0.132538
-0.169171
-0.431094
-0.193883
-0.131287
-0.137546
-0.115621
-0.0950829
-0.0685938
0.0141773
-0.104432
-0.108728
-0.107571
-0.0396819
-0.384815
-0.450493
-0.268553
-0.15433
-0.15433

0.111481
-0.111481
-0.117421
-0.126536
-0.15681
-0.437955
-0.18472
-0.125123
-0.0763461
-0.105964
-0.0933922
-0.0677879
-0.00455496
-0.0779064
-0.104763
-0.11761
-0.0466558
-0.446088
-0.496158
-0.281822
-0.154565
-0.154565

0.110531
-0.110531
-0.115325
-0.120283
-0.142353
-0.267764
-0.145057
-0.116361
-0.0713712
-0.101244
-0.0919088
-0.0674238
-0.0164102
-0.0563749
-0.0896022
-0.160139
-0.0395945
-0.469513
-0.54519
-0.314601
-0.15519
-0.15519

0.109457
-0.109457
-0.113046
-0.113604
-0.134698
0.759186
0.00281093
-0.100817
-0.0734693
-0.098457
-0.090602
-0.0671205
-0.0229268
-0.0323075
-0.0982429
-0.200597
-0.0184832
-0.184323
-0.590347
-0.324164
-0.155246
-0.155246

0.108285
-0.108285
-0.111294
-0.106946
-0.103006
0.154544
-0.0280773
-0.0928552
-0.0734776
-0.0965406
-0.0895101
-0.0666587
-0.0255162
0.0127752
-0.114882
-0.219316
0.098536
-0.752184
-0.722112
-0.328796
-0.15519
-0.15519

0.106997
-0.106997
-0.113255
-0.0986473
-0.0837624
0.0865619
-0.0354342
-0.0868931
-0.0752006
-0.0955867
-0.0889025
-0.0658174
-0.024828
0.00562179
-0.126974
-0.0226495
0.338083
-1.00961
-0.854041
-0.324673
-0.154961
-0.154961

0.105334
-0.105334
-0.129836
-0.0833828
-0.0705898
0.0460938
-0.0406475
-0.0823891
-0.0991899
-0.0968609
-0.0885505
-0.0648422
-0.0222867
0.0263108
-0.0602671
0.917057
0.850173
-1.30168
-1.0129
-0.307232
-0.154594
-0.154594

0.104492
-0.104492
-0.108474
-0.0875525
-0.0629466
0.0148261
-0.0453834
-0.0787998
-0.0977161
-0.0961315
-0.0879288
-0.0641257
-0.0185753
0.0547296
0.35755
0.610234
1.53991
-1.63998
-1.19816
-0.268643
-0.154109
-0.154109

0.103225
-0.103225
-0.100961
-0.0844904
-0.0562946
-0.0103952
-0.0495737
-0.0755038
-0.0911962
-0.0947629
-0.0872651
-0.0634533
-0.0147415
0.0814941
0.276695
0.531096
2.38379
-1.86784
-1.35848
-0.202938
-0.153277
-0.153277

0
-0.103225
-0.100961
-0.0844904
-0.0562946
-0.0103952
-0.0495737
-0.0755038
-0.0911962
-0.0947629
-0.0872651
-0.0634533
-0.0147415
0.0814941
0.276695
0.531096
2.38379
-1.86784
-1.35848
-0.202938
-0.153277
0


0
0.114241
0.101891
0.119507
0.190681
0.179217
0.147568
0.148058
0.13273
0.141282
0.0987645
0.0876303
-0.0218021
0.107691
0.126296
0.173694
0.464877
0.301015
0.277429
0.228902
0.15567
0

0.114241
-0.114241
-0.101891
-0.119507
-0.190681
-0.179217
-0.147568
-0.148058
-0.13273
-0.141282
-0.0987645
-0.0876303
0.0218021
-0.107691
-0.126296
-0.173694
-0.464877
-0.301015
-0.277429
-0.228902
-0.15567
-0.15567

0.114072
-0.114072
-0.0913924
-0.118223
-0.182698
-0.334435
-0.1706
-0.152391
-0.136838
-0.141892
-0.0995388
-0.0854202
-0.0514011
-0.116692
-0.124156
-0.169017
-0.380326
-0.301839
-0.279296
-0.230226
-0.155473
-0.155473

0.11411
-0.11411
-0.106408
-0.119115
-0.178689
-0.290169
-0.171689
-0.146924
-0.137392
-0.137772
-0.10023
-0.0830351
-0.0761287
-0.118884
-0.11987
-0.167975
-0.105888
-0.283004
-0.284268
-0.233895
-0.155557
-0.155557

0.114117
-0.114117
-0.115246
-0.122194
-0.175467
-0.286898
-0.175623
-0.142148
-0.132793
-0.131531
-0.099853
-0.0792701
-0.059599
-0.112521
-0.11371
-0.182372
-0.0386727
-0.280783
-0.29768
-0.240032
-0.155689
-0.155689

0.113954
-0.113954
-0.118886
-0.129995
-0.172869
-0.29527
-0.177996
-0.138486
-0.131213
-0.125616
-0.0987442
-0.0754643
0.0171864
-0.113429
-0.107777
-0.205738
-0.0527248
-0.297854
-0.327879
-0.249272
-0.155876
-0.155876

0.113584
-0.113584
-0.119845
-0.131716
-0.168209
-0.302002
-0.176852
-0.134512
-0.129383
-0.120098
-0.0973847
-0.0721446
0.00439483
-0.10626
-0.102075
-0.169596
-0.0604357
-0.327061
-0.379881
-0.261715
-0.156121
-0.156121

0.113014
-0.113014
-0.119411
-0.1293
-0.160352
-0.295948
-0.170154
-0.129251
-0.121038
-0.114448
-0.0958656
-0.0702275
-0.00813808
-0.0887255
-0.0942613
-0.11868
-0.0628491
-0.364956
-0.426971
-0.275084
-0.156372
-0.156372

0.112262
-0.112262
-0.118199
-0.124885
-0.148659
-0.266734
-0.154449
-0.122286
-0.0991288
-0.108248
-0.0942578
-0.0691271
-0.0174671
-0.0687914
-0.0843132
-0.099499
-0.057098
-0.404327
-0.474617
-0.290544
-0.156653
-0.156653

0.111353
-0.111353
-0.116562
-0.119446
-0.133005
-0.160205
-0.122175
-0.11358
-0.0892586
-0.103716
-0.0927535
-0.0683738
-0.02343
-0.0488615
-0.0707301
-0.0947423
-0.0382032
-0.431949
-0.527809
-0.309739
-0.156988
-0.156988

0.110315
-0.110315
-0.114842
-0.113349
-0.116884
0.261365
-0.0563193
-0.102673
-0.0859518
-0.100642
-0.0914174
-0.0676777
-0.0262922
-0.0272591
-0.0602077
-0.0818022
0.00243125
-0.464616
-0.596978
-0.323338
-0.157146
-0.157146

0.109177
-0.109177
-0.113593
-0.10686
-0.0982285
0.0975402
-0.0475957
-0.094652
-0.0849551
-0.0985764
-0.0902878
-0.0668772
-0.0265394
-0.00193984
-0.0463197
-0.0361868
0.0938549
-0.693435
-0.694474
-0.331989
-0.157156
-0.157156

0.107955
-0.107955
-0.113771
-0.0997487
-0.0837338
0.0468828
-0.0473005
-0.0886899
-0.0865849
-0.0973821
-0.0894191
-0.0658999
-0.0247593
0.0125485
-0.0160873
0.118917
0.274715
-0.897452
-0.806842
-0.334528
-0.157035
-0.157035

0.106632
-0.106632
-0.115552
-0.0919134
-0.0729865
0.0173636
-0.0486118
-0.0840573
-0.0932156
-0.0970191
-0.088727
-0.0648401
-0.0215004
0.033476
0.0596674
0.542478
0.632811
-1.10615
-0.932921
-0.328654
-0.156804
-0.156804

0.105364
-0.105364
-0.108544
-0.0888722
-0.0651991
-0.00449057
-0.0504971
-0.0801489
-0.0939898
-0.0962842
-0.0880482
-0.0638541
-0.0173723
0.0593566
0.233881
0.546092
1.16968
-1.2815
-1.06193
-0.311883
-0.156483
-0.156483

0.103959
-0.103959
-0.102045
-0.0855876
-0.0587742
-0.0224259
-0.0523782
-0.0766131
-0.0915629
-0.0951976
-0.0873484
-0.0629371
-0.0131937
0.0833316
0.270252
0.540018
1.79849
-1.39144
-1.17471
-0.28371
-0.155823
-0.155823

0
-0.103959
-0.102045
-0.0855876
-0.0587742
-0.0224259
-0.0523782
-0.0766131
-0.0915629
-0.0951976
-0.0873484
-0.0629371
-0.0131937
0.0833316
0.270252
0.540018
1.79849
-1.39144
-1.17471
-0.28371
-0.155823
0


0
0.114981
0.10811
0.12321
0.191706
0.229151
0.131457
0.14567
0.134226
0.135111
0.101731
0.0852968
0.0267939
0.103168
0.120021
0.165253
0.326199
0.290726
0.28216
0.232388
0.157459
0

0.114981
-0.114981
-0.10811
-0.12321
-0.191706
-0.229151
-0.131457
-0.14567
-0.134226
-0.135111
-0.101731
-0.0852968
-0.0267939
-0.103168
-0.120021
-0.165253
-0.326199
-0.290726
-0.28216
-0.232388
-0.157459
-0.157459

0.114826
-0.114826
-0.106787
-0.123158
-0.175574
-0.322338
-0.161278
-0.147406
-0.134925
-0.134298
-0.101735
-0.0843513
-0.0498712
-0.105455
-0.11797
-0.161915
-0.280832
-0.289128
-0.28515
-0.233889
-0.157264
-0.157264

0.114906
-0.114906
-0.111727
-0.124014
-0.167763
-0.317146
-0.171738
-0.145326
-0.134361
-0.131737
-0.101648
-0.0827328
-0.0597623
-0.105389
-0.114001
-0.158282
-0.177824
-0.284282
-0.293256
-0.237926
-0.157357
-0.157357

0.114942
-0.114942
-0.116381
-0.12584
-0.16498
-0.277841
-0.170668
-0.141681
-0.131825
-0.127804
-0.101015
-0.0801083
-0.0515884
-0.101738
-0.108227
-0.157603
-0.115969
-0.285958
-0.308783
-0.244373
-0.157502
-0.157502

0.114827
-0.114827
-0.119099
-0.128444
-0.162458
-0.252879
-0.167907
-0.137755
-0.12899
-0.123424
-0.0999088
-0.0770892
-0.0257836
-0.0970927
-0.101089
-0.155113
-0.0971135
-0.298906
-0.334821
-0.253437
-0.157696
-0.157696

0.114513
-0.114513
-0.120128
-0.128952
-0.158062
-0.239187
-0.163125
-0.133262
-0.125026
-0.118922
-0.0985348
-0.0744697
-0.0225734
-0.0892133
-0.0923164
-0.135017
-0.0888657
-0.321588
-0.371164
-0.264932
-0.157931
-0.157931

0.113993
-0.113993
-0.119973
-0.127091
-0.150806
-0.221706
-0.154166
-0.127724
-0.117982
-0.114296
-0.0970199
-0.0725769
-0.0254834
-0.0764145
-0.0811237
-0.103634
-0.079866
-0.351876
-0.411899
-0.27816
-0.15819
-0.15819

0.113284
-0.113284
-0.119041
-0.1235
-0.140196
-0.188254
-0.138849
-0.120917
-0.10729
-0.109667
-0.0954606
-0.0712098
-0.0286432
-0.0605922
-0.0671607
-0.0765414
-0.0646844
-0.38798
-0.457288
-0.292967
-0.158462
-0.158462

0.112411
-0.112411
-0.117644
-0.118768
-0.126301
-0.117114
-0.114766
-0.112984
-0.099501
-0.105778
-0.0939671
-0.0701003
-0.0304508
-0.0431256
-0.0497733
-0.0505647
-0.0377403
-0.43217
-0.510283
-0.308827
-0.158725
-0.158725

0.111401
-0.111401
-0.116057
-0.11331
-0.110961
0.0394464
-0.0810352
-0.104326
-0.0950591
-0.102801
-0.0926048
-0.0690517
-0.0305279
-0.0240945
-0.0292894
-0.0137707
0.00922679
-0.504285
-0.575895
-0.322995
-0.158903
-0.158903

0.110284
-0.110284
-0.114562
-0.10745
-0.096745
0.0326127
-0.0649062
-0.0968769
-0.092863
-0.100624
-0.0914081
-0.0679519
-0.0289498
-0.00363442
-0.0019169
0.0501251
0.0923341
-0.630188
-0.655457
-0.33431
-0.158977
-0.158977

0.109079
-0.109079
-0.113337
-0.101381
-0.0849357
0.0108678
-0.0588859
-0.0909142
-0.0925466
-0.0991139
-0.0903914
-0.0667659
-0.0260116
0.0153677
0.0395592
0.172358
0.239057
-0.764853
-0.745476
-0.341811
-0.158952
-0.158952

0.107793
-0.107793
-0.111882
-0.0954657
-0.0755521
-0.00654952
-0.0566198
-0.0860566
-0.0937908
-0.0980894
-0.0895215
-0.0655394
-0.0220446
0.0367763
0.10563
0.390971
0.498728
-0.892098
-0.84134
-0.344395
-0.158842
-0.158842

0.106457
-0.106457
-0.107932
-0.0909788
-0.0680057
-0.020457
-0.0558206
-0.0818575
-0.0937049
-0.0971182
-0.0887419
-0.0643587
-0.0174986
0.060566
0.202729
0.48329
0.893847
-0.990711
-0.936141
-0.341473
-0.158667
-0.158667

0.105003
-0.105003
-0.103304
-0.0869984
-0.061616
-0.0320703
-0.0554811
-0.0780575
-0.0923382
-0.0960304
-0.0879709
-0.063252
-0.0130189
0.0827781
0.260065
0.528525
1.34472
-1.05995
-1.02142
-0.333158
-0.158157
-0.158157

0
-0.105003
-0.103304
-0.0869984
-0.061616
-0.0320703
-0.0554811
-0.0780575
-0.0923382
-0.0960304
-0.0879709
-0.063252
-0.0130189
0.0827781
0.260065
0.528525
1.34472
-1.05995
-1.02142
-0.333158
-0.158157
0


0
0.116323
0.114313
0.126203
0.123819
0.098769
0.207925
0.150348
0.134692
0.130995
0.103854
0.0854698
0.0489608
0.0986705
0.114712
0.155421
0.257336
0.281407
0.284822
0.234774
0.159046
0

0.116323
-0.116323
-0.114313
-0.126203
-0.123819
-0.098769
-0.207925
-0.150348
-0.134692
-0.130995
-0.103854
-0.0854698
-0.0489608
-0.0986705
-0.114712
-0.155421
-0.257336
-0.281407
-0.284822
-0.234774
-0.159046
-0.159046

0.11617
-0.11617
-0.114482
-0.126015
-0.14197
0.0028139
-0.166323
-0.146296
-0.134105
-0.130025
-0.103573
-0.0848026
-0.0558286
-0.0986235
-0.1126
-0.152167
-0.233588
-0.280838
-0.288279
-0.236339
-0.158853
-0.158853

0.116209
-0.116209
-0.116568
-0.126584
-0.150652
-0.0578031
-0.15709
-0.143503
-0.132991
-0.128156
-0.103178
-0.0835881
-0.0589286
-0.0971522
-0.108507
-0.146749
-0.187633
-0.280985
-0.297112
-0.240457
-0.158952
-0.158952

0.116201
-0.116201
-0.118896
-0.127463
-0.152918
-0.138015
-0.157719
-0.140425
-0.130813
-0.125371
-0.102413
-0.0816652
-0.0545827
-0.0934034
-0.102349
-0.139894
-0.147776
-0.285239
-0.312145
-0.246855
-0.159103
-0.159103

0.116064
-0.116064
-0.120494
-0.128188
-0.152174
-0.17714
-0.156621
-0.136713
-0.127824
-0.122043
-0.101308
-0.0793617
-0.0444437
-0.0876563
-0.0941206
-0.129643
-0.12379
-0.296525
-0.33454
-0.255564
-0.1593
-0.1593

0.115753
-0.115753
-0.121139
-0.127785
-0.14881
-0.185619
-0.152049
-0.132234
-0.123788
-0.118427
-0.0999708
-0.0771759
-0.0396958
-0.0795043
-0.0835357
-0.111406
-0.107461
-0.315247
-0.364114
-0.266407
-0.159534
-0.159534

0.115251
-0.115251
-0.120934
-0.125912
-0.142624
-0.17604
-0.143536
-0.126831
-0.118254
-0.114671
-0.0985044
-0.0753318
-0.0383909
-0.0683766
-0.070124
-0.0855867
-0.0913017
-0.341031
-0.399511
-0.279017
-0.159792
-0.159792

0.114565
-0.114565
-0.120073
-0.122718
-0.133558
-0.151098
-0.130506
-0.120475
-0.111529
-0.110965
-0.0969979
-0.0737863
-0.0379166
-0.0546966
-0.0534482
-0.0561229
-0.0700112
-0.37427
-0.440771
-0.293005
-0.160056
-0.160056

0.113714
-0.113714
-0.118753
-0.118513
-0.121986
-0.10689
-0.112735
-0.11337
-0.10563
-0.107647
-0.0955314
-0.0724088
-0.0369822
-0.0390532
-0.0328645
-0.0216821
-0.0383622
-0.418023
-0.489188
-0.30773
-0.160304
-0.160304

0.112722
-0.112722
-0.117157
-0.113622
-0.109215
-0.0414562
-0.0920061
-0.105972
-0.101313
-0.104887
-0.0941615
-0.0710827
-0.0350935
-0.0217422
-0.00753743
0.0238988
0.010544
-0.479239
-0.546327
-0.322005
-0.1605
-0.1605

0.111617
-0.111617
-0.115426
-0.108352
-0.0972915
-0.0200851
-0.0772512
-0.0991655
-0.0984651
-0.102692
-0.0929199
-0.0697386
-0.0321617
-0.00304213
0.0247844
0.0897974
0.0876198
-0.55908
-0.611745
-0.334873
-0.160626
-0.160626

0.110416
-0.110416
-0.113585
-0.102958
-0.087013
-0.0210315
-0.0688115
-0.0933123
-0.0968318
-0.100988
-0.0918184
-0.0683584
-0.0283146
0.0163886
0.0675565
0.188658
0.210457
-0.643989
-0.683276
-0.345594
-0.160681
-0.160681

0.109138
-0.109138
-0.111385
-0.097718
-0.0783986
-0.0271824
-0.0640064
-0.0882998
-0.0959794
-0.0996433
-0.0908469
-0.0669732
-0.0237805
0.0373036
0.124064
0.326302
0.406045
-0.721714
-0.757487
-0.353598
-0.160674
-0.160674

0.107804
-0.107804
-0.108305
-0.0929983
-0.0710425
-0.0338398
-0.0609734
-0.0838544
-0.0949626
-0.0984626
-0.0899848
-0.0656436
-0.0188968
0.0594085
0.192504
0.430042
0.691466
-0.782795
-0.83073
-0.358818
-0.16062
-0.16062

0.106354
-0.106354
-0.10477
-0.0886781
-0.0646177
-0.0398939
-0.0586968
-0.0797994
-0.0935431
-0.0972726
-0.0891435
-0.0643953
-0.0141852
0.0801062
0.24782
0.499742
1.00854
-0.829764
-0.898043
-0.36097
-0.160235
-0.160235

0
-0.106354
-0.10477
-0.0886781
-0.0646177
-0.0398939
-0.0586968
-0.0797994
-0.0935431
-0.0972726
-0.0891435
-0.0643953
-0.0141852
0.0801062
0.24782
0.499742
1.00854
-0.829764
-0.898043
-0.36097
-0.160235
0


0
0.11807
0.1193
0.128033
0.130613
0.0880358
0.17497
0.147269
0.134553
0.128638
0.105755
0.0869269
0.0609257
0.0955295
0.110558
0.146456
0.220865
0.273428
0.285308
0.235995
0.160427
0

0.11807
-0.11807
-0.1193
-0.128033
-0.130613
-0.0880358
-0.17497
-0.147269
-0.134553
-0.128638
-0.105755
-0.0869269
-0.0609257
-0.0955295
-0.110558
-0.146456
-0.220865
-0.273428
-0.285308
-0.235995
-0.160427
-0.160427

0.117898
-0.117898
-0.119504
-0.127997
-0.136413
-0.0751785
-0.163599
-0.145227
-0.133785
-0.12776
-0.105373
-0.0863409
-0.0626091
-0.094598
-0.108338
-0.143082
-0.207757
-0.273785
-0.288798
-0.23755
-0.160235
-0.160235

0.117888
-0.117888
-0.120496
-0.128313
-0.141678
-0.0965812
-0.155934
-0.142673
-0.132509
-0.126298
-0.104869
-0.0853522
-0.0629069
-0.0923636
-0.104016
-0.136753
-0.183715
-0.275979
-0.297423
-0.241601
-0.160337
-0.160337

0.11782
-0.11782
-0.121622
-0.128582
-0.144322
-0.127141
-0.152551
-0.139647
-0.130437
-0.12416
-0.104063
-0.083846
-0.0600593
-0.0882905
-0.0974115
-0.127482
-0.158134
-0.281392
-0.311333
-0.2478
-0.160492
-0.160492

0.117639
-0.117639
-0.122408
-0.128467
-0.144328
-0.148061
-0.149525
-0.136028
-0.127597
-0.121528
-0.102986
-0.0820093
-0.0548885
-0.0822764
-0.0883917
-0.11443
-0.136672
-0.29171
-0.331042
-0.25611
-0.160691
-0.160691

0.117305
-0.117305
-0.122629
-0.127539
-0.141748
-0.155124
-0.144607
-0.131689
-0.123946
-0.118582
-0.101707
-0.080122
-0.0507474
-0.0741817
-0.0766829
-0.0959023
-0.117908
-0.30771
-0.356585
-0.266377
-0.160926
-0.160926

0.116798
-0.116798
-0.122253
-0.125573
-0.136591
-0.149561
-0.136883
-0.126562
-0.119467
-0.115479
-0.100308
-0.0783487
-0.0479046
-0.0638249
-0.0619034
-0.0713093
-0.0981371
-0.329706
-0.38769
-0.278332
-0.161182
-0.161182

0.116118
-0.116118
-0.12135
-0.122589
-0.129007
-0.132812
-0.126074
-0.120694
-0.114476
-0.112391
-0.0988638
-0.0767129
-0.0455334
-0.0513058
-0.0436133
-0.0410286
-0.0734385
-0.35829
-0.4244
-0.291608
-0.161445
-0.161445

0.115279
-0.115279
-0.120028
-0.118756
-0.119463
-0.105719
-0.112533
-0.114287
-0.109751
-0.109513
-0.0974398
-0.0751674
-0.0429481
-0.03687
-0.0212255
-0.00380392
-0.0395068
-0.394818
-0.467087
-0.305693
-0.161695
-0.161695

0.114301
-0.114301
-0.118397
-0.114311
-0.108925
-0.0725441
-0.0978366
-0.107702
-0.105785
-0.106981
-0.096085
-0.0736556
-0.0397895
-0.0207357
0.00605858
0.0437721
0.00909563
-0.440664
-0.515925
-0.319899
-0.161911
-0.161911

0.113205
-0.113205
-0.116541
-0.109503
-0.0986959
-0.052421
-0.0854617
-0.101429
-0.102687
-0.104835
-0.0948305
-0.072142
-0.0359506
-0.0031256
0.0394986
0.106537
0.0799783
-0.493854
-0.570116
-0.33356
-0.16208
-0.16208

0.112014
-0.112014
-0.114481
-0.104556
-0.0894675
-0.0450069
-0.0765535
-0.0957507
-0.10036
-0.103047
-0.0936914
-0.0706227
-0.031493
0.0156804
0.0805469
0.189398
0.184004
-0.54838
-0.628023
-0.346141
-0.162199
-0.162199

0.11075
-0.11075
-0.112142
-0.0996687
-0.0813545
-0.0437682
-0.0703262
-0.0906765
-0.0985512
-0.101543
-0.0926692
-0.0691253
-0.0265866
0.0356307
0.129826
0.291378
0.335394
-0.597809
-0.687458
-0.357301
-0.162275
-0.162275

0.10944
-0.10944
-0.109424
-0.0949971
-0.0741256
-0.0447704
-0.0656896
-0.0860591
-0.0968848
-0.10022
-0.0917582
-0.0676997
-0.0214937
0.056251
0.184874
0.386996
0.54259
-0.638057
-0.746422
-0.367041
-0.162316
-0.162316

0.108014
-0.108014
-0.106456
-0.0905851
-0.0676434
-0.0462909
-0.0618952
-0.0817971
-0.0951496
-0.0989242
-0.0908687
-0.0663612
-0.0166493
0.0755652
0.234262
0.462984
0.766065
-0.671165
-0.801434
-0.374724
-0.162031
-0.162031

0
-0.108014
-0.106456
-0.0905851
-0.0676434
-0.0462909
-0.0618952
-0.0817971
-0.0951496
-0.0989242
-0.0908687
-0.0663612
-0.0166493
0.0755652
0.234262
0.462984
0.766065
-0.671165
-0.801434
-0.374724
-0.162031
0


0
0.120113
0.123244
0.129905
0.133519
0.100066
0.161105
0.14569
0.134751
0.127698
0.107727
0.0891409
0.0686454
0.0940667
0.107797
0.139413
0.200437
0.266404
0.283848
0.236078
0.161597
0

0.120113
-0.120113
-0.123244
-0.129905
-0.133519
-0.100066
-0.161105
-0.14569
-0.134751
-0.127698
-0.107727
-0.0891409
-0.0686454
-0.0940667
-0.107797
-0.139413
-0.200437
-0.266404
-0.283848
-0.236078
-0.161597
-0.161597

0.119919
-0.119919
-0.123293
-0.129788
-0.13553
-0.102225
-0.157159
-0.144283
-0.133946
-0.126924
-0.107314
-0.0885979
-0.0686636
-0.0927795
-0.105484
-0.135957
-0.192397
-0.267258
-0.287196
-0.23759
-0.161407
-0.161407

0.119867
-0.119867
-0.123759
-0.129858
-0.138184
-0.112432
-0.152735
-0.142157
-0.132671
-0.125726
-0.106786
-0.0877485
-0.067905
-0.0901797
-0.100982
-0.129249
-0.177719
-0.270269
-0.295333
-0.241514
-0.161513
-0.161513

0.119748
-0.119748
-0.124248
-0.129737
-0.139767
-0.126043
-0.149103
-0.139343
-0.130712
-0.123984
-0.10599
-0.0864912
-0.0656111
-0.0859173
-0.0940655
-0.119082
-0.159867
-0.276011
-0.308119
-0.247469
-0.16167
-0.16167

0.119522
-0.119522
-0.124518
-0.129189
-0.139573
-0.136418
-0.145333
-0.135878
-0.128089
-0.121813
-0.104959
-0.0849411
-0.0621123
-0.0798661
-0.0845721
-0.104997
-0.14156
-0.285488
-0.325823
-0.255392
-0.161871
-0.161871

0.119158
-0.119158
-0.124408
-0.127969
-0.137295
-0.139952
-0.140261
-0.13173
-0.124834
-0.119343
-0.10375
-0.0832616
-0.0585133
-0.0719391
-0.0722465
-0.0861511
-0.122756
-0.299365
-0.348541
-0.265145
-0.162107
-0.162107

0.118637
-0.118637
-0.123858
-0.125934
-0.132855
-0.135705
-0.133215
-0.126895
-0.121039
-0.116708
-0.102427
-0.0815716
-0.0551803
-0.0620667
-0.0567565
-0.0618355
-0.101597
-0.318017
-0.376238
-0.276506
-0.162364
-0.162364

0.117956
-0.117956
-0.122881
-0.123077
-0.126402
-0.124113
-0.124043
-0.121449
-0.116938
-0.114048
-0.101054
-0.0799178
-0.0519263
-0.050279
-0.0377084
-0.0314824
-0.075381
-0.341738
-0.408886
-0.289172
-0.162629
-0.162629

0.117124
-0.117124
-0.121531
-0.119503
-0.118352
-0.106551
-0.113146
-0.115575
-0.112912
-0.111502
-0.0996872
-0.078298
-0.0484604
-0.0366918
-0.0146251
0.00607847
-0.0407823
-0.370763
-0.446437
-0.302741
-0.162886
-0.162886

0.116156
-0.116156
-0.119875
-0.115382
-0.109414
-0.0864426
-0.101599
-0.109548
-0.109261
-0.109172
-0.098371
-0.0766945
-0.0445849
-0.0214559
0.0130578
0.0528812
0.00632496
-0.404724
-0.488583
-0.316739
-0.16312
-0.16312

0.115073
-0.115073
-0.117973
-0.110912
-0.100438
-0.0706408
-0.0910423
-0.103681
-0.106119
-0.107109
-0.0971356
-0.0750967
-0.0402322
-0.00475798
0.0459818
0.111395
0.0711803
-0.441717
-0.534515
-0.330689
-0.163323
-0.163323

0.113899
-0.113899
-0.11586
-0.106277
-0.0919893
-0.0610913
-0.0823682
-0.0981881
-0.103473
-0.105312
-0.0959991
-0.0735119
-0.0354495
0.0131611
0.0846048
0.183361
0.160294
-0.478515
-0.583002
-0.344195
-0.16349
-0.16349

0.112659
-0.112659
-0.113539
-0.101629
-0.08425
-0.0560126
-0.0754816
-0.0931215
-0.101205
-0.103743
-0.0949695
-0.0719682
-0.0303751
0.0320232
0.128611
0.266937
0.280685
-0.511891
-0.632616
-0.357004
-0.163628
-0.163628

0.111382
-0.111382
-0.111024
-0.0970733
-0.0771257
-0.0532693
-0.0698361
-0.0884116
-0.099142
-0.102345
-0.0940481
-0.0705098
-0.0252228
0.0513068
0.175974
0.351839
0.434891
-0.540155
-0.682127
-0.369083
-0.163742
-0.163742

0.10999
-0.10999
-0.108358
-0.0926857
-0.0705985
-0.0514948
-0.0649786
-0.0840109
-0.0971215
-0.100979
-0.0931428
-0.0691397
-0.0203635
0.0693703
0.219932
0.425647
0.596497
-0.564582
-0.728876
-0.379593
-0.163536
-0.163536

0
-0.10999
-0.108358
-0.0926857
-0.0705985
-0.0514948
-0.0649786
-0.0840109
-0.0971215
-0.100979
-0.0931428
-0.0691397
-0.0203635
0.0693703
0.219932
0.425647
0.596497
-0.564582
-0.728876
-0.379593
-0.163536
0


0
0.122402
0.126452
0.131812
0.13527
0.110959
0.155199
0.145276
0.135435
0.127898
0.109905
0.0918494
0.0743568
0.0943039
0.106614
0.134717
0.188689
0.260034
0.280753
0.235087
0.162553
0

0.122402
-0.122402
-0.126452
-0.131812
-0.13527
-0.110959
-0.155199
-0.145276
-0.135435
-0.127898
-0.109905
-0.0918494
-0.0743568
-0.0943039
-0.106614
-0.134717
-0.188689
-0.260034
-0.280753
-0.235087
-0.162553
-0.162553

0.122192
-0.122192
-0.126382
-0.131605
-0.136046
-0.113949
-0.153225
-0.144104
-0.134643
-0.127203
-0.109491
-0.0913402
-0.0738515
-0.0928815
-0.104254
-0.131241
-0.182986
-0.261092
-0.283936
-0.236556
-0.162369
-0.162369

0.122111
-0.122111
-0.126576
-0.131498
-0.13735
-0.119969
-0.150424
-0.142253
-0.133419
-0.126176
-0.108974
-0.0905828
-0.0727362
-0.0901452
-0.0996707
-0.124442
-0.172483
-0.264351
-0.291588
-0.240346
-0.16248
-0.16248

0.121955
-0.121955
-0.126727
-0.131143
-0.138062
-0.127024
-0.1472
-0.139646
-0.131576
-0.124685
-0.108212
-0.0894781
-0.070666
-0.0858364
-0.0926244
-0.114037
-0.158549
-0.270014
-0.303449
-0.246064
-0.16264
-0.16264

0.121694
-0.121694
-0.126694
-0.13036
-0.137506
-0.132262
-0.143348
-0.136351
-0.129149
-0.122813
-0.107237
-0.0881076
-0.0677845
-0.079858
-0.0829501
-0.0996897
-0.142457
-0.278727
-0.319688
-0.253643
-0.162842
-0.162842

0.121305
-0.121305
-0.126366
-0.128982
-0.135286
-0.133454
-0.138342
-0.132391
-0.126199
-0.120664
-0.1061
-0.0865787
-0.0645111
-0.0721462
-0.0704146
-0.0808328
-0.124262
-0.290978
-0.340395
-0.262957
-0.163078
-0.163078

0.120771
-0.120771
-0.125685
-0.126912
-0.131261
-0.129578
-0.131802
-0.127804
-0.122835
-0.118351
-0.104857
-0.0849815
-0.0610857
-0.062666
-0.0547258
-0.0568019
-0.102843
-0.30703
-0.365567
-0.273817
-0.163337
-0.163337

0.120088
-0.120088
-0.124643
-0.124138
-0.125532
-0.120733
-0.123677
-0.122681
-0.119234
-0.115988
-0.103562
-0.0833676
-0.0575097
-0.0514329
-0.0355453
-0.0268507
-0.0762494
-0.32693
-0.395121
-0.285964
-0.163605
-0.163605

0.119263
-0.119263
-0.123268
-0.120735
-0.118437
-0.108019
-0.114316
-0.117184
-0.115627
-0.113684
-0.102268
-0.0817562
-0.0536824
-0.0385183
-0.0125015
0.0100298
-0.0419086
-0.350431
-0.428846
-0.299074
-0.163869
-0.163869

0.118308
-0.118308
-0.121605
-0.116834
-0.110513
-0.0936829
-0.104458
-0.111532
-0.112217
-0.111524
-0.101013
-0.0801513
-0.0495147
-0.0240417
0.0147734
0.0551498
0.00331254
-0.376761
-0.466305
-0.312777
-0.164118
-0.164118

0.117244
-0.117244
-0.119702
-0.112597
-0.102366
-0.0808593
-0.0950454
-0.105957
-0.109119
-0.109558
-0.0998267
-0.0785569
-0.0449805
-0.00817707
0.0465655
0.109776
0.0630474
-0.404423
-0.50677
-0.326701
-0.164344
-0.164344

0.116093
-0.116093
-0.1176
-0.108178
-0.0944566
-0.071163
-0.0867146
-0.100627
-0.106359
-0.107798
-0.0987295
-0.0769878
-0.0401299
0.0088295
0.0828677
0.174358
0.141147
-0.431466
-0.549283
-0.340527
-0.164545
-0.164545

0.114884
-0.114884
-0.115336
-0.103706
-0.0869917
-0.0643726
-0.0795796
-0.0956085
-0.10389
-0.106229
-0.0977325
-0.0754728
-0.0350847
0.0266374
0.123052
0.247203
0.24072
-0.45618
-0.592821
-0.354038
-0.164725
-0.164725

0.113646
-0.113646
-0.112955
-0.099273
-0.0799624
-0.0594863
-0.0733818
-0.0908748
-0.101624
-0.104816
-0.0968407
-0.0740526
-0.0300283
0.0447347
0.165475
0.32313
0.361179
-0.477913
-0.636496
-0.367153
-0.16489
-0.16489

0.112292
-0.112292
-0.110463
-0.0949544
-0.0734168
-0.0556241
-0.0678736
-0.0864072
-0.0994282
-0.103429
-0.0959573
-0.0727165
-0.0252813
0.0616974
0.205302
0.392269
0.484408
-0.497351
-0.67813
-0.378957
-0.164743
-0.164743

0
-0.112292
-0.110463
-0.0949544
-0.0734168
-0.0556241
-0.0678736
-0.0864072
-0.0994282
-0.103429
-0.0959573
-0.0727165
-0.0252813
0.0616974
0.205302
0.392269
0.484408
-0.497351
-0.67813
-0.378957
-0.164743
0


0
0.124915
0.129129
0.133792
0.136994
0.117106
0.153549
0.145894
0.136651
0.12905
0.112342
0.0949117
0.0789334
0.0961903
0.107116
0.132492
0.182316
0.254177
0.276263
0.233069
0.163293
0

0.124915
-0.124915
-0.129129
-0.133792
-0.136994
-0.117106
-0.153549
-0.145894
-0.136651
-0.12905
-0.112342
-0.0949117
-0.0789334
-0.0961903
-0.107116
-0.132492
-0.182316
-0.254177
-0.276263
-0.233069
-0.163293
-0.163293

0.124706
-0.124706
-0.129006
-0.133546
-0.137381
-0.119529
-0.152128
-0.144822
-0.135888
-0.128412
-0.111947
-0.0944375
-0.0783003
-0.094749
-0.104767
-0.129047
-0.177514
-0.255282
-0.279347
-0.23452
-0.163123
-0.163123

0.124609
-0.124609
-0.129073
-0.133348
-0.138143
-0.123919
-0.14996
-0.143117
-0.13472
-0.127487
-0.111455
-0.0937397
-0.0771021
-0.0920113
-0.100212
-0.122321
-0.168682
-0.258521
-0.286628
-0.238191
-0.163239
-0.163239

0.124431
-0.124431
-0.129064
-0.132878
-0.138427
-0.128666
-0.14705
-0.140653
-0.132974
-0.126143
-0.110734
-0.0927294
-0.075149
-0.0877645
-0.0932158
-0.112003
-0.156464
-0.263955
-0.29783
-0.243704
-0.163402
-0.163402

0.124149
-0.124149
-0.128879
-0.131985
-0.137651
-0.131923
-0.143306
-0.137494
-0.130692
-0.124452
-0.109818
-0.0914754
-0.072532
-0.0819356
-0.08362
-0.0977962
-0.141558
-0.272079
-0.313094
-0.250997
-0.163606
-0.163606

0.123745
-0.123745
-0.128435
-0.130538
-0.135425
-0.132091
-0.138431
-0.133683
-0.127943
-0.122504
-0.108753
-0.0900633
-0.069472
-0.0744762
-0.0712121
-0.0792288
-0.123939
-0.283276
-0.332508
-0.259956
-0.163843
-0.163843

0.123205
-0.123205
-0.127681
-0.128457
-0.131587
-0.128316
-0.132194
-0.129273
-0.124833
-0.120395
-0.10759
-0.0885693
-0.0661367
-0.0653656
-0.0557287
-0.0556901
-0.102735
-0.297737
-0.356073
-0.27041
-0.164102
-0.164102

0.122525
-0.122525
-0.126604
-0.125733
-0.126213
-0.120634
-0.124605
-0.124361
-0.12151
-0.118228
-0.106381
-0.0870445
-0.0625718
-0.0546198
-0.0368738
-0.0264517
-0.0763613
-0.315407
-0.383692
-0.282128
-0.164372
-0.164372

0.12171
-0.12171
-0.125221
-0.122429
-0.119592
-0.109943
-0.11598
-0.119098
-0.11815
-0.116096
-0.105172
-0.0855154
-0.0587469
-0.0422977
-0.0143462
0.00936741
-0.0426801
-0.335914
-0.415123
-0.294827
-0.164641
-0.164641

0.120773
-0.120773
-0.123567
-0.118659
-0.112175
-0.0978993
-0.106902
-0.113674
-0.114908
-0.114073
-0.103999
-0.0839939
-0.0546211
-0.0285081
0.0121121
0.0527215
0.000853574
-0.358465
-0.44993
-0.308188
-0.164898
-0.164898

0.119732
-0.119732
-0.121686
-0.114563
-0.10446
-0.0864792
-0.0980603
-0.108286
-0.11189
-0.112207
-0.102892
-0.0824898
-0.0501896
-0.0134187
0.0426162
0.104336
0.0569739
-0.381829
-0.487459
-0.321887
-0.165137
-0.165137

0.11861
-0.11861
-0.119621
-0.110283
-0.0968457
-0.0769506
-0.0899599
-0.103081
-0.109133
-0.110516
-0.101869
-0.0810199
-0.045504
0.00272505
0.0769724
0.164153
0.128138
-0.404586
-0.526896
-0.33564
-0.165356
-0.165356

0.117436
-0.117436
-0.117417
-0.105936
-0.0895464
-0.0695081
-0.0827653
-0.0981301
-0.10662
-0.108994
-0.100942
-0.0796121
-0.0406759
0.0195727
0.114467
0.230629
0.215562
-0.425612
-0.567388
-0.34924
-0.16556
-0.16556

0.116242
-0.116242
-0.11513
-0.101611
-0.0825934
-0.0636323
-0.0763383
-0.0934265
-0.104297
-0.107619
-0.100119
-0.0783046
-0.0358704
0.0366373
0.153673
0.300284
0.317234
-0.444646
-0.608187
-0.362582
-0.165755
-0.165755

0.114934
-0.114934
-0.112749
-0.0973745
-0.0760573
-0.0587246
-0.0705264
-0.0889616
-0.102049
-0.106264
-0.0992999
-0.077075
-0.0313674
0.0526579
0.190691
0.365216
0.419716
-0.462031
-0.647254
-0.374745
-0.165653
-0.165653

0
-0.114934
-0.112749
-0.0973745
-0.0760573
-0.0587246
-0.0705264
-0.0889616
-0.102049
-0.106264
-0.0992999
-0.077075
-0.0313674
0.0526579
0.190691
0.365216
0.419716
-0.462031
-0.647254
-0.374745
-0.165653
0


0
0.115026
0.118889
0.12339
0.126444
0.106175
0.142426
0.134932
0.125846
0.118463
0.102462
0.0856698
0.070202
0.0872177
0.0969083
0.120414
0.167777
0.236449
0.257931
0.2173
0.151316
0

0.115026
-0.124915
-0.129129
-0.133792
-0.136994
-0.117106
-0.153549
-0.145894
-0.136651
-0.12905
-0.112342
-0.0949117
-0.0789334
-0.0961903
-0.107116
-0.132492
-0.182316
-0.254177
-0.276263
-0.233069
-0.163293
-0.151316

0.114845
-0.124706
-0.129006
-0.133546
-0.137381
-0.119529
-0.152128
-0.144822
-0.135888
-0.128412
-0.111947
-0.0944375
-0.0783003
-0.094749
-0.104767
-0.129047
-0.177514
-0.255282
-0.279347
-0.23452
-0.163123
-0.151191

0.114741
-0.124609
-0.129073
-0.133348
-0.138143
-0.123919
-0.14996
-0.143117
-0.13472
-0.127487
-0.111455
-0.0937397
-0.0771021
-0.0920113
-0.100212
-0.122321
-0.168682
-0.258521
-0.286628
-0.238191
-0.163239
-0.151307

0.114554
-0.124431
-0.129064
-0.132878
-0.138427
-0.128666
-0.14705
-0.140653
-0.132974
-0.126143
-0.110734
-0.0927294
-0.075149
-0.0877645
-0.0932158
-0.112003
-0.156464
-0.263955
-0.29783
-0.243704
-0.163402
-0.151471

0.114266
-0.124149
-0.128879
-0.131985
-0.137651
-0.131923
-0.143306
-0.137494
-0.130692
-0.124452
-0.109818
-0.0914754
-0.072532
-0.0819356
-0.08362
-0.0977962
-0.141558
-0.272079
-0.313094
-0.250997
-0.163606
-0.151676

0.113857
-0.123745
-0.128435
-0.130538
-0.135425
-0.132091
-0.138431
-0.133683
-0.127943
-0.122504
-0.108753
-0.0900633
-0.069472
-0.0744762
-0.0712121
-0.0792288
-0.123939
-0.283276
-0.332508
-0.259956
-0.163843
-0.151916

0.113317
-0.123205
-0.127681
-0.128457
-0.131587
-0.128316
-0.132194
-0.129273
-0.124833
-0.120395
-0.10759
-0.0885693
-0.0661367
-0.0653656
-0.0557287
-0.0556901
-0.102735
-0.297737
-0.356073
-0.27041
-0.164102
-0.152178

0.112642
-0.122525
-0.126604
-0.125733
-0.126213
-0.120634
-0.124605
-0.124361
-0.12151
-0.118228
-0.106381
-0.0870445
-0.0625718
-0.0546198
-0.0368738
-0.0264517
-0.0763613
-0.315407
-0.383692
-0.282128
-0.164372
-0.152452

0.111837
-0.12171
-0.125221
-0.122429
-0.119592
-0.109943
-0.11598
-0.119098
-0.11815
-0.116096
-0.105172
-0.0855154
-0.0587469
-0.0422977
-0.0143462
0.00936741
-0.0426801
-0.335914
-0.415123
-0.294827
-0.164641
-0.152725

0.110916
-0.120773
-0.123567
-0.118659
-0.112175
-0.0978993
-0.106902
-0.113674
-0.114908
-0.114073
-0.103999
-0.0839939
-0.0546211
-0.0285081
0.0121121
0.0527215
0.000853574
-0.358465
-0.44993
-0.308188
-0.164898
-0.152988

0.109897
-0.119732
-0.121686
-0.114563
-0.10446
-0.0864792
-0.0980603
-0.108286
-0.11189
-0.112207
-0.102892
-0.0824898
-0.0501896
-0.0134187
0.0426162
0.104336
0.0569739
-0.381829
-0.487459
-0.321887
-0.165137
-0.153233

0.108801
-0.11861
-0.119621
-0.110283
-0.0968457
-0.0769506
-0.0899599
-0.103081
-0.109133
-0.110516
-0.101869
-0.0810199
-0.045504
0.00272505
0.0769724
0.164153
0.128138
-0.404586
-0.526896
-0.33564
-0.165356
-0.153459

0.107657
-0.117436
-0.117417
-0.105936
-0.0895464
-0.0695081
-0.0827653
-0.0981301
-0.10662
-0.108994
-0.100942
-0.0796121
-0.0406759
0.0195727
0.114467
0.230629
0.215562
-0.425612
-0.567388
-0.34924
-0.16556
-0.153671

0.106494
-0.116242
-0.11513
-0.101611
-0.0825934
-0.0636323
-0.0763383
-0.0934265
-0.104297
-0.107619
-0.100119
-0.0783046
-0.0358704
0.0366373
0.153673
0.300284
0.317234
-0.444646
-0.608187
-0.362582
-0.165755
-0.153873

0.105244
-0.114934
-0.112749
-0.0973745
-0.0760573
-0.0587246
-0.0705264
-0.0889616
-0.102049
-0.106264
-0.0992999
-0.077075
-0.0313674
0.0526579
0.190691
0.365216
0.419716
-0.462031
-0.647254
-0.374745
-0.165653
-0.153821

0
-0.105244
-0.102632
-0.08735
-0.0659017
-0.0482623
-0.0604757
-0.0792434
-0.0925102
-0.0969576
-0.0905709
-0.069515
-0.0257695
0.0553437
0.18957
0.359349
0.407462
-0.445372
-0.619949
-0.355357
-0.153821
0


0
0
0
0
0
0
0
0
0
0
0
0
0
0
0
0
0
0
0
0
0
0

0
0
0
0
0
0
0
0
0
0
0
0
0
0
0
0
0
0
0
0
0
0

0
0
0
0
0
0
0
0
0
0
0
0
0
0
0
0
0
0
0
0
0
0

0
0
0
0
0
0
0
0
0
0
0
0
0
0
0
0
0
0
0
0
0
0

0
0
0
0
0
0
0
0
0
0
0
0
0
0
0
0
0
0
0
0
0
0

0
0
0
0
0
0
0
0
0
0
0
0
0
0
0
0
0
0
0
0
0
0

0
0
0
0
0
0
0
0
0
0
0
0
0
0
0
0
0
0
0
0
0
0

0
0
0
0
0
0
0
0
0
0
0
0
0
0
0
0
0
0
0
0
0
0

0
0
0
0
0
0
0
0
0
0
0
0
0
0
0
0
0
0
0
0
0
0

0
0
0
0
0
0
0
0
0
0
0
0
0
0
0
0
0
0
0
0
0
0

0
0
0
0
0
0
0
0
0
0
0
0
0
0
0
0
0
0
0
0
0
0

0
0
0
0
0
0
0
0
0
0
0
0
0
0
0
0
0
0
0
0
0
0

0
0
0
0
0
0
0
0
0
0
0
0
0
0
0
0
0
0
0
0
0
0

0
0
0
0
0
0
0
0
0
0
0
0
0
0
0
0
0
0
0
0
0
0

0
0
0
0
0
0
0
0
0
0
0
0
0
0
0
0
0
0
0
0
0
0

0
0
0
0
0
0
0
0
0
0
0
0
0
0
0
0
0
0
0
0
0
0

0
0
0
0
0
0
0
0
0
0
0
0
0
0
0
0
0
0
0
0
0
0


