0
0
0
0
0
0
0
0
0
0
0
0
0
0
0
0
0
0
0
0
0
0

0
-0.752743
-1.0322
-0.801381
-0.834667
-0.932415
-0.991146
-0.830184
-0.719678
-1.0617
-0.690686
-0.718289
-0.440982
-0.642245
-0.945508
-1.02929
-3.52447
-1.13811
-1.22006
-1.05322
-0.861461
0

0
-0.765033
0.961289
-0.697831
-0.876283
-0.786545
-0.99954
-0.940401
-0.93734
-1.0617
-0.719426
-0.692267
-0.127538
-0.764993
-0.930252
-1.0611
-2.3699
-1.76516
-1.23497
-1.03816
-0.849264
0

0
-0.740567
-0.995187
-0.754711
-0.863165
-1.02558
-0.709327
-0.794466
-0.977302
-0.934537
-0.738797
-0.689923
-1.24188
-0.866309
-0.919289
-1.17912
2.57981
-1.00337
-1.16199
-1.0337
-0.849319
0

0
-0.73825
-0.898533
-0.71179
-0.842205
-1.00491
-0.823271
-0.811745
-0.740519
-0.858456
-0.738599
-0.698601
-0.899592
-0.863493
-0.893639
-0.96088
-0.469013
-1.28039
-1.13811
-1.02966
-0.849084
0

0
-0.736728
-0.833562
-0.905232
-0.857626
-1.08768
-0.867727
-0.813647
-0.859973
-0.832557
-0.734771
-0.717573
-0.440982
-0.900647
-0.860966
-2.63528
-0.930534
-1.38071
-1.02552
-1.01871
-0.848538
0

0
-0.735715
-0.80889
-0.852193
-0.847903
-1.16013
-0.900575
-0.812556
-0.981855
-0.815099
-0.733945
-0.700995
-0.649566
-0.853866
-0.987487
-0.607029
-0.813071
-1.4334
-1.63341
-1.04908
-0.84995
0

0
-0.735099
-0.797374
-0.826373
-0.834667
-1.22804
-0.932548
-0.808453
-1.06266
-0.796005
-0.73064
-0.694528
-0.651689
-0.799518
-1.01551
-1.09087
-0.949047
-1.58298
-1.67427
-1.0072
-0.848765
0

0
-0.734655
-0.791057
-0.812093
-0.828942
-1.15139
-0.940401
-0.808017
-0.282699
-0.721612
-0.723244
-0.688205
-0.652729
-0.788146
-1.08659
-1.2761
-1.02405
-1.77849
-1.73201
-0.923152
-0.848051
0

0
-0.73425
-0.786545
-0.801981
-0.862661
-0.544994
-0.809642
-0.782695
-0.537356
-0.72259
-0.719426
-0.68167
-0.650082
-0.791059
-1.11939
-1.56192
-1.08478
-2.16216
-1.86979
-1.45821
-0.861278
0

0
-0.733832
-0.782128
-0.792828
-0.901256
0.672084
-0.419723
-0.733109
-0.605314
-0.719678
-0.716316
-0.674187
-0.645985
-0.616545
-1.24436
-1.72476
-1.05201
-0.13327
-1.63341
-1.34404
-0.85864
0

0
-0.733363
-0.777794
-0.788118
-0.81971
-0.558086
-0.707168
-0.746719
-0.617295
-0.716086
-0.714311
-0.665462
-0.645704
0.664906
-1.40833
-1.37539
-0.277424
-2.11209
-2.04806
-1.28782
-0.858067
0

0
-0.73224
-0.78757
-0.777317
-0.795481
-0.67367
-0.728877
-0.74546
-0.621123
-0.715788
-0.709616
-0.660088
-0.613398
-0.863493
-1.48122
-0.0428474
0.894225
-2.45006
-2.25367
-1.23819
-0.857545
0

0
-0.72857
-0.857626
-0.776036
-0.782602
-0.754062
-0.746616
-0.742926
-0.826498
-0.733294
-0.707478
-0.653316
-0.597948
-0.644439
-0.732625
2.5544
2.38665
-2.63528
-2.4754
-1.17529
-0.857314
0

0
-0.731964
-0.759462
-0.775059
-0.784383
-0.83278
-0.762711
-0.745568
-0.764084
-0.726678
-0.700587
-0.649266
-0.579712
-0.527108
1.35705
-0.13327
3.53438
-2.9286
-2.74759
-1.0806
-0.857286
0

0
-0.724037
-0.767557
-0.762237
-0.776036
-0.916098
-0.768994
-0.739945
-0.731913
-0.716736
-0.690209
-0.64084
-0.56223
-0.435915
-0.294316
-0.342651
4.92294
-3.69326
-2.98046
-0.902408
-0.851579
0

0
0
0
0
0
0
0
0
0
0
0
0
0
0
0
0
0
0
0
0
0
0


0
0
0
0
0
0
0
0
0
0
0
0
0
0
0
0
0
0
0
0
0
0

0
-0.75001
-1.00284
-0.80467
-0.839254
-0.931789
-0.992305
-0.835515
-0.726285
-1.06421
-0.696397
-0.721481
-0.442025
-0.645927
-0.946751
-1.02705
-3.32836
-1.1615
-1.22544
-1.05862
-0.865784
0

0
-0.7617
0.980521
-0.693194
-0.876754
-0.79533
-0.994619
-0.938538
-0.936266
-1.05162
-0.722155
-0.694587
-0.139078
-0.762859
-0.929958
-1.05957
-2.20156
-1.73847
-1.2384
-1.04113
-0.851582
0

0
-0.736216
-0.972472
-0.757117
-0.8639
-1.02484
-0.716841
-0.79683
-0.972806
-0.934022
-0.740942
-0.691159
-1.2169
-0.867648
-0.919473
-1.18188
2.67367
-0.974783
-1.16595
-1.03673
-0.851631
0

0
-0.734093
-0.895884
-0.717028
-0.843537
-1.0069
-0.826563
-0.813867
-0.74601
-0.859202
-0.740579
-0.700269
-0.889375
-0.864016
-0.894888
-0.979513
-0.479789
-1.27576
-1.14524
-1.03287
-0.851378
0

0
-0.732704
-0.833541
-0.903432
-0.858907
-1.08667
-0.870321
-0.815522
-0.861906
-0.83388
-0.736773
-0.719116
-0.445298
-0.898415
-0.86202
-2.45604
-0.935185
-1.37731
-1.0415
-1.02255
-0.850827
0

0
-0.73176
-0.809808
-0.852632
-0.849014
-1.15702
-0.902762
-0.814247
-0.979965
-0.816694
-0.7358
-0.702542
-0.651698
-0.851968
-0.987902
-0.625533
-0.81759
-1.42848
-1.61495
-1.05247
-0.852201
0

0
-0.73118
-0.798633
-0.827542
-0.835872
-1.22094
-0.933776
-0.810088
-1.04328
-0.796874
-0.732361
-0.696103
-0.653237
-0.798969
-1.01514
-1.09588
-0.951958
-1.57287
-1.6688
-1.0122
-0.850976
0

0
-0.730755
-0.792455
-0.813478
-0.830791
-1.13967
-0.938608
-0.809762
-0.291026
-0.721871
-0.724826
-0.689751
-0.654089
-0.787305
-1.08268
-1.27691
-1.02686
-1.75793
-1.72879
-0.938418
-0.850349
0

0
-0.730362
-0.788014
-0.803392
-0.864711
-0.534127
-0.802781
-0.783596
-0.542572
-0.723688
-0.721004
-0.683183
-0.65127
-0.783746
-1.11724
-1.55166
-1.08467
-2.11516
-1.86337
-1.4457
-0.863408
0

0
-0.729952
-0.783676
-0.79429
-0.900906
0.665482
-0.419439
-0.734183
-0.608285
-0.720924
-0.717879
-0.675669
-0.64731
-0.571321
-1.23768
-1.6939
-1.0295
-0.188528
-1.64388
-1.34196
-0.860752
0

0
-0.729479
-0.779675
-0.789559
-0.820509
-0.569708
-0.710045
-0.748435
-0.620202
-0.71745
-0.715764
-0.667041
-0.647324
0.649179
-1.38405
-1.31461
-0.207436
-1.98344
-2.03424
-1.28782
-0.860155
0

0
-0.728316
-0.790377
-0.779101
-0.796887
-0.678181
-0.730836
-0.747137
-0.628177
-0.717513
-0.711135
-0.66161
-0.613968
-0.858564
-1.4298
0.0670144
1.03021
-2.36102
-2.24186
-1.23852
-0.859634
0

0
-0.724754
-0.855692
-0.777973
-0.784353
-0.757206
-0.74871
-0.744596
-0.824873
-0.734975
-0.70892
-0.654906
-0.598726
-0.636657
-0.632203
2.53179
2.57536
-2.47903
-2.45609
-1.1749
-0.859425
0

0
-0.727966
-0.761388
-0.776328
-0.785768
-0.835016
-0.764798
-0.747151
-0.764214
-0.72813
-0.701961
-0.650693
-0.580567
-0.523045
1.3626
-0.179646
3.8096
-2.63391
-2.71268
-1.07714
-0.859295
0

0
-0.718875
-0.767829
-0.762496
-0.77588
-0.913502
-0.769532
-0.740278
-0.732087
-0.71713
-0.690683
-0.6414
-0.562796
-0.43558
-0.307358
-0.34979
5.04687
-3.38938
-2.92445
-0.90773
-0.852046
0

0
0
0
0
0
0
0
0
0
0
0
0
0
0
0
0
0
0
0
0
0
0


0
0
0
0
0
0
0
0
0
0
0
0
0
0
0
0
0
0
0
0
0
0

0
-0.746419
-0.673926
-0.784257
-0.877982
-0.832025
-0.917265
-0.864621
-0.841705
-0.89022
-0.744101
-0.721376
-0.473605
-0.736517
-0.928087
-1.094
-1.93392
-1.37395
-1.24772
-1.07553
-0.876145
0

0
-0.736807
-0.269887
-0.754236
-0.859827
-1.00626
-0.912414
-0.852639
-0.860766
-0.920116
-0.738724
-0.7058
-0.574135
-0.765523
-0.915049
-1.08636
-1.72755
-1.35074
-1.22368
-1.05612
-0.861197
0

0
-0.735635
-0.684885
-0.767546
-0.86188
-1.00365
-0.855068
-0.847615
-0.877858
-0.900889
-0.746505
-0.70802
-0.753665
-0.805299
-0.911825
-1.14859
0.939807
-1.25111
-1.2304
-1.05797
-0.861344
0

0
-0.735495
-0.78619
-0.784803
-0.857186
-0.981241
-0.845134
-0.827363
-0.844867
-0.86216
-0.748575
-0.710821
-0.792004
-0.830568
-0.90923
-1.18303
-0.86106
-1.31286
-1.24409
-1.06096
-0.861382
0

0
-0.73594
-0.807819
-0.820966
-0.853817
-1.01536
-0.86506
-0.822964
-0.845324
-0.832144
-0.746565
-0.71545
-0.61954
-0.80464
-0.916125
-1.03579
-0.901808
-1.36312
-1.33012
-1.06938
-0.861548
0

0
-0.736214
-0.80681
-0.835793
-0.852784
-1.04056
-0.878973
-0.818813
-0.861826
-0.810581
-0.743251
-0.708667
-0.672064
-0.8259
-0.927256
-1.38651
-0.972261
-1.44603
-1.43822
-1.07708
-0.861756
0

0
-0.736319
-0.803193
-0.828047
-0.847739
-1.04708
-0.883856
-0.811864
-0.832588
-0.788232
-0.738927
-0.702866
-0.67138
-0.788946
-0.961838
-1.03174
-0.98956
-1.5369
-1.56376
-1.09542
-0.862545
0

0
-0.736304
-0.800021
-0.818814
-0.842976
-1.00392
-0.872587
-0.801119
-0.658047
-0.758133
-0.733445
-0.69689
-0.665541
-0.751422
-0.982423
-1.13401
-1.05471
-1.63082
-1.6657
-1.14058
-0.864109
0

0
-0.736177
-0.79751
-0.810964
-0.846623
-0.632971
-0.798571
-0.784387
-0.625466
-0.739711
-0.728243
-0.690434
-0.657665
-0.701779
-1.00397
-1.24309
-1.11042
-1.60433
-1.72573
-1.22614
-0.86667
0

0
-0.735935
-0.795713
-0.803887
-0.857893
0.394339
-0.594728
-0.757922
-0.652384
-0.733315
-0.723987
-0.683469
-0.647352
-0.574057
-1.01631
-1.32768
-1.05291
-1.67226
-1.88865
-1.28877
-0.869051
0

0
-0.735565
-0.795376
-0.798439
-0.822901
-0.776206
-0.734056
-0.757806
-0.672341
-0.730272
-0.720153
-0.676215
-0.635548
-0.250958
-1.04198
-1.04765
-0.580313
-2.14392
-2.03561
-1.28006
-0.869254
0

0
-0.735007
-0.798594
-0.792918
-0.806153
-0.755746
-0.749175
-0.756165
-0.694991
-0.729996
-0.716142
-0.669453
-0.618841
-0.537806
-1.01083
0.0667033
0.499873
-2.41222
-2.21463
-1.25902
-0.869443
0

0
-0.734182
-0.805554
-0.787617
-0.797395
-0.788749
-0.76253
-0.755917
-0.743972
-0.733364
-0.712239
-0.662978
-0.602221
-0.567224
-0.561753
1.64903
1.95766
-2.56767
-2.40536
-1.22745
-0.86985
0

0
-0.733212
-0.798587
-0.782729
-0.794303
-0.83806
-0.775636
-0.756139
-0.757288
-0.733479
-0.707364
-0.656717
-0.584859
-0.500069
0.458559
-0.450175
3.19932
-2.7078
-2.58001
-1.17911
-0.869929
0

0
-0.724802
-0.776507
-0.772385
-0.785685
-0.879273
-0.777909
-0.748802
-0.739375
-0.723587
-0.696326
-0.646292
-0.56681
-0.44177
-0.299384
-0.348258
4.49742
-2.70454
-2.60959
-1.11611
-0.860861
0

0
0
0
0
0
0
0
0
0
0
0
0
0
0
0
0
0
0
0
0
0
0


0
0
0
0
0
0
0
0
0
0
0
0
0
0
0
0
0
0
0
0
0
0

0
-0.744559
-0.665126
-0.792007
-0.893839
-0.70316
-0.86917
-0.862773
-0.857475
-0.883085
-0.763365
-0.727113
-0.604031
-0.769108
-0.917118
-1.08187
-1.3835
-1.33113
-1.26704
-1.09194
-0.885647
0

0
-0.733217
-0.601913
-0.778735
-0.863551
-1.09386
-0.89591
-0.849681
-0.849317
-0.873122
-0.752803
-0.715837
-0.642476
-0.769629
-0.903479
-1.06521
-1.36762
-1.3184
-1.24852
-1.07308
-0.870439
0

0
-0.735173
-0.68669
-0.785022
-0.859698
-1.05114
-0.880328
-0.847636
-0.853864
-0.867239
-0.755422
-0.717464
-0.699065
-0.7876
-0.90275
-1.07328
-0.662834
-1.31489
-1.26712
-1.07733
-0.870589
0

0
-0.737314
-0.75451
-0.79765
-0.856682
-0.98659
-0.864714
-0.837586
-0.846441
-0.849206
-0.75601
-0.718662
-0.729189
-0.800266
-0.901739
-1.07582
-0.789584
-1.3143
-1.29989
-1.08469
-0.870756
0

0
-0.739246
-0.788014
-0.811981
-0.853705
-0.955168
-0.86197
-0.829507
-0.836483
-0.828357
-0.754111
-0.718723
-0.689775
-0.790534
-0.900867
-1.06848
-0.912825
-1.35754
-1.3612
-1.09617
-0.871033
0

0
-0.740653
-0.800766
-0.823234
-0.851569
-0.946976
-0.861929
-0.822522
-0.826774
-0.809287
-0.750618
-0.715075
-0.682531
-0.787641
-0.902894
-1.1195
-0.978084
-1.42092
-1.43032
-1.11126
-0.871443
0

0
-0.741561
-0.80467
-0.824665
-0.847758
-0.943415
-0.857948
-0.814225
-0.800779
-0.790826
-0.74615
-0.709939
-0.681218
-0.767297
-0.908501
-1.0605
-1.00977
-1.4926
-1.52117
-1.13642
-0.872293
0

0
-0.742087
-0.805297
-0.821109
-0.841671
-0.923581
-0.845655
-0.803684
-0.742756
-0.771781
-0.741028
-0.704204
-0.674156
-0.731587
-0.908465
-1.02485
-1.04045
-1.56922
-1.61588
-1.17266
-0.873497
0

0
-0.742326
-0.804813
-0.816169
-0.835944
-0.744247
-0.806202
-0.790833
-0.703818
-0.755919
-0.735774
-0.697894
-0.663935
-0.681887
-0.89937
-1.04632
-1.06613
-1.66976
-1.7209
-1.21325
-0.874857
0

0
-0.742342
-0.8041
-0.810978
-0.834857
-0.167467
-0.712869
-0.77507
-0.700591
-0.746897
-0.730946
-0.691111
-0.651242
-0.603363
-0.879333
-1.0597
-1.02598
-1.92007
-1.86346
-1.25444
-0.87657
0

0
-0.742176
-0.803636
-0.806237
-0.820729
-0.700611
-0.741595
-0.768265
-0.709118
-0.742222
-0.726503
-0.68406
-0.63691
-0.492755
-0.851619
-0.881014
-0.738917
-2.10684
-1.98934
-1.27097
-0.877552
0

0
-0.741849
-0.803708
-0.801714
-0.811173
-0.760524
-0.760325
-0.765958
-0.72253
-0.740196
-0.722236
-0.677062
-0.621973
-0.517314
-0.785066
-0.201473
0.0636367
-2.30194
-2.1275
-1.27069
-0.878222
0

0
-0.741341
-0.804034
-0.797191
-0.805249
-0.797019
-0.773004
-0.765221
-0.741016
-0.739963
-0.718065
-0.670229
-0.60615
-0.523982
-0.547127
0.797621
1.34699
-2.37924
-2.25261
-1.25981
-0.87889
0

0
-0.740153
-0.801361
-0.792204
-0.801989
-0.833206
-0.783785
-0.764703
-0.752831
-0.739263
-0.713364
-0.663314
-0.589483
-0.486168
-0.108535
-0.284953
2.55711
-2.28043
-2.33068
-1.23715
-0.878867
0

0
-0.731336
-0.785586
-0.781163
-0.792752
-0.856645
-0.783897
-0.756713
-0.745935
-0.730334
-0.702589
-0.652077
-0.571721
-0.446975
-0.282407
-0.288021
3.64622
-2.14663
-2.37135
-1.19309
-0.8691
0

0
0
0
0
0
0
0
0
0
0
0
0
0
0
0
0
0
0
0
0
0
0


0
0
0
0
0
0
0
0
0
0
0
0
0
0
0
0
0
0
0
0
0
0

0
-0.748192
-0.712195
-0.804839
-0.885084
-0.70117
-0.875248
-0.865773
-0.860394
-0.86787
-0.77631
-0.736764
-0.67137
-0.782918
-0.906447
-1.05238
-1.2021
-1.3124
-1.28354
-1.10672
-0.894725
0

0
-0.737048
-0.699098
-0.793425
-0.860764
-0.957435
-0.87354
-0.850937
-0.846717
-0.853223
-0.763995
-0.725584
-0.676211
-0.774502
-0.892407
-1.03483
-1.18228
-1.29908
-1.26677
-1.08816
-0.879343
0

0
-0.739043
-0.72618
-0.798117
-0.852652
-1.04762
-0.886358
-0.849243
-0.846178
-0.848553
-0.764344
-0.726353
-0.699174
-0.781094
-0.890672
-1.03076
-1.02635
-1.31128
-1.2866
-1.09353
-0.879502
0

0
-0.741564
-0.76053
-0.805706
-0.850745
-1.02782
-0.876707
-0.842698
-0.841163
-0.83818
-0.763655
-0.726508
-0.714395
-0.784643
-0.887225
-1.02544
-0.930493
-1.31992
-1.31928
-1.10259
-0.879719
0

0
-0.744018
-0.785617
-0.813876
-0.85003
-0.962024
-0.864732
-0.834917
-0.831741
-0.824361
-0.761474
-0.725291
-0.707487
-0.778923
-0.881864
-1.01984
-0.951175
-1.34973
-1.36615
-1.1156
-0.880056
0

0
-0.74602
-0.799956
-0.820865
-0.848596
-0.916613
-0.856215
-0.827134
-0.819146
-0.809733
-0.757999
-0.722111
-0.696744
-0.768741
-0.875067
-1.01936
-0.983114
-1.39897
-1.42468
-1.13303
-0.880549
0

0
-0.747479
-0.807046
-0.823815
-0.845432
-0.892625
-0.847887
-0.818735
-0.800192
-0.795189
-0.753628
-0.717445
-0.690368
-0.750189
-0.865961
-0.99289
-1.00218
-1.46302
-1.49796
-1.15642
-0.881286
0

0
-0.748449
-0.810129
-0.823153
-0.840114
-0.86408
-0.835417
-0.809238
-0.772814
-0.781029
-0.7487
-0.711902
-0.681944
-0.72014
-0.850812
-0.951143
-1.01116
-1.54579
-1.58354
-1.18482
-0.882226
0

0
-0.749023
-0.811174
-0.820476
-0.833365
-0.779633
-0.811999
-0.798765
-0.748343
-0.768508
-0.743563
-0.7057
-0.670827
-0.678945
-0.826344
-0.920607
-1.00919
-1.66313
-1.68212
-1.21493
-0.883294
0

0
-0.749284
-0.81122
-0.816903
-0.827478
-0.579715
-0.772403
-0.78781
-0.73806
-0.759514
-0.738573
-0.698999
-0.657488
-0.625395
-0.790111
-0.878083
-0.965484
-1.81641
-1.7889
-1.24434
-0.884536
0

0
-0.749297
-0.810787
-0.813093
-0.820589
-0.682815
-0.763865
-0.779994
-0.737943
-0.753802
-0.733856
-0.69199
-0.642703
-0.565798
-0.739594
-0.734709
-0.769442
-1.93788
-1.89132
-1.26518
-0.885617
0

0
-0.749106
-0.810097
-0.809249
-0.814811
-0.755609
-0.772694
-0.776204
-0.743165
-0.750422
-0.72938
-0.684886
-0.627396
-0.538526
-0.659349
-0.339362
-0.213595
-2.02252
-1.98628
-1.27576
-0.886515
0

0
-0.748708
-0.8091
-0.805316
-0.810926
-0.796242
-0.78224
-0.774433
-0.751106
-0.748521
-0.725067
-0.67783
-0.611577
-0.517453
-0.506819
0.21719
0.808511
-1.99885
-2.06343
-1.27797
-0.887316
0

0
-0.747556
-0.806502
-0.800829
-0.808115
-0.826908
-0.79058
-0.773039
-0.757692
-0.746671
-0.720357
-0.670565
-0.595258
-0.483903
-0.294761
-0.12853
1.92158
-1.87261
-2.12171
-1.27183
-0.88724
0

0
-0.738573
-0.794123
-0.789388
-0.798521
-0.841817
-0.788805
-0.76437
-0.752703
-0.737595
-0.709598
-0.658813
-0.577687
-0.452321
-0.280505
-0.182601
2.76968
-1.75613
-2.15011
-1.2462
-0.877118
0

0
0
0
0
0
0
0
0
0
0
0
0
0
0
0
0
0
0
0
0
0
0


0
0
0
0
0
0
0
0
0
0
0
0
0
0
0
0
0
0
0
0
0
0

0
-0.755336
-0.754329
-0.817809
-0.819619
-0.804782
-0.968069
-0.877949
-0.861932
-0.85831
-0.786336
-0.747135
-0.707734
-0.789779
-0.896561
-1.02422
-1.13373
-1.2997
-1.29438
-1.11896
-0.903366
0

0
-0.744077
-0.745751
-0.805254
-0.826409
-0.721407
-0.891253
-0.855475
-0.846467
-0.843147
-0.773378
-0.735438
-0.701419
-0.778277
-0.881993
-1.00664
-1.11475
-1.2847
-1.2771
-1.10043
-0.887844
0

0
-0.745836
-0.758724
-0.808458
-0.840227
-0.682803
-0.861049
-0.850167
-0.84402
-0.839223
-0.772802
-0.735488
-0.710475
-0.779208
-0.878699
-1.00015
-1.07163
-1.29729
-1.29501
-1.10614
-0.888021
0

0
-0.748137
-0.776661
-0.813362
-0.845057
-0.769758
-0.857675
-0.845208
-0.839126
-0.832112
-0.771415
-0.734869
-0.717048
-0.777709
-0.872631
-0.990256
-1.0131
-1.31224
-1.32388
-1.11564
-0.888266
0

0
-0.75054
-0.792899
-0.818677
-0.846274
-0.849168
-0.856825
-0.839094
-0.831129
-0.822458
-0.768993
-0.733091
-0.715341
-0.770996
-0.863407
-0.977795
-0.99122
-1.33719
-1.36338
-1.12893
-0.888631
0

0
-0.752676
-0.804524
-0.823276
-0.845939
-0.871372
-0.852225
-0.832058
-0.820338
-0.811491
-0.765566
-0.729888
-0.707732
-0.758879
-0.850591
-0.961493
-0.989995
-1.37613
-1.41361
-1.1461
-0.889129
0

0
-0.75437
-0.811707
-0.825905
-0.843865
-0.864372
-0.844742
-0.824304
-0.806534
-0.800145
-0.761358
-0.72542
-0.699539
-0.740425
-0.833145
-0.933084
-0.988116
-1.42895
-1.47501
-1.16715
-0.88978
0

0
-0.755595
-0.815656
-0.826272
-0.83987
-0.843704
-0.834184
-0.815888
-0.790032
-0.789042
-0.756633
-0.720017
-0.689965
-0.714029
-0.808977
-0.889964
-0.976969
-1.49647
-1.54663
-1.19115
-0.890573
0

0
-0.756396
-0.817518
-0.8249
-0.834365
-0.80192
-0.818908
-0.807043
-0.774358
-0.778939
-0.751661
-0.713908
-0.678359
-0.67961
-0.775778
-0.838411
-0.950669
-1.57807
-1.62569
-1.21634
-0.891483
0

0
-0.756841
-0.818096
-0.822458
-0.828529
-0.734203
-0.798991
-0.798326
-0.764358
-0.770779
-0.746702
-0.707274
-0.664874
-0.638148
-0.731253
-0.767929
-0.889622
-1.66021
-1.70622
-1.24075
-0.892497
0

0
-0.756995
-0.817879
-0.819462
-0.823248
-0.733393
-0.786791
-0.791102
-0.760428
-0.764798
-0.741911
-0.700298
-0.650045
-0.593799
-0.672218
-0.637271
-0.729783
-1.72302
-1.78296
-1.26143
-0.893512
0

0
-0.756913
-0.817137
-0.8162
-0.818999
-0.768182
-0.786924
-0.786428
-0.760736
-0.760643
-0.73734
-0.693164
-0.634513
-0.556868
-0.59099
-0.382785
-0.335099
-1.74727
-1.85106
-1.27656
-0.894464
0

0
-0.756604
-0.815935
-0.812751
-0.815989
-0.798605
-0.79169
-0.78362
-0.76342
-0.757758
-0.732955
-0.686012
-0.618567
-0.523744
-0.475235
-0.0558517
0.419277
-1.70515
-1.90868
-1.28623
-0.895323
0

0
-0.755518
-0.813493
-0.808657
-0.813393
-0.822888
-0.79698
-0.781285
-0.766122
-0.755023
-0.728221
-0.678586
-0.602372
-0.488668
-0.34092
-0.0658677
1.35481
-1.59041
-1.9557
-1.28977
-0.895227
0

0
-0.746484
-0.802416
-0.79716
-0.803587
-0.832407
-0.793268
-0.771887
-0.760058
-0.745431
-0.717372
-0.666501
-0.584801
-0.458723
-0.2837
-0.0881093
2.01723
-1.48659
-1.9771
-1.27389
-0.884896
0

0
0
0
0
0
0
0
0
0
0
0
0
0
0
0
0
0
0
0
0
0
0


0
0
0
0
0
0
0
0
0
0
0
0
0
0
0
0
0
0
0
0
0
0

0
-0.764535
-0.785648
-0.827989
-0.842801
-0.812427
-0.90852
-0.874784
-0.862894
-0.853875
-0.795179
-0.757428
-0.73038
-0.794409
-0.888285
-1.00149
-1.10354
-1.28839
-1.29939
-1.12833
-0.911539
0

0
-0.75302
-0.775708
-0.815468
-0.831189
-0.789429
-0.887499
-0.858818
-0.847724
-0.838869
-0.781921
-0.745279
-0.720304
-0.781577
-0.873207
-0.983844
-1.08526
-1.27187
-1.28129
-1.10976
-0.895909
0

0
-0.754529
-0.783188
-0.817892
-0.836991
-0.776322
-0.870404
-0.854511
-0.845003
-0.835692
-0.781009
-0.744843
-0.723262
-0.779773
-0.868596
-0.976382
-1.06821
-1.28287
-1.2969
-1.11548
-0.896126
0

0
-0.756504
-0.793429
-0.821233
-0.841729
-0.795076
-0.860289
-0.849437
-0.840346
-0.830339
-0.779323
-0.743699
-0.725041
-0.775478
-0.860449
-0.963896
-1.03751
-1.29808
-1.322
-1.12485
-0.896401
0

0
-0.75865
-0.80378
-0.824856
-0.844358
-0.825398
-0.855452
-0.843766
-0.833566
-0.823136
-0.776796
-0.741564
-0.72296
-0.767271
-0.848333
-0.946545
-1.01114
-1.31954
-1.3561
-1.13773
-0.896778
0

0
-0.760667
-0.812298
-0.828028
-0.845078
-0.844248
-0.850994
-0.837403
-0.824803
-0.814704
-0.773445
-0.738267
-0.716755
-0.754329
-0.831591
-0.922981
-0.992461
-1.34957
-1.39901
-1.15392
-0.89726
0

0
-0.762364
-0.818363
-0.830062
-0.843996
-0.847097
-0.844872
-0.83041
-0.814346
-0.805709
-0.769412
-0.733873
-0.708373
-0.736075
-0.80925
-0.889648
-0.973167
-1.3883
-1.45024
-1.17302
-0.897851
0

0
-0.763664
-0.82219
-0.830641
-0.841195
-0.837453
-0.836551
-0.822931
-0.802801
-0.796728
-0.764896
-0.728572
-0.698304
-0.711831
-0.779873
-0.843292
-0.944761
-1.43388
-1.50835
-1.19423
-0.898552
0

0
-0.764569
-0.824282
-0.829879
-0.837021
-0.816976
-0.825824
-0.815227
-0.791703
-0.788325
-0.760115
-0.72256
-0.686476
-0.681566
-0.741787
-0.782909
-0.899016
-1.48148
-1.57042
-1.2164
-0.899352
0

0
-0.765117
-0.825128
-0.828112
-0.832207
-0.789472
-0.813516
-0.807741
-0.783155
-0.781064
-0.755274
-0.716015
-0.673019
-0.646151
-0.693143
-0.701596
-0.820571
-1.52219
-1.63253
-1.23819
-0.900239
0

0
-0.765364
-0.825108
-0.825692
-0.827653
-0.777887
-0.803721
-0.801172
-0.777992
-0.775225
-0.750528
-0.709111
-0.658303
-0.607797
-0.631548
-0.579773
-0.670949
-1.54673
-1.69151
-1.2581
-0.901174
0

0
-0.765366
-0.82448
-0.822881
-0.823921
-0.78838
-0.800195
-0.79617
-0.775759
-0.770735
-0.745964
-0.702024
-0.642795
-0.570012
-0.553376
-0.391901
-0.369005
-1.54284
-1.74491
-1.27502
-0.902117
0

0
-0.76514
-0.823356
-0.819805
-0.821091
-0.805607
-0.801072
-0.792605
-0.775492
-0.767288
-0.741586
-0.69489
-0.62687
-0.533125
-0.455933
-0.164801
0.179463
-1.49433
-1.79204
-1.28861
-0.902998
0

0
-0.764136
-0.821142
-0.81601
-0.818396
-0.822243
-0.80335
-0.789448
-0.775588
-0.763957
-0.736871
-0.68745
-0.61079
-0.496742
-0.351903
-0.0586332
0.908464
-1.39578
-1.83186
-1.2976
-0.902911
0

0
-0.755091
-0.810577
-0.804575
-0.808343
-0.827017
-0.797689
-0.779357
-0.767988
-0.753853
-0.725925
-0.675161
-0.59313
-0.466499
-0.288143
-0.0305226
1.43556
-1.30586
-1.84819
-1.28748
-0.892468
0

0
0
0
0
0
0
0
0
0
0
0
0
0
0
0
0
0
0
0
0
0
0


0
0
0
0
0
0
0
0
0
0
0
0
0
0
0
0
0
0
0
0
0
0

0
-0.775014
-0.808593
-0.837979
-0.851044
-0.824403
-0.895999
-0.877143
-0.865649
-0.853572
-0.803635
-0.76747
-0.746364
-0.798708
-0.882362
-0.984777
-1.08761
-1.27765
-1.29985
-1.13491
-0.919203
0

0
-0.763255
-0.797326
-0.825053
-0.837718
-0.812123
-0.879707
-0.86176
-0.850516
-0.838722
-0.790223
-0.755019
-0.734856
-0.785206
-0.866868
-0.966919
-1.06906
-1.26012
-1.2813
-1.11638
-0.903524
0

0
-0.764583
-0.802088
-0.826906
-0.840446
-0.80993
-0.872192
-0.858814
-0.848041
-0.836168
-0.789249
-0.754328
-0.735164
-0.782104
-0.861351
-0.958772
-1.05883
-1.2694
-1.29511
-1.12204
-0.903822
0

0
-0.76627
-0.808494
-0.829303
-0.843488
-0.815397
-0.864284
-0.854436
-0.843858
-0.831905
-0.787489
-0.752872
-0.734405
-0.776318
-0.85179
-0.94475
-1.03902
-1.28275
-1.31722
-1.13111
-0.904138
0

0
-0.768126
-0.815333
-0.831866
-0.84573
-0.827353
-0.858375
-0.849222
-0.838044
-0.82619
-0.784965
-0.75051
-0.731297
-0.76707
-0.837763
-0.924567
-1.01479
-1.30043
-1.34708
-1.14341
-0.904526
0

0
-0.769924
-0.821459
-0.834109
-0.846663
-0.837579
-0.853292
-0.843357
-0.830784
-0.819407
-0.781716
-0.747138
-0.725333
-0.753681
-0.818611
-0.897087
-0.988984
-1.32293
-1.38413
-1.1586
-0.904988
0

0
-0.771494
-0.826243
-0.835594
-0.846105
-0.84106
-0.847629
-0.836953
-0.822416
-0.812025
-0.777854
-0.742786
-0.717065
-0.73569
-0.793464
-0.86008
-0.958653
-1.34955
-1.42745
-1.1762
-0.905533
0

0
-0.772744
-0.829545
-0.836064
-0.844074
-0.83707
-0.840707
-0.830165
-0.813474
-0.804507
-0.773542
-0.737583
-0.706935
-0.712765
-0.76121
-0.810767
-0.917709
-1.37779
-1.47552
-1.19553
-0.906165
0

0
-0.773644
-0.831514
-0.8355
-0.84082
-0.826833
-0.832463
-0.823227
-0.80481
-0.797296
-0.768957
-0.731687
-0.695124
-0.684932
-0.720571
-0.74641
-0.858148
-1.40328
-1.52608
-1.21575
-0.906884
0

0
-0.774214
-0.832404
-0.83406
-0.836847
-0.813499
-0.823561
-0.816482
-0.797465
-0.79079
-0.764276
-0.725265
-0.681822
-0.652764
-0.670164
-0.661889
-0.767271
-1.42036
-1.57662
-1.2359
-0.907685
0

0
-0.774497
-0.832476
-0.831972
-0.832815
-0.804687
-0.815798
-0.810367
-0.792077
-0.785238
-0.759645
-0.718487
-0.66733
-0.617464
-0.608457
-0.547378
-0.620302
-1.42308
-1.62513
-1.25509
-0.908554
0

0
-0.774547
-0.831948
-0.829452
-0.82926
-0.80606
-0.811201
-0.80528
-0.788654
-0.780684
-0.755168
-0.711523
-0.652031
-0.58064
-0.53394
-0.392647
-0.370237
-1.40384
-1.67029
-1.27263
-0.909473
0

0
-0.774392
-0.830944
-0.826632
-0.826329
-0.814151
-0.809716
-0.80125
-0.78676
-0.776977
-0.750876
-0.704515
-0.636308
-0.543241
-0.446956
-0.211343
0.0417173
-1.35335
-1.71157
-1.28814
-0.910374
0

0
-0.773483
-0.828937
-0.823062
-0.823377
-0.824126
-0.809639
-0.797496
-0.785228
-0.773322
-0.74626
-0.697195
-0.62045
-0.506557
-0.357026
-0.0723993
0.593625
-1.26974
-1.74752
-1.30008
-0.910334
0

0
-0.764458
-0.818622
-0.811719
-0.813039
-0.82473
-0.802295
-0.786848
-0.7764
-0.762855
-0.73527
-0.68482
-0.602722
-0.475733
-0.29418
-0.00647524
1.01508
-1.19158
-1.76072
-1.29325
-0.899873
0

0
0
0
0
0
0
0
0
0
0
0
0
0
0
0
0
0
0
0
0
0
0


0
0
0
0
0
0
0
0
0
0
0
0
0
0
0
0
0
0
0
0
0
0

0
-0.786356
-0.825578
-0.847268
-0.858489
-0.838364
-0.893797
-0.881405
-0.86998
-0.856462
-0.812041
-0.777211
-0.758639
-0.803505
-0.879284
-0.973944
-1.07816
-1.26769
-1.29694
-1.13879
-0.926293
0

0
-0.774501
-0.813648
-0.834173
-0.844951
-0.825932
-0.878127
-0.866163
-0.854951
-0.841776
-0.798634
-0.764665
-0.746625
-0.789711
-0.863518
-0.955781
-1.0589
-1.24974
-1.27862
-1.12058
-0.910701
0

0
-0.775754
-0.817071
-0.835722
-0.846562
-0.826828
-0.874234
-0.863934
-0.852811
-0.839707
-0.797751
-0.763915
-0.745865
-0.786074
-0.857515
-0.94719
-1.05032
-1.25779
-1.29147
-1.12631
-0.91115
0

0
-0.777226
-0.821519
-0.83755
-0.848452
-0.829586
-0.868683
-0.860178
-0.849076
-0.836126
-0.796028
-0.762316
-0.743879
-0.77958
-0.847152
-0.932294
-1.03397
-1.26925
-1.31163
-1.13514
-0.911519
0

0
-0.778823
-0.826365
-0.839436
-0.849998
-0.834908
-0.863184
-0.855407
-0.84395
-0.831299
-0.793565
-0.759838
-0.740059
-0.769793
-0.832058
-0.910617
-1.01107
-1.28386
-1.33865
-1.14695
-0.911914
0

0
-0.780383
-0.830908
-0.841048
-0.850672
-0.840073
-0.857915
-0.849919
-0.83766
-0.825528
-0.790429
-0.756438
-0.734026
-0.756224
-0.811625
-0.881097
-0.982369
-1.30116
-1.37182
-1.16137
-0.912357
0

0
-0.781768
-0.834652
-0.842077
-0.850175
-0.842201
-0.852346
-0.843909
-0.830532
-0.819173
-0.786728
-0.752143
-0.725889
-0.738514
-0.78507
-0.841966
-0.945994
-1.31996
-1.41016
-1.17795
-0.912862
0

0
-0.782887
-0.837372
-0.842317
-0.848437
-0.840073
-0.846044
-0.837555
-0.823007
-0.812611
-0.782603
-0.747052
-0.715904
-0.71646
-0.751456
-0.790839
-0.897284
-1.33782
-1.45226
-1.19607
-0.913439
0

0
-0.783703
-0.839062
-0.841715
-0.845615
-0.834132
-0.838975
-0.831076
-0.815656
-0.806201
-0.778209
-0.741301
-0.704289
-0.690105
-0.709752
-0.724877
-0.829108
-1.35122
-1.4964
-1.21504
-0.914092
0

0
-0.784219
-0.839844
-0.840348
-0.842072
-0.826292
-0.831603
-0.824751
-0.809104
-0.80026
-0.773704
-0.735044
-0.691261
-0.659834
-0.658925
-0.640175
-0.730833
-1.35593
-1.54084
-1.23415
-0.914824
0

0
-0.784475
-0.839892
-0.838374
-0.8383
-0.820018
-0.82492
-0.818896
-0.803805
-0.795006
-0.769226
-0.728444
-0.6771
-0.626399
-0.598056
-0.531366
-0.585323
-1.34743
-1.58414
-1.25276
-0.915636
0

0
-0.784527
-0.839389
-0.835976
-0.834751
-0.818568
-0.820054
-0.81379
-0.799892
-0.790531
-0.764891
-0.721674
-0.662149
-0.590791
-0.526707
-0.394337
-0.364942
-1.32069
-1.62543
-1.2704
-0.91653
0

0
-0.784416
-0.838465
-0.833289
-0.831624
-0.821817
-0.817315
-0.809502
-0.797184
-0.786775
-0.760757
-0.714887
-0.646789
-0.553995
-0.446184
-0.236697
-0.0366363
-1.27083
-1.66431
-1.28677
-0.917461
0

0
-0.783617
-0.83663
-0.829881
-0.828393
-0.827308
-0.815713
-0.805396
-0.794776
-0.783042
-0.756337
-0.70782
-0.631305
-0.51769
-0.36385
-0.0925917
0.389842
-1.19864
-1.69908
-1.30023
-0.917527
0

0
-0.77468
-0.826517
-0.818665
-0.817823
-0.824872
-0.807198
-0.794419
-0.785224
-0.772439
-0.745425
-0.695513
-0.613631
-0.486479
-0.302498
-0.00594327
0.732626
-1.12884
-1.71093
-1.29526
-0.907182
0

0
0
0
0
0
0
0
0
0
0
0
0
0
0
0
0
0
0
0
0
0
0


0
0
0
0
0
0
0
0
0
0
0
0
0
0
0
0
0
0
0
0
0
0

0
-0.797581
-0.837494
-0.855348
-0.865406
-0.848269
-0.896796
-0.886726
-0.875286
-0.861402
-0.819989
-0.786098
-0.768067
-0.808801
-0.87915
-0.968831
-1.07312
-1.25938
-1.29176
-1.13993
-0.932364
0

0
-0.786015
-0.825667
-0.84253
-0.852223
-0.835824
-0.881413
-0.871783
-0.860602
-0.847083
-0.806921
-0.773847
-0.756222
-0.795148
-0.863398
-0.950464
-1.05318
-1.24167
-1.27438
-1.12246
-0.917185
0

0
-0.787267
-0.828566
-0.843991
-0.853588
-0.837338
-0.878615
-0.869891
-0.858735
-0.845336
-0.806184
-0.773155
-0.755161
-0.791396
-0.857249
-0.941666
-1.04468
-1.24929
-1.28713
-1.12843
-0.917816
0

0
-0.788587
-0.832118
-0.84551
-0.854959
-0.839564
-0.874113
-0.866454
-0.855286
-0.842114
-0.804533
-0.771521
-0.752716
-0.784677
-0.846588
-0.926389
-1.02902
-1.25978
-1.30647
-1.13719
-0.918234
0

0
-0.789975
-0.835964
-0.846993
-0.856015
-0.842829
-0.869027
-0.861941
-0.850547
-0.837741
-0.802144
-0.769016
-0.74859
-0.774736
-0.831114
-0.904123
-1.00643
-1.27289
-1.33222
-1.14872
-0.91863
0

0
-0.79132
-0.839614
-0.848192
-0.856334
-0.84582
-0.86374
-0.856664
-0.844766
-0.832497
-0.799113
-0.765638
-0.742534
-0.761205
-0.810263
-0.873822
-0.976659
-1.28793
-1.3637
-1.16274
-0.919054
0

0
-0.792509
-0.842674
-0.848864
-0.855628
-0.846783
-0.8581
-0.850851
-0.838259
-0.826699
-0.795549
-0.761426
-0.734557
-0.743796
-0.783304
-0.833876
-0.937726
-1.30354
-1.39996
-1.17879
-0.919527
0

0
-0.793462
-0.844923
-0.84884
-0.853805
-0.844759
-0.851889
-0.844697
-0.831418
-0.820674
-0.791585
-0.756469
-0.724818
-0.722357
-0.74939
-0.782125
-0.885388
-1.31743
-1.43974
-1.19629
-0.920062
0

0
-0.79414
-0.84631
-0.848065
-0.850985
-0.839988
-0.845138
-0.838418
-0.824706
-0.814738
-0.787363
-0.750888
-0.713513
-0.696937
-0.707622
-0.715932
-0.813017
-1.32644
-1.48156
-1.21464
-0.920664
0

0
-0.794545
-0.846901
-0.846593
-0.847467
-0.833856
-0.838238
-0.832265
-0.818591
-0.809164
-0.783027
-0.744826
-0.700857
-0.667847
-0.657164
-0.632132
-0.711126
-1.32683
-1.52396
-1.2332
-0.92134
0

0
-0.794711
-0.846829
-0.844553
-0.843663
-0.828598
-0.831904
-0.826506
-0.813431
-0.80415
-0.778711
-0.738441
-0.687114
-0.635659
-0.597433
-0.527359
-0.566371
-1.31459
-1.56573
-1.25144
-0.922098
0

0
-0.794702
-0.846256
-0.84211
-0.839963
-0.826321
-0.826903
-0.82137
-0.809379
-0.799804
-0.774536
-0.731907
-0.672608
-0.601155
-0.52849
-0.400085
-0.361113
-1.28582
-1.60615
-1.269
-0.922958
0

0
-0.794584
-0.845328
-0.839417
-0.836591
-0.827509
-0.82356
-0.816946
-0.806365
-0.796119
-0.770588
-0.725394
-0.657722
-0.565277
-0.451963
-0.255846
-0.0784363
-1.23789
-1.64498
-1.28568
-0.923913
0

0
-0.793893
-0.843622
-0.836106
-0.833131
-0.830746
-0.821187
-0.812708
-0.803652
-0.792502
-0.766443
-0.718682
-0.642757
-0.529713
-0.373973
-0.115177
0.271685
-1.17326
-1.6804
-1.29991
-0.924141
0

0
-0.785201
-0.833806
-0.825133
-0.822523
-0.826778
-0.812168
-0.801731
-0.793958
-0.782079
-0.755832
-0.706687
-0.625386
-0.498472
-0.313395
-0.0190256
0.564362
-1.10888
-1.69244
-1.29606
-0.914133
0

0
0
0
0
0
0
0
0
0
0
0
0
0
0
0
0
0
0
0
0
0
0


0
0
0
0
0
0
0
0
0
0
0
0
0
0
0
0
0
0
0
0
0
0

0
-0.800143
-0.83403
-0.851756
-0.861706
-0.844593
-0.893147
-0.882878
-0.871481
-0.857624
-0.816291
-0.782591
-0.764759
-0.805625
-0.875844
-0.965272
-1.06931
-1.25475
-1.28581
-1.13382
-0.927466
0

0
-0.790377
-0.824147
-0.840928
-0.850544
-0.834131
-0.879862
-0.870023
-0.858858
-0.845334
-0.805154
-0.772186
-0.754714
-0.793865
-0.862157
-0.949196
-1.05192
-1.23996
-1.27142
-1.11904
-0.914489
0

0
-0.791622
-0.827024
-0.842364
-0.851891
-0.835611
-0.877044
-0.868134
-0.856992
-0.843589
-0.804416
-0.771491
-0.753653
-0.790125
-0.856044
-0.940465
-1.04352
-1.2476
-1.28405
-1.1249
-0.915077
0

0
-0.792948
-0.830568
-0.843869
-0.853262
-0.837821
-0.87253
-0.864719
-0.853567
-0.840391
-0.802783
-0.76987
-0.751227
-0.783445
-0.845459
-0.925319
-1.02805
-1.25818
-1.3033
-1.13353
-0.915455
0

0
-0.794344
-0.834411
-0.845339
-0.854323
-0.841091
-0.86743
-0.86023
-0.848854
-0.836045
-0.800417
-0.767382
-0.747128
-0.773559
-0.830093
-0.903241
-1.00573
-1.27144
-1.32893
-1.14491
-0.915798
0

0
-0.795697
-0.83806
-0.846527
-0.85465
-0.844105
-0.862134
-0.854978
-0.843101
-0.830831
-0.797413
-0.764025
-0.741104
-0.760102
-0.809386
-0.873205
-0.976351
-1.28672
-1.36029
-1.15875
-0.916156
0

0
-0.796894
-0.841122
-0.847192
-0.853953
-0.8451
-0.856495
-0.849188
-0.836619
-0.825062
-0.793877
-0.759835
-0.733161
-0.742781
-0.782615
-0.83362
-0.938004
-1.30269
-1.39645
-1.17458
-0.916554
0

0
-0.797854
-0.843376
-0.847166
-0.852139
-0.843104
-0.850294
-0.843057
-0.829799
-0.819063
-0.78994
-0.7549
-0.723458
-0.721442
-0.748933
-0.782349
-0.88653
-1.31712
-1.43617
-1.19187
-0.917005
0

0
-0.798538
-0.844768
-0.846391
-0.849323
-0.838344
-0.843555
-0.836798
-0.823099
-0.813149
-0.785742
-0.74934
-0.712189
-0.696126
-0.707443
-0.71678
-0.815431
-1.32693
-1.47799
-1.20999
-0.917517
0

0
-0.798947
-0.845365
-0.84492
-0.845806
-0.832187
-0.83666
-0.830661
-0.816989
-0.807588
-0.781426
-0.743297
-0.699565
-0.667133
-0.6573
-0.63376
-0.715414
-1.32846
-1.52047
-1.22832
-0.9181
0

0
-0.799115
-0.845298
-0.842881
-0.841999
-0.826871
-0.830314
-0.824912
-0.811828
-0.802582
-0.777126
-0.736927
-0.685849
-0.635029
-0.597901
-0.529878
-0.573391
-1.31782
-1.56242
-1.24634
-0.918764
0

0
-0.799105
-0.844729
-0.84044
-0.838297
-0.824531
-0.825283
-0.819778
-0.807773
-0.798237
-0.772961
-0.730403
-0.671362
-0.600585
-0.52926
-0.403384
-0.371875
-1.29125
-1.60314
-1.26369
-0.91953
0

0
-0.798991
-0.843809
-0.837755
-0.834933
-0.825678
-0.821905
-0.815357
-0.804762
-0.794557
-0.769025
-0.7239
-0.656485
-0.564725
-0.452886
-0.259312
-0.0932629
-1.24615
-1.64242
-1.28018
-0.920406
0

0
-0.798427
-0.842243
-0.834576
-0.831603
-0.829031
-0.81962
-0.811239
-0.80218
-0.791066
-0.765005
-0.717291
-0.641566
-0.52907
-0.374545
-0.117477
0.255401
-1.1846
-1.67886
-1.29454
-0.920734
0

0
-0.790982
-0.833708
-0.824877
-0.822302
-0.826523
-0.811886
-0.801488
-0.793718
-0.781815
-0.755506
-0.706273
-0.62487
-0.497869
-0.312763
-0.0181593
0.555923
-1.12223
-1.69419
-1.29268
-0.912149
0

0
0
0
0
0
0
0
0
0
0
0
0
0
0
0
0
0
0
0
0
0
0


0
0
0
0
0
0
0
0
0
0
0
0
0
0
0
0
0
0
0
0
0
0

0
0
0
0
0
0
0
0
0
0
0
0
0
0
0
0
0
0
0
0
0
0

0
0
0
0
0
0
0
0
0
0
0
0
0
0
0
0
0
0
0
0
0
0

0
0
0
0
0
0
0
0
0
0
0
0
0
0
0
0
0
0
0
0
0
0

0
0
0
0
0
0
0
0
0
0
0
0
0
0
0
0
0
0
0
0
0
0

0
0
0
0
0
0
0
0
0
0
0
0
0
0
0
0
0
0
0
0
0
0

0
0
0
0
0
0
0
0
0
0
0
0
0
0
0
0
0
0
0
0
0
0

0
0
0
0
0
0
0
0
0
0
0
0
0
0
0
0
0
0
0
0
0
0

0
0
0
0
0
0
0
0
0
0
0
0
0
0
0
0
0
0
0
0
0
0

0
0
0
0
0
0
0
0
0
0
0
0
0
0
0
0
0
0
0
0
0
0

0
0
0
0
0
0
0
0
0
0
0
0
0
0
0
0
0
0
0
0
0
0

0
0
0
0
0
0
0
0
0
0
0
0
0
0
0
0
0
0
0
0
0
0

0
0
0
0
0
0
0
0
0
0
0
0
0
0
0
0
0
0
0
0
0
0

0
0
0
0
0
0
0
0
0
0
0
0
0
0
0
0
0
0
0
0
0
0

0
0
0
0
0
0
0
0
0
0
0
0
0
0
0
0
0
0
0
0
0
0

0
0
0
0
0
0
0
0
0
0
0
0
0
0
0
0
0
0
0
0
0
0

0
0
0
0
0
0
0
0
0
0
0
0
0
0
0
0
0
0
0
0
0
0


