0
0
0
0
0
0
0
0
0
0
0
0
0
0
0
0
0
0
0
0
0
0

0
0
0
0
0
0
0
0
0
0
0
0
0
0
0
0
0
0
0
0
0
0

0
0
0
0
0
0
0
0
0
0
0
0
0
0
0
0
0
0
0
0
0
0

0
0
0
0
0
0
0
0
0
0
0
0
0
0
0
0
0
0
0
0
0
0

0
0
0
0
0
0
0
0
0
0
0
0
0
0
0
0
0
0
0
0
0
0

0
0
0
0
0
0
0
0
0
0
0
0
0
0
0
0
0
0
0
0
0
0

0
0
0
0
0
0
0
0
0
0
0
0
0
0
0
0
0
0
0
0
0
0

0
0
0
0
0
0
0
0
0
0
0
0
0
0
0
0
0
0
0
0
0
0

0
0
0
0
0
0
0
0
0
0
0
0
0
0
0
0
0
0
0
0
0
0

0
0
0
0
0
0
0
0
0
0
0
0
0
0
0
0
0
0
0
0
0
0

0
0
0
0
0
0
0
0
0
0
0
0
0
0
0
0
0
0
0
0
0
0

0
0
0
0
0
0
0
0
0
0
0
0
0
0
0
0
0
0
0
0
0
0

0
0
0
0
0
0
0
0
0
0
0
0
0
0
0
0
0
0
0
0
0
0

0
0
0
0
0
0
0
0
0
0
0
0
0
0
0
0
0
0
0
0
0
0

0
0
0
0
0
0
0
0
0
0
0
0
0
0
0
0
0
0
0
0
0
0

0
0
0
0
0
0
0
0
0
0
0
0
0
0
0
0
0
0
0
0
0
0

0
0
0
0
0
0
0
0
0
0
0
0
0
0
0
0
0
0
0
0
0
0


0
0
0
0
0
0
0
0
0
0
0
0
0
0
0
0
0
0
0
0
0
0

0.5
0.485838
0.517129
0.580865
0.555869
0.513147
0.472478
0.516781
0.368966
0.661792
0.544428
0.551177
0.71696
0.55086
0.804101
1.42767
0.40974
0.615123
0.538164
0.466174
0.465043
0

0.5
0.481239
0.513923
0.489786
0.540638
0.505279
0.465732
0.517194
0.53017
0.422701
0.520355
0.553645
0.735063
0.717188
0.802964
1.41222
0.293277
0.619279
0.533431
0.459851
0.459059
0

0.5
0.486125
0.507723
0.584779
0.563463
0.480708
0.498145
0.525508
0.516974
0.459764
0.517631
0.625429
0.61983
0.693646
0.806025
0.712368
1.38372
0.763067
0.539395
0.453278
0.452447
0

0.5
0.489753
0.505441
0.583838
0.627193
0.410492
0.476412
0.504459
0.537928
0.476297
0.513943
0.608553
0.592962
0.671155
0.788042
0.59796
1.27843
0.760937
0.530925
0.442143
0.441309
0

0.5
0.492331
0.536073
0.484557
0.636392
0.398047
0.469292
0.513513
0.515379
0.509518
0.51551
0.44482
-0.541629
0.643896
0.82822
0.657784
1.25032
0.76498
0.531088
0.427579
0.426721
0

0.5
0.494289
0.529584
0.549519
0.671245
0.376082
0.463015
0.526623
0.497593
0.489861
0.508774
0.484293
0.779525
0.689147
0.784283
0.70502
1.29161
0.856963
0.355322
0.39719
0.396701
0

0.5
0.49518
0.523974
0.543573
0.702193
0.349964
0.458233
0.532498
0.473432
0.49592
0.506288
0.496193
0.710737
0.703367
0.828702
0.76687
1.36893
0.860345
0.322809
0.377531
0.37711
0

0.5
0.495347
0.518561
0.534722
0.738101
0.317968
0.457927
0.452291
0.587181
0.510347
0.504803
0.502375
0.667456
0.694166
1.41362
0.831897
1.48807
0.853172
0.26179
0.361381
0.361151
0

0.5
0.495019
0.513271
0.52367
0.783714
0.399623
0.474037
0.463232
0.561186
0.51287
0.502669
0.503138
0.628298
0.726182
0.311304
0.663734
1.62534
0.85178
0.233168
0.274415
0.273556
0

0.5
0.494378
0.507698
0.525846
0.297397
0.813888
0.472262
0.472332
0.552744
0.514423
0.49971
0.499283
0.592065
0.714617
0.817662
0.641586
1.9091
0.762815
0.124378
0.260732
0.259936
0

0.5
0.493556
0.502811
0.506911
0.310079
0.669682
0.580836
0.496287
0.55139
0.515474
0.503289
0.490747
0.54684
0.73681
0.791951
0.529619
2.35254
0.697897
-0.0101538
0.246081
0.245371
0

0.5
0.492773
0.498026
0.494782
0.374922
0.611787
0.564614
0.504373
0.552783
0.514576
0.493937
0.482397
0.512785
0.745582
0.667516
0.568014
2.69629
0.711208
-0.15117
0.23874
0.237938
0

0.5
0.494488
0.491042
0.488818
0.421847
0.577857
0.555698
0.537377
0.513278
0.509754
0.508615
0.470628
0.470102
0.69691
-0.359738
1.0184
3.55697
0.693053
-0.325653
0.244626
0.243538
0

0.5
0.49225
0.488385
0.485283
0.461228
0.549986
0.547251
0.538384
0.521204
0.50868
0.48456
0.457128
0.425332
0.212016
0.3754
0.39282
4.53038
0.768282
-0.644844
0.278432
0.276268
0

0.5
0.488356
0.483443
0.481298
0.491979
0.519557
0.536129
0.534264
0.522401
0.505056
0.479338
0.443325
0.385555
0.28869
0.277144
0.301789
-0.637156
0.164001
0.45541
0.378064
0.377511
0

0
0
0
0
0
0
0
0
0
0
0
0
0
0
0
0
0
0
0
0
0
0


0
0
0
0
0
0
0
0
0
0
0
0
0
0
0
0
0
0
0
0
0
0

0.5
0.467496
0.541412
0.564656
0.551816
0.522344
0.492198
0.506362
0.532606
0.457217
0.530449
0.51665
0.74151
0.740649
0.811907
1.08371
0.70767
0.740658
0.568154
0.491154
0.489745
0

0.5
0.447022
0.572633
0.569844
0.540557
0.525412
0.496371
0.50125
0.532406
0.473762
0.525569
0.54056
0.703443
0.719269
0.803564
1.02464
0.812354
0.720877
0.560269
0.484716
0.483681
0

0.5
0.472158
0.531109
0.564135
0.552885
0.49803
0.496109
0.513241
0.525958
0.479946
0.522421
0.569865
0.674275
0.709456
0.805437
0.718206
1.13436
0.753954
0.554701
0.478032
0.476996
0

0.5
0.485674
0.520644
0.560661
0.575071
0.476535
0.490533
0.511241
0.52489
0.487773
0.519573
0.562124
0.658721
0.710011
0.817623
0.665283
1.12132
0.772039
0.541176
0.467296
0.466273
0

0.5
0.491662
0.524761
0.553513
0.595122
0.455723
0.485388
0.513786
0.519204
0.493431
0.517475
0.500391
0.609714
0.6815
0.83485
0.587847
1.13706
0.790962
0.511343
0.451913
0.450941
0

0.5
0.494589
0.523912
0.544026
0.606171
0.443315
0.482683
0.516808
0.513883
0.499437
0.514548
0.509516
0.711558
0.691662
0.807042
0.71153
1.20031
0.830854
0.459141
0.431763
0.43084
0

0.5
0.49598
0.520558
0.538897
0.607618
0.440266
0.48348
0.513782
0.516161
0.504625
0.512303
0.514059
0.67773
0.694949
0.746316
0.767743
1.27676
0.851936
0.409731
0.409425
0.408586
0

0.5
0.496493
0.516424
0.532085
0.596209
0.446842
0.490135
0.489061
0.539098
0.510682
0.510395
0.515014
0.645572
0.696097
0.715221
0.783057
1.37418
0.870289
0.361065
0.383166
0.382373
0

0.5
0.496513
0.51193
0.523823
0.53412
0.502172
0.50968
0.488614
0.543242
0.514055
0.508224
0.51278
0.61235
0.688959
0.745599
0.779909
1.50449
0.902668
0.316037
0.347706
0.346463
0

0.5
0.496357
0.50707
0.516833
0.303052
0.758991
0.563937
0.49842
0.541873
0.515505
0.505571
0.507606
0.574488
0.687242
0.704086
0.750184
1.73403
1.01974
0.254069
0.322416
0.321309
0

0.5
0.496462
0.501825
0.505457
0.371204
0.611138
0.55757
0.505564
0.539725
0.515713
0.502381
0.499976
0.529564
0.695795
0.638523
0.698223
1.96525
0.897022
0.147196
0.30331
0.302342
0

0.5
0.497745
0.494923
0.497683
0.412837
0.581638
0.552511
0.513404
0.53612
0.514876
0.498716
0.490188
0.507556
0.634549
0.418598
0.697103
2.3325
0.844953
0.0296806
0.29065
0.289773
0

0.5
0.501272
0.482923
0.494717
0.444473
0.559882
0.547051
0.527369
0.526674
0.51287
0.494517
0.47897
0.475499
0.538189
0.0114926
0.871573
2.895
0.824124
-0.100373
0.285798
0.284948
0

0.5
0.49673
0.488102
0.489533
0.472313
0.540698
0.541149
0.532392
0.524203
0.51116
0.490939
0.466707
0.436801
0.320433
0.325297
0.372541
3.62291
0.821444
-0.214197
0.291072
0.290281
0

0.5
0.490939
0.486593
0.48483
0.49359
0.519376
0.532358
0.531136
0.521797
0.507191
0.485133
0.453868
0.403468
0.325972
0.296735
0.180993
3.52706
0.850006
-0.571061
0.30612
0.305706
0

0
0
0
0
0
0
0
0
0
0
0
0
0
0
0
0
0
0
0
0
0
0


0
0
0
0
0
0
0
0
0
0
0
0
0
0
0
0
0
0
0
0
0
0

0.5
0.475129
0.536208
0.549306
0.541411
0.514989
0.496205
0.510626
0.532203
0.494374
0.533037
0.528437
0.709259
0.722538
0.796323
0.938012
0.807695
0.736293
0.582775
0.512415
0.510993
0

0.5
0.468465
0.536809
0.547493
0.52351
0.532634
0.498621
0.509421
0.527211
0.491607
0.528477
0.545848
0.68557
0.712693
0.789635
0.9019
0.839815
0.736257
0.575865
0.506162
0.505123
0

0.5
0.478733
0.528286
0.547637
0.534265
0.519815
0.499742
0.511963
0.524691
0.494728
0.526877
0.557453
0.672995
0.706385
0.787865
0.783082
0.968763
0.753449
0.56877
0.500016
0.498977
0

0.5
0.486956
0.522555
0.54582
0.546974
0.502721
0.497991
0.512787
0.523021
0.498959
0.524917
0.553874
0.670949
0.701009
0.787831
0.742517
1.02959
0.772699
0.555222
0.490312
0.489279
0

0.5
0.492027
0.521103
0.541391
0.557837
0.488709
0.49582
0.513569
0.520867
0.503086
0.522902
0.530692
0.684116
0.695201
0.785466
0.744555
1.07076
0.792794
0.532006
0.476896
0.47588
0

0.5
0.494921
0.519644
0.53715
0.562218
0.481274
0.49516
0.513751
0.519674
0.506868
0.520653
0.529679
0.673843
0.689076
0.773755
0.753846
1.12259
0.815285
0.499414
0.460015
0.459022
0

0.5
0.496464
0.517236
0.53243
0.557633
0.481693
0.497329
0.511192
0.522003
0.510487
0.518619
0.529275
0.654332
0.684747
0.745279
0.782372
1.19052
0.836228
0.463094
0.44032
0.439342
0

0.5
0.497184
0.51413
0.526458
0.541617
0.491423
0.503774
0.504258
0.529748
0.513975
0.516631
0.527232
0.630628
0.678778
0.723525
0.800098
1.27614
0.857288
0.423463
0.417876
0.416884
0

0.5
0.497436
0.510575
0.519098
0.493392
0.530371
0.517535
0.503135
0.533752
0.516333
0.514406
0.523188
0.604165
0.668673
0.703271
0.80522
1.38397
0.881296
0.378575
0.393162
0.392085
0

0.5
0.497503
0.506681
0.5119
0.35847
0.655831
0.543239
0.507456
0.534416
0.517433
0.511781
0.51714
0.574489
0.654778
0.673214
0.797251
1.52534
0.894643
0.318756
0.370813
0.369759
0

0.5
0.497654
0.502515
0.50444
0.409779
0.588237
0.545521
0.512533
0.533465
0.517519
0.50872
0.509312
0.54159
0.633513
0.613961
0.768627
1.77665
0.87612
0.246724
0.352399
0.35142
0

0.5
0.498158
0.498001
0.499004
0.438851
0.56503
0.543811
0.518206
0.531244
0.516789
0.505298
0.500026
0.516121
0.587458
0.481307
0.736198
2.08652
0.873134
0.165096
0.338146
0.337261
0

0.5
0.498891
0.493552
0.495669
0.461905
0.548454
0.540614
0.524907
0.527584
0.515453
0.501636
0.489638
0.48685
0.513312
0.25418
0.720545
2.51083
0.889118
0.0781345
0.328675
0.327891
0

0.5
0.497438
0.492247
0.492887
0.482031
0.534464
0.53666
0.529306
0.525458
0.513955
0.497863
0.478528
0.454273
0.398768
0.332006
0.349257
3.05826
0.945585
-0.00841292
0.32423
0.323582
0

0.5
0.493084
0.489528
0.488565
0.496295
0.518508
0.529685
0.528924
0.521787
0.509915
0.492021
0.466657
0.426019
0.366696
0.333066
0.0824451
3.63456
1.01366
-0.082358
0.321424
0.321099
0

0
0
0
0
0
0
0
0
0
0
0
0
0
0
0
0
0
0
0
0
0
0


0
0
0
0
0
0
0
0
0
0
0
0
0
0
0
0
0
0
0
0
0
0

0.5
0.48404
0.529124
0.535681
0.472139
0.424777
0.487192
0.513168
0.529029
0.506884
0.536513
0.551853
0.680683
0.711678
0.780125
0.86947
0.841165
0.744822
0.599157
0.534492
0.533038
0

0.5
0.481616
0.526069
0.533767
0.470732
0.541551
0.501441
0.512018
0.525211
0.504391
0.532649
0.555264
0.669558
0.704639
0.773833
0.849702
0.857644
0.744263
0.59237
0.528463
0.527407
0

0.5
0.485658
0.523133
0.534745
0.505721
0.54422
0.504764
0.513378
0.524131
0.506079
0.531652
0.55931
0.663059
0.70036
0.770918
0.808346
0.912264
0.755182
0.585855
0.523133
0.522074
0

0.5
0.490086
0.520197
0.534694
0.523475
0.525327
0.504639
0.514155
0.523162
0.508439
0.530245
0.557168
0.659715
0.695511
0.767345
0.780227
0.963147
0.770118
0.5746
0.514843
0.513781
0

0.5
0.49351
0.518347
0.533011
0.533687
0.511046
0.503876
0.514514
0.522373
0.510977
0.528559
0.548466
0.6597
0.690002
0.76188
0.773827
1.00655
0.78672
0.557518
0.503612
0.502547
0

0.5
0.495792
0.516745
0.530287
0.536952
0.503986
0.504024
0.514323
0.522324
0.513443
0.526706
0.544248
0.651825
0.683513
0.752068
0.77954
1.05491
0.804408
0.534956
0.489673
0.488605
0

0.5
0.49717
0.514806
0.526629
0.533133
0.503586
0.506097
0.513132
0.52382
0.515765
0.524812
0.541245
0.638
0.676224
0.734778
0.793623
1.11486
0.82261
0.507964
0.473385
0.472307
0

0.5
0.497917
0.512434
0.521862
0.520698
0.510615
0.510925
0.511134
0.526935
0.517819
0.522811
0.537581
0.620175
0.666911
0.715366
0.806479
1.19088
0.841158
0.476737
0.455236
0.454137
0

0.5
0.498273
0.50971
0.516068
0.492498
0.531253
0.519403
0.511006
0.529285
0.519249
0.52057
0.53266
0.599421
0.653942
0.693275
0.813192
1.28977
0.859054
0.440026
0.43611
0.434983
0

0.5
0.498433
0.506735
0.510124
0.43691
0.577243
0.531468
0.513325
0.53016
0.519896
0.517993
0.526349
0.576151
0.635966
0.662396
0.81076
1.42379
0.871852
0.395673
0.417679
0.416556
0

0.5
0.498565
0.503638
0.50489
0.445965
0.564604
0.536286
0.51668
0.52989
0.519816
0.515059
0.51874
0.551046
0.610088
0.612706
0.79357
1.60528
0.882084
0.344838
0.401197
0.400114
0

0.5
0.498757
0.500548
0.500948
0.461261
0.551159
0.5367
0.520448
0.528777
0.519149
0.511825
0.510063
0.526578
0.570286
0.527032
0.7544
1.84386
0.900007
0.2893
0.387207
0.386189
0

0.5
0.498897
0.497782
0.498255
0.476144
0.53981
0.535186
0.524387
0.527124
0.518081
0.508393
0.500576
0.500523
0.514424
0.402328
0.67157
2.16642
0.934942
0.2322
0.376013
0.375082
0

0.5
0.498444
0.496025
0.496177
0.48994
0.529859
0.532739
0.527559
0.525713
0.516761
0.504801
0.490574
0.472993
0.444639
0.38509
0.409823
2.58553
0.99385
0.176871
0.3674
0.366594
0

0.5
0.495085
0.492442
0.492166
0.498983
0.517683
0.527141
0.526935
0.521867
0.512735
0.499012
0.47961
0.448756
0.405952
0.377511
0.162364
3.04657
1.06321
0.112124
0.357517
0.356981
0

0
0
0
0
0
0
0
0
0
0
0
0
0
0
0
0
0
0
0
0
0
0


0
0
0
0
0
0
0
0
0
0
0
0
0
0
0
0
0
0
0
0
0
0

0.5
0.490636
0.523373
0.529013
0.0985796
0.0633397
0.455201
0.513069
0.528257
0.516867
0.541161
0.565336
0.663345
0.702485
0.765008
0.831639
0.843736
0.748154
0.615712
0.557046
0.555569
0

0.5
0.488598
0.520037
0.524318
0.322252
0.40954
0.494452
0.513929
0.524964
0.514088
0.537465
0.563703
0.656406
0.696538
0.75904
0.820086
0.851486
0.746715
0.60933
0.551301
0.550236
0

0.5
0.490688
0.518795
0.525631
0.450043
0.558637
0.510105
0.515422
0.524525
0.515033
0.536733
0.564624
0.652489
0.693357
0.756188
0.804552
0.880411
0.754521
0.604107
0.546922
0.545849
0

0.5
0.493158
0.517262
0.526567
0.494642
0.550486
0.510918
0.515959
0.524071
0.516353
0.535633
0.562906
0.64884
0.689125
0.752083
0.790845
0.915775
0.765749
0.595498
0.540169
0.539085
0

0.5
0.495337
0.515892
0.526154
0.51409
0.528655
0.510137
0.516151
0.523804
0.517834
0.534229
0.558581
0.645105
0.683889
0.746338
0.785969
0.952877
0.779024
0.583125
0.531131
0.530032
0

0.5
0.496974
0.514561
0.524606
0.521404
0.517927
0.510198
0.516041
0.523977
0.51931
0.532608
0.554557
0.638118
0.677373
0.737828
0.788741
0.994886
0.793598
0.567007
0.520001
0.518883
0

0.5
0.498078
0.513052
0.52206
0.520646
0.515059
0.511664
0.515618
0.524828
0.52067
0.530826
0.550757
0.627439
0.669309
0.72521
0.796612
1.04605
0.809174
0.547331
0.507078
0.505936
0

0.5
0.498758
0.511277
0.518581
0.513226
0.518343
0.514882
0.515162
0.526245
0.521797
0.528862
0.546481
0.613633
0.658982
0.709175
0.805185
1.11043
0.825472
0.524092
0.492823
0.491653
0

0.5
0.499144
0.509257
0.514372
0.498368
0.528304
0.519968
0.515504
0.527485
0.522525
0.526654
0.541335
0.597267
0.64532
0.689065
0.810668
1.19305
0.842011
0.496919
0.477894
0.476696
0

0.5
0.499371
0.50708
0.510001
0.476997
0.544391
0.526169
0.516969
0.528095
0.522751
0.524154
0.535184
0.578754
0.627076
0.661693
0.809707
1.30023
0.858524
0.465593
0.463147
0.461937
0

0.5
0.499541
0.504853
0.506199
0.473597
0.545148
0.530006
0.519133
0.528053
0.522482
0.521362
0.528076
0.558587
0.602465
0.621836
0.797218
1.43804
0.877936
0.430975
0.449349
0.448144
0

0.5
0.499708
0.502693
0.503261
0.479328
0.539509
0.531163
0.521589
0.527496
0.521804
0.518326
0.520164
0.537509
0.569148
0.562937
0.763431
1.61669
0.904366
0.394316
0.436948
0.435767
0

0.5
0.499873
0.50078
0.501158
0.487723
0.53277
0.530687
0.524096
0.52664
0.520838
0.515121
0.51165
0.515246
0.526477
0.487007
0.685593
1.85226
0.942289
0.357255
0.426112
0.424974
0

0.5
0.499866
0.499216
0.49951
0.496519
0.526131
0.529296
0.526278
0.525703
0.519622
0.511746
0.502749
0.492199
0.477941
0.445626
0.513242
2.15378
0.994422
0.321147
0.416552
0.415491
0

0.5
0.497059
0.495366
0.495663
0.501552
0.516806
0.524671
0.525089
0.521964
0.515613
0.506064
0.492665
0.471439
0.443525
0.426994
0.334971
2.47877
1.04866
0.277757
0.404387
0.403559
0

0
0
0
0
0
0
0
0
0
0
0
0
0
0
0
0
0
0
0
0
0
0


0
0
0
0
0
0
0
0
0
0
0
0
0
0
0
0
0
0
0
0
0
0

0.5
0.495227
0.519525
0.520128
0.501745
0.575513
0.511954
0.519771
0.529173
0.524882
0.546188
0.573801
0.651738
0.694368
0.751476
0.806868
0.83286
0.748081
0.632229
0.579848
0.578356
0

0.5
0.493018
0.516183
0.518392
0.494341
0.566239
0.511106
0.517003
0.525822
0.521863
0.542529
0.570541
0.646254
0.688935
0.745828
0.799258
0.835959
0.745863
0.626342
0.574418
0.573352
0

0.5
0.494275
0.515569
0.520193
0.494834
0.555774
0.513348
0.517527
0.52561
0.522359
0.541919
0.570247
0.643544
0.68643
0.743428
0.79331
0.853635
0.751623
0.622491
0.571018
0.56994
0

0.5
0.495748
0.514742
0.521207
0.502684
0.542298
0.514077
0.517875
0.525397
0.52305
0.54099
0.568658
0.640152
0.682798
0.739772
0.787588
0.877944
0.7601
0.616313
0.565814
0.564719
0

0.5
0.497142
0.513854
0.521266
0.510699
0.530652
0.514034
0.518013
0.525296
0.523831
0.539772
0.565753
0.635858
0.678036
0.734683
0.785412
0.906757
0.770575
0.607648
0.558901
0.557783
0

0.5
0.498287
0.512902
0.520429
0.515123
0.523165
0.514205
0.517985
0.52542
0.5246
0.53831
0.562322
0.629649
0.671937
0.727599
0.787346
0.940779
0.782527
0.596446
0.550437
0.54929
0

0.5
0.499139
0.511818
0.518776
0.515232
0.520096
0.515154
0.517874
0.525842
0.525269
0.536635
0.558568
0.62107
0.664188
0.717779
0.792275
0.982208
0.795748
0.58274
0.540668
0.539485
0

0.5
0.499727
0.510558
0.516408
0.511295
0.520945
0.517129
0.517864
0.526478
0.525754
0.534744
0.554312
0.61019
0.654277
0.704871
0.797961
1.03376
0.810151
0.566555
0.529942
0.528722
0

0.5
0.500128
0.509147
0.513537
0.503786
0.525208
0.520082
0.518261
0.527055
0.525963
0.532614
0.549371
0.597246
0.641486
0.688091
0.80185
1.09863
0.825826
0.547912
0.518704
0.517445
0

0.5
0.500419
0.507639
0.510532
0.494656
0.531236
0.523453
0.519204
0.527348
0.52584
0.53023
0.543676
0.582503
0.624949
0.665583
0.801093
1.18046
0.843408
0.527053
0.507463
0.50617
0

0.5
0.500664
0.506103
0.507842
0.490953
0.532971
0.525938
0.520552
0.527292
0.525385
0.527605
0.537258
0.566265
0.603646
0.634638
0.791521
1.28355
0.864627
0.504591
0.496679
0.495362
0

0.5
0.50093
0.504638
0.50571
0.492512
0.530923
0.527028
0.522099
0.526935
0.524644
0.524777
0.530228
0.548874
0.576611
0.592638
0.765596
1.41465
0.891488
0.481311
0.486647
0.485317
0

0.5
0.501249
0.503323
0.504128
0.496782
0.527264
0.527013
0.523689
0.52639
0.523696
0.521805
0.52274
0.530477
0.543867
0.541685
0.708786
1.58297
0.925914
0.458013
0.477459
0.476127
0

0.5
0.501545
0.502108
0.502833
0.50199
0.523085
0.526255
0.525104
0.525693
0.522529
0.518673
0.514955
0.511551
0.508024
0.500907
0.601819
1.79306
0.968567
0.435227
0.46884
0.467537
0

0.5
0.49906
0.498297
0.49909
0.504029
0.515866
0.522232
0.52331
0.522043
0.518507
0.513123
0.505734
0.493931
0.479751
0.477912
0.490265
2.01625
1.00991
0.405937
0.456919
0.455826
0

0
0
0
0
0
0
0
0
0
0
0
0
0
0
0
0
0
0
0
0
0
0


0
0
0
0
0
0
0
0
0
0
0
0
0
0
0
0
0
0
0
0
0
0

0.5
0.49853
0.516733
0.519139
0.506926
0.550795
0.517514
0.522519
0.530583
0.53155
0.551261
0.579865
0.643435
0.687127
0.739448
0.787779
0.815778
0.74563
0.648441
0.602649
0.601149
0

0.5
0.496142
0.51352
0.51655
0.503565
0.545768
0.515049
0.519464
0.527266
0.528364
0.547605
0.576086
0.638541
0.682014
0.734114
0.782016
0.816157
0.742801
0.64302
0.59753
0.596472
0

0.5
0.496977
0.513227
0.517347
0.504712
0.541231
0.516027
0.519689
0.527135
0.528572
0.547061
0.575382
0.636509
0.680019
0.73226
0.779957
0.827631
0.747058
0.640449
0.5951
0.594027
0

0.5
0.497922
0.512795
0.517926
0.507867
0.534765
0.516511
0.519847
0.52699
0.528854
0.546235
0.573898
0.633605
0.676992
0.72935
0.77804
0.844293
0.753415
0.63639
0.591402
0.590308
0

0.5
0.498849
0.512278
0.518032
0.511348
0.528482
0.516617
0.519894
0.526891
0.529159
0.545142
0.571595
0.629714
0.672898
0.725265
0.777695
0.86537
0.761512
0.630773
0.586517
0.585393
0

0.5
0.499665
0.511685
0.517582
0.513538
0.523858
0.516768
0.519855
0.526889
0.529426
0.543803
0.568687
0.624464
0.667574
0.719681
0.779446
0.891084
0.771066
0.62357
0.580567
0.579406
0

0.5
0.500327
0.510993
0.516576
0.513667
0.521458
0.517307
0.519794
0.527004
0.529598
0.542235
0.565295
0.617593
0.660762
0.712126
0.782842
0.922546
0.78197
0.614816
0.573737
0.572533
0

0.5
0.500848
0.510196
0.515092
0.511662
0.521236
0.518402
0.519823
0.527193
0.529619
0.540444
0.561395
0.609051
0.6521
0.702129
0.786701
0.961377
0.794255
0.604571
0.566266
0.565012
0

0.5
0.501264
0.509309
0.513274
0.507938
0.522768
0.519998
0.520068
0.527344
0.529442
0.538429
0.556929
0.598926
0.64111
0.688988
0.789359
1.00954
0.80818
0.592985
0.558444
0.557139
0

0.5
0.501618
0.508359
0.511346
0.50371
0.525012
0.521781
0.520586
0.527353
0.529039
0.536193
0.551875
0.587358
0.627239
0.671555
0.788728
1.06937
0.824322
0.580324
0.550581
0.549224
0

0.5
0.501971
0.507411
0.509586
0.501373
0.525956
0.523199
0.52133
0.527175
0.528409
0.533754
0.54627
0.574537
0.609923
0.648387
0.781754
1.14381
0.843636
0.566994
0.542941
0.541536
0

0.5
0.502373
0.506513
0.508157
0.501597
0.525136
0.523923
0.522202
0.526823
0.527579
0.531143
0.540189
0.56067
0.588767
0.618367
0.76346
1.23703
0.867109
0.553442
0.535701
0.534252
0

0.5
0.502871
0.505703
0.507066
0.503645
0.523176
0.52399
0.523117
0.526357
0.526609
0.528419
0.533769
0.545982
0.563987
0.582795
0.725785
1.35391
0.89546
0.540033
0.528895
0.527408
0

0.5
0.503412
0.50488
0.506117
0.506524
0.520624
0.52352
0.523911
0.525737
0.525449
0.525541
0.527105
0.530869
0.537293
0.549446
0.661685
1.49611
0.928475
0.526874
0.522276
0.520778
0

0.5
0.501144
0.501242
0.502481
0.506436
0.514852
0.519788
0.521544
0.522088
0.521379
0.520133
0.518733
0.516131
0.514811
0.527378
0.596414
1.64532
0.958418
0.508035
0.511954
0.51066
0

0
0
0
0
0
0
0
0
0
0
0
0
0
0
0
0
0
0
0
0
0
0


0
0
0
0
0
0
0
0
0
0
0
0
0
0
0
0
0
0
0
0
0
0

0.5
0.501113
0.514753
0.518075
0.512329
0.538638
0.520912
0.524929
0.532346
0.537315
0.556238
0.584692
0.637171
0.680656
0.728678
0.77129
0.795925
0.741657
0.664163
0.625201
0.623704
0

0.5
0.498603
0.511631
0.515169
0.509449
0.534257
0.517931
0.521745
0.529025
0.534006
0.552576
0.580761
0.632597
0.675796
0.723644
0.766386
0.794485
0.738338
0.65917
0.620389
0.619347
0

0.5
0.499205
0.51152
0.515525
0.510152
0.531837
0.518244
0.521784
0.528899
0.534015
0.552077
0.579979
0.631052
0.674254
0.722341
0.765961
0.801785
0.741386
0.657753
0.618901
0.617842
0

0.5
0.499857
0.511339
0.51582
0.511454
0.528579
0.518416
0.521779
0.528736
0.534015
0.551325
0.578644
0.628717
0.671861
0.720247
0.765736
0.812672
0.745991
0.655542
0.61665
0.615566
0

0.5
0.50051
0.511105
0.515904
0.512907
0.525279
0.518435
0.521706
0.528567
0.533981
0.550326
0.576725
0.625534
0.66857
0.717274
0.766297
0.826922
0.751994
0.65252
0.613694
0.612575
0

0.5
0.501117
0.510822
0.515694
0.513863
0.522633
0.518453
0.521575
0.528414
0.533881
0.549092
0.574279
0.621349
0.66426
0.713216
0.767911
0.844669
0.759269
0.648699
0.610121
0.608959
0

0.5
0.50166
0.510489
0.515176
0.513904
0.521018
0.518644
0.521428
0.528286
0.533683
0.547633
0.571359
0.616027
0.658753
0.707772
0.770385
0.866489
0.767776
0.644115
0.606047
0.604833
0

0.5
0.502142
0.510104
0.51438
0.512926
0.520478
0.519092
0.521324
0.528164
0.533358
0.545961
0.56798
0.609521
0.651802
0.700546
0.773054
0.893275
0.777595
0.638868
0.601629
0.600357
0

0.5
0.50258
0.509671
0.513384
0.511154
0.520802
0.519778
0.52132
0.528002
0.532885
0.544085
0.564133
0.60185
0.643103
0.691019
0.774938
0.926228
0.788932
0.633087
0.597038
0.595702
0

0.5
0.503013
0.509221
0.512326
0.509197
0.521479
0.52055
0.521451
0.527759
0.532251
0.542017
0.559828
0.593094
0.632328
0.67849
0.774654
0.966822
0.802158
0.626965
0.592437
0.591035
0

0.5
0.503482
0.508784
0.511354
0.507969
0.521755
0.52117
0.5217
0.52741
0.531458
0.539773
0.555094
0.583358
0.619169
0.662152
0.770211
1.01697
0.817762
0.62074
0.587973
0.586502
0

0.5
0.504032
0.508383
0.510557
0.507912
0.521275
0.521457
0.522025
0.526965
0.530534
0.537393
0.550008
0.572795
0.603477
0.641468
0.758606
1.07914
0.836186
0.614627
0.583725
0.582187
0

0.5
0.504711
0.508034
0.509949
0.508874
0.520168
0.521397
0.522388
0.526457
0.529516
0.53492
0.544667
0.561594
0.585462
0.617101
0.735636
1.15583
0.857637
0.608755
0.579688
0.578086
0

0.5
0.505465
0.507615
0.509367
0.510345
0.518605
0.520978
0.522649
0.525806
0.528332
0.532299
0.539116
0.550031
0.566167
0.592464
0.698832
1.24734
0.881614
0.602992
0.575622
0.573982
0

0.5
0.503364
0.504208
0.505865
0.508804
0.513752
0.517298
0.519745
0.522075
0.524188
0.527037
0.53158
0.537972
0.548811
0.573991
0.66209
1.34115
0.901858
0.592248
0.567593
0.566164
0

0
0
0
0
0
0
0
0
0
0
0
0
0
0
0
0
0
0
0
0
0
0


0
0
0
0
0
0
0
0
0
0
0
0
0
0
0
0
0
0
0
0
0
0

0.5
0.503316
0.513207
0.517024
0.516346
0.52941
0.523062
0.527074
0.534195
0.542378
0.560941
0.588726
0.632011
0.67471
0.718802
0.756168
0.77552
0.737455
0.67963
0.647302
0.645825
0

0.5
0.500724
0.51015
0.513994
0.513302
0.525761
0.519892
0.523807
0.53085
0.538971
0.55727
0.584769
0.627672
0.67008
0.71405
0.751668
0.772655
0.733719
0.675037
0.642792
0.641785
0

0.5
0.501188
0.510164
0.51414
0.513578
0.524742
0.519917
0.523719
0.530692
0.53883
0.556809
0.584042
0.626544
0.668973
0.713267
0.751911
0.77667
0.73576
0.674686
0.642217
0.641191
0

0.5
0.501667
0.510165
0.514282
0.514011
0.523371
0.519873
0.523571
0.530468
0.538616
0.556116
0.582891
0.624801
0.667229
0.711978
0.752367
0.78276
0.738893
0.674156
0.641355
0.640302
0

0.5
0.502152
0.510158
0.514361
0.514485
0.521918
0.519743
0.523355
0.530193
0.538322
0.555197
0.581305
0.622416
0.664812
0.710119
0.753224
0.790899
0.743079
0.673467
0.640245
0.639154
0

0.5
0.502632
0.510148
0.514343
0.514798
0.520646
0.519575
0.52308
0.52988
0.537935
0.554058
0.579294
0.619328
0.661652
0.707581
0.754586
0.801177
0.748284
0.67264
0.638926
0.63779
0

0.5
0.503103
0.510136
0.514209
0.514788
0.519723
0.519431
0.522767
0.529534
0.537444
0.552709
0.576882
0.61548
0.657642
0.704171
0.756341
0.813845
0.754529
0.671744
0.637468
0.636276
0

0.5
0.503566
0.510116
0.513963
0.514396
0.519192
0.519355
0.522444
0.529152
0.536842
0.551163
0.574087
0.610842
0.652637
0.699642
0.758206
0.829348
0.761867
0.670847
0.635946
0.634691
0

0.5
0.504044
0.510099
0.513645
0.513717
0.518995
0.519354
0.522146
0.528725
0.536123
0.549436
0.570924
0.605423
0.646479
0.693696
0.7597
0.848306
0.770411
0.670017
0.634423
0.633098
0

0.5
0.504561
0.510097
0.513312
0.512984
0.518953
0.519385
0.521895
0.528242
0.535287
0.547538
0.567407
0.599252
0.63899
0.685912
0.760089
0.871549
0.780332
0.66936
0.632967
0.631569
0

0.5
0.505149
0.510118
0.513019
0.512514
0.5188
0.519355
0.521693
0.527699
0.534345
0.545497
0.563576
0.592399
0.630017
0.675825
0.758267
0.900186
0.791818
0.668967
0.631626
0.630152
0

0.5
0.505846
0.510172
0.512806
0.51251
0.518379
0.519199
0.521532
0.527107
0.53332
0.543346
0.559489
0.58496
0.619502
0.663115
0.75261
0.935623
0.804993
0.668876
0.630405
0.628855
0

0.5
0.5067
0.510257
0.512677
0.512956
0.517694
0.518902
0.5214
0.526486
0.532237
0.541121
0.555219
0.577067
0.607574
0.648054
0.74111
0.97924
0.819835
0.669064
0.629263
0.627638
0

0.5
0.50765
0.510239
0.512481
0.513591
0.516724
0.518384
0.521173
0.525738
0.531007
0.538752
0.550763
0.568867
0.594768
0.632084
0.722771
1.0311
0.835855
0.669261
0.627955
0.626282
0

0.5
0.505692
0.507086
0.509146
0.511049
0.512424
0.514593
0.517753
0.521866
0.52677
0.533633
0.544046
0.559353
0.582058
0.618358
0.703813
1.08299
0.84807
0.664947
0.622473
0.62104
0

0
0
0
0
0
0
0
0
0
0
0
0
0
0
0
0
0
0
0
0
0
0


0
0
0
0
0
0
0
0
0
0
0
0
0
0
0
0
0
0
0
0
0
0

0.5
0.504094
0.51083
0.515071
0.518197
0.521371
0.523883
0.528074
0.534857
0.545269
0.56311
0.589499
0.624851
0.667139
0.708778
0.743323
0.760341
0.738024
0.696197
0.667711
0.666489
0

0.5
0.501434
0.50781
0.51196
0.514951
0.51827
0.520579
0.524705
0.531448
0.541754
0.55941
0.585537
0.620677
0.662647
0.704157
0.73885
0.756232
0.733939
0.691922
0.66344
0.662713
0

0.5
0.501814
0.507925
0.512
0.5149
0.518234
0.520416
0.524485
0.531216
0.541472
0.558962
0.584877
0.619853
0.66181
0.703629
0.739088
0.757599
0.73537
0.692558
0.663687
0.662949
0

0.5
0.502187
0.50807
0.512059
0.514831
0.518119
0.52016
0.524158
0.530871
0.541053
0.55829
0.583873
0.618556
0.660478
0.702736
0.739346
0.759742
0.737624
0.693555
0.664065
0.663314
0

0.5
0.502568
0.508247
0.512143
0.51476
0.517896
0.519806
0.523732
0.530423
0.540504
0.557401
0.582525
0.616788
0.658634
0.701446
0.739609
0.762717
0.740735
0.694922
0.66458
0.663811
0

0.5
0.502966
0.508457
0.512247
0.514684
0.517544
0.519345
0.523213
0.529881
0.539832
0.5563
0.580838
0.614545
0.656244
0.699694
0.739823
0.766542
0.744747
0.696695
0.665239
0.664447
0

0.5
0.503384
0.508694
0.512361
0.514587
0.517062
0.518778
0.522609
0.529255
0.539043
0.555
0.578823
0.611821
0.653266
0.697393
0.739915
0.771239
0.749676
0.698887
0.666046
0.665229
0

0.5
0.503837
0.50896
0.512486
0.514458
0.516467
0.518119
0.521941
0.52856
0.538149
0.553516
0.576499
0.608619
0.649666
0.694462
0.739752
0.776814
0.755536
0.701495
0.666996
0.666148
0

0.5
0.504339
0.509258
0.512626
0.51431
0.51581
0.517403
0.521231
0.527811
0.537158
0.551864
0.573883
0.604943
0.645402
0.690776
0.739175
0.783321
0.762302
0.704493
0.668067
0.667187
0

0.5
0.504911
0.509588
0.512779
0.514165
0.515126
0.516653
0.520502
0.527021
0.536085
0.550066
0.571005
0.600819
0.640435
0.686179
0.737935
0.790799
0.769963
0.707877
0.669248
0.668333
0

0.5
0.50558
0.509948
0.51295
0.514063
0.514454
0.515894
0.519774
0.526205
0.534949
0.548149
0.567906
0.596287
0.634745
0.680504
0.735791
0.799353
0.778443
0.71158
0.670499
0.669549
0

0.5
0.50638
0.510334
0.513139
0.514041
0.513809
0.515145
0.519065
0.525379
0.533769
0.546146
0.564633
0.591412
0.628348
0.673604
0.732377
0.809104
0.787641
0.715516
0.671771
0.670786
0

0.5
0.507354
0.510738
0.513338
0.5141
0.513191
0.514414
0.518385
0.524556
0.532564
0.544087
0.561238
0.586274
0.621314
0.665527
0.727018
0.820151
0.797406
0.719575
0.673
0.67198
0

0.5
0.508439
0.511019
0.513408
0.514095
0.512467
0.513581
0.517614
0.523624
0.531233
0.541891
0.557684
0.580916
0.613813
0.656726
0.719453
0.832365
0.807361
0.723452
0.67394
0.672914
0

0.5
0.506562
0.508041
0.510158
0.510748
0.508418
0.509479
0.513629
0.519537
0.526856
0.536857
0.55164
0.573587
0.60498
0.647314
0.7103
0.842352
0.813416
0.722874
0.670468
0.669759
0

0
0
0
0
0
0
0
0
0
0
0
0
0
0
0
0
0
0
0
0
0
0


0
0
0
0
0
0
0
0
0
0
0
0
0
0
0
0
0
0
0
0
0
0

0
0
0
0
0
0
0
0
0
0
0
0
0
0
0
0
0
0
0
0
0
0

0
0
0
0
0
0
0
0
0
0
0
0
0
0
0
0
0
0
0
0
0
0

0
0
0
0
0
0
0
0
0
0
0
0
0
0
0
0
0
0
0
0
0
0

0
0
0
0
0
0
0
0
0
0
0
0
0
0
0
0
0
0
0
0
0
0

0
0
0
0
0
0
0
0
0
0
0
0
0
0
0
0
0
0
0
0
0
0

0
0
0
0
0
0
0
0
0
0
0
0
0
0
0
0
0
0
0
0
0
0

0
0
0
0
0
0
0
0
0
0
0
0
0
0
0
0
0
0
0
0
0
0

0
0
0
0
0
0
0
0
0
0
0
0
0
0
0
0
0
0
0
0
0
0

0
0
0
0
0
0
0
0
0
0
0
0
0
0
0
0
0
0
0
0
0
0

0
0
0
0
0
0
0
0
0
0
0
0
0
0
0
0
0
0
0
0
0
0

0
0
0
0
0
0
0
0
0
0
0
0
0
0
0
0
0
0
0
0
0
0

0
0
0
0
0
0
0
0
0
0
0
0
0
0
0
0
0
0
0
0
0
0

0
0
0
0
0
0
0
0
0
0
0
0
0
0
0
0
0
0
0
0
0
0

0
0
0
0
0
0
0
0
0
0
0
0
0
0
0
0
0
0
0
0
0
0

0
0
0
0
0
0
0
0
0
0
0
0
0
0
0
0
0
0
0
0
0
0

0
0
0
0
0
0
0
0
0
0
0
0
0
0
0
0
0
0
0
0
0
0


