0
0
0
0
0
0
0
0
0
0
0
0
0
0
0
0
0
0
0
0
0
0

0
0
0
0
0
0
0
0
0
0
0
0
0
0
0
0
0
0
0
0
0
0

0
0
0
0
0
0
0
0
0
0
0
0
0
0
0
0
0
0
0
0
0
0

0
0
0
0
0
0
0
0
0
0
0
0
0
0
0
0
0
0
0
0
0
0

0
0
0
0
0
0
0
0
0
0
0
0
0
0
0
0
0
0
0
0
0
0

0
0
0
0
0
0
0
0
0
0
0
0
0
0
0
0
0
0
0
0
0
0

0
0
0
0
0
0
0
0
0
0
0
0
0
0
0
0
0
0
0
0
0
0

0
0
0
0
0
0
0
0
0
0
0
0
0
0
0
0
0
0
0
0
0
0

0
0
0
0
0
0
0
0
0
0
0
0
0
0
0
0
0
0
0
0
0
0

0
0
0
0
0
0
0
0
0
0
0
0
0
0
0
0
0
0
0
0
0
0

0
0
0
0
0
0
0
0
0
0
0
0
0
0
0
0
0
0
0
0
0
0

0
0
0
0
0
0
0
0
0
0
0
0
0
0
0
0
0
0
0
0
0
0

0
0
0
0
0
0
0
0
0
0
0
0
0
0
0
0
0
0
0
0
0
0

0
0
0
0
0
0
0
0
0
0
0
0
0
0
0
0
0
0
0
0
0
0

0
0
0
0
0
0
0
0
0
0
0
0
0
0
0
0
0
0
0
0
0
0

0
0
0
0
0
0
0
0
0
0
0
0
0
0
0
0
0
0
0
0
0
0

0
0
0
0
0
0
0
0
0
0
0
0
0
0
0
0
0
0
0
0
0
0


0
0
0
0
0
0
0
0
0
0
0
0
0
0
0
0
0
0
0
0
0
0

0
0.000695644
-0.00246743
-0.0354222
0.0463829
-0.000825757
-0.00698328
-0.00184529
0.000336022
0.0014681
0.0565393
-0.0557639
-0.00651651
-0.0012041
0.0035461
-0.0196381
0.00460845
0.000474117
-0.000352743
-0.00051712
0.00243777
0

0
0.00217121
-0.00304479
-0.0749827
0.0987008
-0.00740758
-0.00871892
-0.00252769
0.0011008
0.00125027
0.0461294
-0.0465957
-0.00790744
-0.00182801
0.00172591
-0.00968407
0.00286182
-0.000589233
0.000319983
-0.00146329
-0.00312342
0

0
0.00387991
-0.000949472
-0.124
0.163653
-0.0172621
-0.0106765
-0.00307793
0.00208101
-0.000700816
0.0313776
-0.0332075
-0.00755973
-0.00229638
6.18835e-05
-0.00755226
0.00286781
-0.000808209
-3.7623e-05
-0.0018064
-0.00349388
0

0
0.00581785
0.00642711
0.0893357
0.00405272
-0.0425307
-0.0129386
-0.00353471
0.00321326
-0.00807899
0.0183416
-0.0206993
-0.00832356
-0.000619222
-0.00106032
-0.00593502
0.00110583
-0.000689904
-0.000289459
-0.00101582
-0.00315974
0

0
0.00779911
0.00862127
0.0742316
-0.0207975
-0.0324826
-0.0125885
-0.00381385
0.00239298
-0.00173929
0.0037338
-0.00943602
-0.00639137
-2.04083e-05
-0.00220658
-0.004912
0.000269944
-0.000671914
-0.000477156
-0.00136839
-0.00313262
0

0
0.00981791
0.00856398
0.0552212
-0.0147205
-0.025504
-0.0118812
-0.0040008
0.00179741
0.000304812
-0.0105781
0.00655289
-0.00845273
-0.00250525
-0.00250886
-0.00422584
-0.000295021
-0.000693303
-0.000609689
-0.00171749
-0.00326344
0

0
0.0119763
0.00664588
0.04054
-0.0102668
-0.019578
-0.0109501
-0.00413677
0.00144202
0.00236152
-0.0260633
0.0189001
-0.00670491
-0.00374669
-0.00278818
-0.00381105
-0.000673963
-0.000730511
-0.00067091
-0.00206445
-0.00346651
0

0
0.0144587
0.00307046
0.0290044
-0.00249832
-0.0188765
-0.010143
-0.00255125
-0.000320094
0.00536937
-0.0441542
0.0338211
-0.00769445
-0.00481285
-0.00300847
-0.0035926
-0.000918195
-0.000766921
-0.000377742
-0.00243073
-0.00371109
0

0
0.0175214
-0.00228274
0.0195726
0.000128611
-0.0147409
-0.00910738
-0.00244093
-0.000688565
0.00815352
0.0477374
-0.0547561
-0.0111004
-0.00521476
-0.00484809
-0.00364042
-0.0010573
-0.000682643
-0.00102526
-0.00266266
-0.0039792
0

0
0.0209701
-0.0149183
0.0118398
0.0025569
-0.0114957
-0.00810524
-0.0021308
-0.0015464
0.0119403
0.0301645
-0.0408566
-0.00857736
-0.00689507
-0.00506558
-0.00364944
-0.00110118
-0.000554347
-0.001319
-0.00292098
-0.00426302
0

0
0.0179695
0.000808749
-0.0034733
0.00484801
-0.00899772
-0.00717195
-0.00157913
-0.00323751
0.0156695
0.0152116
-0.031278
-0.00233753
-0.00875121
-0.00528305
-0.00372266
-0.00105241
-0.000379406
-0.0015576
-0.00319152
-0.00455524
0

0
0.0153701
0.0034562
-0.0175978
0.00891502
-0.00711712
-0.0063004
-0.000714805
-0.00905227
0.02006
0.000108908
-0.0216881
-0.00667302
-0.00815268
-0.00527679
-0.00385302
-0.000893783
-0.000156298
-0.00177072
-0.00347457
-0.00485506
0

0
0.0133899
0.00500183
-0.0112993
0.00576491
-0.00639089
-0.00350689
-0.0011283
0.00384666
0.0108347
0.00128067
-0.0195974
-0.00787956
-0.00783073
-0.00523483
-0.00406314
-0.000552571
9.54034e-05
-0.001985
-0.00377107
-0.00516521
0

0
0.0118867
0.00629801
-0.0106442
0.00400875
-0.00607067
-0.0058229
-0.00128952
0.00426884
0.0102193
0.00148818
-0.0183922
-0.00841139
-0.0076232
-0.00515497
-0.00435186
-0.000155546
0.000214509
-0.00223596
-0.00407646
-0.00547721
0

0
0.0119678
0.00625748
-0.0106752
0.004051
-0.00610848
-0.00581584
-0.00126578
0.00429728
0.0102301
0.00144427
-0.0184573
-0.00837355
-0.00761772
-0.00514517
-0.00434402
-0.000138393
0.000210918
-0.00224702
-0.00408471
-0.00548213
0

0
0
0
0
0
0
0
0
0
0
0
0
0
0
0
0
0
0
0
0
0
0


0
0
0
0
0
0
0
0
0
0
0
0
0
0
0
0
0
0
0
0
0
0

0
0.000768546
-0.020666
-0.0220608
0.00153147
-0.00401099
-0.0053889
-0.00159725
0.00216188
0.00164212
0.046056
-0.0211818
-0.00410799
-0.00113986
0.000766545
0.0479912
0.00473822
0.00014227
-0.00010023
0.0001471
-0.0497221
0

0
0.00189725
-0.00770479
-0.0375075
-0.0283909
-0.000471271
-0.00696252
-0.00222205
-0.00151213
0.00431683
-0.00551355
-0.0294483
-0.00662794
-0.00196379
0.000671941
0.0123253
0.00172056
-0.000322452
-3.7358e-05
-0.000962648
0.0534099
0

0
0.00341977
-0.00169182
-0.0370554
-0.167345
-0.0164396
-0.00848557
-0.00269746
0.000742179
0.00847806
0.00872318
-0.022599
-0.00837963
-0.0029005
-0.000267762
0.00146836
-0.00200922
-0.000687147
-0.000207285
-0.000801551
0.0170644
0

0
0.00514515
0.00420655
0.0270932
-0.114281
-0.020933
-0.00930207
-0.00300903
0.00166874
0.0237087
0.008729
-0.0149624
-0.0125193
-0.00444447
-0.00127783
-0.00177945
-0.000419309
-0.000648587
-0.000404246
-0.000813691
0.00501447
0

0
0.0069309
0.00745334
0.0353457
-0.0471215
-0.018468
-0.00941236
-0.00319923
0.00169273
0.00940032
0.00229121
-0.00759602
2.63293e-05
-0.00845014
-0.00234416
-0.00274406
-0.000321121
-0.000669497
-0.000614232
-0.00111937
0.00064172
0

0
0.0087458
0.00917871
0.0333173
-0.0233815
-0.0160149
-0.00917007
-0.00326182
0.00137137
0.00801995
-0.00461734
0.000309788
-0.00400997
-0.00493045
-0.00254012
-0.0029834
-0.000543287
-0.000732885
-0.00086237
-0.00148409
-0.00124787
0

0
0.010632
0.0106929
0.0279483
-0.0124437
-0.0138239
-0.00872665
-0.00312927
0.00118063
8.77346e-05
-0.0105924
0.00535039
-0.00377198
-0.0043783
-0.00284345
-0.00303888
-0.000791168
-0.000853456
-0.00126701
-0.00185377
-0.00225702
0

0
0.0126225
0.0145057
0.0214486
-0.00554489
-0.0126641
-0.008209
-0.00250747
0.000648528
0.00404409
-0.00875392
0.00425149
-0.000545402
-0.00454071
-0.00325916
-0.00307896
-0.000995102
-0.0011413
-0.00227146
-0.00221842
-0.00291092
0

0
0.0145743
0.02783
0.0124666
-0.00206972
-0.010782
-0.00758131
-0.00201963
0.000689767
0.00708923
0.0172829
-0.0207984
-0.00959275
-0.00559256
-0.00405015
-0.00317194
-0.00117669
-0.000205901
-0.00156082
-0.00249102
-0.00340469
0

0
0.0154855
0.0754577
0.0320011
0.00333302
-0.0087836
-0.00694255
-0.00116005
0.00131271
0.00980871
0.0214781
-0.0235475
-0.0175982
-0.00713976
-0.00447471
-0.00325969
-0.00136284
-0.000302489
-0.00151105
-0.00276522
-0.00381624
0

0
0.0149993
0.0304743
0.0300527
0.00556699
-0.00720361
-0.00641638
0.00101566
0.00372188
0.0120773
0.0274195
-0.0196837
-0.0371705
-0.00936324
-0.0047642
-0.00335798
-0.00174916
-1.39387e-05
-0.00159493
-0.00304262
-0.0041743
0

0
0.0135082
0.0152885
0.0664764
0.00956332
-0.00596865
-0.00608219
-0.00370326
0.0123285
0.0130784
0.0567431
-0.0138829
-0.00818521
-0.00718251
-0.00476299
-0.0034522
-0.00295496
0.000746735
-0.00168954
-0.00332483
-0.00447102
0

0
0.0119986
0.0108742
0.00746975
0.00556266
-0.00550505
-0.00651454
-0.00198159
0.00661315
0.0108576
0.0227219
-0.0140525
-0.00846808
-0.00711229
-0.0047712
-0.00347397
-0.00575128
0.00264519
-0.00173009
-0.00360976
-0.00498296
0

0
0.0107138
0.00879182
0.0324294
0.00624701
-0.00522124
-0.0057684
-0.00170891
0.00506225
0.00988507
0.012518
-0.0138687
-0.00849618
-0.00698337
-0.0047204
-0.0037219
0.00731234
0.00989274
-0.00154045
-0.00389684
-0.00526098
0

0
0.0107909
0.00881365
0.0325386
0.00613365
-0.00526456
-0.00576556
-0.00168551
0.00509227
0.00990462
0.0124855
-0.0139608
-0.00847436
-0.00697537
-0.00471107
-0.00370501
0.00735773
0.00988932
-0.00158433
-0.00390676
-0.00526572
0

0
0
0
0
0
0
0
0
0
0
0
0
0
0
0
0
0
0
0
0
0
0


0
0
0
0
0
0
0
0
0
0
0
0
0
0
0
0
0
0
0
0
0
0

0
0.000479529
-0.00717331
-0.0118317
-0.00808698
-0.00825903
-0.0072823
-0.00161985
0.000352877
0.00171332
0.0153216
-0.00913285
-0.00284478
-0.00108702
0.000284394
0.0153828
0.00166986
-3.2484e-05
-6.2749e-05
-6.83532e-05
-0.00908691
0

0
0.00161969
-0.00440514
-0.018512
-0.0300293
0.0206772
-0.00602458
-0.00208298
-0.000121944
0.00394366
0.00356806
-0.0148329
-0.00485114
-0.00189431
0.000125916
0.00859953
0.00093039
-0.000252212
-0.000149073
-0.000191912
0.0161485
0

0
0.00297587
-0.000689182
-0.0148377
-0.0681444
0.0115108
-0.00593812
-0.00236829
0.000567996
0.00694016
0.00494534
-0.0138675
-0.0061651
-0.00278909
-0.000493898
0.00303844
-0.000350237
-0.000471878
-0.000297617
-0.000322464
0.011192
0

0
0.00448072
0.00336546
0.0100028
-0.0632917
0.00184764
-0.00620332
-0.00255095
0.00111093
0.0110263
0.00437402
-0.0104354
-0.00680378
-0.00388736
-0.00123726
6.57875e-05
-0.000391176
-0.00056694
-0.000480848
-0.000560006
0.0055885
0

0
0.00604741
0.006507
0.0183692
-0.0383509
-0.00345201
-0.00647286
-0.00265862
0.00123258
0.00777899
0.00160185
-0.00639238
-0.00377487
-0.00513027
-0.00193697
-0.00136229
-0.000482321
-0.000641436
-0.000691405
-0.00090372
0.00201817
0

0
0.00763348
0.00899162
0.0203364
-0.0219004
-0.00610802
-0.00661346
-0.00267312
0.00115145
0.00582937
-0.0014312
-0.0026734
-0.00400357
-0.00456959
-0.0023508
-0.00203504
-0.000661721
-0.000718015
-0.00093967
-0.00128159
-9.13109e-05
0

0
0.00923524
0.0117213
0.0194246
-0.0121388
-0.00723839
-0.00659111
-0.00254916
0.00106474
0.00342537
-0.00305095
-0.000949413
-0.00422134
-0.00439635
-0.00271636
-0.00237734
-0.000860431
-0.000790888
-0.00125259
-0.00165738
-0.00139315
0

0
0.0108142
0.0162099
0.0175997
-0.00595255
-0.00759392
-0.0064299
-0.0022312
0.00103238
0.00438323
-0.000254262
-0.00302974
-0.00475483
-0.00465692
-0.00311695
-0.00258782
-0.00104368
-0.000812236
-0.00161897
-0.00201251
-0.00226691
0

0
0.0121994
0.0246442
0.0166942
-0.00189037
-0.0071959
-0.00615245
-0.00185628
0.00133788
0.00615165
0.0101027
-0.0104977
-0.00881295
-0.00538138
-0.00359315
-0.00275275
-0.00121208
-0.00051844
-0.00156047
-0.00232319
-0.00290931
0

0
0.0129305
0.0370277
0.0234638
0.0017587
-0.00640657
-0.0058273
-0.00137589
0.00214289
0.00795416
0.0153697
-0.0135861
-0.0135526
-0.00633252
-0.00395659
-0.00288691
-0.00139035
-0.000344412
-0.00156848
-0.00261665
-0.0034209
0

0
0.0125999
0.0258934
0.0262064
0.00407911
-0.00560323
-0.00554448
-0.000930781
0.00378696
0.00940952
0.0206134
-0.0129912
-0.0182564
-0.00715592
-0.00419964
-0.00300015
-0.00163071
1.02339e-05
-0.00162827
-0.00290332
-0.00385474
0

0
0.0116308
0.0175717
0.0331725
0.00580516
-0.00495465
-0.00538474
-0.00197576
0.00628031
0.0100671
0.0277979
-0.0110182
-0.0111814
-0.00669444
-0.00428989
-0.00308777
-0.00194399
0.000726033
-0.00169767
-0.00318814
-0.00424575
0

0
0.0104975
0.0129803
0.0200708
0.00509957
-0.00463418
-0.00539368
-0.00182425
0.00528543
0.00942264
0.0192175
-0.0105289
-0.0091133
-0.0064897
-0.00431705
-0.00313393
-0.00178264
0.00207369
-0.00175244
-0.00347335
-0.00465599
0

0
0.00941616
0.0106567
0.0229529
0.00497603
-0.00452068
-0.005194
-0.00178235
0.00452935
0.00885649
0.0142546
-0.0103938
-0.00847248
-0.00635624
-0.00428918
-0.00317085
0.00169224
0.00427125
-0.00180431
-0.00376224
-0.00499944
0

0
0.00948753
0.0106744
0.0229784
0.00489614
-0.00455681
-0.00519223
-0.00176188
0.00455736
0.0088778
0.0142361
-0.0104829
-0.00846309
-0.00634624
-0.00428042
-0.00316099
0.00171225
0.00427252
-0.00182848
-0.00377063
-0.00500369
0

0
0
0
0
0
0
0
0
0
0
0
0
0
0
0
0
0
0
0
0
0
0


0
0
0
0
0
0
0
0
0
0
0
0
0
0
0
0
0
0
0
0
0
0

0
0.000368104
-0.00276087
-0.00605371
-0.00228359
0.0665622
-0.0114718
-0.00194091
-0.000113177
0.00127514
0.00525466
-0.00474247
-0.00206752
-0.000996761
-5.95499e-05
0.00532765
0.000588188
-8.66377e-05
-6.68837e-05
1.4746e-07
-0.000468142
0

0
0.00138407
-0.00188405
-0.00870797
-0.0138855
0.0368476
-0.00770219
-0.00211974
2.98784e-05
0.00295334
0.00322729
-0.00791762
-0.00350221
-0.00170028
-0.000215442
0.00446578
0.000427357
-0.000234735
-0.000193824
-4.6155e-05
0.00625269
0

0
0.00254963
0.000317344
-0.00584198
-0.0297448
0.0341565
-0.00438271
-0.00213331
0.0003959
0.00471358
0.00304348
-0.00837521
-0.00444064
-0.00242897
-0.000645943
0.00224235
-6.74825e-05
-0.000394549
-0.000346429
-0.000189818
0.00622552
0

0
0.00382686
0.00307363
0.00416446
-0.0323048
0.0223609
-0.00365601
-0.00217247
0.000722473
0.00615755
0.0025091
-0.00712017
-0.00474176
-0.00317091
-0.00118641
0.000430246
-0.000320598
-0.000516497
-0.000524467
-0.000445352
0.00407932
0

0
0.00515832
0.00568363
0.0100375
-0.0244973
0.0108371
-0.00394303
-0.00221548
0.000868248
0.00546159
0.00131096
-0.00522629
-0.00407314
-0.00379561
-0.00171185
-0.000745564
-0.000513653
-0.000616253
-0.00072533
-0.000778666
0.0019281
0

0
0.0064968
0.0081176
0.0127475
-0.0161333
0.00317111
-0.00439386
-0.00221904
0.00090584
0.00455615
0.000180328
-0.00355323
-0.00407764
-0.00391818
-0.00213161
-0.00145684
-0.000703898
-0.000700625
-0.000948139
-0.00114351
0.000264054
0

0
0.00781286
0.0107726
0.013667
-0.00972859
-0.00115738
-0.00472534
-0.00214525
0.000943311
0.00379948
9.38844e-05
-0.00297256
-0.0044644
-0.00405201
-0.00249989
-0.00189341
-0.000887662
-0.000759446
-0.00118809
-0.00150916
-0.000951267
0

0
0.0090394
0.0142162
0.0139831
-0.00511465
-0.00335391
-0.00488604
-0.00197561
0.00107575
0.00419585
0.0022335
-0.00412873
-0.005415
-0.00436459
-0.00285761
-0.00218193
-0.00105493
-0.000759067
-0.00140922
-0.00185859
-0.00184975
0

0
0.0100331
0.018693
0.0148797
-0.00176389
-0.00423481
-0.00489887
-0.00175533
0.00141987
0.00521563
0.00693365
-0.00683415
-0.00753361
-0.00488093
-0.00321191
-0.00239184
-0.00120361
-0.000640054
-0.00150478
-0.00218164
-0.00254151
0

0
0.0105455
0.0224979
0.0177761
0.00088481
-0.00438785
-0.00482414
-0.00151899
0.00204766
0.00636198
0.0106729
-0.00853328
-0.00989661
-0.0054678
-0.00350647
-0.00255194
-0.00133757
-0.000478131
-0.00158217
-0.00248652
-0.003101
0

0
0.0103812
0.0194712
0.0197237
0.0027082
-0.00423362
-0.00472989
-0.00139133
0.00296789
0.00731719
0.0139053
-0.00874107
-0.0113765
-0.00589372
-0.00371676
-0.00267483
-0.00144992
-0.000197226
-0.00166732
-0.00278107
-0.00357608
0

0
0.0097477
0.0155507
0.0212116
0.00380056
-0.00402441
-0.00467216
-0.0016395
0.00389631
0.00780595
0.0162146
-0.00817386
-0.00961561
-0.00586918
-0.00383102
-0.00276212
-0.00147328
0.000273535
-0.00175965
-0.00306966
-0.0039994
0

0
0.00890105
0.0125344
0.0179831
0.00387353
-0.00391343
-0.00465844
-0.00169855
0.0038244
0.00769775
0.0140758
-0.00787703
-0.0084088
-0.00577803
-0.00387755
-0.00281054
-0.00116701
0.000955299
-0.00186271
-0.00335691
-0.0043953
0

0
0.0080023
0.0106649
0.0176112
0.00371574
-0.00392399
-0.0046189
-0.0017668
0.00353246
0.00743459
0.0122009
-0.00778679
-0.00787405
-0.00569091
-0.00386967
-0.0028282
-0.000221303
0.00162632
-0.00200796
-0.00364595
-0.00475172
0

0
0.008065
0.0106809
0.0176163
0.00365374
-0.0039532
-0.00461786
-0.00174964
0.00355649
0.0074539
0.0121901
-0.00786068
-0.007872
-0.00568092
-0.00386188
-0.00282134
-0.000209916
0.00162831
-0.00202295
-0.00365305
-0.00475548
0

0
0
0
0
0
0
0
0
0
0
0
0
0
0
0
0
0
0
0
0
0
0


0
0
0
0
0
1
0
0
0
0
0
0
0
0
0
0
0
0
0
0
0
0

0
0.000268369
-0.00116633
-0.0029891
0.00903081
0.681388
-0.00603302
-0.00216344
-0.000293786
0.000796395
0.00184706
-0.00275739
-0.00154823
-0.000887967
-0.000244782
0.00194314
0.000171196
-0.000106698
-7.61921e-05
2.668e-05
0.000874112
0

0
0.00114334
-0.00055501
-0.00385987
-0.00142318
0.331284
-0.000974346
-0.00197245
-6.64193e-05
0.00197675
0.00188513
-0.0045562
-0.00256896
-0.00147024
-0.000409914
0.00207805
0.000124098
-0.000234508
-0.000218141
-4.56665e-05
0.00304169
0

0
0.00211913
0.000891063
-0.00211375
-0.0112932
0.138935
-0.00023349
-0.00185534
0.000189975
0.00303868
0.00180722
-0.00518779
-0.00328225
-0.00204636
-0.000732143
0.00123529
-0.000108882
-0.000371159
-0.0003751
-0.000192432
0.00342107
0

0
0.00317455
0.00280836
0.00229569
-0.0151828
0.0583499
-0.000965479
-0.00184334
0.00041181
0.00375771
0.00153245
-0.00487127
-0.00362289
-0.00258955
-0.00113624
0.000247158
-0.000332459
-0.000496359
-0.00054974
-0.000429111
0.00257416
0

0
0.00426939
0.00483319
0.00592021
-0.0137274
0.0253789
-0.00187875
-0.00186664
0.000551232
0.0037269
0.00107395
-0.00410676
-0.00363283
-0.00303767
-0.00154782
-0.000565057
-0.000534482
-0.000606672
-0.000740314
-0.000732296
0.00134841
0

0
0.00536011
0.00686585
0.00825002
-0.0102926
0.0106005
-0.00267747
-0.0018811
0.000638127
0.00345927
0.000778915
-0.00341303
-0.00379355
-0.00331708
-0.00191922
-0.00115608
-0.000722864
-0.000699545
-0.000942806
-0.0010689
0.000172655
0

0
0.00640578
0.00900963
0.00963641
-0.00680173
0.00338577
-0.00327461
-0.00185597
0.000735228
0.00329819
0.00113182
-0.00323518
-0.00421028
-0.00357031
-0.00225517
-0.00157285
-0.000896645
-0.000765894
-0.00114766
-0.00141374
-0.000822708
0

0
0.00733924
0.0113794
0.0106239
-0.0038502
-0.000264646
-0.00366529
-0.00177947
0.000903591
0.0035899
0.00256629
-0.00380869
-0.00498225
-0.00388446
-0.00256778
-0.00187219
-0.00105172
-0.00078795
-0.00133427
-0.0017509
-0.00163591
0

0
0.00805452
0.0137936
0.0117455
-0.00149594
-0.00206012
-0.00388522
-0.00167074
0.00119674
0.0042224
0.00499164
-0.00492068
-0.00617536
-0.00427369
-0.00285629
-0.00209487
-0.00118493
-0.000747313
-0.00147551
-0.0020726
-0.00230314
0

0
0.00841325
0.0153028
0.0132873
0.000355631
-0.00286431
-0.00398801
-0.00156346
0.00162593
0.00496031
0.00730521
-0.00578002
-0.00738838
-0.00466684
-0.00310043
-0.0022645
-0.00129223
-0.000652961
-0.00159648
-0.00238074
-0.00286307
0

0
0.00833352
0.014412
0.0144083
0.0016648
-0.00317472
-0.00403256
-0.00151782
0.00214286
0.00559469
0.00921353
-0.00606546
-0.00805897
-0.00495052
-0.00328385
-0.00239247
-0.00136024
-0.000487242
-0.00171547
-0.00267831
-0.00334717
0

0
0.00790364
0.0125879
0.0148566
0.00243187
-0.00328168
-0.00406265
-0.00159261
0.00257462
0.00596825
0.0103155
-0.00596796
-0.00766739
-0.00503778
-0.00340032
-0.00248385
-0.00135248
-0.000240674
-0.00184062
-0.00296989
-0.00377869
0

0
0.0072621
0.0108073
0.0139222
0.00263359
-0.00335174
-0.00409654
-0.00166658
0.00265017
0.00602784
0.00991916
-0.00585827
-0.00716109
-0.00503275
-0.00345879
-0.00254072
-0.00121121
4.45615e-05
-0.00198418
-0.00325889
-0.00417267
0

0
0.0065148
0.00947411
0.0133351
0.00250418
-0.00345734
-0.00413153
-0.00176376
0.0025271
0.00592578
0.00930773
-0.0058242
-0.0068659
-0.004994
-0.00346735
-0.00256995
-0.000978333
0.00020598
-0.00216948
-0.00354817
-0.00453187
0

0
0.00656688
0.00948783
0.0133333
0.00245595
-0.00348025
-0.004131
-0.00174963
0.00254693
0.00594182
0.00929985
-0.00588114
-0.00686762
-0.00498545
-0.00346078
-0.00256481
-0.000971222
0.000207329
-0.0021796
-0.00355419
-0.00453518
0

0
0
0
0
0
0
0
0
0
0
0
0
0
0
0
0
0
0
0
0
0
0


0
0
0
0
0
0
0
0
0
0
0
0
0
0
0
0
0
0
0
0
0
0

0
0.000152552
-0.00057583
-0.00154686
0.00539391
0.00986652
-0.0119219
-0.00174703
-0.000362963
0.000398668
0.000585884
-0.00174373
-0.00119057
-0.00077837
-0.000332799
0.000682063
-9.3951e-06
-0.000117079
-8.47244e-05
1.58657e-05
0.000786397
0

0
0.000881451
5.08978e-06
-0.00168787
0.00135647
0.0578941
-0.00526919
-0.00173767
-0.000192559
0.00119564
0.000909854
-0.00280522
-0.00192039
-0.00124616
-0.000504192
0.00085119
-5.68533e-05
-0.000241045
-0.000234453
-8.61677e-05
0.00163408
0

0
0.00167464
0.0010461
-0.000627298
-0.00377615
0.0581033
-0.00146114
-0.00163708
-1.59839e-05
0.00186899
0.000974869
-0.00333274
-0.00247321
-0.00169975
-0.000762615
0.000505235
-0.000203931
-0.000370335
-0.000394441
-0.000240953
0.00185642
0

0
0.00251971
0.00240956
0.0015439
-0.00674286
0.0394277
-0.0006686
-0.00160683
0.000138222
0.00232175
0.000901819
-0.00336706
-0.00282609
-0.00212026
-0.00107583
-3.55954e-05
-0.000382967
-0.000496038
-0.000566748
-0.000461282
0.00145263
0

0
0.00338878
0.00391692
0.00370911
-0.00715612
0.022615
-0.00106085
-0.00162467
0.000254982
0.00246771
0.000784629
-0.00312718
-0.00303735
-0.00248394
-0.00140348
-0.000568777
-0.000565187
-0.00061265
-0.000750191
-0.000735182
0.000720217
0

0
0.00424418
0.0054732
0.00542159
-0.00604729
0.0115722
-0.00173492
-0.00165276
0.000348971
0.0024786
0.000813985
-0.00288427
-0.00328308
-0.00277868
-0.00171675
-0.00101652
-0.000740342
-0.000715219
-0.000940709
-0.00104165
-9.72845e-05
0

0
0.00504618
0.00706126
0.00668952
-0.00438996
0.00499855
-0.00235591
-0.00166465
0.000455193
0.00253944
0.00121824
-0.00286199
-0.00366065
-0.00305115
-0.00200796
-0.00136949
-0.000902831
-0.000796808
-0.00113104
-0.00136147
-0.000873789
0

0
0.00573878
0.008643
0.00770387
-0.00271177
0.00124478
-0.00282813
-0.00164802
0.000608433
0.00279033
0.00215083
-0.00315539
-0.00421906
-0.00333817
-0.00227646
-0.00164346
-0.0010484
-0.000848138
-0.00131097
-0.00168124
-0.00156548
0

0
0.00624715
0.0100307
0.00866123
-0.00123201
-0.000824581
-0.0031487
-0.00161172
0.000828615
0.00321347
0.00351429
-0.00365979
-0.00493091
-0.00364295
-0.00251889
-0.00185693
-0.00117326
-0.00086144
-0.00147184
-0.00199421
-0.00216955
0

0
0.00649657
0.0107946
0.00960463
-2.58908e-05
-0.00191847
-0.00335314
-0.00157632
0.00111051
0.00369883
0.00489875
-0.00409878
-0.00560881
-0.00392966
-0.00272518
-0.00202376
-0.00127331
-0.000837204
-0.00162134
-0.00229835
-0.00269872
0

0
0.00644551
0.0105318
0.0102613
0.000846303
-0.00247766
-0.00348424
-0.0015706
0.00141061
0.00412598
0.00604306
-0.00431509
-0.00600796
-0.00414542
-0.00288643
-0.00215258
-0.00134092
-0.000775052
-0.00176873
-0.0025954
-0.00316882
0

0
0.0061335
0.00965191
0.0104677
0.00136011
-0.00277269
-0.00357904
-0.00161471
0.0016406
0.00440449
0.00672117
-0.00435218
-0.00599514
-0.00425794
-0.00299821
-0.00224823
-0.00136498
-0.000685728
-0.0019228
-0.00288745
-0.0035937
0

0
0.00563269
0.00860879
0.0101205
0.00151602
-0.00296336
-0.00366063
-0.00168594
0.00170977
0.00450228
0.00679445
-0.00434144
-0.00583489
-0.00429727
-0.00306312
-0.00231474
-0.00134438
-0.000610708
-0.00209468
-0.00317726
-0.00398309
0

0
0.00500375
0.00767931
0.00966362
0.00138916
-0.00313235
-0.00374076
-0.00178716
0.00164403
0.00446537
0.00665125
-0.00434892
-0.00571215
-0.00429417
-0.00308519
-0.0023575
-0.00133183
-0.000636913
-0.0022982
-0.00346667
-0.00434152
0

0
0.00504429
0.00769026
0.00965901
0.00135244
-0.0031498
-0.0037405
-0.00177562
0.00166007
0.00447801
0.00664496
-0.00439095
-0.0057155
-0.00428762
-0.00307997
-0.00235364
-0.00132728
-0.000636362
-0.00230549
-0.0034718
-0.00434444
0

0
0
0
0
0
0
0
0
0
0
0
0
0
0
0
0
0
0
0
0
0
0


0
0
0
0
0
0
0
0
0
0
0
0
0
0
0
0
0
0
0
0
0
0

0
2.19965e-05
-0.000391487
-0.000925149
0.00149296
0.0144411
-0.00358057
-0.00113909
-0.000415931
8.96598e-05
5.09642e-05
-0.0011784
-0.00093154
-0.000675134
-0.000367605
0.000162206
-9.78387e-05
-0.000124678
-9.19823e-05
-8.85729e-06
0.000510596
0

0
0.0006011
0.000136398
-0.00081463
0.000667869
0.0292117
-0.00247497
-0.00134623
-0.0003165
0.000601487
0.000305375
-0.00181524
-0.00144564
-0.00103979
-0.000535845
0.000231302
-0.000167201
-0.000250573
-0.00024707
-0.000136623
0.000859224
0

0
0.00121856
0.000906867
-0.000152844
-0.00139314
0.0304951
-0.00110669
-0.00139627
-0.000211425
0.0010291
0.000403344
-0.00219846
-0.00186352
-0.00139213
-0.000751207
4.90094e-05
-0.000289104
-0.000379437
-0.000409461
-0.000301403
0.000924729
0

0
0.00186646
0.00187415
0.00101272
-0.00306027
0.0239364
-0.000655057
-0.0014263
-0.000115639
0.00133368
0.000423157
-0.00233161
-0.00217727
-0.00172162
-0.00100065
-0.000271197
-0.000440192
-0.000507238
-0.000580763
-0.00051208
0.000663945
0

0
0.00252475
0.00295138
0.00229664
-0.00371167
0.0158078
-0.000882828
-0.0014696
-3.36727e-05
0.0015013
0.000441392
-0.00230819
-0.00242251
-0.00201923
-0.00126338
-0.000625415
-0.000601254
-0.000629742
-0.000760132
-0.000763636
0.000179584
0

0
0.00316362
0.0040684
0.00345132
-0.00350207
0.00908782
-0.00138534
-0.00151848
4.20623e-05
0.00160283
0.000563693
-0.00226072
-0.00267337
-0.00228425
-0.00152176
-0.000955011
-0.000760781
-0.000742585
-0.000944689
-0.00104364
-0.000406104
0

0
0.00375043
0.0051772
0.00441256
-0.00281216
0.00438257
-0.00191166
-0.00155807
0.000130566
0.00172527
0.000896753
-0.00229781
-0.0029859
-0.00253356
-0.00176671
-0.00123827
-0.000911934
-0.000841149
-0.00113004
-0.00133893
-0.00100755
0

0
0.00424184
0.00621159
0.00522107
-0.0019506
0.00136541
-0.00235279
-0.00158052
0.000247974
0.00193326
0.00149365
-0.00246424
-0.00337963
-0.00278042
-0.00199389
-0.00147355
-0.00105001
-0.000920241
-0.00131088
-0.00163972
-0.0015804
0

0
0.00459101
0.00704533
0.0059305
-0.00110728
-0.000463644
-0.00268439
-0.00158911
0.000401386
0.00222516
0.00229138
-0.00271763
-0.00382745
-0.00302341
-0.00219839
-0.00166631
-0.00117198
-0.000976977
-0.00148476
-0.00193937
-0.00210866
0

0
0.00475067
0.00748779
0.00653143
-0.000386828
-0.0015284
-0.00292025
-0.00159574
0.000581474
0.00254774
0.00311553
-0.00295086
-0.00423955
-0.00324469
-0.00237463
-0.00182303
-0.00127475
-0.00101148
-0.00165349
-0.00223615
-0.00259137
0

0
0.00469971
0.00741547
0.0069224
0.000142674
-0.00213837
-0.00308913
-0.00161589
0.000757604
0.00283745
0.00381138
-0.00309829
-0.00451138
-0.00341861
-0.00251684
-0.00194862
-0.00135566
-0.00102824
-0.00182281
-0.00252921
-0.00303375
0

0
0.00445406
0.00695903
0.00702919
0.000447441
-0.00250099
-0.00321951
-0.00166148
0.000886241
0.00303961
0.00426144
-0.00316183
-0.00460095
-0.0035314
-0.00262211
-0.0020469
-0.00141431
-0.00104025
-0.00199898
-0.00281981
-0.00344235
0

0
0.0040469
0.00632213
0.00684274
0.00051913
-0.00274631
-0.0033319
-0.00173232
0.000928278
0.00313273
0.0044297
-0.00319046
-0.00459
-0.00359129
-0.00269066
-0.00212124
-0.00145972
-0.00107513
-0.00218908
-0.00310921
-0.00382255
0

0
0.00352001
0.0056594
0.00648985
0.000376314
-0.00294959
-0.00344156
-0.00183073
0.000881793
0.00312441
0.00443994
-0.00321909
-0.00456376
-0.00361197
-0.00272386
-0.00217527
-0.00152291
-0.00117776
-0.00240342
-0.00339751
-0.00417766
0

0
0.00354888
0.00566746
0.00648435
0.000349278
-0.00296244
-0.00344129
-0.00182134
0.000894517
0.00313401
0.00443496
-0.00324877
-0.00456755
-0.00360747
-0.00272
-0.0021725
-0.0015201
-0.0011779
-0.00240892
-0.0034019
-0.00418023
0

0
0
0
0
0
0
0
0
0
0
0
0
0
0
0
0
0
0
0
0
0
0


0
0
0
0
0
0
0
0
0
0
0
0
0
0
0
0
0
0
0
0
0
0

0
-0.000117055
-0.000387147
-0.000715307
0.000169091
0.00862102
-0.001426
-0.00089639
-0.000475475
-0.000152802
-0.000220961
-0.000831175
-0.000729934
-0.00057893
-0.000374171
-7.39833e-05
-0.000146846
-0.000131374
-9.82468e-05
-3.57495e-05
0.000273689
0

0
0.000310147
4.0555e-05
-0.000564865
2.00334e-05
0.0146262
-0.00131048
-0.00110997
-0.00044173
0.000138549
-8.36544e-05
-0.00119559
-0.00107091
-0.000849821
-0.000530734
-8.9962e-05
-0.00023767
-0.000261165
-0.000257493
-0.000185769
0.000370999
0

0
0.000758154
0.000589014
-0.000165371
-0.000808652
0.0155716
-0.000950396
-0.00123017
-0.000401324
0.000386576
-1.76641e-05
-0.00144332
-0.00136504
-0.00111374
-0.00071177
-0.000223675
-0.000355319
-0.0003927
-0.000422105
-0.000360746
0.000323208
0

0
0.00122086
0.00124442
0.000468228
-0.0016624
0.0130112
-0.000853827
-0.00131351
-0.000361257
0.000574244
1.62361e-05
-0.0015708
-0.00160917
-0.00136531
-0.000912509
-0.000437167
-0.000491837
-0.000524175
-0.000593337
-0.00056679
0.000101917
0

0
0.00168387
0.00196489
0.00119845
-0.00215043
0.00914263
-0.00105834
-0.00139002
-0.000321225
0.000705816
6.17948e-05
-0.00161842
-0.00182115
-0.00160065
-0.00112267
-0.000682522
-0.000637082
-0.000652959
-0.000770809
-0.000802324
-0.000257385
0

0
0.00212567
0.0027052
0.00190631
-0.0022173
0.00546004
-0.00142411
-0.00146111
-0.000276891
0.000809029
0.000175669
-0.00164612
-0.00203398
-0.00182018
-0.00133196
-0.000925103
-0.000783019
-0.000776208
-0.000952997
-0.00106069
-0.000697168
0

0
0.00252149
0.00342258
0.00253605
-0.0019818
0.00257793
-0.00181868
-0.00152232
-0.000219516
0.000923147
0.000407521
-0.00170333
-0.00227371
-0.00203006
-0.00153363
-0.00114699
-0.000924005
-0.000890974
-0.00113735
-0.00133408
-0.00116791
0

0
0.00284362
0.00406398
0.00308009
-0.00159219
0.000558716
-0.00216861
-0.00156958
-0.000143253
0.00107885
0.000773462
-0.00181361
-0.00254743
-0.0022328
-0.00172243
-0.00134216
-0.0010566
-0.000995002
-0.00132192
-0.00161555
-0.00163793
0

0
0.00306021
0.00455468
0.00354096
-0.00116785
-0.000760624
-0.00244879
-0.00160471
-4.52592e-05
0.00127435
0.00123627
-0.00195447
-0.00283801
-0.0024265
-0.00189414
-0.00151016
-0.00117815
-0.00108714
-0.00150544
-0.00190107
-0.00209136
0

0
0.00314242
0.00480841
0.00390086
-0.000790015
-0.00158691
-0.00266336
-0.00163528
6.32478e-05
0.00148586
0.00171646
-0.0020878
-0.0031025
-0.0026013
-0.00204471
-0.00165291
-0.00128682
-0.00116792
-0.0016885
-0.00218826
-0.00252242
0

0
0.0030775
0.00478058
0.00411509
-0.000515718
-0.00210064
-0.00282996
-0.00167166
0.000164028
0.00167834
0.00213316
-0.00218601
-0.00329739
-0.00274506
-0.00217042
-0.00177279
-0.00138235
-0.00124192
-0.00187451
-0.00247569
-0.00293057
0

0
0.00286685
0.00451597
0.00415109
-0.00037585
-0.00243469
-0.00296778
-0.00172304
0.000233638
0.00182254
0.00242624
-0.00224714
-0.00340596
-0.0028507
-0.00226916
-0.00187173
-0.00146637
-0.00131797
-0.00206624
-0.00276325
-0.00331745
0

0
0.00253403
0.00410201
0.00400593
-0.000387155
-0.00268058
-0.00309415
-0.00179411
0.000253431
0.00189921
0.00257956
-0.00228714
-0.00345526
-0.0029202
-0.00234021
-0.00195196
-0.00154709
-0.0014136
-0.00227024
-0.0030501
-0.00368516
0

0
0.00208901
0.00361591
0.00372034
-0.000547282
-0.00289026
-0.0032204
-0.00188746
0.000216189
0.00190825
0.00263442
-0.00232514
-0.00347985
-0.00295776
-0.00238316
-0.00201492
-0.0016387
-0.0015488
-0.00248924
-0.00333824
-0.00403512
0

0
0.0021065
0.00362122
0.00371494
-0.000566109
-0.00289926
-0.00321988
-0.00187986
0.000226029
0.00191521
0.00263081
-0.00234468
-0.00348344
-0.00295519
-0.00238063
-0.00201312
-0.00163719
-0.0015495
-0.00249353
-0.003342
-0.0040374
0

0
0
0
0
0
0
0
0
0
0
0
0
0
0
0
0
0
0
0
0
0
0


0
0
0
0
0
0
0
0
0
0
0
0
0
0
0
0
0
0
0
0
0
0

0
-0.000258969
-0.000464155
-0.000691604
-0.000450785
0.00328804
-0.000964583
-0.000793775
-0.00053916
-0.000355961
-0.000396715
-0.000584417
-0.000558177
-0.00048741
-0.000366552
-0.000195215
-0.000177921
-0.000137453
-0.000103514
-6.06565e-05
9.18383e-05
0

0
1.70659e-05
-0.000167607
-0.000603432
-0.000539425
0.00555173
-0.00111359
-0.000991406
-0.000568609
-0.000249633
-0.00037301
-0.000747381
-0.000748846
-0.000670932
-0.000505698
-0.000269627
-0.000286561
-0.000271681
-0.000266146
-0.000229936
2.97097e-05
0

0
0.000301803
0.000177136
-0.000414516
-0.000902404
0.00590557
-0.0011628
-0.00114327
-0.000591129
-0.000152065
-0.00036752
-0.000871817
-0.000924362
-0.000853623
-0.000655867
-0.000391631
-0.000406696
-0.000407048
-0.000432703
-0.000414518
-0.000102562
0

0
0.000589753
0.000566019
-0.000126688
-0.00131361
0.00489872
-0.00126494
-0.00126536
-0.000606462
-6.77889e-05
-0.000364637
-0.0009554
-0.00108394
-0.00103275
-0.000815603
-0.000550196
-0.000535997
-0.000542968
-0.000604307
-0.000618535
-0.000319953
0

0
0.000871217
0.000980413
0.00021483
-0.00160012
0.00328139
-0.0014575
-0.00137076
-0.000611984
5.09808e-06
-0.000345258
-0.00101009
-0.00123589
-0.00120721
-0.000980718
-0.000726718
-0.000670127
-0.000678259
-0.000781121
-0.00084218
-0.000611982
0

0
0.0011319
0.00139659
0.000561922
-0.00170869
0.00163581
-0.00170434
-0.00146303
-0.000604722
7.30304e-05
-0.000283055
-0.00105772
-0.0013909
-0.00137706
-0.00114654
-0.00090532
-0.000804935
-0.000811414
-0.000962536
-0.00108282
-0.000955503
0

0
0.00135747
0.00178886
0.000883415
-0.0016697
0.000262182
-0.00195818
-0.00154064
-0.000583709
0.000147513
-0.000152002
-0.00112145
-0.00155909
-0.00154209
-0.00130844
-0.00107611
-0.000937487
-0.000941289
-0.00114786
-0.00133644
-0.00132728
0

0
0.00153053
0.00212578
0.00116477
-0.00154291
-0.000760513
-0.00218763
-0.00160392
-0.00054613
0.00024288
4.51631e-05
-0.0012046
-0.00174165
-0.00170182
-0.00146232
-0.00123395
-0.00106554
-0.00106706
-0.00133634
-0.00159991
-0.00171033
0

0
0.00163235
0.00237022
0.00139688
-0.00138644
-0.00147094
-0.0023802
-0.00165381
-0.000493427
0.000360621
0.000286657
-0.00129176
-0.00192656
-0.00185331
-0.00160466
-0.00137681
-0.00118753
-0.00118852
-0.00152791
-0.00187124
-0.00209469
0

0
0.00164537
0.00248428
0.00156397
-0.00124665
-0.00194903
-0.00253899
-0.00169557
-0.000436861
0.000490329
0.000537994
-0.00137393
-0.00209559
-0.00199069
-0.00173255
-0.00150451
-0.00130247
-0.00130617
-0.00172262
-0.00214864
-0.00247457
0

0
0.00155899
0.0024493
0.00164389
-0.00115944
-0.00227641
-0.00267434
-0.00173961
-0.000386615
0.000611336
0.000766916
-0.00144219
-0.00223563
-0.00210975
-0.00184371
-0.00161743
-0.00141031
-0.00142223
-0.00192134
-0.00242975
-0.00284674
0

0
0.00137748
0.0022764
0.00161803
-0.00114915
-0.00252009
-0.00279943
-0.00179397
-0.000354307
0.000710253
0.000938677
-0.00149379
-0.00233871
-0.002207
-0.00193653
-0.0017161
-0.00151278
-0.00154238
-0.00212672
-0.00271249
-0.00320989
0

0
0.00109898
0.00199585
0.00148292
-0.0012279
-0.00272572
-0.00292484
-0.00186361
-0.000349356
0.000773774
0.0010507
-0.00153551
-0.00241186
-0.00228173
-0.00200963
-0.00180051
-0.00161286
-0.00167327
-0.0023393
-0.00299794
-0.00356358
0

0
0.000727723
0.00163685
0.00124723
-0.00140091
-0.0029226
-0.00305858
-0.00195132
-0.000377354
0.000797811
0.00111478
-0.00157593
-0.00246668
-0.00233418
-0.00206206
-0.00187099
-0.00171638
-0.00182335
-0.00256102
-0.00328567
-0.00390751
0

0
0.000734305
0.00163959
0.00124238
-0.0014126
-0.00292831
-0.00305763
-0.00194521
-0.000370074
0.000802467
0.00111259
-0.00158684
-0.00246976
-0.00233337
-0.00206083
-0.00187009
-0.0017159
-0.00182451
-0.00256442
-0.00328889
-0.00390952
0

0
0
0
0
0
0
0
0
0
0
0
0
0
0
0
0
0
0
0
0
0
0


0
0
0
0
0
0
0
0
0
0
0
0
0
0
0
0
0
0
0
0
0
0

0
-0.0003995
-0.000572493
-0.000743465
-0.000886705
-0.00116547
-0.000989663
-0.000745085
-0.000606039
-0.000543746
-0.000552613
-0.000369547
-0.000396735
-0.00039762
-0.000353328
-0.000273353
-0.000201487
-0.000142739
-0.000107606
-8.23726e-05
-5.53298e-05
0

0
-0.000270982
-0.000419824
-0.000761741
-0.00107566
-0.0015577
-0.00133479
-0.000933482
-0.000698266
-0.000612821
-0.000637425
-0.000356405
-0.000446774
-0.000497293
-0.000472515
-0.000391193
-0.000325418
-0.000281314
-0.000272949
-0.000268447
-0.000239812
0

0
-0.000143171
-0.000270448
-0.000768638
-0.00124628
-0.001805
-0.00161174
-0.00110831
-0.000785593
-0.000650534
-0.00070371
-0.000365045
-0.000505544
-0.000602083
-0.00059304
-0.0005117
-0.000449706
-0.00042048
-0.000440864
-0.000461424
-0.00044132
0

0
-2.12022e-05
-0.000125596
-0.000760827
-0.00138814
-0.00195372
-0.00182474
-0.00126064
-0.00085591
-0.000665897
-0.000751548
-0.000389917
-0.000575532
-0.000711332
-0.00071502
-0.000635208
-0.000574753
-0.000560831
-0.000612744
-0.000664101
-0.000665345
0

0
8.93219e-05
1.13966e-05
-0.000738736
-0.00149626
-0.00205268
-0.00198708
-0.00139197
-0.000908927
-0.000653524
-0.000783631
-0.000424672
-0.000659125
-0.000827497
-0.000839308
-0.000761002
-0.000700038
-0.000702288
-0.000789155
-0.000877883
-0.000913416
0

0
0.000182057
0.000136247
-0.000705515
-0.00157278
-0.00213359
-0.00211597
-0.00150317
-0.000940517
-0.000628219
-0.000793276
-0.00047343
-0.000748778
-0.000947292
-0.000965521
-0.000888108
-0.000825389
-0.000844849
-0.0009706
-0.00110275
-0.00118406
0

0
0.000251042
0.000241148
-0.000668502
-0.00162485
-0.0022121
-0.00222487
-0.00159528
-0.000954825
-0.000605316
-0.000752279
-0.000545065
-0.000849405
-0.00106773
-0.0010909
-0.0010145
-0.000950202
-0.000988484
-0.00115702
-0.00133825
-0.00147398
0

0
0.000288501
0.000318258
-0.000634559
-0.00166274
-0.00229318
-0.00232232
-0.00167026
-0.000952949
-0.000578388
-0.000686165
-0.000618336
-0.000958034
-0.00118771
-0.0012132
-0.00113821
-0.00107393
-0.00113324
-0.00134864
-0.00158418
-0.00177999
0

0
0.000287323
0.000359803
-0.00061132
-0.00169528
-0.00237581
-0.0024102
-0.00172774
-0.00093424
-0.000527045
-0.000612908
-0.000674579
-0.00105972
-0.00130136
-0.0013286
-0.00125689
-0.00119632
-0.00128026
-0.00154751
-0.00184236
-0.00210101
0

0
0.000236122
0.000357034
-0.000609358
-0.00173382
-0.00246356
-0.00249428
-0.00177073
-0.000916849
-0.000461164
-0.000541159
-0.000722101
-0.00115192
-0.00140489
-0.00143603
-0.00136991
-0.00131691
-0.00142911
-0.00175237
-0.00211102
-0.00243277
0

0
0.000136289
0.000301835
-0.00064257
-0.00179538
-0.0025655
-0.00258269
-0.00181421
-0.000905584
-0.000399331
-0.000449608
-0.000774544
-0.0012485
-0.00150197
-0.00153403
-0.00147629
-0.00143622
-0.00158077
-0.00196416
-0.00238528
-0.00277025
0

0
-2.44945e-05
0.000186168
-0.000719694
-0.0018887
-0.00268636
-0.002682
-0.00186716
-0.000899669
-0.000332727
-0.00038226
-0.000814371
-0.00134072
-0.00159119
-0.00162143
-0.00157405
-0.00155245
-0.00173429
-0.0021801
-0.00266492
-0.00311008
0

0
-0.000252773
4.3761e-06
-0.000848631
-0.00202178
-0.00283109
-0.00279746
-0.00193344
-0.000903466
-0.000277071
-0.000314409
-0.000854117
-0.00142704
-0.00167099
-0.00169698
-0.00166213
-0.00166548
-0.00188987
-0.00239991
-0.00294905
-0.00344992
0

0
-0.000553412
-0.000247025
-0.00103664
-0.00220165
-0.00300427
-0.00293291
-0.00201475
-0.000922225
-0.000229137
-0.000257794
-0.000892351
-0.00150429
-0.00173889
-0.00175932
-0.00173965
-0.00177525
-0.00204794
-0.00262361
-0.00323684
-0.00378799
0

0
-0.00055723
-0.000246926
-0.00104105
-0.0022069
-0.00300708
-0.00293143
-0.00200994
-0.000917321
-0.000226668
-0.000258727
-0.000895382
-0.00150678
-0.00173974
-0.00175934
-0.00173958
-0.00177564
-0.00204951
-0.0026263
-0.00323958
-0.00378974
0

0
0
0
0
0
0
0
0
0
0
0
0
0
0
0
0
0
0
0
0
0
0


0
0
0
0
0
0
0
0
0
0
0
0
0
0
0
0
0
0
0
0
0
0

0
0
0
0
0
0
0
0
0
0
0
0
0
0
0
0
0
0
0
0
0
0

0
0
0
0
0
0
0
0
0
0
0
0
0
0
0
0
0
0
0
0
0
0

0
0
0
0
0
0
0
0
0
0
0
0
0
0
0
0
0
0
0
0
0
0

0
0
0
0
0
0
0
0
0
0
0
0
0
0
0
0
0
0
0
0
0
0

0
0
0
0
0
0
0
0
0
0
0
0
0
0
0
0
0
0
0
0
0
0

0
0
0
0
0
0
0
0
0
0
0
0
0
0
0
0
0
0
0
0
0
0

0
0
0
0
0
0
0
0
0
0
0
0
0
0
0
0
0
0
0
0
0
0

0
0
0
0
0
0
0
0
0
0
0
0
0
0
0
0
0
0
0
0
0
0

0
0
0
0
0
0
0
0
0
0
0
0
0
0
0
0
0
0
0
0
0
0

0
0
0
0
0
0
0
0
0
0
0
0
0
0
0
0
0
0
0
0
0
0

0
0
0
0
0
0
0
0
0
0
0
0
0
0
0
0
0
0
0
0
0
0

0
0
0
0
0
0
0
0
0
0
0
0
0
0
0
0
0
0
0
0
0
0

0
0
0
0
0
0
0
0
0
0
0
0
0
0
0
0
0
0
0
0
0
0

0
0
0
0
0
0
0
0
0
0
0
0
0
0
0
0
0
0
0
0
0
0

0
0
0
0
0
0
0
0
0
0
0
0
0
0
0
0
0
0
0
0
0
0

0
0
0
0
0
0
0
0
0
0
0
0
0
0
0
0
0
0
0
0
0
0


