0
0
0
0
0
0
0
0
0
0
0
0
0
0
0
0
0
0
0
0
0
0

0
0
0
0
0
0
0
0
0
0
0
0
0
0
0
0
0
0
0
0
0
0

0
0
0
0
0
0
0
0
0
0
0
0
0
0
0
0
0
0
0
0
0
0

0
0
0
0
0
0
0
0
0
0
0
0
0
0
0
0
0
0
0
0
0
0

0
0
0
0
0
0
0
0
0
0
0
0
0
0
0
0
0
0
0
0
0
0

0
0
0
0
0
0
0
0
0
0
0
0
0
0
0
0
0
0
0
0
0
0

0
0
0
0
0
0
0
0
0
0
0
0
0
0
0
0
0
0
0
0
0
0

0
0
0
0
0
0
0
0
0
0
0
0
0
0
0
0
0
0
0
0
0
0

0
0
0
0
0
0
0
0
0
0
0
0
0
0
0
0
0
0
0
0
0
0

0
0
0
0
0
0
0
0
0
0
0
0
0
0
0
0
0
0
0
0
0
0

0
0
0
0
0
0
0
0
0
0
0
0
0
0
0
0
0
0
0
0
0
0

0
0
0
0
0
0
0
0
0
0
0
0
0
0
0
0
0
0
0
0
0
0

0
0
0
0
0
0
0
0
0
0
0
0
0
0
0
0
0
0
0
0
0
0

0
0
0
0
0
0
0
0
0
0
0
0
0
0
0
0
0
0
0
0
0
0

0
0
0
0
0
0
0
0
0
0
0
0
0
0
0
0
0
0
0
0
0
0

0
0
0
0
0
0
0
0
0
0
0
0
0
0
0
0
0
0
0
0
0
0

0
0
0
0
0
0
0
0
0
0
0
0
0
0
0
0
0
0
0
0
0
0


0
0
0
0
0
0
0
0
0
0
0
0
0
0
0
0
0
0
0
0
0
0

0
-57.8018
-97.5015
-42.9892
-398.647
30.6601
-53.6947
-8.70926
-322.626
-1050.41
8.50707
57.1801
-12147.2
16547.8
-7914.88
-1669
23.5848
-791.234
-78.583
-97.7009
-68.1775
0

0
-114.271
-144.783
-88.7743
-239.492
-107.908
-51.3352
-110.868
-170.819
451.401
-222.297
-1454.51
-4330.45
-20347.7
-2439.26
-474.389
-473.529
-45.106
15.7473
-102.658
-55.2436
0

0
-46.4941
-108.374
-36.4898
-67.3847
19.5776
-35.0533
50.6218
-347.107
-36.4933
-21.2801
494.334
5748.47
22500.5
-211.35
-479.97
-33.5142
-77.4034
-77.3571
-89.0798
-44.2285
0

0
-11.9554
-75.9438
29.7433
-132.083
-29.5023
-47.2348
-7.29869
190.445
1.2104
-89.7225
-1642.43
-24198.6
-77091.5
-34434.9
-957.624
-33.0911
-6.36472
-68.5034
-22.5947
-37.7297
0

0
-13.934
455.269
-94.0062
8.1857
-170.225
-90.2939
-36.7063
-9.42443
-76.6033
-132.787
866.477
-42356.2
134849
-12156.2
-2206.18
-263.366
-107.489
-28.9744
-6.27902
-33.7482
0

0
-46.4084
527.106
-26.9435
-3.53004
1.07264
-72.7994
-68.0546
-41.8799
-133.208
-120.667
-2445.13
7404.74
-503766
-6449.08
-1977.81
-310.443
-77.993
-81.9715
-18.9994
-41.0252
0

0
-60.1854
-450.654
-68.4021
-93.1717
134.022
40.7374
-58.2218
-141.522
17.8393
-125.766
-2477.57
-29531
-2.08351e+06
-30758.7
-814.095
74.8792
-98.0633
-67.1884
-36.1049
-47.2037
0

0
-12.6431
-464.006
-63.8756
-42.2554
-138.255
-29.4268
-33.4177
-38.7145
29.7632
-99.8747
-971.792
-75387.1
-7.83966e+06
-78600.9
-1102.96
306.122
-71.6866
-41.1965
-55.8923
-46.0761
0

0
-39.8666
41.1414
-42.7847
-12.556
-353.175
-102.22
-36.1612
-52.1745
-80.6983
-60.9441
101.19
-216846
-1.52075e+07
-223445
-2727.19
-378.37
-47.42
5.41614
5.32588
-44.3531
0

0
-56.3109
193.128
-31.337
-55.7148
187.463
-45.6016
-43.8072
29.0291
-89.7793
63.6977
-1847.68
-648418
-1.51635e+07
-626236
-1028.69
3.5546
-105.203
-25.3905
-37.365
-46.8896
0

0
-27.956
-147.245
-47.2438
-52.5105
85.7407
-34.5442
-45.2658
-65.1471
-92.999
95.1768
-9948.35
832608
-4.3059e+08
808304
-8948.3
63.0544
-65.2934
-90.1997
57.2234
-54.2003
0

0
-28.1148
-153.968
-32.9637
-25.8505
-10.6104
-48.9437
-57.8674
-196.039
-28.0818
-109.633
-3191.99
-95388
-4.14119e+07
-85419.8
-4108.73
-33.7122
-101.385
-133.134
40.5064
-48.3569
0

0
-36.3107
44.6104
-55.506
-26.9452
-44.4457
-39.8539
-43.7186
60.5813
-23.84
-55.916
-6001.3
-55267.9
-7.47086e+06
-63645.9
-5849.1
3.74378
-68.3777
-127.018
-174.091
-29.8904
0

0
-10.6066
105.301
-58.5411
-16.842
12.2191
-1.86727
0.325245
22.7128
0.117005
32.8489
-1924.45
-44656.8
-89665.8
-42792
-1843.03
96.3998
-38.2754
-0.754241
-121.643
-3.50387
0

0
21.173
-33.7435
54.2313
25.6227
54.6516
31.2045
32.6167
26.5957
54.1761
75.3436
-1718.89
-8425.7
-584705
-8537.43
-1565.9
52.8281
57.1366
71.8741
72.0754
16.4756
0

0
0
0
0
0
0
0
0
0
0
0
0
0
0
0
0
0
0
0
0
0
0


0
0
0
0
0
0
0
0
0
0
0
0
0
0
0
0
0
0
0
0
0
0

0
-67.68
312.013
-79.0232
-237.133
-82.9043
-138.137
-87.9288
-209.355
-257.021
-61.0719
12.8007
-1658.06
-9224.11
-9601.96
-99.5735
-124.296
-543.014
-159.425
-81.3588
-105.43
0

0
82.2358
7.96243
95.1621
251.022
121.463
13.7981
90.023
194.352
-118.416
4.77449
-543.954
-3443.34
-56188.7
-3803.59
-357.221
18.4676
601.618
143.69
40.8072
23.4069
0

0
-98.3622
1176.3
-104.542
-222.442
-3.94188
-11.9787
-109.808
-143.974
-218.257
-101.857
-499.035
-7694.9
147948
-8552.61
-575.367
-265.466
-586.079
17.9947
-104.416
-50.4206
0

0
-84.9629
-1101.27
-113.097
-181.769
3.94532
43.5317
-6.9255
-267.258
-18.6696
-113.686
-996.362
19336.8
-278901
17027.2
-1216.86
-246.175
32.6182
-112.83
-100.189
-46.4123
0

0
-40.8886
-202.8
-32.5868
-80.1163
-315.821
-83.1443
35.1752
-12.9757
96.5947
-88.9759
-2444.04
-52754
-592852
-37003.9
-2682.63
249.259
-120.01
-20.8779
-41.8738
-26.2438
0

0
5.57667
973.246
51.6072
93.0381
-238.884
-195.171
-14.3458
162.579
-201.403
-90.5198
-4333.62
-88709.4
-1.23467e+06
-88040.9
-4687.55
-558.964
-48.8144
-7.43247
-21.5948
-20.2917
0

0
-25.7498
1035.91
64.3831
-53.9161
214.661
-2.86706
-58.4145
-103.167
-157.381
-126.681
-5681.28
-313153
-7.50761e+06
-315826
-5605.39
117.504
-28.6653
-54.9417
25.8722
-31.0819
0

0
-2.81365
-886.747
-61.7986
-88.5781
400.808
150.308
-51.6064
-147.715
99.5388
-160.142
-4966.27
-818893
-2.83023e+08
-842852
-6144.93
-175.117
-95.5999
-78.9966
42.5796
-37.1421
0

0
-4.84715
-504.343
-89.9846
14.0865
-355.933
-75.3741
-42.3636
-150.846
47.6047
-154.981
-13343.2
-2.22484e+06
-3.23448e+08
-2.30457e+06
-16056.4
96.076
-2.53751
-78.1806
-123.094
-25.3931
0

0
-70.5975
351.777
-11.4215
-13.9715
-394.292
-105.051
-31.6156
26.2279
-107.804
-50.6052
-6181.11
-4.82519e+06
-3.22577e+08
-4.72736e+06
-6360.06
-478.814
11.6012
22.7007
-276.789
-14.9832
0

0
-38.2726
174.903
23.5028
-64.2238
92.8966
-3.43757
15.3243
341.91
-81.5959
-290.193
-75263.7
-2.44566e+07
5.20987e+08
-2.41031e+07
-75333.8
38.6398
-11.3095
178.533
-96.2757
-29.9573
0

0
-7.24036
-263.087
-58.4282
-16.0882
98.0854
-13.8091
-13.3015
-82.0224
-21.1371
-43.4744
-5721.41
-1.13341e+07
-2.01937e+08
-1.13129e+07
-5274.68
-49.4723
-91.1212
64.9886
423.937
-53.8261
0

0
-20.1447
-81.7977
-76.7136
6.7383
-111.944
-54.7181
-56.7551
-275.32
-16.6472
2.52902
-8009.78
155499
-8.9801e+07
152462
-8147.61
-131.085
-62.9374
-196.942
355.236
-35.6933
0

0
-5.31688
89.6138
-27.6015
-2.90666
9.15929
-7.50807
-8.66772
22.1737
4.74243
-2.09535
-2820.24
1587.11
237066
2244.7
-2941.23
-4.69181
-50.3459
-138.404
-201.716
13.8316
0

0
10.0385
13.0001
28.7631
4.44876
41.3744
30.3577
29.3836
66.5661
27.428
18.2711
-2339.53
-93398.3
-164249
-94300.7
-2257.05
8.42846
86.3288
104.663
-94.6856
13.5766
0

0
0
0
0
0
0
0
0
0
0
0
0
0
0
0
0
0
0
0
0
0
0


0
0
0
0
0
0
0
0
0
0
0
0
0
0
0
0
0
0
0
0
0
0

0
-93.3894
-309.799
-109.483
125.905
-180.894
-103.863
-131.512
107.182
406.524
-77.8567
-24.3333
-2049.36
-26970.7
-2098.87
-68.4495
104.38
15.3877
-204.347
-105.037
-97.0933
0

0
105.737
-381.978
117.022
493.203
50.791
29.6988
37.9935
419.029
392.646
-68.5234
-486.764
-4923.05
-60766.1
-4729.68
-376.524
-257.362
1702.28
7.7117
66.1702
48.08
0

0
-38.014
-25.0689
7.25532
-18.6482
34.9201
-68.6144
-77.7174
-24.5335
-267.127
-104.235
-554.537
-13253.4
-48162.2
-13758.4
-586.279
179.713
-173.537
200.691
4.42023
-14.6275
0

0
-63.5372
-37.3098
-76.5796
-180.782
247.541
53.3009
-96.4369
-203.663
-231.665
-139.092
-1601.6
-25933.2
-419653
-27148.3
-1702.25
-437.115
-424.056
-52.3108
-88.0036
-42.4631
0

0
-112.814
-528.081
-159.874
-219.105
-86.9599
147.622
-10.8615
-247.496
176.964
-127.459
-3575.38
-74524.4
-1.90368e+06
-77267.9
-3866.26
170.589
-116.158
-109.017
-63.4684
-38.708
0

0
-77.7549
-1005.87
-112.314
31.2149
-538.031
-153.084
51.9034
150.62
106.075
-85.7568
-8962.4
-234719
-1.65117e+07
-237351
-9129.52
97.2663
-49.1844
-18.3542
-71.1312
-19.3831
0

0
-6.21658
1569.31
129.479
71.1635
-336.656
-254.206
-0.680938
129.076
-287.295
-88.5707
-19904.8
-1.18405e+06
-3.3213e+08
-1.19344e+06
-20450.6
-428.943
63.705
-17.0364
-48.2776
-11.3283
0

0
19.3802
610.979
140.295
-108.305
752.769
116.11
-49.9148
-154.654
-119.49
-204.605
-26541.4
-2.52363e+07
1.93297e+09
-2.56344e+07
-27636.1
-584.648
-144.322
-69.3004
103.078
-25.3902
0

0
52.4529
-979.845
-81.8259
-38.2657
397.445
156.526
-50.2756
-184.181
159.34
-492.676
-114435
-7.53622e+07
-7.61155e+08
-8.04554e+07
-122518
195.074
-153.767
-152.313
131.183
-30.1265
0

0
-31.9641
-358.271
-94.6385
42.3915
-508.257
-122.558
-71.3829
-289.32
15.2701
-86.0521
-9699.08
761821
1.02461e+09
3.33993e+06
-13041.1
-64.5211
90.6898
-141.577
-156.08
-10.5167
0

0
-68.5511
525.686
65.9748
-45.4701
-262.921
-68.21
-19.7993
236.895
-100.652
-14.9747
-456462
-4.90565e+06
1.1643e+09
-4.67168e+06
-444483
-176.306
112.13
134.638
-583.864
-0.115308
0

0
-17.4875
34.647
60.7968
-56.2743
136.816
34.6383
53.0297
424.066
-46.7614
-36.5612
-169370
-1.54544e+07
2.38684e+07
-1.53189e+07
-166170
77.5979
120.924
428.26
-306.16
-28.5129
0

0
-7.60693
-288.993
-28.2264
9.79708
-19.8827
-19.7078
-10.5516
-182.682
-10.2056
-75.5983
-1792.87
-7.45174e+06
3.48058e+08
-7.66255e+06
-1271.54
-111.976
59.3342
121.348
666.732
-52.7226
0

0
-4.55361
-76.3817
-6.78836
17.7248
-92.9346
-37.8104
-35.3443
-190.272
6.72107
-6.05442
-5207.45
-389590
-9.78307e+07
-395129
-5440.03
-76.8346
-97.6758
-203.245
382.433
-10.7428
0

0
3.41413
106.601
-10.8595
-6.5906
86.0758
23.7662
17.8676
97.6444
28.4935
25.5718
-6636.89
-21271.1
1.56198e+07
-18179.1
-6820.18
71.1694
-18.7503
-29.5225
-339.464
20.1151
0

0
0
0
0
0
0
0
0
0
0
0
0
0
0
0
0
0
0
0
0
0
0


0
0
0
0
0
0
0
0
0
0
0
0
0
0
0
0
0
0
0
0
0
0

0
-99.2926
-178.592
-120.213
-196.083
-147.716
-115.177
-110.723
-175.917
-208.075
-60.4188
-27.9805
-2070.06
-23273.2
-2273.88
-83.4275
72.6767
-489.333
-146.494
-101.698
-108.819
0

0
4.62194
-244.762
14.8797
-112.419
-144.987
34.059
2.56736
-113.56
-17.1835
-65.4144
-489.948
-5397.61
-49778.7
-5254.23
-329.141
-205.59
-116.073
-122.571
-0.944216
21.5559
0

0
30.0659
-218.733
51.5557
202.287
-24.5772
-40.9953
35.3829
171.432
133.764
-27.1822
-514.671
-13924.9
-133386
-14224.4
-515.731
202.302
962.367
125.916
32.3994
0.268833
0

0
-20.7659
-107.723
1.85799
29.6055
353.46
-106.06
-46.4502
54.4479
-213.049
-119.723
-1575.49
-42147.6
-817200
-43147.2
-1692.15
-92.9377
-528.219
103.901
-22.0328
-22.1461
0

0
-47.1613
-5.20628
-59.2058
-166.77
456.697
129.039
-79.7782
-197.337
-139.138
-139.24
-4355.29
-172745
-6.62927e+06
-175955
-4752.18
-562.109
-283.37
-70.9396
-47.9513
-33.1073
0

0
-100.933
-489.63
-175.231
-125.599
-295.244
136.744
-12.9231
-176.45
250.506
-130.669
-15176.6
-1.07962e+06
-8.34217e+07
-1.09717e+06
-15589.1
440.944
-86.2025
-55.5528
-45.7758
-38.1764
0

0
-84.9675
-617.321
-124.072
87.1376
-661.505
-232.499
36.4151
208.168
-6.74044
-118.709
-69027.9
-1.08189e+07
-1.57487e+09
-1.10736e+07
-70565.1
-256.162
182.49
-18.7241
-79.4129
-21.1785
0

0
-20.7647
1456.94
152.593
-20.7933
-390.941
-210.903
-6.15939
39.9785
-273.106
-288.561
-509460
2.83991e+08
1.25454e+09
3.01235e+08
-529615
-447.809
77.3989
-39.3696
-49.3422
-16.0413
0

0
45.3796
25.8661
76.9735
-104.757
1134.3
173.686
-37.0474
-107.396
-45.8643
-2464.57
-7.39182e+06
-1.09018e+08
-5.10271e+08
-1.15047e+08
-8.49126e+06
-2946.19
-219.524
-67.0163
173.933
-28.68
0

0
33.2144
-825.518
-150.37
8.00332
135.663
67.0039
-55.796
-132.424
116.789
-1703.23
-210773
1.07428e+08
-7.00997e+08
1.1473e+08
-454917
-2997.94
-397.842
-154.601
149.928
-28.3538
0

0
-55.3426
-74.0725
-82.8791
17.6653
-509.599
-127.394
-86.3073
-331.468
-26.7435
-116.345
-1.62983e+06
6.74587e+07
-1.84141e+09
5.61232e+07
-1.591e+06
-351.788
-274.03
-317.577
-139.089
-7.25924
0

0
-47.4362
431.437
94.8432
-61.2864
-79.2539
-16.1306
-2.45249
220.38
-69.1413
-41.0228
-1.60178e+06
-1.19262e+07
-1.97288e+08
-1.15437e+07
-1.57627e+06
-8.61694
84.8878
6.34625
-309.184
-0.100714
0

0
-9.95019
-41.8154
30.0572
-34.0212
112.8
45.2328
50.7819
273.918
-18.5392
-36.5605
-444445
6.21229e+07
-7.21753e+07
6.19461e+07
-471527
29.8285
479.383
442.157
-443.359
-25.0664
0

0
2.71112
-138.099
-36.7764
20.4982
-56.8799
-7.94594
1.53757
-113.715
13.9904
-95.9894
-117708
-2.18075e+06
-2.10188e+08
-2.20642e+06
-123337
-134.459
190.326
118.679
167.911
-16.5493
0

0
-0.916826
42.5384
-17.3455
2.17647
19.169
-12.7952
-12.8152
-31.8185
19.8158
22.6057
-5673.79
2.75229e+06
-7.4472e+06
2.79277e+06
-5573.91
28.8528
-246.354
-209.982
101.29
11.1136
0

0
0
0
0
0
0
0
0
0
0
0
0
0
0
0
0
0
0
0
0
0
0


0
0
0
0
0
0
0
0
0
0
0
0
0
0
0
0
0
0
0
0
0
0

0
-96.5635
-69.49
-119.311
-97.437
-41.1793
-109.692
-105.251
-74.6828
-72.4469
-62.8944
-13.0847
-1939.67
-11984.7
-1993.47
-64.0367
-94.6484
-280.55
-80.0945
-111.289
-110.723
0

0
0.296405
96.693
13.6802
13.2636
-86.6876
5.71833
12.5685
9.79278
-15.4955
-49.4246
-423.211
-4554.56
-21228.5
-4571.97
-394.446
70.3551
-404.632
-74.359
16.0875
15.5956
0

0
0.779326
-35.6203
5.47594
-32.8782
-274.523
21.7716
-7.72521
-52.0685
29.0274
-43.118
-394.099
-10478.4
-44271.4
-10282.3
-309.685
-175.004
748.411
-46.8669
-6.8369
-3.31664
0

0
-9.10402
-100.507
2.37505
56.113
-201.57
-101.305
-14.9707
54.863
11.6215
-94.2937
-1202.97
-28160
-100513
-28384
-1197.53
105.071
134.458
96.3397
-12.9076
-28.815
0

0
-16.3788
-53.8898
-5.82992
-6.22731
744.96
-73.6479
-28.271
29.6846
-189.755
-97.8608
-2946.75
-76551.7
-316881
-78667.1
-3240.06
-251.059
-454.63
42.735
-22.0814
-13.6068
0

0
-45.0191
-35.3396
-59.5696
-133.03
436.93
175.5
-53.1279
-176.151
-30.418
-123.873
-7965.57
-221005
-6.65109e+06
-226432
-8251.34
-199.886
-306.787
-31.444
-35.0192
-28.28
0

0
-87.2512
-500.563
-156.558
-15.8874
-491.937
53.2114
-6.1291
-43.6767
192.478
-145.629
-18230.1
-1.1133e+06
-1.56684e+08
-1.11482e+06
-19116.6
223.384
-4.98272
-5.93978
-41.8425
-33.645
0

0
-69.3604
-66.1043
-52.5981
54.6514
-833.42
-255.965
17.3262
152.171
-90.0258
-200.579
-29134
-1.86066e+07
9.97161e+08
-1.88132e+07
-31120.2
-382.522
321.499
-6.11621
-72.4686
-21.9963
0

0
-4.68503
881.118
140.966
-72.541
-72.4902
-104.522
-16.9302
-21.4982
-191.155
-494.566
-88332
-6.47938e+07
1.21824e+08
-6.97155e+07
-97013.3
-970.793
275.55
-41.2314
6.3307
-21.0768
0

0
45.1429
-238.548
5.3907
-63.3777
1018.01
141.349
-35.1906
-94.4822
5.37424
-159.687
-17114.2
2.97007e+06
4.45588e+08
5.72551e+06
-11084.7
169.293
-89.9915
-54.9672
249.2
-30.6884
0

0
-6.90453
-536.192
-145.505
22.1651
-88.6832
-17.395
-64.0629
-152.502
45.4269
-21.5274
-262233
-3.95826e+07
9.96591e+08
-3.87687e+07
-275591
-43.3462
-415.02
-93.3197
132.192
-27.3589
0

0
-53.5445
80.3852
-51.2903
-12.5007
-327.039
-96.4535
-66.7246
-146.534
-43.468
-22.3375
-4017.64
-3.12851e+07
4.72606e+08
-3.10093e+07
-4832.4
-148.957
-482.542
-206.422
-164.178
-10.1255
0

0
-28.296
240.807
61.8621
-49.4472
65.4832
9.33047
10.4343
176.736
-36.8706
-47.9137
-1874.72
-1.37e+07
2.92628e+08
-1.415e+07
-1131.58
2.28378
-112.904
-100.401
-246.386
-8.89298
0

0
4.69509
-34.0269
15.8205
-2.29499
46.1155
35.8215
37.1068
108.846
15.4121
-23.0276
-5261.6
-224592
-5.51286e+07
-250176
-4335.97
4.06196
382.856
141.112
-126.074
-5.53186
0

0
0.048295
-58.286
-26.2472
13.3435
-52.4132
-21.7738
-13.7155
-96.202
18.9799
23.7788
-5870.2
-109256
1.12763e+07
-101261
-5326.99
14.538
-28.5063
-17.378
214.683
-1.08824
0

0
0
0
0
0
0
0
0
0
0
0
0
0
0
0
0
0
0
0
0
0
0


0
0
0
0
0
0
0
0
0
0
0
0
0
0
0
0
0
0
0
0
0
0

0
-98.4015
-102.196
-119.916
-119.249
-117.991
-111.739
-111.222
-99.4082
-91.2035
-65.232
8.58607
-1653.48
-2532.06
-1675.46
-13.832
-78.2494
-216.182
-112.54
-122.824
-112.945
0

0
-8.29792
42.0323
-1.14639
-1.61768
39.2199
-4.71087
-2.93489
1.30136
1.71545
-49.817
-349.833
-3489.19
-2799.48
-3475.83
-395.258
-87.1686
-228.036
25.9717
4.11377
4.18692
0

0
7.31609
45.2061
22.3875
21.8586
26.8864
31.897
20.4717
14.4428
-2.98082
-20.7867
-218.824
-6496.57
-101.575
-6177.49
-184.01
-42.5016
175.933
-82.3466
10.2782
14.4077
0

0
-29.0041
-53.0133
-35.4011
-51.4027
-450.945
-46.8327
-54.1124
-70.9368
-19.8463
-109.902
-787.596
-14975.1
2580.11
-14625.1
-682.926
8.14606
617.968
-35.4263
-51.5518
-47.0959
0

0
-18.1891
-73.3522
-10.0312
13.1825
-230.481
-103.459
-19.8085
23.743
-38.0535
-81.902
-1510.77
-32388.1
-112942
-32437
-1538.97
-39.5015
-131.673
39.15
-19.8627
-23.2512
0

0
-22.5084
-34.7059
-17.6543
-43.2742
879.887
-23.9118
-24.7846
-13.8284
-134.036
-92.5802
-3300.48
-77186.3
-1.04639e+06
-78623.6
-3402.15
-356.896
-330.737
-0.414772
-21.0819
-13.1954
0

0
-49.2231
-115.267
-67.9715
-78.5042
251.673
169.048
-28.8005
-112.691
38.3826
-121.91
-5013.07
-228741
-1.23988e+07
-230783
-5344.5
84.8739
-417.867
19.1651
-49.269
-25.0561
0

0
-70.4944
-327.702
-107.771
37.8932
-513.407
-28.4051
2.46431
29.2608
92.1434
-148.293
-6748.77
-619751
-1.86632e+08
-636494
-8997.72
-75.6603
-303.602
57.3315
-75.7417
-25.1106
0

0
-40.0748
234.658
19.6902
3.33554
-721.644
-204.142
2.62854
63.1013
-104.594
-142.248
-16257.6
-1.96707e+06
-1.92051e+08
-2.12005e+06
-17842.6
-358.469
430.528
-1.84027
-67.2118
-17.345
0

0
17.1832
373.325
92.7601
-73.9526
104.042
-21.5763
-22.3646
-58.1764
-102.554
-62.5989
-10133.4
-3.01723e+06
-6.69528e+07
-2.85378e+06
-5756.79
-49.4369
930.356
-67.6994
95.7985
-21.5191
0

0
20.0837
-287.427
-46.4184
-28.2921
585.139
72.1603
-42.2361
-102.938
8.73968
-37.4569
-41080.7
-1.0584e+07
-2.33382e+08
-1.08046e+07
-40559.5
163.798
-88.5219
-53.5115
288.008
-31.1922
0

0
-33.4371
-274.671
-111.663
5.49411
-149.595
-54.8488
-64.5623
-132.429
-4.63294
-44.3247
-25171.8
-1.33101e+06
-1.74544e+08
-1.25857e+06
-33275.7
-202.266
-553.128
-59.6931
79.6398
-29.5718
0

0
-42.5519
88.4067
-19.4938
-26.138
-140.992
-60.7799
-38.0385
-16.3021
-37.4279
-32.6928
-2370.94
276193
-1.27373e+08
308438
-3440.59
-102.592
-380.272
-91.6896
-191.173
-17.5974
0

0
-3.11749
95.6902
36.8412
-11.4193
64.4695
19.103
23.1775
96.7965
6.4111
-2.83324
-1509.53
-112759
-1.2482e+06
-104846
-1804.85
7.0518
-102.699
-11.3343
-148.06
0.462264
0

0
4.27644
-52.3052
-10.1417
10.3388
-35.1987
7.41022
11.3926
-20.2221
25.0967
25.9343
-1890.73
-91101.7
-3.49128e+06
-89839.5
-1071.14
45.9623
310.898
81.7658
70.1342
-0.341493
0

0
0
0
0
0
0
0
0
0
0
0
0
0
0
0
0
0
0
0
0
0
0


0
0
0
0
0
0
0
0
0
0
0
0
0
0
0
0
0
0
0
0
0
0

0
-99.2243
-121.318
-120.435
-116.523
-114.907
-118.334
-113.8
-104.526
-94.6312
-67.9797
26.0207
-1277.54
495.661
-1288.83
22.1927
-52.2891
-115.272
-150.628
-120.096
-115.456
0

0
-26.7551
20.8496
-24.2262
-28.7286
-24.3696
-29.3002
-26.506
-18.1717
-22.9899
-56.4002
-291.057
-2519.14
1061.5
-2496.45
-308.922
-195.731
-120.546
30.8899
-27.0667
-17.8113
0

0
28.562
44.4732
52.6572
58.1944
102.343
62.0099
52.2
46.2976
39.3576
5.66336
-63.4876
-3618.66
193.85
-3528.02
-65.3855
89.7568
-359.306
-3.51555
52.0246
45.2884
0

0
-27.6914
-12.633
-34.0501
-37.4133
1.01531
-34.4109
-41.5287
-41.735
-48.4211
-92.3835
-493.605
-7383.75
-14474.8
-7145.18
-476.227
-73.087
369.001
-99.1173
-50.5506
-40.3359
0

0
-31.8862
-60.1007
-34.4338
-41.3293
-419.852
-55.5177
-49.3716
-51.7495
-33.1767
-91.1658
-716.685
-12705.8
-96982.3
-12223.1
-709.553
31.3977
426.412
-30.5817
-47.7508
-45.117
0

0
-26.1233
-55.8565
-24.9399
-18.1662
-186.785
-99.3432
-28.1674
-3.69395
-63.7574
-90.9132
-1369.18
-21700.1
-534944
-22129.9
-1352.35
-110.741
-104.87
-15.9377
-29.571
-25.6309
0

0
-33.6889
-55.594
-35.9875
-59.5222
753.144
22.4767
-26.2521
-41.9463
-72.7372
-92.6593
-1908.38
-37220.5
-2.17762e+06
-39666
-1784.68
-242.152
-242.269
-11.7933
-29.919
-20.3308
0

0
-53.2578
-140.272
-70.4963
-28.1724
90.4088
111.874
-14.5423
-43.1815
45.3113
-110.268
-2657.57
-79970.8
-3.71071e+06
-83428.9
-2687.59
-16.9582
-381.452
51.4044
-55.5921
-25.0264
0

0
-50.2628
-93.895
-45.0492
37.728
-451.278
-71.0568
7.85181
41.8318
20.0568
-71.554
-4289.37
-330183
-1.74912e+07
-331432
-6402.02
-230.283
-848.11
78.8047
-88.4678
-15.8078
0

0
-7.87095
251.698
56.7216
-20.9811
-457.202
-115.658
-0.721444
6.69911
-75.3766
-18.3598
-2263.44
-581275
-4.75956e+07
-567794
-3944.98
-95.5903
224.259
-5.30387
-71.3909
-7.032
0

0
23.7289
84.3453
38.5186
-48.5285
178.554
13.7458
-23.519
-63.7453
-46.1119
-23.7865
-7446
-1.09498e+06
-1.65268e+08
-1.10442e+06
-3449.97
264.087
1694.34
-89.765
101.733
-16.5956
0

0
-5.92638
-221.438
-67.7019
-17.0389
224.67
12.7803
-47.2868
-93.2064
-8.48087
-52.8491
-8710.76
-547925
-1.36619e+06
-647495
-7514.63
-3.08315
272.565
-67.8335
215.66
-32.0307
0

0
-40.212
-112.718
-72.9278
-14.5296
-127.844
-52.4745
-50.0047
-71.0205
-24.6245
-45.1085
-1882.5
-211991
9.21393e+06
-216350
-3174.52
-180.114
-688.416
-33.7337
17.0251
-31.1432
0

0
-14.5359
53.2764
4.81527
-7.57371
-45.4381
-14.3627
0.31153
27.0463
0.930623
-2.55614
-1212.59
-31775.8
-3.97955e+06
-29058.4
-2140.26
-70.8534
-381.763
1.15585
-109.554
-5.20657
0

0
4.08138
17.3395
16.8148
3.77694
28.4061
19.8518
22.939
41.793
26.6137
34.3413
-967.361
-5383.3
-861292
-5117.09
-681.53
71.3523
240.141
30.0055
-39.7375
2.70447
0

0
0
0
0
0
0
0
0
0
0
0
0
0
0
0
0
0
0
0
0
0
0


0
0
0
0
0
0
0
0
0
0
0
0
0
0
0
0
0
0
0
0
0
0

0
-93.9596
-126.435
-115.012
-111.889
-110.975
-113.075
-109.324
-103.019
-91.4334
-66.9459
38.9714
-882.272
-16.659
-897.691
31.737
-27.6159
-89.0519
-142.463
-112.516
-111.689
0

0
-49.0739
-17.7502
-53.121
-59.2322
-54.9612
-61.6153
-56.4797
-47.6959
-47.122
-71.8157
-254.911
-1756.85
-103.394
-1733.38
-240.999
-189.954
-42.192
-17.5264
-56.8313
-45.9173
0

0
32.5419
60.5338
61.2219
66.8492
78.3245
68.8065
61.79
56.0078
48.5937
16.8839
28.6911
-1802.82
-3719.82
-1763.91
8.4915
12.7354
-156.472
60.9928
66.7923
55.7628
0

0
-5.86354
0.107472
-1.10999
-1.21859
26.3792
0.0214527
-4.9142
-6.24524
-14.3313
-55.2257
-312.58
-3445.71
-16135.6
-3329.75
-318.168
-46.2935
-150.928
-54.8126
-9.13037
-5.80467
0

0
-24.5408
-25.3955
-28.3378
-32.6792
-11.4366
-27.6039
-36.6996
-36.5353
-37.9288
-73.5499
-358.207
-4311.33
-55483.1
-4220.49
-412.83
35.8985
258.099
-53.6374
-40.0166
-35.0578
0

0
-29.4844
-53.3602
-34.1068
-35.7901
-317.196
-61.4767
-42.0305
-39.8156
-44.8551
-88.4141
-629.948
-5301.41
-164390
-5602.77
-639.34
18.3867
288.931
-53.3551
-44.0039
-38.4837
0

0
-31.7884
-52.7184
-37.6826
-40.8454
-58.0595
-76.1992
-36.069
-26.5225
-63.7009
-92.5681
-1033.34
-7916.06
-257251
-9424.63
-836.259
-140.745
23.2715
-57.7129
-34.8444
-31.654
0

0
-44.7715
-81.3545
-54.9513
-57.9705
480.073
31.8401
-32.3555
-43.8649
-38.563
-89.8568
-1256.33
-25694.5
-162698
-27952.7
-939.754
-97.8519
-143.947
-8.13104
-40.5831
-34.0846
0

0
-53.4993
-101.008
-58.5468
-6.51694
-43.9561
35.271
-10.6339
-6.97006
18.15
-66.5992
-1534.65
-76396.7
-2.49932e+06
-71218.1
-1509.11
-104.441
-185.992
91.2114
-52.5223
-27.7575
0

0
-31.2034
38.5487
1.24007
15.2439
-340.137
-65.642
7.50787
26.3271
-10.9869
-18.4736
-1113.03
-70731.2
-4.67873e+06
-65554.5
-2001.2
-203.528
-647.516
68.7714
-64.315
-7.90881
0

0
8.85076
150.32
51.4291
-21.693
-171.316
-45.2577
-2.0484
-15.2015
-40.6708
-7.88435
-1783.74
-121288
-1.15807e+07
-121986
-3079.05
41.6191
-500.387
-41.14
-44.7597
-0.648498
0

0
11.7708
-31.2831
-1.73521
-27.4539
144.198
9.0466
-26.2992
-56.4731
-24.8506
-37.6174
-2102.76
-144829
-5.93131e+06
-146370
-256.609
215.477
1447.94
-79.0168
48.4828
-16.8826
0

0
-20.8444
-124.757
-57.702
-17.9934
50.1666
-16.6253
-41.6456
-62.0779
-20.4426
-51.6473
-1124.76
-29605.6
-708685
-29281.5
63.9519
-21.8812
379.399
-51.7806
82.755
-30.2779
0

0
-16.6731
-20.3442
-21.3475
-4.23927
-52.2293
-16.5544
-10.0679
-3.94759
1.97573
-13.7979
-779.294
-11756.5
-439501
-11479.6
-1347.28
-97.655
-440.81
3.68189
-9.39001
-11.1101
0

0
-3.85344
36.502
14.5487
-0.712227
10.4014
6.98962
15.1391
41.2063
23.4237
34.4629
-507.785
-1697.8
-107684
-1475.71
-991.482
16.4947
-141.949
15.6726
-75.357
0.0283093
0

0
0
0
0
0
0
0
0
0
0
0
0
0
0
0
0
0
0
0
0
0
0


0
0
0
0
0
0
0
0
0
0
0
0
0
0
0
0
0
0
0
0
0
0

0
-141.842
-166.239
-165.915
-168.025
-178.614
-172.271
-163.085
-153.707
-144.873
-140.852
-57.9516
-395.139
-799.365
-413.527
-38.7769
-102.882
-112.264
-181.54
-166.765
-160.703
0

0
16.6229
25.4945
11.344
10.0721
10.1385
7.6436
10.8987
15.5772
15.9883
-4.33792
-132.321
-1091.72
-1783.98
-1087.24
-130.525
-14.2761
22.2321
18.2594
9.83446
14.9842
0

0
-46.1713
-20.3877
-41.8466
-45.2685
-39.6937
-48.548
-46.0738
-42.6022
-49.2319
-93.9703
-65.391
-748.054
-4618.29
-736.071
-54.8547
-83.9935
-74.68
-20.1251
-40.1215
-44.4669
0

0
-0.607029
23.9761
15.7369
16.1419
12.3168
11.1481
11.4522
10.8523
0.368314
-57.5438
-299.991
-1576.48
-11508.2
-1522.05
-327.789
-159.238
-154.473
12.5772
20.295
11.6823
0

0
-13.3526
-1.92846
-9.69611
-12.0172
14.9761
-11.4058
-14.763
-13.5801
-22.8002
-80.4095
-329.422
-1547.39
-25509.5
-1595.99
-431.541
-160.285
-142.267
-29.8008
-10.4155
-14.3634
0

0
-15.4655
-10.4528
-12.074
-14.7304
-40.8116
-17.2284
-19.3594
-19.0098
-28.1641
-96.0857
-531.205
-2201.8
-37156.6
-2514.13
-695.682
-92.3909
71.0531
-31.7484
-14.9183
-16.763
0

0
-14.9438
-21.1876
-15.4177
-15.4538
-165.924
-42.2491
-20.7455
-17.2417
-35.8685
-107.666
-784.498
-5104.66
-22394.3
-6112.07
-890.604
1.40533
221.653
-51.3269
-18.5306
-15.8961
0

0
-19.7617
-40.0738
-28.8763
-31.323
45.0514
-29.492
-26.096
-23.6188
-45.4305
-113.926
-1075.65
-13996.5
-76654.8
-15890
-855.36
-12.2724
126.67
-56.9292
-27.7161
-22.6226
0

0
-34.6861
-75.1946
-50.7506
-35.0644
178.247
10.6411
-27.96
-26.4118
-32.232
-116.626
-1257.97
-24509.2
-354873
-23927.4
-766.331
-55.1042
-39.0492
-5.97492
-40.1076
-34.2593
0

0
-41.0478
-58.4641
-43.0836
-11.9566
-82.1798
-11.8662
-12.9502
0.232105
-16.8891
-100.579
-1103.91
-15834.7
-259886
-13323.6
-1049.8
-155.567
-156.403
52.9192
-41.7131
-28.1224
0

0
-18.9454
41.517
7.3897
-4.48922
-147.777
-32.6764
4.41155
12.3466
-20.6146
-72.9762
-1014.58
-18066.5
-1.04304e+06
-17682.8
-1590.03
-196.286
-360.416
22.7208
-35.3841
-4.70672
0

0
8.42487
51.4662
26.1774
-7.91313
-21.9666
-6.75549
2.90663
-7.38878
-19.8617
-67.9208
-1019.69
-23998.2
-1.32431e+06
-24132
-1448.84
-54.6243
-310.127
-34.1421
-17.6251
4.38186
0

0
4.64774
-28.7717
-6.65816
-7.53885
50.592
2.02834
-11.822
-25.9244
-17.8884
-80.2147
-879.228
-9335.46
-50675.1
-9138.73
-478.045
26.5244
373.068
-38.7606
16.6845
-6.43601
0

0
4.07948
-18.682
-5.30541
7.60217
11.3007
6.34413
3.4597
2.28594
6.29023
-54.0191
-753.893
-6642.26
-26984.2
-6576.55
-428.707
-31.5957
171.888
8.14051
21.3417
2.49682
0

0
4.58721
21.4662
12.2825
11.3461
-1.7187
11.2054
17.5758
30.1255
25.9694
-2.64125
-535.323
-3263.18
-15766.7
-3171.34
-779.415
-38.8222
-225.947
26.4317
-10.3909
10.4128
0

0
0
0
0
0
0
0
0
0
0
0
0
0
0
0
0
0
0
0
0
0
0


0
0
0
0
0
0
0
0
0
0
0
0
0
0
0
0
0
0
0
0
0
0

0
-107.875
-140.545
-131.982
-132.699
-144.229
-134.967
-126.999
-117.397
-102.105
-71.6452
59.4346
35.3642
-483.206
23.6983
69.6254
-21.0863
-79.8989
-149.981
-132.82
-126.18
0

0
113.972
119.704
125.508
130.684
134.657
132.401
127.731
123.979
118.182
91.9536
33.8838
-336.74
-1325.76
-337.774
10.6058
95.0642
96.7515
125.35
126.637
123.638
0

0
-60.5071
-43.1321
-62.0921
-67.9076
-67.8476
-70.1092
-66.4217
-62.3131
-65.4009
-99.0155
-79.5694
-23.471
-2439.86
-11.7862
-60.7468
-81.1232
-49.5861
-40.8514
-64.1147
-62.6592
0

0
19.7605
41.2964
42.9766
45.481
46.8885
46.0785
42.8151
39.775
30.685
-16.2354
-189.801
-200.454
-5517.09
-182.549
-213.377
-102.956
-27.5854
59.5102
49.8875
41.7597
0

0
2.70289
6.61385
6.85799
6.14035
5.5258
7.47075
6.39886
6.46258
-0.356586
-44.983
-205.459
254.381
-7874.35
198.621
-266.561
-120.706
-83.0865
-5.46199
7.53203
7.00181
0

0
5.5043
15.4729
14.3415
15.0665
20.5816
13.8866
13.5263
12.9511
4.68092
-46.2796
-331.97
-63.9137
-4361.56
-242.869
-443.465
-95.6476
16.3949
2.80133
15.1886
15.0902
0

0
8.39222
14.4105
14.0834
14.9489
-6.732
7.59791
11.921
11.7746
3.1859
-46.849
-446.974
-1970.2
2598.14
-2391.78
-524.65
84.0962
190.913
-19.5274
8.71503
15.0712
0

0
7.85792
5.61328
5.19138
4.01538
6.8464
1.49784
3.19779
4.48022
-4.41964
-46.2969
-535.637
-6037
-31893.5
-6710.69
-392.466
60.6892
129.681
-25.4353
-3.77899
5.17947
0

0
-3.33146
-12.1328
-11.1472
-7.94793
47.4371
0.775422
-8.14603
-7.42206
-13.4645
-50.2069
-604.24
-8379.89
-40905.2
-8033.52
-355.405
-55.7524
-62.8612
18.6612
-13.1784
-10.1915
0

0
-12.5072
-9.57488
-9.73955
0.322839
-18.1424
2.14566
-1.8312
-1.09156
-6.77618
-45.063
-565.752
-3644.43
52955.4
-2757.21
-564.36
-87.1757
-113.227
62.7581
-2.61279
-6.98363
0

0
-1.91249
27.7594
18.0815
15.5745
-39.4053
6.09258
15.7969
13.8578
4.90317
-26.2399
-542.15
248.819
-155521
160.19
-727.588
-85.5392
-135.166
28.7117
14.5325
14.9771
0

0
13.4599
31.668
26.1618
14.0974
11.2062
11.2328
14.7782
8.84995
5.01927
-24.652
-566.85
-584.124
-230353
-910.702
-711.9
-39.1402
-105.992
-25.894
12.7064
19.6608
0

0
5.67786
-10.2074
-0.51763
-0.349236
27.9344
3.47435
-2.23034
-4.24446
-4.40504
-44.13
-586.282
-2032.74
15177.4
-2011.75
-508.981
-5.01192
93.2694
-29.821
4.18502
0.921089
0

0
4.35556
-3.93579
1.33002
7.8005
15.231
9.56101
8.96356
15.3928
14.7465
-25.6359
-547.371
-2943.37
3703.95
-2880.73
-431.824
-18.4779
75.3843
14.218
9.11156
5.60584
0

0
1.80965
12.2409
9.15676
10.5402
4.3726
10.3007
12.5179
18.7138
20.0562
5.61621
-366.535
-1387.61
-6380.72
-1358.56
-385.354
-19.808
-40.4017
20.2027
7.06113
10.8965
0

0
0
0
0
0
0
0
0
0
0
0
0
0
0
0
0
0
0
0
0
0
0


0
0
0
0
0
0
0
0
0
0
0
0
0
0
0
0
0
0
0
0
0
0

0
0
0
0
0
0
0
0
0
0
0
0
0
0
0
0
0
0
0
0
0
0

0
0
0
0
0
0
0
0
0
0
0
0
0
0
0
0
0
0
0
0
0
0

0
0
0
0
0
0
0
0
0
0
0
0
0
0
0
0
0
0
0
0
0
0

0
0
0
0
0
0
0
0
0
0
0
0
0
0
0
0
0
0
0
0
0
0

0
0
0
0
0
0
0
0
0
0
0
0
0
0
0
0
0
0
0
0
0
0

0
0
0
0
0
0
0
0
0
0
0
0
0
0
0
0
0
0
0
0
0
0

0
0
0
0
0
0
0
0
0
0
0
0
0
0
0
0
0
0
0
0
0
0

0
0
0
0
0
0
0
0
0
0
0
0
0
0
0
0
0
0
0
0
0
0

0
0
0
0
0
0
0
0
0
0
0
0
0
0
0
0
0
0
0
0
0
0

0
0
0
0
0
0
0
0
0
0
0
0
0
0
0
0
0
0
0
0
0
0

0
0
0
0
0
0
0
0
0
0
0
0
0
0
0
0
0
0
0
0
0
0

0
0
0
0
0
0
0
0
0
0
0
0
0
0
0
0
0
0
0
0
0
0

0
0
0
0
0
0
0
0
0
0
0
0
0
0
0
0
0
0
0
0
0
0

0
0
0
0
0
0
0
0
0
0
0
0
0
0
0
0
0
0
0
0
0
0

0
0
0
0
0
0
0
0
0
0
0
0
0
0
0
0
0
0
0
0
0
0

0
0
0
0
0
0
0
0
0
0
0
0
0
0
0
0
0
0
0
0
0
0


