0
0
0
0
0
0
0.00117194
0
-0.00322708
0
0
0
0
0
0
0
0
0
0
0
-0.00167416
0

0
0.00635736
0.0107249
0.0123162
0.0129393
0.0152497
0.0143548
0.013851
0.0134614
0.0131213
0.0126535
0.0123184
0.0102176
0.0096338
0.00812369
0.00467895
0.00695138
0.00569151
0.00422701
0.0027502
-0.00234268
0

0
0.0032007
0.00734266
0.00960877
0.00906161
0.0126912
0.0140424
0
0.014656
0.0149038
-0.00405454
0.0154639
0.0134645
0.0118483
0.0100312
0.00785708
0.0064952
0.00617679
0.0044384
0.00201622
-0.003475
0

0
0.00194792
0.00513648
0.00770885
0.0114633
0.0101203
0
0.0118986
0.0122067
0.0123618
0.0129084
0.0167937
0.0123603
0.0102762
0.008703
0.00708046
0.0057067
0.00441694
0.00250743
-0.00692339
-0.00431973
0

0
0.00136006
0.00364313
0.00470656
0.00717972
0.00509535
0.00844693
0.0093794
0.00935589
0.0085625
0.00741608
0.00394908
0.00776251
0.00762985
0.00650018
0.00521287
0.00398019
0.0022232
0.000384994
-0.00158181
-0.00492891
0

0
0.00116343
-0.00187287
0.00623541
0.00719811
0.0109633
0.0085285
0.00788988
0.00724705
0.00501009
0.00427556
0.00480949
0.00711899
0.00542039
0.00429438
0.00316959
0.00247004
0.000401846
-0.0013709
-0.0030257
-0.00551137
0

0
0.000890313
0.00240864
0.00409785
0.00464513
0.00746108
0.00701407
0.00657221
0.00656155
0.0078068
0.00687968
0.00407737
0.00167768
0.00261414
0.00206427
0.00068974
-0.0030551
-0.00196152
-0.00334417
-0.0043512
-0.00605201
0

0
0.000723644
0.00147429
0.00294493
0.000256089
0.490317
0.0056895
0.00503002
0.00481177
0.0048574
0.00420415
0.0029062
0.00165829
0.0012624
0.000736806
0.000104663
0.00042612
-0.00234499
-0.00537178
-0.00528963
-0.00655864
0

0
0.000769333
0.00113493
0.00113493
0.00149254
0.00348926
0.00356429
0.00333264
0.00310415
0.00287723
0.00237928
0.00161839
0.000841594
0.000249195
-0.000357495
-0.000995042
-0.00149925
-0.00250427
-0.00252125
-0.00500009
-0.00705502
0

0
0.00183753
0.000816558
0.000784347
0.000953177
0.00159849
0.00178434
0.00170457
0.00149523
0.00128096
0.00091321
0.0004127
-0.000121199
-0.00153866
-0.00135448
-0.00216629
-0.00277119
-0.00345425
-0.00417908
-0.00551593
-0.00742296
0

0
-0.00167603
-0.000652526
-0.000396
-0.000224298
3.02698e-05
0.000150187
0.000109008
-0.000168087
-0.000180218
-0.000416638
-0.000749835
-0.00109191
-0.00153866
-0.0021967
-0.00351264
-0.0038583
-0.00425985
-0.00484872
-0.00586137
-0.00770305
0

0
-0.000603981
-0.000978906
-0.00113365
-0.0011681
-0.00111024
-0.00105022
-0.00101082
-0.000891464
-0.00120035
-0.00143388
-0.00166455
-0.00179003
-0.0020293
-0.00252794
-0.00545724
-0.00436841
0
-0.00507966
-0.003475
-0.00786669
0

0
-0.000536267
-0.0013986
-0.00187287
-0.00209718
-0.00215494
-0.0021428
-0.00211154
-0.00210327
-0.00223033
-0.002396
-0.00252688
-0.00253771
-0.00152143
-0.00326201
-0.001659
-0.00393909
-0.00483472
-0.00564379
-0.00644517
-0.00772862
0

0
-0.000804413
-0.00205201
-0.00272441
-0.00306644
-0.00316113
-0.00315637
-0.00312288
-0.00310968
-0.00317556
-0.00331699
-0.00355893
-0.00400934
-0.00537362
-0.00440352
-0.00385629
-0.00457161
-0.00531701
-0.00611554
-0.00662335
-0.00791894
0

0
-0.00147745
-0.00304341
0.00147429
-0.0039976
-0.00407901
-0.00403228
-0.00395416
-0.00390459
-0.00392901
-0.00405454
-0.00429268
-0.00468469
-0.00520286
-0.00503865
-0.00496171
-0.00540139
-0.00606416
-0.00692339
-0.00793434
-0.0082941
0

0
-0.00147745
-0.00304341
-0.0037053
-0.0039976
-0.00407901
-0.00403228
-0.00395416
-0.00390459
-0.00392901
-0.00405454
-0.00429268
-0.00468469
-0.00520286
-0.00503865
-0.00496171
-0.00540139
-0.00606416
-0.00692339
-0.00793434
-0.0082941
0

0
0
0
0
0
0
0
0
0.00849038
0.00284328
0
0
0.00856516
0
0.00764752
0
0
0
0
-0.0117876
0
0


0
0
0
0
0
0
0
0
0
0
0
0
0
0
0
0
0
0
0
0
0
0

-0.00635736
0.00623931
0.0105757
0.0121545
0.0127621
0.0150848
0.0141893
0.0136836
0.0132928
0.012956
0.0124939
0.0121652
0.0101044
0.00947261
0.00796615
0.00449173
0.00671242
0.00550663
0.00409381
0.00269186
-0.00242393
-0.00234268

-0.0032007
0.00306226
0.00717281
0.00941687
0.00881211
0.0124554
0.0138116
0.0142005
0.0144313
0.0146841
0.014684
0.0152579
0.0132728
0.0116544
0.00984412
0.00769027
0.00642984
0.00602363
0.00430624
0.00194767
-0.00355867
-0.003475

-0.00194792
0.00178332
0.00494526
0.00750156
0.0112663
0.00986197
0.010823
0.0116223
0.0119316
0.012088
0.0126347
0.0165359
0.0121058
0.0100388
0.00846857
0.00685045
0.00549852
0.00421335
0.00234442
-4.62928e-05
-0.00445241
-0.00431973

-0.00136006
0.00116777
0.00342436
0.00449268
0.00692846
0.00475987
0.00812769
0.00906157
0.0090307
0.00822316
0.00707858
0.00360748
0.00744148
0.00731489
0.00619345
0.00491051
0.00368983
0.00195758
0.000150797
-0.00179372
-0.00513265
-0.00492891

-0.00116343
0.000943118
0.00306132
0.00592596
0.00688838
0.0106891
0.00819941
0.00753006
0.00686975
0.00459491
0.00387998
0.00442486
0.00674091
0.00504826
0.00392335
0.002794
0.00208583
5.93444e-05
-0.00167852
-0.0033134
-0.00578843
-0.00551137

-0.000890313
0.000641153
0.00212256
0.00377303
0.00429869
0.00710348
0.00662807
0.00616368
0.00614215
0.00740906
0.00645378
0.00364204
0.00125092
0.00219332
0.00163538
0.000244188
-0.00357784
-0.00234491
-0.00369196
-0.0047311
-0.00644204
-0.00605201

-0.000723644
0.000448939
0.00115918
0.00258933
-0.000130723
0.00694221
0.00524739
0.00456672
0.00433785
0.00437621
0.00370613
0.00240771
0.00118097
0.000793101
0.000259882
-0.000353165
0.000122797
-0.00268857
-0.00572343
-0.00574792
-0.00706074
-0.00655864

-0.000769333
0.000474108
0.000791101
0.00120672
0.0010588
0.00301983
0.00306492
0.0028101
0.00256488
0.00232596
0.00181955
0.0010584
0.000288373
-0.000297542
-0.000894102
-0.00150176
-0.00194664
-0.00293883
-0.00296803
-0.00552026
-0.00757297
-0.00705502

-0.00183753
0.00153688
0.000444853
0.000348665
0.000469791
0.00107414
0.001226
0.0011192
0.000891059
0.00066243
0.000283227
-0.000225055
-0.000757603
-0.00131832
-0.00195851
-0.00274181
-0.00332536
-0.0040102
-0.00475531
-0.00609296
-0.00792385
-0.00786669

0.00167603
-0.00206848
-0.00109146
-0.000884824
-0.000764796
-0.000554899
-0.000472663
-0.00054481
-0.000839444
-0.00087022
-0.00111857
-0.0014619
-0.00181541
-0.00225857
-0.00288262
-0.00413928
-0.00450163
-0.0049603
-0.00558174
-0.00646519
-0.00814582
-0.00770305

0.000603981
-0.000996109
-0.00144537
-0.00166901
-0.00176384
-0.00175686
-0.00173833
-0.00173235
-0.00164376
-0.00196678
-0.00221042
-0.00245472
-0.00259575
-0.00282343
-0.00329153
-0.00612536
-0.00515745
-0.00527252
-0.00586745
-0.00660488
-0.00833857
-0.00786669

0.000536267
-0.00093516
-0.00189475
-0.00245563
-0.00275109
-0.00286593
-0.00289847
-0.00290239
-0.00292147
-0.00306695
-0.00324655
-0.00339245
-0.00340995
-0.0023844
-0.00411212
-0.00259374
-0.00481863
-0.00572212
-0.00644203
-0.00715
-0.00830635
-0.00772862

0.000804413
-0.00120345
-0.00258484
-0.00336231
-0.00378549
-0.00394111
-0.00398237
-0.00398338
-0.00399667
-0.00408157
-0.00423778
-0.00449146
-0.00494648
-0.00631876
-0.00534823
-0.00482722
-0.00552967
-0.00623896
-0.00696971
-0.00744523
-0.0086317
-0.00791894

0.00147745
-0.00185658
-0.00363468
-0.00441057
-0.00478937
-0.00493121
-0.00492856
-0.00488272
-0.00485731
-0.00489915
-0.00503742
-0.00528547
-0.00568406
-0.00620358
-0.00603744
-0.00597116
-0.00641169
-0.00704402
-0.00784618
-0.00886369
-0.00912198
-0.0082941

0.00165721
-0.00147745
-0.00304341
-0.0037053
-0.0039976
-0.00407901
-0.00403228
-0.00395416
-0.00390459
-0.00392901
-0.00405454
-0.00429268
-0.00468469
-0.00520286
-0.00503865
-0.00496171
-0.00540139
-0.00606416
-0.00692339
-0.00793434
-0.0082941
-0.00873193

0
0
0
0
0
0
0
0
0.0085625
0.0023678
0
0
0.008703
0
0.00776251
0
0
0
0
-0.0112559
0
0


0
0
0
0
0
0
0
0
0
0
0
0
0
0
0
0
0
0
0
0
0
0

-0.00661386
0.00649907
0.0114115
0.013234
0.0145315
0.00986423
0.00637864
0.00601685
0.00714934
0.00844045
0.00936975
0.00983756
0.00950183
0.00903367
0.00821724
0.00707908
0.0067054
0.00579376
0.00434943
0.00290101
-0.00200914
-0.00190936

-0.00360283
0.00346557
0.00840501
0.0114947
0.0121481
0.0101203
0.00633452
0.00467016
0.00523614
0.00678672
0.00844012
0.00970637
0.00977584
0.00941125
0.00865319
0.00763203
0.00671321
0.00566033
0.00383039
0.00153535
-0.00386912
-0.00377342

-0.00233957
0.00217556
0.00608738
0.00898337
0.01049
0.00917956
0.00607779
0.0036461
0.00303876
0.00383352
0.00529381
0.00705865
0.0071947
0.0070147
0.00651707
0.00572726
0.00478254
0.00359979
0.00177867
-0.000395052
-0.00478012
-0.00465949

-0.00171696
0.00152575
0.00455647
0.00686702
0.00830424
0.00748113
0.00535225
0.00241039
0.000445047
-0.000205911
0.000125735
0.000624761
0.00211293
0.00270276
0.00266376
0.00222249
0.00150211
0.000440478
-0.00106333
-0.00282608
-0.00605037
-0.00588752

-0.00138972
0.00117036
0.00371584
0.0060754
0.0075463
0.00831179
0.00638789
0.003276
0.000204017
-0.00203023
-0.00288733
-0.00273351
-0.00176712
-0.00142889
-0.00138197
-0.00165887
-0.00218311
-0.00302976
-0.00420836
-0.00556339
-0.00781499
-0.0075794

-0.00111121
0.000863644
0.00284918
0.00473468
0.00611743
0.00702364
0.00625504
0.00422305
0.00158898
-0.000731824
-0.00275394
-0.00429149
-0.00501504
-0.0048719
-0.00489498
-0.00523365
-0.00608727
-0.00637889
-0.00724125
-0.0081769
-0.00964632
-0.00930852

-0.00087548
0.000601095
0.00204493
0.00339312
0.00436193
0.00428468
0.00394668
0.00307952
0.00155489
-0.00044541
-0.0026927
-0.00472877
-0.00617866
-0.00690555
-0.00731196
-0.00759653
-0.00778009
-0.00852746
-0.00953047
-0.0101348
-0.0111178
-0.0106754

-0.000712358
0.000412708
0.00137055
0.0023211
0.00315182
0.00401994
0.00431131
0.00407592
0.00330843
0.00201456
0.000242695
-0.00179546
-0.00374012
-0.00523485
-0.00631711
-0.00718579
-0.00788163
-0.00857111
-0.00909873
-0.0100161
-0.0112366
-0.0107203

-0.000629809
0.000305462
0.000728847
0.00128823
0.00193992
0.00268085
0.00316975
0.00332657
0.00312367
0.00255895
0.00155357
0.000163651
-0.00135123
-0.00284177
-0.00438789
-0.00592142
-0.00706564
-0.0078682
-0.00866768
-0.00974181
-0.0112479
-0.0106532

0.000100409
-0.000461844
-0.000241528
9.73898e-05
0.000533357
0.0010482
0.00149351
0.00178476
0.0018589
0.00173119
0.00131492
0.000673367
-0.000167593
-0.0013213
-0.00274927
-0.00422108
-0.00526065
-0.00632462
-0.00766892
-0.00901264
-0.0106065
-0.00991731

0.000183066
-0.00056307
-0.00085773
-0.000882877
-0.000715212
-0.000416021
-7.72631e-05
0.000229626
0.000457806
0.000496939
0.000402679
0.000163436
-0.000249148
-0.000861833
-0.00167288
-0.00285631
-0.00374097
-0.00500227
-0.00639192
-0.00745367
-0.00905999
-0.00845664

0.0003578
-0.000749404
-0.00147989
-0.0018352
-0.00189987
-0.00176517
-0.0015252
-0.00125478
-0.00101485
-0.000871055
-0.000819587
-0.000862988
-0.00098508
-0.00104753
-0.00158494
-0.00192179
-0.00305228
-0.00409623
-0.00501197
-0.00579634
-0.00750392
-0.00708624

0.000690189
-0.00108348
-0.00225618
-0.00286271
-0.00307142
-0.00301844
-0.00282214
-0.00256899
-0.00232231
-0.00213553
-0.00202033
-0.00201734
-0.00213494
-0.00241514
-0.00243459
-0.00258987
-0.00319622
-0.0038355
-0.00453075
-0.00532904
-0.00677625
-0.00623994

0.00138569
-0.00175997
-0.00332277
-0.00401227
-0.00420682
-0.00412554
-0.00389556
-0.00360932
-0.0033271
-0.00310804
-0.00291095
-0.00287847
-0.00296826
-0.00313688
-0.00317061
-0.00332699
-0.0037765
-0.00432881
-0.00497515
-0.00582535
-0.00664559
-0.00595571

0.00156146
-0.00138569
-0.00274014
-0.00331234
-0.00342271
-0.0032823
-0.00300957
-0.00269235
-0.00238826
-0.0021547
-0.0019502
-0.00190885
-0.00199342
-0.0021676
-0.00221639
-0.00237349
-0.00279945
-0.00334507
-0.00407965
-0.00504241
-0.00595571
-0.00647338

0
0
0
0
0
0
0
0
0
0
0
0
0
0
0
0
0
0
0
0
0
0


0
0
0
0
0
0
0
0
0
0
0
0
0
0
0
0
0
0
0
0
0
0

-0.00702922
0.0069155
0.0124012
0.0162905
0.0181367
0.000520195
-0.00902316
-0.00775339
-0.00324813
0.000694873
0.00340534
0.00507906
0.00590483
0.00619741
0.00609782
0.00572895
0.00525879
0.00453257
0.00328985
0.00198649
-0.00240927
-0.00231046

-0.00409067
0.00395257
0.0100758
0.0143078
0.0170815
0.00728264
-0.00526361
-0.00892368
-0.0059403
-0.00126904
0.00284577
0.00581384
0.00754323
0.00840649
0.00862052
0.00836571
0.00777319
0.00679836
0.00508513
0.00297046
-0.00218664
-0.00211402

-0.00277282
0.00260689
0.00757945
0.0111672
0.0136312
0.00837797
-0.00205258
-0.00849641
-0.00838472
-0.00463538
-0.000216791
0.00351699
0.00600576
0.00752647
0.00826895
0.00838685
0.00800271
0.00715591
0.00558122
0.00359855
-0.000669316
-0.000586506

-0.00207798
0.00188576
0.0057735
0.0088299
0.0108525
0.00888786
0.000445019
-0.00822062
-0.0119494
-0.0109833
-0.00769257
-0.00399289
-0.000631341
0.00181846
0.00336595
0.0041647
0.00435999
0.00404612
0.003104
0.00174778
-0.00116135
-0.00105622

-0.00166735
0.00144784
0.00461391
0.00751164
0.00977548
0.010849
0.00579371
-0.00262565
-0.00987068
-0.0133103
-0.0130082
-0.010641
-0.00762437
-0.00495473
-0.00289228
-0.00151041
-0.00075115
-0.000460546
-0.00067929
-0.00136972
-0.00302762
-0.00288946

-0.00136529
0.00111717
0.0036796
0.00630513
0.00862824
0.0105407
0.0097479
0.00442453
-0.00309422
-0.00935625
-0.0127957
-0.0136511
-0.0126796
-0.0107283
-0.00873732
-0.00719957
-0.00613564
-0.00528673
-0.00489755
-0.00504493
-0.00568607
-0.00547614

-0.00109417
0.00081842
0.00281996
0.00493176
0.00701774
0.00858643
0.00936964
0.00792235
0.00372634
-0.00197601
-0.00769407
-0.0118686
-0.0136831
-0.0137578
-0.013131
-0.0120883
-0.0108231
-0.00980537
-0.00920647
-0.00892916
-0.00873868
-0.00839436

-0.00084357
0.000541132
0.00200038
0.00358912
0.00528212
0.00685429
0.00796718
0.0083808
0.00739488
0.00427095
-0.00027318
-0.00476073
-0.00868558
-0.0118719
-0.0135408
-0.0135848
-0.0132265
-0.0131013
-0.0126373
-0.0118768
-0.0113795
-0.0109225

-0.000598963
0.00027025
0.00119835
0.00228673
0.00354147
0.00486298
0.00601834
0.00682573
0.00703455
0.00640046
0.00478371
0.00186748
-0.00214244
-0.00574369
-0.00810786
-0.0103144
-0.0128178
-0.0141087
-0.0134518
-0.012735
-0.0135178
-0.0132349

-0.000270534
-8.48361e-05
0.000357537
0.00100753
0.00185004
0.00282792
0.00380601
0.00464215
0.00523149
0.00552274
0.00525544
0.00415966
0.0026417
0.000917606
-0.00193841
-0.0058561
-0.00867171
-0.00921343
-0.0096181
-0.0119692
-0.0148146
-0.0143633

-3.37137e-05
-0.000341746
-0.00038341
-0.000153721
0.00031886
0.000974776
0.0017218
0.00246397
0.00311998
0.00359122
0.0037943
0.00380982
0.00365408
0.00270925
0.000788958
-0.000854495
-0.00152869
-0.00309425
-0.00684793
-0.0107465
-0.0123125
-0.01067

0.000223298
-0.000611778
-0.00111825
-0.0012559
-0.00107735
-0.000664756
-0.000107788
0.000509338
0.0011091
0.00161826
0.00201885
0.00232204
0.00239607
0.00210347
0.00175613
0.001666
0.000713886
-0.00170765
-0.00446487
-0.00523281
-0.00588113
-0.0049336

0.000590823
-0.00098176
-0.00196308
-0.00238135
-0.00238291
-0.00210209
-0.00164912
-0.00111114
-0.000559016
-4.77842e-05
0.000395671
0.00072988
0.000907106
0.000980626
0.0011067
0.000978302
0.00014758
-0.000885269
-0.00126577
-0.00122816
-0.00317651
-0.00320942

0.00129983
-0.00167232
-0.00306091
-0.00357109
-0.00358199
-0.00329419
-0.00283573
-0.0022967
-0.00174201
-0.00122089
-0.000758004
-0.000408592
-0.00016804
1.18867e-05
0.00013476
-2.65312e-05
-0.000489723
-0.000764566
-0.000791176
-0.00150438
-0.00307191
-0.00274862

0.00147474
-0.00129983
-0.00248166
-0.00287592
-0.00280358
-0.00245748
-0.00195717
-0.00138818
-0.000811913
-0.000276409
0.000193285
0.00054823
0.000801408
0.000982351
0.00105078
0.000838393
0.000488885
0.00040163
0.000181867
-0.0010565
-0.00274862
-0.00348608

0
0
0
0
0
0
0
0
0
0
0
0
0
0
0
0
0
0
0
0
0
0


0
0
0
0
0
0
0
0
0
0
0
0
0
0
0
0
0
0
0
0
0
0

-0.007992
0.0078801
0.0115957
0.0304517
0.00223269
0.0567502
0.0141922
0.0167145
0.0242662
0.0275884
0.0276903
0.0262305
0.0241321
0.0217857
0.0194448
0.0171734
0.0149584
0.012773
0.0102737
0.00798781
0.00244483
0.0025437

-0.0048704
0.00473292
0.0112268
0.0218886
0.0273141
0.0240841
0.0160343
0.0150122
0.0262029
0.035367
0.0399008
0.0412179
0.0405542
0.038756
0.0362812
0.0334705
0.0304314
0.0271753
0.0234067
0.019499
0.0127658
0.0128366

-0.00327337
0.00310612
0.00920268
0.014013
0.0270382
-0.00216282
0.00201582
0.00203045
0.0105235
0.022355
0.0319507
0.0379836
0.0408192
0.0414924
0.0408424
0.0392743
0.0369939
0.03417
0.0306294
0.0268892
0.0206747
0.020747

-0.00237795
0.00218377
0.00732814
0.00970953
0.0216805
-0.00706758
-0.00743098
-0.00573523
-0.00117325
0.00906679
0.0205957
0.0296705
0.0356309
0.0390463
0.040479
0.0404187
0.0393
0.0373966
0.0346603
0.0317117
0.0266688
0.0267411

-0.00185953
0.00163983
0.00599144
0.0080581
0.0191104
0.00432905
-0.00916942
-0.0103765
-0.00766531
-0.00147469
0.00754561
0.0174062
0.0261578
0.0324395
0.0362818
0.0382789
0.0387991
0.0381815
0.0366835
0.0348591
0.0312654
0.0313059

-0.00155871
0.00131076
0.00469889
0.00760085
0.0142845
0.0152574
0.000269258
-0.00890747
-0.0103606
-0.00951623
-0.0051456
0.00316799
0.0119348
0.019604
0.0261555
0.0308389
0.0333731
0.0346561
0.0351808
0.0348424
0.0328554
0.0327833

-0.00128636
0.00100995
0.0035615
0.00642636
0.0102704
0.0145692
0.0115363
0.00113355
-0.00805779
-0.0116326
-0.00994985
-0.00690068
-0.00272908
0.0045211
0.0122144
0.0177571
0.0221478
0.0263416
0.0291705
0.0300112
0.0300558
0.0300079

-0.000996813
0.000693616
0.00256762
0.00477643
0.00749562
0.0107651
0.0127882
0.0097964
0.00240102
-0.00399638
-0.0085812
-0.0114464
-0.00947735
-0.00487743
-0.00195442
0.00199906
0.00904982
0.0148942
0.0173957
0.0195113
0.0229567
0.0235699

-0.000709215
0.000380237
0.00163809
0.00317424
0.0050852
0.00737322
0.00960098
0.010648
0.00933268
0.00481668
-0.0016064
-0.00548376
-0.00682671
-0.00982512
-0.0111092
-0.00536157
0.000516147
0.000300016
0.00102385
0.00831133
0.0143412
0.0151039

-0.000420711
6.75945e-05
0.000757353
0.00170934
0.00296816
0.00452603
0.00626145
0.00785763
0.00867163
0.00794099
0.00604194
0.00312916
-0.0022521
-0.00710271
-0.00592038
-0.00358703
-0.00823187
-0.0131572
-0.00587793
0.00525195
0.0047022
0.00234895

-0.000151511
-0.000221362
-5.82295e-05
0.000393748
0.00114697
0.00217404
0.00340407
0.00470118
0.00586016
0.00670105
0.0069229
0.00562834
0.00329366
0.00243431
0.00138512
-0.00436002
-0.0109927
-0.00797527
0.000472702
-0.00123394
-0.00876654
-0.0117899

0.000135238
-0.000521383
-0.000860554
-0.000823739
-0.000440238
0.000225887
0.0010976
0.00209196
0.00312608
0.00408709
0.00473615
0.00494909
0.00523394
0.00520072
0.00279739
-0.000817499
-0.000648606
0.00190133
-0.000865091
-0.00966939
-0.0123543
-0.00981318

0.000520525
-0.000909485
-0.00175023
-0.00202286
-0.00186143
-0.00139
-0.00070842
0.000102247
0.000972094
0.00182288
0.00257774
0.00326513
0.00390278
0.00397258
0.00323031
0.00313286
0.004029
0.00286144
-0.00186306
-0.00438249
-0.00256281
4.60423e-05

0.00123765
-0.00160866
-0.00287051
-0.00324838
-0.00311574
-0.00266391
-0.00201506
-0.00125257
-0.000438147
0.000371971
0.00113594
0.00183698
0.00244375
0.00284736
0.0031032
0.00339567
0.00336969
0.00254284
0.00170218
0.00190183
0.0014928
0.0020708

0.00141181
-0.00123765
-0.00229397
-0.00255692
-0.00234191
-0.00183268
-0.00114251
-0.000349772
0.000484947
0.00130719
0.00208407
0.00279829
0.00338748
0.00377397
0.0041061
0.00441574
0.00418058
0.00331482
0.00297128
0.00318095
0.0020708
0.00121265

0
0
0
0
0
0
0
0
0
0
0
0
0
0
0
0
0
0
0
0
0
0


0
0
0
0
0
1
0
0
0
0
0
0
0
0
0
0
0
0
0
0
0
0

-0.0094574
0.00934608
0.00637065
0.062226
-0.0743736
0.902603
0.275954
0.117874
0.0884237
0.0679182
0.0531803
0.0428198
0.0353692
0.0298047
0.0253757
0.0216915
0.0184697
0.015552
0.0124188
0.00965504
0.00255903
0.00267505

-0.00732319
0.00718691
0.000325767
0.0701512
-0.1047
0.758727
0.447929
0.21809
0.142565
0.110289
0.0888999
0.0736259
0.0624389
0.0538588
0.0470617
0.0413996
0.0364193
0.031799
0.0269964
0.0222768
0.0142487
0.0143642

-0.00556648
0.00540188
-0.00177319
0.0558075
-0.0923016
0.563868
0.528971
0.340992
0.219739
0.159794
0.125907
0.103685
0.0875695
0.0752438
0.0655649
0.0576998
0.0510018
0.0449963
0.0391487
0.0336692
0.0260416
0.0261771

-0.0038317
0.00363861
0.000338282
0.0353095
-0.049905
0.323896
0.490507
0.431159
0.315037
0.227254
0.17576
0.142899
0.118913
0.101056
0.0874383
0.0765069
0.0674376
0.0596784
0.0526308
0.0463994
0.0388688
0.0390398

-0.00245508
0.00223378
0.00361561
0.0180479
-0.00195143
0.116281
0.335509
0.410104
0.368444
0.299064
0.238731
0.19131
0.157337
0.133153
0.114091
0.0988408
0.086853
0.076819
0.0679669
0.0606161
0.0527226
0.05298

-0.00172942
0.00148139
0.00464836
0.00992631
0.0161165
0.0346909
0.150901
0.274857
0.333977
0.331478
0.287819
0.239855
0.203306
0.172068
0.145665
0.126443
0.111071
0.0969902
0.0854484
0.0770028
0.0682146
0.0685005

-0.001375
0.00109929
0.00387734
0.00735202
0.013259
0.0214837
0.0517497
0.129057
0.220003
0.268221
0.275558
0.267451
0.241618
0.206736
0.181202
0.16136
0.1388
0.11928
0.107544
0.0982757
0.0864034
0.0856758

-0.00106888
0.000765825
0.00283978
0.00542631
0.00910593
0.0146373
0.0250194
0.0513997
0.09824
0.150993
0.203052
0.230869
0.226403
0.219844
0.212687
0.187097
0.158596
0.146537
0.138794
0.120995
0.102403
0.100282

-0.000768632
0.000440153
0.00185268
0.00363368
0.00602851
0.00941623
0.0146604
0.0235883
0.0392262
0.0678437
0.105606
0.134498
0.164519
0.19418
0.1906
0.170181
0.173304
0.180747
0.157391
0.12471
0.110731
0.1161

-0.000480247
0.000128559
0.000940086
0.0020548
0.00358398
0.00565892
0.00850729
0.0126011
0.0189483
0.0290088
0.0423818
0.0631027
0.0945322
0.111341
0.112296
0.139788
0.175965
0.160482
0.118477
0.11672
0.133714
0.14991

-0.000201848
-0.00016924
9.32004e-05
0.000661172
0.00157788
0.00286783
0.00457655
0.0068068
0.00970744
0.0135187
0.0192821
0.0291382
0.0386693
0.0427583
0.0628798
0.102017
0.105332
0.0718192
0.079903
0.135052
0.149585
0.141612

9.46639e-05
-0.000478987
-0.000736698
-0.00061115
-0.000116649
0.000704867
0.00181626
0.00319222
0.00482901
0.00684819
0.00959591
0.0128668
0.0152267
0.0200699
0.0348794
0.0447589
0.0311849
0.0313021
0.0768546
0.110537
0.0885809
0.0651715

0.0004868
-0.000874108
-0.00164582
-0.00184542
-0.0015992
-0.00102026
-0.000195198
0.000812086
0.00196539
0.00326902
0.0047226
0.00618544
0.00776886
0.0109049
0.0153968
0.0150537
0.0120749
0.0244898
0.0487802
0.0468069
0.0303747
0.0238353

0.00120742
-0.00157717
-0.00277671
-0.00308911
-0.00288323
-0.0023439
-0.00158582
-0.000683398
0.000315005
0.00138142
0.00247374
0.00353624
0.00472993
0.0064526
0.00807705
0.00802199
0.0088796
0.0160372
0.0233979
0.0191467
0.0165825
0.0173966

0.00138084
-0.00120742
-0.00220236
-0.00240057
-0.00211298
-0.00151694
-0.000718206
0.000214003
0.00123517
0.00231201
0.00339359
0.00447409
0.00580334
0.00752334
0.00853836
0.00840254
0.0114463
0.0197173
0.0225173
0.0157122
0.0173966
0.0205278

0
0
0
0
0
0
0
0
0
0
0
0
0
0
0
0
0
0
0
0
0
0


0
0
0
0
0
0
0
0
0
0
0
0
0
0
0
0
0
0
0
0
0
0

-0.00773079
0.00761731
0.0139018
0.0238282
0.0302931
-0.00143269
-0.0223522
-0.0110167
0.00320126
0.0116399
0.0158471
0.0176992
0.0182602
0.0180851
0.0174335
0.0164403
0.0151395
0.0136352
0.0115696
0.00951974
0.00377417
0.00386399

-0.00483895
0.00470215
0.0118494
0.0215957
0.0300998
0.0140819
-0.0123889
-0.0133557
-0.000849001
0.0107935
0.0184322
0.0228407
0.0250841
0.0259426
0.0258873
0.0251491
0.0238288
0.022022
0.0193888
0.0163929
0.00975341
0.00984032

-0.0033977
0.00323185
0.00858948
0.0163159
0.0183356
0.0180635
-0.00157864
-0.0095919
-0.00362473
0.00740206
0.0171495
0.0237369
0.027552
0.0294895
0.0301234
0.0297798
0.0286727
0.0269614
0.0244121
0.0215084
0.0159356
0.0160527

-0.00252414
0.00233173
0.0064419
0.0122433
0.0130031
0.0168603
0.00523545
-0.00694761
-0.00817912
-0.000326803
0.0100453
0.0186949
0.0248649
0.0288199
0.0308938
0.0315622
0.0312071
0.030078
0.0281135
0.0258285
0.0215887
0.0217352

-0.00196151
0.00174284
0.00534509
0.00986306
0.0135339
0.0196523
0.0126224
0.000163813
-0.00768523
-0.00705071
-0.000897407
0.0076287
0.0158245
0.0220517
0.0262022
0.0287064
0.0298123
0.0298683
0.0290619
0.0277796
0.0249579
0.0251029

-0.00159881
0.00135136
0.00448331
0.00828918
0.0128418
0.0201265
0.0201165
0.0115104
0.000793484
-0.0065472
-0.0072859
-0.00272493
0.0039307
0.0106883
0.0167334
0.021188
0.0239777
0.0257962
0.0267009
0.0265897
0.0253294
0.0254697

-0.00130308
0.00102732
0.00357543
0.00666615
0.0105929
0.0162523
0.0210507
0.0193094
0.011759
0.00312287
-0.0031307
-0.00575763
-0.00456637
-6.05586e-05
0.00534693
0.00991441
0.0142569
0.0182993
0.0206941
0.0215299
0.0224347
0.022793

-0.00101442
0.000711886
0.00264176
0.00497869
0.00797125
0.0119256
0.0166223
0.0198579
0.019003
0.0139289
0.00677793
0.000496511
-0.00287592
-0.00372457
-0.00325757
-0.000454804
0.00461328
0.00859165
0.0104741
0.0128415
0.0168562
0.0177415

-0.00073177
0.000404063
0.00173046
0.00337475
0.00548623
0.00820958
0.01159
0.0152138
0.0178053
0.0178249
0.0151848
0.0108868
0.0056405
0.000504493
-0.00217088
-0.00140702
-0.000638341
-0.0014603
0.000196954
0.00610575
0.0104836
0.0108059

-0.000458616
0.00010806
0.000869102
0.00190944
0.00330981
0.0051325
0.00740809
0.0100588
0.0127594
0.0149892
0.0160745
0.0152491
0.0126224
0.00957915
0.00696912
0.00350819
-0.00128561
-0.00341961
0.000792574
0.0051836
0.00263879
0.00102983

-0.000189009
-0.000180655
5.23063e-05
0.000579285
0.00143532
0.00262626
0.0041412
0.00594239
0.00794644
0.0100185
0.0118845
0.0131929
0.0137389
0.0132947
0.011506
0.00844011
0.00573969
0.00558344
0.00581329
0.00140456
-0.00361078
-0.00385102

0.000103046
-0.000485838
-0.000761658
-0.000659813
-0.000196603
0.000581294
0.00162354
0.00287974
0.00430029
0.00583541
0.00740864
0.00889521
0.0100999
0.0108943
0.0113437
0.0112494
0.0103919
0.00891199
0.00608265
0.00204944
0.000929507
0.00253201

0.000493094
-0.000878949
-0.00166326
-0.00187836
-0.00165095
-0.00109448
-0.000297089
0.000672312
0.00176174
0.00292985
0.00413046
0.00530548
0.00642827
0.00757042
0.00863121
0.00901346
0.00865839
0.00855036
0.00846808
0.00817889
0.00676343
0.00682727

0.00121294
-0.00158156
-0.00279173
-0.00311661
-0.00292508
-0.00240159
-0.00166048
-0.000776671
0.00019604
0.00121742
0.00224221
0.00322398
0.00420137
0.00528414
0.00625294
0.00655809
0.0066066
0.00774313
0.00945013
0.00923711
0.00732534
0.00703787

0.00138552
-0.00121294
-0.00221916
-0.00243034
-0.00215759
-0.00157788
-0.000796552
0.000116069
0.00110912
0.00214027
0.00316221
0.0041516
0.00517903
0.00626639
0.00703639
0.0072098
0.0077142
0.00937678
0.0105356
0.00915731
0.00703787
0.00594824

0
0
0
0
0
0
0
0
0
0
0
0
0
0
0
0
0
0
0
0
0
0


0
0
0
0
0
0
0
0
0
0
0
0
0
0
0
0
0
0
0
0
0
0

-0.00715401
0.00703994
0.0129338
0.0165843
0.019937
0.00678425
-0.0017571
-0.00144259
0.00180159
0.00481126
0.00692118
0.00822357
0.00892661
0.00919568
0.00912637
0.00877169
0.00811154
0.00724207
0.00577572
0.00431411
-0.000864863
-0.000764395

-0.00417439
0.00403807
0.0104087
0.0150017
0.0182747
0.00847285
-0.00380563
-0.00787186
-0.00575423
-0.00179204
0.00185032
0.00459607
0.00647513
0.00763873
0.00820053
0.00823018
0.00774257
0.00678547
0.00500354
0.00277315
-0.00303599
-0.00293078

-0.0028229
0.00265885
0.00763856
0.011488
0.0133327
0.00830208
-0.00272805
-0.00978304
-0.0106436
-0.00796419
-0.00437725
-0.00117302
0.00128696
0.00297907
0.00396479
0.00432121
0.00409092
0.00332653
0.00178479
-0.000266108
-0.004655
-0.00451518

-0.00210302
0.00191186
0.00575224
0.00895484
0.010562
0.0085668
0.000135034
-0.00837177
-0.0124096
-0.0121334
-0.00962001
-0.00656319
-0.00384453
-0.00177921
-0.000416755
0.000286946
0.000387522
-3.33899e-05
-0.0011008
-0.00259855
-0.00553278
-0.00534282

-0.00166938
0.00145061
0.00457046
0.00748993
0.00972356
0.0103751
0.00523926
-0.00293791
-0.00967807
-0.0128212
-0.0127795
-0.0109693
-0.00862916
-0.00646735
-0.00480723
-0.00374823
-0.00325627
-0.00324113
-0.00376691
-0.00470593
-0.0064735
-0.00622554

-0.00136949
0.00112222
0.00370778
0.00637781
0.00895567
0.011048
0.00956877
0.00394836
-0.00322605
-0.0090526
-0.0122105
-0.0129726
-0.0121772
-0.0106828
-0.00916471
-0.00795579
-0.00711613
-0.00665786
-0.00667067
-0.00709047
-0.00788877
-0.00756307

-0.00111175
0.00083654
0.00291923
0.00518936
0.0076225
0.00999084
0.0108772
0.00876718
0.00398001
-0.00188553
-0.00716427
-0.0107383
-0.0124033
-0.0127147
-0.0123111
-0.0115405
-0.0106897
-0.0100551
-0.0097424
-0.00968456
-0.00968288
-0.00926039

-0.000861969
0.00056007
0.00213145
0.00391201
0.00592631
0.00806379
0.00977086
0.0101054
0.0083946
0.00474814
0.000109257
-0.00440361
-0.00815199
-0.010834
-0.012259
-0.012665
-0.0126841
-0.0126072
-0.0123006
-0.0118809
-0.011559
-0.011068

-0.000615162
0.000288236
0.00135079
0.00262388
0.00413991
0.00585392
0.00754959
0.00879134
0.00903932
0.0079522
0.00559818
0.00226178
-0.00151889
-0.0049503
-0.00767359
-0.00993557
-0.0117931
-0.0127019
-0.012619
-0.0124893
-0.0129891
-0.0125166

-0.000371081
2.15611e-05
0.000590734
0.00138219
0.00242105
0.00368325
0.00507159
0.00639128
0.00736889
0.00773014
0.00725594
0.00588213
0.00386347
0.00140211
-0.00157824
-0.00472652
-0.00713576
-0.00843871
-0.00953175
-0.0112275
-0.0131551
-0.0125233

-0.000122631
-0.000245768
-0.000154293
0.000201181
0.000829811
0.00170026
0.00274704
0.00386736
0.00492343
0.00575736
0.00621573
0.0062106
0.00568066
0.00446008
0.00263313
0.000785849
-0.000856844
-0.0028703
-0.00574354
-0.00852789
-0.0103073
-0.00919642

0.000155265
-0.000536666
-0.000921029
-0.000943954
-0.000633676
-5.23465e-05
0.000727469
0.00162709
0.00256113
0.00344118
0.00418122
0.00469948
0.00489113
0.00468569
0.00420968
0.00352924
0.00228761
0.000295959
-0.0019888
-0.00341557
-0.00493365
-0.00422818

0.000536769
-0.000921234
-0.0017947
-0.00210816
-0.00199453
-0.00157476
-0.000944853
-0.000184932
0.000634788
0.00145288
0.00221039
0.00284981
0.00332634
0.00363398
0.00374666
0.00348269
0.00272296
0.00182784
0.00111651
0.000519861
-0.00140568
-0.00127776

0.00125255
-0.00162005
-0.00291027
-0.00332174
-0.00322742
-0.00281557
-0.0022053
-0.00147859
-0.00069593
9.01635e-05
0.000828312
0.00147197
0.00201063
0.00246362
0.00273862
0.00261554
0.00215906
0.00189046
0.00188956
0.00129827
-0.000336827
-0.000190213

0.00142407
-0.00125255
-0.00233923
-0.00263726
-0.00246191
-0.001994
-0.00134411
-0.000589114
0.000212543
0.00100823
0.00174702
0.00239264
0.00294676
0.00339651
0.00358825
0.00338171
0.00304563
0.00300808
0.00287909
0.00173567
-0.000190213
-0.00117177

0
0
0
0
0
0
0
0
0
0
0
0
0
0
0
0
0
0
0
0
0
0


0
0
0
0
0
0
0
0
0
0
0
0
0
0
0
0
0
0
0
0
0
0

-0.00681538
0.00670148
0.0118446
0.0140312
0.0150458
0.0114799
0.00841932
0.00772034
0.00834769
0.00925641
0.00996749
0.0103482
0.0104075
0.0101911
0.00973537
0.00906581
0.00814882
0.00707209
0.0054138
0.00385499
-0.00155711
-0.00144483

-0.00375432
0.00361938
0.0089417
0.0122265
0.0135726
0.0105545
0.00623664
0.00423037
0.00456232
0.00597379
0.00750489
0.00871741
0.00948368
0.00979703
0.0096771
0.00914235
0.00817569
0.00679647
0.00462928
0.0020662
-0.00400963
-0.00388889

-0.00244315
0.00228105
0.00640373
0.00929647
0.0103933
0.00844395
0.00421567
0.00100746
4.63873e-05
0.000720663
0.0020636
0.00341219
0.00444734
0.00504884
0.00518
0.00483953
0.004015
0.00272294
0.0006794
-0.00179242
-0.00660815
-0.0064524

-0.00178473
0.00159462
0.0047571
0.00718997
0.00831005
0.00734942
0.00392472
0.000139375
-0.00215869
-0.00271452
-0.00214415
-0.00114747
-0.000198746
0.000452385
0.000690262
0.000481592
-0.000179565
-0.00126715
-0.0029639
-0.0049707
-0.00847603
-0.0082607

-0.00139054
0.00117214
0.00367701
0.00581496
0.00718377
0.00723206
0.00504878
0.00152018
-0.00172257
-0.00366914
-0.00430882
-0.00411067
-0.00357468
-0.00307092
-0.00282376
-0.00292616
-0.00340548
-0.00424461
-0.00556124
-0.00710698
-0.00960194
-0.00931555

-0.00111434
0.000867519
0.00287872
0.00476374
0.00628793
0.0070424
0.00619291
0.00370113
0.000483177
-0.00240145
-0.00434809
-0.00532083
-0.0056092
-0.00558436
-0.00554077
-0.00564693
-0.00599345
-0.00660648
-0.0075772
-0.00871199
-0.0104543
-0.010092

-0.000883783
0.00060915
0.00218082
0.00376237
0.00523034
0.00630951
0.00644791
0.00527442
0.00298961
0.000205977
-0.00242645
-0.00447177
-0.00583318
-0.00666318
-0.00717016
-0.0075529
-0.00796986
-0.00849249
-0.00922148
-0.0100374
-0.0112526
-0.0108079

-0.000667669
0.000366417
0.00150925
0.00273542
0.00398564
0.00510006
0.00575474
0.00560552
0.00451646
0.00263677
0.000332419
-0.00200686
-0.00410183
-0.0057851
-0.00705108
-0.0080263
-0.00883283
-0.00951884
-0.010217
-0.0108997
-0.0118867
-0.0113532

-0.000455637
0.000129489
0.000846913
0.0016937
0.002645
0.00361114
0.00441343
0.00481936
0.0046348
0.00379468
0.00238406
0.000580343
-0.00139081
-0.00332166
-0.00511297
-0.00671613
-0.00805739
-0.00910049
-0.0100401
-0.0108919
-0.0120373
-0.011421

-0.000242703
-0.000105851
0.000190742
0.000659746
0.00129136
0.00202988
0.00276994
0.00336581
0.00366639
0.00356202
0.00301097
0.0020435
0.000745636
-0.000802713
-0.00251101
-0.00420753
-0.00574277
-0.00712085
-0.00852901
-0.00979217
-0.0112911
-0.0106081

-1.93268e-05
-0.000347897
-0.000472095
-0.000362202
-2.90638e-05
0.000476319
0.00107577
0.00167029
0.00215328
0.00242968
0.00243183
0.00212781
0.0015093
0.000583741
-0.000570747
-0.00183348
-0.00320347
-0.00471753
-0.00638082
-0.00777493
-0.00942722
-0.00874249

0.000240366
-0.000620405
-0.0011795
-0.00139504
-0.00130758
-0.000990051
-0.000523311
9.43657e-06
0.00052625
0.000953419
0.00122956
0.00130795
0.00115438
0.00076008
0.000155414
-0.000654282
-0.0017222
-0.00298072
-0.00431966
-0.00542141
-0.00709318
-0.0065427

0.000610127
-0.000993125
-0.0020154
-0.00248915
-0.00255456
-0.00233911
-0.00194546
-0.00145729
-0.000944716
-0.00046915
-8.31451e-05
0.00017106
0.000265408
0.000186752
-8.64766e-05
-0.000602258
-0.0013606
-0.00220305
-0.00306814
-0.00391843
-0.0054287
-0.00495544

0.00132007
-0.00168628
-0.00311233
-0.00366828
-0.00373279
-0.00349874
-0.00308863
-0.00258802
-0.00206227
-0.00156424
-0.00113959
-0.000826523
-0.000645945
-0.000605588
-0.000746553
-0.00114064
-0.0017656
-0.00241677
-0.0030264
-0.0037707
-0.00493233
-0.00442566

0.00149012
-0.00132007
-0.00254281
-0.00298532
-0.00296876
-0.0026784
-0.0022284
-0.00170008
-0.0011559
-0.000647131
-0.000218361
9.61054e-05
0.000279151
0.000311102
0.000131997
-0.000301714
-0.00089828
-0.00147305
-0.00212211
-0.00306566
-0.00442566
-0.00515168

0
0
0
0
0
0
0
0
0
0
0
0
0
0
0
0
0
0
0
0
0
0


0
0
0
0
0
0
0
0
0
0
0
0
0
0
0
0
0
0
0
0
0
0

-0.00662031
0.00650705
0.0112428
0.013078
0.0136428
0.0127976
0.0118076
0.0113664
0.0113593
0.0114889
0.0115532
0.0114626
0.0111933
0.0107475
0.0101289
0.00934431
0.00834748
0.00720478
0.00548694
0.00389217
-0.00154382
-0.00142589

-0.00348501
0.00335166
0.00810449
0.0109703
0.0123289
0.0120033
0.011008
0.0104973
0.0106745
0.0112236
0.0118027
0.0122047
0.012337
0.012165
0.0116728
0.0108501
0.00965532
0.0080834
0.00574701
0.00307501
-0.00305108
-0.00292173

-0.00217734
0.00201689
0.00561241
0.00816065
0.00950577
0.009469
0.00847685
0.00760652
0.007375
0.00768722
0.00823016
0.00873337
0.0090299
0.00902899
0.00867926
0.00795528
0.00681588
0.00524688
0.0029495
0.000288595
-0.00469958
-0.00453398

-0.00153766
0.00134861
0.00403143
0.00612522
0.00737107
0.0075605
0.00674687
0.00563425
0.00488177
0.00466571
0.00482758
0.00511827
0.00533016
0.00532263
0.00500927
0.00435124
0.00331304
0.00189142
-0.000125066
-0.00237577
-0.00617367
-0.00595333

-0.00115255
0.000934755
0.00296372
0.00467866
0.00585951
0.00629097
0.00581025
0.00473541
0.00362925
0.00286451
0.0024961
0.00238807
0.00235167
0.00222003
0.00187619
0.00126176
0.000335643
-0.00090382
-0.00259681
-0.00442895
-0.00731307
-0.00702631

-0.000881296
0.000635011
0.00216556
0.00355514
0.00464785
0.00525145
0.00514567
0.00437134
0.00324248
0.0021335
0.00126776
0.000675903
0.000262984
-0.000110591
-0.000567687
-0.00118645
-0.0020243
-0.00309265
-0.00449651
-0.0059675
-0.00818426
-0.0078256

-0.000662483
0.000388412
0.00149745
0.00257322
0.00351603
0.00417799
0.00436617
0.00398934
0.00314317
0.00204762
0.000934366
-4.87043e-05
-0.000869272
-0.00157768
-0.00225467
-0.00297419
-0.00380162
-0.00476413
-0.00595304
-0.00714337
-0.00889218
-0.00845857

-0.000467158
0.000166518
0.000889654
0.00164996
0.00238681
0.0029994
0.00334576
0.00330467
0.00284685
0.0020443
0.00103136
-5.38345e-05
-0.00111571
-0.00211246
-0.00304862
-0.00395744
-0.00488283
-0.00584294
-0.00692484
-0.00794327
-0.00941991
-0.0089125

-0.000281271
-4.41678e-05
0.000309996
0.000754662
0.0012549
0.00174272
0.00211865
0.00227724
0.00214647
0.00171141
0.00101229
0.000119069
-0.000891406
-0.00195379
-0.00303135
-0.00410256
-0.00516147
-0.00619407
-0.00727818
-0.00825171
-0.00965314
-0.00908506

-9.51003e-05
-0.000252585
-0.000261288
-0.00012681
0.000129882
0.000457464
0.000781704
0.00101743
0.00108883
0.000947909
0.000581215
3.61765e-06
-0.000752441
-0.00164894
-0.0026495
-0.00371111
-0.00480106
-0.00588309
-0.00701941
-0.00803408
-0.00947707
-0.00887168

0.0001046
-0.000470757
-0.00084883
-0.00101368
-0.000985924
-0.000817831
-0.000577107
-0.000337518
-0.000168324
-0.000124676
-0.000241933
-0.000535397
-0.00100449
-0.00163922
-0.00241847
-0.00331037
-0.00429434
-0.00532859
-0.00645155
-0.00746065
-0.00890829
-0.00828617

0.000345819
-0.0007245
-0.00149746
-0.00194117
-0.00210363
-0.00206167
-0.00189393
-0.00167371
-0.00146575
-0.00132367
-0.00128794
-0.00138503
-0.00163019
-0.00202951
-0.00258009
-0.00327083
-0.00408829
-0.004979
-0.00596335
-0.00685974
-0.00820095
-0.00757206

0.000703208
-0.0010845
-0.00229359
-0.00296466
-0.00324394
-0.00326207
-0.00312154
-0.00290293
-0.00267057
-0.00247558
-0.00235715
-0.00234336
-0.00245322
-0.00270002
-0.0030952
-0.00364032
-0.00431466
-0.00505004
-0.0058604
-0.00662574
-0.00773273
-0.00708006

0.00140699
-0.00177128
-0.00337008
-0.00410754
-0.00436744
-0.00434565
-0.00416535
-0.00391038
-0.00364283
-0.00341076
-0.00325134
-0.00319124
-0.00324745
-0.00343263
-0.00376506
-0.00425648
-0.00488424
-0.00556216
-0.00627932
-0.00697713
-0.00779579
-0.00709631

0.00157471
-0.00140699
-0.0028026
-0.00342634
-0.00360474
-0.00352606
-0.00330511
-0.0030216
-0.00273488
-0.00249097
-0.00232493
-0.00226162
-0.00231825
-0.00251134
-0.0028609
-0.0033663
-0.0039876
-0.00464892
-0.00538655
-0.00613746
-0.00709631
-0.00765596

0
0
0
0
0
0
0
0
0
0
0
0
0
0
0
0
0
0
0
0
0
0


0
0
0
0
0
0
0
0
0
0
0
0
0
0
0
0
0
0
0
0
0
0

-0.00649896
0.00638935
0.010919
0.01269
0.0133906
0.0136318
0.0136645
0.0135705
0.0133737
0.0130823
0.0127011
0.0122333
0.0116767
0.011023
0.0102597
0.00938187
0.00832871
0.00714217
0.00538944
0.00378296
-0.00161428
-0.00148868

-0.00330271
0.00316996
0.00761175
0.0103909
0.0121571
0.0133042
0.0140549
0.0145273
0.0147863
0.0148655
0.0147793
0.0145302
0.0141107
0.0135031
0.0126809
0.011615
0.0102417
0.00853263
0.00609264
0.00334873
-0.00276133
-0.00262077

-0.00198185
0.00182119
0.00509044
0.00755928
0.00936716
0.010678
0.0116065
0.0122357
0.0126259
0.012817
0.0128291
0.012666
0.0123159
0.0117538
0.0109459
0.00986076
0.0084367
0.00663482
0.00414089
0.00134186
-0.00374031
-0.00355993

-0.00134052
0.00115068
0.00349698
0.00546269
0.00702667
0.00823444
0.009124
0.00973876
0.0101176
0.010293
0.0102858
0.0101023
0.00973221
0.00915176
0.00833174
0.00724992
0.00585898
0.00413565
0.00184787
-0.000607365
-0.00460506
-0.00437181

-0.00094985
0.000730799
0.00239308
0.00387845
0.00513107
0.00614331
0.00691767
0.00746286
0.00779457
0.00793178
0.0078896
0.00767297
0.00727351
0.00667265
0.0058502
0.00479478
0.00347514
0.00188245
-0.000142158
-0.0022301
-0.00540541
-0.00511172

-0.000672938
0.000425052
0.00155915
0.00262324
0.00356344
0.00435325
0.00497731
0.00542487
0.00569465
0.00579059
0.00571905
0.00548147
0.00506974
0.00446929
0.00366813
0.00266435
0.00143898
-8.66823e-06
-0.00178278
-0.00355285
-0.00612986
-0.00577044

-0.000456189
0.000180242
0.000884829
0.00158402
0.00223394
0.00280317
0.00326746
0.00360677
0.00380731
0.00386268
0.00376948
0.00352452
0.00311888
0.00253993
0.00178189
0.000850844
-0.000267468
-0.00156535
-0.00312155
-0.00461747
-0.00675052
-0.00632327

-0.000273124
-2.96408e-05
0.000307247
0.000686054
0.00107303
0.00143685
0.00174864
0.00198208
0.00211591
0.00213455
0.002028
0.0017885
0.00140486
0.000865767
0.000170779
-0.000673188
-0.00167641
-0.00283387
-0.00419163
-0.00544786
-0.00725072
-0.00676009

-0.000107028
-0.000220732
-0.000215789
-0.000125635
2.45078e-05
0.000203473
0.000378736
0.000518536
0.000594967
0.000585936
0.000476023
0.000252734
-9.67849e-05
-0.000580096
-0.0011962
-0.00194286
-0.00283686
-0.00385785
-0.00502495
-0.00607636
-0.00764103
-0.00709944

5.63152e-05
-0.00040643
-0.000719204
-0.000896997
-0.000959828
-0.000942011
-0.000882214
-0.000818791
-0.000785821
-0.000810686
-0.000914179
-0.00111303
-0.00141903
-0.00183642
-0.00236965
-0.00302639
-0.00381518
-0.00469395
-0.0056756
-0.00656867
-0.00796154
-0.00738429

0.000234289
-0.000602858
-0.00124105
-0.00167353
-0.00192366
-0.0020379
-0.0020669
-0.00205823
-0.00205239
-0.00208194
-0.00217209
-0.00234129
-0.00260029
-0.00295592
-0.00341969
-0.00399847
-0.00468246
-0.00541929
-0.00624577
-0.00703198
-0.00827355
-0.00766055

0.0004577
-0.000838553
-0.00183517
-0.00250865
-0.00291065
-0.00311689
-0.00319871
-0.00321647
-0.00321845
-0.00324193
-0.00331441
-0.00345436
-0.00367358
-0.00398401
-0.00439904
-0.00491461
-0.00550638
-0.0061313
-0.00685277
-0.00755402
-0.00861326
-0.00794267

0.000803068
-0.00118576
-0.0025931
-0.00346723
-0.00395809
-0.00419727
-0.00428454
-0.00429403
-0.00428095
-0.004286
-0.00433747
-0.00445304
-0.00464591
-0.00493153
-0.00532096
-0.00579914
-0.00633427
-0.0068959
-0.00755419
-0.0081795
-0.00899455
-0.00825213

0.00150191
-0.00186509
-0.00364969
-0.00457654
-0.0050335
-0.00521805
-0.00525242
-0.00521668
-0.00516703
-0.00514414
-0.00517545
-0.00527648
-0.00545853
-0.00573719
-0.00612389
-0.00660172
-0.00713509
-0.00768909
-0.00832271
-0.00891357
-0.0094723
-0.00866278

0.00166797
-0.00150191
-0.00308153
-0.00389372
-0.00426822
-0.00439497
-0.00438773
-0.00432249
-0.00425273
-0.00421649
-0.00423828
-0.00433303
-0.00451533
-0.00480177
-0.00519504
-0.00566819
-0.0061933
-0.00675791
-0.00742115
-0.00800055
-0.00866278
-0.00911183

0
0
0
0
0
0
0
0
0
0
0
0
0
0
0
0
0
0
0
0
0
0


0
0
0
0
0
0
0
0
0
0
0
0
0
0
0
0
0
0
0
0
0
0

0
0.00649896
0.0110546
0.0128337
0.0135369
0.013778
0.0138091
0.013713
0.0135132
0.0132183
0.0128338
0.0123626
0.0118016
0.0111426
0.0103755
0.00949572
0.00844053
0.00725217
0.00548756
0.0038836
-0.00148868
0

0
0.00330271
0.00777228
0.0105687
0.012346
0.0134999
0.0142532
0.0147254
0.0149824
0.0150582
0.0149677
0.0147137
0.0142877
0.0136717
0.0128415
0.0117703
0.0103951
0.00868014
0.00622134
0.00346941
-0.00262077
0

0
0.00198185
0.00527808
0.00776857
0.0095931
0.0109168
0.011853
0.0124856
0.0128767
0.0130669
0.0130773
0.0129109
0.0125545
0.0119831
0.0111669
0.0100778
0.0086515
0.00683869
0.00432062
0.00151007
-0.00355993
0

0
0.00134052
0.00371435
0.00570499
0.00728983
0.00851444
0.00941595
0.0100385
0.0104221
0.0106
0.0105937
0.0104085
0.0100328
0.00944369
0.00861696
0.00753342
0.0061401
0.00440267
0.00208726
-0.000378395
-0.00437181
0

0
0.00094985
0.0026419
0.00415582
0.00543328
0.00646619
0.00725731
0.00781398
0.0081534
0.00829609
0.00825687
0.00803982
0.00763561
0.0070274
0.00619981
0.00514321
0.00381917
0.00220999
0.000159626
-0.00193403
-0.00511172
0

0
0.000672938
0.00184032
0.00293725
0.0039065
0.00472114
0.00536512
0.00582831
0.00610901
0.0062127
0.00614627
0.00590987
0.00549438
0.0048875
0.00408218
0.00307671
0.00184374
0.000377341
-0.00141727
-0.00318396
-0.00577044
0

0
0.000456189
0.00119868
0.00193567
0.00261926
0.00321756
0.00370559
0.00406376
0.00427892
0.00434471
0.00425837
0.00401623
0.00360807
0.00302382
0.00226269
0.00132876
0.00019883
-0.00111937
-0.00268803
-0.00417126
-0.00632327
0

0
0.000273124
0.000653737
0.00107618
0.0015021
0.0018997
0.0022393
0.00249501
0.00264625
0.00267796
0.0025808
0.00234599
0.00196137
0.00141906
0.000722217
-0.000126838
-0.00114575
-0.00232171
-0.0036823
-0.00492347
-0.00676009
0

0
0.000107028
0.000162992
0.000303893
0.000499092
0.000717013
0.000924376
0.00108978
0.00118608
0.00119249
0.00109403
0.000877157
0.000529529
4.68341e-05
-0.000570718
-0.00132689
-0.00223839
-0.00326998
-0.00443211
-0.00548091
-0.00709944
0

0
-5.63152e-05
-0.000308594
-0.000426871
-0.000437453
-0.000375054
-0.000278904
-0.000186776
-0.000131511
-0.000139161
-0.00023017
-0.000420918
-0.000721304
-0.0011359
-0.00167348
-0.00234291
-0.00314238
-0.00401979
-0.00500124
-0.00591849
-0.00738429
0

0
-0.000234289
-0.000798867
-0.00116063
-0.00135031
-0.00141432
-0.00140313
-0.00136307
-0.00133319
-0.00134471
-0.00142174
-0.00158124
-0.00183325
-0.00218777
-0.00265877
-0.00324611
-0.00392925
-0.00466181
-0.00550693
-0.00633582
-0.00766055
0

0
-0.0004577
-0.00136063
-0.00194875
-0.00228107
-0.00243178
-0.00247061
-0.00245576
-0.00243346
-0.00243909
-0.00249835
-0.00262844
-0.00284236
-0.00315486
-0.00357622
-0.00409237
-0.00467718
-0.00530618
-0.00606117
-0.00679896
-0.00794267
0

0
-0.000803068
-0.00208125
-0.00285215
-0.00326461
-0.00344479
-0.00348816
-0.00346554
-0.0034295
-0.00341822
-0.00345766
-0.00356498
-0.00375581
-0.00404641
-0.00444027
-0.00491326
-0.00544073
-0.00601502
-0.00670997
-0.00735254
-0.00825213
0

0
-0.00150191
-0.00308153
-0.00389372
-0.00426822
-0.00439497
-0.00438773
-0.00432249
-0.00425273
-0.00421649
-0.00423828
-0.00433303
-0.00451533
-0.00480177
-0.00519504
-0.00566819
-0.0061933
-0.00675791
-0.00742115
-0.00800055
-0.00866278
0

0
-0.00150191
-0.00308153
-0.00389372
-0.00426822
-0.00439497
-0.00438773
-0.00432249
-0.00425273
-0.00421649
-0.00423828
-0.00433303
-0.00451533
-0.00480177
-0.00519504
-0.00566819
-0.0061933
-0.00675791
-0.00742115
-0.00800055
-0.00866278
0

0
0
0
0
0
0
0
0
0
0
0
0
0
0
0
0
0
0
0
0
0
0


