0.5
0.5
0.5
0.5
0.5
0.5
0.5
0.5
0.5
0.5
0.5
0.5
0.5
0.5
0.5
0.5
0.5
0.5
0.5
0.5
0.486861
0.5

0.5
0.487445
0.493466
0.68195
0.433425
0.433425
0.471616
0.479231
0.473443
0.470549
-0.5
0.451942
0.479619
0.48334
0.456699
0.527692
0.492614
0.495136
0.521499
0.754244
0.754244
0.5

0.5
0.487544
0.487345
0.699742
0.424873
0.467516
0.477852
0.481571
0.475273
0.480656
0.597198
0.479358
0.483326
0.485193
0.496541
0.478881
0.497372
0.481787
0.519466
0.90199
0.90199
0.5

0.5
0.486008
0.470851
0.739012
0.407277
0.467222
0.479339
0.482416
0.474956
0.486767
0.582244
0.488399
0.484893
0.485935
0.496663
0.485555
0.488455
0.49464
0.511362
0.583431
0.583431
0.5

0.5
0.484533
0.433303
-0.680096
0.32185
0.466615
0.481107
0.483673
0.475245
0.495616
0.568049
0.493634
0.49569
0.487382
0.494868
0.485413
0.491736
0.493512
0.503455
0.491126
0.498718
0.5

0.5
0.484084
0.469559
0.527148
0.548891
0.488566
0.484091
0.485123
0.491342
0.476899
0.558579
0.496228
0.487501
0.485599
0.493537
0.487183
0.491296
0.492241
0.497862
0.507978
0.507978
0.486621

0.5
0.483715
0.479567
0.567559
0.534391
0.492299
0.486144
0.486599
0.491327
0.479919
0.556824
0.479358
0.481046
0.492054
0.49334
0.48873
0.491291
0.491126
0.493757
0.498486
0.498486
0.5

0.5
0.482729
0.487477
0.555386
0.53075
0.495439
0.487959
0.487919
0.490784
0.478185
0.559399
0.494377
0.484593
0.491481
0.492907
0.489954
0.491463
0.49017
0.49048
0.49282
0.49282
0.5

0.5
0.480749
0.493331
0.546428
0.502427
0.49582
0.48964
0.479231
0.490084
0.472759
0.564748
0.489553
0.485772
0.491468
0.49269
0.491008
0.491826
0.489208
0.48744
0.48928
0.48928
0.5

0.5
0.477439
0.497926
0.540092
0.524343
0.499484
0.491079
0.489483
0.49164
0.477889
0
0.447963
0.476444
0.480161
0.49173
0.491936
0.49241
0.485846
0.488566
0.487064
0.487064
0.5

0.5
0.475641
0.505592
0.536948
0.520785
0.500842
0.492412
0.489671
0.493885
0.472319
0.563215
0.495939
0.480161
0.491335
0.492966
0.492972
0.493372
0.484647
0.486279
0.485447
0.485447
0.5

0.5
0.51336
0.452161
0.530914
0.517205
0.501747
0.493504
0.489551
0.4969
0.475457
0.548999
0.501538
0.478849
0.491636
0.493411
0.493994
0.494785
0.483156
0.484616
0.484243
0.484243
0.5

0.5
0.511143
0.497926
0.539826
0.514462
0.502427
0.494417
0.489676
0.501921
0.477342
0.541508
0.490455
0.499766
0.49403
0.493997
0.495063
0.496779
0.481085
0.483205
0.483302
0.483302
0.5

0.5
0.508038
0.493561
0.490416
0.506428
0.502512
0.494879
0.499903
0.470549
0.495511
0.502726
0.489985
0.497149
0.494547
0.494493
0.496192
0.499526
0.47828
0.481979
0.482531
0.482531
0.5

0.5
0.505709
0.491494
0.497856
0.503945
0.49969
0.500279
0.499538
0.49598
0.499768
0.501053
0.493272
0.496606
0.49511
0.494943
0.497372
0.503103
0.474642
0.480938
0.481835
0.481835
0.5

0.5
0.503377
0.511143
0.503479
0.501427
0.499929
0.500359
0.499832
0.498163
0.497596
0.497139
0.495991
0.496381
0.49569
0.495352
0.494493
0.507095
0.470016
0.474803
0.48086
0.48086
0.5

0.5
0.5
0.5
0.5
0.5
0.5
0.5
0.5
0.5
0.5
0.5
0.5
0.5
0.5
0.5
0.5
0.5
0.5
0.5
0.5
0.5
0.5


0.5
-0.487445
-0.493466
-0.68195
-0.433425
-0.433425
-0.471616
-0.479231
-0.473443
-0.470549
0.5
-0.451942
-0.479619
-0.48334
-0.456699
-0.527692
-0.492614
-0.495136
-0.521499
-0.754244
-0.754244
0.5

0.5
0.487445
0.493466
0.68195
0.433425
0.433425
0.471616
0.479231
0.473443
0.470549
-0.5
0.451942
0.479619
0.48334
0.456699
0.527692
0.492614
0.495136
0.521499
0.754244
0.754244
0.5

0.5
0.487544
0.487345
0.699742
0.424873
0.467516
0.477852
0.481571
0.475273
0.480656
0.597198
0.479358
0.483326
0.485193
0.496541
0.478881
0.497372
0.481787
0.519466
0.90199
0.90199
0.5

0.5
0.486008
0.470851
0.739012
0.407277
0.467222
0.479339
0.482416
0.474956
0.486767
0.582244
0.488399
0.484893
0.485935
0.496663
0.485555
0.488455
0.49464
0.511362
0.583431
0.583431
0.5

0.5
0.484533
0.433303
-0.680096
0.32185
0.466615
0.481107
0.483673
0.475245
0.495616
0.568049
0.493634
0.49569
0.487382
0.494868
0.485413
0.491736
0.493512
0.503455
0.491126
0.498718
0.5

0.5
0.484084
0.469559
0.527148
0.548891
0.488566
0.484091
0.485123
0.491342
0.476899
0.558579
0.496228
0.487501
0.485599
0.493537
0.487183
0.491296
0.492241
0.497862
0.507978
0.507978
0.487064

0.5
0.483715
0.479567
0.567559
0.534391
0.492299
0.486144
0.486599
0.491327
0.479919
0.556824
0.479358
0.481046
0.492054
0.49334
0.48873
0.491291
0.491126
0.493757
0.498486
0.498486
0.5

0.5
0.482729
0.487477
0.555386
0.53075
0.495439
0.487959
0.487919
0.490784
0.478185
0.559399
0.494377
0.484593
0.491481
0.492907
0.489954
0.491463
0.49017
0.49048
0.49282
0.49282
0.5

0.5
0.480749
0.493331
0.546428
0.502427
0.49582
0.48964
0.479231
0.490084
0.472759
0.564748
0.489553
0.485772
0.491468
0.49269
0.491008
0.491826
0.489208
0.48744
0.48928
0.48928
0.5

0.5
0.477439
0.497926
0.540092
0.524343
0.499484
0.491079
0.489483
0.49164
0.477889
0
0.447963
0.476444
0.480161
0.49173
0.491936
0.49241
0.485846
0.488566
0.487064
0.487064
0.5

0.5
0.475641
0.505592
0.536948
0.520785
0.500842
0.492412
0.489671
0.493885
0.472319
0.563215
0.495939
0.480161
0.491335
0.492966
0.492972
0.493372
0.484647
0.486279
0.485447
0.485447
0.5

0.5
0.51336
0.452161
0.530914
0.517205
0.501747
0.493504
0.489551
0.4969
0.475457
0.548999
0.501538
0.478849
0.491636
0.493411
0.493994
0.494785
0.483156
0.484616
0.484243
0.484243
0.5

0.5
0.511143
0.497926
0.539826
0.514462
0.502427
0.494417
0.489676
0.501921
0.477342
0.541508
0.490455
0.499766
0.49403
0.493997
0.495063
0.496779
0.481085
0.483205
0.483302
0.483302
0.5

0.5
0.508038
0.493561
0.490416
0.506428
0.502512
0.494879
0.499903
0.470549
0.495511
0.502726
0.489985
0.497149
0.494547
0.494493
0.496192
0.499526
0.47828
0.481979
0.482531
0.482531
0.5

0.5
0.505709
0.491494
0.497856
0.503945
0.49969
0.500279
0.499538
0.49598
0.499768
0.501053
0.493272
0.496606
0.49511
0.494943
0.497372
0.503103
0.474642
0.480938
0.481835
0.481835
0.5

0.5
0.503377
0.511143
0.503479
0.501427
0.499929
0.500359
0.499832
0.498163
0.497596
0.497139
0.495991
0.496381
0.49569
0.495352
0.494493
0.507095
0.470016
0.474803
0.48086
0.48086
0.5

0.5
0.503377
0.511143
0.503479
0.501427
0.499929
0.500359
0.499832
0.498163
0.497596
0.497139
0.495991
0.496381
0.49569
0.495352
0.495774
0.507095
0.470016
0.474803
0.48086
0.48086
0.5


0.5
-0.494186
-0.488916
-0.631631
-0.452289
-0.488333
-0.480495
-0.482397
-0.477566
-0.481561
-0.567475
-0.484453
-0.484407
-0.48512
-0.474557
-0.503133
-0.490549
-0.49272
-0.50292
-0.427528
-0.427528
0.5

0.5
0.494186
0.488916
0.631631
0.452289
0.488333
0.480495
0.482397
0.477566
0.481561
0.567475
0.484453
0.484407
0.48512
0.474557
0.503133
0.490549
0.49272
0.50292
0.427528
0.427528
0.5

0.5
0.491523
0.490309
0.637585
0.452461
0.490365
0.483064
0.48474
0.47874
0.49357
0.560023
0.487736
0.486433
0.487013
0.489308
0.492531
0.490535
0.49371
0.501443
0.201459
0.201459
0.5

0.5
0.489216
0.482561
0.632906
0.460033
0.489808
0.484378
0.485068
0.480214
0.492346
0.558614
0.492576
0.487455
0.487613
0.492428
0.48973
0.490154
0.492879
0.498475
0.396454
0.396454
0.5

0.5
0.487774
0.473344
0.507517
0.492595
0.492309
0.485946
0.485933
0.482228
0.492445
0.551607
0.495543
0.488591
0.488212
0.492976
0.488675
0.490752
0.491987
0.495543
0.45914
0.45914
0.5

0.5
0.487161
0.480023
0.575371
0.513115
0.494741
0.487518
0.487068
0.488673
0.487672
0.546311
0.496348
0.490609
0.489067
0.492894
0.489049
0.490905
0.491045
0.492931
0.479077
0.479077
0.5

0.5
0.486796
0.485848
0.557971
0.520102
0.496945
0.489023
0.488235
0.490592
0.485941
0.544112
0.497798
0.48796
0.490784
0.492846
0.489785
0.491025
0.490114
0.490615
0.484466
0.484466
0.5

0.5
0.486284
0.490272
0.546219
0.52144
0.498514
0.49037
0.489302
0.491716
0.483224
0.545009
0.496915
0.487556
0.491358
0.492775
0.490582
0.491239
0.489181
0.488632
0.485415
0.485415
0.5

0.5
0.485633
0.493198
0.53814
0.520824
0.499654
0.491588
0.490232
0.491749
0.480918
0.548326
0.495389
0.487245
0.491636
0.492773
0.491372
0.491588
0.488102
0.487056
0.485091
0.485091
0.5

0.5
0.485354
0.494003
0.532704
0.518952
0.500621
0.492762
0.490904
0.49252
0.478299
0.54767
0.495532
0.485905
0.491834
0.492883
0.492169
0.492134
0.486373
0.486346
0.484486
0.484486
0.5

0.5
0.487781
0.491174
0.529796
0.516873
0.50133
0.493808
0.491491
0.493872
0.480873
0.543146
0.497054
0.48656
0.492124
0.493172
0.492976
0.493155
0.484879
0.485136
0.483817
0.483817
0.5

0.5
0.501553
0.478751
0.523486
0.513847
0.501729
0.494706
0.492231
0.495638
0.483466
0.533819
0.497737
0.489033
0.492766
0.493567
0.493787
0.49467
0.483263
0.483901
0.483179
0.483179
0.5

0.5
0.504242
0.477958
0.518952
0.51077
0.501868
0.49549
0.493884
0.497155
0.486654
0.524208
0.49263
0.496842
0.494037
0.494043
0.494493
0.497037
0.481088
0.482725
0.48261
0.48261
0.5

0.5
0.504095
0.487872
0.506761
0.506834
0.501627
0.496936
0.497237
0.496258
0.495503
0.509781
0.493268
0.496187
0.494547
0.494491
0.494774
0.501237
0.477781
0.481584
0.482112
0.482112
0.5

0.5
0.503416
0.486965
0.507803
0.504273
0.500479
0.499069
0.498814
0.497248
0.497552
0.502425
0.494572
0.496132
0.495062
0.494946
0.494711
0.509455
0.471998
0.480463
0.481546
0.481546
0.5

0.5
0.502077
0.488992
0.500667
0.501008
0.500076
0.500212
0.499711
0.498259
0.497452
0.496844
0.495989
0.496226
0.495584
0.495293
0.498003
0.516397
0.456048
0.478867
0.48074
0.48074
0.5

0.5
0.502077
0.488992
0.500667
0.501008
0.500076
0.500212
0.499711
0.498259
0.497452
0.496844
0.495989
0.496226
0.495584
0.495293
0.498003
0.516397
0.456048
0.478867
0.48074
0.48074
0.5


0.5
-0.49406
-0.49495
-0.589794
-0.460281
-0.505126
-0.483543
-0.484643
-0.481803
-0.489659
-0.549959
-0.49117
-0.486694
-0.486491
-0.482774
-0.495444
-0.489616
-0.490243
-0.489505
-0.381736
-0.381736
0.5

0.5
0.49406
0.49495
0.589794
0.460281
0.505126
0.483543
0.484643
0.481803
0.489659
0.549959
0.49117
0.486694
0.486491
0.482774
0.495444
0.489616
0.490243
0.489505
0.381736
0.381736
0.5

0.5
0.493629
0.495134
0.592048
0.457517
0.513517
0.487091
0.486731
0.483657
0.494984
0.546289
0.493568
0.488542
0.488311
0.488452
0.493176
0.490564
0.491369
0.489359
0.315566
0.315566
0.5

0.5
0.492102
0.49134
0.589497
0.469056
0.507625
0.488342
0.487244
0.484683
0.494764
0.542623
0.495456
0.489147
0.488783
0.490769
0.491127
0.490307
0.490871
0.48897
0.393365
0.393365
0.5

0.5
0.491032
0.487279
0.5778
0.486114
0.503389
0.489442
0.487995
0.486382
0.494133
0.538561
0.497009
0.489825
0.489336
0.491772
0.490201
0.490398
0.490273
0.488564
0.43898
0.43898
0.5

0.5
0.49044
0.489238
0.560568
0.501961
0.50165
0.490499
0.48891
0.489163
0.492188
0.535298
0.497745
0.490326
0.490013
0.492169
0.490106
0.490495
0.489604
0.487918
0.46238
0.46238
0.5

0.5
0.490141
0.491709
0.54711
0.510237
0.501055
0.491492
0.489845
0.490847
0.490648
0.533511
0.49831
0.489844
0.490868
0.492375
0.490427
0.490631
0.488894
0.487097
0.47342
0.47342
0.5

0.5
0.489945
0.493692
0.537804
0.513757
0.500985
0.492439
0.490742
0.491927
0.489046
0.53318
0.498114
0.48955
0.491415
0.492508
0.490925
0.490849
0.488114
0.48621
0.478436
0.478436
0.5

0.5
0.489964
0.494804
0.531133
0.514703
0.501128
0.493331
0.491553
0.492486
0.487594
0.533613
0.497614
0.489364
0.491786
0.492656
0.491513
0.491211
0.487205
0.485402
0.480658
0.480658
0.5

0.5
0.490642
0.494499
0.52618
0.514173
0.501368
0.494209
0.492295
0.493236
0.486536
0.533063
0.497441
0.489182
0.492099
0.492854
0.492144
0.491766
0.486037
0.48474
0.481573
0.481573
0.5

0.5
0.493012
0.492087
0.522246
0.512832
0.501563
0.495036
0.493044
0.494249
0.487595
0.528751
0.497625
0.489852
0.492496
0.493143
0.492815
0.492675
0.484793
0.483939
0.481854
0.481854
0.5

0.5
0.498153
0.488134
0.517612
0.510818
0.501628
0.495833
0.493966
0.495388
0.489245
0.522774
0.497211
0.491514
0.493068
0.493507
0.493508
0.494042
0.483331
0.48306
0.481825
0.481825
0.5

0.5
0.500592
0.487418
0.513047
0.508461
0.501534
0.496655
0.495302
0.496415
0.491524
0.515801
0.495447
0.494271
0.493807
0.493911
0.494169
0.496097
0.481385
0.482137
0.48164
0.48164
0.5

0.5
0.501427
0.490055
0.507299
0.505789
0.501207
0.497763
0.497146
0.496847
0.495087
0.507912
0.495148
0.495216
0.494386
0.494332
0.494762
0.499239
0.478592
0.481203
0.481389
0.481389
0.5

0.5
0.501568
0.490672
0.504316
0.503397
0.500626
0.499051
0.498577
0.497634
0.496865
0.501863
0.495411
0.495631
0.494884
0.494747
0.495472
0.503779
0.474376
0.48024
0.481061
0.481061
0.5

0.5
0.500913
0.491772
0.499969
0.500744
0.50013
0.50007
0.499598
0.498296
0.497391
0.496638
0.4959
0.495974
0.495363
0.495081
0.497198
0.508368
0.467747
0.478958
0.480416
0.480416
0.5

0.5
0.500913
0.491772
0.499969
0.500744
0.50013
0.50007
0.499598
0.498296
0.497391
0.496638
0.4959
0.495974
0.495363
0.495081
0.497198
0.508368
0.467747
0.478958
0.480416
0.480416
0.5


0.5
-0.494525
-0.497801
-0.557179
-0.433441
-0.490277
-0.482235
-0.486468
-0.485314
-0.493543
-0.533429
-0.494417
-0.488461
-0.487696
-0.486257
-0.492301
-0.488937
-0.48811
-0.481907
-0.396427
-0.396427
0.5

0.5
0.494525
0.497801
0.557179
0.433441
0.490277
0.482235
0.486468
0.485314
0.493543
0.533429
0.494417
0.488461
0.487696
0.486257
0.492301
0.488937
0.48811
0.481907
0.396427
0.396427
0.5

0.5
0.495135
0.498385
0.559622
0.438909
0.543309
0.490429
0.488681
0.487218
0.49618
0.532933
0.496383
0.490193
0.48943
0.489232
0.492494
0.490198
0.489354
0.482913
0.387316
0.387316
0.5

0.5
0.494247
0.496516
0.558279
0.464763
0.526595
0.491755
0.489248
0.487964
0.496204
0.530619
0.497186
0.490537
0.489781
0.490521
0.491418
0.490057
0.489062
0.48324
0.413796
0.413796
0.5

0.5
0.493531
0.494735
0.553125
0.482253
0.514787
0.492581
0.489916
0.489111
0.495715
0.52816
0.497952
0.490917
0.490214
0.491332
0.490812
0.490044
0.488685
0.483727
0.439336
0.439336
0.5

0.5
0.493075
0.494893
0.544373
0.495435
0.50826
0.49317
0.490649
0.490574
0.494724
0.52606
0.498422
0.491166
0.490711
0.491806
0.490656
0.490102
0.488243
0.484042
0.457002
0.457002
0.5

0.5
0.492862
0.49566
0.536232
0.503675
0.50485
0.493715
0.491405
0.491756
0.493691
0.524612
0.498671
0.49112
0.491243
0.492108
0.490801
0.490223
0.487736
0.484102
0.467729
0.467729
0.5

0.5
0.492805
0.496294
0.529697
0.508054
0.503135
0.494274
0.49214
0.492638
0.492685
0.523781
0.498601
0.491041
0.491684
0.492341
0.491131
0.490438
0.487159
0.483967
0.47387
0.47387
0.5

0.5
0.493033
0.49651
0.524597
0.509927
0.502319
0.494872
0.492849
0.493301
0.491845
0.523119
0.498363
0.491038
0.492045
0.492555
0.491564
0.490772
0.486466
0.483697
0.47728
0.47728
0.5

0.5
0.493757
0.495972
0.520471
0.510228
0.501943
0.495488
0.493558
0.494001
0.491387
0.521784
0.498135
0.491174
0.492384
0.492794
0.492069
0.491282
0.485625
0.483348
0.479132
0.479132
0.5

0.5
0.495295
0.494591
0.516894
0.50956
0.501738
0.496122
0.494293
0.494765
0.491815
0.518936
0.49787
0.491705
0.492776
0.493085
0.492632
0.492055
0.48465
0.482877
0.480097
0.480097
0.5

0.5
0.497613
0.492945
0.513276
0.508256
0.501572
0.496778
0.495153
0.495635
0.492724
0.514936
0.497372
0.4927
0.493238
0.493409
0.493226
0.493162
0.483455
0.482286
0.480544
0.480544
0.5

0.5
0.499181
0.492389
0.509662
0.506538
0.501333
0.497481
0.496216
0.496422
0.494065
0.510277
0.496514
0.49399
0.49378
0.493777
0.493863
0.49475
0.481933
0.481644
0.480714
0.480714
0.5

0.5
0.500049
0.493019
0.505975
0.504606
0.501009
0.498304
0.497447
0.497091
0.495701
0.505264
0.496029
0.494802
0.494269
0.49415
0.494531
0.496909
0.47989
0.480932
0.4807
0.4807
0.5

0.5
0.500475
0.493553
0.503028
0.502676
0.500599
0.499198
0.498608
0.49781
0.496894
0.500794
0.495815
0.495291
0.494713
0.494523
0.495336
0.499621
0.477217
0.480196
0.480574
0.480574
0.5

0.5
0.50019
0.493776
0.499546
0.5005
0.500129
0.499975
0.499518
0.498341
0.497357
0.496482
0.495812
0.495728
0.495132
0.494809
0.49626
0.502005
0.473701
0.479173
0.480075
0.480075
0.5

0.5
0.50019
0.493776
0.499546
0.5005
0.500129
0.499975
0.499518
0.498341
0.497357
0.496482
0.495812
0.495728
0.495132
0.494809
0.49626
0.502005
0.473701
0.479173
0.480075
0.480075
0.5


0.5
-0.49539
-0.499164
-0.535587
-0.105004
-0.131035
-0.455948
-0.48693
-0.488062
-0.495298
-0.522112
-0.495818
-0.489805
-0.488713
-0.487963
-0.490824
-0.488347
-0.48636
-0.477846
-0.416834
-0.416834
0.5

0.5
0.49539
0.499164
0.535587
0.105004
0.131035
0.455948
0.48693
0.488062
0.495298
0.522112
0.495818
0.489805
0.488713
0.487963
0.490824
0.488347
0.48636
0.477846
0.416834
0.416834
0.5

0.5
0.496404
0.500196
0.537136
0.352951
0.487048
0.488659
0.490423
0.489947
0.497152
0.522772
0.49757
0.491457
0.490382
0.490058
0.491826
0.489725
0.487685
0.479337
0.419076
0.419076
0.5

0.5
0.495898
0.49926
0.537453
0.442615
0.546242
0.49494
0.49113
0.490475
0.497119
0.521412
0.497923
0.491657
0.490633
0.490744
0.491313
0.489656
0.487523
0.479887
0.431032
0.431032
0.5

0.5
0.495441
0.498356
0.535438
0.473587
0.52737
0.495387
0.491692
0.491231
0.496766
0.51989
0.498291
0.491881
0.490951
0.491297
0.49098
0.489644
0.487305
0.480637
0.445296
0.445296
0.5

0.5
0.495123
0.498067
0.531314
0.490155
0.514162
0.495439
0.492269
0.492106
0.496184
0.51849
0.498534
0.492045
0.491308
0.491699
0.490875
0.48969
0.48703
0.481323
0.457238
0.457238
0.5

0.5
0.494969
0.498103
0.526707
0.499284
0.50775
0.495573
0.492864
0.492912
0.495527
0.517353
0.498637
0.492116
0.491685
0.492006
0.490971
0.489807
0.486704
0.481827
0.465819
0.465819
0.5

0.5
0.494967
0.498113
0.522469
0.50411
0.504642
0.495824
0.493466
0.493588
0.494898
0.516446
0.498561
0.492142
0.492026
0.492255
0.491203
0.489998
0.486302
0.482112
0.471508
0.471508
0.5

0.5
0.495188
0.497934
0.518822
0.506405
0.503089
0.496166
0.494061
0.494178
0.494399
0.515517
0.498388
0.492229
0.49234
0.492489
0.491536
0.490296
0.485812
0.482212
0.475121
0.475121
0.5

0.5
0.495722
0.497399
0.515638
0.507156
0.502275
0.496575
0.494674
0.494752
0.494153
0.514184
0.498129
0.492417
0.492657
0.492739
0.491945
0.490735
0.485214
0.482159
0.477353
0.477353
0.5

0.5
0.496653
0.496562
0.512771
0.506967
0.501817
0.497035
0.495331
0.495389
0.494315
0.51212
0.497804
0.492799
0.492987
0.493002
0.492404
0.491352
0.484479
0.481943
0.478684
0.478684
0.5

0.5
0.497815
0.495662
0.509946
0.506135
0.50148
0.497536
0.496057
0.496039
0.494783
0.509402
0.497352
0.493407
0.493376
0.493306
0.492923
0.492217
0.483597
0.481633
0.479469
0.479469
0.5

0.5
0.498786
0.495216
0.507206
0.504937
0.501182
0.498089
0.496894
0.496692
0.495491
0.506242
0.496785
0.494105
0.493781
0.493621
0.493478
0.49336
0.482483
0.481212
0.479885
0.479885
0.5

0.5
0.499459
0.495255
0.504537
0.503524
0.500869
0.498705
0.497808
0.497307
0.49633
0.502903
0.496301
0.494668
0.49418
0.493949
0.494081
0.494797
0.481091
0.480724
0.480072
0.480072
0.5

0.5
0.499906
0.495461
0.50212
0.502032
0.50053
0.499358
0.49872
0.497948
0.497043
0.499651
0.495946
0.49509
0.494553
0.494271
0.494749
0.496444
0.479444
0.480207
0.480114
0.480114
0.5

0.5
0.499777
0.49526
0.499314
0.50029
0.500102
0.499915
0.499462
0.498361
0.497328
0.496362
0.495684
0.495475
0.494892
0.494497
0.495305
0.497717
0.477392
0.479398
0.479735
0.479735
0.5

0.5
0.499777
0.49526
0.499314
0.50029
0.500102
0.499915
0.499462
0.498361
0.497328
0.496362
0.495684
0.495475
0.494892
0.494497
0.495305
0.497717
0.477392
0.479398
0.479735
0.479735
0.5


0.5
-0.496302
-0.499877
-0.521197
-0.444843
-0.529013
-0.489547
-0.490427
-0.490379
-0.496043
-0.513883
-0.496182
-0.490825
-0.48957
-0.488931
-0.490046
-0.487814
-0.484963
-0.475766
-0.433112
-0.433112
0.5

0.5
0.496302
0.499877
0.521197
0.444843
0.529013
0.489547
0.490427
0.490379
0.496043
0.513883
0.496182
0.490825
0.48957
0.488931
0.490046
0.487814
0.484963
0.475766
0.433112
0.433112
0.5

0.5
0.497489
0.501096
0.523811
0.458837
0.542654
0.494772
0.492406
0.492134
0.497666
0.515012
0.497843
0.492435
0.491197
0.490708
0.491344
0.489242
0.486339
0.477402
0.436756
0.436756
0.5

0.5
0.49719
0.500591
0.524366
0.470233
0.53309
0.49638
0.492853
0.492491
0.497588
0.514221
0.497999
0.492553
0.49137
0.491081
0.491115
0.489219
0.486264
0.477987
0.443349
0.443349
0.5

0.5
0.496899
0.500063
0.523575
0.481954
0.521503
0.496847
0.493299
0.49298
0.497348
0.513282
0.498159
0.492692
0.491597
0.49144
0.490956
0.489226
0.486153
0.478758
0.451725
0.451725
0.5

0.5
0.496674
0.499706
0.521578
0.491518
0.513125
0.49691
0.493751
0.493531
0.496982
0.512355
0.498261
0.492808
0.491857
0.491749
0.490921
0.489281
0.486009
0.479545
0.459612
0.459612
0.5

0.5
0.496562
0.49949
0.519021
0.49803
0.507932
0.49693
0.494213
0.494082
0.496567
0.5115
0.498283
0.492893
0.492127
0.492009
0.491003
0.489388
0.485815
0.480213
0.465975
0.465975
0.5

0.5
0.49656
0.499258
0.516379
0.501957
0.504937
0.497019
0.494687
0.494586
0.496164
0.510699
0.498203
0.49296
0.492389
0.492241
0.491187
0.489561
0.485564
0.480712
0.47068
0.47068
0.5

0.5
0.496709
0.498938
0.513889
0.504038
0.503251
0.4972
0.495165
0.495041
0.495856
0.509843
0.49804
0.493063
0.492649
0.492466
0.491454
0.48982
0.485244
0.481037
0.473979
0.473979
0.5

0.5
0.497058
0.498473
0.511585
0.504896
0.502305
0.497459
0.495675
0.495517
0.495699
0.508731
0.497803
0.493222
0.492902
0.492687
0.491777
0.490172
0.484827
0.481183
0.476203
0.476203
0.5

0.5
0.497571
0.49787
0.509401
0.504923
0.501722
0.497773
0.496214
0.495999
0.495738
0.507238
0.497504
0.493498
0.493188
0.492936
0.492164
0.490667
0.484327
0.481202
0.477681
0.477681
0.5

0.5
0.498212
0.497292
0.507287
0.504431
0.501333
0.498145
0.496805
0.4965
0.495968
0.50538
0.497117
0.493855
0.49348
0.49319
0.492586
0.491303
0.483698
0.481079
0.478622
0.478622
0.5

0.5
0.498792
0.496911
0.505241
0.503602
0.501019
0.498561
0.497451
0.497018
0.496331
0.503241
0.496691
0.494271
0.493797
0.493463
0.49305
0.492108
0.482932
0.480859
0.479202
0.479202
0.5

0.5
0.499259
0.496754
0.503261
0.502578
0.500727
0.499016
0.498146
0.497534
0.49676
0.500959
0.496272
0.49464
0.494105
0.493737
0.493544
0.493055
0.482019
0.480564
0.479536
0.479536
0.5

0.5
0.49965
0.496764
0.501403
0.501466
0.500443
0.499494
0.498856
0.498054
0.497165
0.49866
0.495889
0.494947
0.4944
0.494005
0.494059
0.494074
0.481004
0.480225
0.479698
0.479698
0.5

0.5
0.499494
0.496301
0.499141
0.500072
0.500042
0.499873
0.499417
0.498374
0.497278
0.496237
0.495561
0.49525
0.494664
0.494179
0.494412
0.49476
0.479732
0.479622
0.47944
0.47944
0.5

0.5
0.499494
0.496301
0.499141
0.500072
0.500042
0.499873
0.499417
0.498374
0.497278
0.496237
0.495561
0.49525
0.494664
0.494179
0.494412
0.49476
0.479732
0.479622
0.47944
0.47944
0.5


0.5
-0.497137
-0.500081
-0.513711
-0.474172
-0.528398
-0.494597
-0.492411
-0.492233
-0.496268
-0.507585
-0.495968
-0.491613
-0.490309
-0.489563
-0.489598
-0.487339
-0.483866
-0.474769
-0.444818
-0.444818
0.5

0.5
0.497137
0.500081
0.513711
0.474172
0.528398
0.494597
0.492411
0.492233
0.496268
0.507585
0.495968
0.491613
0.490309
0.489563
0.489598
0.487339
0.483866
0.474769
0.444818
0.444818
0.5

0.5
0.498403
0.501419
0.515661
0.477968
0.527157
0.496941
0.494161
0.493927
0.497829
0.508926
0.497585
0.493202
0.491907
0.491211
0.491014
0.488791
0.485275
0.476421
0.448033
0.448033
0.5

0.5
0.498219
0.501129
0.515865
0.482894
0.521278
0.497583
0.494451
0.494155
0.497746
0.508473
0.497647
0.49327
0.492023
0.491421
0.490922
0.488793
0.485253
0.476956
0.452036
0.452036
0.5

0.5
0.498028
0.500789
0.515472
0.488823
0.51514
0.497845
0.494771
0.494469
0.49758
0.507904
0.497707
0.493353
0.492179
0.491652
0.490866
0.48882
0.485217
0.477664
0.457209
0.457209
0.5

0.5
0.49787
0.500481
0.514452
0.494202
0.51014
0.497885
0.495104
0.494819
0.497352
0.507311
0.497732
0.493429
0.492358
0.491873
0.490876
0.48888
0.485158
0.478417
0.462441
0.462441
0.5

0.5
0.497781
0.500214
0.513024
0.498295
0.506601
0.497873
0.495452
0.495189
0.497093
0.506717
0.497709
0.493494
0.492548
0.492077
0.490959
0.488981
0.485065
0.479113
0.467029
0.467029
0.5

0.5
0.497761
0.499922
0.511411
0.501004
0.504306
0.4979
0.495808
0.495537
0.496843
0.506115
0.49762
0.493558
0.492743
0.492273
0.491114
0.489137
0.484932
0.479696
0.470716
0.470716
0.5

0.5
0.497844
0.499595
0.509788
0.502573
0.502897
0.497996
0.496182
0.495884
0.496645
0.505445
0.49748
0.493636
0.492933
0.49246
0.491325
0.489348
0.484735
0.480127
0.473505
0.473505
0.5

0.5
0.498015
0.499179
0.508176
0.503268
0.502027
0.498154
0.496573
0.496232
0.496524
0.504614
0.497292
0.493767
0.493141
0.492661
0.491595
0.489642
0.484487
0.480432
0.475551
0.475551
0.5

0.5
0.498301
0.498739
0.506627
0.503378
0.501487
0.498374
0.496996
0.496593
0.496523
0.503582
0.497036
0.493932
0.493348
0.492862
0.491898
0.490012
0.484151
0.48058
0.476989
0.476989
0.5

0.5
0.49864
0.498309
0.505101
0.503074
0.501116
0.498637
0.497447
0.496972
0.496615
0.502327
0.496746
0.494156
0.493575
0.493079
0.492241
0.490478
0.483737
0.480617
0.477985
0.477985
0.5

0.5
0.498971
0.497978
0.503621
0.502508
0.500828
0.498939
0.497938
0.497358
0.496794
0.500913
0.496412
0.494395
0.493804
0.493299
0.492607
0.491034
0.483235
0.480552
0.478651
0.478651
0.5

0.5
0.499289
0.497781
0.502197
0.501789
0.500582
0.499267
0.498457
0.497754
0.497
0.499381
0.49607
0.494622
0.494031
0.49352
0.492992
0.491657
0.482651
0.480405
0.479072
0.479072
0.5

0.5
0.499498
0.497601
0.500765
0.500945
0.500331
0.499604
0.498984
0.498148
0.49722
0.497823
0.495746
0.494837
0.494264
0.493748
0.493393
0.492318
0.482063
0.480264
0.479359
0.479359
0.5

0.5
0.499362
0.497102
0.49906
0.499899
0.499994
0.499861
0.499398
0.498385
0.497224
0.496113
0.495412
0.49502
0.49443
0.493848
0.493588
0.492647
0.481193
0.479759
0.47915
0.47915
0.5

0.5
0.499362
0.497102
0.49906
0.499899
0.499994
0.499861
0.499398
0.498385
0.497224
0.496113
0.495412
0.49502
0.49443
0.493848
0.493588
0.492647
0.481193
0.479759
0.47915
0.47915
0.5


0.5
-0.497886
-0.500018
-0.508161
-0.485399
-0.516092
-0.496371
-0.494074
-0.493801
-0.49621
-0.50247
-0.495426
-0.492237
-0.490963
-0.490031
-0.489317
-0.486919
-0.483007
-0.474334
-0.453024
-0.453024
0.5

0.5
0.497886
0.500018
0.508161
0.485399
0.516092
0.496371
0.494074
0.493801
0.49621
0.50247
0.495426
0.492237
0.490963
0.490031
0.489317
0.486919
0.483007
0.474334
0.453024
0.453024
0.5

0.5
0.499197
0.501424
0.509825
0.488313
0.515802
0.49816
0.495733
0.495448
0.49777
0.503932
0.497017
0.49381
0.492535
0.491616
0.490783
0.488381
0.484433
0.475955
0.455663
0.455663
0.5

0.5
0.499076
0.501246
0.50987
0.490868
0.512804
0.498392
0.495914
0.495582
0.497702
0.503697
0.497032
0.493844
0.492609
0.491737
0.490759
0.488401
0.484447
0.476419
0.458205
0.458205
0.5

0.5
0.498944
0.501017
0.509643
0.493896
0.509589
0.49851
0.496118
0.495767
0.497609
0.503394
0.497042
0.493885
0.492708
0.491882
0.490757
0.48844
0.484459
0.477034
0.461522
0.461522
0.5

0.5
0.498826
0.500774
0.509097
0.496766
0.50679
0.498527
0.496351
0.495988
0.497459
0.50305
0.497038
0.493928
0.492822
0.492032
0.490794
0.488504
0.48446
0.477711
0.465041
0.465041
0.5

0.5
0.498745
0.50053
0.5083
0.499073
0.504653
0.498523
0.49659
0.496213
0.497299
0.502686
0.497002
0.493971
0.49295
0.492183
0.49088
0.488602
0.484442
0.478376
0.468328
0.468328
0.5

0.5
0.498708
0.500268
0.507356
0.500693
0.503164
0.49854
0.496846
0.496444
0.497145
0.502301
0.496923
0.494004
0.493077
0.492331
0.49101
0.488735
0.48439
0.478964
0.471143
0.471143
0.5

0.5
0.498711
0.499962
0.506332
0.501659
0.502175
0.498597
0.49711
0.496679
0.497015
0.501854
0.496824
0.494063
0.493215
0.492485
0.491188
0.488919
0.484306
0.479461
0.473432
0.473432
0.5

0.5
0.498776
0.499629
0.505294
0.502114
0.501542
0.498707
0.497396
0.496908
0.496939
0.50133
0.49667
0.494132
0.493355
0.492641
0.491397
0.489145
0.484167
0.479833
0.475205
0.475205
0.5

0.5
0.498901
0.499291
0.504268
0.502186
0.501127
0.498856
0.497701
0.497159
0.496923
0.500684
0.496488
0.494225
0.493501
0.492804
0.491638
0.489425
0.483969
0.480082
0.476536
0.476536
0.5

0.5
0.499053
0.498954
0.503239
0.501983
0.500835
0.49904
0.498028
0.49742
0.496953
0.49991
0.496276
0.494343
0.493653
0.492971
0.491903
0.489759
0.483717
0.48023
0.477516
0.477516
0.5

0.5
0.499235
0.498689
0.502249
0.501608
0.500613
0.499249
0.498376
0.497692
0.497017
0.499025
0.496039
0.494471
0.493806
0.493141
0.492184
0.490139
0.483404
0.480276
0.478206
0.478206
0.5

0.5
0.499334
0.498401
0.501217
0.50108
0.500405
0.499469
0.498737
0.497959
0.497112
0.498085
0.495794
0.494607
0.493972
0.493323
0.492488
0.490572
0.483084
0.480304
0.478721
0.478721
0.5

0.5
0.499484
0.498219
0.500253
0.500518
0.500231
0.499716
0.499122
0.498251
0.497214
0.497093
0.495546
0.494726
0.494123
0.493485
0.492767
0.490978
0.482718
0.480236
0.479041
0.479041
0.5

0.5
0.499306
0.497714
0.499014
0.499746
0.499948
0.499867
0.499396
0.498393
0.497155
0.495978
0.495254
0.494801
0.494202
0.493523
0.492853
0.491099
0.4821
0.479834
0.478882
0.478882
0.5

0.5
0.499306
0.497714
0.499014
0.499746
0.499948
0.499867
0.499396
0.498393
0.497155
0.495978
0.495254
0.494801
0.494202
0.493523
0.492853
0.491099
0.4821
0.479834
0.478882
0.478882
0.5


0.5
-0.498581
-0.499817
-0.503712
-0.493233
-0.506769
-0.497159
-0.495541
-0.495191
-0.496038
-0.498023
-0.49472
-0.49277
-0.491563
-0.490417
-0.489127
-0.486553
-0.48233
-0.474159
-0.458744
-0.458744
0.5

0.5
0.498581
0.499817
0.503712
0.493233
0.506769
0.497159
0.495541
0.495191
0.496038
0.498023
0.49472
0.49277
0.491563
0.490417
0.489127
0.486553
0.48233
0.474159
0.458744
0.458744
0.5

0.5
0.499918
0.501266
0.505265
0.495389
0.507504
0.498781
0.497153
0.4968
0.497597
0.499567
0.496294
0.49433
0.493119
0.491968
0.490616
0.488023
0.483768
0.475744
0.460946
0.460946
0.5

0.5
0.499833
0.501153
0.505245
0.496484
0.50621
0.498867
0.497249
0.496865
0.497557
0.499492
0.496291
0.494336
0.493156
0.492034
0.490627
0.488052
0.483804
0.476135
0.462593
0.462593
0.5

0.5
0.499737
0.500999
0.505103
0.497756
0.5048
0.498926
0.497369
0.496962
0.497493
0.499381
0.496284
0.494347
0.493206
0.492117
0.490654
0.488098
0.483847
0.47666
0.46477
0.46477
0.5

0.5
0.499643
0.500822
0.504819
0.49897
0.503531
0.498957
0.497507
0.497065
0.497412
0.499259
0.496263
0.494358
0.493268
0.492211
0.490708
0.488166
0.483891
0.477258
0.46717
0.46717
0.5

0.5
0.499567
0.500633
0.504411
0.499965
0.502524
0.498981
0.497659
0.49718
0.49733
0.499129
0.49622
0.494358
0.493334
0.49231
0.490791
0.488257
0.483922
0.477864
0.469527
0.469527
0.5

0.5
0.499497
0.50041
0.503903
0.50066
0.501783
0.499016
0.497811
0.497302
0.497249
0.498966
0.496171
0.494368
0.493406
0.492415
0.490906
0.48838
0.48394
0.478443
0.471674
0.471674
0.5

0.5
0.499445
0.500166
0.503346
0.501071
0.501271
0.499073
0.497983
0.497428
0.497167
0.498763
0.496102
0.494385
0.493484
0.492525
0.491048
0.488529
0.483927
0.478949
0.473516
0.473516
0.5

0.5
0.499423
0.499909
0.502767
0.50124
0.500926
0.499155
0.498164
0.497559
0.497127
0.498528
0.496007
0.494405
0.493563
0.49264
0.491213
0.488707
0.483876
0.479363
0.475028
0.475028
0.5

0.5
0.499431
0.49965
0.502185
0.501226
0.500688
0.499262
0.498358
0.497706
0.497105
0.498217
0.495898
0.494435
0.493644
0.492756
0.491394
0.488911
0.483779
0.479674
0.476227
0.476227
0.5

0.5
0.499468
0.499401
0.501599
0.501075
0.500514
0.499381
0.498567
0.497854
0.497101
0.497845
0.495764
0.494472
0.493727
0.492876
0.491593
0.489147
0.483644
0.479894
0.477153
0.477153
0.5

0.5
0.499449
0.499105
0.500969
0.500799
0.50036
0.499508
0.498779
0.498005
0.49711
0.497417
0.495627
0.494526
0.493822
0.493009
0.491813
0.489426
0.483505
0.48008
0.477884
0.477884
0.5

0.5
0.499479
0.498876
0.500378
0.500486
0.50024
0.49966
0.499015
0.498172
0.497139
0.496949
0.495474
0.494571
0.493907
0.493127
0.492018
0.489692
0.483313
0.480155
0.478396
0.478396
0.5

0.5
0.499513
0.498667
0.499793
0.500135
0.500129
0.499821
0.499262
0.498346
0.497172
0.496451
0.495315
0.494613
0.493991
0.493239
0.492211
0.489947
0.483114
0.480183
0.47876
0.47876
0.5

0.5
0.49929
0.498192
0.498981
0.499605
0.499906
0.499886
0.499407
0.498403
0.497075
0.495833
0.49509
0.49459
0.493984
0.493218
0.49221
0.489934
0.482654
0.479859
0.478638
0.478638
0.5

0.5
0.49929
0.498192
0.498981
0.499605
0.499906
0.499886
0.499407
0.498403
0.497075
0.495833
0.49509
0.49459
0.493984
0.493218
0.49221
0.489934
0.482654
0.479859
0.478638
0.478638
0.5


0.5
-0.498689
-0.498907
-0.49938
-0.499157
-0.498439
-0.497448
-0.496814
-0.496275
-0.495515
-0.493789
-0.494223
-0.493536
-0.492327
-0.490872
-0.489036
-0.486268
-0.481812
-0.474063
-0.462506
-0.462506
0.5

0.5
0.498689
0.498907
0.49938
0.499157
0.498439
0.497448
0.496814
0.496275
0.495515
0.493789
0.494223
0.493536
0.492327
0.490872
0.489036
0.486268
0.481812
0.474063
0.462506
0.462506
0.5

0.5
0.500043
0.500379
0.500874
0.500699
0.499996
0.499022
0.498383
0.497852
0.4971
0.495413
0.495781
0.495081
0.493865
0.492401
0.490541
0.487743
0.483258
0.475618
0.464421
0.464421
0.5

0.5
0.499991
0.50032
0.500821
0.500718
0.500044
0.499071
0.498425
0.497864
0.497081
0.495479
0.495754
0.495057
0.493868
0.492426
0.490576
0.48778
0.483308
0.475952
0.465516
0.465516
0.5

0.5
0.499934
0.500236
0.500738
0.500709
0.500109
0.499144
0.498465
0.497881
0.497071
0.495557
0.49572
0.495027
0.493871
0.492461
0.490626
0.487834
0.483374
0.476407
0.466989
0.466989
0.5

0.5
0.499874
0.500137
0.500633
0.500674
0.500171
0.499221
0.498526
0.497904
0.49705
0.495641
0.495678
0.494992
0.493877
0.492504
0.490692
0.487905
0.483446
0.476936
0.468674
0.468674
0.5

0.5
0.499811
0.50002
0.500503
0.500612
0.50021
0.4993
0.498588
0.497928
0.49704
0.495729
0.495633
0.494948
0.493882
0.492556
0.490776
0.487997
0.483519
0.477499
0.470416
0.470416
0.5

0.5
0.499744
0.499891
0.500362
0.500532
0.500224
0.499376
0.498663
0.497965
0.497023
0.495795
0.495589
0.494907
0.49389
0.492614
0.490875
0.488106
0.483582
0.47805
0.472084
0.472084
0.5

0.5
0.499681
0.499753
0.50021
0.500439
0.500217
0.49945
0.498741
0.498
0.497023
0.49586
0.495538
0.494863
0.493899
0.492678
0.490988
0.488233
0.483625
0.478554
0.473593
0.473593
0.5

0.5
0.499623
0.499613
0.500056
0.500337
0.500195
0.49952
0.498829
0.498052
0.497023
0.495901
0.495485
0.494817
0.493906
0.492744
0.491112
0.488375
0.483641
0.478991
0.474899
0.474899
0.5

0.5
0.499587
0.499485
0.499909
0.50023
0.500162
0.499589
0.498921
0.498108
0.497028
0.495923
0.495424
0.494767
0.493911
0.492812
0.491246
0.488531
0.483626
0.479344
0.475982
0.475982
0.5

0.5
0.499512
0.499303
0.499715
0.500089
0.500109
0.49965
0.499013
0.498166
0.497027
0.495924
0.495364
0.494725
0.493924
0.492888
0.491397
0.488718
0.483612
0.47966
0.476889
0.476889
0.5

0.5
0.49947
0.499149
0.499544
0.499958
0.500064
0.499723
0.499123
0.498237
0.497039
0.495915
0.495292
0.494676
0.493929
0.492956
0.491538
0.488893
0.483556
0.479873
0.477584
0.477584
0.5

0.5
0.49944
0.498998
0.499374
0.499822
0.500019
0.499803
0.49924
0.498316
0.497053
0.495888
0.495214
0.494625
0.493932
0.493018
0.49167
0.489065
0.483482
0.480021
0.478113
0.478113
0.5

0.5
0.499422
0.498845
0.499199
0.499681
0.499975
0.499889
0.499366
0.498402
0.497069
0.495849
0.495128
0.49457
0.49393
0.493071
0.491788
0.489219
0.483402
0.480117
0.478501
0.478501
0.5

0.5
0.499205
0.498477
0.498838
0.49939
0.499814
0.499877
0.499401
0.498397
0.496986
0.495701
0.494956
0.49443
0.493824
0.492982
0.491709
0.489119
0.483056
0.479854
0.478402
0.478402
0.5

0.5
0.499205
0.498477
0.498838
0.49939
0.499814
0.499877
0.499401
0.498397
0.496986
0.495701
0.494956
0.49443
0.493824
0.492982
0.491709
0.489119
0.483056
0.479854
0.478402
0.478402
0.5


0.5
0.5
0.5
0.5
0.5
0.5
0.5
0.5
0.5
0.5
0.5
0.5
0.5
0.5
0.5
0.5
0.5
0.5
0.5
0.5
0.5
0.5

0.5
0.498689
0.498907
0.49938
0.499157
0.498439
0.497448
0.496814
0.496275
0.495515
0.493789
0.494223
0.493536
0.492327
0.490872
0.489036
0.486268
0.481812
0.474063
0.462506
0.462506
0.5

0.5
0.500043
0.500379
0.500874
0.500699
0.499996
0.499022
0.498383
0.497852
0.4971
0.495413
0.495781
0.495081
0.493865
0.492401
0.490541
0.487743
0.483258
0.475618
0.464421
0.464421
0.5

0.5
0.499991
0.50032
0.500821
0.500718
0.500044
0.499071
0.498425
0.497864
0.497081
0.495479
0.495754
0.495057
0.493868
0.492426
0.490576
0.48778
0.483308
0.475952
0.465516
0.465516
0.5

0.5
0.499934
0.500236
0.500738
0.500709
0.500109
0.499144
0.498465
0.497881
0.497071
0.495557
0.49572
0.495027
0.493871
0.492461
0.490626
0.487834
0.483374
0.476407
0.466989
0.466989
0.5

0.5
0.499874
0.500137
0.500633
0.500674
0.500171
0.499221
0.498526
0.497904
0.49705
0.495641
0.495678
0.494992
0.493877
0.492504
0.490692
0.487905
0.483446
0.476936
0.468674
0.468674
0.5

0.5
0.499811
0.50002
0.500503
0.500612
0.50021
0.4993
0.498588
0.497928
0.49704
0.495729
0.495633
0.494948
0.493882
0.492556
0.490776
0.487997
0.483519
0.477499
0.470416
0.470416
0.5

0.5
0.499744
0.499891
0.500362
0.500532
0.500224
0.499376
0.498663
0.497965
0.497023
0.495795
0.495589
0.494907
0.49389
0.492614
0.490875
0.488106
0.483582
0.47805
0.472084
0.472084
0.5

0.5
0.499681
0.499753
0.50021
0.500439
0.500217
0.49945
0.498741
0.498
0.497023
0.49586
0.495538
0.494863
0.493899
0.492678
0.490988
0.488233
0.483625
0.478554
0.473593
0.473593
0.5

0.5
0.499623
0.499613
0.500056
0.500337
0.500195
0.49952
0.498829
0.498052
0.497023
0.495901
0.495485
0.494817
0.493906
0.492744
0.491112
0.488375
0.483641
0.478991
0.474899
0.474899
0.5

0.5
0.499587
0.499485
0.499909
0.50023
0.500162
0.499589
0.498921
0.498108
0.497028
0.495923
0.495424
0.494767
0.493911
0.492812
0.491246
0.488531
0.483626
0.479344
0.475982
0.475982
0.5

0.5
0.499512
0.499303
0.499715
0.500089
0.500109
0.49965
0.499013
0.498166
0.497027
0.495924
0.495364
0.494725
0.493924
0.492888
0.491397
0.488718
0.483612
0.47966
0.476889
0.476889
0.5

0.5
0.49947
0.499149
0.499544
0.499958
0.500064
0.499723
0.499123
0.498237
0.497039
0.495915
0.495292
0.494676
0.493929
0.492956
0.491538
0.488893
0.483556
0.479873
0.477584
0.477584
0.5

0.5
0.49944
0.498998
0.499374
0.499822
0.500019
0.499803
0.49924
0.498316
0.497053
0.495888
0.495214
0.494625
0.493932
0.493018
0.49167
0.489065
0.483482
0.480021
0.478113
0.478113
0.5

0.5
0.499422
0.498845
0.499199
0.499681
0.499975
0.499889
0.499366
0.498402
0.497069
0.495849
0.495128
0.49457
0.49393
0.493071
0.491788
0.489219
0.483402
0.480117
0.478501
0.478501
0.5

0.5
0.499205
0.498477
0.498838
0.49939
0.499814
0.499877
0.499401
0.498397
0.496986
0.495701
0.494956
0.49443
0.493824
0.492982
0.491709
0.489119
0.483056
0.479854
0.478402
0.478402
0.5

0.5
0.499172
0.498419
0.498697
0.499136
0.499449
0.499415
0.498872
0.497892
0.496795
0.495797
0.494643
0.493651
0.492676
0.491565
0.490167
0.487919
0.483338
0.480775
0.479508
0.479508
0.5


