0
0
0
0
0
0
0
0
0
0
0
0
-0.0255727
0
0
0
0
0
0
0
0
0

0
-0.00123148
-0.00194528
-0.00426709
-0.0128507
-0.0865757
-0.0115315
-0.00250058
-0.00173438
-0.00187645
-0.000383576
0.00327608
0.19936
-0.0252694
-0.0068787
-0.00582362
-0.0144476
-0.00485357
-0.00454453
-0.00415243
-0.00382547
0

0
-0.00124758
0.00174832
-0.00425082
-0.0166748
-0.0010609
-0.00803946
-0.0119143
-0.00200959
-0.00187645
-0.000905155
0.00461351
-0.0139591
-0.03176
-0.00874024
-0.00554076
-0.0240351
-0.00534898
-0.00461143
-0.00418731
-0.00383162
0

0
-0.00122525
-0.00182393
-0.00557986
-0.0143737
-0.041385
-0.0172816
-0.00284307
-0.0020632
-0.00176075
-0.000311816
0.00575292
0.0204245
-0.0491424
-0.0104177
-0.00410358
0.0146261
-0.00459755
-0.00471398
-0.00426206
-0.00384577
0

0
-0.0012147
-0.00148992
-0.0083127
-0.0135211
-0.0850633
-0.0154829
-0.00316333
-0.00182021
-0.0017612
-0.000271872
0.00729111
0.0192481
-0.00482975
-0.0114889
0.000733636
0.00424241
-0.0050972
-0.00485357
-0.00437606
-0.00386765
0

0
-0.00120247
-0.00127206
0.00368413
-0.0131026
-0.0723426
-0.0138475
-0.00307888
-0.00190474
-0.00185209
-0.000200168
0.00891795
0.19936
-0.145383
-0.0124676
-0.115349
0.000682649
-0.00580564
-0.00480982
-0.00454071
-0.00389792
0

0
-0.00119483
-0.00117089
0.000419183
-0.0127161
-0.0852672
-0.0132744
-0.00285889
-0.0019495
-0.00175459
-0.000377557
0.0078646
0.0956034
-0.0726788
-0.0100697
0.000961189
0.00061074
-0.0070354
-0.00709908
-0.00481388
-0.00394794
0

0
-0.00118587
-0.00112435
-0.000753677
-0.0128507
-0.130386
-0.0130783
-0.00252988
-0.00212968
-0.00173716
-0.000581048
0.00586612
0.0499107
-0.0389876
-0.00660069
-0.00401691
0.0015894
-0.00895031
-0.00752097
-0.00509563
-0.00398033
0

0
-0.00117767
-0.00109948
-0.00103115
-0.0121097
-0.238098
-0.0119143
-0.00206272
-0.0013805
-0.00172662
-0.000765572
0.00391696
0.0269923
-0.0223426
-0.00186253
-0.00646028
0.00434288
-0.0124786
-0.00876541
-0.00555724
-0.00402492
0

0
-0.00117402
-0.0010609
-0.000823833
-0.00679257
-0.501089
-0.00626448
-0.00148138
-0.00154436
-0.00173109
-0.000905155
0.00227027
0.0147542
-0.0136147
0.00743385
-0.0126786
0.00915064
-0.0195664
-0.0108554
-0.00554624
-0.00406193
0

0
-0.0011692
-0.000994238
-0.000338073
0.00278415
0.470366
0.0234453
-0.00110803
-0.00156433
-0.00173438
-0.000950569
0.000902648
0.00790839
-0.0091315
0.00143553
-0.00400958
0.0177482
0.0327454
-0.00709908
-0.00612504
-0.00410533
0

0
-0.00116116
-0.000831293
4.80206e-05
0.00874244
0.227867
0.0189146
3.23949e-05
-0.00156654
-0.00173941
-0.000799209
-0.000331781
0.00391049
-0.00214813
-0.000584865
-0.000731148
0.0330837
-0.0429117
-0.0174801
-0.00672837
-0.00414518
0

0
-0.00114975
-0.000282674
7.10672e-05
0.00952571
0.119615
0.0149088
0.000493264
-0.00169326
-0.0017456
-0.00101769
-0.000937589
0.00156747
-0.00482975
-0.00166326
-0.00378645
0.0598328
-0.0672775
-0.0225846
-0.00726348
-0.00418143
0

0
-0.00110977
-0.0131026
0.00735287
0.00890481
0.0706342
0.0119061
0.000666884
-0.000961204
-0.00173278
-0.000833717
-0.00172266
0.000140713
-0.00349239
-0.00375468
0.0338256
0.109719
-0.115349
-0.0299534
-0.0075903
-0.00420987
0

0
-0.0011319
-0.000228616
0.000352304
0.0080314
0.0491775
0.00982568
0.000711272
-0.00111781
-0.00173897
-0.00137343
-0.00160929
-0.000710444
-0.00266973
0.00674378
0.0327454
0.204993
-0.209135
-0.0401287
-0.00724445
-0.00422765
0

0
-0.00112774
-0.000754767
0.00071138
0.00735287
0.0454712
0.00847655
0.00069919
-0.00117791
-0.00174763
-0.00163897
-0.00163783
-0.00125734
-0.00219059
0.00431522
0.0376788
0.403085
-0.402414
-0.05384
-0.00492237
-0.0042162
0

0
0
0
0
0
0
0
0
0
0
0
0
0
0
0
0
0
0
-0.00329394
0
0
0


0
0.00123148
0.00194528
0.00426709
0.0128507
0.0865757
0.0115315
0.00250058
0.00173438
0.00187645
0.000383576
-0.00327608
-0.19936
0.0252694
0.0068787
0.00582362
0.0144476
0.00485357
0.00454453
0.00415243
0.00382547
-0.00398033

0.00123148
-0.00123148
-0.00194528
-0.00426709
-0.0128507
-0.0865757
-0.0115315
-0.00250058
-0.00173438
-0.00187645
-0.000383576
0.00327608
0.19936
-0.0252694
-0.0068787
-0.00582362
-0.0144476
-0.00485357
-0.00454453
-0.00415243
-0.00382547
-0.00382547

0.00124758
-0.00124758
0.00174832
-0.00425082
-0.0166748
-0.0010609
-0.00803946
-0.0119143
-0.00200959
-0.00187645
-0.000905155
0.00461351
-0.0139591
-0.03176
-0.00874024
-0.00554076
-0.0240351
-0.00534898
-0.00461143
-0.00418731
-0.00383162
-0.00383162

0.00122525
-0.00122525
-0.00182393
-0.00557986
-0.0143737
-0.041385
-0.0172816
-0.00284307
-0.0020632
-0.00176075
-0.000311816
0.00575292
0.0204245
-0.0491424
-0.0104177
-0.00410358
0.0146261
-0.00459755
-0.00471398
-0.00426206
-0.00384577
-0.00384577

0.0012147
-0.0012147
-0.00148992
-0.0083127
-0.0135211
-0.0850633
-0.0154829
-0.00316333
-0.00182021
-0.0017612
-0.000271872
0.00729111
0.0192481
-0.00482975
-0.0114889
0.000733636
0.00424241
-0.0050972
-0.00485357
-0.00437606
-0.00386765
-0.00386765

0.00120247
-0.00120247
-0.00127206
0.00368413
-0.0131026
-0.0723426
-0.0138475
-0.00307888
-0.00190474
-0.00185209
-0.000200168
0.00891795
0.19936
-0.145383
-0.0124676
-0.115349
0.000682649
-0.00580564
-0.00480982
-0.00454071
-0.00389792
-0.00389792

0.00119483
-0.00119483
-0.00117089
0.000419183
-0.0127161
-0.0852672
-0.0132744
-0.00285889
-0.0019495
-0.00175459
-0.000377557
0.0078646
0.0956034
-0.0726788
-0.0100697
0.000961189
0.00061074
-0.0070354
-0.00709908
-0.00481388
-0.00394794
-0.00394794

0.00118587
-0.00118587
-0.00112435
-0.000753677
-0.0128507
-0.130386
-0.0130783
-0.00252988
-0.00212968
-0.00173716
-0.000581048
0.00586612
0.0499107
-0.0389876
-0.00660069
-0.00401691
0.0015894
-0.00895031
-0.00752097
-0.00509563
-0.00398033
-0.00398033

0.00117767
-0.00117767
-0.00109948
-0.00103115
-0.0121097
-0.238098
-0.0119143
-0.00206272
-0.0013805
-0.00172662
-0.000765572
0.00391696
0.0269923
-0.0223426
-0.00186253
-0.00646028
0.00434288
-0.0124786
-0.00876541
-0.00555724
-0.00402492
-0.00402492

0.00117402
-0.00117402
-0.0010609
-0.000823833
-0.00679257
-0.501089
-0.00626448
-0.00148138
-0.00154436
-0.00173109
-0.000905155
0.00227027
0.0147542
-0.0136147
0.00743385
-0.0126786
0.00915064
-0.0195664
-0.0108554
-0.00554624
-0.00406193
-0.00406193

0.0011692
-0.0011692
-0.000994238
-0.000338073
0.00278415
0.470366
0.0234453
-0.00110803
-0.00156433
-0.00173438
-0.000950569
0.000902648
0.00790839
-0.0091315
0.00143553
-0.00400958
0.0177482
0.0327454
-0.00709908
-0.00612504
-0.00410533
-0.00410533

0.00116116
-0.00116116
-0.000831293
4.80206e-05
0.00874244
0.227867
0.0189146
3.23949e-05
-0.00156654
-0.00173941
-0.000799209
-0.000331781
0.00391049
-0.00214813
-0.000584865
-0.000731148
0.0330837
-0.0429117
-0.0174801
-0.00672837
-0.00414518
-0.00414518

0.00114975
-0.00114975
-0.000282674
7.10672e-05
0.00952571
0.119615
0.0149088
0.000493264
-0.00169326
-0.0017456
-0.00101769
-0.000937589
0.00156747
-0.00482975
-0.00166326
-0.00378645
0.0598328
-0.0672775
-0.0225846
-0.00726348
-0.00418143
-0.00418143

0.00110977
-0.00110977
-0.0131026
0.00735287
0.00890481
0.0706342
0.0119061
0.000666884
-0.000961204
-0.00173278
-0.000833717
-0.00172266
0.000140713
-0.00349239
-0.00375468
0.0338256
0.109719
-0.115349
-0.0299534
-0.0075903
-0.00420987
-0.00420987

0.0011319
-0.0011319
-0.000228616
0.000352304
0.0080314
0.0491775
0.00982568
0.000711272
-0.00111781
-0.00173897
-0.00137343
-0.00160929
-0.000710444
-0.00266973
0.00674378
0.0327454
0.204993
-0.209135
-0.0401287
-0.00724445
-0.00422765
-0.00422765

0.00112774
-0.00112774
-0.000754767
0.00071138
0.00735287
0.0454712
0.00847655
0.00069919
-0.00117791
-0.00174763
-0.00163897
-0.00163783
-0.00125734
-0.00219059
0.00431522
0.0376788
0.403085
-0.402414
-0.05384
-0.00492237
-0.0042162
-0.0042162

0
-0.00112774
-0.000754767
0.00071138
0.00735287
0.0454712
0.00847655
0.00069919
-0.00117791
-0.00174763
-0.00163897
-0.00163783
-0.00125734
-0.00219059
0.00431522
0.0376788
0.403085
-0.402414
-0.05384
-0.00492237
-0.0042162
0


0
0.00121575
0.00133029
0.00425078
0.0166654
0.0989057
0.0125474
0.00400084
0.00208168
0.00149105
1.9592e-06
-0.00613331
-0.073613
0.0211124
0.00859821
0.00659255
0.0106656
0.00548414
0.0049747
0.00443931
0.00398872
0

0.00121575
-0.00121575
-0.00133029
-0.00425078
-0.0166654
-0.0989057
-0.0125474
-0.00400084
-0.00208168
-0.00149105
-1.9592e-06
0.00613331
0.073613
-0.0211124
-0.00859821
-0.00659255
-0.0106656
-0.00548414
-0.0049747
-0.00443931
-0.00398872
-0.00398872

0.00121521
-0.00121521
-0.000661567
-0.0042796
-0.0162612
-0.0671087
-0.0120035
-0.00540259
-0.00208982
-0.0016204
-5.85001e-05
0.00631865
0.0283989
-0.0255406
-0.00943511
-0.00676881
-0.0101203
-0.00552518
-0.00507789
-0.00449309
-0.00399887
-0.00399887

0.00121169
-0.00121169
-0.00131928
-0.0045357
-0.0147353
-0.0574305
-0.0141194
-0.00396749
-0.00205597
-0.00162765
5.11904e-05
0.00695951
0.0286012
-0.0322254
-0.0104079
-0.00746976
0.000405546
-0.00537676
-0.00527091
-0.00459306
-0.00401891
-0.00401891

0.00120508
-0.00120508
-0.00137979
-0.00435184
-0.0137556
-0.0635672
-0.0141128
-0.00355545
-0.00196381
-0.00163559
9.80631e-05
0.00796508
0.0404906
-0.0341682
-0.0110791
-0.0110929
0.000560222
-0.00578686
-0.00561145
-0.00475228
-0.00404975
-0.00404975

0.00119803
-0.00119803
-0.00128415
-0.00107023
-0.0132185
-0.0642783
-0.0135449
-0.00330055
-0.0019423
-0.001647
0.000110875
0.00895446
0.0860116
-0.0632955
-0.0114473
-0.0277504
-0.000178
-0.0065547
-0.00612698
-0.00496433
-0.00409554
-0.00409554

0.00118737
-0.00118737
-0.00120425
-0.00100179
-0.0128793
-0.0749364
-0.0130252
-0.00299803
-0.00191723
-0.00163157
-2.65889e-05
0.00815475
0.0637478
-0.0481185
-0.00965155
-0.0105132
0.000667613
-0.00790931
-0.00738867
-0.00526554
-0.00413896
-0.00413896

0.00117743
-0.00117743
-0.00114982
-0.00120678
-0.0124875
-0.0992485
-0.0121804
-0.00259636
-0.00186879
-0.0016245
-0.000220591
0.00648777
0.041067
-0.0315646
-0.00681453
-0.00618743
0.00255013
-0.00994817
-0.00854605
-0.00563483
-0.0041883
-0.0041883

0.0011678
-0.0011678
-0.0011159
-0.00115059
-0.0108748
-0.133585
-0.00968975
-0.00204413
-0.00161466
-0.00162237
-0.000428817
0.0046792
0.0252189
-0.0200886
-0.00327932
-0.00498441
0.00593591
-0.012977
-0.0100521
-0.00607278
-0.00424349
-0.00424349

0.00116269
-0.00116269
-0.00107861
-0.0007904
-0.00604385
-0.137586
-0.0029514
-0.00133212
-0.00154421
-0.00162633
-0.000611716
0.00304014
0.0150919
-0.0128332
0.000426756
-0.00440523
0.0115444
-0.0167872
-0.0120943
-0.0064636
-0.00429778
-0.00429778

0.00115743
-0.00115743
-0.00105479
-0.000206612
0.00276395
0.123649
0.0113293
-0.00053515
-0.00148129
-0.00163259
-0.000747451
0.0016506
0.00876457
-0.00826552
0.000199108
7.7648e-05
0.0210319
-0.0182222
-0.0144195
-0.00707406
-0.0043531
-0.0043531

0.00115269
-0.00115269
-0.00110908
0.000377972
0.00783269
0.121717
0.0144837
0.000260278
-0.00141548
-0.00164003
-0.000829718
0.000513658
0.00480568
-0.00466347
-1.19812e-05
0.00478937
0.0365758
-0.0413444
-0.0197858
-0.00779359
-0.00440709
-0.00440709

0.00115065
-0.00115065
-0.00147
0.000985821
0.00945109
0.0879634
0.0138351
0.000743654
-0.00134081
-0.00164689
-0.000973871
-0.000295473
0.00232134
-0.0039276
0.000194603
0.0107825
0.0620473
-0.0683104
-0.0259291
-0.00849918
-0.00445782
-0.00445782

0.00114579
-0.00114579
-0.00326497
0.00225323
0.00947816
0.0615715
0.0122338
0.000987544
-0.0010993
-0.0016482
-0.00106873
-0.000922292
0.000749631
-0.0030166
0.00109548
0.0260127
0.103882
-0.110006
-0.0336426
-0.00905325
-0.0044995
-0.0044995

0.00112792
-0.00112792
-0.00136446
0.00136042
0.00894622
0.0457045
0.0106898
0.00108793
-0.00106015
-0.00165754
-0.00131869
-0.0012051
-0.000250583
-0.00226679
0.00462983
0.0336834
0.170369
-0.175688
-0.0430364
-0.00924233
-0.00452931
-0.00452931

0.00111767
-0.00111767
-0.000879079
0.00116927
0.00835129
0.0375902
0.00944788
0.00111605
-0.00103987
-0.00163453
-0.00146288
-0.00132129
-0.000826674
-0.00169413
0.00543218
0.0405525
0.267276
-0.267565
-0.053249
-0.00893694
-0.00457531
-0.00457531

0
-0.00111767
-0.000879079
0.00116927
0.00835129
0.0375902
0.00944788
0.00111605
-0.00103987
-0.00163453
-0.00146288
-0.00132129
-0.000826674
-0.00169413
0.00543218
0.0405525
0.267276
-0.267565
-0.053249
-0.00893694
-0.00457531
0


0
0.00120518
0.00128151
0.00383245
0.0177188
0.150906
0.0110865
0.00384483
0.00208234
0.00147982
-0.000267164
-0.00699362
-0.042607
0.0173583
0.0090346
0.0069307
0.00774384
0.00569471
0.00534177
0.00469786
0.00414716
0

0.00120518
-0.00120518
-0.00128151
-0.00383245
-0.0177188
-0.150906
-0.0110865
-0.00384483
-0.00208234
-0.00147982
0.000267164
0.00699362
0.042607
-0.0173583
-0.0090346
-0.0069307
-0.00774384
-0.00569471
-0.00534177
-0.00469786
-0.00414716
-0.00414716

0.00120526
-0.00120526
-0.00114851
-0.00377483
-0.0152721
-0.104037
-0.0116314
-0.00413628
-0.00207267
-0.00151317
0.000264293
0.00697779
0.0301252
-0.0197775
-0.00942399
-0.00721748
-0.00650776
-0.00575138
-0.00547581
-0.00476672
-0.00416269
-0.00416269

0.00120438
-0.00120438
-0.00129356
-0.00366707
-0.0132205
-0.0626279
-0.0118797
-0.00375758
-0.00203926
-0.00152574
0.000294626
0.00724734
0.0283181
-0.0234116
-0.00992999
-0.00807876
-0.00291354
-0.00586079
-0.00574104
-0.00488706
-0.00418824
-0.00418824

0.00120328
-0.00120328
-0.00133502
-0.00325256
-0.0121092
-0.0520497
-0.0118707
-0.00347299
-0.00198338
-0.00152577
0.000315211
0.00774414
0.0341774
-0.0270355
-0.010253
-0.0102693
-0.00161353
-0.00626906
-0.00612384
-0.00504944
-0.00422389
-0.00422389

0.00119535
-0.00119535
-0.00128469
-0.00211272
-0.0115646
-0.0505228
-0.0115576
-0.0031984
-0.00193306
-0.0015355
0.000267537
0.00805493
0.0461178
-0.0344078
-0.0101149
-0.0137921
-0.00080544
-0.00711459
-0.00684344
-0.00531017
-0.00426661
-0.00426661

0.0011859
-0.0011859
-0.00122323
-0.0016829
-0.0111475
-0.0555984
-0.0110298
-0.00288524
-0.00187447
-0.00153822
0.000140002
0.00742788
0.0403781
-0.0303728
-0.00876754
-0.00914938
0.000503407
-0.00844109
-0.00790148
-0.00563648
-0.0043156
-0.0043156

0.00117459
-0.00117459
-0.00117056
-0.00147943
-0.0103505
-0.0643299
-0.00981401
-0.0024604
-0.00178935
-0.00154408
-5.2109e-05
0.00615288
0.0298833
-0.022867
-0.00666374
-0.00564526
0.00276465
-0.010493
-0.00920977
-0.00604434
-0.00437105
-0.00437105

0.00116521
-0.00116521
-0.00112725
-0.00120251
-0.00834541
-0.0683768
-0.00703056
-0.00189066
-0.0016446
-0.00155139
-0.000267273
0.00465753
0.0203841
-0.0160929
-0.00414539
-0.00331995
0.00639575
-0.0135168
-0.0108905
-0.006525
-0.00443271
-0.00443271

0.00115865
-0.00115865
-0.00108937
-0.000749384
-0.00418956
-0.0459757
-0.00160396
-0.00117091
-0.00153158
-0.0015601
-0.000477099
0.00321721
0.0132199
-0.0110139
-0.00185654
-0.000828901
0.0119919
-0.0178317
-0.0132132
-0.00706401
-0.00449672
-0.00449672

0.0011523
-0.0011523
-0.00107355
-0.000154788
0.00186101
0.0376328
0.00620781
-0.000379805
-0.00142756
-0.00157128
-0.000665649
0.00194637
0.00820082
-0.00745028
-0.000710309
0.00309312
0.0209486
-0.0246581
-0.0163301
-0.00775909
-0.00456235
-0.00456235

0.00114773
-0.00114773
-0.0011306
0.000445864
0.00613272
0.0610126
0.0102227
0.000320642
-0.00132618
-0.00158281
-0.000828521
0.000891909
0.00479003
-0.00493911
0.000145448
0.00805286
0.0345783
-0.0399243
-0.0209761
-0.00854557
-0.00462863
-0.00462863

0.00114491
-0.00114491
-0.00133504
0.00100696
0.00818807
0.0566841
0.0113331
0.000810138
-0.0012208
-0.00159367
-0.00099245
7.22379e-05
0.00250903
-0.00362829
0.00112505
0.0145429
0.0552733
-0.0614459
-0.0267339
-0.00935764
-0.0046926
-0.0046926

0.00113979
-0.00113979
-0.00170856
0.00153196
0.00881589
0.0463797
0.011039
0.00110418
-0.00109198
-0.00160288
-0.00114492
-0.000542994
0.000987281
-0.00269793
0.00249595
0.0236666
0.0857179
-0.0918481
-0.0336086
-0.0100943
-0.00475134
-0.00475134

0.00113169
-0.00113169
-0.00122546
0.00144922
0.00873741
0.0373644
0.010258
0.0012639
-0.00100113
-0.00157073
-0.00125515
-0.000865861
7.43167e-05
-0.0019245
0.00448828
0.0313802
0.127825
-0.132998
-0.0414124
-0.0107235
-0.00483936
-0.00483936

0.00111441
-0.00111441
-0.000893272
0.00138542
0.00842631
0.0308677
0.00943312
0.00132484
-0.000967828
-0.00157694
-0.00139752
-0.00112771
-0.000627596
-0.00141088
0.0056635
0.0377246
0.178003
-0.180346
-0.0487591
-0.0110229
-0.00488009
-0.00488009

0
-0.00111441
-0.000893272
0.00138542
0.00842631
0.0308677
0.00943312
0.00132484
-0.000967828
-0.00157694
-0.00139752
-0.00112771
-0.000627596
-0.00141088
0.0056635
0.0377246
0.178003
-0.180346
-0.0487591
-0.0110229
-0.00488009
0


0
0.00120214
0.00127883
0.0030298
0.0162821
0.283345
0.00433081
0.00320146
0.00203149
0.0014582
-0.000364719
-0.00672902
-0.027866
0.013912
0.0087827
0.00689549
0.00611556
0.00582035
0.00562492
0.00491619
0.00429659
0

0.00120214
-0.00120214
-0.00127883
-0.0030298
-0.0162821
-0.283345
-0.00433081
-0.00320146
-0.00203149
-0.0014582
0.000364719
0.00672902
0.027866
-0.013912
-0.0087827
-0.00689549
-0.00611556
-0.00582035
-0.00562492
-0.00491619
-0.00429659
-0.00429659

0.00120305
-0.00120305
-0.00125471
-0.00296137
-0.0109485
-0.108999
-0.00781965
-0.00331982
-0.00201874
-0.00146745
0.000359482
0.00669847
0.0242731
-0.0151761
-0.00895709
-0.00708405
-0.00528842
-0.00590984
-0.00576675
-0.00498611
-0.00431217
-0.00431217

0.00120488
-0.00120488
-0.00129181
-0.00285267
-0.00916453
-0.0511912
-0.00831861
-0.00322134
-0.00199438
-0.00147181
0.000361964
0.00678192
0.0233371
-0.0171513
-0.00917897
-0.00757458
-0.0037702
-0.0061038
-0.00599304
-0.00508115
-0.00433311
-0.00433311

0.00120212
-0.00120212
-0.00129837
-0.00258447
-0.00865458
-0.0351049
-0.00851526
-0.00305405
-0.00194968
-0.00147879
0.00033364
0.00691234
0.0253555
-0.0192574
-0.00921804
-0.00832353
-0.00244167
-0.00656887
-0.00651417
-0.00528779
-0.00436853
-0.00436853

0.00119599
-0.00119599
-0.00126779
-0.00211347
-0.00857595
-0.0333234
-0.00855633
-0.00285638
-0.00189944
-0.0014892
0.000261578
0.00686382
0.0283129
-0.021304
-0.0088556
-0.00878954
-0.00137198
-0.00738195
-0.00721155
-0.00554309
-0.00441032
-0.00441032

0.00118754
-0.00118754
-0.00122121
-0.00177386
-0.00838036
-0.0359338
-0.00821081
-0.00258505
-0.00183289
-0.00149782
0.000132525
0.00631712
0.0260183
-0.0197516
-0.00780136
-0.00687703
0.000166222
-0.00867864
-0.0082121
-0.00588658
-0.00446316
-0.00446316

0.00117744
-0.00117744
-0.00117394
-0.0014909
-0.00761311
-0.0383214
-0.00710566
-0.0022006
-0.00174713
-0.00151036
-5.02626e-05
0.0053425
0.0208535
-0.0161722
-0.00624043
-0.00439937
0.00249636
-0.0106623
-0.00954864
-0.00631427
-0.00452288
-0.00452288

0.00116873
-0.00116873
-0.00112569
-0.00115081
-0.00581408
-0.0349769
-0.00475795
-0.00168323
-0.00163382
-0.00152344
-0.000258407
0.00416569
0.0153177
-0.0123224
-0.00438235
-0.00197605
0.005933
-0.0135866
-0.011276
-0.00682142
-0.0045903
-0.0045903

0.0011603
-0.0011603
-0.001084
-0.000693346
-0.002653
-0.0182756
-0.000873849
-0.00104181
-0.00151756
-0.00153661
-0.000471535
0.00297631
0.0105673
-0.00902387
-0.00260064
0.000864353
0.0109998
-0.0179245
-0.0136463
-0.00742037
-0.00466124
-0.00466124

0.00115225
-0.00115225
-0.00105763
-0.000147791
0.00140051
0.0142958
0.00388243
-0.000353265
-0.00140367
-0.00155211
-0.000677027
0.00188532
0.00688299
-0.00647343
-0.0011806
0.00451022
0.0186811
-0.0247997
-0.0167303
-0.00814705
-0.00473476
-0.00473476

0.00114596
-0.00114596
-0.00106563
0.000395528
0.00469957
0.0316494
0.00722271
0.000266372
-0.00129305
-0.00156724
-0.000865755
0.000948955
0.00417436
-0.00460549
7.82215e-05
0.00908657
0.0296485
-0.0360145
-0.0208124
-0.0089549
-0.00481087
-0.00481087

0.00113894
-0.00113894
-0.00112557
0.000875515
0.00670458
0.0353405
0.00884543
0.000736372
-0.00118731
-0.00158164
-0.00104185
0.000186263
0.00225042
-0.00336945
0.00135063
0.0146586
0.0451114
-0.0516721
-0.0257586
-0.00979771
-0.00488693
-0.00488693

0.0011463
-0.0011463
-0.00120053
0.00121469
0.00761591
0.0328468
0.00928562
0.00105488
-0.00106443
-0.00154397
-0.00112634
-0.000309281
0.00101347
-0.00241379
0.0028019
0.0213076
0.0660548
-0.0723773
-0.0315431
-0.0106793
-0.00500006
-0.00500006

0.00113181
-0.00113181
-0.00102836
0.00134468
0.0078825
0.0287664
0.00910815
0.0012278
-0.00100321
-0.00156094
-0.00128158
-0.000738308
4.86452e-05
-0.00177082
0.00421993
0.0273652
0.0916055
-0.0972578
-0.0373289
-0.0113136
-0.00505217
-0.00505217

0.00111377
-0.00111377
-0.000854048
0.00139871
0.00787142
0.024952
0.00875017
0.00132871
-0.000962486
-0.00157582
-0.00140601
-0.00105117
-0.000621232
-0.0012993
0.00530103
0.0324473
0.118868
-0.123053
-0.0426215
-0.0118141
-0.00509154
-0.00509154

0
-0.00111377
-0.000854048
0.00139871
0.00787142
0.024952
0.00875017
0.00132871
-0.000962486
-0.00157582
-0.00140601
-0.00105117
-0.000621232
-0.0012993
0.00530103
0.0324473
0.118868
-0.123053
-0.0426215
-0.0118141
-0.00509154
0


0
0.00120207
0.00123925
0.001886
-0.00636393
-0.257415
0.00545135
0.00265197
0.00196199
0.00147182
-0.000278283
-0.00589388
-0.0192266
0.0110584
0.00825848
0.00658045
0.00524108
0.00586146
0.00579351
0.00507016
0.00442537
0

0.00120207
-0.00120207
-0.00123925
-0.001886
0.00636393
0.257415
-0.00545135
-0.00265197
-0.00196199
-0.00147182
0.000278283
0.00589388
0.0192266
-0.0110584
-0.00825848
-0.00658045
-0.00524108
-0.00586146
-0.00579351
-0.00507016
-0.00442537
-0.00442537

0.00120611
-0.00120611
-0.00124309
-0.00196436
0.000543997
0.0991867
-0.00232093
-0.00260387
-0.00195428
-0.00147203
0.000273839
0.00586901
0.018141
-0.0116932
-0.00832261
-0.00668113
-0.00481747
-0.00595484
-0.00586653
-0.00510363
-0.00443365
-0.00443365

0.00120758
-0.00120758
-0.00125467
-0.0019997
-0.0023315
0.0249864
-0.00329868
-0.00256397
-0.00193099
-0.00147535
0.000253034
0.00584969
0.0176696
-0.0127095
-0.00835729
-0.00676957
-0.00386205
-0.00623075
-0.006214
-0.00523942
-0.00445673
-0.00445673

0.0012056
-0.0012056
-0.00125602
-0.00193248
-0.00399504
-0.00173007
-0.0044496
-0.00250521
-0.00189999
-0.00148454
0.000205286
0.00579857
0.0181248
-0.0137248
-0.00823169
-0.00683147
-0.00293224
-0.00665082
-0.00666151
-0.00542296
-0.00448836
-0.00448836

0.0012016
-0.0012016
-0.0012365
-0.00176183
-0.00496241
-0.0130051
-0.00516938
-0.00239591
-0.0018562
-0.00149593
0.000122004
0.0055951
0.0185495
-0.0143021
-0.00780147
-0.0065247
-0.0017936
-0.00746064
-0.00734889
-0.0056836
-0.00453064
-0.00453064

0.00119481
-0.00119481
-0.0012015
-0.00156359
-0.00532154
-0.0186152
-0.00526649
-0.00219947
-0.00179619
-0.00150907
-6.77232e-06
0.0051062
0.0171393
-0.0134848
-0.00695414
-0.00524011
-0.000294522
-0.00865904
-0.00830219
-0.00602402
-0.00458438
-0.00458438

0.00118537
-0.00118537
-0.00116347
-0.00132839
-0.00493333
-0.0204782
-0.00457647
-0.00189351
-0.00171955
-0.00152585
-0.000176849
0.00434386
0.0142968
-0.0116238
-0.00574339
-0.00337599
0.00184692
-0.0104558
-0.00956608
-0.00644428
-0.0046453
-0.0046453

0.00117738
-0.00117738
-0.0011171
-0.00102384
-0.00365333
-0.0173859
-0.00292067
-0.00147047
-0.00162537
-0.00154285
-0.000369771
0.00342621
0.0109867
-0.00940407
-0.00431791
-0.00118553
0.00488042
-0.0130817
-0.0112057
-0.00694222
-0.00471372
-0.00471372

0.0011684
-0.0011684
-0.00107078
-0.000624767
-0.00145857
-0.00760235
-0.000303222
-0.000942638
-0.00151894
-0.0015591
-0.000572026
0.00247054
0.00788085
-0.00730524
-0.00283913
0.00148166
0.00921134
-0.0169364
-0.0134223
-0.00754744
-0.00478816
-0.00478816

0.00115876
-0.00115876
-0.00103383
-0.000163531
0.00124405
0.00724336
0.0027486
-0.000377241
-0.00141096
-0.00157668
-0.000772243
0.00156491
0.00527492
-0.00554209
-0.00146233
0.00471519
0.0153788
-0.0226383
-0.0161873
-0.00825242
-0.00486586
-0.00486586

0.00115002
-0.00115002
-0.00100707
0.00029636
0.00366207
0.0178435
0.00524674
0.000148582
-0.00130568
-0.00159367
-0.0009605
0.000760381
0.00323468
-0.00416471
-0.000150106
0.00864025
0.0237482
-0.0308783
-0.0196438
-0.00903112
-0.00494831
-0.00494831

0.00116196
-0.00116196
-0.00102699
0.000661843
0.00531971
0.0223387
0.00676915
0.000563149
-0.00118714
-0.00155633
-0.00105128
0.000183205
0.00182779
-0.00307938
0.00118499
0.0132176
0.0348598
-0.041896
-0.0237678
-0.0098826
-0.00506515
-0.00506515

0.00114947
-0.00114947
-0.00100259
0.00096901
0.00629516
0.0228553
0.00748993
0.000853621
-0.00111429
-0.00158396
-0.00122381
-0.000364525
0.000668817
-0.00233614
0.0024203
0.0179857
0.0484087
-0.0552608
-0.0280154
-0.0105907
-0.00512105
-0.00512105

0.00113385
-0.00113385
-0.000912754
0.00115957
0.00678773
0.0215803
0.00772366
0.00105968
-0.00105013
-0.00160041
-0.00136046
-0.000785825
-0.000135189
-0.00177893
0.00359332
0.0226328
0.0641437
-0.0704508
-0.0324274
-0.0112717
-0.00517842
-0.00517842

0.00111906
-0.00111906
-0.000820293
0.00127065
0.00699453
0.0198109
0.00770281
0.00118793
-0.00100569
-0.00161091
-0.00146527
-0.00109311
-0.000710503
-0.00136543
0.00451678
0.0265113
0.0795848
-0.085091
-0.0362794
-0.0118148
-0.00522645
-0.00522645

0
-0.00111906
-0.000820293
0.00127065
0.00699453
0.0198109
0.00770281
0.00118793
-0.00100569
-0.00161091
-0.00146527
-0.00109311
-0.000710503
-0.00136543
0.00451678
0.0265113
0.0795848
-0.085091
-0.0362794
-0.0118148
-0.00522645
0


0
0.00121016
0.00118711
0.00101996
-0.00864277
-0.140843
-0.00249325
0.00188797
0.00189648
0.00152576
-5.71022e-05
-0.00480851
-0.0134652
0.00888614
0.00763177
0.00624835
0.0049166
0.00582782
0.00575084
0.00510887
0.00452166
0

0.00121016
-0.00121016
-0.00118711
-0.00101996
0.00864277
0.140843
0.00249325
-0.00188797
-0.00189648
-0.00152576
5.71022e-05
0.00480851
0.0134652
-0.00888614
-0.00763177
-0.00624835
-0.0049166
-0.00582782
-0.00575084
-0.00510887
-0.00452166
-0.00452166

0.00121432
-0.00121432
-0.00119643
-0.00113337
0.00532495
0.0812444
0.00210051
-0.00189791
-0.00188986
-0.00152596
4.57374e-05
0.00477444
0.0130909
-0.00920843
-0.00763531
-0.00620887
-0.00457399
-0.00594741
-0.0059298
-0.0051742
-0.004531
-0.004531

0.00121557
-0.00121557
-0.00120652
-0.0012565
0.00219456
0.038907
0.000584799
-0.00192947
-0.0018752
-0.0015325
1.3335e-05
0.00470411
0.0127944
-0.00970918
-0.00757416
-0.00611662
-0.00397842
-0.00620622
-0.00621431
-0.00529742
-0.00455178
-0.00455178

0.00121537
-0.00121537
-0.00120923
-0.00132683
-0.00018718
0.014453
-0.00100851
-0.00195232
-0.00185442
-0.00154313
-4.23069e-05
0.00457183
0.0126987
-0.0101573
-0.00737841
-0.00589375
-0.0031955
-0.00662043
-0.00664684
-0.00547462
-0.00458218
-0.00458218

0.0012125
-0.0012125
-0.00120026
-0.00132211
-0.00176871
0.000909086
-0.00218015
-0.0019261
-0.00182143
-0.00155539
-0.000128356
0.0043216
0.0124096
-0.0102727
-0.00695508
-0.00537929
-0.00218603
-0.00732756
-0.00727765
-0.0057204
-0.00462387
-0.00462387

0.00120735
-0.00120735
-0.00117799
-0.00124977
-0.00260455
-0.00621354
-0.00271178
-0.00181774
-0.00177488
-0.00156984
-0.000248928
0.003891
0.0113628
-0.00975113
-0.00626441
-0.00431526
-0.00082487
-0.00838961
-0.00814064
-0.00603824
-0.00467561
-0.00467561

0.0011998
-0.0011998
-0.00114831
-0.00110284
-0.00266863
-0.00889997
-0.0024974
-0.00160582
-0.00171205
-0.00158733
-0.000401954
0.00328289
0.00961528
-0.00868955
-0.00530092
-0.00281761
0.00103275
-0.00993851
-0.0092855
-0.00643303
-0.00473567
-0.00473567

0.00119247
-0.00119247
-0.00110909
-0.000876524
-0.00195745
-0.007579
-0.00150641
-0.00129005
-0.00163542
-0.00160512
-0.000574008
0.00255974
0.007555
-0.00736511
-0.00418121
-0.000918586
0.00354393
-0.0121406
-0.0107565
-0.00689676
-0.00480237
-0.00480237

0.00118343
-0.00118343
-0.00106417
-0.000564985
-0.000560475
-0.00244339
0.000162898
-0.000882979
-0.00154474
-0.00162264
-0.000757351
0.0017951
0.00552318
-0.00603019
-0.00295492
0.00139819
0.00706474
-0.015315
-0.0126922
-0.00746565
-0.00487585
-0.00487585

0.00117328
-0.00117328
-0.00102233
-0.000199379
0.00120822
0.004934
0.00214128
-0.000438827
-0.00144993
-0.00164073
-0.000941065
0.00105744
0.00371822
-0.00482932
-0.00173181
0.00412569
0.0117915
-0.0197161
-0.0150377
-0.00811039
-0.00495403
-0.00495403

0.001188
-0.001188
-0.00101808
0.000118228
0.00284279
0.0110389
0.00385247
-4.06449e-05
-0.00134502
-0.00160951
-0.00103698
0.000481952
0.00234081
-0.00377804
-0.000528835
0.0072823
0.0179182
-0.0256764
-0.0178289
-0.0088071
-0.00505623
-0.00505623

0.00117325
-0.00117325
-0.000976149
0.000458639
0.00418513
0.0146341
0.00513382
0.000316793
-0.00126694
-0.00164069
-0.00121967
-0.000100702
0.00112368
-0.00299544
0.000604829
0.0107153
0.0254297
-0.0330443
-0.0208867
-0.00948609
-0.00511604
-0.00511604

0.00116125
-0.00116125
-0.000934521
0.000727256
0.00509997
0.0159746
0.00590813
0.00059711
-0.00119272
-0.00165682
-0.00136147
-0.000576313
0.000233442
-0.00238864
0.001692
0.0143903
0.0345091
-0.0418251
-0.0242709
-0.0101835
-0.00518261
-0.00518261

0.0011488
-0.0011488
-0.000876455
0.000916983
0.00562978
0.0159922
0.00629673
0.000794351
-0.00113646
-0.00167027
-0.00148069
-0.000943877
-0.000437637
-0.00191886
0.00265611
0.0178759
0.044189
-0.051121
-0.0275317
-0.0107954
-0.00524069
-0.00524069

0.00113637
-0.00113637
-0.000820611
0.00104375
0.00592061
0.0154643
0.0064659
0.000925773
-0.00109601
-0.00168024
-0.00157291
-0.00121833
-0.000929008
-0.00156604
0.00342205
0.0207414
0.0531341
-0.0596268
-0.0302697
-0.0112805
-0.00528851
-0.00528851

0
-0.00113637
-0.000820611
0.00104375
0.00592061
0.0154643
0.0064659
0.000925773
-0.00109601
-0.00168024
-0.00157291
-0.00121833
-0.000929008
-0.00156604
0.00342205
0.0207414
0.0531341
-0.0596268
-0.0302697
-0.0112805
-0.00528851
0


0
0.0012265
0.00113728
0.000425258
-0.00918678
-0.0859336
-0.00570266
0.00127328
0.00184749
0.00162644
0.000276571
-0.00361887
-0.0093418
0.00736181
0.00705627
0.00585363
0.00470783
0.00572763
0.00574676
0.00512774
0.00459686
0

0.0012265
-0.0012265
-0.00113728
-0.000425258
0.00918678
0.0859336
0.00570266
-0.00127328
-0.00184749
-0.00162644
-0.000276571
0.00361887
0.0093418
-0.00736181
-0.00705627
-0.00585363
-0.00470783
-0.00572763
-0.00574676
-0.00512774
-0.00459686
-0.00459686

0.00123009
-0.00123009
-0.00114838
-0.00053689
0.00718323
0.0618678
0.0047499
-0.00131949
-0.00184511
-0.00162957
-0.000292188
0.00357949
0.00916431
-0.00752554
-0.00702013
-0.00579449
-0.00444051
-0.00584587
-0.00587683
-0.00518776
-0.00460558
-0.00460558

0.00123225
-0.00123225
-0.00115922
-0.000698343
0.00463931
0.0379482
0.00311579
-0.00140324
-0.00183885
-0.00163646
-0.000326395
0.00349051
0.00890783
-0.00774654
-0.00691416
-0.00563111
-0.00402194
-0.00606389
-0.00611716
-0.00529154
-0.00462374
-0.00462374

0.00123272
-0.00123272
-0.00116741
-0.000846002
0.00230459
0.020231
0.00140695
-0.00148861
-0.00182891
-0.00164625
-0.000382531
0.00333561
0.00861905
-0.0079055
-0.00669406
-0.00531454
-0.00341309
-0.00643121
-0.0064863
-0.0054464
-0.00465107
-0.00465107

0.00123138
-0.00123138
-0.0011666
-0.00094156
0.000535746
0.00844934
2.37466e-05
-0.00153388
-0.00180952
-0.00165884
-0.000463777
0.00308019
0.00817371
-0.00787305
-0.0063115
-0.00477785
-0.00257692
-0.00703965
-0.00703542
-0.0056647
-0.00468972
-0.00468972

0.00122786
-0.00122786
-0.00115613
-0.000964071
-0.000580575
0.00145158
-0.000795079
-0.00150503
-0.00177793
-0.00167364
-0.000572007
0.00270272
0.00738539
-0.00752691
-0.00575247
-0.00385922
-0.00145697
-0.00793802
-0.00778108
-0.00594544
-0.00473785
-0.00473785

0.00122185
-0.00122185
-0.0011378
-0.000903462
-0.0010008
-0.00179097
-0.000957836
-0.00138209
-0.00173049
-0.00169093
-0.000705827
0.00220935
0.00624737
-0.00689121
-0.00498488
-0.00264864
5.84513e-05
-0.00921152
-0.00875619
-0.00629196
-0.00479339
-0.00479339

0.00121581
-0.00121581
-0.0011085
-0.000761483
-0.000749106
-0.00197061
-0.00049333
-0.00116653
-0.00167012
-0.00170798
-0.000855907
0.00164127
0.00491057
-0.00607263
-0.00409846
-0.0010841
0.00206629
-0.0109657
-0.010007
-0.00670017
-0.00485546
-0.00485546

0.00120764
-0.00120764
-0.00106994
-0.000540622
5.90371e-05
0.000306207
0.000477126
-0.000874162
-0.00159747
-0.00172511
-0.00101671
0.00104192
0.00354582
-0.00520326
-0.00310199
0.000801791
0.00483287
-0.0134492
-0.0116086
-0.00720185
-0.004924
-0.004924

0.00122269
-0.00122269
-0.00106873
-0.000328151
0.00108397
0.00388164
0.0016288
-0.000585874
-0.00151814
-0.00170314
-0.0011099
0.000538402
0.00237228
-0.00434224
-0.00211283
0.00286039
0.00821038
-0.0166766
-0.0133832
-0.00769999
-0.00500173
-0.00500173

0.00120868
-0.00120868
-0.00102187
-2.96402e-05
0.00226082
0.0074559
0.00286449
-0.000245622
-0.00144062
-0.00172868
-0.00127946
-6.52069e-06
0.00125728
-0.00362118
-0.00112117
0.00532451
0.0126669
-0.0208689
-0.015581
-0.00830775
-0.00506274
-0.00506274

0.00119996
-0.00119996
-0.000980597
0.000232596
0.00324819
0.00995335
0.00383639
4.35524e-05
-0.00137157
-0.00174632
-0.00142023
-0.000484981
0.000374935
-0.00303676
-0.000174968
0.00805121
0.017916
-0.0259009
-0.0180171
-0.00890637
-0.00512532
-0.00512532

0.00118886
-0.00118886
-0.000939219
0.000455525
0.00397694
0.0113142
0.00451755
0.000278938
-0.00131142
-0.00176137
-0.0015438
-0.000878644
-0.00032277
-0.00256095
0.000727134
0.0108155
0.0237643
-0.0315299
-0.020518
-0.00948369
-0.00518618
-0.00518618

0.00117708
-0.00117708
-0.000897115
0.000624031
0.00446731
0.011814
0.00493601
0.000453676
-0.00126313
-0.00177315
-0.0016458
-0.00119205
-0.000847503
-0.00218736
0.00152197
0.0133386
0.0297644
-0.037278
-0.0228603
-0.00999525
-0.0052398
-0.0052398

0.00116628
-0.00116628
-0.000859979
0.000741339
0.00477719
0.0118524
0.00517086
0.000572689
-0.00122861
-0.00178232
-0.00172467
-0.00142713
-0.00123771
-0.00190417
0.00213729
0.015364
0.0350845
-0.0423442
-0.0247754
-0.0103943
-0.00528213
-0.00528213

0
-0.00116628
-0.000859979
0.000741339
0.00477719
0.0118524
0.00517086
0.000572689
-0.00122861
-0.00178232
-0.00172467
-0.00142713
-0.00123771
-0.00190417
0.00213729
0.015364
0.0350845
-0.0423442
-0.0247754
-0.0103943
-0.00528213
0


0
0.00125057
0.00110389
7.2291e-05
-0.0090814
-0.0595442
-0.00696006
0.000856425
0.00182863
0.00177108
0.000696947
-0.00241264
-0.0061942
0.00633905
0.0065139
0.00555071
0.0045305
0.00559954
0.00563026
0.00510624
0.00465438
0

0.00125057
-0.00125057
-0.00110389
-7.2291e-05
0.0090814
0.0595442
0.00696006
-0.000856425
-0.00182863
-0.00177108
-0.000696947
0.00241264
0.0061942
-0.00633905
-0.0065139
-0.00555071
-0.0045305
-0.00559954
-0.00563026
-0.00510624
-0.00465438
-0.00465438

0.00125437
-0.00125437
-0.00111392
-0.000183907
0.00773021
0.0483105
0.00604512
-0.000921048
-0.00183143
-0.001775
-0.000711145
0.00236609
0.00604791
-0.00641344
-0.00646968
-0.00545133
-0.00440331
-0.00566956
-0.00572664
-0.00514703
-0.00466058
-0.00466058

0.0012567
-0.0012567
-0.00112794
-0.000358751
0.00573119
0.0339895
0.00449479
-0.00104006
-0.00183562
-0.00178218
-0.000742484
0.00226111
0.00583977
-0.00652314
-0.00636082
-0.00527679
-0.00409828
-0.00585513
-0.00591746
-0.00523041
-0.00467526
-0.00467526

0.00125808
-0.00125808
-0.0011412
-0.000537153
0.00364376
0.0214367
0.0028387
-0.00116689
-0.00183531
-0.00179186
-0.0007943
0.00209642
0.00556958
-0.00659191
-0.00616358
-0.00496901
-0.00364143
-0.00617071
-0.00622795
-0.00536011
-0.00469993
-0.00469993

0.00125764
-0.00125764
-0.00115045
-0.000682681
0.00189967
0.011969
0.00142754
-0.00126213
-0.00182637
-0.00180356
-0.00086716
0.0018594
0.0051763
-0.00653656
-0.00585218
-0.00451718
-0.00300584
-0.00664824
-0.00666297
-0.00553491
-0.00473293
-0.00473293

0.00125608
-0.00125608
-0.00115134
-0.000768346
0.000694173
0.00562498
0.000456984
-0.00129502
-0.00180826
-0.00181676
-0.00096109
0.00154595
0.00457958
-0.00629675
-0.00542076
-0.00375889
-0.00210944
-0.00735231
-0.0072551
-0.00576061
-0.00477417
-0.00477417

0.00125261
-0.00125261
-0.00114215
-0.000776295
7.59494e-05
0.00208245
1.00252e-05
-0.00124868
-0.00177638
-0.00183187
-0.00107472
0.00115633
0.00377914
-0.00588426
-0.00481582
-0.00281582
-0.000920281
-0.00835126
-0.00804217
-0.00604411
-0.00482197
-0.00482197

0.00124785
-0.00124785
-0.00112439
-0.000704666
3.96917e-06
0.000915542
7.19213e-05
-0.00112431
-0.00173305
-0.00184659
-0.0012001
0.000715966
0.00285733
-0.00534253
-0.00412571
-0.00162401
0.000606489
-0.00970197
-0.00905138
-0.00638117
-0.00487572
-0.00487572

0.00126263
-0.00126263
-0.00113174
-0.000617326
0.000281242
0.00150351
0.000472574
-0.000978518
-0.00168503
-0.0018341
-0.00128115
0.000314464
0.00197842
-0.00473499
-0.00342255
-0.000352993
0.00249502
-0.0114855
-0.0100983
-0.0067027
-0.00492836
-0.00492836

0.00125535
-0.00125535
-0.00109609
-0.000421342
0.000952956
0.00333587
0.00125197
-0.000729095
-0.0016205
-0.00184977
-0.00141892
-0.00013899
0.00106419
-0.00415624
-0.00262873
0.00140987
0.00522109
-0.0139124
-0.0116623
-0.00718957
-0.00498045
-0.00498045

0.00124766
-0.00124766
-0.00106128
-0.000216997
0.0017025
0.00534226
0.0020482
-0.000490559
-0.00156442
-0.00186861
-0.00154886
-0.000572992
0.000273308
-0.00365815
-0.00185009
0.00332049
0.00824611
-0.0167702
-0.0133185
-0.00765044
-0.00503248
-0.00503248

0.00123874
-0.00123874
-0.00102705
-1.79768e-05
0.00239559
0.00700172
0.00275625
-0.000268567
-0.00150965
-0.00188332
-0.0016654
-0.000949363
-0.000392538
-0.00321798
-0.00107322
0.00532771
0.0117754
-0.0201401
-0.0151002
-0.00812841
-0.00508692
-0.00508692

0.00122922
-0.00122922
-0.000993967
0.000152531
0.00295704
0.00806035
0.00328784
-8.5898e-05
-0.00146297
-0.00189607
-0.00176768
-0.0012669
-0.000919024
-0.00285709
-0.000359382
0.00727178
0.0156087
-0.0238032
-0.01688
-0.00858001
-0.00513647
-0.00513647

0.00121947
-0.00121947
-0.000961226
0.000287617
0.00336222
0.00861879
0.00365009
5.48375e-05
-0.00142527
-0.00190671
-0.00185316
-0.00151688
-0.0013312
-0.00256393
0.00024823
0.00905089
0.0193901
-0.0274035
-0.0185255
-0.00897826
-0.00518082
-0.00518082

0.00121014
-0.00121014
-0.000933541
0.000384687
0.0036273
0.00887263
0.003882
0.000153636
-0.00139817
-0.00191466
-0.00191785
-0.00170453
-0.00163629
-0.00234438
0.000713108
0.0104691
0.02261
-0.0304565
-0.0198439
-0.00928462
-0.0052159
-0.0052159

0
-0.00121014
-0.000933541
0.000384687
0.0036273
0.00887263
0.003882
0.000153636
-0.00139817
-0.00191466
-0.00191785
-0.00170453
-0.00163629
-0.00234438
0.000713108
0.0104691
0.02261
-0.0304565
-0.0198439
-0.00928462
-0.0052159
0


0
0.00128478
0.00109585
-5.78136e-05
-0.00868907
-0.0480875
-0.00734909
0.000642923
0.00185844
0.00195733
0.0011789
-0.00118424
-0.00377736
0.00574955
0.00605758
0.00526962
0.0045431
0.00538143
0.00541754
0.00502528
0.00469311
0

0.00128478
-0.00128478
-0.00109585
5.78136e-05
0.00868907
0.0480875
0.00734909
-0.000642923
-0.00185844
-0.00195733
-0.0011789
0.00118424
0.00377736
-0.00574955
-0.00605758
-0.00526962
-0.0045431
-0.00538143
-0.00541754
-0.00502528
-0.00469311
-0.00469311

0.00128833
-0.00128833
-0.00110763
-4.42399e-05
0.00764131
0.0411135
0.00648703
-0.000720654
-0.0018666
-0.00196197
-0.001192
0.00112041
0.00370476
-0.00582262
-0.00601759
-0.00520406
-0.00442911
-0.00544374
-0.00549086
-0.00505717
-0.00469788
-0.00469788

0.0012906
-0.0012906
-0.00112522
-0.000210929
0.00595023
0.0310556
0.00506719
-0.000854308
-0.0018743
-0.00196766
-0.00122195
0.00101855
0.00356208
-0.00590093
-0.00593119
-0.0050676
-0.00421791
-0.00558791
-0.00563445
-0.00511908
-0.00470984
-0.00470984

0.00129231
-0.00129231
-0.00114213
-0.000399642
0.00410737
0.0212334
0.00351028
-0.00100113
-0.00187888
-0.00197528
-0.00126911
0.00087675
0.00332275
-0.00592912
-0.00577768
-0.00483773
-0.00388713
-0.00582287
-0.00585976
-0.00521383
-0.00472974
-0.00472974

0.00129322
-0.00129322
-0.00115647
-0.000569767
0.00250011
0.0130898
0.00209298
-0.00112943
-0.00188018
-0.00198512
-0.00133225
0.000685305
0.00297153
-0.00586948
-0.00554831
-0.00445154
-0.00342797
-0.00617001
-0.00617338
-0.00533956
-0.00475606
-0.00475606

0.00129406
-0.00129406
-0.00116575
-0.000691991
0.00129301
0.00719752
0.00100834
-0.00121517
-0.00187444
-0.00199486
-0.00140649
0.000439549
0.00250363
-0.00569781
-0.00522137
-0.00394982
-0.00281669
-0.00668687
-0.00658152
-0.00549391
-0.00478749
-0.00478749

0.00129281
-0.00129281
-0.00116677
-0.000740669
0.000550726
0.00364907
0.000392212
-0.00122823
-0.00185532
-0.00200563
-0.00149528
0.000138114
0.00191411
-0.00540962
-0.00479863
-0.00328514
-0.0019097
-0.00744646
-0.00718934
-0.00570998
-0.00482571
-0.00482571

0.00130664
-0.00130664
-0.0011879
-0.000766796
0.000182608
0.00200125
0.000151605
-0.00121436
-0.00183594
-0.0019992
-0.00155585
-0.000153452
0.00129588
-0.00502798
-0.00437898
-0.00258463
-0.000993653
-0.00833662
-0.00771229
-0.00586662
-0.00485608
-0.00485608

0.00130755
-0.00130755
-0.00117359
-0.000693856
0.000299105
0.00191243
0.000364246
-0.0010899
-0.00179451
-0.00200628
-0.00165515
-0.000497665
0.000596537
-0.00461257
-0.00382926
-0.00141299
0.000710376
-0.00974554
-0.00875436
-0.00620414
-0.00488874
-0.00488874

0.00130295
-0.00130295
-0.00115044
-0.00057515
0.000663725
0.00273071
0.000795692
-0.000935154
-0.00175495
-0.00202175
-0.00176101
-0.000850966
-7.64957e-05
-0.00421436
-0.0032341
-0.000139833
0.0024191
-0.0113473
-0.00982469
-0.00652777
-0.00492682
-0.00492682

0.00129707
-0.00129707
-0.00113076
-0.000438961
0.00113715
0.00386258
0.00129839
-0.00077531
-0.00171541
-0.00203557
-0.00186051
-0.00118281
-0.000663313
-0.00384616
-0.00263912
0.00115026
0.00452185
-0.013339
-0.0109702
-0.00686491
-0.00496428
-0.00496428

0.00129059
-0.00129059
-0.00110563
-0.000301222
0.00160798
0.00492667
0.00178183
-0.000619915
-0.00167768
-0.00204789
-0.00195238
-0.00147356
-0.00116024
-0.00351964
-0.00207698
0.00252575
0.0069434
-0.0156215
-0.0122084
-0.00721258
-0.00500385
-0.00500385

0.00128342
-0.00128342
-0.00107903
-0.00017805
0.00200135
0.005716
0.00217648
-0.00048588
-0.00164397
-0.0020581
-0.00203207
-0.00171511
-0.0015585
-0.00324773
-0.00156497
0.00389946
0.00946415
-0.0180076
-0.0134433
-0.00754051
-0.00504218
-0.00504218

0.00127512
-0.00127512
-0.00105589
-7.99496e-05
0.00229976
0.00617861
0.00245298
-0.000383608
-0.00161707
-0.00206668
-0.00209714
-0.00190593
-0.0018635
-0.00303491
-0.001127
0.00510463
0.0118564
-0.0202817
-0.0145521
-0.00782192
-0.00507533
-0.00507533

0.00126666
-0.00126666
-0.0010373
-1.00537e-05
0.00250156
0.00641783
0.00263033
-0.000313311
-0.00159824
-0.00207316
-0.00214593
-0.00204506
-0.00208957
-0.00287318
-0.00079778
0.00602921
0.0138244
-0.0221459
-0.0154137
-0.0080338
-0.00510084
-0.00510084

0
-0.00126666
-0.0010373
-1.00537e-05
0.00250156
0.00641783
0.00263033
-0.000313311
-0.00159824
-0.00207316
-0.00214593
-0.00204506
-0.00208957
-0.00287318
-0.00079778
0.00602921
0.0138244
-0.0221459
-0.0154137
-0.0080338
-0.00510084
0


0
0.00134646
0.00108362
-0.000154556
-0.00848337
-0.0470619
-0.00747152
0.00041582
0.00177603
0.00209161
0.0016997
4.27831e-05
-0.00213677
0.00515199
0.00499618
0.00416242
0.00357163
0.00403454
0.00399529
0.00371048
0.00348398
0

0.00134646
-0.00128478
-0.00109585
5.78136e-05
0.00868907
0.0480875
0.00734909
-0.000642923
-0.00185844
-0.00195733
-0.0011789
0.00118424
0.00377736
-0.00574955
-0.00605758
-0.00526962
-0.0045431
-0.00538143
-0.00541754
-0.00502528
-0.00469311
-0.00348398

0.00134716
-0.00128833
-0.00110763
-4.42399e-05
0.00764131
0.0411135
0.00648703
-0.000720654
-0.0018666
-0.00196197
-0.001192
0.00112041
0.00370476
-0.00582262
-0.00601759
-0.00520406
-0.00442911
-0.00544374
-0.00549086
-0.00505717
-0.00469788
-0.00348962

0.00134631
-0.0012906
-0.00112522
-0.000210929
0.00595023
0.0310556
0.00506719
-0.000854308
-0.0018743
-0.00196766
-0.00122195
0.00101855
0.00356208
-0.00590093
-0.00593119
-0.0050676
-0.00421791
-0.00558791
-0.00563445
-0.00511908
-0.00470984
-0.00350037

0.00134445
-0.00129231
-0.00114213
-0.000399642
0.00410737
0.0212334
0.00351028
-0.00100113
-0.00187888
-0.00197528
-0.00126911
0.00087675
0.00332275
-0.00592912
-0.00577768
-0.00483773
-0.00388713
-0.00582287
-0.00585976
-0.00521383
-0.00472974
-0.00351617

0.00134076
-0.00129322
-0.00115647
-0.000569767
0.00250011
0.0130898
0.00209298
-0.00112943
-0.00188018
-0.00198512
-0.00133225
0.000685305
0.00297153
-0.00586948
-0.00554831
-0.00445154
-0.00342797
-0.00617001
-0.00617338
-0.00533956
-0.00475606
-0.00353666

0.00134187
-0.00129406
-0.00116575
-0.000691991
0.00129301
0.00719752
0.00100834
-0.00121517
-0.00187444
-0.00199486
-0.00140649
0.000439549
0.00250363
-0.00569781
-0.00522137
-0.00394982
-0.00281669
-0.00668687
-0.00658152
-0.00549391
-0.00478749
-0.00355272

0.00133968
-0.00129281
-0.00116677
-0.000740669
0.000550726
0.00364907
0.000392212
-0.00122823
-0.00185532
-0.00200563
-0.00149528
0.000138114
0.00191411
-0.00540962
-0.00479863
-0.00328514
-0.0019097
-0.00744646
-0.00718934
-0.00570998
-0.00482571
-0.00357526

0.00133366
-0.00130664
-0.0011879
-0.000766796
0.000182608
0.00200125
0.000151605
-0.00121436
-0.00183594
-0.0019992
-0.00155585
-0.000153452
0.00129588
-0.00502798
-0.00437898
-0.00258463
-0.000993653
-0.00833662
-0.00771229
-0.00586662
-0.00485608
-0.00359988

0.00132754
-0.00130755
-0.00117359
-0.000693856
0.000299105
0.00191243
0.000364246
-0.0010899
-0.00179451
-0.00200628
-0.00165515
-0.000497665
0.000596537
-0.00461257
-0.00382926
-0.00141299
0.000710376
-0.00974554
-0.00875436
-0.00620414
-0.00488874
-0.00362582

0.00132084
-0.00130295
-0.00115044
-0.00057515
0.000663725
0.00273071
0.000795692
-0.000935154
-0.00175495
-0.00202175
-0.00176101
-0.000850966
-7.64957e-05
-0.00421436
-0.0032341
-0.000139833
0.0024191
-0.0113473
-0.00982469
-0.00652777
-0.00492682
-0.00365615

0.00131223
-0.00129707
-0.00113076
-0.000438961
0.00113715
0.00386258
0.00129839
-0.00077531
-0.00171541
-0.00203557
-0.00186051
-0.00118281
-0.000663313
-0.00384616
-0.00263912
0.00115026
0.00452185
-0.013339
-0.0109702
-0.00686491
-0.00496428
-0.0036868

0.00130298
-0.00129059
-0.00110563
-0.000301222
0.00160798
0.00492667
0.00178183
-0.000619915
-0.00167768
-0.00204789
-0.00195238
-0.00147356
-0.00116024
-0.00351964
-0.00207698
0.00252575
0.0069434
-0.0156215
-0.0122084
-0.00721258
-0.00500385
-0.00371748

0.00129364
-0.00128342
-0.00107903
-0.00017805
0.00200135
0.005716
0.00217648
-0.00048588
-0.00164397
-0.0020581
-0.00203207
-0.00171511
-0.0015585
-0.00324773
-0.00156497
0.00389946
0.00946415
-0.0180076
-0.0134433
-0.00754051
-0.00504218
-0.00374601

0.00128388
-0.00127512
-0.00105589
-7.99496e-05
0.00229976
0.00617861
0.00245298
-0.000383608
-0.00161707
-0.00206668
-0.00209714
-0.00190593
-0.0018635
-0.00303491
-0.001127
0.00510463
0.0118564
-0.0202817
-0.0145521
-0.00782192
-0.00507533
-0.0037702

0.00127404
-0.00126666
-0.0010373
-1.00537e-05
0.00250156
0.00641783
0.00263033
-0.000313311
-0.00159824
-0.00207316
-0.00214593
-0.00204506
-0.00208957
-0.00287318
-0.00079778
0.00602921
0.0138244
-0.0221459
-0.0154137
-0.0080338
-0.00510084
-0.00378855

0
-0.00127404
-0.00105323
-0.000241607
0.00167157
0.0046838
0.00169416
-0.000590905
-0.00166873
-0.00216725
-0.00234582
-0.0023196
-0.00232741
-0.00296199
-0.00161276
0.00289399
0.00850538
-0.0152445
-0.0102564
-0.0055498
-0.00378855
0


0
0
0
0
0
0
0
0
0
0
0
0
0
0
0
0
0
0
0
0
0
0

0
0
0
0
0
0
0
0
0
0
0
0
0
0
0
0
0
0
0
0
0
0

0
0
0
0
0
0
0
0
0
0
0
0
0
0
0
0
0
0
0
0
0
0

0
0
0
0
0
0
0
0
0
0
0
0
0
0
0
0
0
0
0
0
0
0

0
0
0
0
0
0
0
0
0
0
0
0
0
0
0
0
0
0
0
0
0
0

0
0
0
0
0
0
0
0
0
0
0
0
0
0
0
0
0
0
0
0
0
0

0
0
0
0
0
0
0
0
0
0
0
0
0
0
0
0
0
0
0
0
0
0

0
0
0
0
0
0
0
0
0
0
0
0
0
0
0
0
0
0
0
0
0
0

0
0
0
0
0
0
0
0
0
0
0
0
0
0
0
0
0
0
0
0
0
0

0
0
0
0
0
0
0
0
0
0
0
0
0
0
0
0
0
0
0
0
0
0

0
0
0
0
0
0
0
0
0
0
0
0
0
0
0
0
0
0
0
0
0
0

0
0
0
0
0
0
0
0
0
0
0
0
0
0
0
0
0
0
0
0
0
0

0
0
0
0
0
0
0
0
0
0
0
0
0
0
0
0
0
0
0
0
0
0

0
0
0
0
0
0
0
0
0
0
0
0
0
0
0
0
0
0
0
0
0
0

0
0
0
0
0
0
0
0
0
0
0
0
0
0
0
0
0
0
0
0
0
0

0
0
0
0
0
0
0
0
0
0
0
0
0
0
0
0
0
0
0
0
0
0

0
0
0
0
0
0
0
0
0
0
0
0
0
0
0
0
0
0
0
0
0
0


