0
0
0
0
0
0
0
0
0
0
0
0
0
0
0
0
0
0
0
0
0
0

0
7.66721
7.74407
7.73884
7.39141
7.82223
8.12255
8.40995
8.79923
8.94907
6.4329
11.8103
9.73891
9.76871
10.0252
10.4136
10.5237
10.7415
10.9771
11.1709
11.3307
0

0
7.66922
7.74728
7.75144
7.36849
7.82788
8.12619
8.42212
8.79709
8.90536
7.67442
10.5403
9.71893
9.77719
10.0221
10.2418
10.5152
10.739
10.9763
11.1693
11.3301
0

0
7.67039
7.75264
7.77465
7.31749
7.84402
8.13381
8.43114
8.78371
8.88973
8.29428
10.0137
9.68892
9.78236
10.0206
10.2469
10.5085
10.7394
10.9717
11.1681
11.3188
0

0
7.67106
7.76109
7.82654
7.25588
7.87201
8.14422
8.43697
8.76454
8.89285
8.621
9.74186
9.65485
9.78436
10.0197
10.2502
10.5157
10.7375
10.9661
11.166
11.319
0

0
7.6692
7.76122
7.82129
7.94012
7.91018
8.1554
8.44209
8.73517
8.8134
8.814
9.59037
9.62431
9.78195
10.0205
10.2538
10.5108
10.7365
10.9626
11.1637
11.3182
0

0
7.66612
7.76361
7.83511
7.92987
7.93759
8.16629
8.4382
8.71466
8.83942
8.92082
9.50833
9.59892
9.79704
10.0204
10.2558
10.5062
10.734
10.9587
11.1604
11.3183
0

0
7.66112
7.76683
7.84261
7.92368
7.95846
8.1751
8.43288
8.70198
8.8494
8.99837
9.43618
9.59272
9.7957
10.02
10.2568
10.5021
10.7311
10.9547
11.1578
11.3185
0

0
7.65386
7.77117
7.84655
7.9201
7.97381
8.18148
8.42804
8.68625
8.85642
9.05833
9.38723
9.58145
9.79466
10.0191
10.2569
10.4982
10.7277
10.9504
11.1556
11.319
0

0
7.64399
7.77662
7.84984
7.91231
7.99034
8.18649
8.42063
8.68475
8.84935
9.10655
9.35509
9.5529
9.79313
10.0176
10.2562
10.4939
10.7238
10.9536
11.1538
11.3197
0

0
7.63071
7.78248
7.85504
7.90531
8.00295
8.19055
8.41401
8.68846
8.8454
9.11697
9.33584
9.5405
9.79072
10.017
10.2549
10.4893
10.7193
10.9491
11.1522
11.3204
0

0
7.61414
7.58483
7.86225
7.89795
8.01205
8.19311
8.41005
8.69056
8.83015
9.15675
9.32305
9.51895
9.78841
10.0166
10.2533
10.4839
10.7141
10.9448
11.1506
11.3214
0

0
7.59995
7.58589
7.88493
7.88894
8.0183
8.19519
8.40783
8.70075
8.81618
9.16539
9.32332
9.57492
9.78849
10.0166
10.2516
10.4779
10.7085
10.9406
11.1493
11.3225
0

0
7.58818
7.58661
7.6489
7.87412
8.0229
8.19729
8.40717
8.6409
8.78183
9.02893
9.32158
9.56281
9.78744
10.0164
10.2501
10.4711
10.7023
10.9367
11.1482
11.3237
0

0
7.5783
7.5862
7.67401
7.86525
8.02717
8.20507
8.40557
8.61677
8.79131
9.02295
9.32658
9.56019
9.78762
10.0162
10.2491
10.4634
10.6953
10.9328
11.1472
11.3251
0

0
7.56986
7.58403
7.69941
7.85912
8.03192
8.20826
8.40297
8.60289
8.77418
9.03106
9.3245
9.55702
9.7889
10.0162
10.2488
10.4555
10.688
10.9289
11.1464
11.3266
0

0
0
0
0
0
0
0
0
0
0
0
0
0
0
0
0
0
0
0
0
0
0


0
7.66721
7.74407
7.73884
7.39141
7.82223
8.12255
8.40995
8.79923
8.94907
6.4329
11.8103
9.73891
9.76871
10.0252
10.4136
10.5237
10.7415
10.9771
11.1709
11.3307
0

-7.66721
7.66721
7.74407
7.73884
7.39141
7.82223
8.12255
8.40995
8.79923
8.94907
6.4329
11.8103
9.73891
9.76871
10.0252
10.4136
10.5237
10.7415
10.9771
11.1709
11.3307
11.3307

-7.66922
7.66922
7.74728
7.75144
7.36849
7.82788
8.12619
8.42212
8.79709
8.90536
7.67442
10.5403
9.71893
9.77719
10.0221
10.2418
10.5152
10.739
10.9763
11.1693
11.3301
11.3301

-7.67039
7.67039
7.75264
7.77465
7.31749
7.84402
8.13381
8.43114
8.78371
8.88973
8.29428
10.0137
9.68892
9.78236
10.0206
10.2469
10.5085
10.7394
10.9717
11.1681
11.3188
11.3188

-7.67106
7.67106
7.76109
7.82654
7.25588
7.87201
8.14422
8.43697
8.76454
8.89285
8.621
9.74186
9.65485
9.78436
10.0197
10.2502
10.5157
10.7375
10.9661
11.166
11.319
11.319

-7.6692
7.6692
7.76122
7.82129
7.94012
7.91018
8.1554
8.44209
8.73517
8.8134
8.814
9.59037
9.62431
9.78195
10.0205
10.2538
10.5108
10.7365
10.9626
11.1637
11.3182
11.3182

-7.66612
7.66612
7.76361
7.83511
7.92987
7.93759
8.16629
8.4382
8.71466
8.83942
8.92082
9.50833
9.59892
9.79704
10.0204
10.2558
10.5062
10.734
10.9587
11.1604
11.3183
11.3183

-7.66112
7.66112
7.76683
7.84261
7.92368
7.95846
8.1751
8.43288
8.70198
8.8494
8.99837
9.43618
9.59272
9.7957
10.02
10.2568
10.5021
10.7311
10.9547
11.1578
11.3185
11.3185

-7.65386
7.65386
7.77117
7.84655
7.9201
7.97381
8.18148
8.42804
8.68625
8.85642
9.05833
9.38723
9.58145
9.79466
10.0191
10.2569
10.4982
10.7277
10.9504
11.1556
11.319
11.319

-7.64399
7.64399
7.77662
7.84984
7.91231
7.99034
8.18649
8.42063
8.68475
8.84935
9.10655
9.35509
9.5529
9.79313
10.0176
10.2562
10.4939
10.7238
10.9536
11.1538
11.3197
11.3197

-7.63071
7.63071
7.78248
7.85504
7.90531
8.00295
8.19055
8.41401
8.68846
8.8454
9.11697
9.33584
9.5405
9.79072
10.017
10.2549
10.4893
10.7193
10.9491
11.1522
11.3204
11.3204

-7.61414
7.61414
7.58483
7.86225
7.89795
8.01205
8.19311
8.41005
8.69056
8.83015
9.15675
9.32305
9.51895
9.78841
10.0166
10.2533
10.4839
10.7141
10.9448
11.1506
11.3214
11.3214

-7.59995
7.59995
7.58589
7.88493
7.88894
8.0183
8.19519
8.40783
8.70075
8.81618
9.16539
9.32332
9.57492
9.78849
10.0166
10.2516
10.4779
10.7085
10.9406
11.1493
11.3225
11.3225

-7.58818
7.58818
7.58661
7.6489
7.87412
8.0229
8.19729
8.40717
8.6409
8.78183
9.02893
9.32158
9.56281
9.78744
10.0164
10.2501
10.4711
10.7023
10.9367
11.1482
11.3237
11.3237

-7.5783
7.5783
7.5862
7.67401
7.86525
8.02717
8.20507
8.40557
8.61677
8.79131
9.02295
9.32658
9.56019
9.78762
10.0162
10.2491
10.4634
10.6953
10.9328
11.1472
11.3251
11.3251

-7.56986
7.56986
7.58403
7.69941
7.85912
8.03192
8.20826
8.40297
8.60289
8.77418
9.03106
9.3245
9.55702
9.7889
10.0162
10.2488
10.4555
10.688
10.9289
11.1464
11.3266
11.3266

0
7.56986
7.58403
7.69941
7.85912
8.03192
8.20826
8.40297
8.60289
8.77418
9.03106
9.3245
9.55702
9.7889
10.0162
10.2488
10.4555
10.688
10.9289
11.1464
11.3266
0


0
7.64739
7.68048
7.73004
7.52811
7.84303
8.11843
8.41478
8.78591
8.88242
7.54836
10.6873
9.73573
9.78457
10.0283
10.3332
10.5251
10.7501
10.9833
11.1844
11.3831
0

-7.64739
7.64739
7.68048
7.73004
7.52811
7.84303
8.11843
8.41478
8.78591
8.88242
7.54836
10.6873
9.73573
9.78457
10.0283
10.3332
10.5251
10.7501
10.9833
11.1844
11.3831
11.3831

-7.64978
7.64978
7.70691
7.74142
7.53659
7.86106
8.12498
8.426
8.77571
8.84741
7.91809
10.2556
9.72525
9.79288
10.0274
10.2826
10.5206
10.7486
10.9815
11.1828
11.4192
11.4192

-7.65186
7.65186
7.71966
7.7621
7.57058
7.88033
8.13559
8.43292
8.76183
8.82885
8.36635
9.92057
9.70169
9.79757
10.0268
10.2678
10.5163
10.7467
10.9776
11.1796
11.3671
11.3671

-7.65254
7.65254
7.72761
7.78926
7.71456
7.90304
8.14723
8.43816
8.74123
8.8202
8.65614
9.70001
9.6697
9.79918
10.0269
10.2635
10.5157
10.7448
10.9738
11.1771
11.3489
11.3489

-7.65169
7.65169
7.73116
7.79664
7.83709
7.92828
8.15867
8.43952
8.71437
8.80713
8.83332
9.56404
9.64615
9.79893
10.027
10.2629
10.513
10.7429
10.9705
11.1745
11.341
11.341

-7.64944
7.64944
7.73347
7.80604
7.87649
7.95009
8.16877
8.43408
8.69904
8.81537
8.93361
9.48215
9.62041
9.80243
10.0266
10.2628
10.5096
10.7403
10.9672
11.1716
11.3375
11.3375

-7.6456
7.6456
7.73486
7.81275
7.89034
7.96788
8.17608
8.42914
8.6848
8.82348
9.00953
9.42092
9.60148
9.80211
10.0257
10.2624
10.506
10.7374
10.9637
11.1688
11.3357
11.3357

-7.63976
7.63976
7.73408
7.81581
7.89498
7.98196
8.18145
8.424
8.66934
8.83289
9.06432
9.3787
9.58448
9.80054
10.0248
10.2617
10.5023
10.7343
10.9608
11.1666
11.3349
11.3349

-7.63172
7.63172
7.72823
7.81618
7.89449
7.99454
8.18572
8.41405
8.67415
8.82829
9.09382
9.35159
9.5674
9.79783
10.0229
10.2603
10.4984
10.7312
10.9594
11.1646
11.3347
11.3347

-7.62127
7.62127
7.70717
7.8108
7.89173
8.00421
8.18838
8.40997
8.66955
8.82556
9.11885
9.33072
9.55367
9.79518
10.0218
10.2586
10.494
10.7259
10.9562
11.1628
11.3347
11.3347

-7.60891
7.60891
7.64035
7.81023
7.88728
8.01135
8.19053
8.40529
8.66449
8.82114
9.12897
9.3218
9.54489
9.79236
10.0209
10.2566
10.4891
10.7204
10.9524
11.1611
11.3351
11.3351

-7.59756
7.59756
7.61747
7.79544
7.88088
8.01645
8.19247
8.39584
8.65852
8.81162
9.11885
9.31932
9.55684
9.79016
10.02
10.2545
10.484
10.7145
10.9485
11.1595
11.3357
11.3357

-7.58776
7.58776
7.60634
7.72789
7.87199
8.02028
8.19537
8.40176
8.63024
8.80296
9.06062
9.32129
9.55581
9.7887
10.0193
10.2525
10.4796
10.707
10.9445
11.1582
11.3364
11.3364

-7.57938
7.57938
7.60019
7.73144
7.86494
8.02403
8.19973
8.40189
8.61137
8.79115
9.0412
9.32101
9.55386
9.78825
10.0188
10.2508
10.4773
10.6966
10.9405
11.157
11.3375
11.3375

-7.57222
7.57222
7.59557
7.69971
7.85844
8.02809
8.2033
8.39935
8.59465
8.77715
9.02552
9.32128
9.55424
9.78887
10.0182
10.2492
10.4622
10.6778
10.9364
11.1559
11.3387
11.3387

0
7.57222
7.59557
7.69971
7.85844
8.02809
8.2033
8.39935
8.59465
8.77715
9.02552
9.32128
9.55424
9.78887
10.0182
10.2492
10.4622
10.6778
10.9364
11.1559
11.3387
0


0
7.62901
7.67262
7.72421
7.63468
7.84416
8.11219
8.42097
8.75612
8.83884
8.16584
10.1285
9.71617
9.80088
10.0341
10.3062
10.5275
10.7579
10.99
11.1963
11.396
0

-7.62901
7.62901
7.67262
7.72421
7.63468
7.84416
8.11219
8.42097
8.75612
8.83884
8.16584
10.1285
9.71617
9.80088
10.0341
10.3062
10.5275
10.7579
10.99
11.1963
11.396
11.396

-7.6319
7.6319
7.68441
7.73395
7.64847
7.89375
8.12433
8.4287
8.74213
8.80951
8.32852
9.95716
9.70836
9.80733
10.0345
10.2889
10.524
10.7556
10.9873
11.1935
11.3995
11.3995

-7.63387
7.63387
7.6936
7.74863
7.68232
7.91253
8.13867
8.43281
8.72841
8.79462
8.55246
9.77102
9.68942
9.81051
10.0351
10.2785
10.5211
10.7538
10.9846
11.1911
11.3815
11.3815

-7.63505
7.63505
7.70058
7.76604
7.74716
7.92859
8.15187
8.43446
8.70809
8.79445
8.7488
9.62216
9.65959
9.809
10.0348
10.2733
10.5187
10.7514
10.9815
11.188
11.3681
11.3681

-7.63502
7.63502
7.70462
7.77465
7.81132
7.94598
8.16291
8.43296
8.68582
8.80104
8.88992
9.51614
9.63625
9.80716
10.0341
10.271
10.5161
10.7491
10.9783
11.1853
11.3597
11.3597

-7.6337
7.6337
7.70678
7.78204
7.84785
7.96207
8.17154
8.42693
8.67623
8.80603
8.97756
9.44726
9.61485
9.80626
10.0328
10.2695
10.5132
10.7465
10.9753
11.1824
11.3549
11.3549

-7.63093
7.63093
7.70703
7.78742
7.86662
7.97589
8.17735
8.42241
8.6624
8.8172
9.035
9.40163
9.59583
9.80445
10.0313
10.2681
10.5101
10.7436
10.9723
11.1798
11.352
11.352

-7.62654
7.62654
7.70445
7.78976
7.87566
7.98771
8.18173
8.41474
8.65477
8.83331
9.05818
9.37572
9.58599
9.80223
10.029
10.2664
10.5066
10.7404
10.9694
11.1773
11.3503
11.3503

-7.62045
7.62045
7.69652
7.78971
7.87938
7.99708
8.18456
8.40922
8.6602
8.82089
9.08403
9.35237
9.57116
9.80014
10.0276
10.2645
10.5028
10.7367
10.9668
11.1752
11.3493
11.3493

-7.61268
7.61268
7.67952
7.78605
7.87967
8.00452
8.18655
8.40715
8.64674
8.82981
9.09309
9.33824
9.56006
9.7972
10.026
10.2623
10.4986
10.7321
10.9636
11.1732
11.3488
11.3488

-7.60378
7.60378
7.65023
7.77915
7.87761
8.0101
8.18876
8.40305
8.64213
8.82602
9.09225
9.33004
9.55421
9.79426
10.0246
10.26
10.4939
10.7267
10.96
11.1713
11.3486
11.3486

-7.59517
7.59517
7.63101
7.76446
7.8737
8.01421
8.19087
8.39859
8.63487
8.81824
9.08003
9.32524
9.55435
9.79164
10.0234
10.2576
10.489
10.7208
10.9563
11.1695
11.3488
11.3488

-7.58743
7.58743
7.61868
7.7371
7.86832
8.01762
8.19337
8.39964
8.61467
8.80927
9.06101
9.32006
9.55032
9.7896
10.0225
10.2553
10.4841
10.7135
10.9524
11.168
11.3491
11.3491

-7.58073
7.58073
7.61058
7.72302
7.86301
8.0208
8.19681
8.39783
8.59816
8.80222
9.02585
9.32409
9.55308
9.78877
10.0214
10.2531
10.4786
10.7042
10.9484
11.1666
11.3497
11.3497

-7.575
7.575
7.60444
7.70263
7.85769
8.02449
8.19985
8.39325
8.58515
8.78155
9.01974
9.31685
9.55247
9.7881
10.0199
10.2506
10.4694
10.6919
10.9443
11.1653
11.3505
11.3505

0
7.575
7.60444
7.70263
7.85769
8.02449
8.19985
8.39325
8.58515
8.78155
9.01974
9.31685
9.55247
9.7881
10.0199
10.2506
10.4694
10.6919
10.9443
11.1653
11.3505
0


0
7.61245
7.65959
7.71976
7.71491
7.78673
8.0984
8.42231
8.71567
8.81793
8.53821
9.80837
9.68176
9.81262
10.0417
10.2967
10.5293
10.7636
10.9959
11.2059
11.4023
0

-7.61245
7.61245
7.65959
7.71976
7.71491
7.78673
8.0984
8.42231
8.71567
8.81793
8.53821
9.80837
9.68176
9.81262
10.0417
10.2967
10.5293
10.7636
10.9959
11.2059
11.4023
11.4023

-7.61518
7.61518
7.66621
7.7265
7.7224
7.95277
8.12214
8.42581
8.70169
8.79774
8.63067
9.72844
9.67217
9.81552
10.0428
10.2902
10.5271
10.7618
10.9938
11.2038
11.3995
11.3995

-7.61722
7.61722
7.67256
7.73642
7.74163
7.94711
8.14226
8.42583
8.69045
8.79654
8.73413
9.63525
9.65838
9.81511
10.0429
10.2846
10.5249
10.76
10.9916
11.2015
11.3907
11.3907

-7.61884
7.61884
7.6783
7.74773
7.77456
7.95468
8.15639
8.42486
8.67364
8.80905
8.83047
9.55312
9.63959
9.81199
10.0415
10.2803
10.5223
10.7575
10.9887
11.1983
11.3819
11.3819

-7.61946
7.61946
7.68199
7.7557
7.80963
7.9639
8.16642
8.42111
8.66171
8.81732
8.91911
9.48388
9.6233
9.80926
10.0398
10.2776
10.5198
10.7551
10.9858
11.1956
11.3751
11.3751

-7.61894
7.61894
7.68388
7.76182
7.83558
7.97367
8.17313
8.41644
8.65789
8.81954
8.9847
9.43143
9.60836
9.80733
10.0378
10.2754
10.5172
10.7526
10.9832
11.1929
11.3703
11.3703

-7.61731
7.61731
7.68407
7.76633
7.85222
7.98335
8.17782
8.41139
8.65037
8.8277
9.02586
9.39616
9.59572
9.80467
10.035
10.2731
10.5142
10.7496
10.9803
11.1902
11.367
11.367

-7.61442
7.61442
7.68143
7.76839
7.86217
7.99166
8.18085
8.40779
8.64349
8.83234
9.05037
9.37023
9.58775
9.80405
10.0331
10.2708
10.5108
10.7463
10.9773
11.1877
11.3648
11.3648

-7.61026
7.61026
7.67504
7.76845
7.86754
7.99859
8.1831
8.40482
8.64618
8.81985
9.07356
9.34953
9.57369
9.80165
10.0313
10.2684
10.5071
10.7426
10.9743
11.1854
11.3633
11.3633

-7.60494
7.60494
7.6638
7.76546
7.86957
8.00409
8.18545
8.40307
8.63072
8.82952
9.07552
9.3385
9.56388
9.79866
10.0297
10.266
10.5029
10.7381
10.9711
11.1833
11.3623
11.3623

-7.59885
7.59885
7.64841
7.75918
7.86929
8.00852
8.18784
8.39869
8.62604
8.82514
9.07216
9.33011
9.55803
9.79555
10.0281
10.2635
10.4985
10.7331
10.9676
11.1813
11.3618
11.3618

-7.59272
7.59272
7.63521
7.74852
7.86751
8.01206
8.18949
8.39713
8.61688
8.81294
9.07834
9.31843
9.54925
9.7924
10.0269
10.2609
10.4938
10.7276
10.964
11.1794
11.3615
11.3615

-7.58709
7.58709
7.62517
7.73388
7.86435
8.01511
8.19197
8.39474
8.60067
8.81418
9.0489
9.32036
9.54836
9.78943
10.0252
10.2583
10.4888
10.721
10.9603
11.1777
11.3615
11.3615

-7.58219
7.58219
7.61769
7.72093
7.86069
8.01819
8.19457
8.38964
8.59017
8.8019
9.02922
9.31742
9.55077
9.78741
10.0229
10.2555
10.4832
10.7132
10.9564
11.176
11.3617
11.3617

-7.57807
7.57807
7.61167
7.70644
7.85696
8.02149
8.19643
8.38474
8.57876
8.78467
9.01808
9.31045
9.55059
9.78639
10.0207
10.2525
10.4763
10.7041
10.9525
11.1745
11.3621
11.3621

0
7.57807
7.61167
7.70644
7.85696
8.02149
8.19643
8.38474
8.57876
8.78467
9.01808
9.31045
9.55059
9.78639
10.0207
10.2525
10.4763
10.7041
10.9525
11.1745
11.3621
0


0
7.59695
7.64535
7.71416
7.7788
7.88205
8.07071
8.41757
8.672
8.83013
8.7531
9.62798
9.64322
9.81743
10.0494
10.2944
10.5317
10.769
11.0022
11.2154
11.4089
0

-7.59695
7.59695
7.64535
7.71416
7.7788
7.88205
8.07071
8.41757
8.672
8.83013
8.7531
9.62798
9.64322
9.81743
10.0494
10.2944
10.5317
10.769
11.0022
11.2154
11.4089
11.4089

-7.59958
7.59958
7.6498
7.71883
7.77225
7.99146
8.11819
8.41636
8.66421
8.81913
8.79925
9.59227
9.63789
9.81693
10.0498
10.292
10.5302
10.7674
11.0004
11.2135
11.4054
11.4054

-7.60189
7.60189
7.65472
7.7255
7.77806
8.00347
8.14599
8.4137
8.65955
8.82093
8.84646
9.54526
9.63205
9.81461
10.0487
10.2888
10.5283
10.7656
10.9984
11.2111
11.3998
11.3998

-7.60384
7.60384
7.65927
7.73326
7.79435
7.98798
8.16014
8.41141
8.65155
8.82873
8.89392
9.49794
9.62346
9.81151
10.0464
10.2856
10.526
10.7632
10.9959
11.2082
11.3938
11.3938

-7.60504
7.60504
7.66256
7.73965
7.81401
7.98207
8.16837
8.40809
8.64896
8.83051
8.94651
9.45184
9.61375
9.80918
10.0439
10.2828
10.5237
10.7609
10.9933
11.2056
11.3884
11.3884

-7.60537
7.60537
7.6645
7.74493
7.83117
7.98414
8.17362
8.40461
8.64917
8.82993
8.99392
9.41184
9.60393
9.80668
10.0408
10.2801
10.5212
10.7583
10.9907
11.2029
11.3841
11.3841

-7.60488
7.60488
7.66497
7.74881
7.84418
7.98908
8.17682
8.40385
8.64187
8.82859
9.03362
9.37883
9.59359
9.80544
10.0381
10.2774
10.5182
10.7554
10.9878
11.2002
11.3809
11.3809

-7.60347
7.60347
7.66335
7.75089
7.85305
7.9944
8.17948
8.40185
8.63479
8.82551
9.06502
9.35352
9.58345
9.80455
10.0361
10.2747
10.5148
10.7521
10.9849
11.1977
11.3784
11.3784

-7.60111
7.60111
7.65918
7.75143
7.8586
7.99916
8.18203
8.39996
8.63338
8.81732
9.07878
9.33824
9.57116
9.80219
10.0345
10.272
10.5112
10.7484
10.9817
11.1953
11.3766
11.3766

-7.59795
7.59795
7.65243
7.74957
7.86141
8.00335
8.18455
8.3975
8.6196
8.82502
9.07235
9.33204
9.56315
9.79906
10.0328
10.2695
10.5072
10.7441
10.9785
11.1931
11.3753
11.3753

-7.59419
7.59419
7.64373
7.74521
7.86252
8.00703
8.1864
8.39547
8.60988
8.82078
9.07181
9.32259
9.5546
9.79633
10.0314
10.2668
10.5031
10.7395
10.9751
11.191
11.3744
11.3744

-7.59033
7.59033
7.63537
7.73837
7.86205
8.01018
8.18829
8.39109
8.60107
8.81983
9.06166
9.31885
9.54819
9.79178
10.0292
10.264
10.4986
10.7344
10.9717
11.189
11.3738
11.3738

-7.58677
7.58677
7.62832
7.72964
7.86056
8.01306
8.19008
8.38605
8.59296
8.81591
9.03945
9.31774
9.5483
9.78827
10.0265
10.2611
10.4937
10.7285
10.9681
11.1871
11.3735
11.3735

-7.58372
7.58372
7.62263
7.72046
7.85853
8.01592
8.19153
8.38068
8.58501
8.80272
9.02525
9.31157
9.54984
9.7861
10.0237
10.2579
10.4885
10.722
10.9644
11.1853
11.3734
11.3734

-7.58132
7.58132
7.6179
7.71047
7.85636
8.01891
8.19229
8.37608
8.57579
8.78444
9.02127
9.30251
9.5473
9.78421
10.0208
10.2544
10.4826
10.7148
10.9606
11.1836
11.3735
11.3735

0
7.58132
7.6179
7.71047
7.85636
8.01891
8.19229
8.37608
8.57579
8.78444
9.02127
9.30251
9.5473
9.78421
10.0208
10.2544
10.4826
10.7148
10.9606
11.1836
11.3735
0


0
7.5824
7.63078
7.7068
7.79129
7.88113
8.11887
8.40675
8.63778
8.85878
8.86565
9.53205
9.61229
9.81627
10.0559
10.2959
10.5346
10.7743
11.0088
11.2249
11.4166
0

-7.5824
7.5824
7.63078
7.7068
7.79129
7.88113
8.11887
8.40675
8.63778
8.85878
8.86565
9.53205
9.61229
9.81627
10.0559
10.2959
10.5346
10.7743
11.0088
11.2249
11.4166
11.4166

-7.5851
7.5851
7.63452
7.71042
7.79118
7.95575
8.13903
8.40211
8.63804
8.8501
8.88758
9.51403
9.6122
9.81377
10.055
10.2947
10.5334
10.7727
11.0072
11.2229
11.4134
11.4134

-7.58768
7.58768
7.63871
7.71532
7.7962
7.98095
8.15485
8.39865
8.64117
8.84467
8.92135
9.48232
9.61015
9.81078
10.0529
10.2926
10.5318
10.7708
11.0052
11.2204
11.4092
11.4092

-7.58996
7.58996
7.6426
7.72096
7.80609
7.98575
8.1644
8.39765
8.6375
8.84702
8.95246
9.45169
9.60604
9.80773
10.05
10.2899
10.5297
10.7687
11.0029
11.2177
11.4047
11.4047

-7.5917
7.5917
7.64573
7.72615
7.81809
7.98692
8.17057
8.39455
8.64117
8.84775
8.9721
9.42709
9.60214
9.80504
10.0465
10.2872
10.5276
10.7664
11.0005
11.2152
11.4004
11.4004

-7.59296
7.59296
7.64797
7.73067
7.82971
7.98912
8.17375
8.39504
8.63948
8.8473
8.99148
9.40326
9.59902
9.80413
10.0431
10.2841
10.525
10.7638
10.9978
11.2125
11.3967
11.3967

-7.59357
7.59357
7.64901
7.73424
7.83938
7.99223
8.1765
8.3958
8.63427
8.83985
9.01713
9.3794
9.59218
9.80391
10.0406
10.2812
10.5221
10.7609
10.9951
11.2099
11.3936
11.3936

-7.59353
7.59353
7.64865
7.73652
7.8467
7.99584
8.1789
8.39473
8.62726
8.8353
9.03613
9.36063
9.58456
9.80343
10.0386
10.2783
10.5188
10.7577
10.9921
11.2074
11.3912
11.3912

-7.59286
7.59286
7.64667
7.7377
7.8518
7.99928
8.18133
8.39327
8.62215
8.82692
9.04784
9.34689
9.57472
9.80138
10.0369
10.2756
10.5153
10.7541
10.989
11.205
11.3893
11.3893

-7.59158
7.59158
7.64314
7.73711
7.85509
8.00264
8.18336
8.39251
8.60808
8.82717
9.04808
9.33698
9.56635
9.79938
10.0355
10.2729
10.5115
10.7501
10.9858
11.2026
11.3877
11.3877

-7.5899
7.5899
7.63859
7.73494
7.85688
8.00576
8.18518
8.3873
8.60157
8.82539
9.0444
9.33027
9.55882
9.79528
10.0331
10.27
10.5075
10.7459
10.9826
11.2004
11.3866
11.3866

-7.58812
7.58812
7.63389
7.73119
7.85756
8.0085
8.18661
8.38229
8.59402
8.82394
9.03355
9.32572
9.55382
9.79093
10.0304
10.267
10.5032
10.7411
10.9792
11.1984
11.3857
11.3857

-7.58651
7.58651
7.62971
7.72626
7.8574
8.01123
8.18744
8.37672
8.59028
8.81662
9.01659
9.32189
9.55349
9.78733
10.0271
10.2637
10.4986
10.7359
10.9758
11.1963
11.3851
11.3851

-7.5853
7.5853
7.62624
7.72066
7.85682
8.0139
8.18765
8.37238
8.58393
8.80131
9.01381
9.31111
9.55163
9.78466
10.0237
10.2601
10.4937
10.7303
10.9722
11.1944
11.3847
11.3847

-7.58458
7.58458
7.62328
7.71456
7.85631
8.01676
8.1883
8.36758
8.57589
8.78974
8.99805
9.30718
9.55127
9.78216
10.0203
10.2564
10.4886
10.7244
10.9687
11.1926
11.3844
11.3844

0
7.58458
7.62328
7.71456
7.85631
8.01676
8.1883
8.36758
8.57589
8.78974
8.99805
9.30718
9.55127
9.78216
10.0203
10.2564
10.4886
10.7244
10.9687
11.1926
11.3844
0


0
7.56872
7.61677
7.69865
7.79999
7.93929
8.14947
8.39126
8.61452
8.89382
8.92132
9.48317
9.58982
9.81032
10.0602
10.2987
10.5377
10.7791
11.0154
11.2339
11.4251
0

-7.56872
7.56872
7.61677
7.69865
7.79999
7.93929
8.14947
8.39126
8.61452
8.89382
8.92132
9.48317
9.58982
9.81032
10.0602
10.2987
10.5377
10.7791
11.0154
11.2339
11.4251
11.4251

-7.57159
7.57159
7.62022
7.70163
7.80181
7.96191
8.15667
8.38554
8.62483
8.88241
8.91887
9.47806
9.59692
9.80792
10.0582
10.2978
10.5367
10.7776
11.0138
11.2318
11.4222
11.4222

-7.57439
7.57439
7.62387
7.70541
7.80616
7.97724
8.16333
8.38401
8.63134
8.87084
8.93612
9.46071
9.59977
9.8052
10.0552
10.296
10.5353
10.7759
11.0119
11.2295
11.4189
11.4189

-7.57701
7.57701
7.62744
7.70981
7.81288
7.98492
8.1681
8.38366
8.63349
8.86766
8.94939
9.4425
9.60316
9.80309
10.0513
10.2935
10.5334
10.7739
11.0098
11.227
11.4153
11.4153

-7.57943
7.57943
7.63067
7.71413
7.82097
7.98879
8.17091
8.38356
8.64174
8.85696
8.95681
9.42448
9.6068
9.80313
10.0473
10.2905
10.5312
10.7716
11.0074
11.2244
11.4117
11.4117

-7.58153
7.58153
7.63322
7.71821
7.8291
7.99121
8.17291
8.38715
8.6398
8.84624
8.97092
9.40423
9.60632
9.80449
10.0444
10.2873
10.5287
10.7691
11.0048
11.2219
11.4085
11.4085

-7.58323
7.58323
7.63512
7.72167
7.83629
7.99373
8.17507
8.3897
8.63284
8.83635
8.98698
9.38468
9.60204
9.80572
10.0421
10.2842
10.5258
10.7663
11.0021
11.2192
11.4057
11.4057

-7.58453
7.58453
7.63609
7.72437
7.84217
7.99622
8.17756
8.38959
8.62318
8.82772
9.00631
9.36532
9.59417
9.806
10.0406
10.2813
10.5225
10.7631
10.9991
11.2167
11.4033
11.4033

-7.58536
7.58536
7.63599
7.72627
7.84681
7.99891
8.17979
8.3898
8.61206
8.81721
9.02943
9.34604
9.58137
9.80469
10.0395
10.2786
10.5192
10.7597
10.9961
11.2143
11.4013
11.4013

-7.58585
7.58585
7.63509
7.72718
7.85003
8.00169
8.1822
8.38527
8.60183
8.81668
9.03615
9.33405
9.57139
9.80101
10.0375
10.2759
10.5156
10.7559
10.993
11.2119
11.3996
11.3996

-7.58604
7.58604
7.63356
7.72697
7.85237
8.00432
8.18355
8.3794
8.597
8.81404
9.03668
9.32457
9.56298
9.79643
10.0349
10.2729
10.5117
10.7519
10.9898
11.2096
11.3983
11.3983

-7.58613
7.58613
7.6318
7.72576
7.85385
8.00697
8.18406
8.37389
8.59098
8.81096
9.0356
9.31648
9.55589
9.79108
10.0315
10.2696
10.5076
10.7476
10.9866
11.2074
11.3972
11.3972

-7.58635
7.58635
7.63024
7.72378
7.85476
8.00954
8.18382
8.36853
8.58878
8.80395
9.02486
9.31043
9.55383
9.78678
10.0274
10.266
10.5032
10.7429
10.9833
11.2053
11.3964
11.3964

-7.58675
7.58675
7.62889
7.72135
7.85556
8.0122
8.18388
8.36295
8.58685
8.79364
9.01408
9.30423
9.55329
9.78276
10.0231
10.2622
10.4987
10.7381
10.98
11.2034
11.3956
11.3956

-7.5877
7.5877
7.62806
7.71849
7.85623
8.01475
8.18351
8.35977
8.57923
8.77861
9.00861
9.29519
9.55034
9.78039
10.0195
10.2582
10.4939
10.7329
10.9765
11.2014
11.3951
11.3951

0
7.5877
7.62806
7.71849
7.85623
8.01475
8.18351
8.35977
8.57923
8.77861
9.00861
9.29519
9.55034
9.78039
10.0195
10.2582
10.4939
10.7329
10.9765
11.2014
11.3951
0


0
7.55586
7.60317
7.68959
7.80675
7.96514
8.16626
8.37454
8.61273
8.9125
8.90721
9.47698
9.58985
9.80585
10.0622
10.3014
10.5409
10.7837
11.0219
11.2426
11.4341
0

-7.55586
7.55586
7.60317
7.68959
7.80675
7.96514
8.16626
8.37454
8.61273
8.9125
8.90721
9.47698
9.58985
9.80585
10.0622
10.3014
10.5409
10.7837
11.0219
11.2426
11.4341
11.4341

-7.55885
7.55885
7.60639
7.6922
7.80879
7.97333
8.16722
8.37197
8.62425
8.89303
8.89857
9.47526
9.60258
9.80516
10.0595
10.3005
10.5399
10.7824
11.0203
11.2405
11.4315
11.4315

-7.56184
7.56184
7.60984
7.69533
7.81223
7.9812
8.16882
8.37228
8.63373
8.8727
8.91359
9.45907
9.60879
9.8038
10.0559
10.2988
10.5387
10.7808
11.0186
11.2384
11.4286
11.4286

-7.5649
7.5649
7.61336
7.69905
7.81706
7.98681
8.16979
8.37453
8.63722
8.85967
8.93446
9.43515
9.61508
9.8041
10.0518
10.2962
10.5369
10.7789
11.0165
11.2359
11.4256
11.4256

-7.568
7.568
7.61679
7.70293
7.82277
7.98999
8.17072
8.37766
8.64491
8.83586
8.9601
9.40763
9.61706
9.8064
10.0484
10.293
10.5346
10.7766
11.0141
11.2334
11.4226
11.4226

-7.57094
7.57094
7.61988
7.70678
7.82854
7.99205
8.17202
8.38327
8.6372
8.82252
8.98434
9.384
9.61283
9.80838
10.0461
10.2899
10.5321
10.7741
11.0115
11.2309
11.4198
11.4198

-7.57372
7.57372
7.62264
7.71041
7.83389
7.99399
8.1741
8.38564
8.62723
8.81444
8.99813
9.36604
9.60716
9.80992
10.0444
10.2869
10.5292
10.7713
11.0088
11.2283
11.4172
11.4172

-7.57622
7.57622
7.62487
7.71356
7.83865
7.99607
8.17626
8.38627
8.61463
8.80454
9.02175
9.34662
9.59591
9.81021
10.0433
10.2841
10.5262
10.7683
11.006
11.2258
11.4149
11.4149

-7.57853
7.57853
7.62656
7.7164
7.84267
7.9982
8.17874
8.3837
8.60288
8.80095
9.03808
9.33273
9.58165
9.80721
10.042
10.2814
10.5229
10.765
11.003
11.2233
11.4129
11.4129

-7.58065
7.58065
7.62786
7.7187
7.84581
8.00067
8.18034
8.37774
8.59536
8.80315
9.03783
9.325
9.57261
9.80269
10.0394
10.2786
10.5194
10.7614
10.9999
11.2208
11.4112
11.4112

-7.58255
7.58255
7.62878
7.7203
7.84854
8.00301
8.18077
8.37165
8.59217
8.80104
9.03893
9.31634
9.56374
9.79733
10.0362
10.2754
10.5157
10.7577
10.9969
11.2185
11.4097
11.4097

-7.5844
7.5844
7.62954
7.72134
7.8507
8.00544
8.18033
8.36638
8.58756
8.80181
9.0312
9.311
9.55781
9.79162
10.0321
10.2719
10.5117
10.7537
10.9937
11.2163
11.4084
11.4084

-7.58617
7.58617
7.63018
7.72194
7.85276
8.00798
8.17986
8.36024
8.58944
8.79685
9.01636
9.30765
9.55684
9.78627
10.0272
10.268
10.5077
10.7496
10.9906
11.2142
11.4073
11.4073

-7.58827
7.58827
7.63115
7.72218
7.85455
8.01021
8.17893
8.35757
8.58595
8.78374
9.01258
9.297
9.55386
9.78307
10.0231
10.2639
10.5032
10.7452
10.9874
11.2121
11.4064
11.4064

-7.59082
7.59082
7.63244
7.72219
7.85619
8.01245
8.17832
8.35512
8.57724
8.77169
9.00602
9.28939
9.54901
9.78013
10.0193
10.2597
10.4985
10.7404
10.984
11.21
11.4057
11.4057

0
7.59082
7.63244
7.72219
7.85619
8.01245
8.17832
8.35512
8.57724
8.77169
9.00602
9.28939
9.54901
9.78013
10.0193
10.2597
10.4985
10.7404
10.984
11.21
11.4057
0


0
7.54375
7.58976
7.67993
7.81203
7.97944
8.17508
8.36467
8.61164
8.8987
8.89382
9.47157
9.60416
9.80712
10.0633
10.3037
10.5438
10.7881
11.0282
11.2509
11.4434
0

-7.54375
7.54375
7.58976
7.67993
7.81203
7.97944
8.17508
8.36467
8.61164
8.8987
8.89382
9.47157
9.60416
9.80712
10.0633
10.3037
10.5438
10.7881
11.0282
11.2509
11.4434
11.4434

-7.54683
7.54683
7.59282
7.68232
7.8138
7.98271
8.17357
8.36381
8.62506
8.86932
8.90916
9.45542
9.6139
9.80744
10.0605
10.3026
10.5429
10.7869
11.0267
11.249
11.441
11.441

-7.55006
7.55006
7.59625
7.68506
7.81634
7.98646
8.17218
8.36636
8.63224
8.84926
8.9303
9.43322
9.61891
9.80724
10.0567
10.3008
10.5417
10.7854
11.025
11.2468
11.4385
11.4385

-7.55358
7.55358
7.5999
7.68835
7.81979
7.98943
8.17091
8.37055
8.63563
8.83175
8.95454
9.40733
9.62346
9.80952
10.053
10.298
10.5399
10.7835
11.0229
11.2444
11.4359
11.4359

-7.5573
7.5573
7.60363
7.69204
7.82376
7.99111
8.17081
8.37568
8.63636
8.80992
8.98344
9.38338
9.62015
9.81179
10.0504
10.2951
10.5376
10.7813
11.0205
11.242
11.4333
11.4333

-7.5611
7.5611
7.60739
7.69584
7.82776
7.99241
8.17174
8.38017
8.6266
8.80322
8.99397
9.36934
9.61525
9.81332
10.0484
10.2921
10.5351
10.7788
11.0179
11.2395
11.4308
11.4308

-7.56485
7.56485
7.61101
7.69969
7.83173
7.99398
8.17318
8.38231
8.61524
8.79654
9.00053
9.35634
9.61007
9.81528
10.0471
10.2893
10.5324
10.7761
11.0153
11.237
11.4284
11.4284

-7.56859
7.56859
7.61452
7.70352
7.83559
7.99542
8.17533
8.38163
8.60253
8.79057
9.01668
9.34197
9.59694
9.81431
10.0463
10.2866
10.5294
10.7732
11.0125
11.2345
11.4262
11.4262

-7.57227
7.57227
7.61791
7.7073
7.83899
7.99737
8.17703
8.3769
8.59206
8.794
9.0215
9.33312
9.5849
9.81018
10.0443
10.2839
10.5263
10.77
11.0096
11.232
11.4242
11.4242

-7.57595
7.57595
7.62119
7.71097
7.84211
7.99948
8.17762
8.37087
8.58632
8.79408
9.02662
9.32254
9.57547
9.80512
10.0413
10.281
10.5229
10.7666
11.0066
11.2295
11.4224
11.4224

-7.5795
7.5795
7.62429
7.71438
7.8452
8.00149
8.17717
8.36511
8.58562
8.79033
9.03486
9.31118
9.56464
9.79885
10.0375
10.2776
10.5192
10.7631
11.0036
11.2271
11.4207
11.4207

-7.58281
7.58281
7.62712
7.71756
7.84818
8.00384
8.17668
8.35846
8.5869
8.79131
9.02473
9.30762
9.55993
9.79192
10.0326
10.2739
10.5156
10.7596
11.0007
11.2249
11.4192
11.4192

-7.58627
7.58627
7.63011
7.72045
7.85097
8.00596
8.17525
8.35559
8.58632
8.78247
9.01816
9.29967
9.55701
9.78747
10.028
10.2698
10.5115
10.7557
10.9976
11.2227
11.418
11.418

-7.58995
7.58995
7.63324
7.72314
7.85357
8.008
8.17397
8.35396
8.58116
8.771
9.01886
9.28834
9.55089
9.78355
10.0235
10.2655
10.5071
10.7516
10.9944
11.2205
11.4169
11.4169

-7.59398
7.59398
7.63656
7.72569
7.85611
8.01004
8.17339
8.3515
8.57134
8.76378
9.00731
9.28292
9.5458
9.78
10.0196
10.2612
10.5025
10.7471
10.9911
11.2183
11.416
11.416

0
7.59398
7.63656
7.72569
7.85611
8.01004
8.17339
8.3515
8.57134
8.76378
9.00731
9.28292
9.5458
9.78
10.0196
10.2612
10.5025
10.7471
10.9911
11.2183
11.416
0


0
7.53226
7.57628
7.66962
7.81652
7.9887
8.18149
8.35842
8.60998
8.86373
8.90508
9.45326
9.6151
9.81261
10.0649
10.3052
10.5462
10.7922
11.0342
11.259
11.4527
0

-7.53226
7.53226
7.57628
7.66962
7.81652
7.9887
8.18149
8.35842
8.60998
8.86373
8.90508
9.45326
9.6151
9.81261
10.0649
10.3052
10.5462
10.7922
11.0342
11.259
11.4527
11.4527

-7.53542
7.53542
7.57931
7.67176
7.81786
7.98977
8.17861
8.35988
8.61766
8.84147
8.9199
9.43834
9.622
9.81318
10.0621
10.3041
10.5454
10.7911
11.0327
11.2572
11.4505
11.4505

-7.53892
7.53892
7.58275
7.67414
7.81953
7.99091
8.17544
8.36331
8.62351
8.82493
8.92886
9.42278
9.62807
9.81438
10.0587
10.3022
10.5442
10.7896
11.0311
11.2551
11.4483
11.4483

-7.54289
7.54289
7.58656
7.67725
7.82173
7.99168
8.17293
8.36812
8.62312
8.80966
8.94798
9.40204
9.63041
9.81692
10.0556
10.2996
10.5424
10.7877
11.0289
11.2527
11.446
11.446

-7.54724
7.54724
7.59071
7.68078
7.82419
7.99202
8.17186
8.37254
8.62203
8.79212
8.97216
9.38138
9.62591
9.81859
10.0534
10.2969
10.5402
10.7855
11.0266
11.2504
11.4437
11.4437

-7.5518
7.5518
7.59511
7.68463
7.82672
7.99274
8.17183
8.37625
8.61202
8.78544
8.98501
9.36542
9.62097
9.82009
10.0516
10.2942
10.5378
10.7831
11.0241
11.248
11.4414
11.4414

-7.55656
7.55656
7.59969
7.68887
7.82955
7.99362
8.17268
8.37734
8.60174
8.77718
9.00028
9.34968
9.61217
9.82085
10.0505
10.2915
10.5351
10.7805
11.0215
11.2455
11.4392
11.4392

-7.56149
7.56149
7.60452
7.69346
7.8325
7.99475
8.17399
8.37543
8.58873
8.77647
9.01415
9.33754
9.59837
9.81818
10.0492
10.2889
10.5323
10.7777
11.0188
11.243
11.4371
11.4371

-7.56656
7.56656
7.60957
7.69834
7.83552
7.99628
8.17473
8.37006
8.5813
8.78064
9.01557
9.32991
9.58714
9.81337
10.0467
10.2862
10.5292
10.7746
11.0159
11.2404
11.4351
11.4351

-7.57175
7.57175
7.6148
7.70345
7.83865
7.998
8.1744
8.3644
8.57765
8.78097
9.02134
9.31892
9.57681
9.80763
10.0432
10.283
10.5259
10.7714
11.013
11.2379
11.4333
11.4333

-7.57673
7.57673
7.61981
7.7087
7.84229
7.99982
8.17389
8.3585
8.57857
8.78216
9.02088
9.3116
9.56684
9.80033
10.039
10.2796
10.5226
10.7683
11.0102
11.2355
11.4314
11.4314

-7.5817
7.5817
7.62492
7.71398
7.84578
8.0019
8.1725
8.35384
8.57984
8.78068
9.0133
9.3057
9.5621
9.79398
10.0339
10.2757
10.5189
10.765
11.0073
11.2332
11.4298
11.4298

-7.58672
7.58672
7.63007
7.71908
7.84921
8.00376
8.17093
8.35166
8.57736
8.77202
9.01554
9.29418
9.55599
9.78885
10.0291
10.2715
10.5149
10.7613
11.0042
11.2309
11.4284
11.4284

-7.59186
7.59186
7.63526
7.72409
7.85259
8.00557
8.16974
8.34986
8.57141
8.76507
9.0121
9.28518
9.54909
9.78421
10.0245
10.2671
10.5106
10.7573
11.0011
11.2286
11.4271
11.4271

-7.59725
7.59725
7.64054
7.72905
7.85596
8.00752
8.16914
8.34689
8.56315
8.75723
9.0051
9.27776
9.54259
9.77983
10.0202
10.2626
10.506
10.7532
10.9978
11.2264
11.4261
11.4261

0
7.59725
7.64054
7.72905
7.85596
8.00752
8.16914
8.34689
8.56315
8.75723
9.0051
9.27776
9.54259
9.77983
10.0202
10.2626
10.506
10.7532
10.9978
11.2264
11.4261
0


0
0
0
0
0
0
0
0
0
0
0
0
0
0
0
0
0
0
0
0
0
0

0
7.53226
7.57628
7.66962
7.81652
7.9887
8.18149
8.35842
8.60998
8.86373
8.90508
9.45326
9.6151
9.81261
10.0649
10.3052
10.5462
10.7922
11.0342
11.259
11.4527
0

0
7.53542
7.57931
7.67176
7.81786
7.98977
8.17861
8.35988
8.61766
8.84147
8.9199
9.43834
9.622
9.81318
10.0621
10.3041
10.5454
10.7911
11.0327
11.2572
11.4505
0

0
7.53892
7.58275
7.67414
7.81953
7.99091
8.17544
8.36331
8.62351
8.82493
8.92886
9.42278
9.62807
9.81438
10.0587
10.3022
10.5442
10.7896
11.0311
11.2551
11.4483
0

0
7.54289
7.58656
7.67725
7.82173
7.99168
8.17293
8.36812
8.62312
8.80966
8.94798
9.40204
9.63041
9.81692
10.0556
10.2996
10.5424
10.7877
11.0289
11.2527
11.446
0

0
7.54724
7.59071
7.68078
7.82419
7.99202
8.17186
8.37254
8.62203
8.79212
8.97216
9.38138
9.62591
9.81859
10.0534
10.2969
10.5402
10.7855
11.0266
11.2504
11.4437
0

0
7.5518
7.59511
7.68463
7.82672
7.99274
8.17183
8.37625
8.61202
8.78544
8.98501
9.36542
9.62097
9.82009
10.0516
10.2942
10.5378
10.7831
11.0241
11.248
11.4414
0

0
7.55656
7.59969
7.68887
7.82955
7.99362
8.17268
8.37734
8.60174
8.77718
9.00028
9.34968
9.61217
9.82085
10.0505
10.2915
10.5351
10.7805
11.0215
11.2455
11.4392
0

0
7.56149
7.60452
7.69346
7.8325
7.99475
8.17399
8.37543
8.58873
8.77647
9.01415
9.33754
9.59837
9.81818
10.0492
10.2889
10.5323
10.7777
11.0188
11.243
11.4371
0

0
7.56656
7.60957
7.69834
7.83552
7.99628
8.17473
8.37006
8.5813
8.78064
9.01557
9.32991
9.58714
9.81337
10.0467
10.2862
10.5292
10.7746
11.0159
11.2404
11.4351
0

0
7.57175
7.6148
7.70345
7.83865
7.998
8.1744
8.3644
8.57765
8.78097
9.02134
9.31892
9.57681
9.80763
10.0432
10.283
10.5259
10.7714
11.013
11.2379
11.4333
0

0
7.57673
7.61981
7.7087
7.84229
7.99982
8.17389
8.3585
8.57857
8.78216
9.02088
9.3116
9.56684
9.80033
10.039
10.2796
10.5226
10.7683
11.0102
11.2355
11.4314
0

0
7.5817
7.62492
7.71398
7.84578
8.0019
8.1725
8.35384
8.57984
8.78068
9.0133
9.3057
9.5621
9.79398
10.0339
10.2757
10.5189
10.765
11.0073
11.2332
11.4298
0

0
7.58672
7.63007
7.71908
7.84921
8.00376
8.17093
8.35166
8.57736
8.77202
9.01554
9.29418
9.55599
9.78885
10.0291
10.2715
10.5149
10.7613
11.0042
11.2309
11.4284
0

0
7.59186
7.63526
7.72409
7.85259
8.00557
8.16974
8.34986
8.57141
8.76507
9.0121
9.28518
9.54909
9.78421
10.0245
10.2671
10.5106
10.7573
11.0011
11.2286
11.4271
0

0
7.59725
7.64054
7.72905
7.85596
8.00752
8.16914
8.34689
8.56315
8.75723
9.0051
9.27776
9.54259
9.77983
10.0202
10.2626
10.506
10.7532
10.9978
11.2264
11.4261
0

0
0
0
0
0
0
0
0
0
0
0
0
0
0
0
0
0
0
0
0
0
0


