0.5
0.5
0.4331
0.5
0.5
0.5
0.5
0.46855
0.5
0.5
0.492828
0.5
0.5
0.5
0.5
0.5
0.5
0.5
0.5
0.5
0.5
0.5

0.5
0.431366
0.526498
0.58323
0.597149
0.479666
0.339932
0.46376
0.0304362
0.725364
0.435135
0.298044
0.852231
0.369276
0.796582
1.64357
0.205476
0.384773
0.232372
0.186127
0.186127
0.5

0.5
0.414331
0.496096
0.515977
0.567465
0.456689
0.317507
0.452464
0.463418
0.139402
0.377315
0.306447
0.854977
0.791494
0.801553
1.79545
-0.0620061
0.384376
0.212869
0.171664
0.171664
0.5

0.5
0.427825
0.494428
0.574779
0.57956
0.343451
0.444944
0.477102
0.408826
0.23775
0.376326
0.586868
0.450177
0.732577
0.8407
0.709271
1.56668
0.540437
0.212006
0.168983
0.168983
0.5

0.5
0.43714
0.493119
0.565986
0.559588
0.384521
0.413182
0.419169
0.459974
0.284108
0.380242
0.562966
0.362174
0.703036
0.820212
0.426323
1.33546
0.541878
0.191815
0.163271
0.163271
0.5

0.5
0.451928
0.535213
0.489826
0.573554
0.35797
0.394909
0.440848
0.398479
0.370426
0.390097
0.45235
-0.389908
0.690326
0.873401
0.482604
1.29816
0.543526
0.167216
0.155647
0.155647
0.5

0.5
0.460032
0.528482
0.511399
0.606406
0.338174
0.376586
0.471562
0.34625
0.321922
0.383612
0.44979
0.703949
0.732454
0.890309
0.504508
1.34703
0.663448
-0.0676296
0.136103
0.136103
0

0.5
0.464956
0.521045
0.510078
0.633176
0.320367
0.358647
0.475302
0.299849
0.342598
0.380897
0.439807
0.604164
0.755289
0.940485
0.652013
1.44007
0.670713
-0.133469
0.127071
0.127071
0.5

0.5
0.468346
0.515162
0.509801
0.662087
0.306027
0.345464
0.22814
0.594883
0.377751
0.378266
0.427009
0.578886
0.761139
1.79545
0.737175
1.56589
0.662484
-0.235239
0.108146
0.108146
0.5

0.5
0.470974
0.51078
0.514348
0.642903
0.35797
0.350794
0.252231
0.517742
0.385689
0.373564
0.412265
0.546978
0.841915
0.47545
0.525701
1.70916
0.667567
-0.152454
-0.0854937
-0.0854937
0.5

0.5
0.473303
0.5072
0.531219
0.256784
0.667486
0.394909
0.282255
0.486885
0.389043
0.372341
0.39491
0.498077
0.879451
0.895024
0.468826
2.07849
0.531131
-0.291668
-0.0856113
-0.0856113
0.5

0.5
0.47572
0.505472
0.518564
0.339456
0.488048
0.438636
0.311248
0.469321
0.38843
0.412265
0.37639
0.369276
1.03285
0.806682
0.373674
2.58708
0.460158
-0.436283
-0.0802373
-0.0802373
0.5

0.5
0.479689
0.502672
0.51375
0.417835
0.433161
0.406401
0.328329
0.449626
0.383113
0.35531
0.354054
0.377331
0.952198
0.390812
0.601184
3.08607
0.477425
-0.577539
-0.0660989
-0.0660989
0.5

0.5
0.488854
0.496748
0.515977
0.478914
0.3883
0.387354
0.389941
0.368981
0.370426
0.383612
0.332162
0.349512
0.7042
-1.32993
1.19475
4.49054
0.498619
-0.733941
-0.0383797
-0.0383797
0.5

0.5
0.488489
0.498066
0.520203
0.540645
0.336319
0.367096
0.384299
0.372508
0.362579
0.329307
0.305377
0.281066
-0.160251
0.507311
0.467038
5.61115
0.624888
-0.963669
0.0140818
0.0140818
0.5

0.5
0.478246
0.489826
0.514854
0.584234
0.265437
0.33864
0.364304
0.361608
0.346813
0.317655
0.280065
0.226863
0.151481
0.289858
0.47545
-0.401789
-0.0834588
0.167216
0.0818927
0.0818927
0.5

0.5
0.5
0.5
0.5
0.5
0.5
0.5
0.5
0.5
0.5
0.5
0.5
0.5
0.5
0.5
0.5
0.5
0.5
0.5
0.5
0.5
0.5


0.5
-0.431366
-0.526498
-0.58323
-0.597149
-0.479666
-0.339932
-0.46376
-0.0304362
-0.725364
-0.435135
-0.298044
-0.852231
-0.369276
-0.796582
-1.64357
-0.205476
-0.384773
-0.232372
-0.186127
-0.186127
0.5

0.5
0.431366
0.526498
0.58323
0.597149
0.479666
0.339932
0.46376
0.0304362
0.725364
0.435135
0.298044
0.852231
0.369276
0.796582
1.64357
0.205476
0.384773
0.232372
0.186127
0.186127
0.5

0.5
0.414331
0.496096
0.515977
0.567465
0.456689
0.317507
0.452464
0.463418
0.139402
0.377315
0.306447
0.854977
0.791494
0.801553
1.79545
-0.0620061
0.384376
0.212869
0.171664
0.171664
0.5

0.5
0.427825
0.494428
0.574779
0.57956
0.343451
0.444944
0.477102
0.408826
0.23775
0.376326
0.586868
0.450177
0.732577
0.8407
0.709271
1.56668
0.540437
0.212006
0.168983
0.168983
0.5

0.5
0.43714
0.493119
0.565986
0.559588
0.384521
0.413182
0.419169
0.459974
0.284108
0.380242
0.562966
0.362174
0.703036
0.820212
0.426323
1.33546
0.541878
0.191815
0.163271
0.163271
0.5

0.5
0.451928
0.535213
0.489826
0.573554
0.35797
0.394909
0.440848
0.398479
0.370426
0.390097
0.45235
-0.389908
0.690326
0.873401
0.482604
1.29816
0.543526
0.167216
0.155647
0.155647
0.5

0.5
0.460032
0.528482
0.511399
0.606406
0.338174
0.376586
0.471562
0.34625
0.321922
0.383612
0.44979
0.703949
0.732454
0.890309
0.504508
1.34703
0.663448
-0.0676296
0.136103
0.136103
0.131778

0.5
0.464956
0.521045
0.510078
0.633176
0.320367
0.358647
0.475302
0.299849
0.342598
0.380897
0.439807
0.604164
0.755289
0.940485
0.652013
1.44007
0.670713
-0.133469
0.127071
0.127071
0.5

0.5
0.468346
0.515162
0.509801
0.662087
0.306027
0.345464
0.22814
0.594883
0.377751
0.378266
0.427009
0.578886
0.761139
1.79545
0.737175
1.56589
0.662484
-0.235239
0.108146
0.108146
0.5

0.5
0.470974
0.51078
0.514348
0.642903
0.35797
0.350794
0.252231
0.517742
0.385689
0.373564
0.412265
0.546978
0.841915
0.47545
0.525701
1.70916
0.667567
-0.152454
-0.0854937
-0.0854937
0.5

0.5
0.473303
0.5072
0.531219
0.256784
0.667486
0.394909
0.282255
0.486885
0.389043
0.372341
0.39491
0.498077
0.879451
0.895024
0.468826
2.07849
0.531131
-0.291668
-0.0856113
-0.0856113
0.5

0.5
0.47572
0.505472
0.518564
0.339456
0.488048
0.438636
0.311248
0.469321
0.38843
0.412265
0.37639
0.369276
1.03285
0.806682
0.373674
2.58708
0.460158
-0.436283
-0.0802373
-0.0802373
0.5

0.5
0.479689
0.502672
0.51375
0.417835
0.433161
0.406401
0.328329
0.449626
0.383113
0.35531
0.354054
0.377331
0.952198
0.390812
0.601184
3.08607
0.477425
-0.577539
-0.0660989
-0.0660989
0.5

0.5
0.488854
0.496748
0.515977
0.478914
0.3883
0.387354
0.389941
0.368981
0.370426
0.383612
0.332162
0.349512
0.7042
-1.32993
1.19475
4.49054
0.498619
-0.733941
-0.0383797
-0.0383797
0.5

0.5
0.488489
0.498066
0.520203
0.540645
0.336319
0.367096
0.384299
0.372508
0.362579
0.329307
0.305377
0.281066
-0.160251
0.507311
0.467038
5.61115
0.624888
-0.963669
0.0140818
0.0140818
0.5

0.5
0.478246
0.489826
0.514854
0.584234
0.265437
0.33864
0.364304
0.361608
0.346813
0.317655
0.280065
0.226863
0.151481
0.289858
0.47545
-0.401789
-0.0834588
0.167216
0.0818927
0.0818927
0.5

0.5
0.478246
0.489826
0.514854
0.584234
0.265437
0.33864
0.364304
0.361608
0.346813
0.317655
0.280065
0.226863
0.151481
0.289858
0.47545
-0.290435
0.0818927
0.167216
0.0818927
0.0818927
0.5


0.5
-0.327752
-0.646957
-0.573259
-0.579867
-0.457499
-0.39098
-0.433959
-0.48564
-0.225784
-0.403378
-0.418399
-0.664322
-0.816628
-0.824751
-0.967705
-0.755286
-0.65303
-0.305054
-0.240789
-0.240789
0.5

0.5
0.327752
0.646957
0.573259
0.579867
0.457499
0.39098
0.433959
0.48564
0.225784
0.403378
0.418399
0.664322
0.816628
0.824751
0.967705
0.755286
0.65303
0.305054
0.240789
0.240789
0.5

0.5
0.248876
0.744008
0.570939
0.54211
0.465463
0.388658
0.423685
0.445304
0.289182
0.390874
0.398494
0.663175
0.741923
0.793197
1.07411
0.730832
0.57948
0.278405
0.2239
0.2239
0.5

0.5
0.34571
0.600478
0.553288
0.534282
0.438022
0.409309
0.436612
0.432451
0.293063
0.389728
0.458799
0.62224
0.724323
0.805243
0.554884
1.34581
0.578695
0.259427
0.219537
0.219537
0.5

0.5
0.410231
0.544218
0.543236
0.523735
0.428663
0.417102
0.433872
0.422938
0.312172
0.390906
0.492033
0.586583
0.698906
0.812999
0.516907
1.16098
0.597835
0.233408
0.21205
0.21205
0.5

0.5
0.443406
0.526308
0.535249
0.534041
0.414282
0.410074
0.429823
0.413048
0.326685
0.392811
0.464951
0.614158
0.69745
0.801593
0.462406
1.17679
0.623061
0.179165
0.200543
0.200543
0.5

0.5
0.458943
0.523595
0.516461
0.538137
0.403551
0.401266
0.428214
0.400516
0.347935
0.392474
0.4518
0.598828
0.702296
0.860514
0.54891
1.23293
0.6433
0.13722
0.18745
0.18745
0.5

0.5
0.467264
0.518626
0.513995
0.541582
0.39612
0.393342
0.411428
0.405827
0.362049
0.390083
0.443582
0.57613
0.719768
0.703537
0.659858
1.31552
0.675892
0.0619515
0.164386
0.164386
0.5

0.5
0.47239
0.514121
0.513172
0.536858
0.398305
0.389516
0.346936
0.450137
0.376082
0.386842
0.431334
0.543853
0.739473
0.59721
0.686103
1.41057
0.703916
0.00459609
0.130517
0.130517
0.5

0.5
0.476117
0.510597
0.514364
0.454487
0.473591
0.405165
0.322348
0.468666
0.386753
0.382432
0.41685
0.497313
0.753887
0.786533
0.710422
1.55722
0.739377
-0.0420933
0.0913305
0.0913305
0.5

0.5
0.479421
0.507854
0.517486
0.25733
0.657094
0.456628
0.334477
0.457336
0.390168
0.376087
0.400156
0.415693
0.811566
0.672515
0.629379
1.78996
0.841352
-0.0943652
0.0459659
0.0459659
0.5

0.5
0.483063
0.505729
0.513987
0.385569
0.462103
0.425063
0.343368
0.442516
0.389405
0.366245
0.381752
0.285422
0.930431
0.448553
0.554654
1.96313
0.735163
-0.181049
0.031499
0.031499
0.5

0.5
0.488094
0.502888
0.512333
0.435596
0.434431
0.409222
0.355241
0.425389
0.385485
0.361133
0.362057
0.324274
0.71207
-0.10876
0.677813
2.46487
0.675663
-0.28338
0.0299412
0.0299412
0.5

0.5
0.495321
0.49794
0.513976
0.479907
0.402428
0.393825
0.374562
0.402402
0.378939
0.350409
0.341397
0.331143
0.452592
-0.551495
1.06095
3.25639
0.667091
-0.380048
0.0360391
0.0360391
0.5

0.5
0.496877
0.499901
0.518258
0.523419
0.366417
0.376938
0.382522
0.383683
0.369911
0.344395
0.31957
0.287588
0.0553192
0.413536
0.327043
4.45143
0.741203
-0.406055
0.0477652
0.0477652
0.5

0.5
0.484841
0.493166
0.511539
0.547169
0.31961
0.351623
0.369067
0.367001
0.354087
0.328823
0.29592
0.247802
0.193641
0.250579
0.326584
3.73707
0.720896
-0.888983
0.0639226
0.0639226
0.5

0.5
0.484841
0.493166
0.511539
0.547169
0.31961
0.351623
0.369067
0.367001
0.354087
0.328823
0.29592
0.247802
0.193641
0.250579
0.326584
3.73707
0.720896
-0.888983
0.0639226
0.0639226
0.5


0.5
-0.365305
-0.613847
-0.555335
-0.538681
-0.379154
-0.396775
-0.438632
-0.444205
-0.351368
-0.415939
-0.440319
-0.651145
-0.727799
-0.778594
-0.784897
-0.863687
-0.614068
-0.338873
-0.283655
-0.283655
0.5

0.5
0.365305
0.613847
0.555335
0.538681
0.379154
0.396775
0.438632
0.444205
0.351368
0.415939
0.440319
0.651145
0.727799
0.778594
0.784897
0.863687
0.614068
0.338873
0.283655
0.283655
0.5

0.5
0.337892
0.606179
0.534474
0.489128
0.448742
0.396763
0.425207
0.427786
0.327511
0.397924
0.431717
0.618193
0.702465
0.751877
0.781578
0.807867
0.587002
0.315073
0.265658
0.265658
0.5

0.5
0.376418
0.575862
0.533379
0.501772
0.465065
0.410562
0.426691
0.424623
0.331446
0.398379
0.450115
0.601952
0.693582
0.751112
0.582286
1.04811
0.594259
0.300765
0.261526
0.261526
0.5

0.5
0.41477
0.545231
0.528224
0.501522
0.452868
0.417159
0.427091
0.419461
0.340801
0.399056
0.467147
0.585982
0.683068
0.746738
0.579237
1.081
0.616677
0.278185
0.254198
0.254198
0.5

0.5
0.441756
0.526318
0.520898
0.501941
0.44105
0.416117
0.422929
0.414922
0.352602
0.399746
0.462238
0.579811
0.680547
0.737499
0.633
1.09834
0.636773
0.246239
0.243767
0.243767
0.5

0.5
0.458038
0.518369
0.514965
0.503155
0.431989
0.411615
0.416519
0.411347
0.363217
0.399053
0.452925
0.56966
0.673979
0.749208
0.630995
1.13508
0.651375
0.208801
0.22997
0.22997
0.5

0.5
0.467707
0.513911
0.510937
0.503089
0.425082
0.406572
0.40451
0.413325
0.373008
0.39705
0.444944
0.552767
0.674124
0.724254
0.67336
1.20167
0.673299
0.164978
0.211125
0.211125
0.5

0.5
0.473833
0.51058
0.508632
0.495115
0.4262
0.403471
0.382148
0.426776
0.381791
0.394035
0.434194
0.52551
0.676621
0.690443
0.719195
1.29153
0.695941
0.118052
0.187754
0.187754
0.5

0.5
0.478208
0.508097
0.507426
0.441175
0.469105
0.408967
0.363235
0.437907
0.388643
0.389983
0.421007
0.487545
0.679186
0.653968
0.732556
1.40304
0.710553
0.0663523
0.163045
0.163045
0.5

0.5
0.481862
0.506353
0.508131
0.302517
0.586843
0.42938
0.361077
0.436175
0.391616
0.384776
0.405727
0.433728
0.681364
0.629381
0.713783
1.55232
0.677048
0.00811907
0.13707
0.13707
0.5

0.5
0.485433
0.505363
0.507214
0.389396
0.481884
0.423641
0.365492
0.428073
0.391189
0.378618
0.38896
0.363642
0.681387
0.493846
0.666229
1.79546
0.701828
-0.0399014
0.120399
0.120399
0.5

0.5
0.489382
0.505004
0.507794
0.438535
0.441629
0.410958
0.371454
0.417119
0.388227
0.371555
0.371583
0.346708
0.601185
0.149385
0.674823
2.22277
0.73744
-0.0907553
0.113435
0.113435
0.5

0.5
0.493976
0.504859
0.510474
0.47506
0.4136
0.39845
0.378735
0.404029
0.383272
0.364123
0.353448
0.333232
0.43563
-0.201731
0.76579
2.90912
0.818788
-0.134972
0.113327
0.113327
0.5

0.5
0.497503
0.502806
0.513377
0.506643
0.386328
0.384352
0.383043
0.390217
0.375767
0.354884
0.333952
0.302065
0.218009
0.234417
0.0413029
3.75888
0.989021
-0.176044
0.117913
0.117913
0.5

0.5
0.488551
0.493473
0.505515
0.519142
0.350275
0.361516
0.37247
0.371307
0.360266
0.339379
0.311911
0.270974
0.224589
0.228769
-0.108308
4.32662
1.17183
-0.129573
0.120687
0.120687
0.5

0.5
0.488551
0.493473
0.505515
0.519142
0.350275
0.361516
0.37247
0.371307
0.360266
0.339379
0.311911
0.270974
0.224589
0.228769
-0.108308
4.32662
1.17183
-0.129573
0.120687
0.120687
0.5


0.5
-0.408227
-0.578915
-0.540242
-0.412428
-0.181187
-0.381835
-0.436427
-0.439281
-0.372962
-0.424093
-0.464714
-0.613968
-0.693548
-0.740095
-0.731768
-0.871904
-0.636594
-0.382226
-0.329676
-0.329676
0.5

0.5
0.408227
0.578915
0.540242
0.412428
0.181187
0.381835
0.436427
0.439281
0.372962
0.424093
0.464714
0.613968
0.693548
0.740095
0.731768
0.871904
0.636594
0.382226
0.329676
0.329676
0.5

0.5
0.396308
0.558868
0.519497
0.380937
0.417743
0.4018
0.422661
0.421915
0.356492
0.406423
0.447952
0.588857
0.668473
0.713972
0.716776
0.841793
0.606373
0.35783
0.310448
0.310448
0.5

0.5
0.410555
0.548465
0.517739
0.446582
0.490399
0.417488
0.423906
0.420763
0.358839
0.406811
0.454885
0.580555
0.664029
0.711488
0.680839
0.897677
0.60942
0.347373
0.306964
0.306964
0.5

0.5
0.430184
0.533741
0.51597
0.47392
0.478418
0.421932
0.423319
0.418365
0.363675
0.407067
0.461734
0.569058
0.657291
0.707245
0.643103
0.962455
0.623633
0.331101
0.300795
0.300795
0.5

0.5
0.447738
0.521666
0.513163
0.484048
0.458598
0.421579
0.420246
0.416216
0.370227
0.407
0.461574
0.558858
0.65099
0.702103
0.645965
1.00012
0.639891
0.309895
0.292162
0.292162
0.5

0.5
0.4607
0.514413
0.509699
0.486174
0.448159
0.418877
0.414926
0.414875
0.377081
0.406125
0.454755
0.550034
0.645128
0.695725
0.662796
1.04244
0.656371
0.284516
0.280981
0.280981
0.5

0.5
0.469593
0.510315
0.506853
0.484777
0.442535
0.415368
0.407052
0.415602
0.383373
0.404217
0.447035
0.535336
0.639243
0.680647
0.684087
1.10106
0.674634
0.254484
0.267104
0.267104
0.5

0.5
0.475744
0.507773
0.504781
0.477611
0.442637
0.412694
0.396151
0.419481
0.388773
0.401361
0.437503
0.513628
0.633134
0.652772
0.711278
1.18099
0.693901
0.220817
0.251248
0.251248
0.5

0.5
0.480313
0.506149
0.503348
0.451703
0.458798
0.413428
0.385525
0.423821
0.392847
0.397577
0.425915
0.484529
0.624498
0.624037
0.727793
1.28548
0.71122
0.185081
0.234825
0.234825
0.5

0.5
0.484131
0.505226
0.502893
0.394493
0.501415
0.419553
0.380903
0.423694
0.394729
0.392842
0.412506
0.447643
0.610981
0.581628
0.720657
1.42023
0.734369
0.152768
0.218766
0.218766
0.5

0.5
0.487777
0.504934
0.503025
0.410455
0.478377
0.42002
0.381169
0.419362
0.394288
0.38723
0.397747
0.405852
0.586029
0.485313
0.674346
1.61221
0.773215
0.123419
0.206086
0.206086
0.5

0.5
0.491684
0.505149
0.504349
0.443648
0.447273
0.412598
0.383305
0.412524
0.391923
0.380933
0.382258
0.375178
0.525556
0.280253
0.578703
1.97758
0.83738
0.0985617
0.198738
0.198738
0.5

0.5
0.496071
0.505528
0.507008
0.471487
0.423985
0.403128
0.386156
0.404177
0.387979
0.374021
0.366129
0.350213
0.4214
0.0513601
0.411202
2.59662
0.955297
0.0794457
0.196111
0.196111
0.5

0.5
0.499429
0.504598
0.509074
0.494439
0.402457
0.39155
0.387123
0.393904
0.38155
0.36546
0.348731
0.321445
0.297323
0.170833
-0.210936
3.35958
1.14148
0.0650606
0.196037
0.196037
0.5

0.5
0.491758
0.493911
0.500295
0.499886
0.372825
0.370816
0.376323
0.375758
0.36657
0.34996
0.327909
0.294146
0.254965
0.200061
-0.506687
3.94889
1.31924
0.0268683
0.19167
0.19167
0.5

0.5
0.491758
0.493911
0.500295
0.499886
0.372825
0.370816
0.376323
0.375758
0.36657
0.34996
0.327909
0.294146
0.254965
0.200061
-0.506687
3.94889
1.31924
0.0268683
0.19167
0.19167
0.5


0.5
-0.438747
-0.553572
-0.528658
-0.15727
-0.0736964
-0.379536
-0.435576
-0.437539
-0.394703
-0.433113
-0.476771
-0.589702
-0.663083
-0.706214
-0.70879
-0.83876
-0.642771
-0.425126
-0.37694
-0.37694
0.5

0.5
0.438747
0.553572
0.528658
0.15727
0.0736964
0.379536
0.435576
0.437539
0.394703
0.433113
0.476771
0.589702
0.663083
0.706214
0.70879
0.83876
0.642771
0.425126
0.37694
0.37694
0.5

0.5
0.426517
0.533516
0.50666
0.266859
0.315937
0.399763
0.422183
0.420138
0.377512
0.414986
0.457815
0.566524
0.639065
0.681035
0.68819
0.810792
0.614657
0.401036
0.356617
0.356617
0.5

0.5
0.434594
0.528881
0.506411
0.373288
0.49798
0.424871
0.423581
0.41971
0.379004
0.41513
0.46009
0.561625
0.636366
0.679143
0.684044
0.832773
0.617863
0.394173
0.35403
0.35403
0.5

0.5
0.44536
0.521871
0.506333
0.428756
0.514847
0.429229
0.422677
0.41856
0.381643
0.415005
0.462157
0.553925
0.63141
0.675064
0.668787
0.87265
0.6271
0.383385
0.349435
0.349435
0.5

0.5
0.456288
0.515125
0.505419
0.45885
0.48089
0.427406
0.420208
0.417369
0.38528
0.414517
0.461356
0.545179
0.625369
0.669304
0.663928
0.911878
0.640404
0.369506
0.343102
0.343102
0.5

0.5
0.465583
0.510225
0.503987
0.47241
0.460843
0.424533
0.416289
0.416514
0.389258
0.413396
0.456612
0.53569
0.618462
0.661171
0.669874
0.952662
0.655823
0.352778
0.335128
0.335128
0.5

0.5
0.472815
0.507194
0.502512
0.475475
0.451846
0.421443
0.411014
0.416397
0.392996
0.41148
0.449852
0.522997
0.610294
0.648151
0.681511
1.00289
0.673359
0.333628
0.325742
0.325742
0.5

0.5
0.478337
0.50545
0.501272
0.472372
0.449183
0.418828
0.404604
0.417258
0.396117
0.408751
0.441481
0.50565
0.600228
0.626949
0.6959
1.0674
0.693723
0.312871
0.315442
0.315442
0.5

0.5
0.482732
0.504558
0.500361
0.46189
0.45323
0.417652
0.398241
0.418311
0.398295
0.405219
0.431453
0.483259
0.586684
0.598361
0.705535
1.14872
0.718513
0.292425
0.304967
0.304967
0.5

0.5
0.486554
0.504304
0.499976
0.443074
0.464327
0.418417
0.394095
0.417755
0.399125
0.400895
0.419904
0.456094
0.567118
0.557017
0.69988
1.25386
0.752263
0.274835
0.295134
0.295134
0.5

0.5
0.49026
0.504578
0.500366
0.438573
0.462669
0.418348
0.39259
0.414996
0.398439
0.395844
0.407155
0.42591
0.53692
0.483708
0.657987
1.41547
0.800537
0.260964
0.287087
0.287087
0.5

0.5
0.49423
0.505288
0.501767
0.452862
0.447255
0.414138
0.392597
0.410497
0.396373
0.390184
0.393603
0.397315
0.48739
0.354651
0.53667
1.70189
0.872925
0.251283
0.281878
0.281878
0.5

0.5
0.498645
0.506176
0.5041
0.470657
0.431048
0.407429
0.393165
0.404754
0.393067
0.38393
0.379406
0.370613
0.414728
0.20493
0.268312
2.18138
0.983904
0.245105
0.279492
0.279492
0.5

0.5
0.502089
0.505591
0.505454
0.486232
0.414539
0.398125
0.39211
0.396854
0.387411
0.375947
0.363898
0.343421
0.333119
0.189041
-0.229251
2.78462
1.13951
0.240229
0.278103
0.278103
0.5

0.5
0.494852
0.494544
0.495867
0.486482
0.389349
0.379202
0.380435
0.38006
0.372902
0.360579
0.344063
0.317717
0.285132
0.194564
-0.566585
3.25046
1.27491
0.226382
0.27019
0.27019
0.5

0.5
0.494852
0.494544
0.495867
0.486482
0.389349
0.379202
0.380435
0.38006
0.372902
0.360579
0.344063
0.317717
0.285132
0.194564
-0.566585
3.25046
1.27491
0.226382
0.27019
0.27019
0.5


0.5
-0.45958
-0.537301
-0.514855
-0.512017
-0.5996
-0.451602
-0.443252
-0.438639
-0.411477
-0.441797
-0.483739
-0.571374
-0.63691
-0.676874
-0.690723
-0.796247
-0.644733
-0.467849
-0.42509
-0.42509
0.5

0.5
0.45958
0.537301
0.514855
0.512017
0.5996
0.451602
0.443252
0.438639
0.411477
0.441797
0.483739
0.571374
0.63691
0.676874
0.690723
0.796247
0.644733
0.467849
0.42509
0.42509
0.5

0.5
0.446184
0.51803
0.497101
0.469963
0.534387
0.428323
0.424645
0.420731
0.393829
0.423294
0.464067
0.549043
0.613461
0.652339
0.668192
0.769745
0.617805
0.443769
0.403703
0.403703
0.5

0.5
0.45144
0.515841
0.498501
0.449576
0.510807
0.42992
0.424331
0.420453
0.394664
0.423206
0.464433
0.545883
0.611577
0.651015
0.669287
0.78189
0.62073
0.439703
0.402076
0.402076
0.5

0.5
0.457962
0.512491
0.499231
0.448511
0.495771
0.431727
0.423404
0.419756
0.396023
0.422781
0.464342
0.540393
0.607667
0.647553
0.665329
0.805264
0.627595
0.43326
0.39917
0.39917
0.5

0.5
0.464927
0.509017
0.499339
0.457731
0.47963
0.43104
0.421515
0.418928
0.397904
0.422007
0.46274
0.533351
0.60225
0.642176
0.662293
0.834857
0.638257
0.425061
0.395246
0.395246
0.5

0.5
0.471417
0.506246
0.49904
0.46643
0.465615
0.428776
0.418648
0.418146
0.399992
0.420712
0.458877
0.524913
0.595407
0.634379
0.663894
0.86838
0.651955
0.415479
0.390448
0.390448
0.5

0.5
0.476996
0.504463
0.498583
0.470737
0.45659
0.426022
0.414956
0.417563
0.401942
0.418782
0.453181
0.514189
0.586797
0.622839
0.669057
0.908179
0.668677
0.405043
0.385008
0.385008
0.5

0.5
0.481668
0.503558
0.498159
0.470761
0.452069
0.423438
0.410703
0.417232
0.40347
0.416177
0.446012
0.500308
0.575756
0.605458
0.675373
0.957446
0.689405
0.394579
0.379259
0.379259
0.5

0.5
0.485688
0.503337
0.497899
0.466976
0.451262
0.421505
0.40646
0.416865
0.404343
0.412897
0.437476
0.482918
0.56109
0.580629
0.678303
1.01966
0.716022
0.385356
0.373631
0.373631
0.5

0.5
0.489382
0.50365
0.497946
0.460319
0.453095
0.42038
0.403102
0.415799
0.404341
0.408964
0.427689
0.462193
0.540906
0.544451
0.670099
1.10278
0.751232
0.378611
0.368614
0.368614
0.5

0.5
0.493085
0.504407
0.498533
0.456641
0.452558
0.419173
0.401042
0.413615
0.403348
0.404429
0.416863
0.438988
0.51235
0.487612
0.634391
1.2285
0.798282
0.374864
0.364735
0.364735
0.5

0.5
0.497115
0.505538
0.499876
0.461803
0.445463
0.41622
0.399966
0.410358
0.401398
0.399375
0.405258
0.414923
0.471688
0.399829
0.533892
1.43961
0.86343
0.374144
0.362464
0.362464
0.5

0.5
0.50161
0.5068
0.501837
0.471704
0.435428
0.411439
0.399279
0.406155
0.3985
0.393771
0.392998
0.39074
0.417757
0.29605
0.306923
1.78312
0.95565
0.375874
0.361769
0.361769
0.5

0.5
0.505175
0.506485
0.502565
0.481128
0.423358
0.404001
0.39701
0.399804
0.393387
0.386397
0.379314
0.366165
0.358679
0.240239
-0.0668647
2.22381
1.07554
0.377602
0.360834
0.360834
0.5

0.5
0.498096
0.495376
0.492278
0.477217
0.401683
0.386612
0.384571
0.384153
0.379215
0.371202
0.360352
0.341665
0.315674
0.22147
-0.355638
2.56528
1.17487
0.367364
0.351131
0.351131
0.5

0.5
0.498096
0.495376
0.492278
0.477217
0.401683
0.386612
0.384571
0.384153
0.379215
0.371202
0.360352
0.341665
0.315674
0.22147
-0.355638
2.56528
1.17487
0.367364
0.351131
0.351131
0.5


0.5
-0.4745
-0.526478
-0.512366
-0.474868
-0.501837
-0.449622
-0.444446
-0.440474
-0.42503
-0.450003
-0.488305
-0.556774
-0.613938
-0.650926
-0.671762
-0.751491
-0.643431
-0.509585
-0.473517
-0.473517
0.5

0.5
0.4745
0.526478
0.512366
0.474868
0.501837
0.449622
0.444446
0.440474
0.42503
0.450003
0.488305
0.556774
0.613938
0.650926
0.671762
0.751491
0.643431
0.509585
0.473517
0.473517
0.5

0.5
0.460297
0.507897
0.493774
0.459188
0.486128
0.431998
0.426368
0.42251
0.407004
0.43119
0.468325
0.53495
0.590942
0.626897
0.648421
0.726003
0.617368
0.485278
0.451081
0.451081
0.5

0.5
0.46404
0.507067
0.494083
0.458914
0.485419
0.433197
0.425933
0.42228
0.407377
0.43094
0.467963
0.532812
0.589566
0.62601
0.650156
0.733498
0.619899
0.483374
0.450402
0.450402
0.5

0.5
0.46835
0.505631
0.494493
0.459207
0.48044
0.43396
0.424996
0.421704
0.407917
0.430311
0.466992
0.528822
0.586464
0.623291
0.649795
0.747449
0.625217
0.480365
0.449152
0.449152
0.5

0.5
0.473002
0.504101
0.494857
0.462351
0.472496
0.433439
0.423471
0.42097
0.408688
0.429354
0.465036
0.523359
0.58189
0.618816
0.648824
0.766983
0.633635
0.476737
0.447553
0.447553
0.5

0.5
0.477587
0.502879
0.495108
0.466523
0.464216
0.431753
0.421303
0.420146
0.409528
0.427959
0.461677
0.516463
0.575787
0.612188
0.649095
0.790807
0.645068
0.472854
0.445709
0.445709
0.5

0.5
0.481837
0.502193
0.495291
0.469563
0.457566
0.429467
0.418587
0.419295
0.410244
0.426047
0.456928
0.507782
0.567869
0.60255
0.650791
0.819421
0.659706
0.46918
0.443774
0.443774
0.5

0.5
0.485701
0.502077
0.495491
0.470609
0.453158
0.427086
0.415515
0.418429
0.410657
0.423584
0.450949
0.496863
0.557586
0.588493
0.652561
0.854756
0.67831
0.466315
0.441941
0.441941
0.5

0.5
0.489282
0.502467
0.495784
0.469683
0.45079
0.424943
0.412397
0.417436
0.410615
0.420569
0.443851
0.48345
0.544052
0.568269
0.65143
0.900153
0.702165
0.464958
0.440438
0.440438
0.5

0.5
0.492776
0.503285
0.496269
0.467438
0.449787
0.423145
0.409635
0.416062
0.409992
0.417022
0.435734
0.467584
0.525972
0.539011
0.641881
0.962299
0.732967
0.465683
0.439504
0.439504
0.5

0.5
0.496429
0.50448
0.497105
0.465934
0.448424
0.421363
0.407487
0.414096
0.408715
0.412983
0.426742
0.449651
0.501637
0.49574
0.612591
1.05523
0.773059
0.468742
0.439373
0.439373
0.5

0.5
0.500487
0.505985
0.49843
0.467987
0.444552
0.418868
0.4059
0.411497
0.406791
0.408512
0.417052
0.430324
0.469265
0.433646
0.539267
1.20441
0.82629
0.474041
0.440215
0.440215
0.5

0.5
0.505057
0.507574
0.500105
0.47313
0.438495
0.415265
0.404517
0.408216
0.404153
0.403551
0.406733
0.41012
0.428627
0.358983
0.382484
1.43899
0.897474
0.481062
0.44187
0.44187
0.5

0.5
0.508728
0.507505
0.500336
0.478011
0.429877
0.409212
0.401518
0.402867
0.399417
0.396786
0.39485
0.388994
0.384252
0.299716
0.128979
1.74215
0.984505
0.487155
0.44237
0.44237
0.5

0.5
0.501716
0.496428
0.489466
0.47083
0.411014
0.393048
0.388537
0.388027
0.385456
0.381777
0.37672
0.365898
0.347364
0.268127
-0.0829439
1.975
1.05162
0.48011
0.432036
0.432036
0.5

0.5
0.501716
0.496428
0.489466
0.47083
0.411014
0.393048
0.388537
0.388027
0.385456
0.381777
0.37672
0.365898
0.347364
0.268127
-0.0829439
1.975
1.05162
0.48011
0.432036
0.432036
0.5


0.5
-0.486088
-0.519188
-0.508689
-0.48331
-0.491528
-0.454173
-0.446419
-0.44288
-0.436264
-0.457539
-0.491509
-0.544426
-0.593327
-0.627433
-0.651525
-0.707959
-0.640964
-0.549975
-0.5213
-0.5213
0.5

0.5
0.486088
0.519188
0.508689
0.48331
0.491528
0.454173
0.446419
0.44288
0.436264
0.457539
0.491509
0.544426
0.593327
0.627433
0.651525
0.707959
0.640964
0.549975
0.5213
0.5213
0.5

0.5
0.471366
0.501002
0.490378
0.465356
0.473057
0.43608
0.4283
0.424811
0.417913
0.438468
0.471362
0.523005
0.570747
0.60385
0.627904
0.683184
0.615485
0.525293
0.497849
0.497849
0.5

0.5
0.474245
0.500945
0.490646
0.465341
0.471795
0.436132
0.42782
0.424569
0.417957
0.438119
0.470777
0.521584
0.569793
0.603336
0.629321
0.687421
0.61757
0.525095
0.498067
0.498067
0.5

0.5
0.477302
0.500602
0.490978
0.465398
0.469149
0.435991
0.426906
0.423994
0.417938
0.437367
0.469543
0.518741
0.567435
0.601374
0.62974
0.694984
0.621599
0.524836
0.498364
0.498364
0.5

0.5
0.480564
0.500264
0.491428
0.4665
0.465166
0.435294
0.425607
0.423242
0.417961
0.436306
0.467587
0.514697
0.563825
0.598004
0.629559
0.706078
0.627993
0.524884
0.498912
0.498912
0.5

0.5
0.483884
0.500119
0.491943
0.468348
0.460589
0.433901
0.423879
0.422339
0.417947
0.434871
0.464694
0.509437
0.558858
0.592911
0.62941
0.720352
0.63691
0.525494
0.499742
0.499742
0.5

0.5
0.48715
0.500302
0.492508
0.470091
0.456343
0.43201
0.421769
0.421314
0.417798
0.433016
0.460802
0.502804
0.552305
0.585517
0.629496
0.738041
0.648598
0.52697
0.500909
0.500909
0.5

0.5
0.490334
0.500864
0.493132
0.471113
0.452961
0.429902
0.41939
0.420174
0.417416
0.430718
0.455962
0.494569
0.54376
0.574867
0.629144
0.760373
0.66356
0.52965
0.502485
0.502485
0.5

0.5
0.493496
0.501795
0.493843
0.471247
0.450545
0.42781
0.416916
0.418881
0.416715
0.427979
0.450241
0.484562
0.532611
0.559619
0.626562
0.789901
0.682575
0.53384
0.504536
0.504536
0.5

0.5
0.496774
0.503073
0.494697
0.470753
0.448844
0.425835
0.414554
0.417345
0.415627
0.424813
0.443714
0.472766
0.518018
0.537782
0.618117
0.8314
0.706717
0.539768
0.507132
0.507132
0.5

0.5
0.500342
0.50466
0.49577
0.470439
0.447191
0.423871
0.412454
0.415475
0.414114
0.421255
0.436477
0.459335
0.498964
0.506465
0.596525
0.893724
0.73751
0.547486
0.510328
0.510328
0.5

0.5
0.504403
0.506509
0.497131
0.471486
0.444659
0.421619
0.410632
0.413239
0.412178
0.417353
0.428656
0.44458
0.474536
0.463072
0.547244
0.991762
0.77716
0.556847
0.514128
0.514128
0.5

0.5
0.509031
0.5084
0.49863
0.474048
0.440917
0.418735
0.408856
0.410517
0.409707
0.413015
0.420251
0.42877
0.4447
0.409919
0.447616
1.14266
0.827912
0.567328
0.518261
0.518261
0.5

0.5
0.51279
0.508568
0.4985
0.475858
0.434744
0.413658
0.405407
0.405816
0.405233
0.406848
0.410156
0.411536
0.411638
0.359502
0.288646
1.33873
0.886723
0.57616
0.520554
0.520554
0.5

0.5
0.505811
0.497558
0.487168
0.466229
0.418048
0.398427
0.392059
0.391516
0.391392
0.392035
0.392859
0.390129
0.380292
0.324541
0.145618
1.49136
0.927432
0.570679
0.510144
0.510144
0.5

0.5
0.505811
0.497558
0.487168
0.466229
0.418048
0.398427
0.392059
0.391516
0.391392
0.392035
0.392859
0.390129
0.380292
0.324541
0.145618
1.49136
0.927432
0.570679
0.510144
0.510144
0.5


0.5
-0.495242
-0.513352
-0.505004
-0.486298
-0.479251
-0.455933
-0.447616
-0.444705
-0.444837
-0.463243
-0.492715
-0.532654
-0.574117
-0.606136
-0.632249
-0.670688
-0.640829
-0.587775
-0.565399
-0.565399
0.5

0.5
0.495242
0.513352
0.505004
0.486298
0.479251
0.455933
0.447616
0.444705
0.444837
0.463243
0.492715
0.532654
0.574117
0.606136
0.632249
0.670688
0.640829
0.587775
0.565399
0.565399
0.5

0.5
0.48014
0.495402
0.486827
0.468068
0.461473
0.437815
0.429451
0.42651
0.426187
0.443947
0.472462
0.511579
0.551886
0.582872
0.608419
0.646161
0.615521
0.562563
0.540981
0.540981
0.5

0.5
0.482499
0.495833
0.487165
0.468267
0.46107
0.437581
0.429011
0.426235
0.425987
0.44354
0.471857
0.510709
0.551275
0.582612
0.609235
0.647914
0.617317
0.563688
0.541965
0.541965
0.5

0.5
0.484793
0.496184
0.487536
0.468379
0.459946
0.437034
0.428151
0.425609
0.425558
0.442712
0.470629
0.508779
0.549549
0.581237
0.609367
0.650792
0.620444
0.565542
0.543558
0.543558
0.5

0.5
0.487178
0.496631
0.488066
0.468804
0.458178
0.436168
0.426995
0.424784
0.425037
0.441591
0.468848
0.50595
0.546836
0.578815
0.608998
0.655257
0.625324
0.568378
0.545887
0.545887
0.5

0.5
0.48965
0.497249
0.488735
0.46957
0.455952
0.434898
0.425533
0.423774
0.424398
0.440146
0.466416
0.502194
0.543041
0.575132
0.60828
0.66138
0.632145
0.572292
0.548899
0.548899
0.5

0.5
0.492199
0.498097
0.489518
0.470435
0.453593
0.433268
0.423788
0.422599
0.423607
0.438358
0.46329
0.497437
0.538007
0.569831
0.607298
0.669383
0.641107
0.577398
0.552558
0.552558
0.5

0.5
0.494843
0.499208
0.490402
0.47113
0.451379
0.431402
0.421821
0.421272
0.422626
0.43622
0.459476
0.491571
0.531489
0.562361
0.605818
0.679966
0.65248
0.583776
0.556817
0.556817
0.5

0.5
0.497646
0.500597
0.491392
0.471525
0.449466
0.429441
0.419728
0.419796
0.421421
0.433735
0.455005
0.484506
0.523132
0.551907
0.603025
0.694583
0.666645
0.591471
0.56162
0.56162
0.5

0.5
0.500711
0.502259
0.492496
0.471666
0.447838
0.427474
0.417614
0.418152
0.419964
0.430916
0.449923
0.476208
0.512463
0.537256
0.597088
0.715917
0.684158
0.6005
0.566921
0.566921
0.5

0.5
0.504179
0.504176
0.493735
0.471824
0.446299
0.425499
0.415567
0.41632
0.418248
0.427797
0.444301
0.466738
0.498937
0.516778
0.584211
0.748799
0.705798
0.610783
0.57266
0.57266
0.5

0.5
0.508218
0.506314
0.49513
0.472428
0.444522
0.423424
0.41362
0.414287
0.416273
0.424411
0.438216
0.456235
0.482087
0.488941
0.556785
0.801271
0.732619
0.622148
0.578743
0.578743
0.5

0.5
0.51288
0.508461
0.496509
0.473545
0.442181
0.420999
0.411599
0.411907
0.413901
0.420643
0.431616
0.444782
0.461835
0.454158
0.502481
0.883318
0.765421
0.634087
0.584827
0.584827
0.5

0.5
0.5167
0.508832
0.496112
0.473338
0.437699
0.416592
0.407849
0.407624
0.409604
0.415031
0.423231
0.431578
0.438655
0.41717
0.413753
0.993545
0.801182
0.643789
0.58855
0.58855
0.5

0.5
0.509732
0.497892
0.48442
0.461948
0.422632
0.402053
0.39425
0.393685
0.395831
0.400426
0.40678
0.412117
0.412518
0.384729
0.324261
1.08137
0.820703
0.638353
0.578081
0.578081
0.5

0.5
0.509732
0.497892
0.48442
0.461948
0.422632
0.402053
0.39425
0.393685
0.395831
0.400426
0.40678
0.412117
0.412518
0.384729
0.324261
1.08137
0.820703
0.638353
0.578081
0.578081
0.5


0.5
-0.499507
-0.50683
-0.499978
-0.485316
-0.469784
-0.454889
-0.446275
-0.44376
-0.447829
-0.463572
-0.488967
-0.520189
-0.557373
-0.590323
-0.620202
-0.650454
-0.646281
-0.615661
-0.594992
-0.594992
0.5

0.5
0.499507
0.50683
0.499978
0.485316
0.469784
0.454889
0.446275
0.44376
0.447829
0.463572
0.488967
0.520189
0.557373
0.590323
0.620202
0.650454
0.646281
0.615661
0.594992
0.594992
0.5

0.5
0.483941
0.488776
0.481611
0.466715
0.451955
0.43644
0.4278
0.425205
0.428736
0.443913
0.46845
0.499097
0.535008
0.566749
0.595595
0.625268
0.620261
0.58948
0.56953
0.56953
0.5

0.5
0.486043
0.489553
0.482073
0.466987
0.451968
0.436107
0.427406
0.424889
0.42838
0.443475
0.46788
0.498549
0.53451
0.566466
0.595755
0.625796
0.622128
0.591342
0.570941
0.570941
0.5

0.5
0.487943
0.49038
0.482555
0.46717
0.451598
0.435366
0.426578
0.424177
0.427665
0.442583
0.466697
0.49714
0.533008
0.565147
0.595108
0.62621
0.62504
0.594313
0.573216
0.573216
0.5

0.5
0.489863
0.491374
0.483194
0.467434
0.450966
0.434376
0.425482
0.423232
0.426758
0.441394
0.465042
0.495008
0.530628
0.562892
0.593825
0.626978
0.629365
0.598559
0.576465
0.576465
0.5

0.5
0.491867
0.492536
0.483979
0.467794
0.450062
0.433132
0.424131
0.422071
0.425666
0.439904
0.462886
0.492117
0.527284
0.559541
0.591869
0.628267
0.635239
0.604048
0.580587
0.580587
0.5

0.5
0.494002
0.493867
0.484884
0.468206
0.448918
0.431643
0.422549
0.420716
0.424398
0.438113
0.46021
0.488431
0.522877
0.554888
0.589196
0.630219
0.642755
0.610717
0.585472
0.585472
0.5

0.5
0.49632
0.495385
0.485897
0.468599
0.447609
0.42995
0.420774
0.419196
0.422958
0.436026
0.457014
0.483921
0.51729
0.548657
0.585632
0.633001
0.652011
0.618483
0.591001
0.591001
0.5

0.5
0.498893
0.497103
0.487009
0.468926
0.446242
0.428124
0.41886
0.417539
0.421349
0.433651
0.45331
0.47856
0.510368
0.540435
0.580801
0.636924
0.663114
0.627252
0.597052
0.597052
0.5

0.5
0.501811
0.499027
0.488208
0.469179
0.444885
0.426223
0.416863
0.415767
0.419579
0.43101
0.449134
0.472354
0.501938
0.529669
0.573952
0.642479
0.676262
0.636958
0.603526
0.603526
0.5

0.5
0.5052
0.501157
0.489496
0.469434
0.443574
0.424295
0.414841
0.413901
0.417658
0.428134
0.44454
0.46535
0.49183
0.515687
0.563809
0.650554
0.691692
0.647489
0.610307
0.610307
0.5

0.5
0.509211
0.503474
0.490868
0.469804
0.442286
0.422348
0.412828
0.411948
0.415594
0.425051
0.439585
0.457632
0.479944
0.497892
0.548103
0.66257
0.709681
0.658712
0.61727
0.61727
0.5

0.5
0.513882
0.505774
0.492138
0.470206
0.440804
0.420205
0.410672
0.40975
0.413235
0.421633
0.434189
0.449204
0.466293
0.476324
0.52322
0.680316
0.730107
0.67017
0.62404
0.62404
0.5

0.5
0.517705
0.506244
0.491528
0.468893
0.437415
0.416209
0.40674
0.405701
0.409002
0.416366
0.426977
0.438982
0.45043
0.452037
0.485686
0.702736
0.749887
0.679004
0.628121
0.628121
0.5

0.5
0.510613
0.495221
0.479473
0.456379
0.423373
0.402042
0.392915
0.391906
0.395181
0.401854
0.411133
0.42116
0.428705
0.425029
0.440689
0.712757
0.753819
0.672279
0.617131
0.617131
0.5

0.5
0.510613
0.495221
0.479473
0.456379
0.423373
0.402042
0.392915
0.391906
0.395181
0.401854
0.411133
0.42116
0.428705
0.425029
0.440689
0.712757
0.753819
0.672279
0.617131
0.617131
0.5


0.5
0.5
0.5
0.5
0.5
0.5
0.5
0.5
0.5
0.5
0.5
0.5
0.5
0.5
0.5
0.5
0.5
0.5
0.5
0.5
0.5
0.5

0.5
0.499507
0.50683
0.499978
0.485316
0.469784
0.454889
0.446275
0.44376
0.447829
0.463572
0.488967
0.520189
0.557373
0.590323
0.620202
0.650454
0.646281
0.615661
0.594992
0.594992
0.5

0.5
0.483941
0.488776
0.481611
0.466715
0.451955
0.43644
0.4278
0.425205
0.428736
0.443913
0.46845
0.499097
0.535008
0.566749
0.595595
0.625268
0.620261
0.58948
0.56953
0.56953
0.5

0.5
0.486043
0.489553
0.482073
0.466987
0.451968
0.436107
0.427406
0.424889
0.42838
0.443475
0.46788
0.498549
0.53451
0.566466
0.595755
0.625796
0.622128
0.591342
0.570941
0.570941
0.5

0.5
0.487943
0.49038
0.482555
0.46717
0.451598
0.435366
0.426578
0.424177
0.427665
0.442583
0.466697
0.49714
0.533008
0.565147
0.595108
0.62621
0.62504
0.594313
0.573216
0.573216
0.5

0.5
0.489863
0.491374
0.483194
0.467434
0.450966
0.434376
0.425482
0.423232
0.426758
0.441394
0.465042
0.495008
0.530628
0.562892
0.593825
0.626978
0.629365
0.598559
0.576465
0.576465
0.5

0.5
0.491867
0.492536
0.483979
0.467794
0.450062
0.433132
0.424131
0.422071
0.425666
0.439904
0.462886
0.492117
0.527284
0.559541
0.591869
0.628267
0.635239
0.604048
0.580587
0.580587
0.5

0.5
0.494002
0.493867
0.484884
0.468206
0.448918
0.431643
0.422549
0.420716
0.424398
0.438113
0.46021
0.488431
0.522877
0.554888
0.589196
0.630219
0.642755
0.610717
0.585472
0.585472
0.5

0.5
0.49632
0.495385
0.485897
0.468599
0.447609
0.42995
0.420774
0.419196
0.422958
0.436026
0.457014
0.483921
0.51729
0.548657
0.585632
0.633001
0.652011
0.618483
0.591001
0.591001
0.5

0.5
0.498893
0.497103
0.487009
0.468926
0.446242
0.428124
0.41886
0.417539
0.421349
0.433651
0.45331
0.47856
0.510368
0.540435
0.580801
0.636924
0.663114
0.627252
0.597052
0.597052
0.5

0.5
0.501811
0.499027
0.488208
0.469179
0.444885
0.426223
0.416863
0.415767
0.419579
0.43101
0.449134
0.472354
0.501938
0.529669
0.573952
0.642479
0.676262
0.636958
0.603526
0.603526
0.5

0.5
0.5052
0.501157
0.489496
0.469434
0.443574
0.424295
0.414841
0.413901
0.417658
0.428134
0.44454
0.46535
0.49183
0.515687
0.563809
0.650554
0.691692
0.647489
0.610307
0.610307
0.5

0.5
0.509211
0.503474
0.490868
0.469804
0.442286
0.422348
0.412828
0.411948
0.415594
0.425051
0.439585
0.457632
0.479944
0.497892
0.548103
0.66257
0.709681
0.658712
0.61727
0.61727
0.5

0.5
0.513882
0.505774
0.492138
0.470206
0.440804
0.420205
0.410672
0.40975
0.413235
0.421633
0.434189
0.449204
0.466293
0.476324
0.52322
0.680316
0.730107
0.67017
0.62404
0.62404
0.5

0.5
0.517705
0.506244
0.491528
0.468893
0.437415
0.416209
0.40674
0.405701
0.409002
0.416366
0.426977
0.438982
0.45043
0.452037
0.485686
0.702736
0.749887
0.679004
0.628121
0.628121
0.5

0.5
0.510613
0.495221
0.479473
0.456379
0.423373
0.402042
0.392915
0.391906
0.395181
0.401854
0.411133
0.42116
0.428705
0.425029
0.440689
0.712757
0.753819
0.672279
0.617131
0.617131
0.5

0.5
0.51039
0.496698
0.482622
0.461599
0.431225
0.411845
0.403985
0.403807
0.407796
0.415216
0.425466
0.436939
0.446678
0.446687
0.465298
0.727569
0.763657
0.681909
0.627193
0.627193
0.5


