0.5
0.5
-0.100622
0.5
0.5
0.5
0.5
0.093623
0.5
0.5
0.245851
0.5
0.5
0.5
0.5
0.5
0.5
0.5
0.5
0.5
0.5
0.5

0.5
-0.216936
0.75636
0.560564
0.733947
-0.161332
-0.475405
0.0413628
-0.986161
0.0285287
-0.396047
-0.77929
0.424158
-1.68899
-0.0913409
0.0354758
-0.171167
-0.607115
-1.55135
-0.801098
-0.801098
0.5

0.5
0.293947
-0.0220796
0.531424
0.672585
0.159995
-0.603528
-0.112904
0.203645
-0.990708
-0.426668
-0.650377
0.233082
0.109547
-0.191889
0.857604
-1.28076
-0.699238
-1.47332
-0.816628
-0.816628
0.5

0.5
-0.166693
0.562924
0.519349
0.570972
-0.0803822
-0.192629
0.0528823
-0.0615283
-0.935877
-0.440372
-0.0696185
-0.269596
0.111261
-0.102323
-0.63818
0.753551
-0.887939
-1.45321
-0.80121
-0.80121
0.5

0.5
-0.170215
0.629247
0.50854
0.35416
-0.0506204
-0.025112
0.0291623
-0.125087
-0.788349
-0.43726
0.150439
-0.0522219
-0.114431
-0.00855777
-1.00807
0.52906
-0.866776
-1.4721
-0.773521
-0.773521
0.5

0.5
0.339397
0.258536
0.394015
0.306006
-0.0854767
-0.0231022
0.038886
-0.262379
-0.356583
-0.401196
0.40064
1.50985
-0.369506
0.0409556
-0.581422
0.110235
-0.925691
-1.48602
-0.729889
-0.729889
0.5

0.5
0.505158
0.187863
0.319743
0.351813
-0.124531
-0.0938425
0.113776
-0.439142
-0.597052
-0.356408
0.278177
-0.465295
-0.137294
0.112331
-0.473293
-0.11537
-1.06573
-1.49563
-0.679045
-0.679045
0

0.5
0.480031
0.2509
0.31829
0.399848
-0.164624
-0.167297
0.00504465
-0.395839
-0.495243
-0.337483
0.0789255
-0.21977
0.0810384
0.1343
-0.572885
-0.105655
-1.10959
-1.55297
-0.657388
-0.657388
0.5

0.5
0.435738
0.303193
0.364122
0.355303
-0.147269
-0.236809
-1.08046
0.569573
-0.397037
-0.335433
-0.0795407
-0.197352
0.437171
0.857604
-0.659017
-0.0697231
-1.09617
-1.5289
-0.787009
-0.787009
0.5

0.5
0.410218
0.342439
0.415737
0.208923
-0.0854767
-0.242742
-1.0447
0.467669
-0.306497
-0.336794
-0.211525
-0.536231
1.13378
0.142448
-0.96922
0.0774059
-1.09766
-1.15598
-1.12664
-1.12664
0.5

0.5
0.402313
0.375371
0.4483
0.133249
-0.0771075
-0.0231022
-0.846688
0.23613
-0.271557
-0.320159
-0.35558
-1.285
2.12622
-0.545214
-1.14595
0.5201
-1.12142
-0.919622
-1.31597
-1.31597
0.5

0.5
0.407973
0.401631
0.460926
0.304376
-0.250222
-0.38798
-0.693433
0.0465182
-0.276021
-0.211525
-0.501717
-1.68899
2.45012
-0.823365
-0.976984
1.19831
-1.01769
-0.756424
-1.26509
-1.26509
0.5

0.5
0.416866
0.417916
0.485425
0.543239
-0.445989
-0.44476
-0.551895
-0.154155
-0.307401
-0.415636
-0.52972
-0.830887
0.490636
-1.1825
-0.108804
2.5941
-0.658113
-0.738529
-1.13384
-1.13384
0.5

0.5
0.406062
0.415524
0.531424
0.614072
-0.534709
-0.489006
-0.362148
-0.397751
-0.356583
-0.356408
-0.515649
0.0361705
-1.23937
-2.866
1.37789
3.51955
-0.20435
-0.678222
-1.06434
-1.06434
0.5

0.5
0.382121
0.413847
0.535224
0.695722
-0.667278
-0.521719
-0.373013
-0.449499
-0.401913
-0.4807
-0.521152
-0.416001
-1.96127
0.174557
0.0988376
2.34866
0.0768536
-0.71075
-1.03301
-1.03301
0.5

0.5
0.350275
0.394015
0.502915
0.734967
-0.759505
-0.525269
-0.408681
-0.420487
-0.410276
-0.461898
-0.514311
-0.599105
-0.983916
-0.171406
0.142448
0.517777
-0.0670346
-1.48602
-0.984835
-0.984835
0.5

0.5
0.5
0.5
0.5
0.5
0.5
0.5
0.5
0.5
0.5
0.5
0.5
0.5
0.5
0.5
0.5
0.5
0.5
0.5
0.5
0.5
0.5


0.5
0.216936
-0.75636
-0.560564
-0.733947
0.161332
0.475405
-0.0413628
0.986161
-0.0285287
0.396047
0.77929
-0.424158
1.68899
0.0913409
-0.0354758
0.171167
0.607115
1.55135
0.801098
0.801098
0.5

0.5
-0.216936
0.75636
0.560564
0.733947
-0.161332
-0.475405
0.0413628
-0.986161
0.0285287
-0.396047
-0.77929
0.424158
-1.68899
-0.0913409
0.0354758
-0.171167
-0.607115
-1.55135
-0.801098
-0.801098
0.5

0.5
0.293947
-0.0220796
0.531424
0.672585
0.159995
-0.603528
-0.112904
0.203645
-0.990708
-0.426668
-0.650377
0.233082
0.109547
-0.191889
0.857604
-1.28076
-0.699238
-1.47332
-0.816628
-0.816628
0.5

0.5
-0.166693
0.562924
0.519349
0.570972
-0.0803822
-0.192629
0.0528823
-0.0615283
-0.935877
-0.440372
-0.0696185
-0.269596
0.111261
-0.102323
-0.63818
0.753551
-0.887939
-1.45321
-0.80121
-0.80121
0.5

0.5
-0.170215
0.629247
0.50854
0.35416
-0.0506204
-0.025112
0.0291623
-0.125087
-0.788349
-0.43726
0.150439
-0.0522219
-0.114431
-0.00855777
-1.00807
0.52906
-0.866776
-1.4721
-0.773521
-0.773521
0.5

0.5
0.339397
0.258536
0.394015
0.306006
-0.0854767
-0.0231022
0.038886
-0.262379
-0.356583
-0.401196
0.40064
1.50985
-0.369506
0.0409556
-0.581422
0.110235
-0.925691
-1.48602
-0.729889
-0.729889
0.5

0.5
0.505158
0.187863
0.319743
0.351813
-0.124531
-0.0938425
0.113776
-0.439142
-0.597052
-0.356408
0.278177
-0.465295
-0.137294
0.112331
-0.473293
-0.11537
-1.06573
-1.49563
-0.679045
-0.679045
0.72146

0.5
0.480031
0.2509
0.31829
0.399848
-0.164624
-0.167297
0.00504465
-0.395839
-0.495243
-0.337483
0.0789255
-0.21977
0.0810384
0.1343
-0.572885
-0.105655
-1.10959
-1.55297
-0.657388
-0.657388
0.5

0.5
0.435738
0.303193
0.364122
0.355303
-0.147269
-0.236809
-1.08046
0.569573
-0.397037
-0.335433
-0.0795407
-0.197352
0.437171
0.857604
-0.659017
-0.0697231
-1.09617
-1.5289
-0.787009
-0.787009
0.5

0.5
0.410218
0.342439
0.415737
0.208923
-0.0854767
-0.242742
-1.0447
0.467669
-0.306497
-0.336794
-0.211525
-0.536231
1.13378
0.142448
-0.96922
0.0774059
-1.09766
-1.15598
-1.12664
-1.12664
0.5

0.5
0.402313
0.375371
0.4483
0.133249
-0.0771075
-0.0231022
-0.846688
0.23613
-0.271557
-0.320159
-0.35558
-1.285
2.12622
-0.545214
-1.14595
0.5201
-1.12142
-0.919622
-1.31597
-1.31597
0.5

0.5
0.407973
0.401631
0.460926
0.304376
-0.250222
-0.38798
-0.693433
0.0465182
-0.276021
-0.211525
-0.501717
-1.68899
2.45012
-0.823365
-0.976984
1.19831
-1.01769
-0.756424
-1.26509
-1.26509
0.5

0.5
0.416866
0.417916
0.485425
0.543239
-0.445989
-0.44476
-0.551895
-0.154155
-0.307401
-0.415636
-0.52972
-0.830887
0.490636
-1.1825
-0.108804
2.5941
-0.658113
-0.738529
-1.13384
-1.13384
0.5

0.5
0.406062
0.415524
0.531424
0.614072
-0.534709
-0.489006
-0.362148
-0.397751
-0.356583
-0.356408
-0.515649
0.0361705
-1.23937
-2.866
1.37789
3.51955
-0.20435
-0.678222
-1.06434
-1.06434
0.5

0.5
0.382121
0.413847
0.535224
0.695722
-0.667278
-0.521719
-0.373013
-0.449499
-0.401913
-0.4807
-0.521152
-0.416001
-1.96127
0.174557
0.0988376
2.34866
0.0768536
-0.71075
-1.03301
-1.03301
0.5

0.5
0.350275
0.394015
0.502915
0.734967
-0.759505
-0.525269
-0.408681
-0.420487
-0.410276
-0.461898
-0.514311
-0.599105
-0.983916
-0.171406
0.142448
0.517777
-0.0670346
-1.48602
-0.984835
-0.984835
0.5

0.5
0.350275
0.394015
0.502915
0.734967
-0.759505
-0.525269
-0.408681
-0.420487
-0.410276
-0.461898
-0.514311
-0.599105
-0.983916
-0.171406
0.142448
0.579743
-0.984835
-1.48602
-0.984835
-0.984835
0.5


0.5
0.898924
-1.50955
-0.576619
-0.48528
0.262124
0.173138
0.168844
-0.123553
0.60929
0.367088
0.0943262
0.281088
-0.311509
0.2145
0.569395
-0.326166
0.502876
1.30147
0.718752
0.718752
0.5

0.5
-0.898924
1.50955
0.576619
0.48528
-0.262124
-0.173138
-0.168844
0.123553
-0.60929
-0.367088
-0.0943262
-0.281088
0.311509
-0.2145
-0.569395
0.326166
-0.502876
-1.30147
-0.718752
-0.718752
0.5

0.5
-1.08778
1.54569
0.420113
0.346484
0.158047
-0.334562
-0.237648
-0.257968
-0.391948
-0.411555
-0.248585
-0.252075
-0.189396
-0.259301
-0.0329989
-0.439887
-0.626814
-1.25991
-0.750911
-0.750911
0.5

0.5
-0.805167
1.25622
0.50664
0.472127
0.171243
-0.35831
-0.166886
-0.0724732
-0.668577
-0.41672
-0.545043
0.0406222
-0.0977077
-0.269903
-0.382981
-0.0597919
-0.709915
-1.2087
-0.747342
-0.747342
0.5

0.5
-0.577769
1.06707
0.524197
0.438935
-0.0212009
-0.150291
-0.0609239
-0.14885
-0.724078
-0.425022
-0.308569
-0.21273
-0.188237
-0.21584
-0.998579
0.550843
-0.758619
-1.19118
-0.74199
-0.74199
0.5

0.5
-0.0403439
0.605118
0.487903
0.337862
-0.0605076
-0.0646329
-0.0895984
-0.185502
-0.695929
-0.409916
-0.0359041
-0.57689
-0.348947
-0.156981
-0.666113
0.199703
-0.785049
-1.16817
-0.727724
-0.727724
0.5

0.5
0.328665
0.344981
0.406631
0.331386
-0.0819781
-0.0938893
-0.0787586
-0.276043
-0.528993
-0.377533
0.0630218
-0.314293
-0.2789
-0.0404213
-0.31058
-0.279451
-0.879479
-1.13903
-0.700045
-0.700045
0.5

0.5
0.432031
0.315648
0.355652
0.379617
-0.125311
-0.15685
-0.0925869
-0.329813
-0.478595
-0.353514
-0.0309647
-0.358427
-0.0619567
-0.0615624
-0.332386
-0.42595
-0.996709
-1.11433
-0.652654
-0.652654
0.5

0.5
0.433688
0.342719
0.365719
0.379965
-0.131705
-0.21875
-0.306788
-0.174177
-0.414943
-0.349499
-0.153151
-0.371161
0.268091
-0.413969
-0.353345
-0.438585
-1.02573
-1.15553
-0.60442
-0.60442
0.5

0.5
0.42453
0.371025
0.400877
0.285759
-0.0826885
-0.278043
-0.72726
0.184965
-0.341648
-0.3602
-0.269651
-0.706318
0.868986
-0.379588
-0.578001
-0.314877
-1.00912
-1.11387
-0.695449
-0.695449
0.5

0.5
0.423614
0.397453
0.434381
0.162526
-0.0447171
-0.329728
-0.706153
0.117702
-0.296769
-0.388154
-0.404709
-1.62281
1.8999
-0.683354
-0.790558
0.167828
-1.01539
-0.841457
-0.959931
-0.959931
0.5

0.5
0.431851
0.419591
0.453334
0.195202
-0.11136
-0.293628
-0.60331
-0.01484
-0.293156
-0.430394
-0.568296
-2.87784
3.1044
-0.91647
-0.838961
0.927899
-0.843464
-0.607313
-1.05841
-1.05841
0.5

0.5
0.443421
0.431938
0.469159
0.422066
-0.313953
-0.372106
-0.532249
-0.132579
-0.314227
-0.422518
-0.594662
-1.6355
1.10498
-1.07577
-0.503875
1.70982
-0.315856
-0.498996
-0.97158
-0.97158
0.5

0.5
0.442951
0.431758
0.495915
0.475842
-0.381296
-0.424569
-0.45067
-0.277397
-0.35367
-0.465338
-0.54802
-0.519735
-0.539232
-1.0527
0.247457
2.62041
0.354786
-0.423081
-0.881387
-0.881387
0.5

0.5
0.418209
0.416364
0.488056
0.499427
-0.458567
-0.455009
-0.372554
-0.406877
-0.391915
-0.458501
-0.531197
-0.389059
-1.20813
-0.842034
-0.39621
3.84742
0.876626
-0.279678
-0.83584
-0.83584
0.5

0.5
0.382551
0.39351
0.45538
0.513545
-0.516956
-0.457102
-0.376757
-0.406588
-0.398732
-0.455917
-0.512761
-0.600177
-1.0667
-0.333704
-0.512562
3.73601
0.842469
-0.0750209
-0.799213
-0.799213
0.5

0.5
0.382551
0.39351
0.45538
0.513545
-0.516956
-0.457102
-0.376757
-0.406588
-0.398732
-0.455917
-0.512761
-0.600177
-1.0667
-0.333704
-0.512562
3.73601
0.842469
-0.0750209
-0.799213
-0.799213
0.5


0.5
0.460298
-1.14467
-0.552424
-0.436369
0.166006
0.124925
0.0914041
0.362627
0.264373
0.347507
0.350927
0.153743
0.382123
0.330235
0.421572
-0.18717
0.564726
1.06449
0.633333
0.633333
0.5

0.5
-0.460298
1.14467
0.552424
0.436369
-0.166006
-0.124925
-0.0914041
-0.362627
-0.264373
-0.347507
-0.350927
-0.153743
-0.382123
-0.330235
-0.421572
0.18717
-0.564726
-1.06449
-0.633333
-0.633333
0.5

0.5
-0.619729
1.08656
0.452305
0.130785
0.221463
-0.211564
-0.153435
-0.293904
-0.412922
-0.394464
-0.381376
-0.194927
-0.240619
-0.306646
-0.295548
-0.176049
-0.664291
-1.08402
-0.689505
-0.689505
0.5

0.5
-0.568378
1.07585
0.455918
0.424121
0.0565824
-0.227954
-0.188621
-0.210771
-0.458914
-0.39731
-0.327563
-0.269714
-0.188271
-0.286696
0.00124518
-0.56817
-0.666433
-1.02712
-0.683494
-0.683494
0.5

0.5
-0.388053
0.919259
0.483546
0.427042
0.0439099
-0.212797
-0.15381
-0.161242
-0.552356
-0.404654
-0.394712
-0.226508
-0.123054
-0.27441
-0.684371
0.0948905
-0.723915
-0.995578
-0.677025
-0.677025
0.5

0.5
-0.139881
0.726912
0.475916
0.385813
-0.0442025
-0.125422
-0.103931
-0.207372
-0.544857
-0.402952
-0.248015
-0.25699
-0.190568
-0.224166
-0.783709
0.17721
-0.709019
-0.982028
-0.661842
-0.661842
0.5

0.5
0.169157
0.482619
0.440556
0.329742
-0.0564008
-0.10681
-0.12269
-0.236074
-0.508729
-0.385536
-0.128876
-0.327303
-0.292254
-0.114483
-0.434266
-0.264695
-0.74069
-0.971783
-0.63738
-0.63738
0.5

0.5
0.356519
0.373306
0.388924
0.348292
-0.0936804
-0.140972
-0.139572
-0.274515
-0.452601
-0.364888
-0.126841
-0.375404
-0.209293
0.0287646
-0.264194
-0.576205
-0.842839
-0.925862
-0.611666
-0.611666
0.5

0.5
0.416951
0.364885
0.370654
0.377179
-0.130905
-0.189465
-0.226076
-0.240109
-0.408075
-0.355197
-0.198999
-0.393757
-0.0283017
-0.0104514
-0.222539
-0.639597
-0.93056
-0.881342
-0.598485
-0.598485
0.5

0.5
0.429878
0.382293
0.384849
0.332541
-0.112322
-0.227231
-0.422963
-0.0968059
-0.360024
-0.355163
-0.288516
-0.529088
0.304622
-0.251887
-0.339103
-0.467549
-0.938838
-0.845781
-0.607431
-0.607431
0.5

0.5
0.436998
0.403625
0.408658
0.208316
-0.0415903
-0.242372
-0.562453
-0.0035739
-0.31697
-0.361307
-0.386239
-0.979797
0.872533
-0.534114
-0.649131
0.167643
-0.831849
-0.780652
-0.673434
-0.673434
0.5

0.5
0.447637
0.424465
0.426973
0.161247
-0.0477215
-0.267732
-0.527468
-0.0712373
-0.304889
-0.377326
-0.49735
-1.69678
1.51582
-0.936133
-0.999816
1.2881
-0.561816
-0.606218
-0.819982
-0.819982
0.5

0.5
0.459159
0.438621
0.437169
0.302275
-0.199655
-0.311477
-0.472603
-0.165436
-0.319712
-0.410221
-0.574923
-1.60456
1.12119
-1.13708
-1.36231
2.29837
0.0801913
-0.435296
-0.837293
-0.837293
0.5

0.5
0.462216
0.437557
0.443204
0.401629
-0.307767
-0.371489
-0.433465
-0.260955
-0.350949
-0.435103
-0.570658
-0.994767
-0.0104696
-1.14315
-1.59807
3.13829
0.719183
-0.335044
-0.770364
-0.770364
0.5

0.5
0.443119
0.417779
0.441344
0.405125
-0.359222
-0.406464
-0.393116
-0.351717
-0.383761
-0.457213
-0.541303
-0.551552
-0.883121
-0.948289
-1.71413
3.48105
0.905166
-0.283868
-0.72064
-0.72064
0.5

0.5
0.40624
0.389091
0.416922
0.40088
-0.397971
-0.409676
-0.357598
-0.39065
-0.390456
-0.448464
-0.513516
-0.576582
-1.04225
-0.66509
-1.64036
3.28423
0.813434
-0.276833
-0.68681
-0.68681
0.5

0.5
0.40624
0.389091
0.416922
0.40088
-0.397971
-0.409676
-0.357598
-0.39065
-0.390456
-0.448464
-0.513516
-0.576582
-1.04225
-0.66509
-1.64036
3.28423
0.813434
-0.276833
-0.68681
-0.68681
0.5


0.5
0.106553
-0.850099
-0.514585
-0.48288
0.0208533
0.0748405
0.140134
0.174371
0.360587
0.338259
0.282346
0.344908
0.287042
0.373542
0.295992
0.146809
0.464272
0.819072
0.52445
0.52445
0.5

0.5
-0.106553
0.850099
0.514585
0.48288
-0.0208533
-0.0748405
-0.140134
-0.174371
-0.360587
-0.338259
-0.282346
-0.344908
-0.287042
-0.373542
-0.295992
-0.146809
-0.464272
-0.819072
-0.52445
-0.52445
0.5

0.5
-0.213007
0.760837
0.416986
0.0033549
0.35522
-0.154637
-0.176562
-0.264821
-0.380629
-0.38163
-0.358176
-0.309678
-0.328121
-0.377432
-0.388105
-0.199449
-0.566279
-0.891264
-0.606261
-0.606261
0.5

0.5
-0.201674
0.775994
0.430784
0.171562
0.20728
-0.153762
-0.174573
-0.252819
-0.39776
-0.384274
-0.365019
-0.284936
-0.290615
-0.344956
-0.202948
-0.434281
-0.60623
-0.849784
-0.600419
-0.600419
0.5

0.5
-0.165397
0.759887
0.438427
0.34852
0.0538362
-0.170832
-0.173118
-0.222453
-0.442833
-0.38962
-0.366512
-0.281869
-0.269757
-0.331205
-0.232188
-0.46478
-0.633708
-0.815759
-0.594451
-0.594451
0.5

0.5
-0.0467804
0.671082
0.444838
0.40547
-0.0358342
-0.152881
-0.155312
-0.214541
-0.47729
-0.391569
-0.344213
-0.312176
-0.254278
-0.314394
-0.560776
-0.202922
-0.626637
-0.786997
-0.582268
-0.582268
0.5

0.5
0.126746
0.545852
0.433349
0.358846
-0.0546065
-0.12509
-0.147893
-0.232091
-0.462641
-0.38495
-0.267259
-0.354517
-0.281332
-0.282435
-0.475646
-0.376204
-0.620094
-0.748648
-0.565629
-0.565629
0.5

0.5
0.291577
0.437123
0.407372
0.32194
-0.0568618
-0.130191
-0.164925
-0.24983
-0.43018
-0.372505
-0.231047
-0.386527
-0.276284
-0.202044
-0.259097
-0.691498
-0.657131
-0.714201
-0.546312
-0.546312
0.5

0.5
0.38857
0.39664
0.382646
0.328128
-0.0796051
-0.160295
-0.199568
-0.256102
-0.396633
-0.363739
-0.25511
-0.426523
-0.186732
-0.117988
-0.188591
-0.821528
-0.750172
-0.665949
-0.527076
-0.527076
0.5

0.5
0.430278
0.398029
0.378936
0.320644
-0.0877326
-0.196457
-0.286155
-0.210169
-0.364418
-0.363705
-0.31211
-0.505282
-0.00287026
-0.217533
-0.225492
-0.639184
-0.803757
-0.638846
-0.51964
-0.51964
0.5

0.5
0.450593
0.412807
0.390744
0.257626
-0.0575438
-0.222845
-0.394514
-0.14191
-0.334323
-0.371569
-0.383786
-0.704387
0.2803
-0.47032
-0.537631
-0.0978762
-0.69982
-0.600503
-0.541716
-0.541716
0.5

0.5
0.466891
0.429875
0.40485
0.184678
-0.0302825
-0.235248
-0.434005
-0.137798
-0.318234
-0.385953
-0.462541
-1.02613
0.559531
-0.862096
-1.10257
0.916293
-0.363535
-0.519587
-0.596703
-0.596703
0.5

0.5
0.480348
0.442066
0.413454
0.210716
-0.090049
-0.261612
-0.414927
-0.193975
-0.325572
-0.406225
-0.531301
-1.18482
0.471344
-1.19095
-1.85026
2.11346
0.132987
-0.401852
-0.658056
-0.658056
0.5

0.5
0.482494
0.440502
0.414758
0.309705
-0.211264
-0.312863
-0.39329
-0.266234
-0.350384
-0.431949
-0.559452
-1.00915
-0.0696925
-1.25719
-2.53356
2.88965
0.612535
-0.289115
-0.651283
-0.651283
0.5

0.5
0.46425
0.420218
0.404097
0.328954
-0.272957
-0.353797
-0.373645
-0.333704
-0.377215
-0.448736
-0.546723
-0.717262
-0.672338
-1.15459
-2.79529
3.09347
0.774035
-0.243461
-0.614154
-0.614154
0.5

0.5
0.429103
0.388271
0.380297
0.312006
-0.295641
-0.36088
-0.346095
-0.363907
-0.381616
-0.442777
-0.515361
-0.572951
-0.930617
-1.02726
-2.6679
2.88581
0.733224
-0.235756
-0.58021
-0.58021
0.5

0.5
0.429103
0.388271
0.380297
0.312006
-0.295641
-0.36088
-0.346095
-0.363907
-0.381616
-0.442777
-0.515361
-0.572951
-0.930617
-1.02726
-2.6679
2.88581
0.733224
-0.235756
-0.58021
-0.58021
0.5


0.5
-0.0888627
-0.677908
-0.48718
-0.34443
-0.13884
0.0534054
0.135188
0.214446
0.300347
0.330979
0.326535
0.363177
0.38387
0.415716
0.312927
0.344424
0.431096
0.609426
0.417478
0.417478
0.5

0.5
0.0888627
0.677908
0.48718
0.34443
0.13884
-0.0534054
-0.135188
-0.214446
-0.300347
-0.330979
-0.326535
-0.363177
-0.38387
-0.415716
-0.312927
-0.344424
-0.431096
-0.609426
-0.417478
-0.417478
0.5

0.5
-0.02647
0.600455
0.376765
0.119413
0.237347
-0.136743
-0.18569
-0.25589
-0.361366
-0.373657
-0.36304
-0.374387
-0.385329
-0.426322
-0.394297
-0.347222
-0.521719
-0.719419
-0.521308
-0.521308
0.5

0.5
-0.00435186
0.615617
0.396505
0.057006
0.27739
-0.121626
-0.176494
-0.253274
-0.368637
-0.375061
-0.369168
-0.349966
-0.356807
-0.397608
-0.361618
-0.424273
-0.527631
-0.691158
-0.51856
-0.51856
0.5

0.5
0.0211019
0.614911
0.404324
0.137292
0.194961
-0.122002
-0.175352
-0.245576
-0.387068
-0.379943
-0.372042
-0.346005
-0.334637
-0.379356
-0.264934
-0.572633
-0.544475
-0.662342
-0.515617
-0.515617
0.5

0.5
0.0758771
0.587324
0.409193
0.284375
0.0508938
-0.131398
-0.170748
-0.236743
-0.408846
-0.382703
-0.366257
-0.347691
-0.326206
-0.364521
-0.357582
-0.53839
-0.547155
-0.630465
-0.507072
-0.507072
0.5

0.5
0.169015
0.529955
0.408005
0.345561
-0.0348964
-0.128667
-0.165546
-0.240025
-0.416772
-0.381405
-0.337982
-0.368589
-0.330779
-0.341225
-0.4191
-0.557997
-0.52863
-0.599078
-0.494828
-0.494828
0.5

0.5
0.278438
0.464726
0.397878
0.323518
-0.0477166
-0.127857
-0.172314
-0.248919
-0.404415
-0.375638
-0.308591
-0.397597
-0.336436
-0.293377
-0.30021
-0.732043
-0.550441
-0.566958
-0.479772
-0.479772
0.5

0.5
0.368956
0.42279
0.38304
0.299515
-0.0481612
-0.141937
-0.194373
-0.254232
-0.383568
-0.369687
-0.309647
-0.429116
-0.308622
-0.232414
-0.168764
-0.86103
-0.622716
-0.53938
-0.464449
-0.464449
0.5

0.5
0.425704
0.412525
0.374404
0.290932
-0.0560527
-0.166578
-0.236245
-0.244341
-0.362001
-0.368259
-0.339571
-0.479656
-0.23033
-0.228828
-0.170334
-0.78034
-0.692841
-0.512735
-0.453971
-0.453971
0.5

0.5
0.459072
0.42025
0.376825
0.26661
-0.0522889
-0.190593
-0.297543
-0.215799
-0.342227
-0.372957
-0.387338
-0.580844
-0.0984427
-0.376509
-0.405548
-0.37346
-0.660761
-0.488313
-0.455554
-0.455554
0.5

0.5
0.482461
0.433495
0.38481
0.216536
-0.0348742
-0.20765
-0.346009
-0.200404
-0.329751
-0.384341
-0.444273
-0.741977
0.0376258
-0.690483
-0.979314
0.391944
-0.437987
-0.443841
-0.475577
-0.475577
0.5

0.5
0.499225
0.443258
0.390047
0.190248
-0.0473357
-0.22733
-0.359186
-0.224269
-0.332858
-0.403139
-0.50008
-0.876747
0.0270421
-1.07079
-1.79667
1.35984
-0.0256175
-0.36238
-0.509973
-0.509973
0.5

0.5
0.502457
0.440386
0.386328
0.230537
-0.125441
-0.264927
-0.356272
-0.274314
-0.351905
-0.426574
-0.537485
-0.867886
-0.236708
-1.27307
-2.55967
2.09281
0.373721
-0.270588
-0.532165
-0.532165
0.5

0.5
0.484258
0.419785
0.371546
0.260605
-0.199414
-0.305393
-0.350526
-0.324582
-0.373741
-0.444087
-0.542616
-0.73375
-0.601979
-1.23997
-2.88902
2.29333
0.535409
-0.205918
-0.524285
-0.524285
0.5

0.5
0.449631
0.38796
0.347531
0.250314
-0.225288
-0.317064
-0.33407
-0.34447
-0.37557
-0.438327
-0.518228
-0.602046
-0.800992
-1.14562
-2.79955
2.17131
0.513128
-0.188095
-0.499193
-0.499193
0.5

0.5
0.449631
0.38796
0.347531
0.250314
-0.225288
-0.317064
-0.33407
-0.34447
-0.37557
-0.438327
-0.518228
-0.602046
-0.800992
-1.14562
-2.79955
2.17131
0.513128
-0.188095
-0.499193
-0.499193
0.5


0.5
-0.205466
-0.585148
-0.464005
-0.259618
-0.189395
0.0388789
0.136051
0.207481
0.293326
0.329286
0.345928
0.400676
0.421386
0.442608
0.355885
0.467455
0.388983
0.442696
0.324505
0.324505
0.5

0.5
0.205466
0.585148
0.464005
0.259618
0.189395
-0.0388789
-0.136051
-0.207481
-0.293326
-0.329286
-0.345928
-0.400676
-0.421386
-0.442608
-0.355885
-0.467455
-0.388983
-0.442696
-0.324505
-0.324505
0.5

0.5
0.111716
0.488918
0.349816
0.178441
0.0986296
-0.117276
-0.187646
-0.256586
-0.342534
-0.370584
-0.38059
-0.413687
-0.433174
-0.458422
-0.399638
-0.467979
-0.478545
-0.574273
-0.444262
-0.444262
0.5

0.5
0.128976
0.512227
0.361628
0.169817
0.140187
-0.117672
-0.180665
-0.253635
-0.347647
-0.37039
-0.379694
-0.393342
-0.410477
-0.435104
-0.389801
-0.502154
-0.481159
-0.561428
-0.446761
-0.446761
0.5

0.5
0.148777
0.51857
0.37083
0.145517
0.155731
-0.107534
-0.178198
-0.252681
-0.358887
-0.374675
-0.383003
-0.384211
-0.39501
-0.419039
-0.355158
-0.581319
-0.487973
-0.543163
-0.448606
-0.448606
0.5

0.5
0.181074
0.51343
0.377215
0.175283
0.120432
-0.106074
-0.176045
-0.249338
-0.371629
-0.377804
-0.381769
-0.383805
-0.384972
-0.406515
-0.335286
-0.640922
-0.493128
-0.520086
-0.444554
-0.444554
0.5

0.5
0.233328
0.492209
0.379478
0.251787
0.0375381
-0.112542
-0.174733
-0.248992
-0.380438
-0.378908
-0.37225
-0.393497
-0.384009
-0.39438
-0.368779
-0.648818
-0.490739
-0.497176
-0.436629
-0.436629
0.5

0.5
0.301615
0.460925
0.377296
0.288484
-0.0157728
-0.118763
-0.178172
-0.253032
-0.37953
-0.377427
-0.357922
-0.41193
-0.387837
-0.373292
-0.328305
-0.722077
-0.495923
-0.475145
-0.425958
-0.425958
0.5

0.5
0.370383
0.434169
0.371284
0.281484
-0.0288137
-0.128164
-0.190607
-0.257483
-0.370135
-0.374972
-0.354208
-0.436269
-0.382207
-0.339809
-0.219984
-0.831134
-0.527988
-0.45453
-0.414216
-0.414216
0.5

0.5
0.425782
0.423069
0.365535
0.267706
-0.0319846
-0.143862
-0.214075
-0.256926
-0.357445
-0.374584
-0.368886
-0.470649
-0.354957
-0.320317
-0.161515
-0.844298
-0.573734
-0.434049
-0.404131
-0.404131
0.5

0.5
0.465788
0.426398
0.36461
0.252662
-0.0335816
-0.162831
-0.248884
-0.248278
-0.345313
-0.378476
-0.399077
-0.527912
-0.304722
-0.380619
-0.289714
-0.61679
-0.578332
-0.412475
-0.399776
-0.399776
0.5

0.5
0.495293
0.436351
0.367843
0.225083
-0.0294567
-0.180656
-0.285691
-0.240591
-0.337711
-0.387945
-0.4396
-0.615272
-0.252821
-0.571075
-0.718831
-0.0741439
-0.457593
-0.383017
-0.405543
-0.405543
0.5

0.5
0.515692
0.443862
0.36928
0.196056
-0.0349975
-0.199926
-0.310462
-0.251314
-0.340448
-0.404205
-0.484009
-0.706827
-0.260333
-0.868435
-1.40136
0.662119
-0.178298
-0.335952
-0.422951
-0.422951
0.5

0.5
0.520628
0.439378
0.361784
0.192125
-0.0761887
-0.22947
-0.323187
-0.283693
-0.355717
-0.425798
-0.521397
-0.744737
-0.388855
-1.11194
-2.04555
1.24985
0.138418
-0.27665
-0.444825
-0.444825
0.5

0.5
0.50321
0.418017
0.343098
0.204582
-0.137982
-0.264359
-0.328193
-0.320381
-0.373421
-0.442329
-0.53645
-0.702452
-0.592571
-1.15703
-2.3191
1.42542
0.296033
-0.228039
-0.454057
-0.454057
0.5

0.5
0.469101
0.386616
0.318491
0.201149
-0.169663
-0.277868
-0.318941
-0.332955
-0.372941
-0.436796
-0.520306
-0.623291
-0.716227
-1.08557
-2.26408
1.35837
0.290882
-0.20675
-0.440965
-0.440965
0.5

0.5
0.469101
0.386616
0.318491
0.201149
-0.169663
-0.277868
-0.318941
-0.332955
-0.372941
-0.436796
-0.520306
-0.623291
-0.716227
-1.08557
-2.26408
1.35837
0.290882
-0.20675
-0.440965
-0.440965
0.5


0.5
-0.280669
-0.527463
-0.439086
-0.286201
-0.11047
0.0343643
0.135097
0.211426
0.283927
0.331098
0.364869
0.420788
0.451591
0.456136
0.389214
0.54571
0.376796
0.327849
0.258349
0.258349
0.5

0.5
0.280669
0.527463
0.439086
0.286201
0.11047
-0.0343643
-0.135097
-0.211426
-0.283927
-0.331098
-0.364869
-0.420788
-0.451591
-0.456136
-0.389214
-0.54571
-0.376796
-0.327849
-0.258349
-0.258349
0.5

0.5
0.195749
0.420908
0.327115
0.170259
0.0630043
-0.100372
-0.188202
-0.25888
-0.333223
-0.371851
-0.397699
-0.439962
-0.466032
-0.477205
-0.426182
-0.538692
-0.457253
-0.469111
-0.386826
-0.386826
0.5

0.5
0.219329
0.442031
0.335979
0.182318
0.0863601
-0.102131
-0.182258
-0.255774
-0.335162
-0.370375
-0.393578
-0.424122
-0.447536
-0.457654
-0.413331
-0.544405
-0.459918
-0.469792
-0.394869
-0.394869
0.5

0.5
0.23684
0.452575
0.341229
0.179274
0.0985055
-0.102912
-0.181231
-0.256612
-0.342797
-0.373855
-0.395377
-0.415945
-0.435953
-0.44467
-0.395811
-0.582245
-0.46657
-0.465036
-0.402288
-0.402288
0.5

0.5
0.260155
0.45709
0.347771
0.176366
0.0957187
-0.0982588
-0.1799
-0.256343
-0.350944
-0.376969
-0.395992
-0.413267
-0.428286
-0.43363
-0.370938
-0.628146
-0.471732
-0.453514
-0.403343
-0.403343
0.5

0.5
0.293235
0.453661
0.35234
0.197294
0.0682654
-0.0993286
-0.179667
-0.256568
-0.35808
-0.379252
-0.39368
-0.41739
-0.42643
-0.424603
-0.364973
-0.653505
-0.473927
-0.440271
-0.400306
-0.400306
0.5

0.5
0.337037
0.443321
0.354167
0.231872
0.0258763
-0.106143
-0.182287
-0.258737
-0.361061
-0.380259
-0.388943
-0.428895
-0.429621
-0.41499
-0.348702
-0.687164
-0.472785
-0.426241
-0.394337
-0.394337
0.5

0.5
0.38626
0.431966
0.353612
0.24781
-0.00170012
-0.115452
-0.189964
-0.262015
-0.358787
-0.380544
-0.3877
-0.446793
-0.432668
-0.402272
-0.285529
-0.754951
-0.47896
-0.411264
-0.386654
-0.386654
0.5

0.5
0.433112
0.426611
0.352083
0.244393
-0.0116285
-0.127214
-0.204147
-0.264165
-0.353115
-0.381744
-0.396302
-0.472036
-0.429327
-0.39581
-0.216479
-0.802131
-0.494675
-0.395077
-0.378885
-0.378885
0.5

0.5
0.473172
0.429703
0.351842
0.233895
-0.0151781
-0.141611
-0.225196
-0.263516
-0.346973
-0.385732
-0.416111
-0.509593
-0.418696
-0.426721
-0.247195
-0.719598
-0.495866
-0.376336
-0.373458
-0.373458
0.5

0.5
0.505892
0.437836
0.353104
0.218051
-0.0177902
-0.157848
-0.250709
-0.263007
-0.343789
-0.394285
-0.445424
-0.563673
-0.410841
-0.536604
-0.498657
-0.40805
-0.431975
-0.352209
-0.373682
-0.373682
0.5

0.5
0.52928
0.443486
0.351689
0.196495
-0.0261273
-0.177286
-0.275418
-0.2715
-0.348029
-0.409142
-0.480968
-0.626354
-0.431151
-0.733717
-0.982902
0.100122
-0.264871
-0.319179
-0.382732
-0.382732
0.5

0.5
0.536044
0.437327
0.340959
0.177781
-0.0533314
-0.203965
-0.296028
-0.294244
-0.361741
-0.429255
-0.515395
-0.671304
-0.505402
-0.940167
-1.48251
0.557473
-0.0419156
-0.278261
-0.399695
-0.399695
0.5

0.5
0.5197
0.415006
0.319077
0.169081
-0.098007
-0.233684
-0.30891
-0.32082
-0.376519
-0.444747
-0.534176
-0.671174
-0.614465
-1.02858
-1.70707
0.716366
0.100079
-0.240691
-0.413222
-0.413222
0.5

0.5
0.486499
0.384005
0.293649
0.162149
-0.127074
-0.246028
-0.304811
-0.32769
-0.374065
-0.438873
-0.523171
-0.629845
-0.676908
-0.993952
-1.67206
0.67725
0.116624
-0.217554
-0.407178
-0.407178
0.5

0.5
0.486499
0.384005
0.293649
0.162149
-0.127074
-0.246028
-0.304811
-0.32769
-0.374065
-0.438873
-0.523171
-0.629845
-0.676908
-0.993952
-1.67206
0.67725
0.116624
-0.217554
-0.407178
-0.407178
0.5


0.5
-0.328925
-0.492814
-0.421611
-0.292392
-0.133106
0.0255243
0.133393
0.213882
0.281954
0.334873
0.377937
0.431149
0.464283
0.456672
0.407544
0.584576
0.381204
0.261018
0.22121
0.22121
0.5

0.5
0.328925
0.492814
0.421611
0.292392
0.133106
-0.0255243
-0.133393
-0.213882
-0.281954
-0.334873
-0.377937
-0.431149
-0.464283
-0.456672
-0.407544
-0.584576
-0.381204
-0.261018
-0.22121
-0.22121
0.5

0.5
0.247867
0.377993
0.305839
0.177498
0.051209
-0.0964826
-0.189338
-0.261953
-0.329953
-0.375384
-0.41116
-0.454444
-0.483071
-0.482671
-0.44412
-0.573797
-0.455792
-0.405123
-0.353188
-0.353188
0.5

0.5
0.27692
0.396232
0.315611
0.180147
0.0628763
-0.091514
-0.183184
-0.258347
-0.329592
-0.372905
-0.405755
-0.441927
-0.467885
-0.465804
-0.42721
-0.56299
-0.457441
-0.41466
-0.365043
-0.365043
0.5

0.5
0.295506
0.407572
0.319279
0.181009
0.0695125
-0.0941966
-0.182888
-0.259605
-0.334881
-0.375657
-0.406367
-0.435715
-0.459217
-0.454941
-0.413185
-0.574879
-0.464949
-0.421508
-0.37773
-0.37773
0.5

0.5
0.315446
0.41662
0.324468
0.180676
0.0714581
-0.0938777
-0.182749
-0.260558
-0.340451
-0.378495
-0.40741
-0.433052
-0.453595
-0.445817
-0.394108
-0.597674
-0.469947
-0.419874
-0.383591
-0.383591
0.5

0.5
0.339926
0.421903
0.329644
0.18487
0.0633241
-0.0937831
-0.183328
-0.261673
-0.345815
-0.381265
-0.408174
-0.435413
-0.452407
-0.439448
-0.377293
-0.619143
-0.471804
-0.414285
-0.385017
-0.385017
0.5

0.5
0.370719
0.423385
0.333673
0.199058
0.0438149
-0.0977793
-0.185745
-0.263583
-0.349588
-0.383659
-0.4086
-0.443551
-0.456018
-0.435882
-0.362269
-0.638919
-0.468521
-0.406001
-0.383154
-0.383154
0.5

0.5
0.406807
0.423159
0.336369
0.213721
0.0222181
-0.105433
-0.191229
-0.266343
-0.350741
-0.385839
-0.410854
-0.457656
-0.4631
-0.435183
-0.330644
-0.671912
-0.461908
-0.395036
-0.379024
-0.379024
0.5

0.5
0.444932
0.424703
0.338202
0.218784
0.00812092
-0.115312
-0.200682
-0.269225
-0.349631
-0.388632
-0.418412
-0.478154
-0.471518
-0.442222
-0.285953
-0.708379
-0.453275
-0.381078
-0.373779
-0.373779
0.5

0.5
0.48189
0.430212
0.339978
0.215269
0.000661541
-0.127149
-0.214519
-0.271687
-0.34792
-0.393367
-0.433409
-0.506986
-0.481383
-0.472281
-0.279256
-0.694879
-0.433556
-0.363334
-0.369068
-0.369068
0.5

0.5
0.515194
0.438215
0.341333
0.206315
-0.00572549
-0.141598
-0.232594
-0.275263
-0.348346
-0.401827
-0.456199
-0.546376
-0.497749
-0.548324
-0.399502
-0.55224
-0.380476
-0.341005
-0.367522
-0.367522
0.5

0.5
0.540259
0.442682
0.338509
0.191178
-0.0173653
-0.160695
-0.254091
-0.284767
-0.354616
-0.416013
-0.485703
-0.593793
-0.530509
-0.680525
-0.696405
-0.256311
-0.273159
-0.314339
-0.37268
-0.37268
0.5

0.5
0.548235
0.434898
0.325304
0.170229
-0.0414251
-0.186493
-0.276987
-0.303657
-0.368241
-0.435139
-0.516752
-0.636002
-0.58581
-0.832911
-1.05592
0.0612712
-0.130484
-0.286258
-0.385686
-0.385686
0.5

0.5
0.532649
0.411274
0.300666
0.149406
-0.0756538
-0.213188
-0.29426
-0.32404
-0.381355
-0.449593
-0.535848
-0.6515
-0.647248
-0.923058
-1.2465
0.198624
-0.0258123
-0.261431
-0.398272
-0.398272
0.5

0.5
0.500533
0.380404
0.274263
0.135117
-0.0983187
-0.22348
-0.293623
-0.32674
-0.377481
-0.443216
-0.527041
-0.629684
-0.670608
-0.914373
-1.22567
0.177778
-0.00069476
-0.242635
-0.394174
-0.394174
0.5

0.5
0.500533
0.380404
0.274263
0.135117
-0.0983187
-0.22348
-0.293623
-0.32674
-0.377481
-0.443216
-0.527041
-0.629684
-0.670608
-0.914373
-1.22567
0.177778
-0.00069476
-0.242635
-0.394174
-0.394174
0.5


0.5
-0.358532
-0.475629
-0.412899
-0.283155
-0.117284
0.0220645
0.131691
0.215692
0.282399
0.338063
0.384888
0.433682
0.466382
0.451567
0.415621
0.599285
0.394543
0.231731
0.206431
0.206431
0.5

0.5
0.358532
0.475629
0.412899
0.283155
0.117284
-0.0220645
-0.131691
-0.215692
-0.282399
-0.338063
-0.384888
-0.433682
-0.466382
-0.451567
-0.415621
-0.599285
-0.394543
-0.231731
-0.206431
-0.206431
0.5

0.5
0.277333
0.352745
0.29125
0.170434
0.0401585
-0.0940705
-0.18913
-0.263771
-0.329462
-0.377843
-0.417897
-0.458297
-0.486152
-0.478516
-0.451947
-0.585885
-0.464642
-0.375285
-0.339258
-0.339258
0.5

0.5
0.309609
0.369169
0.301108
0.176657
0.0515212
-0.0874777
-0.18331
-0.259743
-0.327512
-0.374703
-0.412258
-0.448391
-0.473611
-0.46381
-0.433088
-0.568435
-0.464709
-0.387523
-0.351704
-0.351704
0.5

0.5
0.330324
0.379816
0.304553
0.176912
0.0559175
-0.0882092
-0.183293
-0.260991
-0.331299
-0.376936
-0.412345
-0.444089
-0.466835
-0.454195
-0.418026
-0.567197
-0.472093
-0.40135
-0.367839
-0.367839
0.5

0.5
0.34996
0.390491
0.309173
0.178377
0.0576909
-0.0893345
-0.183851
-0.262331
-0.335271
-0.379434
-0.413363
-0.442349
-0.462631
-0.44611
-0.400595
-0.575832
-0.476985
-0.406165
-0.377096
-0.377096
0.5

0.5
0.371342
0.399743
0.314298
0.180786
0.0548276
-0.0906922
-0.185279
-0.263964
-0.33931
-0.382286
-0.415373
-0.444584
-0.46222
-0.441093
-0.382424
-0.588582
-0.478234
-0.4054
-0.381554
-0.381554
0.5

0.5
0.396304
0.407289
0.319299
0.186574
0.0460702
-0.0939681
-0.188061
-0.266036
-0.342782
-0.385322
-0.418405
-0.451671
-0.466376
-0.440529
-0.365372
-0.601167
-0.473734
-0.40039
-0.382363
-0.382363
0.5

0.5
0.425308
0.413794
0.323818
0.194579
0.0334375
-0.100079
-0.192892
-0.268665
-0.345122
-0.388604
-0.423311
-0.464216
-0.475435
-0.446424
-0.346434
-0.615165
-0.461634
-0.39145
-0.380521
-0.380521
0.5

0.5
0.457482
0.420739
0.327879
0.200073
0.0215501
-0.108541
-0.200312
-0.271749
-0.346329
-0.392569
-0.431742
-0.482763
-0.489596
-0.463231
-0.32658
-0.62786
-0.439656
-0.378295
-0.377015
-0.377015
0.5

0.5
0.491195
0.429264
0.331567
0.200598
0.012421
-0.118984
-0.210692
-0.275396
-0.347335
-0.39814
-0.445306
-0.508259
-0.510139
-0.500182
-0.327519
-0.61781
-0.401834
-0.360412
-0.373175
-0.373175
0.5

0.5
0.52379
0.438186
0.333849
0.196198
0.0034774
-0.13232
-0.22465
-0.281002
-0.350279
-0.406936
-0.465066
-0.541752
-0.54028
-0.569381
-0.396604
-0.544622
-0.338735
-0.33789
-0.371288
-0.371288
0.5

0.5
0.54929
0.442127
0.330659
0.185331
-0.0108249
-0.151058
-0.24326
-0.291865
-0.358321
-0.420969
-0.49107
-0.581892
-0.58316
-0.67399
-0.573291
-0.384222
-0.247261
-0.312984
-0.374769
-0.374769
0.5

0.5
0.557411
0.432808
0.315773
0.16535
-0.0353155
-0.176568
-0.265868
-0.309746
-0.372402
-0.439438
-0.519276
-0.620183
-0.634697
-0.789633
-0.807577
-0.195681
-0.14747
-0.290399
-0.385179
-0.385179
0.5

0.5
0.541577
0.407505
0.288812
0.139676
-0.0652542
-0.201688
-0.284616
-0.326917
-0.384618
-0.452847
-0.537023
-0.639308
-0.675441
-0.862867
-0.950375
-0.102311
-0.0810765
-0.273297
-0.395542
-0.395542
0.5

0.5
0.510134
0.376376
0.261368
0.120088
-0.082871
-0.21025
-0.285725
-0.326969
-0.379857
-0.445923
-0.528554
-0.625253
-0.677643
-0.860386
-0.939256
-0.111973
-0.064194
-0.259403
-0.391025
-0.391025
0.5

0.5
0.510134
0.376376
0.261368
0.120088
-0.082871
-0.21025
-0.285725
-0.326969
-0.379857
-0.445923
-0.528554
-0.625253
-0.677643
-0.860386
-0.939256
-0.111973
-0.064194
-0.259403
-0.391025
-0.391025
0.5


0.5
-0.376021
-0.472491
-0.412075
-0.285556
-0.124168
0.0190885
0.131058
0.21714
0.284221
0.340512
0.388071
0.434715
0.466621
0.449651
0.419099
0.603641
0.405056
0.228118
0.205902
0.205902
0.5

0.5
0.376021
0.472491
0.412075
0.285556
0.124168
-0.0190885
-0.131058
-0.21714
-0.284221
-0.340512
-0.388071
-0.434715
-0.466621
-0.449651
-0.419099
-0.603641
-0.405056
-0.228118
-0.205902
-0.205902
0.5

0.5
0.290358
0.340858
0.283285
0.166623
0.0394422
-0.0923915
-0.187738
-0.262979
-0.327962
-0.376492
-0.417112
-0.455132
-0.481657
-0.471659
-0.451039
-0.583972
-0.469801
-0.367729
-0.335808
-0.335808
0.5

0.5
0.323882
0.357299
0.294045
0.174089
0.0487998
-0.0857619
-0.18229
-0.259081
-0.325835
-0.373617
-0.412167
-0.447103
-0.471104
-0.458769
-0.4328
-0.56739
-0.469774
-0.379564
-0.347503
-0.347503
0.5

0.5
0.345724
0.367272
0.297432
0.174201
0.0516652
-0.0860086
-0.182569
-0.260343
-0.3291
-0.375707
-0.412242
-0.443919
-0.465285
-0.449829
-0.417094
-0.562854
-0.476579
-0.395114
-0.364482
-0.364482
0.5

0.5
0.365967
0.37813
0.30201
0.175922
0.0526733
-0.0870743
-0.183431
-0.261788
-0.332448
-0.378052
-0.413236
-0.442947
-0.461715
-0.442137
-0.399517
-0.566994
-0.480979
-0.402018
-0.374931
-0.374931
0.5

0.5
0.387065
0.388562
0.307171
0.178806
0.0503746
-0.0891363
-0.185319
-0.263623
-0.335872
-0.380874
-0.415601
-0.445577
-0.461658
-0.437532
-0.380902
-0.576042
-0.481629
-0.402933
-0.380547
-0.380547
0.5

0.5
0.410721
0.398295
0.312547
0.183298
0.0442766
-0.0927665
-0.188524
-0.265843
-0.338977
-0.384103
-0.419578
-0.4527
-0.46599
-0.43786
-0.362034
-0.586448
-0.476392
-0.399051
-0.382409
-0.382409
0.5

0.5
0.437655
0.407627
0.317841
0.18884
0.0352685
-0.0986126
-0.193478
-0.268489
-0.341448
-0.387816
-0.425757
-0.465024
-0.475532
-0.445989
-0.343974
-0.595799
-0.462635
-0.390776
-0.381519
-0.381519
0.5

0.5
0.467713
0.417305
0.322963
0.19316
0.0256479
-0.106582
-0.200516
-0.271605
-0.343316
-0.392342
-0.435105
-0.483174
-0.491378
-0.466989
-0.331664
-0.59827
-0.436457
-0.377864
-0.378829
-0.378829
0.5

0.5
0.499973
0.427811
0.327741
0.194346
0.0168608
-0.116512
-0.209914
-0.275561
-0.345322
-0.398429
-0.448739
-0.507857
-0.515587
-0.509043
-0.342733
-0.576785
-0.391257
-0.359813
-0.375554
-0.375554
0.5

0.5
0.531936
0.437696
0.330775
0.191477
0.00716735
-0.129412
-0.222409
-0.28186
-0.349336
-0.407535
-0.467699
-0.539568
-0.551218
-0.580607
-0.409292
-0.505237
-0.319908
-0.336848
-0.37377
-0.37377
0.5

0.5
0.557013
0.441489
0.327577
0.18225
-0.00839244
-0.147926
-0.239549
-0.293378
-0.358167
-0.421494
-0.4922
-0.576753
-0.599321
-0.680005
-0.552225
-0.376438
-0.225903
-0.311759
-0.376606
-0.376606
0.5

0.5
0.564
0.430844
0.311609
0.163003
-0.0337478
-0.173141
-0.261137
-0.310964
-0.372245
-0.439204
-0.518321
-0.61181
-0.651514
-0.781823
-0.728271
-0.242493
-0.136557
-0.290196
-0.385394
-0.385394
0.5

0.5
0.546404
0.403626
0.282862
0.136043
-0.0626152
-0.197169
-0.279272
-0.32643
-0.383425
-0.451115
-0.533765
-0.629225
-0.685252
-0.840827
-0.830094
-0.186729
-0.0896173
-0.275751
-0.393547
-0.393547
0.5

0.5
0.514456
0.371687
0.254438
0.114437
-0.0779358
-0.20445
-0.280354
-0.324884
-0.377768
-0.443188
-0.524149
-0.616016
-0.678311
-0.832725
-0.811279
-0.20171
-0.0850981
-0.26459
-0.387833
-0.387833
0.5

0.5
0.514456
0.371687
0.254438
0.114437
-0.0779358
-0.20445
-0.280354
-0.324884
-0.377768
-0.443188
-0.524149
-0.616016
-0.678311
-0.832725
-0.811279
-0.20171
-0.0850981
-0.26459
-0.387833
-0.387833
0.5


0.5
0.5
0.5
0.5
0.5
0.5
0.5
0.5
0.5
0.5
0.5
0.5
0.5
0.5
0.5
0.5
0.5
0.5
0.5
0.5
0.5
0.5

0.5
0.376021
0.472491
0.412075
0.285556
0.124168
-0.0190885
-0.131058
-0.21714
-0.284221
-0.340512
-0.388071
-0.434715
-0.466621
-0.449651
-0.419099
-0.603641
-0.405056
-0.228118
-0.205902
-0.205902
0.5

0.5
0.290358
0.340858
0.283285
0.166623
0.0394422
-0.0923915
-0.187738
-0.262979
-0.327962
-0.376492
-0.417112
-0.455132
-0.481657
-0.471659
-0.451039
-0.583972
-0.469801
-0.367729
-0.335808
-0.335808
0.5

0.5
0.323882
0.357299
0.294045
0.174089
0.0487998
-0.0857619
-0.18229
-0.259081
-0.325835
-0.373617
-0.412167
-0.447103
-0.471104
-0.458769
-0.4328
-0.56739
-0.469774
-0.379564
-0.347503
-0.347503
0.5

0.5
0.345724
0.367272
0.297432
0.174201
0.0516652
-0.0860086
-0.182569
-0.260343
-0.3291
-0.375707
-0.412242
-0.443919
-0.465285
-0.449829
-0.417094
-0.562854
-0.476579
-0.395114
-0.364482
-0.364482
0.5

0.5
0.365967
0.37813
0.30201
0.175922
0.0526733
-0.0870743
-0.183431
-0.261788
-0.332448
-0.378052
-0.413236
-0.442947
-0.461715
-0.442137
-0.399517
-0.566994
-0.480979
-0.402018
-0.374931
-0.374931
0.5

0.5
0.387065
0.388562
0.307171
0.178806
0.0503746
-0.0891363
-0.185319
-0.263623
-0.335872
-0.380874
-0.415601
-0.445577
-0.461658
-0.437532
-0.380902
-0.576042
-0.481629
-0.402933
-0.380547
-0.380547
0.5

0.5
0.410721
0.398295
0.312547
0.183298
0.0442766
-0.0927665
-0.188524
-0.265843
-0.338977
-0.384103
-0.419578
-0.4527
-0.46599
-0.43786
-0.362034
-0.586448
-0.476392
-0.399051
-0.382409
-0.382409
0.5

0.5
0.437655
0.407627
0.317841
0.18884
0.0352685
-0.0986126
-0.193478
-0.268489
-0.341448
-0.387816
-0.425757
-0.465024
-0.475532
-0.445989
-0.343974
-0.595799
-0.462635
-0.390776
-0.381519
-0.381519
0.5

0.5
0.467713
0.417305
0.322963
0.19316
0.0256479
-0.106582
-0.200516
-0.271605
-0.343316
-0.392342
-0.435105
-0.483174
-0.491378
-0.466989
-0.331664
-0.59827
-0.436457
-0.377864
-0.378829
-0.378829
0.5

0.5
0.499973
0.427811
0.327741
0.194346
0.0168608
-0.116512
-0.209914
-0.275561
-0.345322
-0.398429
-0.448739
-0.507857
-0.515587
-0.509043
-0.342733
-0.576785
-0.391257
-0.359813
-0.375554
-0.375554
0.5

0.5
0.531936
0.437696
0.330775
0.191477
0.00716735
-0.129412
-0.222409
-0.28186
-0.349336
-0.407535
-0.467699
-0.539568
-0.551218
-0.580607
-0.409292
-0.505237
-0.319908
-0.336848
-0.37377
-0.37377
0.5

0.5
0.557013
0.441489
0.327577
0.18225
-0.00839244
-0.147926
-0.239549
-0.293378
-0.358167
-0.421494
-0.4922
-0.576753
-0.599321
-0.680005
-0.552225
-0.376438
-0.225903
-0.311759
-0.376606
-0.376606
0.5

0.5
0.564
0.430844
0.311609
0.163003
-0.0337478
-0.173141
-0.261137
-0.310964
-0.372245
-0.439204
-0.518321
-0.61181
-0.651514
-0.781823
-0.728271
-0.242493
-0.136557
-0.290196
-0.385394
-0.385394
0.5

0.5
0.546404
0.403626
0.282862
0.136043
-0.0626152
-0.197169
-0.279272
-0.32643
-0.383425
-0.451115
-0.533765
-0.629225
-0.685252
-0.840827
-0.830094
-0.186729
-0.0896173
-0.275751
-0.393547
-0.393547
0.5

0.5
0.514456
0.371687
0.254438
0.114437
-0.0779358
-0.20445
-0.280354
-0.324884
-0.377768
-0.443188
-0.524149
-0.616016
-0.678311
-0.832725
-0.811279
-0.20171
-0.0850981
-0.26459
-0.387833
-0.387833
0.5

0.5
0.514628
0.382097
0.271644
0.139513
-0.0409517
-0.160742
-0.233014
-0.276095
-0.325166
-0.384347
-0.456895
-0.540576
-0.603214
-0.745445
-0.729297
-0.138689
-0.0186912
-0.186606
-0.303019
-0.303019
0.5


