0
0
0
0
0
0
0
0
0
0
0
0
0
0
0
0
0
0
0
0
0
0

0
0
0
0
0
0
0
0
0
0
0
0
0
0
0
0
0
0
0
0
0
0

0
0
0
0
0
0
0
0
0
0
0
0
0
0
0
0
0
0
0
0
0
0

0
0
0
0
0
0
0
0
0
0
0
0
0
0
0
0
0
0
0
0
0
0

0
0
0
0
0
0
0
0
0
0
0
0
0
0
0
0
0
0
0
0
0
0

0
0
0
0
0
0
0
0
0
0
0
0
0
0
0
0
0
0
0
0
0
0

0
0
0
0
0
0
0
0
0
0
0
0
0
0
0
0
0
0
0
0
0
0

0
0
0
0
0
0
0
0
0
0
0
0
0
0
0
0
0
0
0
0
0
0

0
0
0
0
0
0
0
0
0
0
0
0
0
0
0
0
0
0
0
0
0
0

0
0
0
0
0
0
0
0
0
0
0
0
0
0
0
0
0
0
0
0
0
0

0
0
0
0
0
0
0
0
0
0
0
0
0
0
0
0
0
0
0
0
0
0

0
0
0
0
0
0
0
0
0
0
0
0
0
0
0
0
0
0
0
0
0
0

0
0
0
0
0
0
0
0
0
0
0
0
0
0
0
0
0
0
0
0
0
0

0
0
0
0
0
0
0
0
0
0
0
0
0
0
0
0
0
0
0
0
0
0

0
0
0
0
0
0
0
0
0
0
0
0
0
0
0
0
0
0
0
0
0
0

0
0
0
0
0
0
0
0
0
0
0
0
0
0
0
0
0
0
0
0
0
0

0
0
0
0
0
0
0
0
0
0
0
0
0
0
0
0
0
0
0
0
0
0


0
0
0
0
0
0
0
0
0
0
0
0
0
0
0
0
0
0
0
0
0
0

0.5
0.500961
0.510079
0.551147
0.526242
0.49667
0.494448
0.510966
0.495479
0.543135
0.52515
0.559737
0.591977
0.544095
0.623621
0.81898
0.550195
0.62436
0.576613
0.539789
0.539621
0

0.5
0.501402
0.510765
0.469856
0.522773
0.495408
0.494523
0.513105
0.522886
0.50267
0.522779
0.56483
0.59585
0.557202
0.619445
0.81219
0.504941
0.627754
0.576637
0.538734
0.53857
0

0.5
0.50178
0.509121
0.555234
0.535983
0.499655
0.492882
0.514318
0.520474
0.509419
0.520429
0.556625
0.611089
0.55005
0.614122
0.585847
0.868176
0.656331
0.575758
0.535179
0.535003
0

0.5
0.501975
0.508105
0.557679
0.600866
0.415299
0.485081
0.510526
0.525887
0.512338
0.516935
0.549011
0.614872
0.534776
0.608957
0.581354
0.828862
0.65952
0.572644
0.529667
0.529481
0

0.5
0.502012
0.515651
0.479951
0.615237
0.40625
0.483368
0.513345
0.522281
0.526583
0.514811
0.426801
-0.543397
0.505202
0.614042
0.601543
0.831799
0.663342
0.570808
0.522162
0.521952
0

0.5
0.501739
0.51326
0.545912
0.644835
0.380913
0.483086
0.517555
0.519953
0.515815
0.512406
0.458816
0.694139
0.535988
0.603017
0.615971
0.854889
0.687429
0.52536
0.510882
0.510812
0

0.5
0.501138
0.510599
0.540672
0.682388
0.342597
0.485247
0.521504
0.515874
0.517626
0.51244
0.479266
0.656757
0.544864
0.603539
0.624889
0.896304
0.688889
0.514293
0.499827
0.499756
0

0.5
0.500275
0.507214
0.531418
0.731937
0.287387
0.491715
0.511396
0.537723
0.520443
0.513468
0.493017
0.619103
0.542787
0.813026
0.630463
0.958972
0.686428
0.493243
0.487466
0.487382
0

0.5
0.499205
0.503185
0.516789
0.76635
0.405683
0.514049
0.51708
0.53506
0.521957
0.514899
0.501391
0.589224
0.542156
0.178597
0.57773
1.04504
0.680698
0.462856
0.474717
0.474786
0

0.5
0.497995
0.498672
0.504034
0.316086
0.817595
0.485541
0.520049
0.535619
0.523254
0.516433
0.505831
0.56486
0.535018
0.597774
0.569783
1.17336
0.659991
0.422118
0.460901
0.461008
0

0.5
0.496719
0.494153
0.487178
0.30426
0.70871
0.577903
0.531293
0.537862
0.524687
0.501544
0.506418
0.543783
0.532334
0.576897
0.511248
1.36768
0.629799
0.369333
0.447582
0.447802
0

0.5
0.495455
0.489884
0.476376
0.357397
0.654274
0.576548
0.536473
0.541942
0.525776
0.518472
0.507606
0.524769
0.527943
0.543636
0.430209
1.59862
0.601327
0.30339
0.436388
0.436739
0

0.5
0.494551
0.485777
0.469733
0.394887
0.621859
0.575158
0.549216
0.531123
0.526649
0.512411
0.505628
0.506112
0.515509
0.249618
0.612
1.95843
0.540284
0.217487
0.429506
0.430004
0

0.5
0.492707
0.482558
0.465344
0.421224
0.600672
0.573354
0.552161
0.535837
0.527848
0.518839
0.504832
0.487945
0.401602
0.36267
0.363758
2.4075
0.469398
0.0958493
0.430539
0.431108
0

0.5
0.491218
0.479999
0.46259
0.4394
0.587602
0.571987
0.554563
0.539244
0.529179
0.518592
0.502886
0.472041
0.399145
0.320158
0.17265
-0.622474
0.118331
0.55656
0.464313
0.463647
0

0
0
0
0
0
0
0
0
0
0
0
0
0
0
0
0
0
0
0
0
0
0


0
0
0
0
0
0
0
0
0
0
0
0
0
0
0
0
0
0
0
0
0
0

0.5
0.499446
0.512211
0.539166
0.517872
0.514994
0.502068
0.509413
0.521413
0.510266
0.52376
0.50168
0.66237
0.575922
0.623423
0.744984
0.619131
0.64004
0.580657
0.544471
0.54425
0

0.5
0.4984
0.516046
0.542571
0.51683
0.518419
0.504629
0.507989
0.523569
0.512671
0.52338
0.530488
0.618974
0.5709
0.622344
0.723064
0.648752
0.641316
0.580307
0.543559
0.543344
0

0.5
0.500616
0.511846
0.543135
0.533204
0.4988
0.499988
0.512947
0.522681
0.513958
0.521531
0.536698
0.612249
0.567365
0.621717
0.629194
0.745248
0.652021
0.578188
0.540291
0.54007
0

0.5
0.501613
0.510772
0.543599
0.564247
0.46914
0.495649
0.513357
0.523357
0.515463
0.519146
0.52728
0.616707
0.570523
0.629798
0.602337
0.772731
0.659336
0.573716
0.53525
0.535025
0

0.5
0.50187
0.512289
0.541287
0.583772
0.449293
0.493691
0.515211
0.522888
0.516744
0.516913
0.480786
0.600461
0.552719
0.650571
0.554089
0.790862
0.666437
0.565081
0.528314
0.528093
0

0.5
0.501682
0.511373
0.538116
0.600766
0.432217
0.493997
0.517636
0.522624
0.518158
0.515641
0.487945
0.649722
0.553484
0.62155
0.611182
0.821269
0.679608
0.547077
0.519331
0.519142
0

0.5
0.501173
0.50927
0.533404
0.614387
0.418186
0.497284
0.519671
0.523806
0.519667
0.515534
0.49676
0.624353
0.55331
0.603559
0.627561
0.860809
0.685946
0.531255
0.509275
0.509105
0

0.5
0.500422
0.506327
0.525661
0.613877
0.41661
0.505203
0.518064
0.529617
0.521401
0.516142
0.503777
0.599751
0.550314
0.595615
0.62989
0.913422
0.691455
0.51235
0.498186
0.498041
0

0.5
0.499509
0.502706
0.514373
0.570918
0.44641
0.520371
0.521561
0.531759
0.522815
0.517079
0.508402
0.57778
0.543081
0.589129
0.620728
0.979655
0.701138
0.488488
0.486328
0.486224
0

0.5
0.498551
0.498543
0.50184
0.384967
0.654204
0.549841
0.52696
0.533315
0.524023
0.518096
0.510805
0.558277
0.537183
0.574998
0.60491
1.07347
0.74524
0.461675
0.474
0.473943
0

0.5
0.497774
0.49391
0.489738
0.382145
0.625451
0.560129
0.532261
0.534895
0.5251
0.518977
0.511424
0.540529
0.529335
0.550189
0.57781
1.23232
0.680769
0.412877
0.461258
0.461313
0

0.5
0.497765
0.488187
0.481605
0.404782
0.606233
0.563499
0.537338
0.536056
0.526177
0.519462
0.510853
0.524317
0.51571
0.501911
0.548224
1.43904
0.644119
0.357692
0.449819
0.449998
0

0.5
0.49932
0.478134
0.478194
0.424924
0.590572
0.564512
0.544268
0.534837
0.52708
0.519716
0.50941
0.50833
0.492263
0.384203
0.556608
1.70438
0.604043
0.291524
0.440884
0.441208
0

0.5
0.495024
0.481975
0.471336
0.441439
0.5782
0.564423
0.547947
0.536226
0.52819
0.519788
0.507552
0.492521
0.438824
0.378742
0.427253
2.03133
0.559014
0.214476
0.435802
0.436274
0

0.5
0.492256
0.482084
0.467767
0.455007
0.568552
0.564423
0.550992
0.538278
0.529242
0.519626
0.505519
0.478688
0.42115
0.358281
0.267714
2.34558
0.519488
0.107263
0.434314
0.434937
0

0
0
0
0
0
0
0
0
0
0
0
0
0
0
0
0
0
0
0
0
0
0


0
0
0
0
0
0
0
0
0
0
0
0
0
0
0
0
0
0
0
0
0
0

0.5
0.500037
0.511432
0.528788
0.505903
0.529281
0.505469
0.5119
0.522489
0.516164
0.524011
0.512601
0.623182
0.579181
0.622297
0.699818
0.653869
0.640972
0.583284
0.548836
0.548622
0

0.5
0.500281
0.512479
0.531048
0.505933
0.529805
0.507049
0.512958
0.523131
0.516956
0.524217
0.527613
0.609956
0.577463
0.622237
0.685125
0.673339
0.644385
0.582919
0.548082
0.547874
0

0.5
0.501123
0.511542
0.532482
0.521302
0.513257
0.505
0.514393
0.522978
0.517567
0.523139
0.531264
0.605459
0.574854
0.622025
0.649892
0.713093
0.65073
0.580508
0.545135
0.544924
0

0.5
0.501655
0.510915
0.533227
0.540134
0.493691
0.502704
0.5154
0.523245
0.518433
0.521627
0.525672
0.608109
0.572392
0.624747
0.629482
0.741254
0.657424
0.57601
0.540627
0.540415
0

0.5
0.501805
0.510758
0.532356
0.554653
0.478361
0.501594
0.516787
0.523458
0.519363
0.520107
0.509626
0.620722
0.567202
0.62911
0.619254
0.764708
0.664564
0.568437
0.534518
0.534308
0

0.5
0.501628
0.509795
0.530223
0.564555
0.467575
0.502375
0.518489
0.523993
0.520399
0.519183
0.508691
0.614879
0.563472
0.616831
0.628187
0.792696
0.673008
0.556812
0.52685
0.526653
0

0.5
0.501185
0.508008
0.526281
0.567595
0.463181
0.505776
0.520163
0.525392
0.521548
0.518954
0.511163
0.600958
0.559984
0.604858
0.636982
0.828144
0.680052
0.543473
0.517976
0.517793
0

0.5
0.500538
0.505505
0.520016
0.558212
0.47011
0.512725
0.521446
0.528092
0.522791
0.519208
0.513825
0.584932
0.555117
0.595264
0.640262
0.873731
0.686743
0.527303
0.508068
0.507905
0

0.5
0.499759
0.502405
0.511366
0.526591
0.497504
0.524106
0.524371
0.530122
0.523945
0.519708
0.515622
0.569008
0.548145
0.585343
0.637714
0.932192
0.694093
0.507048
0.497311
0.49718
0

0.5
0.498944
0.498838
0.501508
0.451054
0.567065
0.539848
0.528432
0.531764
0.524992
0.520266
0.516296
0.553843
0.539964
0.569714
0.630291
1.00961
0.700045
0.481149
0.485928
0.485846
0

0.5
0.498224
0.494905
0.492576
0.436523
0.578625
0.549051
0.532722
0.533201
0.525955
0.520741
0.515929
0.539415
0.529283
0.54584
0.617219
1.13643
0.682677
0.446138
0.474266
0.474258
0

0.5
0.497774
0.490611
0.485888
0.441768
0.574984
0.55376
0.537003
0.534305
0.526867
0.521018
0.514756
0.525655
0.514226
0.508812
0.599525
1.2928
0.663806
0.404073
0.463111
0.463198
0

0.5
0.497529
0.486217
0.481218
0.450918
0.56842
0.556086
0.54144
0.534853
0.527728
0.521146
0.513025
0.512086
0.49279
0.452243
0.578457
1.48483
0.642889
0.355149
0.453204
0.453402
0

0.5
0.49529
0.485183
0.47678
0.460254
0.561817
0.557183
0.54487
0.536005
0.528649
0.521179
0.511018
0.498741
0.46309
0.423356
0.505526
1.71245
0.623001
0.300808
0.445103
0.44542
0

0.5
0.49326
0.484546
0.473639
0.46911
0.556088
0.558269
0.547985
0.537493
0.529488
0.52102
0.508931
0.486969
0.443998
0.403013
0.409728
1.9687
0.597086
0.239705
0.437787
0.438249
0

0
0
0
0
0
0
0
0
0
0
0
0
0
0
0
0
0
0
0
0
0
0


0
0
0
0
0
0
0
0
0
0
0
0
0
0
0
0
0
0
0
0
0
0

0.5
0.500712
0.510123
0.518955
0.471456
0.52404
0.506004
0.514198
0.522516
0.519218
0.525276
0.526349
0.601962
0.581707
0.620597
0.676003
0.668589
0.642114
0.586119
0.553425
0.553217
0

0.5
0.501368
0.510867
0.521793
0.479233
0.5563
0.51033
0.515493
0.52332
0.520121
0.525744
0.531384
0.598218
0.581098
0.62078
0.668733
0.680384
0.645103
0.585805
0.552841
0.55264
0

0.5
0.501622
0.510504
0.523843
0.504833
0.531452
0.509552
0.516332
0.523411
0.520483
0.525067
0.532509
0.595707
0.579082
0.620149
0.654138
0.7009
0.649523
0.58353
0.550247
0.550044
0

0.5
0.501819
0.510059
0.525102
0.52216
0.512418
0.508402
0.517248
0.523697
0.521025
0.524105
0.529556
0.595902
0.576569
0.619923
0.643192
0.721833
0.65499
0.579599
0.546316
0.546111
0

0.5
0.501828
0.509534
0.525047
0.534085
0.499127
0.50792
0.518394
0.524134
0.521678
0.523105
0.523501
0.597968
0.573039
0.618752
0.638287
0.743123
0.661099
0.573496
0.541033
0.540829
0

0.5
0.501623
0.508551
0.523593
0.540726
0.49122
0.508862
0.519798
0.524858
0.522434
0.522407
0.521318
0.593721
0.569159
0.612477
0.640848
0.767985
0.667746
0.564917
0.534462
0.534263
0

0.5
0.501219
0.507
0.520526
0.541121
0.48933
0.511803
0.521408
0.526053
0.523286
0.522102
0.521167
0.585016
0.564751
0.604391
0.64537
0.798852
0.674181
0.55421
0.526759
0.526568
0

0.5
0.50065
0.504895
0.51569
0.533222
0.495186
0.51717
0.523258
0.527729
0.524202
0.522101
0.521518
0.574129
0.559241
0.595736
0.648414
0.838107
0.680333
0.540935
0.51807
0.517894
0

0.5
0.499969
0.502317
0.509249
0.514432
0.511162
0.525021
0.525851
0.529348
0.525106
0.522271
0.521612
0.562481
0.552212
0.585489
0.648761
0.888789
0.685783
0.524307
0.508545
0.508392
0

0.5
0.499229
0.499376
0.501987
0.483479
0.538782
0.534399
0.529067
0.53082
0.525965
0.522489
0.521152
0.550743
0.543581
0.571382
0.64613
0.956039
0.688383
0.503331
0.498374
0.498256
0

0.5
0.498503
0.496222
0.495267
0.469113
0.551787
0.541598
0.532511
0.532146
0.526774
0.522661
0.520094
0.53913
0.532718
0.551665
0.639867
1.04843
0.683537
0.476997
0.487853
0.487788
0

0.5
0.497816
0.493017
0.489812
0.467141
0.554174
0.546212
0.535959
0.533297
0.527546
0.522737
0.518536
0.527692
0.51881
0.524783
0.62888
1.16288
0.676143
0.445817
0.477423
0.477424
0

0.5
0.497023
0.490094
0.485542
0.47011
0.55249
0.549021
0.539301
0.534287
0.5283
0.522732
0.516631
0.516361
0.501351
0.491076
0.60975
1.29971
0.667985
0.410506
0.467527
0.467605
0

0.5
0.495665
0.48827
0.481878
0.474692
0.549543
0.550781
0.542239
0.535416
0.529071
0.522683
0.514568
0.505237
0.481025
0.463727
0.568064
1.45648
0.661124
0.372516
0.458455
0.458617
0

0.5
0.49425
0.487058
0.479163
0.479891
0.546816
0.552541
0.545096
0.536658
0.529741
0.522474
0.512484
0.495375
0.4651
0.444649
0.518387
1.62744
0.648961
0.329977
0.449142
0.449433
0

0
0
0
0
0
0
0
0
0
0
0
0
0
0
0
0
0
0
0
0
0
0


0
0
0
0
0
0
0
0
0
0
0
0
0
0
0
0
0
0
0
0
0
0

0.5
0.501161
0.508817
0.512268
0.163085
0.223394
0.489415
0.515524
0.522984
0.521787
0.527053
0.533648
0.589044
0.583258
0.618808
0.663036
0.672691
0.642133
0.589074
0.558146
0.557945
0

0.5
0.501869
0.509554
0.514779
0.412741
0.539108
0.511755
0.517493
0.52387
0.522681
0.527623
0.535512
0.588119
0.583103
0.619049
0.660001
0.680192
0.644598
0.588881
0.557737
0.557544
0

0.5
0.501934
0.509363
0.517443
0.481792
0.551738
0.513707
0.518193
0.524047
0.522919
0.527167
0.535518
0.58653
0.581486
0.618159
0.653727
0.692582
0.647894
0.586942
0.555515
0.55532
0

0.5
0.501961
0.509013
0.519055
0.506868
0.527925
0.513003
0.518965
0.524366
0.523278
0.526525
0.533803
0.585538
0.579253
0.616923
0.648618
0.707812
0.652239
0.583701
0.552154
0.551956
0

0.5
0.501878
0.508457
0.519417
0.519961
0.513347
0.512748
0.519932
0.524849
0.523734
0.525838
0.530973
0.584412
0.576291
0.614688
0.646487
0.725329
0.657295
0.578898
0.547665
0.547466
0

0.5
0.501649
0.507554
0.518497
0.52602
0.505967
0.513599
0.52114
0.525552
0.524277
0.525284
0.529071
0.580743
0.572654
0.610316
0.647765
0.746306
0.662809
0.57233
0.542093
0.541896
0

0.5
0.501276
0.506233
0.516237
0.526493
0.504131
0.515909
0.522611
0.526531
0.524897
0.524935
0.528018
0.574591
0.568249
0.604376
0.650674
0.772268
0.668443
0.563929
0.535525
0.535332
0

0.5
0.500774
0.504496
0.512653
0.521469
0.507586
0.519833
0.524395
0.52775
0.52557
0.524763
0.527281
0.566791
0.562832
0.597175
0.653474
0.804978
0.673927
0.553412
0.528069
0.527884
0

0.5
0.50017
0.502394
0.507962
0.51093
0.516311
0.5252
0.526613
0.529031
0.526256
0.524699
0.52646
0.558096
0.556158
0.588228
0.655141
0.84666
0.678765
0.54032
0.519843
0.519672
0

0.5
0.499507
0.500033
0.502714
0.496604
0.52886
0.531269
0.529197
0.530282
0.526929
0.524667
0.525347
0.548978
0.548034
0.576503
0.655072
0.900229
0.681941
0.524159
0.511004
0.510857
0

0.5
0.498816
0.497539
0.497686
0.487085
0.537426
0.536551
0.531953
0.531469
0.527579
0.524615
0.523891
0.539687
0.538154
0.561119
0.652532
0.968574
0.682435
0.504613
0.501769
0.501655
0

0.5
0.498088
0.495053
0.493337
0.483576
0.540898
0.54048
0.534715
0.532576
0.528213
0.524521
0.522133
0.530344
0.526239
0.541648
0.646269
1.0515
0.681573
0.481963
0.492422
0.492351
0

0.5
0.497278
0.492787
0.489722
0.483681
0.541382
0.543241
0.537378
0.533622
0.528839
0.524387
0.520168
0.521021
0.512302
0.51895
0.633764
1.14818
0.680488
0.456853
0.483248
0.483227
0

0.5
0.496285
0.490957
0.486616
0.485452
0.540529
0.545234
0.539845
0.534692
0.529468
0.524234
0.518115
0.511848
0.497102
0.497291
0.610674
1.25609
0.680173
0.430359
0.474444
0.474477
0

0.5
0.495243
0.48956
0.484266
0.488178
0.539729
0.54728
0.542334
0.535784
0.529995
0.523958
0.516095
0.503711
0.484567
0.48148
0.5869
1.37107
0.67521
0.400512
0.465035
0.465175
0

0
0
0
0
0
0
0
0
0
0
0
0
0
0
0
0
0
0
0
0
0
0


0
0
0
0
0
0
0
0
0
0
0
0
0
0
0
0
0
0
0
0
0
0

0.5
0.501421
0.507786
0.509369
0.46415
0.555769
0.513177
0.518222
0.523744
0.523993
0.528993
0.537956
0.580292
0.584084
0.617195
0.655364
0.671526
0.641281
0.59206
0.562905
0.562711
0

0.5
0.502121
0.508499
0.511933
0.481374
0.557342
0.515871
0.519364
0.524627
0.524861
0.529619
0.538875
0.580238
0.584155
0.617484
0.654462
0.676656
0.643338
0.59204
0.562677
0.562492
0

0.5
0.50211
0.508354
0.513849
0.494611
0.5422
0.516262
0.519869
0.52482
0.52502
0.529289
0.538497
0.579049
0.582827
0.61658
0.651898
0.684912
0.64585
0.590468
0.560816
0.560628
0

0.5
0.502059
0.508057
0.515115
0.506159
0.528611
0.516074
0.520507
0.525132
0.52526
0.528828
0.537335
0.577689
0.580899
0.61519
0.649885
0.696091
0.649296
0.587916
0.55801
0.55782
0

0.5
0.501929
0.507553
0.515491
0.514191
0.519111
0.516106
0.521319
0.525584
0.525572
0.528317
0.535651
0.575789
0.57833
0.613016
0.649387
0.709917
0.65343
0.584222
0.554275
0.554083
0

0.5
0.501697
0.506774
0.514881
0.518357
0.513734
0.516863
0.522344
0.526199
0.525952
0.527848
0.534102
0.572566
0.575075
0.609669
0.650647
0.726896
0.658036
0.579229
0.549642
0.549448
0

0.5
0.501358
0.505683
0.513254
0.518878
0.512068
0.518607
0.523613
0.526991
0.52639
0.527472
0.532813
0.567897
0.571056
0.605152
0.653033
0.747931
0.662903
0.572815
0.544166
0.543973
0

0.5
0.500916
0.504274
0.510659
0.515984
0.513782
0.521402
0.52515
0.527933
0.52687
0.527186
0.531633
0.562071
0.566139
0.599432
0.655697
0.774169
0.667798
0.564787
0.53793
0.53774
0

0.5
0.500394
0.502601
0.507304
0.510178
0.518393
0.52508
0.526977
0.528951
0.527369
0.526956
0.530385
0.555461
0.560181
0.592226
0.657956
0.806999
0.672397
0.554882
0.531021
0.530838
0

0.5
0.499816
0.500739
0.503546
0.502871
0.524637
0.529166
0.529039
0.529987
0.527871
0.526747
0.528963
0.548367
0.553049
0.583033
0.659244
0.847934
0.676276
0.542884
0.523563
0.523393
0

0.5
0.499188
0.498771
0.499825
0.49709
0.529751
0.532965
0.531224
0.53101
0.528371
0.526532
0.527333
0.54099
0.544614
0.571449
0.658921
0.898132
0.679198
0.528724
0.51572
0.515569
0

0.5
0.498527
0.496819
0.49646
0.494029
0.532647
0.536089
0.533425
0.532004
0.528865
0.526297
0.525519
0.533466
0.534813
0.557378
0.65604
0.957579
0.681599
0.512621
0.507685
0.507559
0

0.5
0.497816
0.494992
0.493529
0.493116
0.533792
0.538521
0.535567
0.532971
0.529354
0.526042
0.523576
0.525901
0.523809
0.54143
0.649238
1.02541
0.683999
0.495055
0.499655
0.499558
0

0.5
0.497044
0.493362
0.490948
0.493436
0.533956
0.540451
0.537608
0.53394
0.52985
0.525791
0.521602
0.518443
0.512155
0.525277
0.637282
1.09954
0.686763
0.476737
0.491781
0.491716
0

0.5
0.496236
0.492004
0.488945
0.494663
0.534194
0.542481
0.539703
0.534892
0.530246
0.525441
0.519688
0.511831
0.502473
0.513214
0.627134
1.17721
0.685765
0.455816
0.483194
0.483214
0

0
0
0
0
0
0
0
0
0
0
0
0
0
0
0
0
0
0
0
0
0
0


0
0
0
0
0
0
0
0
0
0
0
0
0
0
0
0
0
0
0
0
0
0

0.5
0.501563
0.506957
0.509303
0.490674
0.546388
0.517053
0.519992
0.524608
0.525931
0.530939
0.540802
0.57395
0.58444
0.615842
0.650253
0.66776
0.639847
0.595011
0.567612
0.567426
0

0.5
0.502251
0.507661
0.510903
0.495687
0.541726
0.518136
0.520989
0.525486
0.526775
0.531602
0.541457
0.574197
0.584655
0.61621
0.650398
0.671488
0.641589
0.595158
0.567558
0.56738
0

0.5
0.502209
0.507529
0.511952
0.50186
0.533877
0.518243
0.52136
0.525662
0.526877
0.531345
0.540991
0.573226
0.583564
0.615435
0.649565
0.677249
0.643523
0.593957
0.566044
0.565864
0

0.5
0.502126
0.507267
0.512717
0.507847
0.526441
0.518218
0.521868
0.525938
0.527031
0.530985
0.540101
0.571875
0.58194
0.614226
0.649126
0.685458
0.646244
0.592041
0.563771
0.563588
0

0.5
0.501982
0.506833
0.512932
0.512378
0.520748
0.518384
0.52253
0.526325
0.527234
0.530568
0.538893
0.569974
0.579757
0.612439
0.649553
0.696028
0.649588
0.589303
0.56075
0.560563
0

0.5
0.501763
0.506189
0.512472
0.514882
0.517267
0.51903
0.523371
0.526833
0.527483
0.530146
0.5376
0.567248
0.576967
0.609902
0.650994
0.709227
0.653402
0.585631
0.557002
0.556813
0

0.5
0.501462
0.505309
0.511297
0.515255
0.516003
0.520318
0.52441
0.527462
0.527773
0.529749
0.536313
0.563612
0.573507
0.606521
0.653201
0.725573
0.657551
0.580937
0.552575
0.552384
0

0.5
0.501086
0.504202
0.50946
0.513636
0.516772
0.522279
0.525659
0.528195
0.528094
0.529383
0.535006
0.559173
0.569301
0.602203
0.65577
0.745759
0.661861
0.575077
0.547519
0.547327
0

0.5
0.500648
0.502903
0.507103
0.510435
0.519168
0.524786
0.527109
0.528996
0.528433
0.52904
0.533618
0.554118
0.564268
0.596755
0.658244
0.770562
0.666167
0.567931
0.541909
0.541719
0

0.5
0.500151
0.501452
0.504443
0.506488
0.522421
0.527559
0.528717
0.529832
0.528784
0.528705
0.532102
0.548624
0.558336
0.589921
0.660227
0.800757
0.670276
0.55941
0.535842
0.535657
0

0.5
0.499619
0.499931
0.501755
0.50305
0.525395
0.530248
0.530419
0.53068
0.529139
0.528367
0.53045
0.54284
0.551462
0.581519
0.661228
0.836809
0.674127
0.549522
0.529429
0.529252
0

0.5
0.499059
0.498409
0.499236
0.500824
0.527443
0.532617
0.532145
0.531522
0.529492
0.528013
0.528672
0.536877
0.543673
0.571566
0.660652
0.878617
0.677872
0.538443
0.522814
0.522648
0

0.5
0.498472
0.496946
0.496956
0.499752
0.528574
0.534604
0.533846
0.53236
0.52985
0.527657
0.526823
0.530853
0.535143
0.560425
0.657823
0.925454
0.681686
0.526491
0.516133
0.515982
0

0.5
0.497867
0.495577
0.49489
0.499451
0.529105
0.536292
0.535498
0.533198
0.530217
0.527316
0.524972
0.524896
0.52625
0.54888
0.652433
0.975803
0.685664
0.51413
0.50951
0.509374
0

0.5
0.49722
0.494365
0.493237
0.499863
0.529763
0.538102
0.537203
0.534001
0.530489
0.526894
0.523193
0.51962
0.518897
0.54026
0.649281
1.0279
0.68675
0.49971
0.502163
0.502093
0

0
0
0
0
0
0
0
0
0
0
0
0
0
0
0
0
0
0
0
0
0
0


0
0
0
0
0
0
0
0
0
0
0
0
0
0
0
0
0
0
0
0
0
0

0.5
0.501644
0.506299
0.509311
0.501187
0.533376
0.518756
0.521463
0.525518
0.527673
0.532823
0.542852
0.569084
0.584516
0.614755
0.646434
0.662791
0.638066
0.597848
0.572177
0.572
0

0.5
0.502325
0.506997
0.510436
0.503984
0.531464
0.519595
0.522393
0.526382
0.528496
0.533509
0.54345
0.569466
0.584847
0.615221
0.647091
0.665588
0.639562
0.598157
0.572287
0.572117
0

0.5
0.502272
0.50687
0.510934
0.506995
0.527555
0.519634
0.522665
0.526528
0.528553
0.533296
0.543001
0.568665
0.583969
0.614641
0.647078
0.669607
0.641042
0.597307
0.571107
0.570935
0

0.5
0.50218
0.506639
0.51129
0.509991
0.523656
0.519691
0.523057
0.526753
0.528638
0.532993
0.542273
0.567477
0.582648
0.613731
0.647414
0.675491
0.643161
0.595966
0.569337
0.569162
0

0.5
0.502042
0.506278
0.511322
0.512326
0.520528
0.519914
0.523577
0.527063
0.528753
0.532627
0.541311
0.56583
0.580866
0.612422
0.648325
0.68323
0.645817
0.594064
0.566987
0.566808
0

0.5
0.501846
0.50576
0.510929
0.513634
0.518523
0.520445
0.524235
0.527458
0.528894
0.532225
0.540204
0.563621
0.578584
0.61062
0.64988
0.692968
0.64892
0.591545
0.564081
0.563898
0

0.5
0.501592
0.50508
0.510085
0.513797
0.517734
0.521376
0.525044
0.527939
0.529059
0.531808
0.539005
0.56081
0.575767
0.608255
0.651993
0.704997
0.652368
0.588329
0.560643
0.560456
0

0.5
0.501284
0.504242
0.508818
0.512875
0.518069
0.52271
0.526003
0.528495
0.529244
0.531387
0.537723
0.557446
0.572368
0.605225
0.654415
0.719671
0.656076
0.58436
0.556722
0.556532
0

0.5
0.500921
0.503258
0.507207
0.511112
0.519289
0.524371
0.527099
0.529106
0.529444
0.530963
0.536344
0.55362
0.568341
0.601407
0.656915
0.737416
0.659934
0.579574
0.552374
0.552181
0

0.5
0.50052
0.502175
0.505396
0.508957
0.520989
0.52621
0.528307
0.529755
0.529656
0.530535
0.53486
0.549442
0.563663
0.596683
0.659213
0.758583
0.663859
0.573932
0.54766
0.547466
0

0.5
0.500091
0.501035
0.503537
0.50697
0.522668
0.528049
0.529588
0.530423
0.529871
0.530093
0.533268
0.545002
0.558326
0.59097
0.660996
0.78334
0.667815
0.567473
0.542667
0.542474
0

0.5
0.49964
0.49988
0.50174
0.505507
0.523975
0.529746
0.530897
0.531102
0.530093
0.529645
0.531595
0.540399
0.552388
0.584296
0.661903
0.811539
0.671839
0.560318
0.537493
0.537301
0

0.5
0.499177
0.498746
0.500061
0.504618
0.524847
0.531256
0.532206
0.531788
0.530323
0.529202
0.52988
0.535728
0.545988
0.576867
0.661604
0.842651
0.675964
0.552669
0.532234
0.532045
0

0.5
0.498713
0.497653
0.498497
0.504154
0.525399
0.532608
0.533498
0.532481
0.530567
0.528778
0.528175
0.531091
0.539375
0.569095
0.660044
0.875675
0.680162
0.544796
0.526984
0.526799
0

0.5
0.498191
0.496632
0.497197
0.504178
0.5261
0.534079
0.534828
0.533126
0.530718
0.528288
0.526547
0.526992
0.533949
0.563404
0.660384
0.909509
0.682251
0.535303
0.521037
0.520903
0

0
0
0
0
0
0
0
0
0
0
0
0
0
0
0
0
0
0
0
0
0
0


0
0
0
0
0
0
0
0
0
0
0
0
0
0
0
0
0
0
0
0
0
0

0.5
0.501701
0.505762
0.509382
0.50824
0.52444
0.519679
0.522734
0.526431
0.529266
0.534621
0.544448
0.565073
0.584441
0.613896
0.64333
0.657405
0.636137
0.600528
0.576519
0.576349
0

0.5
0.50238
0.506457
0.510247
0.509781
0.524136
0.520498
0.52362
0.527277
0.530071
0.535323
0.545049
0.565543
0.584874
0.614471
0.64424
0.659494
0.637434
0.600991
0.576785
0.576623
0

0.5
0.502326
0.506336
0.510383
0.510967
0.522518
0.520574
0.523817
0.527388
0.530089
0.535136
0.54465
0.564903
0.5842
0.614101
0.644625
0.66215
0.638535
0.600466
0.575919
0.575754
0

0.5
0.502239
0.506137
0.51043
0.512143
0.520867
0.520711
0.524107
0.527556
0.530117
0.534866
0.54404
0.563939
0.583179
0.613527
0.645346
0.666094
0.640138
0.599644
0.574622
0.574454
0

0.5
0.502114
0.505843
0.510299
0.513033
0.519519
0.520963
0.524491
0.527783
0.530155
0.534526
0.54324
0.562624
0.581799
0.612708
0.646486
0.671328
0.642191
0.5985
0.572908
0.572736
0

0.5
0.50195
0.505449
0.509944
0.51348
0.518653
0.52139
0.524975
0.52807
0.530202
0.53413
0.542282
0.560924
0.580047
0.611611
0.648083
0.67792
0.644632
0.596986
0.570788
0.570611
0

0.5
0.501748
0.504951
0.509349
0.513421
0.518328
0.522027
0.525558
0.528414
0.530258
0.533694
0.541198
0.55883
0.577898
0.610168
0.650062
0.685983
0.647426
0.595092
0.568291
0.568108
0

0.5
0.501502
0.504346
0.508519
0.512878
0.518504
0.522867
0.526238
0.528808
0.530324
0.533228
0.540003
0.556364
0.575323
0.608314
0.652328
0.695682
0.650511
0.59279
0.565453
0.565265
0

0.5
0.501221
0.503652
0.507506
0.511971
0.519082
0.523881
0.527008
0.529246
0.5304
0.532741
0.538706
0.553577
0.572315
0.606008
0.654756
0.707185
0.653832
0.590041
0.562304
0.56211
0

0.5
0.500914
0.502893
0.506381
0.510896
0.519895
0.525002
0.527855
0.529717
0.53048
0.532231
0.537307
0.55052
0.568868
0.60318
0.657189
0.720618
0.657335
0.586846
0.558892
0.558691
0

0.5
0.500586
0.502088
0.505209
0.509867
0.520731
0.526146
0.528755
0.530211
0.530566
0.531707
0.535825
0.547258
0.564994
0.599784
0.659427
0.736004
0.661005
0.583245
0.555275
0.555069
0

0.5
0.500245
0.501263
0.504047
0.509041
0.521444
0.527248
0.529689
0.530724
0.530661
0.531177
0.534284
0.543858
0.560745
0.595845
0.661285
0.753219
0.664822
0.579304
0.551515
0.551303
0

0.5
0.4999
0.500435
0.502925
0.508454
0.521986
0.528284
0.530638
0.531252
0.530769
0.530654
0.532719
0.54039
0.556216
0.591467
0.6626
0.771941
0.668757
0.575123
0.547673
0.547455
0

0.5
0.49956
0.499616
0.501844
0.508056
0.522397
0.529261
0.531594
0.531793
0.530892
0.530153
0.531168
0.536932
0.551562
0.586855
0.663355
0.791618
0.672742
0.57083
0.543809
0.543587
0

0.5
0.499145
0.498798
0.500894
0.507932
0.52294
0.530334
0.532568
0.532278
0.530927
0.529596
0.529693
0.533879
0.547776
0.583642
0.665431
0.811634
0.67532
0.565292
0.539291
0.539106
0

0
0
0
0
0
0
0
0
0
0
0
0
0
0
0
0
0
0
0
0
0
0


0
0
0
0
0
0
0
0
0
0
0
0
0
0
0
0
0
0
0
0
0
0

0.5
0.501657
0.50524
0.509498
0.513575
0.516977
0.520303
0.523881
0.527216
0.530498
0.535881
0.545121
0.560855
0.583908
0.612858
0.640544
0.652551
0.635163
0.603834
0.580909
0.580717
0

0.5
0.502336
0.505933
0.510186
0.514319
0.51783
0.521161
0.524728
0.52804
0.531283
0.536589
0.545736
0.56139
0.584415
0.613497
0.64154
0.654021
0.636318
0.604471
0.581333
0.581148
0

0.5
0.502282
0.505816
0.510056
0.514284
0.517958
0.521312
0.524849
0.528105
0.531262
0.536415
0.545384
0.560883
0.583884
0.613262
0.642046
0.65547
0.637155
0.604304
0.580781
0.580593
0

0.5
0.5022
0.505637
0.509851
0.514183
0.518101
0.521521
0.525025
0.528202
0.531231
0.53616
0.54486
0.560118
0.583082
0.612901
0.642819
0.657652
0.638409
0.604054
0.57996
0.579766
0

0.5
0.502089
0.505398
0.509567
0.514009
0.51823
0.521775
0.525254
0.528331
0.531192
0.535828
0.544173
0.559102
0.582008
0.612406
0.643864
0.660566
0.640062
0.603705
0.578876
0.578676
0

0.5
0.501951
0.5051
0.509203
0.513755
0.518327
0.522061
0.525532
0.528491
0.531145
0.535428
0.543335
0.557842
0.580653
0.611751
0.645161
0.66421
0.642115
0.603269
0.577546
0.577338
0

0.5
0.501783
0.504739
0.508753
0.513421
0.518384
0.522372
0.525854
0.528682
0.531094
0.534969
0.542362
0.556346
0.579008
0.61091
0.646693
0.668585
0.644549
0.602748
0.575992
0.575774
0

0.5
0.501589
0.504322
0.50823
0.513012
0.518399
0.522703
0.526219
0.528903
0.531043
0.534464
0.54127
0.55463
0.57708
0.609873
0.648406
0.673674
0.647354
0.602136
0.57423
0.574002
0

0.5
0.501373
0.503858
0.507649
0.512559
0.518397
0.523061
0.526628
0.529153
0.530992
0.533917
0.540069
0.552706
0.574873
0.608621
0.650265
0.679476
0.650488
0.601419
0.572278
0.572039
0

0.5
0.50114
0.503353
0.507023
0.512084
0.518387
0.523444
0.527079
0.52943
0.530943
0.53334
0.538779
0.550598
0.572397
0.60712
0.652164
0.685935
0.653952
0.600628
0.57017
0.569919
0

0.5
0.500893
0.502814
0.506365
0.511619
0.518385
0.523853
0.527569
0.529732
0.530902
0.532745
0.537421
0.548338
0.569675
0.605362
0.654034
0.692993
0.6577
0.599764
0.567932
0.567668
0

0.5
0.500639
0.502249
0.505688
0.511187
0.518408
0.524291
0.528097
0.53006
0.530872
0.532145
0.536021
0.545966
0.566748
0.603357
0.655803
0.700555
0.661675
0.598834
0.56559
0.565313
0

0.5
0.500387
0.501666
0.504999
0.510796
0.518456
0.52476
0.528658
0.530412
0.530859
0.531555
0.534607
0.543528
0.563672
0.601146
0.657416
0.70849
0.665802
0.597843
0.563174
0.562884
0

0.5
0.500143
0.50107
0.5043
0.510436
0.518533
0.525259
0.529249
0.530785
0.530867
0.530988
0.53321
0.541079
0.560532
0.598812
0.658874
0.716635
0.669985
0.596798
0.560709
0.560406
0

0.5
0.499805
0.500415
0.503615
0.510167
0.51872
0.525831
0.52984
0.531096
0.530791
0.530378
0.531887
0.538922
0.55798
0.5973
0.661026
0.724827
0.673337
0.594789
0.557621
0.557342
0

0
0
0
0
0
0
0
0
0
0
0
0
0
0
0
0
0
0
0
0
0
0


0
0
0
0
0
0
0
0
0
0
0
0
0
0
0
0
0
0
0
0
0
0

0
0
0
0
0
0
0
0
0
0
0
0
0
0
0
0
0
0
0
0
0
0

0
0
0
0
0
0
0
0
0
0
0
0
0
0
0
0
0
0
0
0
0
0

0
0
0
0
0
0
0
0
0
0
0
0
0
0
0
0
0
0
0
0
0
0

0
0
0
0
0
0
0
0
0
0
0
0
0
0
0
0
0
0
0
0
0
0

0
0
0
0
0
0
0
0
0
0
0
0
0
0
0
0
0
0
0
0
0
0

0
0
0
0
0
0
0
0
0
0
0
0
0
0
0
0
0
0
0
0
0
0

0
0
0
0
0
0
0
0
0
0
0
0
0
0
0
0
0
0
0
0
0
0

0
0
0
0
0
0
0
0
0
0
0
0
0
0
0
0
0
0
0
0
0
0

0
0
0
0
0
0
0
0
0
0
0
0
0
0
0
0
0
0
0
0
0
0

0
0
0
0
0
0
0
0
0
0
0
0
0
0
0
0
0
0
0
0
0
0

0
0
0
0
0
0
0
0
0
0
0
0
0
0
0
0
0
0
0
0
0
0

0
0
0
0
0
0
0
0
0
0
0
0
0
0
0
0
0
0
0
0
0
0

0
0
0
0
0
0
0
0
0
0
0
0
0
0
0
0
0
0
0
0
0
0

0
0
0
0
0
0
0
0
0
0
0
0
0
0
0
0
0
0
0
0
0
0

0
0
0
0
0
0
0
0
0
0
0
0
0
0
0
0
0
0
0
0
0
0

0
0
0
0
0
0
0
0
0
0
0
0
0
0
0
0
0
0
0
0
0
0


