0
0
0
0
0
0
0
0
0
0
0
0
0
0
0
0
0
0
0
0
0
0

0
-11.4967
-11.2432
-12.1961
-10.7264
-12.1949
-13.762
-12.4924
-10.2174
-12.2488
-12.3555
-12.2583
-13.0382
-13.8794
-14.1754
-14.7739
-14.6947
-11.9396
-15.0775
-12.5355
-12.1792
0

0
-9.24884
10.3866
-9.56337
-9.5881
-10.9502
-11.692
-10.611
-10.1863
-12.2488
-10.389
-9.95086
-10.0322
-10.9076
-11.9336
-12.2759
-13.0259
-10.835
-11.5816
-10.0712
-9.90626
0

0
-9.76182
-9.01673
-10.1089
-10.2407
-10.3086
-10.2197
-10.5331
-11.3134
-12.0523
-10.2482
-10.1028
-11.3995
-11.1962
-12.0924
-12.4388
-6.03631
-12.0799
-11.7777
-10.2907
-10.0827
0

0
-9.89574
-12.37
-10.61
-10.5139
-9.87995
-9.5555
-10.5384
-11.3698
-11.0213
-10.3339
-10.2503
-12.8157
-16.9416
-12.1417
-12.4044
-8.56517
-12.5181
-11.9396
-10.3046
-10.1417
0

0
-9.89724
-14.0247
-11.0539
-10.5409
-10.2502
-10.0448
-10.4931
-11.0655
-10.4554
-10.3884
-10.4315
-13.0382
-14.1885
-12.3805
-9.8856
-12.564
-12.497
-11.9251
-10.2965
-10.1937
0

0
-9.93645
-13.077
-11.1503
-10.5961
-10.711
-10.5497
-10.523
-10.9492
-10.4775
-10.3546
-10.5414
-11.7436
-11.7482
-12.7063
-12.0459
-13.2076
-12.7757
-11.7825
-10.3466
-10.2407
0

0
-9.97518
-11.389
-10.9709
-10.7264
-10.8205
-10.6559
-10.5371
-9.63891
-10.4658
-10.3653
-10.5258
-10.8853
-11.0595
-12.7447
-12.5087
-10.9399
-12.6789
-12.0334
-10.6798
-10.2877
0

0
-9.97775
-10.9406
-10.7976
-10.8501
-10.6366
-10.611
-10.3591
-6.44252
-10.296
-10.3843
-10.4773
-10.6971
-9.91314
-12.2843
-12.3103
-10.2352
-12.3845
-12.4008
-11.696
-10.3352
0

0
-9.9876
-10.9502
-10.8164
-10.9216
-10.7424
-10.5913
-10.2278
-8.12605
-10.1495
-10.389
-10.4454
-10.3724
-6.74783
-11.5753
-11.8321
-9.53052
-12.1376
-12.288
-12.5515
-10.3843
0

0
-10.0133
-10.9475
-10.8764
-10.9459
-11.3492
-10.6987
-10.3278
-9.83868
-10.2174
-10.3928
-10.4106
-9.76024
-0.0510422
-10.8048
-10.7777
-7.58021
-9.27683
-11.7825
-12.0379
-10.447
0

0
-10.0331
-10.9037
-10.8736
-10.969
-11.8159
-10.9356
-10.4508
-10.3263
-10.3082
-10.3849
-10.3744
-9.50976
11.2071
-10.3112
-9.86289
-4.53749
-9.28316
-11.1668
-11.1298
-10.4914
0

0
-10.0039
-10.7808
-10.6777
-11
-11.9892
-10.9908
-10.5271
-10.6976
-10.3041
-10.3342
-10.3167
-11.2341
-16.9416
-11.7234
-8.05828
-1.93212
-9.35204
-11.4119
-11.0013
-10.4449
0

0
-9.85339
-10.5409
-9.80443
-10.8987
-11.7158
-10.7994
-10.4324
-10.7892
-10.1737
-10.1465
-10.1407
-10.5431
-13.549
-9.88936
-5.60875
-1.63823
-9.8856
-11.3305
-11.1752
-10.2615
0

0
-9.49872
-10.1713
-10.1469
-10.5144
-11.6509
-10.4312
-10.0749
-10.0236
-9.82957
-9.78933
-9.77456
-9.834
-8.67019
-6.8083
-9.27683
-2.39717
-9.87357
-10.7739
-10.858
-9.88703
0

0
-8.87699
-9.57716
-9.56257
-9.80443
-10.8967
-9.7351
-9.38686
-9.25113
-9.19451
-9.19073
-9.18592
-9.23291
-9.21223
-8.26345
-9.1592
-2.28147
-9.49109
-10.2052
-10.1554
-9.25425
0

0
0
0
0
0
0
0
0
0
0
0
0
0
0
0
0
0
0
0
0
0
0


0
0
0
0
0
0
0
0
0
0
0
0
0
0
0
0
0
0
0
0
0
0

0
-11.9181
-9.61617
-12.8679
-12.2921
-12.2867
-13.7509
-13.1227
-12.2901
-13.534
-12.9863
-12.9001
-12.915
-14.5058
-14.4781
-14.9052
-14.304
-15.612
-15.9362
-13.3247
-12.7831
0

0
-9.34593
12.8389
-9.84899
-9.87191
-11.8577
-11.5776
-10.6964
-10.1644
-10.7194
-10.4951
-10.2648
-11.0776
-11.3594
-12.0012
-12.3851
-12.8889
-11.4161
-12.0009
-10.4257
-10.1712
0

0
-9.8244
-7.4985
-10.2655
-10.4128
-10.8804
-11.1695
-10.8073
-11.1343
-12.128
-10.526
-10.3888
-10.5762
-11.4932
-12.1699
-12.4478
-8.75412
-12.1118
-12.0905
-10.6619
-10.3474
0

0
-9.98732
-11.0176
-10.6771
-10.7543
-10.2279
-10.0749
-10.8295
-11.5926
-11.5235
-10.604
-10.5095
-12.3308
-12.9407
-12.224
-12.3416
-8.0109
-12.7567
-12.2015
-10.6942
-10.4053
0

0
-10.0537
-12.7896
-11.1402
-10.8408
-10.4159
-10.2471
-10.792
-11.3813
-10.8272
-10.6779
-10.6892
-12.7638
-13.9571
-12.4896
-11.6682
-11.8212
-12.7738
-12.1469
-10.6895
-10.4613
0

0
-10.1124
-13.1403
-11.3815
-10.8929
-10.9564
-10.7738
-10.8076
-11.1738
-10.7215
-10.6517
-10.8121
-12.1692
-12.5675
-12.9618
-12.2138
-13.6312
-13.0377
-12.1846
-10.704
-10.5123
0

0
-10.1698
-11.8984
-11.3053
-11.01
-11.2435
-10.9788
-10.8111
-9.81344
-10.7114
-10.6507
-10.8113
-11.2234
-11.3814
-13.1972
-12.5431
-11.9007
-12.97
-12.2349
-10.9583
-10.5637
0

0
-10.1862
-11.2454
-11.1197
-11.1398
-11.0941
-10.9487
-10.6509
-7.68128
-10.5745
-10.6653
-10.7611
-10.8867
-9.95415
-12.7822
-12.4863
-10.6082
-12.6279
-12.6187
-11.8305
-10.6161
0

0
-10.2006
-11.1925
-11.0959
-11.2252
-11.1627
-10.894
-10.5304
-8.37707
-10.4455
-10.6724
-10.7221
-10.5023
-6.01273
-11.8606
-12.1132
-9.71187
-12.3483
-12.6967
-12.4385
-10.6687
0

0
-10.2262
-11.2179
-11.1494
-11.2576
-11.3475
-10.9626
-10.6235
-9.93888
-10.4965
-10.6741
-10.6791
-9.73803
2.5971
-10.7013
-11.0872
-7.65855
-11.0906
-12.1766
-12.4495
-10.7287
0

0
-10.2383
-11.1884
-11.1367
-11.2685
-12.0142
-11.1946
-10.735
-10.6106
-10.5851
-10.6525
-10.6295
-9.22747
7.40858
-9.78982
-9.84724
-4.44574
-9.73107
-11.4897
-11.6003
-10.7603
0

0
-10.1825
-11.0495
-10.8654
-11.259
-12.2217
-11.2584
-10.7875
-10.9708
-10.5603
-10.5701
-10.5546
-11.1976
-15.6232
-11.5452
-7.60903
-1.87789
-9.35544
-11.5234
-11.1608
-10.6836
0

0
-9.97677
-10.7447
-10.4304
-11.0932
-11.8565
-11.0189
-10.6342
-10.7514
-10.3673
-10.3267
-10.3277
-10.7291
-13.6558
-10.041
-6.87958
-1.78993
-9.8369
-11.4961
-11.1921
-10.4383
0

0
-9.5376
-10.2716
-10.2479
-10.617
-11.5985
-10.5289
-10.1766
-10.142
-9.92857
-9.8868
-9.87577
-9.94467
-9.44028
-8.04722
-9.08399
-2.42838
-9.85044
-10.9901
-10.8643
-9.97433
0

0
-8.80327
-9.56124
-9.52295
-9.76248
-10.673
-9.68596
-9.35349
-9.23287
-9.17085
-9.17846
-9.17538
-9.21221
-8.94364
-8.20103
-9.07577
-2.27157
-9.32556
-10.3169
-10.0796
-9.22562
0

0
0
0
0
0
0
0
0
0
0
0
0
0
0
0
0
0
0
0
0
0
0


0
0
0
0
0
0
0
0
0
0
0
0
0
0
0
0
0
0
0
0
0
0

0
-12.0391
-9.79398
-13.3261
-14.2435
-11.8353
-13.3727
-13.52
-14.9448
-12.5528
-13.3261
-13.3137
-12.3357
-14.4051
-14.4406
-14.4646
-14.0253
-19.795
-16.5465
-14.105
-13.1741
0

0
-9.48268
0.422959
-10.2505
-10.1797
-12.5598
-11.4552
-10.5546
-10.013
-10.0881
-10.4062
-10.5411
-10.9689
-11.7696
-11.8179
-12.2728
-13.1181
-12.672
-12.5662
-10.8436
-10.3633
0

0
-9.59856
-6.81853
-10.1929
-10.3558
-12.3294
-12.0219
-10.9507
-10.4556
-11.7004
-10.7054
-10.5789
-10.0842
-11.2469
-11.9894
-12.3073
-15.2227
-12.2034
-12.3928
-11.0481
-10.5028
0

0
-9.75227
-7.81295
-10.2412
-10.7818
-10.8805
-11.0929
-11.0248
-11.4113
-12.0558
-10.7496
-10.6098
-10.7146
-8.844
-12.1083
-12.5662
-7.48432
-12.868
-12.3646
-11.1102
-10.5543
0

0
-10.0194
-10.4593
-10.8115
-11.0383
-10.3587
-10.3703
-11.0265
-11.5904
-11.3713
-10.8428
-10.7903
-12.4677
-13.1727
-12.4224
-13.9591
-8.77051
-12.8997
-12.4363
-11.1058
-10.6194
0

0
-10.176
-12.8386
-11.3658
-11.1012
-10.8386
-10.7562
-11.0079
-11.3826
-10.9198
-10.8762
-10.9676
-12.7177
-13.4927
-12.9857
-12.4298
-13.2453
-13.0197
-12.3222
-11.0102
-10.6817
0

0
-10.2989
-12.6574
-11.5846
-11.183
-11.5571
-11.1827
-11.0451
-11.1219
-10.8876
-10.8612
-11.0336
-11.7792
-12.0536
-13.467
-12.3945
-13.6806
-13.0018
-12.1669
-10.9173
-10.7435
0

0
-10.3617
-11.6811
-11.4454
-11.3246
-11.6439
-11.2652
-11.0175
-10.0735
-10.8447
-10.8689
-10.9927
-11.1232
-10.8068
-13.3799
-12.2376
-11.5342
-12.5772
-12.4512
-11.2183
-10.8056
0

0
-10.3876
-11.3869
-11.3189
-11.4465
-11.3084
-11.1729
-10.8438
-8.35901
-10.7103
-10.8811
-10.9408
-10.7558
-8.0773
-12.414
-11.9089
-10.3776
-12.3634
-12.8626
-12.156
-10.8657
0

0
-10.4121
-11.4156
-11.3469
-11.5029
-11.3228
-11.1522
-10.7941
-9.43419
-10.6676
-10.8804
-10.886
-10.0383
-2.66837
-10.942
-11.2646
-9.03759
-13.2999
-12.6043
-12.7821
-10.9205
0

0
-10.4165
-11.4219
-11.3761
-11.4934
-11.956
-11.3065
-10.8955
-10.5314
-10.749
-10.8505
-10.8022
-9.18382
8.63053
-9.80896
-10.057
-6.45255
-10.3978
-11.8321
-12.2754
-10.9431
0

0
-10.3359
-11.29
-11.2937
-11.4252
-12.2781
-11.4249
-10.9299
-10.7974
-10.723
-10.734
-10.6974
-10.6191
-11.2279
-10.9719
-8.72344
-3.39875
-8.9669
-11.3208
-11.2367
-10.8512
0

0
-10.0834
-10.9354
-11.1498
-11.2051
-11.8508
-11.182
-10.7457
-10.7539
-10.4846
-10.4557
-10.4475
-10.952
-13.2777
-11.0906
-7.69808
-2.27746
-9.267
-11.3691
-10.9464
-10.5526
0

0
-9.59296
-10.3692
-10.2499
-10.6822
-11.2161
-10.5856
-10.2464
-10.2687
-9.9972
-9.96111
-9.96211
-10.1445
-11.0023
-10.0239
-7.95364
-2.88777
-9.38437
-11.0521
-10.7502
-10.0324
0

0
-8.85081
-9.63793
-9.57755
-9.84372
-10.5452
-9.75504
-9.43272
-9.34695
-9.24189
-9.25042
-9.25196
-9.25188
-8.5378
-8.46361
-8.71812
-3.18799
-8.9101
-10.3429
-10.1237
-9.2865
0

0
0
0
0
0
0
0
0
0
0
0
0
0
0
0
0
0
0
0
0
0
0


0
0
0
0
0
0
0
0
0
0
0
0
0
0
0
0
0
0
0
0
0
0

0
-12.1271
-11.4023
-13.379
-13.5019
-12.3537
-13.8302
-13.5889
-13.1775
-13.6677
-13.3642
-13.3732
-14.0273
-13.8693
-14.1828
-14.3235
-15.7016
-16.4875
-16.2669
-14.3289
-13.2828
0

0
-9.63628
-8.94203
-10.4772
-10.8744
-10.5754
-10.8932
-10.8482
-11.1473
-10.4945
-10.6978
-10.6469
-10.1882
-11.4787
-11.7413
-12.0055
-11.6174
-13.852
-12.8333
-11.1681
-10.5244
0

0
-9.68713
-8.19179
-10.5325
-10.7062
-12.6618
-11.5225
-11.0158
-10.7263
-10.6636
-10.7979
-10.7859
-11.2467
-11.5405
-11.939
-12.2901
-13.2791
-13.1635
-12.5917
-11.2505
-10.6468
0

0
-9.74825
-8.73233
-10.4631
-10.7739
-12.5607
-11.8474
-11.0953
-10.9238
-11.5543
-10.8345
-10.7556
-10.5562
-11.5016
-12.0498
-12.2492
-12.8363
-12.8035
-12.4047
-11.244
-10.6753
0

0
-9.91426
-9.19686
-10.6147
-11.0608
-11.2201
-11.1747
-11.1614
-11.416
-11.7195
-10.9113
-10.8224
-11.0507
-11.152
-12.1822
-12.4247
-8.70057
-12.8035
-12.3729
-11.2674
-10.7318
0

0
-10.1324
-11.0132
-11.0323
-11.2331
-10.6067
-10.8103
-11.1404
-11.3803
-11.2896
-10.9789
-10.9839
-12.1915
-12.6068
-12.4245
-13.0463
-10.7268
-12.7039
-12.3023
-11.3022
-10.7916
0

0
-10.309
-12.3244
-11.4567
-11.3003
-11.1088
-11.0848
-11.1441
-11.2874
-11.0444
-10.9995
-11.1053
-12.1478
-12.4061
-12.9073
-12.6113
-13.4403
-12.8529
-12.1985
-11.3198
-10.8503
0

0
-10.4306
-12.111
-11.6145
-11.3979
-11.6487
-11.3623
-11.1643
-10.9512
-10.9987
-10.9986
-11.1212
-11.4722
-11.2679
-13.2652
-11.9061
-12.7832
-12.5461
-12.2233
-11.3001
-10.9135
0

0
-10.4931
-11.633
-11.5292
-11.518
-11.6019
-11.412
-11.1153
-10.0723
-10.9244
-11.0051
-11.0762
-10.9966
-9.47123
-12.8531
-11.2638
-11.0122
-11.8187
-12.6183
-11.5012
-10.9832
0

0
-10.5252
-11.4927
-11.4722
-11.6027
-11.4353
-11.3377
-11.0046
-9.5222
-10.835
-11.0023
-11.0187
-10.5577
-6.23716
-11.6029
-11.033
-9.55312
-11.2204
-12.8199
-12.2508
-11.0398
0

0
-10.525
-11.4735
-11.4591
-11.6107
-11.6898
-11.332
-10.9907
-10.2604
-10.8259
-10.9628
-10.9281
-10.0191
-1.37967
-10.342
-10.4916
-7.48946
-10.8824
-12.3976
-12.5856
-11.0461
0

0
-10.4334
-11.3684
-11.3572
-11.5106
-12.1391
-11.4041
-10.9855
-10.7091
-10.794
-10.8329
-10.772
-10.0086
-5.97709
-10.0047
-9.62784
-4.89323
-9.26822
-11.5383
-11.9319
-10.9426
0

0
-10.1641
-11.0578
-11.0452
-11.2463
-12.0369
-11.2425
-10.7918
-10.6058
-10.5568
-10.5382
-10.5036
-10.5093
-10.7175
-10.1504
-8.7206
-3.4494
-8.97357
-11.1393
-11.06
-10.6379
0

0
-9.65996
-10.4952
-10.4991
-10.7277
-11.2
-10.6639
-10.3036
-10.2151
-10.0646
-10.0356
-10.0302
-10.2611
-11.1542
-9.65919
-8.37243
-3.81917
-9.20208
-10.9669
-10.6713
-10.1025
0

0
-8.93047
-9.73184
-9.65692
-9.92742
-10.3635
-9.83177
-9.52661
-9.48645
-9.33364
-9.33813
-9.34334
-9.39809
-9.54652
-9.07036
-7.991
-3.99858
-8.80432
-10.4441
-10.1339
-9.37343
0

0
0
0
0
0
0
0
0
0
0
0
0
0
0
0
0
0
0
0
0
0
0


0
0
0
0
0
0
0
0
0
0
0
0
0
0
0
0
0
0
0
0
0
0

0
-12.2439
-12.8103
-13.467
-13.6929
-13.1372
-13.8779
-13.6891
-13.5632
-13.5135
-13.4636
-13.4414
-13.5321
-13.8392
-14.0579
-14.2037
-15.2764
-16.0506
-15.9723
-14.4393
-13.3948
0

0
-9.71838
-9.22169
-10.6345
-10.8586
-9.805
-11.1075
-10.9246
-10.784
-10.879
-10.7477
-10.7553
-11.0893
-11.2895
-11.5306
-11.6343
-11.7628
-13.135
-12.7662
-11.3363
-10.6217
0

0
-9.84459
-9.57862
-10.7067
-11.0319
-10.8588
-11.2094
-11.1051
-11.1587
-10.9383
-10.917
-10.8752
-10.7611
-11.4749
-11.8094
-12.0941
-12.2783
-13.037
-12.6548
-11.441
-10.7782
0

0
-9.86323
-9.42619
-10.7064
-10.9634
-12.4828
-11.5308
-11.169
-11.0268
-11.0674
-10.9388
-10.8954
-11.1064
-11.4382
-11.8507
-12.1905
-13.6089
-12.5579
-12.3795
-11.4186
-10.8027
0

0
-9.96217
-9.77055
-10.7522
-11.0794
-12.5558
-11.6852
-11.2409
-11.2079
-11.488
-10.9895
-10.9258
-10.9557
-11.5063
-11.9103
-12.1939
-11.5729
-12.4114
-12.2397
-11.4378
-10.8472
0

0
-10.1248
-10.4257
-10.9732
-11.2807
-11.5523
-11.3102
-11.2729
-11.4409
-11.5114
-11.0542
-11.0149
-11.4193
-11.5989
-12.0313
-12.4576
-10.4656
-12.4769
-12.2484
-11.4565
-10.9004
0

0
-10.3083
-11.4445
-11.2786
-11.4039
-11.0121
-11.1842
-11.2651
-11.3374
-11.2856
-11.0979
-11.1337
-11.8898
-12.1013
-12.2906
-12.8244
-12.0891
-12.7399
-12.2932
-11.466
-10.959
0

0
-10.4653
-11.9903
-11.5579
-11.4853
-11.3839
-11.3578
-11.2752
-11.2044
-11.1531
-11.1143
-11.1997
-11.7271
-11.6296
-12.6128
-12.3743
-12.8956
-12.5992
-12.3697
-11.5147
-11.0212
0

0
-10.5698
-11.8706
-11.6506
-11.5842
-11.7329
-11.5031
-11.2718
-10.8858
-11.0979
-11.12
-11.1914
-11.2937
-10.5623
-12.6217
-11.3609
-11.6717
-11.8968
-12.5206
-11.6447
-11.0853
0

0
-10.6247
-11.6728
-11.6144
-11.6697
-11.6531
-11.5065
-11.2205
-10.4085
-11.027
-11.115
-11.142
-10.9102
-8.8735
-11.9243
-10.5032
-9.88693
-11.1538
-12.6935
-11.866
-11.1416
0

0
-10.6282
-11.5724
-11.5598
-11.6896
-11.5803
-11.4507
-11.1468
-10.3605
-10.9558
-11.0692
-11.052
-10.5442
-7.01706
-10.737
-10.132
-8.04047
-10.5621
-12.5674
-12.211
-11.151
0

0
-10.5322
-11.4271
-11.4286
-11.5872
-11.8533
-11.4009
-11.0626
-10.7028
-10.8694
-10.9279
-10.8802
-10.2969
-6.95632
-9.93127
-9.70735
-6.07406
-9.92651
-12.0444
-12.1924
-11.0363
0

0
-10.256
-11.1082
-11.1064
-11.3002
-11.911
-11.2274
-10.8428
-10.6915
-10.6265
-10.6235
-10.578
-10.2617
-8.60796
-9.79303
-9.10053
-4.83221
-9.18146
-11.3581
-11.4881
-10.7263
0

0
-9.74848
-10.5738
-10.5536
-10.777
-11.3048
-10.7299
-10.3668
-10.2482
-10.1414
-10.1203
-10.1024
-10.125
-10.0483
-9.67044
-8.45703
-4.81288
-9.03528
-10.9491
-10.744
-10.1924
0

0
-9.03067
-9.86796
-9.82715
-10.0158
-10.3633
-9.93493
-9.6265
-9.50518
-9.43735
-9.44079
-9.44043
-9.50002
-10.1476
-9.27153
-8.01196
-4.68696
-8.73656
-10.4773
-10.1236
-9.47972
0

0
0
0
0
0
0
0
0
0
0
0
0
0
0
0
0
0
0
0
0
0
0


0
0
0
0
0
0
0
0
0
0
0
0
0
0
0
0
0
0
0
0
0
0

0
-12.3503
-12.9863
-13.5482
-13.7812
-13.5657
-13.9567
-13.7708
-13.6421
-13.6299
-13.5242
-13.4953
-13.6154
-13.789
-13.9808
-14.0626
-14.7146
-15.2614
-15.7078
-14.4956
-13.4861
0

0
-9.82763
-10.0219
-10.736
-10.9188
-10.8145
-11.1633
-10.9676
-10.8708
-10.8596
-10.7939
-10.7897
-10.9376
-11.161
-11.3474
-11.4702
-12.195
-12.5905
-12.5582
-11.4195
-10.691
0

0
-9.96568
-9.98159
-10.8619
-11.1173
-10.0823
-11.3248
-11.1931
-11.1234
-11.1117
-10.9971
-10.9764
-11.1116
-11.4226
-11.6587
-11.8213
-12.1197
-12.539
-12.6318
-11.5942
-10.8916
0

0
-9.99983
-10.0573
-10.862
-11.1541
-10.7383
-11.3266
-11.2416
-11.2094
-11.154
-11.0319
-10.9901
-11.0389
-11.4388
-11.7076
-11.9371
-12.379
-12.369
-12.4135
-11.5646
-10.9196
0

0
-10.0705
-10.1598
-10.9183
-11.1899
-12.1144
-11.5645
-11.304
-11.2522
-11.3016
-11.0762
-11.0281
-11.1539
-11.4558
-11.7315
-12.0131
-12.825
-12.3535
-12.3242
-11.5704
-10.9629
0

0
-10.1883
-10.5213
-11.0353
-11.3117
-12.3502
-11.6277
-11.36
-11.3681
-11.4647
-11.1274
-11.0837
-11.2514
-11.5487
-11.7647
-12.1152
-11.6232
-12.5175
-12.3147
-11.586
-11.0106
0

0
-10.3426
-11.0857
-11.2525
-11.4647
-11.7602
-11.4746
-11.3784
-11.434
-11.4378
-11.177
-11.1698
-11.5515
-11.6772
-11.8666
-12.3859
-11.758
-12.6777
-12.356
-11.6172
-11.0657
0

0
-10.501
-11.6374
-11.4845
-11.5696
-11.4578
-11.4535
-11.3824
-11.349
-11.3242
-11.2088
-11.2473
-11.6791
-11.6882
-12.074
-12.526
-12.3925
-12.7038
-12.4366
-11.6628
-11.126
0

0
-10.6301
-11.8591
-11.6579
-11.6543
-11.648
-11.5542
-11.3887
-11.1991
-11.2459
-11.2231
-11.2754
-11.4978
-11.1846
-12.2557
-11.8949
-11.8706
-12.2283
-12.5377
-11.7385
-11.1883
0

0
-10.7109
-11.8067
-11.7078
-11.7317
-11.7773
-11.6169
-11.37
-10.9555
-11.1864
-11.2193
-11.2487
-11.1998
-10.3084
-12.0602
-10.6913
-10.1922
-11.2851
-12.6578
-11.8745
-11.2404
0

0
-10.727
-11.6894
-11.6601
-11.7545
-11.7117
-11.5794
-11.303
-10.7537
-11.1043
-11.171
-11.165
-10.8977
-9.28678
-11.3231
-9.79563
-8.37246
-10.462
-12.6111
-12.0218
-11.2445
0

0
-10.6325
-11.5156
-11.5105
-11.6524
-11.6777
-11.4608
-11.1706
-10.751
-10.9676
-11.0234
-10.9888
-10.6205
-8.7442
-10.4176
-9.42809
-6.88376
-10.0309
-12.2652
-12.0206
-11.1297
0

0
-10.3556
-11.1909
-11.188
-11.3605
-11.6565
-11.2321
-10.9106
-10.6985
-10.7029
-10.7146
-10.6723
-10.3905
-9.16872
-9.88038
-9.18108
-5.92997
-9.62646
-11.6951
-11.6678
-10.8203
0

0
-9.85314
-10.6679
-10.653
-10.8427
-11.2756
-10.7718
-10.439
-10.3062
-10.2292
-10.2164
-10.1894
-10.1004
-9.76924
-9.65859
-8.69651
-5.56641
-9.15066
-11.0924
-10.9532
-10.2961
0

0
-9.15085
-9.98015
-9.94572
-10.1124
-10.4771
-10.0442
-9.7372
-9.59064
-9.55155
-9.55501
-9.54588
-9.50366
-9.37959
-9.29315
-8.17826
-5.18224
-8.72322
-10.5282
-10.24
-9.60395
0

0
0
0
0
0
0
0
0
0
0
0
0
0
0
0
0
0
0
0
0
0
0


0
0
0
0
0
0
0
0
0
0
0
0
0
0
0
0
0
0
0
0
0
0

0
-12.4546
-13.1642
-13.614
-13.8482
-13.8532
-13.9868
-13.8266
-13.717
-13.6896
-13.5761
-13.538
-13.6287
-13.7715
-13.936
-14.0033
-14.5529
-14.8738
-15.5424
-14.5334
-13.5596
0

0
-9.90608
-10.306
-10.7733
-10.957
-11.0782
-11.1101
-10.9672
-10.8829
-10.8709
-10.7981
-10.7879
-10.8954
-11.054
-11.1867
-11.2573
-11.7672
-12.0802
-12.3305
-11.4217
-10.7196
0

0
-10.1093
-10.4223
-11.0093
-11.2059
-11.262
-11.4854
-11.2809
-11.2032
-11.1845
-11.0814
-11.0601
-11.1767
-11.3931
-11.5748
-11.6963
-12.1567
-12.4844
-12.658
-11.7217
-11.0035
0

0
-10.1353
-10.3957
-10.9987
-11.2441
-10.835
-11.4385
-11.3179
-11.2674
-11.2411
-11.1107
-11.0763
-11.1622
-11.4297
-11.6231
-11.7714
-12.1538
-12.3001
-12.4934
-11.683
-11.0264
0

0
-10.1978
-10.4944
-11.0477
-11.3089
-11.074
-11.463
-11.3698
-11.3335
-11.3213
-11.1564
-11.1129
-11.1987
-11.46
-11.6534
-11.834
-12.3745
-12.2543
-12.4158
-11.6876
-11.0702
0

0
-10.2908
-10.6978
-11.1403
-11.3876
-11.9078
-11.6104
-11.4213
-11.3968
-11.4223
-11.202
-11.1599
-11.2851
-11.5053
-11.6719
-11.8873
-12.2315
-12.2616
-12.3934
-11.7071
-11.1169
0

0
-10.4166
-11.0468
-11.2896
-11.508
-12.1707
-11.6576
-11.4624
-11.4583
-11.4771
-11.249
-11.224
-11.4261
-11.5758
-11.7165
-12.0439
-11.9423
-12.4154
-12.4227
-11.7414
-11.1695
0

0
-10.5595
-11.451
-11.4785
-11.6312
-11.9079
-11.6262
-11.4812
-11.4539
-11.4449
-11.2884
-11.2934
-11.5681
-11.6041
-11.8113
-12.2453
-12.1711
-12.6772
-12.4848
-11.7895
-11.2281
0

0
-10.6928
-11.7474
-11.6493
-11.7255
-11.7673
-11.6468
-11.4904
-11.3737
-11.3817
-11.3122
-11.3379
-11.5538
-11.4282
-11.9189
-12.1068
-11.9268
-12.5974
-12.5852
-11.8553
-11.2883
0

0
-10.7893
-11.8416
-11.7477
-11.7944
-11.8336
-11.696
-11.4835
-11.2391
-11.3207
-11.3127
-11.3337
-11.3849
-10.9802
-11.8947
-11.3042
-10.5768
-11.8736
-12.6605
-11.9362
-11.3361
0

0
-10.8186
-11.781
-11.736
-11.8114
-11.842
-11.6828
-11.4282
-11.0705
-11.236
-11.2642
-11.2623
-11.1417
-10.3772
-11.5508
-10.1505
-8.69805
-10.8073
-12.626
-11.9962
-11.3344
0

0
-10.7307
-11.6041
-11.5907
-11.7105
-11.7292
-11.5541
-11.2827
-10.9243
-11.0794
-11.1151
-11.0889
-10.8627
-9.86969
-10.889
-9.39934
-7.27484
-10.028
-12.3539
-11.9429
-11.2171
0

0
-10.4606
-11.2759
-11.2712
-11.4231
-11.5596
-11.2847
-10.9984
-10.748
-10.7935
-10.8091
-10.7713
-10.5523
-9.73723
-10.2154
-9.11879
-6.53979
-9.70139
-11.8658
-11.6533
-10.9163
0

0
-9.97204
-10.7669
-10.7545
-10.9205
-11.2098
-10.8281
-10.5285
-10.3666
-10.3283
-10.3232
-10.2916
-10.1639
-9.7779
-9.76225
-8.84755
-6.08298
-9.38345
-11.2899
-11.0979
-10.4118
0

0
-9.2903
-10.1026
-10.0729
-10.2227
-10.5484
-10.1484
-9.86019
-9.70602
-9.67997
-9.68318
-9.66713
-9.57128
-9.27013
-9.31941
-8.40848
-5.57488
-8.87893
-10.6864
-10.4291
-9.74547
0

0
0
0
0
0
0
0
0
0
0
0
0
0
0
0
0
0
0
0
0
0
0


0
0
0
0
0
0
0
0
0
0
0
0
0
0
0
0
0
0
0
0
0
0

0
-12.5463
-13.2718
-13.6637
-13.8841
-13.9755
-14.0406
-13.8725
-13.7753
-13.7446
-13.6211
-13.576
-13.6512
-13.7796
-13.9418
-14.0108
-14.4504
-14.8503
-15.5082
-14.5705
-13.6216
0

0
-9.94836
-10.4063
-10.7532
-10.9311
-10.9037
-11.0244
-10.9167
-10.8428
-10.8281
-10.7532
-10.7377
-10.8197
-10.9339
-11.0353
-11.0664
-11.4168
-11.731
-12.1055
-11.3504
-10.6962
0

0
-10.2515
-10.7038
-11.1282
-11.3199
-11.3448
-11.493
-11.3532
-11.2861
-11.2658
-11.1628
-11.1372
-11.2298
-11.3958
-11.5489
-11.637
-12.0158
-12.4063
-12.6885
-11.8248
-11.1091
0

0
-10.2775
-10.6664
-11.1261
-11.3257
-11.3494
-11.5692
-11.3952
-11.3359
-11.3126
-11.1892
-11.1562
-11.2427
-11.4374
-11.5998
-11.7035
-12.0304
-12.2976
-12.5722
-11.7922
-11.1309
0

0
-10.3304
-10.7292
-11.1627
-11.3869
-11.2822
-11.5575
-11.4385
-11.3953
-11.3753
-11.229
-11.1885
-11.2667
-11.4705
-11.6322
-11.7462
-12.0593
-12.1769
-12.4932
-11.7904
-11.1686
0

0
-10.4093
-10.8768
-11.24
-11.4675
-11.4781
-11.5915
-11.4807
-11.4493
-11.4433
-11.2719
-11.2304
-11.3243
-11.5022
-11.6512
-11.7813
-12.1295
-12.1409
-12.4695
-11.8113
-11.214
0

0
-10.5159
-11.1152
-11.3594
-11.567
-11.9286
-11.6867
-11.5251
-11.4975
-11.5005
-11.3173
-11.2847
-11.4156
-11.5442
-11.676
-11.8444
-12.0366
-12.2174
-12.494
-11.85
-11.2669
0

0
-10.6421
-11.4129
-11.5125
-11.6821
-12.1097
-11.7402
-11.5601
-11.5189
-11.5149
-11.3599
-11.3456
-11.517
-11.5672
-11.7182
-11.9642
-12.104
-12.4103
-12.5529
-11.9025
-11.3256
0

0
-10.7692
-11.6821
-11.667
-11.786
-12.024
-11.7606
-11.5799
-11.4894
-11.4872
-11.3908
-11.394
-11.5558
-11.4976
-11.7629
-11.9956
-12.0178
-12.5643
-12.6241
-11.9639
-11.3852
0

0
-10.8701
-11.8331
-11.7753
-11.8566
-11.9606
-11.781
-11.5786
-11.4085
-11.4357
-11.3964
-11.4034
-11.4788
-11.2646
-11.7433
-11.6232
-11.0382
-12.302
-12.6728
-12.0203
-11.4295
0

0
-10.9065
-11.8305
-11.7865
-11.8664
-11.9349
-11.7633
-11.528
-11.278
-11.3493
-11.3485
-11.3436
-11.2981
-10.8853
-11.5475
-10.7474
-9.19059
-11.4627
-12.6273
-12.0367
-11.421
0

0
-10.825
-11.6749
-11.6558
-11.7615
-11.8299
-11.6384
-11.3811
-11.0993
-11.185
-11.2002
-11.1774
-11.0362
-10.466
-11.106
-9.78079
-7.52813
-10.4444
-12.412
-11.9488
-11.3006
0

0
-10.5672
-11.3577
-11.3504
-11.4839
-11.6024
-11.3611
-11.093
-10.8514
-10.8938
-10.9038
-10.8691
-10.6996
-10.1449
-10.5115
-9.22378
-6.76737
-9.80748
-11.9984
-11.6824
-11.012
0

0
-10.1026
-10.8717
-10.8603
-11.008
-11.2203
-10.9094
-10.6348
-10.4559
-10.4419
-10.4397
-10.4062
-10.2707
-9.89017
-9.95248
-8.94693
-6.40889
-9.48686
-11.4544
-11.2073
-10.5365
0

0
-9.44954
-10.2374
-10.2114
-10.3486
-10.5932
-10.2652
-10.0011
-9.84003
-9.82494
-9.82719
-9.80654
-9.6968
-9.36686
-9.44814
-8.55291
-5.92484
-9.05808
-10.8812
-10.5943
-9.90322
0

0
0
0
0
0
0
0
0
0
0
0
0
0
0
0
0
0
0
0
0
0
0


0
0
0
0
0
0
0
0
0
0
0
0
0
0
0
0
0
0
0
0
0
0

0
-12.6169
-13.3271
-13.6921
-13.9045
-13.943
-14.0435
-13.8979
-13.8125
-13.781
-13.6521
-13.602
-13.6698
-13.7961
-13.9737
-14.0641
-14.4561
-14.982
-15.5353
-14.5982
-13.6647
0

0
-9.96918
-10.4203
-10.701
-10.8537
-10.8953
-10.965
-10.8463
-10.7816
-10.766
-10.6892
-10.669
-10.734
-10.827
-10.9239
-10.9453
-11.1968
-11.5351
-11.9277
-11.2577
-10.65
0

0
-10.3719
-10.8617
-11.2051
-11.3862
-11.3723
-11.5113
-11.4005
-11.3413
-11.3211
-11.2175
-11.1877
-11.2637
-11.3999
-11.5465
-11.6171
-11.8988
-12.3481
-12.6838
-11.8793
-11.1831
0

0
-10.4127
-10.8584
-11.2278
-11.4128
-11.4261
-11.5914
-11.4555
-11.4023
-11.38
-11.2601
-11.2249
-11.2999
-11.4573
-11.6137
-11.6971
-11.9396
-12.3093
-12.6262
-11.8791
-11.2233
0

0
-10.4609
-10.9066
-11.2623
-11.4546
-11.4751
-11.6416
-11.4992
-11.4524
-11.4315
-11.2949
-11.2547
-11.3259
-11.4884
-11.6439
-11.7273
-11.9204
-12.1953
-12.5581
-11.8769
-11.2572
0

0
-10.53
-11.0256
-11.3289
-11.5292
-11.5577
-11.6509
-11.5363
-11.4988
-11.4844
-11.3331
-11.2917
-11.3686
-11.5131
-11.6594
-11.7433
-11.9158
-12.1218
-12.5336
-11.8961
-11.2988
0

0
-10.6239
-11.2135
-11.4329
-11.6237
-11.7817
-11.7058
-11.5774
-11.5412
-11.5336
-11.3768
-11.3408
-11.437
-11.5411
-11.675
-11.7689
-11.9179
-12.1258
-12.5581
-11.9385
-11.3513
0

0
-10.7373
-11.4492
-11.5658
-11.731
-12.0447
-11.7846
-11.6192
-11.569
-11.5623
-11.4214
-11.397
-11.5142
-11.5569
-11.6953
-11.8179
-11.9765
-12.2173
-12.6129
-11.9968
-11.4118
0

0
-10.8567
-11.6798
-11.7053
-11.8364
-12.1347
-11.838
-11.651
-11.566
-11.5605
-11.4583
-11.4466
-11.5599
-11.519
-11.7104
-11.8368
-11.9995
-12.3657
-12.6737
-12.0611
-11.474
0

0
-10.9568
-11.8356
-11.8113
-11.9126
-12.0947
-11.8616
-11.6593
-11.5194
-11.5272
-11.4707
-11.4643
-11.5272
-11.3779
-11.6798
-11.6452
-11.3751
-12.343
-12.7048
-12.1108
-11.5192
0

0
-10.9966
-11.8613
-11.831
-11.9221
-12.0315
-11.8373
-11.6142
-11.4166
-11.4474
-11.427
-11.415
-11.395
-11.1171
-11.5298
-11.0718
-9.77915
-11.858
-12.6523
-12.1081
-11.5082
0

0
-10.921
-11.7302
-11.7132
-11.8155
-11.9122
-11.7122
-11.4708
-11.2414
-11.2844
-11.2832
-11.2593
-11.1623
-10.7751
-11.1958
-10.2293
-7.94934
-10.967
-12.4613
-12.004
-11.3872
0

0
-10.6783
-11.4356
-11.4281
-11.5495
-11.6741
-11.4425
-11.1912
-10.9744
-11
-11.0013
-10.9677
-10.8331
-10.4206
-10.6993
-9.52071
-6.93826
-10.137
-12.1059
-11.7522
-11.1127
0

0
-10.2442
-10.9818
-10.9721
-11.1054
-11.2847
-11.0104
-10.756
-10.5771
-10.5701
-10.566
-10.5316
-10.4045
-10.059
-10.1526
-9.10486
-6.60635
-9.64378
-11.6172
-11.3262
-10.6705
0

0
-9.62686
-10.3828
-10.3607
-10.488
-10.6835
-10.404
-10.1598
-9.99837
-9.98725
-9.98629
-9.96254
-9.85755
-9.55146
-9.63901
-8.68417
-6.20659
-9.18686
-11.0666
-10.7475
-10.0746
0

0
0
0
0
0
0
0
0
0
0
0
0
0
0
0
0
0
0
0
0
0
0


0
0
0
0
0
0
0
0
0
0
0
0
0
0
0
0
0
0
0
0
0
0

0
-12.683
-13.3944
-13.7613
-13.9738
-14.0123
-14.1179
-13.9702
-13.8853
-13.8536
-13.7222
-13.6708
-13.7389
-13.8679
-14.0528
-14.1511
-14.5508
-15.1029
-15.6371
-14.6793
-13.7369
0

0
-9.94155
-10.3739
-10.6334
-10.7791
-10.8093
-10.8784
-10.7707
-10.7118
-10.6966
-10.62
-10.5984
-10.6579
-10.7457
-10.844
-10.8658
-11.0874
-11.4343
-11.8145
-11.1711
-10.5867
0

0
-10.4017
-10.8912
-11.2118
-11.3836
-11.388
-11.5164
-11.3991
-11.3411
-11.3212
-11.2179
-11.1868
-11.2574
-11.3857
-11.5316
-11.5965
-11.8486
-12.3108
-12.6606
-11.8739
-11.1895
0

0
-10.4578
-10.9125
-11.2549
-11.4354
-11.438
-11.592
-11.4688
-11.418
-11.3963
-11.2778
-11.2418
-11.312
-11.459
-11.6146
-11.6906
-11.9059
-12.3042
-12.6342
-11.8979
-11.2479
0

0
-10.5083
-10.964
-11.2942
-11.4789
-11.5041
-11.6522
-11.5159
-11.4697
-11.4493
-11.3156
-11.2753
-11.3432
-11.4935
-11.6481
-11.7213
-11.8779
-12.204
-12.5779
-11.9024
-11.2854
0

0
-10.5746
-11.0752
-11.3587
-11.5486
-11.5982
-11.6752
-11.5537
-11.5141
-11.4987
-11.3526
-11.3113
-11.3836
-11.5168
-11.6619
-11.7299
-11.837
-12.1197
-12.5543
-11.9219
-11.3262
0

0
-10.6645
-11.2504
-11.4589
-11.6423
-11.7883
-11.7216
-11.595
-11.5561
-11.5463
-11.3964
-11.3596
-11.4468
-11.5419
-11.6751
-11.745
-11.8126
-12.1011
-12.5802
-11.9667
-11.3793
0

0
-10.7746
-11.4708
-11.5883
-11.7505
-12.0193
-11.798
-11.6401
-11.5876
-11.5794
-11.4437
-11.4166
-11.5197
-11.5571
-11.6914
-11.7761
-11.8635
-12.1613
-12.6377
-12.0301
-11.4428
0

0
-10.8934
-11.692
-11.7269
-11.8599
-12.1476
-11.8643
-11.6796
-11.595
-11.5884
-11.4861
-11.4697
-11.5684
-11.5285
-11.702
-11.784
-11.9342
-12.283
-12.6999
-12.1003
-11.51
0

0
-10.9963
-11.8495
-11.8353
-11.9421
-12.1451
-11.8983
-11.6957
-11.5624
-11.5658
-11.5047
-11.4935
-11.5499
-11.4126
-11.6721
-11.6305
-11.4803
-12.3041
-12.7264
-12.1515
-11.5597
0

0
-11.039
-11.8819
-11.8571
-11.9529
-12.0796
-11.8739
-11.6535
-11.4691
-11.4902
-11.4637
-11.4487
-11.4339
-11.1856
-11.5367
-11.1562
-10.073
-11.947
-12.6664
-12.1422
-11.5487
0

0
-10.9631
-11.7542
-11.7384
-11.841
-11.9449
-11.7428
-11.5073
-11.2932
-11.325
-11.3185
-11.2941
-11.2101
-10.8672
-11.2328
-10.405
-8.29173
-11.1629
-12.4757
-12.0281
-11.4233
0

0
-10.722
-11.4628
-11.4549
-11.5721
-11.6961
-11.4696
-11.2263
-11.0194
-11.0395
-11.0379
-11.0052
-10.883
-10.5091
-10.7683
-9.68661
-7.14153
-10.3163
-12.1365
-11.7764
-11.1488
0

0
-10.2994
-11.0203
-11.0106
-11.1378
-11.3051
-11.0447
-10.8
-10.6234
-10.6185
-10.6138
-10.5799
-10.4586
-10.128
-10.2372
-9.20202
-6.71945
-9.73566
-11.6689
-11.3654
-10.7191
0

0
-9.70294
-10.4397
-10.4189
-10.5422
-10.7289
-10.4611
-10.2251
-10.068
-10.0557
-10.0526
-10.0282
-9.93006
-9.64922
-9.72537
-8.76333
-6.3381
-9.25678
-11.1272
-10.8007
-10.144
0

0
0
0
0
0
0
0
0
0
0
0
0
0
0
0
0
0
0
0
0
0
0


0
0
0
0
0
0
0
0
0
0
0
0
0
0
0
0
0
0
0
0
0
0

0
-12.1261
-12.7354
-13.0735
-13.2695
-13.3033
-13.4034
-13.2669
-13.1881
-13.1594
-13.0347
-12.9847
-13.0474
-13.1688
-13.3516
-13.447
-13.8053
-14.3557
-14.8659
-13.9525
-13.0611
0

0
-9.80485
-10.1688
-10.4219
-10.5632
-10.5919
-10.6601
-10.5556
-10.4978
-10.4832
-10.4077
-10.3855
-10.4429
-10.5287
-10.6292
-10.6547
-10.8766
-11.2226
-11.5918
-10.9579
-10.3858
0

0
-10.2073
-10.6155
-10.9255
-11.0902
-11.0904
-11.215
-11.1048
-11.049
-11.0302
-10.9306
-10.8994
-10.9669
-11.0904
-11.2357
-11.3031
-11.5539
-12.0065
-12.3383
-11.5748
-10.9126
0

0
-10.2644
-10.639
-10.9722
-11.1445
-11.1453
-11.2977
-11.1784
-11.1291
-11.1084
-10.9942
-10.9582
-11.025
-11.1677
-11.3239
-11.4031
-11.6191
-12.0136
-12.3256
-11.6062
-10.9737
0

0
-10.3112
-10.6823
-11.0071
-11.1841
-11.2005
-11.3548
-11.2235
-11.1784
-11.1586
-11.03
-10.9896
-11.053
-11.2008
-11.3572
-11.4346
-11.5997
-11.9172
-12.268
-11.6088
-11.0081
0

0
-10.3719
-10.7801
-11.0638
-11.2471
-11.2789
-11.3734
-11.2584
-11.2201
-11.2055
-11.0639
-11.0218
-11.0882
-11.222
-11.3702
-11.4423
-11.5679
-11.8307
-12.2382
-11.6238
-11.0444
0

0
-10.4543
-10.9383
-11.1532
-11.332
-11.4569
-11.4144
-11.296
-11.2599
-11.2513
-11.1035
-11.0649
-11.1452
-11.2458
-11.3808
-11.4525
-11.5293
-11.8
-12.2544
-11.6614
-11.0914
0

0
-10.5561
-11.1438
-11.271
-11.4314
-11.6861
-11.4848
-11.3371
-11.2911
-11.2839
-11.1466
-11.1168
-11.2158
-11.2652
-11.3946
-11.481
-11.5582
-11.8399
-12.3034
-11.7171
-11.1479
0

0
-10.6684
-11.3595
-11.4024
-11.5351
-11.8188
-11.5479
-11.375
-11.302
-11.2945
-11.1873
-11.1686
-11.2711
-11.2515
-11.4079
-11.5101
-11.6781
-11.959
-12.3652
-11.7829
-11.2102
0

0
-10.7723
-11.5276
-11.516
-11.6216
-11.828
-11.5878
-11.3979
-11.2801
-11.2801
-11.2126
-11.2009
-11.2708
-11.163
-11.3972
-11.4291
-11.4098
-12.0414
-12.4087
-11.8408
-11.2642
0

0
-10.8332
-11.5925
-11.565
-11.6567
-11.7866
-11.5877
-11.3799
-11.2098
-11.2275
-11.1954
-11.1823
-11.1877
-10.9719
-11.3101
-11.0674
-10.2136
-11.8131
-12.3884
-11.8574
-11.2768
0

0
-10.8003
-11.5184
-11.4981
-11.5939
-11.6927
-11.5033
-11.2793
-11.0715
-11.1044
-11.0952
-11.0742
-11.0099
-10.6879
-11.0792
-10.3953
-8.45852
-11.1329
-12.2569
-11.7906
-11.1992
0

0
-10.6237
-11.2937
-11.2824
-11.3922
-11.4999
-11.2929
-11.0596
-10.85
-10.8768
-10.8756
-10.8461
-10.7359
-10.3601
-10.6809
-9.6725
-7.17071
-10.2845
-11.9827
-11.6031
-10.9898
0

0
-10.2772
-10.9225
-10.9121
-11.0341
-11.1844
-10.9414
-10.704
-10.5234
-10.5241
-10.5201
-10.4872
-10.3695
-10.0267
-10.1842
-9.17044
-6.67693
-9.67339
-11.5712
-11.2652
-10.6323
0

0
-9.75621
-10.4101
-10.3911
-10.5139
-10.6999
-10.4348
-10.2011
-10.0467
-10.0313
-10.0257
-9.99855
-9.90037
-9.62336
-9.6893
-8.78144
-6.34845
-9.24366
-11.0706
-10.7673
-10.1263
0

0
0
0
0
0
0
0
0
0
0
0
0
0
0
0
0
0
0
0
0
0
0


0
0
0
0
0
0
0
0
0
0
0
0
0
0
0
0
0
0
0
0
0
0

0
0
0
0
0
0
0
0
0
0
0
0
0
0
0
0
0
0
0
0
0
0

0
0
0
0
0
0
0
0
0
0
0
0
0
0
0
0
0
0
0
0
0
0

0
0
0
0
0
0
0
0
0
0
0
0
0
0
0
0
0
0
0
0
0
0

0
0
0
0
0
0
0
0
0
0
0
0
0
0
0
0
0
0
0
0
0
0

0
0
0
0
0
0
0
0
0
0
0
0
0
0
0
0
0
0
0
0
0
0

0
0
0
0
0
0
0
0
0
0
0
0
0
0
0
0
0
0
0
0
0
0

0
0
0
0
0
0
0
0
0
0
0
0
0
0
0
0
0
0
0
0
0
0

0
0
0
0
0
0
0
0
0
0
0
0
0
0
0
0
0
0
0
0
0
0

0
0
0
0
0
0
0
0
0
0
0
0
0
0
0
0
0
0
0
0
0
0

0
0
0
0
0
0
0
0
0
0
0
0
0
0
0
0
0
0
0
0
0
0

0
0
0
0
0
0
0
0
0
0
0
0
0
0
0
0
0
0
0
0
0
0

0
0
0
0
0
0
0
0
0
0
0
0
0
0
0
0
0
0
0
0
0
0

0
0
0
0
0
0
0
0
0
0
0
0
0
0
0
0
0
0
0
0
0
0

0
0
0
0
0
0
0
0
0
0
0
0
0
0
0
0
0
0
0
0
0
0

0
0
0
0
0
0
0
0
0
0
0
0
0
0
0
0
0
0
0
0
0
0

0
0
0
0
0
0
0
0
0
0
0
0
0
0
0
0
0
0
0
0
0
0


