0
0
0
0
0
0
0
0
0
0
0
0
0
0
0
0
0
0
0
0
0
0

0
0
0
0
0
0
0
0
0
0
0
0
0
0
0
0
0
0
0
0
0
0

0
0
0
0
0
0
0
0
0
0
0
0
0
0
0
0
0
0
0
0
0
0

0
0
0
0
0
0
0
0
0
0
0
0
0
0
0
0
0
0
0
0
0
0

0
0
0
0
0
0
0
0
0
0
0
0
0
0
0
0
0
0
0
0
0
0

0
0
0
0
0
0
0
0
0
0
0
0
0
0
0
0
0
0
0
0
0
0

0
0
0
0
0
0
0
0
0
0
0
0
0
0
0
0
0
0
0
0
0
0

0
0
0
0
0
0
0
0
0
0
0
0
0
0
0
0
0
0
0
0
0
0

0
0
0
0
0
0
0
0
0
0
0
0
0
0
0
0
0
0
0
0
0
0

0
0
0
0
0
0
0
0
0
0
0
0
0
0
0
0
0
0
0
0
0
0

0
0
0
0
0
0
0
0
0
0
0
0
0
0
0
0
0
0
0
0
0
0

0
0
0
0
0
0
0
0
0
0
0
0
0
0
0
0
0
0
0
0
0
0

0
0
0
0
0
0
0
0
0
0
0
0
0
0
0
0
0
0
0
0
0
0

0
0
0
0
0
0
0
0
0
0
0
0
0
0
0
0
0
0
0
0
0
0

0
0
0
0
0
0
0
0
0
0
0
0
0
0
0
0
0
0
0
0
0
0

0
0
0
0
0
0
0
0
0
0
0
0
0
0
0
0
0
0
0
0
0
0

0
0
0
0
0
0
0
0
0
0
0
0
0
0
0
0
0
0
0
0
0
0


0
0
0
0
0
0
0
0
0
0
0
0
0
0
0
0
0
0
0
0
0
0

0
2.44369e-16
-4.89593e-16
1.07859e-15
-1.02515e-15
-3.00137e-15
-3.17103e-15
-2.65221e-15
-1.90388e-15
-1.837e-15
-2.38144e-15
-2.4636e-15
-1.73189e-15
-8.86463e-16
-3.33731e-16
-9.40511e-17
-2.11386e-17
-3.67366e-18
-4.59644e-19
-3.9722e-20
-1.597e-21
0

0
1.53053e-16
-1.84626e-16
3.01327e-16
-4.43185e-16
4.52502e-16
-3.66456e-16
-1.3166e-15
-1.28886e-15
-1.03152e-15
-8.03142e-16
-5.8932e-16
-4.03959e-16
-2.45692e-16
-1.1013e-16
-2.76932e-17
2.97522e-19
3.06673e-18
1.34492e-18
3.57885e-19
7.27512e-20
0

0
5.33332e-17
-5.89035e-17
1.5091e-16
1.33765e-16
-7.15533e-17
-2.10078e-16
5.98572e-16
5.17139e-16
-2.85629e-17
7.70641e-17
5.25782e-16
6.84377e-16
5.24973e-16
2.92974e-16
1.26987e-16
4.29247e-17
1.12379e-17
2.28531e-18
3.7257e-19
5.31131e-20
0

0
7.2576e-18
3.25177e-17
5.90797e-17
-1.79317e-16
-7.69263e-16
8.17867e-16
1.80554e-15
3.27073e-16
2.54243e-17
1.03406e-15
1.71314e-15
1.33988e-15
7.19232e-16
3.01329e-16
1.03207e-16
2.86197e-17
6.11499e-18
9.97673e-19
1.32223e-19
1.37778e-20
0

0
-1.17971e-18
4.30224e-17
-6.35446e-17
-2.37474e-16
8.05205e-17
1.8238e-15
9.69273e-16
-1.15382e-15
9.77599e-16
3.77249e-15
3.77035e-15
2.17762e-15
9.29421e-16
3.39086e-16
1.11476e-16
2.70002e-17
4.20857e-18
4.17188e-19
2.7885e-20
1.15557e-21
0

0
-1.04809e-18
1.80962e-17
-5.53058e-17
-9.59268e-17
6.04315e-16
6.74646e-16
-1.95191e-15
-2.00581e-15
2.5498e-15
5.15522e-15
4.17525e-15
2.11899e-15
7.59427e-16
2.26062e-16
5.19474e-17
7.46131e-18
5.91762e-19
2.54104e-20
6.89556e-22
1.01649e-23
0

0
-1.98644e-19
3.33349e-18
-1.43465e-17
-1.45119e-17
2.66837e-16
-1.66963e-16
-1.44932e-15
-2.94404e-16
2.37709e-15
3.31289e-15
2.40471e-15
1.07736e-15
2.93794e-16
4.69256e-17
4.2479e-18
2.08844e-19
6.07999e-21
1.28369e-22
1.97235e-24
0
0

0
-9.65393e-21
2.59307e-19
-1.55985e-18
-7.01893e-19
4.01243e-17
-7.03453e-17
-3.43079e-16
2.29082e-16
1.37495e-15
1.58046e-15
8.68969e-16
2.39705e-16
3.12572e-17
1.91819e-18
6.13465e-20
1.19394e-21
1.59252e-23
1.72367e-25
0
0
0

0
-1.85059e-24
9.08702e-21
-8.92527e-20
1.11672e-19
2.90159e-18
-1.07756e-17
-3.72493e-17
1.06231e-16
3.44367e-16
2.79483e-16
8.09346e-17
9.24091e-18
4.8605e-19
1.36503e-20
2.28199e-22
2.44335e-24
1.52137e-26
0
0
0
0

0
1.04478e-23
1.18517e-22
-2.43105e-21
1.09344e-20
6.60459e-20
-6.44034e-19
-6.60876e-19
1.00294e-17
1.90218e-17
8.06235e-18
1.06888e-18
6.09247e-20
1.80878e-21
3.12463e-23
3.29463e-25
1.87508e-27
0
0
0
0
0

0
2.17081e-25
-2.16928e-25
-2.68874e-23
2.66663e-22
-5.35837e-23
-1.04742e-20
1.91058e-20
1.66205e-19
1.62146e-19
3.75159e-20
3.07155e-21
1.17956e-22
2.46198e-24
2.95959e-26
1.75619e-28
0
0
0
0
0
0

0
2.04396e-27
-1.67036e-26
-8.9565e-26
2.66664e-24
-1.20766e-23
-6.48956e-23
4.1964e-22
1.1891e-21
5.79806e-22
7.95236e-23
4.37916e-24
1.19741e-25
1.7814e-27
1.2522e-29
0
0
0
0
0
0
0

0
1.03475e-29
-1.56014e-28
6.26576e-28
1.16166e-26
-1.30271e-25
2.69752e-26
3.10706e-24
3.91469e-24
1.04618e-24
9.31183e-26
3.64842e-27
7.09962e-29
6.45441e-31
0
0
0
0
0
0
0
0

0
2.91633e-32
-6.99175e-31
7.25131e-30
3.26782e-30
-5.93653e-28
2.19477e-27
1.10859e-26
6.84551e-27
1.09245e-27
6.58085e-29
1.80247e-30
2.05083e-32
0
0
0
0
0
0
0
0
0

0
4.39444e-35
-1.69157e-33
2.98645e-32
-1.74434e-31
-1.05803e-30
1.09784e-29
2.07076e-29
6.99896e-30
7.17428e-31
2.8921e-32
4.53132e-34
0
0
0
0
0
0
0
0
0
0

0
0
0
0
0
0
0
0
0
0
0
0
0
0
0
0
0
0
0
0
0
0


0
0
0
0
0
0
0
0
0
0
0
0
0
0
0
0
0
0
0
0
0
0

0
4.86217e-13
-1.12575e-12
3.34807e-12
-6.53564e-12
-1.00516e-11
-8.85952e-12
-6.79119e-12
-3.92829e-12
7.17276e-13
5.89432e-12
8.40902e-12
7.28259e-12
4.46356e-12
2.06787e-12
7.53239e-13
2.21358e-13
5.32644e-14
1.02328e-14
1.57011e-15
1.94805e-16
0

0
3.03032e-13
-4.70787e-13
1.56494e-12
-3.37323e-12
-1.11813e-13
2.47446e-12
9.74599e-15
-1.53723e-12
-1.10553e-12
-2.80115e-13
6.63059e-13
1.73155e-12
2.25761e-12
1.85516e-12
1.02816e-12
4.02574e-13
1.1603e-13
2.58102e-14
4.80101e-15
8.94057e-16
0

0
1.28263e-13
-1.8524e-13
4.17095e-13
-9.11599e-13
2.63154e-12
3.63754e-12
2.04919e-12
3.16931e-12
3.48356e-12
2.9407e-12
2.93848e-12
3.03906e-12
2.48364e-12
1.48608e-12
6.58242e-13
2.25554e-13
6.35593e-14
1.56696e-14
3.5918e-15
7.89298e-16
0

0
2.58134e-14
-3.97895e-14
1.92159e-13
4.20787e-13
-9.49954e-13
-8.10942e-13
4.81068e-12
5.93633e-12
3.46218e-12
3.29004e-12
4.62546e-12
4.59694e-12
3.1413e-12
1.5866e-12
6.28762e-13
2.01339e-13
5.23025e-14
1.14127e-14
2.13251e-15
3.05698e-16
0

0
-5.93555e-15
5.14725e-14
4.17148e-14
-9.48153e-15
-2.25978e-12
8.89588e-13
9.6469e-12
7.08284e-12
3.19954e-12
6.07341e-12
8.53918e-12
6.99791e-12
3.96567e-12
1.72391e-12
5.96293e-13
1.65495e-13
3.46592e-14
5.26494e-15
5.60052e-16
3.7595e-17
0

0
-5.47919e-15
4.01786e-14
-4.15522e-14
-2.79154e-13
-3.27482e-14
2.78713e-12
4.6698e-12
-1.12002e-12
1.14579e-12
9.78622e-12
1.19993e-11
8.31453e-12
4.05109e-12
1.49113e-12
4.0146e-13
7.27622e-14
8.31229e-15
5.81691e-16
2.49092e-17
6.34192e-19
0

0
-1.38169e-15
1.0973e-14
-2.17398e-14
-1.13621e-13
4.80176e-13
7.57521e-13
-2.38516e-12
-3.56905e-12
3.20126e-12
9.55468e-12
1.00762e-11
6.27978e-12
2.42465e-12
5.69735e-13
7.94319e-14
6.40464e-15
2.9697e-16
8.40499e-18
1.51963e-19
1.43474e-21
0

0
-1.26711e-16
1.29902e-15
-3.56566e-15
-2.01365e-14
1.37118e-13
3.38253e-14
-1.22312e-12
-7.12761e-13
3.41338e-12
6.90179e-12
6.0201e-12
2.63567e-12
5.56931e-13
5.71014e-14
3.04268e-15
9.52567e-17
1.95289e-18
2.66266e-20
1.96713e-22
0
0

0
-4.47219e-18
7.54018e-17
-3.43111e-16
-1.33328e-15
1.65951e-14
-9.82502e-15
-2.48984e-13
9.19497e-14
1.80884e-12
2.71876e-12
1.40467e-12
2.65037e-13
2.10229e-14
8.63028e-16
2.16784e-17
3.65998e-19
4.20273e-21
2.70039e-23
0
0
0

0
-3.47572e-20
2.05868e-18
-1.74139e-17
-3.37964e-18
8.07044e-16
-2.35967e-15
-1.58373e-14
4.53996e-14
2.32056e-13
1.97523e-13
4.2685e-14
3.42477e-15
1.39368e-16
3.36187e-18
5.29167e-20
5.60771e-22
3.33954e-24
0
0
0
0

0
1.17058e-21
2.19207e-20
-3.89934e-19
1.54136e-18
1.26036e-17
-1.03446e-16
-1.65518e-16
2.07199e-15
4.70601e-15
1.94775e-15
2.30293e-16
1.17224e-17
3.21379e-19
5.36634e-21
5.73033e-23
3.38781e-25
0
0
0
0
0

0
2.75066e-23
-1.78872e-24
-3.84521e-21
3.64222e-20
9.92635e-21
-1.58278e-18
2.59798e-18
2.98456e-17
3.05349e-17
6.79393e-18
5.21894e-19
1.87015e-20
3.71602e-22
4.36479e-24
2.63239e-26
0
0
0
0
0
0

0
2.49632e-25
-1.94284e-24
-1.24624e-23
3.39186e-22
-1.47828e-21
-9.15219e-21
5.67884e-20
1.77734e-19
8.75939e-20
1.17327e-20
6.22439e-22
1.63633e-23
2.36546e-25
1.63436e-27
0
0
0
0
0
0
0

0
1.18796e-27
-1.74137e-26
6.61027e-26
1.35817e-24
-1.49988e-23
-1.51184e-26
3.87228e-22
5.07439e-22
1.33663e-22
1.15215e-23
4.35215e-25
8.23342e-27
6.99511e-29
0
0
0
0
0
0
0
0

0
3.11133e-30
-7.28843e-29
7.4357e-28
4.20222e-28
-6.29736e-26
2.29844e-25
1.25587e-24
7.7832e-25
1.20792e-25
7.00489e-27
1.84974e-28
2.05813e-30
0
0
0
0
0
0
0
0
0

0
0
0
0
0
0
0
0
0
0
0
0
0
0
0
0
0
0
0
0
0
0


0
0
0
0
0
0
0
0
0
0
0
0
0
0
0
0
0
0
0
0
0
0

0
5.79809e-10
-1.4883e-09
5.06074e-09
-1.47182e-08
-1.21463e-08
-1.22742e-08
-1.28027e-08
-1.35586e-08
-1.49579e-08
-1.6916e-08
-1.71237e-08
-1.40822e-08
-9.23187e-09
-4.90208e-09
-2.13677e-09
-7.68501e-10
-2.29353e-10
-5.69559e-11
-1.15702e-11
-1.91323e-12
0

0
3.8124e-10
-7.99057e-10
2.97706e-09
-6.26718e-09
2.11102e-09
6.95244e-09
7.66841e-09
4.00784e-09
1.58278e-09
1.53623e-09
1.25291e-09
-8.60476e-10
-3.35874e-09
-4.05533e-09
-2.90964e-09
-1.39678e-09
-4.60081e-10
-9.7672e-11
-8.05606e-12
3.44309e-12
0

0
1.80479e-10
-2.92006e-10
1.16519e-09
-3.68459e-09
3.74548e-09
1.44032e-08
1.06138e-08
7.3879e-09
8.40832e-09
9.57131e-09
8.71074e-09
6.15697e-09
3.41755e-09
1.73054e-09
1.01342e-09
6.28457e-10
3.27323e-10
1.31908e-10
4.13694e-11
1.0414e-11
0

0
6.3425e-11
-1.10012e-10
1.83577e-10
-3.82731e-10
4.14739e-09
7.11309e-09
5.74644e-09
1.0854e-08
1.20141e-08
9.86564e-09
8.60418e-09
7.52816e-09
5.75381e-09
3.81656e-09
2.171e-09
1.00294e-09
3.63302e-10
1.0417e-10
2.34469e-11
3.9503e-12
0

0
1.72004e-12
1.99947e-12
3.37047e-11
9.04814e-10
-1.78435e-09
-5.04226e-09
1.01485e-08
2.22261e-08
1.60148e-08
1.06578e-08
1.14017e-08
1.17444e-08
8.94605e-09
5.23067e-09
2.39149e-09
8.5036e-10
2.32044e-10
4.63352e-11
6.48919e-12
6.02295e-13
0

0
-9.95448e-12
4.00869e-11
9.99102e-12
3.28315e-11
-1.78695e-09
-2.61654e-10
1.70589e-08
2.20359e-08
7.80176e-09
8.33935e-09
1.57308e-08
1.50792e-08
9.94007e-09
4.88604e-09
1.77382e-09
4.43916e-10
7.31744e-11
7.70586e-12
5.01361e-13
1.94726e-14
0

0
-3.97521e-12
1.82596e-11
-3.35701e-12
-2.02189e-10
1.00179e-10
1.92664e-09
4.55993e-09
-2.43686e-09
-8.85427e-10
1.04597e-08
1.6688e-08
1.48068e-08
8.39896e-09
2.99788e-09
6.45079e-10
8.1678e-11
6.0249e-12
2.60067e-13
6.91232e-15
1.16321e-16
0

0
-5.71219e-13
3.20772e-12
-8.63867e-13
-6.76866e-11
2.00848e-10
5.31509e-10
-1.72946e-09
-3.18956e-09
2.53551e-09
1.16702e-08
1.61087e-08
1.13447e-08
3.96415e-09
6.79832e-10
6.01319e-11
2.95683e-12
8.89977e-14
1.78026e-15
2.37561e-17
1.74005e-19
0

0
-3.60487e-14
2.87623e-13
-2.82116e-13
-8.91538e-12
4.09066e-11
8.41714e-11
-6.37614e-10
-8.10837e-10
3.60185e-09
1.02943e-08
9.42542e-09
3.09905e-09
4.02064e-10
2.50515e-11
9.08044e-13
2.17816e-14
3.64347e-16
4.19576e-18
2.72273e-20
0
0

0
-1.00092e-15
1.36999e-14
-4.66579e-14
-4.20084e-13
3.73081e-12
2.20001e-12
-8.92115e-11
2.65948e-12
1.31787e-09
2.2733e-09
8.6074e-10
1.00662e-10
5.49045e-12
1.79835e-13
3.88106e-15
5.84378e-17
6.12469e-19
3.67205e-21
0
0
0

0
-8.51957e-18
3.13569e-16
-2.38099e-15
-3.52818e-15
1.39347e-13
-3.36321e-13
-3.50725e-12
1.06777e-11
7.08636e-11
5.66793e-11
9.71186e-12
6.42653e-13
2.25976e-14
4.88177e-16
7.11968e-18
7.1534e-20
4.10733e-22
0
0
0
0

0
1.09725e-19
3.07178e-18
-4.91081e-17
1.67754e-16
1.9311e-15
-1.48423e-14
-3.10919e-14
3.796e-13
9.05015e-13
3.43449e-13
3.61201e-14
1.65092e-15
4.13169e-17
6.40654e-19
6.48186e-21
3.70585e-23
0
0
0
0
0

0
2.86401e-21
3.23831e-21
-4.53681e-19
4.0945e-18
3.26373e-18
-2.05822e-16
3.36626e-16
4.33328e-15
4.34321e-15
8.96362e-16
6.3375e-17
2.10408e-18
3.92806e-20
4.42329e-22
2.63274e-24
0
0
0
0
0
0

0
2.48137e-23
-1.79652e-22
-1.48313e-21
3.61863e-20
-1.52987e-19
-1.07615e-18
6.71086e-18
2.1377e-17
9.99836e-18
1.24182e-18
6.11367e-20
1.50667e-21
2.06654e-23
1.40277e-25
0
0
0
0
0
0
0

0
1.10448e-25
-1.57522e-24
5.34065e-24
1.37053e-22
-1.48284e-21
-1.10406e-22
4.06389e-20
5.1972e-20
1.27756e-20
1.01597e-21
3.556e-23
6.34255e-25
5.23334e-27
0
0
0
0
0
0
0
0

0
0
0
0
0
0
0
0
0
0
0
0
0
0
0
0
0
0
0
0
0
0


0
0
0
0
0
0
0
0
0
0
0
0
0
0
0
0
0
0
0
0
0
0

0
3.26059e-07
-8.68407e-07
3.23808e-06
-1.19467e-05
3.40472e-06
2.03343e-06
1.78602e-06
2.80759e-06
4.31122e-06
5.66669e-06
6.14781e-06
5.54282e-06
4.25206e-06
2.80179e-06
1.58028e-06
7.55471e-07
3.02826e-07
1.02281e-07
2.94505e-08
7.44588e-09
0

0
2.59476e-07
-6.13716e-07
2.16234e-06
-5.57646e-06
1.12291e-05
8.27481e-06
1.02757e-05
1.07965e-05
9.74268e-06
1.01365e-05
1.1181e-05
1.13417e-05
1.04345e-05
8.60491e-06
6.09079e-06
3.57722e-06
1.73594e-06
7.03681e-07
2.40863e-07
7.11255e-08
0

0
1.39687e-07
-3.02038e-07
1.31674e-06
-3.16234e-06
3.85511e-06
1.09064e-05
1.41575e-05
1.13942e-05
1.08799e-05
1.31421e-05
1.41384e-05
1.35964e-05
1.23799e-05
1.00378e-05
6.69791e-06
3.5971e-06
1.58546e-06
5.87843e-07
1.85137e-07
4.92094e-08
0

0
6.63357e-08
-1.0446e-07
4.34855e-07
-1.99354e-06
3.89733e-06
1.68328e-05
1.21878e-05
8.67995e-06
1.32342e-05
1.418e-05
1.22238e-05
1.18407e-05
1.16867e-05
9.35275e-06
5.67359e-06
2.7048e-06
1.06442e-06
3.51221e-07
9.36415e-08
1.93183e-08
0

0
1.6818e-08
-2.37878e-08
-2.81551e-08
1.78332e-07
3.21711e-06
5.66169e-06
1.35323e-06
1.40686e-05
1.9871e-05
1.38591e-05
1.01654e-05
1.16395e-05
1.21222e-05
8.64285e-06
4.47261e-06
1.84106e-06
6.17859e-07
1.59121e-07
2.96956e-08
3.86286e-09
0

0
-6.20167e-09
1.73544e-08
-2.25362e-08
4.64289e-07
-1.13895e-06
-4.35632e-06
8.06521e-06
2.69529e-05
2.25565e-05
8.7103e-06
8.44301e-06
1.42762e-05
1.25703e-05
7.16125e-06
3.10813e-06
1.04888e-06
2.4971e-07
3.93723e-08
3.99274e-09
2.53552e-10
0

0
-5.38412e-09
1.51183e-08
1.34346e-08
-6.27606e-08
-5.02542e-07
-1.41004e-08
1.14328e-05
1.70732e-05
2.19623e-06
4.53888e-06
1.53555e-05
1.64943e-05
1.08957e-05
5.19015e-06
1.71778e-06
3.48797e-07
4.22726e-08
3.0635e-09
1.34327e-10
3.72032e-12
0

0
-1.24707e-09
4.06918e-09
7.68602e-09
-8.86737e-08
6.60235e-08
8.54857e-07
9.10835e-07
-3.2543e-06
-6.69334e-07
1.03004e-05
1.75618e-05
1.54359e-05
8.37669e-06
2.45973e-06
3.81787e-07
3.25149e-08
1.61192e-09
5.02811e-11
1.05918e-12
1.51477e-14
0

0
-1.24301e-10
5.2396e-10
1.35958e-09
-2.10678e-08
4.1869e-08
2.61795e-07
-7.35567e-07
-1.93544e-06
2.16613e-06
1.23403e-05
1.75699e-05
1.00717e-05
2.41158e-06
2.66775e-07
1.56992e-08
5.66411e-10
1.38547e-11
2.39772e-13
2.90137e-15
2.01215e-17
0

0
-6.16135e-12
4.13236e-11
3.61884e-11
-1.97484e-09
6.91665e-09
3.38991e-08
-1.91417e-07
-4.17994e-07
2.47463e-06
7.7146e-06
5.44112e-06
1.14445e-06
9.78775e-08
4.52677e-09
1.36684e-10
2.86817e-12
4.31547e-14
4.6082e-16
2.87453e-18
0
0

0
-1.45001e-13
1.74041e-12
-4.25824e-12
-7.2984e-11
5.47443e-10
8.82931e-10
-1.78999e-08
-2.38035e-09
4.06386e-07
6.76464e-07
1.91272e-07
1.72083e-08
8.02502e-10
2.29702e-11
4.42488e-13
6.08935e-15
5.971e-17
3.45062e-19
0
0
0

0
-1.24284e-15
3.5597e-14
-2.45405e-13
-6.95606e-13
1.76083e-11
-3.64756e-11
-5.29902e-10
1.70682e-09
1.24053e-08
9.05927e-09
1.34698e-09
7.86564e-11
2.48486e-12
4.91213e-14
6.5658e-16
6.17348e-18
3.42154e-20
0
0
0
0

0
7.42328e-18
3.24184e-16
-4.75943e-15
1.39395e-14
2.17373e-13
-1.59077e-12
-3.9125e-12
4.70376e-11
1.12322e-10
3.89708e-11
3.69403e-12
1.53534e-13
3.54812e-15
5.16859e-17
4.94643e-19
2.724e-21
0
0
0
0
0

0
2.30074e-19
5.44957e-19
-4.08105e-17
3.51584e-16
4.50376e-16
-1.96293e-14
3.17876e-14
4.37264e-13
4.18669e-13
7.8598e-14
5.04401e-15
1.54092e-16
2.69259e-18
2.90161e-20
1.68192e-22
0
0
0
0
0
0

0
1.88829e-21
-1.26889e-20
-1.2962e-19
2.89768e-18
-1.18178e-17
-9.18585e-17
5.70883e-16
1.8114e-15
7.84786e-16
8.77929e-17
3.913e-18
8.89455e-20
1.15534e-21
7.65463e-24
0
0
0
0
0
0
0

0
0
0
0
0
0
0
0
0
0
0
0
0
0
0
0
0
0
0
0
0
0


0
0
0
0
0
0
0
0
0
0
0
0
0
0
0
0
0
0
0
0
0
0

0
8.14584e-05
-0.000221956
0.000868809
-0.00373252
0.00974383
0.00241114
0.000314035
0.000115584
7.46069e-05
5.71531e-05
4.82175e-05
4.36663e-05
4.14964e-05
4.07054e-05
3.87248e-05
3.30486e-05
2.38684e-05
1.41564e-05
6.91031e-06
2.8224e-06
0

0
8.70928e-05
-0.000206952
0.000754862
-0.00252597
0.0103989
0.00543691
0.00131867
0.000639405
0.000401197
0.000249312
0.000190139
0.000164772
0.000143699
0.000139447
0.000155365
0.000170354
0.000159719
0.000120252
7.10872e-05
3.40699e-05
0

0
6.31633e-05
-0.000157126
0.000585864
-0.00139741
0.00699087
0.00410249
0.00347088
0.00255689
0.00110039
0.000533385
0.000494274
0.000441461
0.000341908
0.000328889
0.000398353
0.000440869
0.000379245
0.000245565
0.000119809
4.53694e-05
0

0
3.59172e-05
-8.10433e-05
0.000401551
-0.00099572
0.00171483
0.00633514
0.0101401
0.00466939
0.000665817
0.000896068
0.00134092
0.000887626
0.000533744
0.000603912
0.000810013
0.000800863
0.000552967
0.000272767
9.84368e-05
2.65975e-05
0

0
1.52276e-05
-2.13519e-05
9.19676e-05
-0.000530398
0.00186971
0.0107149
0.00793777
-0.00107908
0.000362599
0.00428265
0.00271843
0.000570333
0.00028251
0.00103085
0.00140826
0.00107304
0.000533619
0.000183532
4.49495e-05
7.88163e-06
0

0
7.95382e-07
3.70994e-06
-3.00716e-05
0.000158507
0.000624875
0.00119906
-0.00241605
0.00172244
0.0116027
0.00828467
0.000551552
-0.00215575
0.000185425
0.00220272
0.00199004
0.00099283
0.000318722
6.8907e-05
1.01147e-05
9.95703e-07
0

0
-3.32662e-06
7.40978e-06
-2.50789e-06
7.75953e-05
-0.000277825
-0.00133136
0.00348167
0.0148426
0.011673
0.000793806
-0.00474519
-0.00187454
0.00335627
0.00368607
0.00180108
0.000521345
9.45359e-05
1.09532e-05
8.0806e-07
3.80893e-08
0

0
-1.49304e-06
3.14315e-06
8.30732e-06
-4.0396e-05
-7.39567e-05
0.000169969
0.00360706
0.00394845
-0.000746143
-0.00266052
-0.000781542
0.00602871
0.00671699
0.00306129
0.00075613
0.00010735
9.17336e-06
4.8847e-07
1.69354e-08
3.96165e-10
0

0
-2.27478e-07
4.77409e-07
3.45849e-06
-2.33289e-05
9.80749e-06
0.000274397
-3.42153e-05
-0.00140723
-8.7602e-05
0.00454465
0.0108757
0.0104918
0.00425878
0.000841698
8.79785e-05
5.3894e-06
2.11942e-07
5.63736e-09
1.04609e-10
1.34885e-12
0

0
-1.73843e-08
5.25752e-08
3.99164e-07
-3.80276e-06
3.78744e-06
7.35381e-05
-0.000175949
-0.000739737
0.00190574
0.00856817
0.00955357
0.00365697
0.000578295
4.57517e-05
2.1327e-06
6.54132e-08
1.40045e-09
2.15267e-11
2.36249e-13
1.52506e-15
0

0
-7.13134e-10
4.01642e-09
1.28133e-08
-2.72668e-07
7.19007e-07
6.73297e-06
-3.28379e-05
-0.000106676
0.000834821
0.00250687
0.00130606
0.000200539
1.3837e-05
5.49254e-07
1.41907e-08
2.5742e-10
3.43753e-12
3.32844e-14
1.93843e-16
0
0

0
-1.45898e-11
1.54515e-10
-2.12012e-10
-8.3304e-09
5.41123e-08
1.55941e-07
-2.31059e-06
-9.96197e-07
7.28561e-05
0.000116083
2.76812e-05
2.13994e-06
8.42073e-08
2.06504e-09
3.45416e-11
4.19811e-13
3.74381e-15
2.02697e-17
0
0
0

0
-1.20455e-13
2.82364e-12
-1.72898e-11
-7.90681e-11
1.51115e-09
-2.4189e-09
-5.36666e-08
1.69925e-07
1.48428e-06
1.06125e-06
1.38254e-07
6.81878e-09
1.83937e-10
3.18867e-12
3.83055e-14
3.29228e-16
1.72013e-18
0
0
0
0

0
2.80368e-16
2.34079e-14
-3.12336e-13
7.24845e-13
1.62839e-11
-1.10638e-10
-3.38681e-10
3.76119e-09
9.67667e-09
3.16459e-09
2.59602e-10
9.228e-12
1.86967e-13
2.46289e-15
2.19144e-17
1.15272e-19
0
0
0
0
0

0
1.24773e-17
4.78788e-17
-2.42401e-15
1.95231e-14
3.7477e-14
-1.19469e-12
1.75021e-12
2.82833e-11
2.69202e-11
4.54081e-12
2.5055e-13
6.65936e-15
1.046e-16
1.04949e-18
5.8784e-21
0
0
0
0
0
0

0
0
0
0
0
0
0
0
0
0
0
0
0
0
0
0
0
0
0
0
0
0


0
0
0
0
0
0
0
0
0
0
0
0
0
0
0
0
0
0
0
0
0
0

0
2.94136e-07
-7.89677e-07
2.98216e-06
-1.10379e-05
2.13867e-06
1.18856e-06
1.3545e-06
2.2471e-06
4.01614e-06
5.96013e-06
6.82094e-06
6.1376e-06
4.52335e-06
2.80218e-06
1.46652e-06
6.36537e-07
2.28032e-07
6.83686e-08
1.74999e-08
3.96961e-09
0

0
2.55044e-07
-6.18873e-07
2.18705e-06
-5.99035e-06
1.128e-05
8.41045e-06
1.0466e-05
1.0894e-05
9.88804e-06
1.03911e-05
1.16259e-05
1.20331e-05
1.12733e-05
9.33498e-06
6.50627e-06
3.71849e-06
1.74507e-06
6.82028e-07
2.24638e-07
6.33318e-08
0

0
1.36026e-07
-2.99817e-07
1.336e-06
-3.22672e-06
3.48601e-06
1.14007e-05
1.50324e-05
1.17415e-05
1.09223e-05
1.30657e-05
1.38622e-05
1.34063e-05
1.25269e-05
1.03584e-05
6.93272e-06
3.69021e-06
1.59935e-06
5.77485e-07
1.74017e-07
4.34567e-08
0

0
6.2079e-08
-9.27848e-08
4.13516e-07
-2.02843e-06
3.90787e-06
1.8528e-05
1.34591e-05
8.89792e-06
1.43615e-05
1.54954e-05
1.3178e-05
1.28353e-05
1.28052e-05
1.01771e-05
6.04236e-06
2.79203e-06
1.05052e-06
3.23297e-07
7.95095e-08
1.51967e-08
0

0
1.42184e-08
-1.73059e-08
-5.06354e-08
1.93873e-07
3.4564e-06
6.00207e-06
9.16524e-07
1.48705e-05
2.15294e-05
1.54638e-05
1.1618e-05
1.33056e-05
1.34012e-05
9.13922e-06
4.51645e-06
1.76166e-06
5.45955e-07
1.29407e-07
2.25129e-08
2.76098e-09
0

0
-6.21566e-09
1.49037e-08
-2.38741e-08
4.5015e-07
-9.98741e-07
-4.55828e-06
7.69229e-06
2.80745e-05
2.49162e-05
1.01507e-05
1.06271e-05
1.59737e-05
1.30745e-05
7.09343e-06
2.92534e-06
9.09943e-07
2.01034e-07
2.99836e-08
2.88934e-09
1.73201e-10
0

0
-4.74857e-09
1.13098e-08
1.69868e-08
-4.781e-08
-4.98915e-07
-1.961e-07
1.16415e-05
1.83222e-05
2.52842e-06
5.98868e-06
1.68192e-05
1.69582e-05
1.07952e-05
4.92041e-06
1.51476e-06
2.89114e-07
3.30508e-08
2.26338e-09
9.38013e-11
2.46697e-12
0

0
-1.00328e-09
2.65277e-09
9.07066e-09
-7.25952e-08
2.29922e-08
7.72797e-07
1.13497e-06
-3.00825e-06
-6.53987e-07
1.03604e-05
1.76045e-05
1.54704e-05
8.21612e-06
2.27843e-06
3.27341e-07
2.57995e-08
1.2021e-09
3.58822e-11
7.30037e-13
1.01282e-14
0

0
-9.26839e-11
3.11961e-10
1.52069e-09
-1.606e-08
2.15057e-08
2.36698e-07
-5.35687e-07
-1.88197e-06
1.64055e-06
1.19672e-05
1.78442e-05
1.01058e-05
2.25928e-06
2.30291e-07
1.25247e-08
4.27791e-10
1.00459e-11
1.68169e-13
1.99096e-15
1.36332e-17
0

0
-4.39399e-12
2.49096e-11
6.11955e-11
-1.41772e-09
3.68208e-09
3.07607e-08
-1.36588e-07
-4.43654e-07
2.15059e-06
7.62273e-06
5.33592e-06
1.05731e-06
8.55318e-08
3.76347e-09
1.05483e-10
2.09051e-12
3.04028e-14
3.19257e-16
1.97724e-18
0
0

0
-1.02123e-13
1.05881e-12
-1.44346e-12
-5.18428e-11
3.16022e-10
9.76376e-10
-1.2445e-08
-1.15672e-08
3.44092e-07
6.337e-07
1.81263e-07
1.6045e-08
6.90021e-10
1.79316e-11
3.22576e-13
4.29148e-15
4.15746e-17
2.38928e-19
0
0
0

0
-9.52924e-16
2.17444e-14
-1.25054e-13
-6.00496e-13
1.02578e-11
-1.13975e-11
-3.53571e-10
8.17447e-10
9.71198e-09
8.29151e-09
1.24417e-09
6.73169e-11
1.92732e-12
3.5852e-14
4.65398e-16
4.31179e-18
2.37797e-20
0
0
0
0

0
2.42795e-18
2.05523e-16
-2.55395e-15
4.68479e-15
1.30431e-13
-7.58134e-13
-3.03126e-12
2.53069e-11
8.01203e-11
3.22896e-11
3.02684e-12
1.18732e-13
2.58998e-15
3.66391e-17
3.4641e-19
1.89362e-21
0
0
0
0
0

0
1.25298e-19
5.33279e-19
-2.2731e-17
1.63211e-16
4.47099e-16
-9.87917e-15
7.2934e-15
2.38984e-13
2.86778e-13
5.97266e-14
3.8222e-15
1.12083e-16
1.90599e-18
2.02439e-20
1.16315e-22
0
0
0
0
0
0

0
1.1015e-21
-5.73096e-21
-8.24044e-20
1.43601e-18
-4.27807e-18
-5.06088e-17
2.39325e-16
1.00665e-15
5.23192e-16
6.27207e-17
2.78498e-18
6.2319e-20
7.98224e-22
5.23783e-24
0
0
0
0
0
0
0

0
0
0
0
0
0
0
0
0
0
0
0
0
0
0
0
0
0
0
0
0
0


0
0
0
0
0
0
0
0
0
0
0
0
0
0
0
0
0
0
0
0
0
0

0
4.6987e-10
-1.21657e-09
4.22035e-09
-1.24866e-08
-9.90914e-09
-9.95463e-09
-9.97052e-09
-1.03497e-08
-1.19001e-08
-1.40952e-08
-1.46023e-08
-1.20944e-08
-7.90191e-09
-4.12471e-09
-1.73179e-09
-5.89254e-10
-1.6468e-10
-3.8418e-11
-7.58715e-12
-1.29249e-12
0

0
3.26194e-10
-7.07382e-10
2.63626e-09
-5.83782e-09
5.17688e-10
3.15489e-09
2.55728e-09
-9.64699e-10
-3.48201e-09
-4.89482e-09
-6.92376e-09
-1.00195e-08
-1.19733e-08
-1.06212e-08
-6.94285e-09
-3.4217e-09
-1.3058e-09
-3.94663e-10
-9.59582e-11
-1.89606e-11
0

0
1.49648e-10
-2.44706e-10
1.00165e-09
-3.29101e-09
3.10327e-09
1.10913e-08
7.18404e-09
4.12884e-09
3.78389e-09
3.14542e-09
1.07747e-09
-2.077e-09
-4.27775e-09
-4.10912e-09
-2.52441e-09
-1.09077e-09
-3.4723e-10
-8.29613e-11
-1.47898e-11
-1.87149e-12
0

0
5.02622e-11
-8.52262e-11
1.19404e-10
-3.22802e-10
4.14842e-09
6.37457e-09
4.35014e-09
9.03719e-09
9.44733e-09
6.87615e-09
5.05818e-09
3.2885e-09
1.52381e-09
5.80853e-10
2.84086e-10
1.5897e-10
7.07013e-11
2.27088e-11
5.23872e-12
8.67318e-13
0

0
-1.05174e-12
4.37541e-12
9.9075e-12
8.4649e-10
-1.52777e-09
-4.81e-09
8.86854e-09
1.91881e-08
1.28655e-08
7.82656e-09
8.08496e-09
7.53822e-09
4.96111e-09
2.52486e-09
1.046e-09
3.44529e-10
8.65074e-11
1.5941e-11
2.07563e-12
1.81934e-13
0

0
-8.73761e-12
3.05606e-11
1.42277e-11
3.88849e-11
-1.58737e-09
-4.10426e-10
1.46002e-08
1.83468e-08
6.31543e-09
6.21047e-09
1.01984e-08
9.13033e-09
5.47026e-09
2.41032e-09
7.82787e-10
1.81337e-10
2.87279e-11
2.97e-12
1.89415e-13
7.08875e-15
0

0
-3.02003e-12
1.23776e-11
3.7837e-12
-1.60475e-10
4.14411e-11
1.5867e-09
3.83456e-09
-1.86963e-09
-4.68577e-10
6.98218e-09
1.02016e-08
8.38711e-09
4.37941e-09
1.4731e-09
3.09704e-10
3.89587e-11
2.84653e-12
1.20937e-13
3.14448e-15
5.1364e-17
0

0
-3.86649e-13
1.92437e-12
9.28833e-13
-4.86858e-11
1.26768e-10
4.38063e-10
-1.28531e-09
-2.564e-09
1.5789e-09
7.40048e-09
9.99244e-09
6.94686e-09
2.38687e-09
4.02268e-10
3.45226e-11
1.64509e-12
4.86417e-14
9.57165e-16
1.26846e-17
9.29324e-20
0

0
-2.22542e-14
1.56371e-13
-2.1994e-14
-5.66198e-12
2.2539e-11
6.74719e-11
-4.20804e-10
-6.47857e-10
2.18238e-09
6.76824e-09
6.35963e-09
2.09511e-09
2.69282e-10
1.63449e-11
5.69478e-13
1.30351e-14
2.11472e-16
2.40355e-18
1.56432e-20
0
0

0
-5.89223e-16
6.96285e-15
-1.78423e-14
-2.48599e-13
1.8461e-12
2.73255e-12
-5.1055e-11
-2.53818e-11
8.03812e-10
1.54856e-09
6.15168e-10
7.35339e-11
3.92235e-12
1.20206e-13
2.41542e-15
3.46904e-17
3.56132e-19
2.13121e-21
0
0
0

0
-5.60102e-18
1.549e-16
-9.93283e-16
-2.90893e-15
6.54023e-14
-1.01686e-13
-1.92273e-12
4.26601e-12
4.39289e-11
4.14217e-11
7.50369e-12
4.7757e-13
1.54874e-14
3.08696e-16
4.22235e-18
4.11318e-20
2.34437e-22
0
0
0
0

0
3.68436e-20
1.56981e-18
-2.0802e-17
4.88498e-17
9.14623e-16
-5.51725e-15
-1.99582e-14
1.63182e-13
5.41764e-13
2.44258e-13
2.59842e-14
1.10784e-15
2.55282e-17
3.70579e-19
3.63211e-21
2.05337e-23
0
0
0
0
0

0
1.26227e-21
3.61851e-21
-1.97353e-19
1.46397e-18
3.16357e-18
-7.84633e-17
5.42788e-17
1.78749e-15
2.38277e-15
5.61902e-16
3.93986e-17
1.22652e-18
2.15898e-20
2.37003e-22
1.39543e-24
0
0
0
0
0
0

0
1.15545e-23
-6.36685e-23
-7.46101e-22
1.35294e-20
-4.12643e-20
-4.40161e-19
2.00419e-18
8.63014e-18
5.01557e-18
6.75709e-19
3.29595e-20
7.82596e-22
1.05193e-23
7.0544e-26
0
0
0
0
0
0
0

0
5.38387e-26
-6.33056e-25
1.1473e-24
5.51978e-23
-4.68995e-22
-5.21247e-22
1.29008e-20
2.07895e-20
5.96382e-21
4.97613e-22
1.72618e-23
3.03236e-25
2.47017e-27
0
0
0
0
0
0
0
0

0
0
0
0
0
0
0
0
0
0
0
0
0
0
0
0
0
0
0
0
0
0


0
0
0
0
0
0
0
0
0
0
0
0
0
0
0
0
0
0
0
0
0
0

0
3.25626e-13
-7.63795e-13
2.33982e-12
-4.73519e-12
-7.66685e-12
-6.71423e-12
-5.1348e-12
-2.98496e-12
6.60363e-13
4.90752e-12
7.04223e-12
6.04693e-12
3.60714e-12
1.60813e-12
5.63065e-13
1.59367e-13
3.7147e-14
7.21467e-15
1.1748e-15
1.61498e-16
0

0
1.99945e-13
-3.32678e-13
1.09153e-12
-2.27718e-12
-7.62909e-13
-1.07645e-13
-1.13354e-12
-1.49023e-12
-1.214e-12
-4.76841e-13
1.35735e-12
3.81638e-12
5.09113e-12
4.29507e-12
2.4938e-12
1.04874e-12
3.31299e-13
8.06394e-14
1.53602e-14
2.29836e-15
0

0
8.00141e-14
-1.20298e-13
2.86015e-13
-6.39576e-13
1.62487e-12
1.57824e-12
5.6285e-13
6.41066e-13
8.18365e-15
-4.74242e-13
2.22431e-13
1.41579e-12
1.87202e-12
1.39861e-12
6.85399e-13
2.33846e-13
5.71928e-14
1.01026e-14
1.26533e-15
1.04399e-16
0

0
1.4469e-14
-2.29927e-14
1.17381e-13
3.29879e-13
-6.39861e-13
-5.73265e-13
2.796e-12
2.93122e-12
1.11372e-12
8.349e-13
1.50082e-12
1.63789e-12
1.1139e-12
5.0466e-13
1.55545e-13
3.252e-14
4.44489e-15
3.46996e-16
6.12494e-18
-1.19094e-18
0

0
-5.57028e-15
3.5695e-14
2.67839e-14
1.27759e-14
-1.64886e-12
6.22046e-13
6.26435e-12
3.85139e-12
1.19888e-12
2.51764e-12
3.47706e-12
2.61407e-12
1.27902e-12
4.43856e-13
1.14872e-13
2.29481e-14
3.58448e-15
4.29879e-16
3.75381e-17
2.19166e-18
0

0
-3.83633e-15
2.49647e-14
-2.21785e-14
-1.86402e-13
-2.44888e-14
1.81109e-12
2.78814e-12
-6.73275e-13
7.24488e-13
4.12547e-12
4.32022e-12
2.59006e-12
1.05517e-12
3.09814e-13
6.67221e-14
1.03346e-14
1.09575e-15
7.42569e-17
2.9842e-18
6.70572e-20
0

0
-8.11726e-16
5.94493e-15
-1.02367e-14
-7.03431e-14
2.7769e-13
4.66224e-13
-1.44187e-12
-1.98888e-12
1.66586e-12
4.0316e-12
3.40834e-12
1.77482e-12
5.9723e-13
1.29576e-13
1.75634e-14
1.4175e-15
6.5933e-17
1.81212e-18
3.00181e-20
2.51787e-22
0

0
-6.51526e-17
6.14216e-16
-1.46595e-15
-1.10151e-14
6.93644e-14
2.79318e-14
-6.59509e-13
-3.89059e-13
1.49875e-12
2.7262e-12
2.15434e-12
8.83755e-13
1.81319e-13
1.84214e-14
9.90605e-16
3.14044e-17
6.41199e-19
8.51511e-21
6.06365e-23
0
0

0
-2.08488e-18
3.13855e-17
-1.27401e-16
-6.36347e-16
6.87556e-15
-2.07065e-15
-1.09289e-13
1.55368e-14
7.06504e-13
1.08804e-12
5.74415e-13
1.10343e-13
8.81122e-15
3.60138e-16
8.84772e-18
1.47485e-19
1.68148e-21
1.06767e-23
0
0
0

0
-1.80175e-20
7.80995e-19
-5.90611e-18
-5.17785e-18
2.87561e-16
-6.72745e-16
-6.08429e-15
1.32434e-14
8.80558e-14
8.52104e-14
2.01053e-14
1.65222e-15
6.52896e-17
1.51262e-18
2.29547e-20
2.39132e-22
1.41855e-24
0
0
0
0

0
3.6544e-22
8.36172e-21
-1.26269e-19
3.98115e-19
4.53927e-18
-3.07933e-17
-8.16983e-17
6.76733e-16
2.00189e-15
9.80347e-16
1.21462e-16
5.9415e-18
1.52251e-19
2.39391e-21
2.45616e-23
1.42531e-25
0
0
0
0
0

0
9.4452e-24
1.17389e-23
-1.24106e-21
9.93533e-21
1.31754e-20
-4.64342e-19
3.82598e-19
9.50204e-18
1.2678e-17
3.26916e-18
2.53642e-19
8.59854e-21
1.59543e-22
1.77154e-24
1.06599e-26
0
0
0
0
0
0

0
8.81158e-26
-5.30397e-25
-4.64396e-24
9.30727e-23
-3.08422e-22
-2.71986e-21
1.23857e-20
5.2127e-20
3.23955e-20
4.79148e-21
2.51891e-22
6.26925e-24
8.53886e-26
5.79446e-28
0
0
0
0
0
0
0

0
4.31784e-28
-5.13064e-27
1.18852e-26
3.88408e-25
-3.37761e-24
-3.10512e-24
8.42182e-23
1.37662e-22
4.24645e-23
3.85219e-24
1.43467e-25
2.62061e-27
2.19141e-29
0
0
0
0
0
0
0
0

0
1.18396e-30
-2.22838e-29
1.80301e-28
3.62976e-28
-1.44274e-26
3.71292e-26
2.67721e-25
1.9708e-25
3.35471e-26
1.98031e-27
5.10036e-29
5.51064e-31
0
0
0
0
0
0
0
0
0

0
0
0
0
0
0
0
0
0
0
0
0
0
0
0
0
0
0
0
0
0
0


0
0
0
0
0
0
0
0
0
0
0
0
0
0
0
0
0
0
0
0
0
0

0
1.11751e-16
-2.24271e-16
5.17267e-16
-5.19346e-16
-1.70861e-15
-1.59786e-15
-1.11204e-15
-5.99627e-16
-8.32081e-16
-1.63454e-15
-1.96035e-15
-1.48036e-15
-7.65953e-16
-2.908e-16
-8.55331e-17
-2.02427e-17
-3.92596e-18
-6.28581e-19
-8.31578e-20
-9.06847e-21
0

0
6.42542e-17
-8.48645e-17
1.58446e-16
-1.84583e-16
-5.62798e-17
-3.10054e-16
-4.71581e-16
-4.03885e-16
-2.75273e-16
-2.88341e-16
-6.09292e-16
-1.0118e-15
-1.07486e-15
-7.57337e-16
-3.70452e-16
-1.30334e-16
-3.38746e-17
-6.61937e-18
-9.80595e-19
-1.0916e-19
0

0
2.10809e-17
-2.41382e-17
7.34444e-17
1.79287e-17
-3.1824e-17
-6.55689e-17
6.73969e-17
-8.00943e-17
-1.99276e-16
-1.48415e-16
-1.54831e-16
-2.27928e-16
-2.23616e-16
-1.35935e-16
-5.34554e-17
-1.38515e-17
-2.32514e-18
-2.26088e-19
-5.30426e-21
1.68463e-21
0

0
2.1133e-18
1.64502e-17
2.67339e-17
-7.99829e-17
-3.75568e-16
3.99129e-16
5.76216e-16
-9.16747e-17
-1.88275e-16
8.15349e-17
1.85375e-16
1.22431e-16
5.15299e-17
1.85655e-17
6.45148e-18
1.90795e-18
4.1581e-19
6.24446e-20
6.19934e-21
3.83198e-22
0

0
-1.11554e-18
2.11688e-17
-3.14816e-17
-1.16699e-16
4.38168e-17
8.16221e-16
2.9457e-16
-4.85271e-16
9.23639e-17
6.57843e-16
5.91715e-16
3.03229e-16
1.07871e-16
2.87664e-17
5.88611e-18
9.10472e-19
1.02684e-19
8.04771e-21
4.10392e-22
1.22371e-23
0

0
-5.2723e-19
7.75016e-18
-2.3176e-17
-4.11967e-17
2.59773e-16
2.44419e-16
-7.66845e-16
-6.40235e-16
6.80068e-16
1.03341e-15
6.68241e-16
2.74012e-16
7.80045e-17
1.5859e-17
2.29819e-18
2.32071e-19
1.56232e-20
6.50795e-22
1.52865e-23
1.64076e-25
0

0
-7.8047e-20
1.21576e-18
-5.07499e-18
-5.51105e-18
9.25503e-17
-5.70142e-17
-5.12113e-16
-8.76242e-17
7.14926e-16
7.89033e-16
4.12771e-16
1.37866e-16
2.97512e-17
4.09798e-18
3.47067e-19
1.7517e-20
5.22915e-22
9.16711e-24
7.82682e-26
0
0

0
-3.34268e-21
8.23178e-20
-4.76233e-19
-3.06313e-19
1.29335e-17
-2.12617e-17
-1.06411e-16
6.03715e-17
3.38084e-16
3.36334e-16
1.56082e-16
3.68644e-17
4.38736e-18
2.75548e-19
9.90885e-21
2.21228e-22
3.0812e-24
2.22367e-26
0
0
0

0
-4.95591e-24
2.46441e-21
-2.28229e-20
2.44318e-20
7.25739e-19
-2.43315e-18
-9.10097e-18
2.10827e-17
7.07647e-17
5.76223e-17
1.67766e-17
1.91978e-18
1.01921e-19
2.97214e-21
5.43268e-23
6.49173e-25
4.19035e-27
0
0
0
0

0
2.27956e-24
2.85476e-23
-5.31011e-22
2.20025e-21
1.37387e-20
-1.11792e-19
-1.67729e-19
1.575e-18
3.50607e-18
1.72746e-18
2.54007e-19
1.49942e-20
4.51007e-22
8.03188e-24
8.9705e-26
5.46678e-28
0
0
0
0
0

0
4.99013e-26
-1.91673e-26
-5.56272e-24
5.01488e-23
1.73003e-23
-1.91929e-21
2.0557e-21
3.11765e-20
3.79614e-20
1.02992e-20
8.89062e-22
3.3502e-23
6.7712e-25
8.05068e-27
4.95011e-29
0
0
0
0
0
0

0
4.73907e-28
-3.18204e-27
-1.95347e-26
4.68721e-25
-1.75796e-24
-1.21326e-23
5.79057e-23
2.16645e-22
1.34073e-22
2.10553e-23
1.19229e-24
3.16173e-26
4.45975e-28
3.03494e-30
0
0
0
0
0
0
0

0
2.41234e-30
-2.95186e-29
8.69357e-29
1.94655e-27
-1.79682e-26
-1.09906e-26
3.99936e-25
6.38955e-25
2.06843e-25
2.00088e-26
7.81954e-28
1.45917e-29
1.22654e-31
0
0
0
0
0
0
0
0

0
6.91851e-33
-1.30535e-31
1.08072e-30
1.39507e-30
-7.6271e-29
2.0144e-28
1.31759e-27
9.76705e-28
1.74451e-28
1.08734e-29
2.92235e-31
3.22324e-33
0
0
0
0
0
0
0
0
0

0
1.08847e-35
-3.16611e-34
4.36527e-33
-1.88176e-32
-1.40222e-31
1.03145e-30
2.29541e-30
8.59125e-31
9.15339e-32
3.68049e-33
5.53264e-35
0
0
0
0
0
0
0
0
0
0

0
0
0
0
0
0
0
0
0
0
0
0
0
0
0
0
0
0
0
0
0
0


0
0
0
0
0
0
0
0
0
0
0
0
0
0
0
0
0
0
0
0
0
0

0
2.30731e-20
-4.14544e-20
4.73506e-20
4.63509e-20
-1.41717e-19
-1.80513e-19
-1.44424e-19
-7.84218e-20
6.14637e-20
2.32438e-19
2.76807e-19
1.89077e-19
8.5916e-20
2.82357e-20
7.10314e-21
1.42067e-21
2.29924e-22
3.02171e-23
3.21253e-24
2.72533e-25
0

0
1.23121e-20
-1.30365e-20
5.69065e-21
3.15743e-20
7.95223e-21
-4.06129e-20
-5.75362e-20
-5.98399e-20
-4.71314e-20
-2.94439e-21
6.9785e-20
1.21065e-19
1.12028e-19
6.65991e-20
2.72997e-20
8.00849e-21
1.71317e-21
2.68888e-22
3.08896e-23
2.52792e-24
0

0
3.79435e-21
2.01857e-21
4.13853e-21
-1.91214e-20
-1.41075e-20
4.4715e-20
7.34916e-21
-5.34685e-20
-5.34998e-20
-2.23109e-20
6.80346e-21
1.99925e-20
1.67415e-20
8.07686e-21
2.47726e-21
4.89085e-22
5.91436e-23
3.54678e-24
-4.09934e-26
-2.06137e-26
0

0
8.78278e-22
7.48857e-21
-1.52299e-20
-3.69094e-20
5.4269e-20
1.25686e-19
-4.12999e-20
-1.03481e-19
-3.79743e-20
1.01896e-20
1.59254e-20
8.64225e-21
3.04722e-21
7.17923e-22
1.04018e-22
7.94112e-24
3.19582e-25
6.18024e-26
1.26433e-26
1.01938e-27
0

0
1.84144e-22
4.15452e-21
-1.74714e-20
-5.92144e-21
1.10407e-19
3.85101e-20
-1.91081e-19
-1.07602e-19
5.18379e-20
8.04703e-20
4.45698e-20
1.56546e-20
3.99642e-21
7.84181e-22
1.20705e-22
1.43935e-23
1.26434e-24
7.46477e-26
2.58828e-27
3.83535e-29
0

0
1.24057e-23
9.99117e-22
-6.05865e-21
4.59766e-21
5.59439e-20
-5.91683e-20
-1.84863e-19
-5.31315e-22
1.41246e-19
1.06218e-19
4.45418e-20
1.24929e-20
2.484e-21
3.55895e-22
3.60384e-23
2.47331e-24
1.08185e-25
2.72459e-27
3.10993e-29
0
0

0
7.47211e-25
1.06018e-22
-8.57636e-22
1.40341e-21
1.06564e-20
-2.80412e-20
-5.19071e-20
4.16374e-20
9.82962e-20
6.21877e-20
2.05422e-20
4.35877e-21
6.04721e-22
5.37923e-23
2.91789e-24
9.54106e-26
1.7981e-27
1.61487e-29
0
0
0

0
1.66256e-25
4.2795e-24
-5.23601e-23
1.47644e-22
8.77255e-22
-4.21463e-21
-5.60539e-21
1.60876e-20
2.81477e-20
1.62527e-20
4.37189e-21
5.91041e-22
4.24056e-23
1.74366e-24
4.37475e-26
6.62033e-28
5.0098e-30
0
0
0
0

0
8.83127e-27
5.30527e-26
-1.44057e-24
7.71863e-24
2.09169e-23
-2.44502e-22
-1.0903e-22
1.9086e-21
2.76657e-21
1.21141e-21
1.98728e-22
1.42483e-23
5.20734e-25
1.09585e-26
1.42989e-28
9.69007e-31
0
0
0
0
0

0
1.791e-28
-3.74177e-28
-1.67302e-26
1.76062e-25
-1.22779e-25
-5.18902e-24
7.19377e-24
6.04374e-23
6.04228e-23
1.61692e-23
1.52542e-24
6.45005e-26
1.44784e-27
1.8479e-29
1.19453e-31
0
0
0
0
0
0

0
1.74846e-30
-1.33663e-29
-5.24702e-29
1.72868e-27
-7.45737e-27
-3.71512e-26
1.8821e-25
5.81334e-25
3.3661e-25
5.40556e-26
3.24873e-27
9.14528e-29
1.34926e-30
9.23976e-33
0
0
0
0
0
0
0

0
9.18628e-33
-1.18785e-31
4.42679e-31
6.92274e-30
-7.08771e-29
-1.75224e-29
1.42461e-27
2.10054e-27
6.78219e-28
6.79887e-29
2.76486e-30
5.27515e-32
4.33145e-34
0
0
0
0
0
0
0
0

0
2.70721e-35
-5.23555e-34
4.56821e-33
2.45311e-33
-2.90875e-31
8.16711e-31
4.70013e-30
3.37155e-30
6.22166e-31
4.03654e-32
1.10602e-33
1.22761e-35
0
0
0
0
0
0
0
0
0

0
4.36564e-38
-1.27406e-36
1.78248e-35
-8.11158e-35
-5.08128e-34
3.92221e-33
8.24444e-33
3.06862e-33
3.38341e-34
1.39995e-35
2.15495e-37
0
0
0
0
0
0
0
0
0
0

0
3.60137e-41
-1.69498e-39
3.66497e-38
-3.19324e-37
1.16248e-37
8.4976e-36
8.11779e-36
1.67587e-36
1.11119e-37
2.4423e-39
0
0
0
0
0
0
0
0
0
0
0

0
0
0
0
0
0
0
0
0
0
0
0
0
0
0
0
0
0
0
0
0
0


0
0
0
0
0
0
0
0
0
0
0
0
0
0
0
0
0
0
0
0
0
0

0
0
0
0
0
0
0
0
0
0
0
0
0
0
0
0
0
0
0
0
0
0

0
0
0
0
0
0
0
0
0
0
0
0
0
0
0
0
0
0
0
0
0
0

0
0
0
0
0
0
0
0
0
0
0
0
0
0
0
0
0
0
0
0
0
0

0
0
0
0
0
0
0
0
0
0
0
0
0
0
0
0
0
0
0
0
0
0

0
0
0
0
0
0
0
0
0
0
0
0
0
0
0
0
0
0
0
0
0
0

0
0
0
0
0
0
0
0
0
0
0
0
0
0
0
0
0
0
0
0
0
0

0
0
0
0
0
0
0
0
0
0
0
0
0
0
0
0
0
0
0
0
0
0

0
0
0
0
0
0
0
0
0
0
0
0
0
0
0
0
0
0
0
0
0
0

0
0
0
0
0
0
0
0
0
0
0
0
0
0
0
0
0
0
0
0
0
0

0
0
0
0
0
0
0
0
0
0
0
0
0
0
0
0
0
0
0
0
0
0

0
0
0
0
0
0
0
0
0
0
0
0
0
0
0
0
0
0
0
0
0
0

0
0
0
0
0
0
0
0
0
0
0
0
0
0
0
0
0
0
0
0
0
0

0
0
0
0
0
0
0
0
0
0
0
0
0
0
0
0
0
0
0
0
0
0

0
0
0
0
0
0
0
0
0
0
0
0
0
0
0
0
0
0
0
0
0
0

0
0
0
0
0
0
0
0
0
0
0
0
0
0
0
0
0
0
0
0
0
0

0
0
0
0
0
0
0
0
0
0
0
0
0
0
0
0
0
0
0
0
0
0


