0
0
0
0
0
0
0
0
0
0
0
0
-1.65154
0
0
0
0
0
0
0
0
0

0
-1.86993
-2.34905
-1.99165
-1.97136
-2.16314
-2.39937
-2.06655
-1.80617
-2.48707
-1.83577
-1.82686
-2.01315
-1.76323
-2.29064
-2.41269
-5.23864
-2.48554
-2.61603
-2.31914
-2.03762
0

0
-1.84429
2.19798
-1.73473
-1.99912
-1.9383
-2.31975
-2.02879
-2.23581
-2.48707
-1.82301
-1.76597
-0.411767
-1.77505
-2.21071
-2.46474
-3.4035
-3.14621
-2.54788
-2.23027
-1.96671
0

0
-1.80583
-2.29405
-1.88754
-1.99105
-2.35962
-1.70029
-1.95326
-2.29429
-2.22043
-1.84737
-1.7725
-2.59657
-1.96499
-2.19519
-2.68016
2.98725
-2.36291
-2.50029
-2.22156
-1.9691
0

0
-1.79758
-2.26043
-1.85874
-1.97123
-1.9894
-1.87536
-1.95044
-1.87781
-2.07405
-1.85093
-1.80651
-2.16838
-2.5428
-2.19753
-2.60552
-2.2679
-2.81798
-2.48554
-2.20373
-1.97007
0

0
-1.7934
-2.09919
-2.10189
-1.98133
-2.15156
-1.96714
-1.94824
-2.10297
-2.0138
-1.84634
-1.8339
-2.01315
-1.98791
-2.19278
-3.71185
-2.42454
-2.88772
-2.43951
-2.17389
-1.97091
0

0
-1.79126
-2.01004
-2.03355
-1.97632
-2.2416
-2.0233
-1.94572
-2.31346
-1.97563
-1.84388
-1.81912
-1.95761
-2.06274
-2.34599
-2.38975
-2.33515
-2.96241
-2.97966
-2.14211
-1.97297
0

0
-1.7906
-1.96814
-1.99044
-1.97136
-2.25859
-2.05663
-1.9415
-2.27215
-1.92445
-1.83909
-1.81009
-1.88625
-2.05277
-2.43662
-2.63932
-2.41558
-3.11387
-3.0941
-2.0545
-1.9743
0

0
-1.79105
-1.94825
-1.96833
-1.98595
-2.07313
-2.02879
-1.92817
-0.874515
-1.81195
-1.82908
-1.79945
-1.84376
-2.08403
-2.57445
-2.98102
-2.48012
-3.3142
-3.18574
-2.0495
-1.97907
0

0
-1.79228
-1.9383
-1.95562
-2.03676
-1.45319
-1.85302
-1.88199
-1.43386
-1.80809
-1.82301
-1.78762
-1.81732
-2.00064
-2.73255
-3.14578
-2.41794
-3.58252
-3.31551
-2.91222
-1.99033
0

0
-1.79408
-1.93363
-1.94781
-2.06256
-0.702626
-1.59835
-1.84196
-1.576
-1.80617
-1.81897
-1.7744
-1.80133
-1.23925
-2.81696
-2.98374
-1.9978
-1.79634
-2.97966
-2.72754
-1.99156
0

0
-1.79614
-1.9362
-1.94596
-1.99527
-2.0064
-1.92007
-1.87174
-1.61903
-1.80615
-1.81632
-1.76071
-1.78209
1.68881
-2.77438
-2.15448
-0.698389
-3.59937
-3.49783
-2.57958
-1.993
0

0
-1.79774
-1.95719
-1.94552
-1.98798
-2.00671
-1.93302
-1.87834
-1.69651
-1.81563
-1.81053
-1.75221
-1.72542
-2.5428
-2.52979
-0.613875
0.983264
-3.73263
-3.67933
-2.48945
-1.99513
0

0
-1.79898
-1.98133
-1.97264
-1.99411
-2.11744
-1.96062
-1.88706
-2.01287
-1.8382
-1.80543
-1.74371
-1.70079
-1.98299
-1.26967
1.80972
2.79547
-3.71185
-3.85965
-2.42441
-1.99761
0

0
-1.80004
-1.91889
-1.94049
-2.00414
-2.25075
-1.98434
-1.89551
-1.90174
-1.82907
-1.79293
-1.73322
-1.6691
-1.64767
1.08734
-1.79634
4.05329
-3.82842
-4.04756
-2.36973
-1.99538
0

0
-1.76407
-1.89199
-1.9039
-1.97264
-2.33885
-1.96076
-1.86288
-1.82675
-1.79095
-1.754
-1.69867
-1.62421
-1.51923
-1.48041
-1.66251
5.26637
-4.48812
-4.07086
-2.26664
-1.95735
0

0
0
0
0
0
0
0
0
0
0
0
0
0
0
0
0
0
0
-2.45043
0
0
0


0
1.86993
2.34905
1.99165
1.97136
2.16314
2.39937
2.06655
1.80617
2.48707
1.83577
1.82686
2.01315
1.76323
2.29064
2.41269
5.23864
2.48554
2.61603
2.31914
2.03762
-1.9743

1.86993
-1.86993
-2.34905
-1.99165
-1.97136
-2.16314
-2.39937
-2.06655
-1.80617
-2.48707
-1.83577
-1.82686
-2.01315
-1.76323
-2.29064
-2.41269
-5.23864
-2.48554
-2.61603
-2.31914
-2.03762
-2.03762

1.84429
-1.84429
2.19798
-1.73473
-1.99912
-1.9383
-2.31975
-2.02879
-2.23581
-2.48707
-1.82301
-1.76597
-0.411767
-1.77505
-2.21071
-2.46474
-3.4035
-3.14621
-2.54788
-2.23027
-1.96671
-1.96671

1.80583
-1.80583
-2.29405
-1.88754
-1.99105
-2.35962
-1.70029
-1.95326
-2.29429
-2.22043
-1.84737
-1.7725
-2.59657
-1.96499
-2.19519
-2.68016
2.98725
-2.36291
-2.50029
-2.22156
-1.9691
-1.9691

1.79758
-1.79758
-2.26043
-1.85874
-1.97123
-1.9894
-1.87536
-1.95044
-1.87781
-2.07405
-1.85093
-1.80651
-2.16838
-2.5428
-2.19753
-2.60552
-2.2679
-2.81798
-2.48554
-2.20373
-1.97007
-1.97007

1.7934
-1.7934
-2.09919
-2.10189
-1.98133
-2.15156
-1.96714
-1.94824
-2.10297
-2.0138
-1.84634
-1.8339
-2.01315
-1.98791
-2.19278
-3.71185
-2.42454
-2.88772
-2.43951
-2.17389
-1.97091
-1.97091

1.79126
-1.79126
-2.01004
-2.03355
-1.97632
-2.2416
-2.0233
-1.94572
-2.31346
-1.97563
-1.84388
-1.81912
-1.95761
-2.06274
-2.34599
-2.38975
-2.33515
-2.96241
-2.97966
-2.14211
-1.97297
-1.97297

1.7906
-1.7906
-1.96814
-1.99044
-1.97136
-2.25859
-2.05663
-1.9415
-2.27215
-1.92445
-1.83909
-1.81009
-1.88625
-2.05277
-2.43662
-2.63932
-2.41558
-3.11387
-3.0941
-2.0545
-1.9743
-1.9743

1.79105
-1.79105
-1.94825
-1.96833
-1.98595
-2.07313
-2.02879
-1.92817
-0.874515
-1.81195
-1.82908
-1.79945
-1.84376
-2.08403
-2.57445
-2.98102
-2.48012
-3.3142
-3.18574
-2.0495
-1.97907
-1.97907

1.79228
-1.79228
-1.9383
-1.95562
-2.03676
-1.45319
-1.85302
-1.88199
-1.43386
-1.80809
-1.82301
-1.78762
-1.81732
-2.00064
-2.73255
-3.14578
-2.41794
-3.58252
-3.31551
-2.91222
-1.99033
-1.99033

1.79408
-1.79408
-1.93363
-1.94781
-2.06256
-0.702626
-1.59835
-1.84196
-1.576
-1.80617
-1.81897
-1.7744
-1.80133
-1.23925
-2.81696
-2.98374
-1.9978
-1.79634
-2.97966
-2.72754
-1.99156
-1.99156

1.79614
-1.79614
-1.9362
-1.94596
-1.99527
-2.0064
-1.92007
-1.87174
-1.61903
-1.80615
-1.81632
-1.76071
-1.78209
1.68881
-2.77438
-2.15448
-0.698389
-3.59937
-3.49783
-2.57958
-1.993
-1.993

1.79774
-1.79774
-1.95719
-1.94552
-1.98798
-2.00671
-1.93302
-1.87834
-1.69651
-1.81563
-1.81053
-1.75221
-1.72542
-2.5428
-2.52979
-0.613875
0.983264
-3.73263
-3.67933
-2.48945
-1.99513
-1.99513

1.79898
-1.79898
-1.98133
-1.97264
-1.99411
-2.11744
-1.96062
-1.88706
-2.01287
-1.8382
-1.80543
-1.74371
-1.70079
-1.98299
-1.26967
1.80972
2.79547
-3.71185
-3.85965
-2.42441
-1.99761
-1.99761

1.80004
-1.80004
-1.91889
-1.94049
-2.00414
-2.25075
-1.98434
-1.89551
-1.90174
-1.82907
-1.79293
-1.73322
-1.6691
-1.64767
1.08734
-1.79634
4.05329
-3.82842
-4.04756
-2.36973
-1.99538
-1.99538

1.76407
-1.76407
-1.89199
-1.9039
-1.97264
-2.33885
-1.96076
-1.86288
-1.82675
-1.79095
-1.754
-1.69867
-1.62421
-1.51923
-1.48041
-1.66251
5.26637
-4.48812
-4.07086
-2.26664
-1.95735
-1.95735

0
-1.76407
-1.89199
-1.9039
-1.97264
-2.33885
-1.96076
-1.86288
-1.82675
-1.79095
-1.754
-1.69867
-1.62421
-1.51923
-1.48041
-1.66251
5.26637
-4.48812
-4.07086
-2.26664
-1.95735
0


0
1.85241
1.63576
1.94371
2.06812
1.92612
2.20401
2.08307
2.10601
2.11449
1.92404
1.86184
1.64348
1.93527
2.26133
2.55123
3.44963
2.87579
2.67098
2.35752
2.06282
0

1.85241
-1.85241
-1.63576
-1.94371
-2.06812
-1.92612
-2.20401
-2.08307
-2.10601
-2.11449
-1.92404
-1.86184
-1.64348
-1.93527
-2.26133
-2.55123
-3.44963
-2.87579
-2.67098
-2.35752
-2.06282
-2.06282

1.79136
-1.79136
-0.620534
-1.8667
-1.97897
-2.32049
-2.14675
-1.98851
-2.03682
-2.16502
-1.85358
-1.79859
-1.5961
-1.88317
-2.19355
-2.46441
-3.34791
-2.65985
-2.55127
-2.26246
-1.98795
-1.98795

1.79658
-1.79658
-1.64035
-1.87942
-1.99829
-2.1655
-2.03972
-2.0184
-2.10009
-2.17521
-1.86578
-1.81006
-1.75636
-1.95498
-2.2008
-2.56668
1.02032
-2.73404
-2.6042
-2.2628
-1.98999
-1.98999

1.79709
-1.79709
-1.90729
-1.9304
-1.99816
-2.10714
-1.94144
-1.97566
-2.0801
-2.09274
-1.87253
-1.82367
-2.06122
-2.05488
-2.218
-2.5576
-2.57799
-2.79939
-2.63683
-2.25879
-1.99132
-1.99132

1.7998
-1.7998
-2.0087
-1.95839
-1.98964
-2.09844
-1.97051
-1.96597
-2.01989
-2.01812
-1.87076
-1.83763
-2.00731
-2.03366
-2.23729
-2.38901
-2.43257
-2.85803
-2.77509
-2.25517
-1.99278
-1.99278

1.80203
-1.80203
-2.00176
-2.01348
-1.99733
-2.13443
-1.99789
-1.95912
-2.03611
-1.97175
-1.86498
-1.83772
-1.94051
-2.04175
-2.23535
-3.1796
-2.5254
-2.97469
-2.76761
-2.24304
-1.99423
-1.99423

1.80374
-1.80374
-1.98218
-2.00335
-1.9999
-2.15639
-2.01282
-1.94927
-2.00176
-1.93257
-1.85884
-1.82949
-1.89925
-2.0067
-2.31562
-2.4376
-2.47095
-3.05215
-2.9536
-2.27712
-1.99752
-1.99752

1.8055
-1.8055
-1.96905
-1.98835
-2.00298
-2.08785
-2.00798
-1.93338
-1.70311
-1.88714
-1.85131
-1.81982
-1.85724
-1.95838
-2.34729
-2.65533
-2.54377
-3.12717
-3.09697
-2.361
-2.00068
-2.00068

1.80752
-1.80752
-1.96238
-1.97878
-2.01727
-1.66753
-1.93298
-1.91313
-1.55351
-1.8417
-1.8425
-1.80884
-1.82304
-1.86045
-2.40175
-2.83383
-2.535
-3.12552
-3.16478
-2.40511
-2.00323
-2.00323

1.80986
-1.80986
-1.95999
-1.97351
-2.03864
-0.953994
-1.78335
-1.88916
-1.65303
-1.8341
-1.83603
-1.79734
-1.79204
-1.50299
-2.44828
-2.76287
-2.19621
-3.81161
-3.4846
-2.62698
-2.01104
-2.01104

1.81251
-1.81251
-1.96013
-1.97241
-2.02076
-2.13924
-1.92004
-1.89151
-1.71876
-1.83371
-1.83069
-1.78582
-1.76261
-0.578895
-2.4728
-2.02309
-1.23988
-3.67143
-3.48778
-2.60521
-2.01388
-2.01388

1.81543
-1.81543
-1.96236
-1.97358
-2.01561
-2.07621
-1.95864
-1.90171
-1.77535
-1.83698
-1.82609
-1.77497
-1.73761
-1.48804
-2.27551
-0.684775
0.433352
-3.83409
-3.65449
-2.55662
-2.01687
-2.01687

1.81774
-1.81774
-1.9705
-1.9745
-2.02009
-2.1296
-1.98421
-1.91171
-1.85405
-1.84407
-1.82043
-1.76559
-1.71234
-1.81697
-1.455
0.390959
2.14303
-3.8348
-3.79567
-2.52196
-2.01972
-2.01972

1.81421
-1.81421
-1.97601
-1.96895
-2.02484
-2.21616
-2.0045
-1.91589
-1.90742
-1.84671
-1.81014
-1.75213
-1.68508
-1.66228
-0.214758
-2.12113
3.50223
-3.84854
-3.85816
-2.48824
-2.01607
-2.01607

1.77788
-1.77788
-1.9122
-1.92563
-1.99176
-2.24604
-1.97732
-1.88197
-1.84513
-1.80759
-1.76998
-1.71445
-1.63988
-1.53971
-1.4569
-1.67873
4.63212
-3.84025
-3.78208
-2.42716
-1.97391
-1.97391

0
-1.77788
-1.9122
-1.92563
-1.99176
-2.24604
-1.97732
-1.88197
-1.84513
-1.80759
-1.76998
-1.71445
-1.63988
-1.53971
-1.4569
-1.67873
4.63212
-3.84025
-3.78208
-2.42716
-1.97391
0


0
1.84474
1.60521
1.96358
2.09203
1.66374
2.13341
2.08622
2.11494
2.13356
1.95389
1.89142
1.79303
1.99289
2.25153
2.51277
2.59532
2.80103
2.72206
2.39658
2.08556
0

1.84474
-1.84474
-1.60521
-1.96358
-2.09203
-1.66374
-2.13341
-2.08622
-2.11494
-2.13356
-1.95389
-1.89142
-1.79303
-1.99289
-2.25153
-2.51277
-2.59532
-2.80103
-2.72206
-2.39658
-2.08556
-2.08556

1.78329
-1.78329
-1.46663
-1.90289
-2.00112
-2.38127
-2.10986
-2.0132
-2.03585
-2.07179
-1.88439
-1.82897
-1.74443
-1.92614
-2.1803
-2.41921
-2.784
-2.7385
-2.61986
-2.3011
-2.00931
-2.00931

1.7904
-1.7904
-1.61523
-1.90924
-2.00174
-2.29819
-2.08305
-2.01423
-2.04898
-2.08785
-1.88799
-1.83542
-1.79222
-1.95328
-2.18757
-2.42709
-1.75789
-2.78755
-2.65467
-2.30354
-2.01079
-2.01079

1.79794
-1.79794
-1.80461
-1.93407
-2.00632
-2.15998
-2.02019
-2.00208
-2.0502
-2.06467
-1.89079
-1.84354
-1.91136
-1.99071
-2.19461
-2.44913
-1.92196
-2.7633
-2.70561
-2.30771
-2.012
-2.012

1.80527
-1.80527
-1.92209
-1.95735
-2.00689
-2.06275
-1.99464
-1.98565
-2.01641
-2.02087
-1.88951
-1.85052
-1.95806
-2.0063
-2.19889
-2.47985
-2.30794
-2.83806
-2.76332
-2.31419
-2.01349
-2.01349

1.81135
-1.81135
-1.96943
-1.98657
-2.00945
-2.06173
-1.99811
-1.97482
-1.98862
-1.98061
-1.88475
-1.85224
-1.91913
-1.99206
-2.20257
-2.53215
-2.4393
-2.92377
-2.82559
-2.32784
-2.01531
-2.01531

1.81597
-1.81597
-1.98066
-2.00047
-2.01279
-2.09526
-2.00725
-1.96493
-1.95574
-1.94751
-1.87835
-1.84673
-1.89473
-1.96939
-2.21288
-2.58348
-2.50291
-3.02547
-2.92176
-2.3565
-2.01771
-2.01771

1.81965
-1.81965
-1.98097
-1.9999
-2.01444
-2.08924
-2.01059
-1.95343
-1.86605
-1.9157
-1.87093
-1.83828
-1.86367
-1.91291
-2.22252
-2.46065
-2.53684
-3.15711
-3.05254
-2.39672
-2.02035
-2.02035

1.8229
-1.8229
-1.97976
-1.9963
-2.01965
-1.89581
-1.98328
-1.93995
-1.75737
-1.88335
-1.86272
-1.82821
-1.83138
-1.82035
-2.22337
-2.56026
-2.55446
-3.40042
-3.21358
-2.43935
-2.02338
-2.02338

1.82603
-1.82603
-1.97928
-1.99377
-2.03096
-1.47811
-1.91082
-1.92499
-1.75118
-1.86586
-1.85529
-1.81733
-1.7996
-1.6368
-2.23053
-2.548
-2.35797
-3.69595
-3.35415
-2.52007
-2.02821
-2.02821

1.82919
-1.82919
-1.97957
-1.99324
-2.03069
-1.92788
-1.92405
-1.91849
-1.78443
-1.86041
-1.84911
-1.80625
-1.76946
-1.3319
-2.22438
-2.07865
-1.63103
-3.76195
-3.46949
-2.57598
-2.03287
-2.03287

1.83239
-1.83239
-1.98087
-1.99403
-2.03327
-2.07981
-1.97431
-1.92492
-1.82064
-1.86034
-1.84377
-1.79558
-1.74573
-1.43774
-2.1081
-1.08441
-0.196467
-3.77548
-3.54922
-2.57781
-2.03652
-2.03652

1.83491
-1.83491
-1.98412
-1.99449
-2.0391
-2.13101
-2.00236
-1.93318
-1.85955
-1.86307
-1.83817
-1.78526
-1.72437
-1.62644
-1.69096
-0.441418
1.4808
-3.62919
-3.59742
-2.56373
-2.03928
-2.03928

1.83139
-1.83139
-1.98168
-1.9888
-2.04197
-2.18385
-2.01935
-1.93577
-1.89242
-1.86178
-1.82731
-1.7709
-1.69957
-1.62923
-1.12971
-1.79238
2.81143
-3.35065
-3.59329
-2.53613
-2.03465
-2.03465

1.79343
-1.79343
-1.93436
-1.94605
-2.00591
-2.18476
-1.98973
-1.90026
-1.86124
-1.82481
-1.78695
-1.7313
-1.65576
-1.55636
-1.43081
-1.65723
3.7812
-3.2244
-3.55851
-2.46076
-1.99073
-1.99073

0
-1.79343
-1.93436
-1.94605
-2.00591
-2.18476
-1.98973
-1.90026
-1.86124
-1.82481
-1.78695
-1.7313
-1.65576
-1.55636
-1.43081
-1.65723
3.7812
-3.2244
-3.55851
-2.46076
-1.99073
0


0
1.85287
1.7463
1.99283
2.08163
1.73138
2.15869
2.10022
2.11285
2.11679
1.97808
1.91987
1.87723
2.02122
2.23718
2.45447
2.45441
2.80344
2.76317
2.43191
2.10687
0

1.85287
-1.85287
-1.7463
-1.99283
-2.08163
-1.73138
-2.15869
-2.10022
-2.11285
-2.11679
-1.97808
-1.91987
-1.87723
-2.02122
-2.23718
-2.45447
-2.45441
-2.80344
-2.76317
-2.43191
-2.10687
-2.10687

1.79196
-1.79196
-1.69223
-1.92652
-2.00968
-2.08461
-2.06863
-2.02394
-2.0366
-2.04615
-1.90828
-1.8551
-1.8128
-1.95183
-2.16525
-2.37287
-2.47017
-2.72467
-2.65748
-2.33557
-2.02971
-2.02971

1.79781
-1.79781
-1.73559
-1.93438
-2.0054
-2.25245
-2.08257
-2.02282
-2.03606
-2.04836
-1.90891
-1.85881
-1.83683
-1.96047
-2.16799
-2.3716
-2.40039
-2.76605
-2.68303
-2.33929
-2.03095
-2.03095

1.80573
-1.80573
-1.82154
-1.94847
-2.0091
-2.27959
-2.06143
-2.01593
-2.03143
-2.03868
-1.90899
-1.86316
-1.88309
-1.97367
-2.16821
-2.37845
-2.16325
-2.7806
-2.72296
-2.34646
-2.03201
-2.03201

1.81438
-1.81438
-1.90091
-1.96647
-2.01458
-2.16888
-2.03201
-2.00407
-2.01355
-2.01576
-1.9072
-1.86667
-1.9169
-1.98086
-2.16527
-2.38694
-2.25951
-2.81906
-2.77043
-2.35774
-2.03346
-2.03346

1.82232
-1.82232
-1.95187
-1.9855
-2.01933
-2.08793
-2.01849
-1.9929
-1.98915
-1.98814
-1.90298
-1.86706
-1.90865
-1.96858
-2.15835
-2.39182
-2.37316
-2.89311
-2.83512
-2.37478
-2.03523
-2.03523

1.82892
-1.82892
-1.9774
-2.00046
-2.02355
-2.06862
-2.01723
-1.98327
-1.9616
-1.96185
-1.897
-1.86293
-1.89018
-1.9443
-2.14896
-2.40986
-2.44629
-2.99721
-2.91517
-2.39769
-2.0373
-2.0373

1.83427
-1.83427
-1.98851
-2.00754
-2.02686
-2.06373
-2.01837
-1.97388
-1.9195
-1.93716
-1.88994
-1.85564
-1.8675
-1.89922
-2.13681
-2.36643
-2.49077
-3.13573
-3.01971
-2.42679
-2.03976
-2.03976

1.83876
-1.83876
-1.99338
-2.00972
-2.03029
-2.00879
-2.01026
-1.96401
-1.86544
-1.91382
-1.8823
-1.84649
-1.84082
-1.82843
-2.11795
-2.35175
-2.5146
-3.29935
-3.13324
-2.46243
-2.04277
-2.04277

1.84274
-1.84274
-1.99598
-2.0104
-2.03569
-1.86428
-1.98221
-1.95396
-1.83958
-1.89661
-1.87488
-1.83631
-1.8125
-1.72252
-2.09275
-2.32214
-2.40996
-3.41512
-3.22626
-2.50578
-2.04654
-2.04654

1.84646
-1.84646
-1.99791
-2.01122
-2.04065
-1.88419
-1.9626
-1.94695
-1.84489
-1.88772
-1.86829
-1.82573
-1.78471
-1.58936
-2.05304
-2.06014
-1.90564
-3.49289
-3.3106
-2.54986
-2.05088
-2.05088

1.84999
-1.84999
-1.99991
-2.01251
-2.0458
-2.03635
-1.98919
-1.94859
-1.86323
-1.88464
-1.86253
-1.81526
-1.7603
-1.55241
-1.96013
-1.44543
-0.767405
-3.39632
-3.35498
-2.57323
-2.05489
-2.05489

1.8527
-1.8527
-2.00181
-2.01334
-2.05298
-2.112
-2.01579
-1.95412
-1.88594
-1.88447
-1.85669
-1.80469
-1.73885
-1.5979
-1.741
-0.974787
0.806329
-3.15542
-3.37588
-2.57769
-2.05769
-2.05769

1.84917
-1.84917
-1.99711
-2.00764
-2.05506
-2.15717
-2.03093
-1.95468
-1.90361
-1.88014
-1.84556
-1.78976
-1.71507
-1.60847
-1.45668
-1.45809
2.06707
-2.88626
-3.3818
-2.56273
-2.05258
-2.05258

1.81062
-1.81062
-1.95439
-1.96499
-2.01748
-2.14463
-1.99986
-1.91789
-1.87631
-1.84252
-1.80475
-1.74903
-1.672
-1.56802
-1.43662
-1.52334
2.84067
-2.75455
-3.33414
-2.49614
-2.0077
-2.0077

0
-1.81062
-1.95439
-1.96499
-2.01748
-2.14463
-1.99986
-1.91789
-1.87631
-1.84252
-1.80475
-1.74903
-1.672
-1.56802
-1.43662
-1.52334
2.84067
-2.75455
-3.33414
-2.49614
-2.0077
0


0
1.86964
1.85987
2.01981
2.04332
2.02831
2.23393
2.11779
2.1129
2.10631
1.99791
1.94488
1.92542
2.03716
2.22281
2.40816
2.44762
2.803
2.78824
2.46155
2.12695
0

1.86964
-1.86964
-1.85987
-2.01981
-2.04332
-2.02831
-2.23393
-2.11779
-2.1129
-2.10631
-1.99791
-1.94488
-1.92542
-2.03716
-2.22281
-2.40816
-2.44762
-2.803
-2.78824
-2.46155
-2.12695
-2.12695

1.80777
-1.80777
-1.80065
-1.94978
-1.9914
-1.87316
-2.08719
-2.03576
-2.03756
-2.03435
-1.92796
-1.87852
-1.85865
-1.96772
-2.15026
-2.33075
-2.40383
-2.71066
-2.67882
-2.36445
-2.04904
-2.04904

1.81293
-1.81293
-1.82533
-1.95625
-2.00754
-1.79565
-2.0443
-2.03034
-2.03444
-2.03319
-1.92786
-1.88058
-1.86894
-1.9692
-2.14981
-2.32968
-2.4229
-2.73764
-2.69684
-2.3685
-2.05028
-2.05028

1.81995
-1.81995
-1.86755
-1.96644
-2.01537
-1.90335
-2.04054
-2.02567
-2.02809
-2.02646
-1.92674
-1.88252
-1.88781
-1.97124
-2.14537
-2.32555
-2.34191
-2.76553
-2.72819
-2.37638
-2.05131
-2.05131

1.82821
-1.82821
-1.9153
-1.97987
-2.02155
-2.04705
-2.0406
-2.01866
-2.01613
-2.01293
-1.92446
-1.88378
-1.90415
-1.96966
-2.1368
-2.31895
-2.30988
-2.79713
-2.77015
-2.38848
-2.05271
-2.05271

1.83645
-1.83645
-1.95473
-1.99422
-2.0279
-2.08115
-2.03612
-2.01015
-1.99885
-1.99471
-1.92051
-1.88292
-1.90378
-1.95744
-2.12318
-2.30881
-2.34326
-2.84904
-2.82396
-2.40471
-2.05438
-2.05438

1.84386
-1.84386
-1.98118
-2.00711
-2.03376
-2.0736
-2.033
-2.00177
-1.97819
-1.97513
-1.91504
-1.87908
-1.8912
-1.93404
-2.1045
-2.29626
-2.38263
-2.92077
-2.88827
-2.42474
-2.05634
-2.05634

1.85021
-1.85021
-1.9969
-2.01624
-2.03868
-2.06616
-2.03191
-1.99377
-1.95268
-1.95596
-1.90852
-1.87258
-1.87319
-1.89712
-2.08034
-2.26248
-2.40937
-3.00186
-2.96141
-2.44886
-2.05867
-2.05867

1.85561
-1.85561
-2.00593
-2.02167
-2.04287
-2.04933
-2.02846
-1.98594
-1.92326
-1.93808
-1.90144
-1.86424
-1.85117
-1.8439
-2.04852
-2.21514
-2.41783
-3.07344
-3.03461
-2.47714
-2.06147
-2.06147

1.86032
-1.86032
-2.0114
-2.02492
-2.04703
-2.00296
-2.0172
-1.97852
-1.90192
-1.92342
-1.89437
-1.85476
-1.82669
-1.77376
-2.00642
-2.1475
-2.34872
-3.122
-3.09949
-2.50855
-2.06483
-2.06483

1.86457
-1.86457
-2.01517
-2.02727
-2.0518
-1.96781
-2.0037
-1.97291
-1.89642
-1.91377
-1.8878
-1.84474
-1.8016
-1.69464
-1.94782
-1.96786
-2.01277
-3.13906
-3.15353
-2.5409
-2.0687
-2.0687

1.86848
-1.86848
-2.01821
-2.02939
-2.05758
-2.02981
-2.01139
-1.97203
-1.9028
-1.90878
-1.8819
-1.83462
-1.77788
-1.64076
-1.85621
-1.59195
-1.16279
-3.05904
-3.19182
-2.56628
-2.07265
-2.07265

1.87146
-1.87146
-2.02027
-2.0307
-2.06459
-2.09449
-2.02953
-1.97476
-1.91491
-1.90645
-1.87593
-1.82415
-1.75601
-1.62535
-1.70813
-1.22655
0.177043
-2.84175
-3.21422
-2.57965
-2.07549
-2.07549

1.86805
-1.86805
-2.01536
-2.02527
-2.066
-2.13598
-2.04131
-1.97314
-1.92312
-1.89995
-1.86466
-1.80907
-1.73221
-1.61408
-1.53265
-1.28088
1.36155
-2.56241
-3.21387
-2.57308
-2.07021
-2.07021

1.8293
-1.8293
-1.97357
-1.98275
-2.02777
-2.11887
-2.00916
-1.93511
-1.89266
-1.86098
-1.8234
-1.7676
-1.689
-1.57939
-1.44744
-1.34618
1.95442
-2.4217
-3.16722
-2.51163
-2.02483
-2.02483

0
-1.8293
-1.97357
-1.98275
-2.02777
-2.11887
-2.00916
-1.93511
-1.89266
-1.86098
-1.8234
-1.7676
-1.689
-1.57939
-1.44744
-1.34618
1.95442
-2.4217
-3.16722
-2.51163
-2.02483
0


0
1.89093
1.93798
2.04253
2.0822
2.02374
2.15239
2.11888
2.1153
2.10338
2.01574
1.96706
1.95712
2.04858
2.21084
2.37457
2.45432
2.79459
2.80013
2.48498
2.14579
0

1.89093
-1.89093
-1.93798
-2.04253
-2.0822
-2.02374
-2.15239
-2.11888
-2.1153
-2.10338
-2.01574
-1.96706
-1.95712
-2.04858
-2.21084
-2.37457
-2.45432
-2.79459
-2.80013
-2.48498
-2.14579
-2.14579

1.82794
-1.82794
-1.87236
-1.97187
-2.0055
-1.96301
-2.08949
-2.04668
-2.04114
-2.03088
-1.94545
-1.89966
-1.89001
-1.979
-2.13778
-2.29776
-2.38748
-2.69649
-2.68963
-2.38756
-2.06729
-2.06729

1.83262
-1.83262
-1.88807
-1.9774
-2.01279
-1.94063
-2.06806
-2.04342
-2.03863
-2.02962
-1.94542
-1.90092
-1.89408
-1.97786
-2.13555
-2.29572
-2.40096
-2.7139
-2.70282
-2.39169
-2.06874
-2.06874

1.83878
-1.83878
-1.91234
-1.98536
-2.02154
-1.94925
-2.05159
-2.03818
-2.0328
-2.02442
-1.94402
-1.9015
-1.90116
-1.97474
-2.12823
-2.28684
-2.37952
-2.7366
-2.7275
-2.3994
-2.06988
-2.06988

1.84619
-1.84619
-1.94176
-1.99574
-2.02968
-1.99947
-2.04719
-2.03248
-2.02374
-2.01525
-1.94156
-1.90131
-1.90728
-1.96817
-2.11596
-2.27219
-2.34494
-2.76137
-2.7619
-2.41093
-2.07128
-2.07128

1.85396
-1.85396
-1.96984
-2.00714
-2.03717
-2.04526
-2.04676
-2.02603
-2.01125
-2.00263
-1.93779
-1.89954
-1.9062
-1.95476
-2.09804
-2.25165
-2.33167
-2.79186
-2.80424
-2.4258
-2.0729
-2.0729

1.86138
-1.86138
-1.9923
-2.01806
-2.04404
-2.06592
-2.04646
-2.01925
-1.9961
-1.98815
-1.93277
-1.89561
-1.89674
-1.93271
-2.07391
-2.22367
-2.33029
-2.82767
-2.85257
-2.44368
-2.07477
-2.07477

1.86806
-1.86806
-2.00831
-2.02712
-2.05001
-2.0712
-2.04594
-2.01253
-1.97872
-1.97328
-1.92679
-1.88956
-1.88174
-1.90093
-2.0428
-2.18153
-2.32397
-2.86131
-2.90391
-2.46447
-2.07697
-2.07697

1.87394
-1.87394
-2.01909
-2.0338
-2.05503
-2.06769
-2.04415
-2.00609
-1.96022
-1.95913
-1.92027
-1.88185
-1.86291
-1.85837
-2.00299
-2.1202
-2.30015
-2.88448
-2.9546
-2.48796
-2.07959
-2.07959

1.87913
-1.87913
-2.02638
-2.03854
-2.05942
-2.05221
-2.03928
-2.00021
-1.94483
-1.94691
-1.91365
-1.87302
-1.84148
-1.80571
-1.95175
-2.03162
-2.22304
-2.89336
-3.00174
-2.51344
-2.0827
-2.0827

1.8838
-1.8838
-2.0316
-2.0421
-2.06395
-2.03408
-2.03307
-1.99573
-1.93709
-1.93778
-1.90735
-1.86359
-1.81883
-1.74762
-1.88447
-1.87664
-1.97702
-2.87623
-3.043
-2.5395
-2.08627
-2.08627

1.88808
-1.88808
-2.03563
-2.04501
-2.06943
-2.05232
-2.03474
-1.99401
-1.93735
-1.93202
-1.90157
-1.85396
-1.79638
-1.69606
-1.7934
-1.61183
-1.36557
-2.7967
-3.07674
-2.56296
-2.09009
-2.09009

1.89138
-1.89138
-2.03826
-2.04687
-2.07568
-2.0918
-2.04504
-1.99479
-1.94264
-1.92836
-1.8957
-1.84386
-1.77472
-1.65999
-1.67271
-1.31822
-0.324114
-2.61059
-3.09815
-2.57937
-2.09298
-2.09298

1.88824
-1.88824
-2.03368
-2.04183
-2.07625
-2.12375
-2.0522
-1.99129
-1.94452
-1.92042
-1.88449
-1.82896
-1.75084
-1.63212
-1.54232
-1.20591
0.745083
-2.35951
-3.09767
-2.57808
-2.08774
-2.08774

1.84951
-1.84951
-1.99224
-1.99959
-2.03766
-2.10357
-2.01858
-1.95215
-1.91042
-1.88025
-1.8429
-1.78707
-1.70705
-1.59298
-1.45409
-1.20476
1.2331
-2.21214
-3.04965
-2.52145
-2.0422
-2.0422

0
-1.84951
-1.99224
-1.99959
-2.03766
-2.10357
-2.01858
-1.95215
-1.91042
-1.88025
-1.8429
-1.78707
-1.70705
-1.59298
-1.45409
-1.20476
1.2331
-2.21214
-3.04965
-2.52145
-2.0422
0


0
1.91468
1.99187
2.06399
2.09543
2.05534
2.15009
2.12927
2.12185
2.1066
2.03241
1.98693
1.98027
2.05844
2.20291
2.35196
2.4573
2.78263
2.80372
2.50256
2.1633
0

1.91468
-1.91468
-1.99187
-2.06399
-2.09543
-2.05534
-2.15009
-2.12927
-2.12185
-2.1066
-2.03241
-1.98693
-1.98027
-2.05844
-2.20291
-2.35196
-2.4573
-2.78263
-2.80372
-2.50256
-2.1633
-2.1633

1.85081
-1.85081
-1.92334
-1.99242
-2.02119
-1.98997
-2.07969
-2.05547
-2.04752
-2.03361
-1.96179
-1.9189
-1.91294
-1.98861
-2.1293
-2.2743
-2.3799
-2.68232
-2.69396
-2.40536
-2.08444
-2.08444

1.85542
-1.85542
-1.93429
-1.99763
-2.02575
-1.99178
-2.07674
-2.05535
-2.04635
-2.0331
-1.9623
-1.9201
-1.91478
-1.9868
-2.12638
-2.27127
-2.38555
-2.69384
-2.70483
-2.40997
-2.08647
-2.08647

1.86096
-1.86096
-1.95019
-2.00433
-2.03246
-1.9942
-2.06711
-2.05177
-2.04177
-2.02912
-1.96104
-1.92004
-1.91671
-1.9815
-2.11748
-2.25987
-2.37494
-2.7088
-2.72466
-2.4174
-2.08783
-2.08783

1.86754
-1.86754
-1.96977
-2.01276
-2.04015
-2.01287
-2.06097
-2.04695
-2.03462
-2.02228
-1.95865
-1.91904
-1.91754
-1.97247
-2.10299
-2.24078
-2.34845
-2.72463
-2.75247
-2.42817
-2.08927
-2.08927

1.8746
-1.8746
-1.98995
-2.02212
-2.04783
-2.03992
-2.05916
-2.04155
-2.02504
-2.01287
-1.95508
-1.91665
-1.91444
-1.95806
-2.08236
-2.21357
-2.31892
-2.7398
-2.78613
-2.44183
-2.09085
-2.09085

1.8816
-1.8816
-2.00796
-2.03142
-2.05503
-2.06176
-2.05914
-2.03584
-2.01351
-2.00174
-1.95042
-1.91257
-1.90595
-1.93692
-2.05492
-2.17662
-2.28968
-2.75285
-2.82365
-2.45806
-2.09263
-2.09263

1.88815
-1.88815
-2.02241
-2.03974
-2.06142
-2.07408
-2.05921
-2.03012
-2.00069
-1.98992
-1.94491
-1.90678
-1.89278
-1.90826
-2.01973
-2.12595
-2.25283
-2.76025
-2.86301
-2.4766
-2.09471
-2.09471

1.89409
-1.89409
-2.0333
-2.04657
-2.06688
-2.07821
-2.05847
-2.02463
-1.98757
-1.9784
-1.93888
-1.89954
-1.87609
-1.87173
-1.97528
-2.05579
-2.196
-2.75793
-2.90246
-2.49718
-2.09717
-2.09717

1.89946
-1.89946
-2.04134
-2.05192
-2.07159
-2.07526
-2.0564
-2.01972
-1.97615
-1.9681
-1.93272
-1.89128
-1.85687
-1.82801
-1.91931
-1.95773
-2.0942
-2.74167
-2.94055
-2.51929
-2.10009
-2.10009

1.90438
-1.90438
-2.04739
-2.05616
-2.07612
-2.07007
-2.05395
-2.01595
-1.9688
-1.95985
-1.92681
-1.88244
-1.8362
-1.77973
-1.84867
-1.81214
-1.88009
-2.70167
-2.97575
-2.54202
-2.1035
-2.1035

1.90894
-1.90894
-2.05217
-2.05966
-2.08122
-2.07715
-2.05479
-2.01406
-1.96652
-1.95405
-1.92136
-1.8734
-1.81514
-1.73206
-1.75962
-1.59797
-1.425
-2.61586
-3.00627
-2.5637
-2.10727
-2.10727

1.91261
-1.91261
-2.05542
-2.06203
-2.08672
-2.09923
-2.06069
-2.01381
-1.968
-1.94986
-1.91582
-1.86388
-1.79421
-1.6901
-1.65235
-1.34952
-0.642405
-2.45593
-3.02785
-2.581
-2.11029
-2.11029

1.90989
-1.90989
-2.05138
-2.05748
-2.08651
-2.12047
-2.06392
-2.00907
-1.96597
-1.94121
-1.90495
-1.8495
-1.77063
-1.65364
-1.54279
-1.18152
0.250386
-2.24173
-3.02945
-2.58264
-2.10532
-2.10532

1.87141
-1.87141
-2.01042
-2.01571
-2.04778
-2.09663
-2.02877
-1.9692
-1.92925
-1.90032
-1.86332
-1.80751
-1.72636
-1.60908
-1.45985
-1.12392
0.700182
-2.09224
-2.97997
-2.52941
-2.05998
-2.05998

0
-1.87141
-2.01042
-2.01571
-2.04778
-2.09663
-2.02877
-1.9692
-1.92925
-1.90032
-1.86332
-1.80751
-1.72636
-1.60908
-1.45985
-1.12392
0.700182
-2.09224
-2.97997
-2.52941
-2.05998
0


0
1.93956
2.0292
2.08287
2.10981
2.08206
2.1555
2.14054
2.13099
2.11426
2.04809
2.00467
1.99825
2.06804
2.1999
2.33936
2.45746
2.77079
2.8019
2.51454
2.17932
0

1.93956
-1.93956
-2.0292
-2.08287
-2.10981
-2.08206
-2.1555
-2.14054
-2.13099
-2.11426
-2.04809
-2.00467
-1.99825
-2.06804
-2.1999
-2.33936
-2.45746
-2.77079
-2.8019
-2.51454
-2.17932
-2.17932

1.87554
-1.87554
-1.96009
-2.01133
-2.03664
-2.01195
-2.08212
-2.06618
-2.05665
-2.04107
-1.97756
-1.93664
-1.93113
-1.99813
-2.12566
-2.26014
-2.37444
-2.66997
-2.6943
-2.41836
-2.1006
-2.1006

1.8806
-1.8806
-1.96929
-2.01697
-2.04139
-2.0182
-2.08389
-2.06768
-2.05693
-2.04171
-1.97904
-1.93847
-1.93277
-1.99675
-2.12302
-2.25687
-2.37582
-2.67933
-2.70552
-2.42437
-2.10372
-2.10372

1.88577
-1.88577
-1.98116
-2.023
-2.04681
-2.02325
-2.08015
-2.06557
-2.05346
-2.03866
-1.97812
-1.93826
-1.93266
-1.99072
-2.11341
-2.24402
-2.36474
-2.68916
-2.72281
-2.43181
-2.10539
-2.10539

1.89167
-1.89167
-1.99557
-2.03018
-2.05337
-2.03368
-2.07573
-2.0617
-2.04757
-2.0331
-1.97588
-1.93684
-1.93097
-1.98062
-2.09772
-2.22237
-2.34015
-2.69864
-2.7467
-2.44206
-2.10689
-2.10689

1.89799
-1.89799
-2.01091
-2.03809
-2.06035
-2.04994
-2.07324
-2.05696
-2.03968
-2.02544
-1.97248
-1.93411
-1.92642
-1.96568
-2.07555
-2.19123
-2.30478
-2.70543
-2.77555
-2.45492
-2.10841
-2.10841

1.90437
-1.90437
-2.02546
-2.04607
-2.06716
-2.06669
-2.07248
-2.05185
-2.03027
-2.0163
-1.9681
-1.92991
-1.91803
-1.94504
-2.04623
-2.14898
-2.26043
-2.70756
-2.80772
-2.47009
-2.11009
-2.11009

1.91049
-1.91049
-2.03803
-2.05349
-2.07336
-2.07936
-2.07231
-2.0467
-2.01998
-2.00642
-1.96294
-1.92426
-1.90586
-1.91816
-2.00882
-2.09249
-2.20264
-2.7026
-2.84177
-2.48728
-2.11203
-2.11203

1.91619
-1.91619
-2.0482
-2.05992
-2.07876
-2.08657
-2.0719
-2.04178
-2.00966
-1.99663
-1.95731
-1.91737
-1.89055
-1.88494
-1.96198
-2.01681
-2.12084
-2.68729
-2.87654
-2.50621
-2.11433
-2.11433

1.92145
-1.92145
-2.05619
-2.06524
-2.08346
-2.08907
-2.07095
-2.0374
-2.00054
-1.98769
-1.95156
-1.90957
-1.87288
-1.84594
-1.90393
-1.91477
-1.99554
-2.65695
-2.91096
-2.52648
-2.1171
-2.1171

1.92637
-1.92637
-2.06251
-2.06965
-2.08789
-2.08995
-2.07012
-2.03404
-1.99402
-1.98028
-1.94605
-1.90127
-1.85372
-1.80277
-1.83256
-1.77491
-1.78533
-2.60356
-2.94386
-2.54748
-2.1204
-2.1204

1.93109
-1.93109
-2.06769
-2.07344
-2.09267
-2.09559
-2.07116
-2.03218
-1.99098
-1.97481
-1.94102
-1.89286
-1.83397
-1.75822
-1.74618
-1.58665
-1.41348
-2.51327
-2.9737
-2.5682
-2.1242
-2.1242

1.93511
-1.93511
-2.07147
-2.07622
-2.09765
-2.10969
-2.0752
-2.03155
-1.99074
-1.97067
-1.93603
-1.8841
-1.81407
-1.71544
-1.64694
-1.36699
-0.812257
-2.37029
-2.9969
-2.58598
-2.12752
-2.12752

1.933
-1.933
-2.06815
-2.07229
-2.09701
-2.1235
-2.07611
-2.02636
-1.98682
-1.96206
-1.92587
-1.87059
-1.79129
-1.67561
-1.54804
-1.18406
-0.0935089
-2.186
-3.00141
-2.58953
-2.12314
-2.12314

1.89515
-1.89515
-2.02804
-2.03136
-2.05855
-2.09666
-2.0401
-1.98643
-1.94891
-1.9212
-1.88469
-1.82902
-1.74705
-1.6275
-1.46865
-1.09273
0.334657
-2.0378
-2.95148
-2.53891
-2.07852
-2.07852

0
-1.89515
-2.02804
-2.03136
-2.05855
-2.09666
-2.0401
-1.98643
-1.94891
-1.9212
-1.88469
-1.82902
-1.74705
-1.6275
-1.46865
-1.09273
0.334657
-2.0378
-2.95148
-2.53891
-2.07852
0


0
1.96385
2.05377
2.09851
2.12267
2.09943
2.16492
2.15183
2.14131
2.12429
2.06217
2.01987
2.01235
2.07761
2.20165
2.33553
2.45744
2.75976
2.79476
2.52046
2.19329
0

1.96385
-1.96385
-2.05377
-2.09851
-2.12267
-2.09943
-2.16492
-2.15183
-2.14131
-2.12429
-2.06217
-2.01987
-2.01235
-2.07761
-2.20165
-2.33553
-2.45744
-2.75976
-2.79476
-2.52046
-2.19329
-2.19329

1.90187
-1.90187
-1.9869
-2.02909
-2.05188
-2.03052
-2.09218
-2.07892
-2.06861
-2.05267
-1.99354
-1.95376
-1.94725
-2.00921
-2.1282
-2.25609
-2.37283
-2.66101
-2.69131
-2.42726
-2.11661
-2.11661

1.90758
-1.90758
-1.99607
-2.03555
-2.05764
-2.03755
-2.09517
-2.0815
-2.07011
-2.05438
-1.99606
-1.95648
-1.94954
-2.00864
-2.12618
-2.25299
-2.37259
-2.67114
-2.70479
-2.43521
-2.12095
-2.12095

1.91254
-1.91254
-2.00627
-2.04129
-2.06268
-2.04363
-2.09344
-2.08007
-2.0673
-2.05187
-1.99546
-1.95635
-1.94888
-2.00254
-2.1164
-2.23942
-2.36004
-2.67961
-2.72199
-2.44315
-2.12294
-2.12294

1.91788
-1.91788
-2.01821
-2.04767
-2.06839
-2.05222
-2.09025
-2.07669
-2.06203
-2.04689
-1.99334
-1.95477
-1.9462
-1.99208
-2.1002
-2.21652
-2.33503
-2.68706
-2.74487
-2.45339
-2.12447
-2.12447

1.92353
-1.92353
-2.03091
-2.05455
-2.07448
-2.06419
-2.08769
-2.07226
-2.05491
-2.04001
-1.99005
-1.95184
-1.94091
-1.97691
-2.07734
-2.18348
-2.29753
-2.69153
-2.7724
-2.46601
-2.12591
-2.12591

1.92923
-1.92923
-2.0432
-2.06147
-2.08048
-2.07715
-2.08627
-2.06738
-2.04648
-2.0318
-1.98581
-1.94755
-1.93241
-1.95651
-2.0472
-2.13865
-2.24692
-2.6909
-2.80324
-2.48079
-2.12745
-2.12745

1.93476
-1.93476
-2.05413
-2.06796
-2.086
-2.08803
-2.08547
-2.06241
-2.03736
-2.02294
-1.98086
-1.94197
-1.92068
-1.9305
-2.00885
-2.07912
-2.17861
-2.68262
-2.83613
-2.49744
-2.12923
-2.12923

1.93996
-1.93996
-2.06328
-2.07367
-2.09084
-2.09525
-2.08471
-2.05765
-2.02834
-2.0141
-1.97549
-1.93527
-1.90613
-1.89888
-1.96109
-2.0006
-2.08239
-2.66326
-2.86998
-2.51567
-2.13135
-2.13135

1.94482
-1.94482
-2.07069
-2.0785
-2.09507
-2.09919
-2.08383
-2.05343
-2.02035
-2.00596
-1.97
-1.92777
-1.8894
-1.8622
-1.90249
-1.89718
-1.94071
-2.62791
-2.90378
-2.5351
-2.13391
-2.13391

1.94945
-1.94945
-2.07671
-2.08259
-2.09908
-2.10214
-2.08334
-2.05016
-2.01444
-1.99913
-1.96477
-1.91985
-1.87126
-1.82167
-1.83157
-1.76127
-1.72349
-2.56948
-2.93658
-2.5553
-2.13705
-2.13705

1.95404
-1.95404
-2.08184
-2.08624
-2.1034
-2.10802
-2.08446
-2.04829
-2.01134
-1.99403
-1.9601
-1.91193
-1.85252
-1.77925
-1.74765
-1.58743
-1.38425
-2.47825
-2.96724
-2.57564
-2.14083
-2.14083

1.95828
-1.95828
-2.08591
-2.08921
-2.10803
-2.1195
-2.08789
-2.04764
-2.01067
-1.99027
-1.9557
-1.90392
-1.83368
-1.73729
-1.65352
-1.387
-0.884451
-2.34571
-2.99287
-2.594
-2.1445
-2.1445

1.95701
-1.95701
-2.08353
-2.08612
-2.10755
-2.13016
-2.08818
-2.04281
-2.00654
-1.98245
-1.94666
-1.89165
-1.81216
-1.69712
-1.56058
-1.20543
-0.292513
-2.18204
-3.00116
-2.59938
-2.14116
-2.14116

1.92077
-1.92077
-2.0452
-2.04692
-2.07039
-2.10256
-2.05283
-2.0041
-1.96933
-1.94293
-1.90706
-1.85161
-1.76913
-1.6481
-1.48314
-1.09721
0.115171
-2.03902
-2.95339
-2.55163
-2.09836
-2.09836

0
-1.92077
-2.0452
-2.04692
-2.07039
-2.10256
-2.05283
-2.0041
-1.96933
-1.94293
-1.90706
-1.85161
-1.76913
-1.6481
-1.48314
-1.09721
0.115171
-2.03902
-2.95339
-2.55163
-2.09836
0


0
1.82183
1.9048
1.9461
1.96844
1.94594
2.00954
1.99689
1.98629
1.96954
1.90947
1.86794
1.85923
1.92222
2.0411
2.17098
2.29128
2.58069
2.61522
2.35464
2.03987
0

1.82183
-1.96385
-2.05377
-2.09851
-2.12267
-2.09943
-2.16492
-2.15183
-2.14131
-2.12429
-2.06217
-2.01987
-2.01235
-2.07761
-2.20165
-2.33553
-2.45744
-2.75976
-2.79476
-2.52046
-2.19329
-2.03987

1.76861
-1.90187
-1.9869
-2.02909
-2.05188
-2.03052
-2.09218
-2.07892
-2.06861
-2.05267
-1.99354
-1.95376
-1.94725
-2.00921
-2.1282
-2.25609
-2.37283
-2.66101
-2.69131
-2.42726
-2.11661
-1.9737

1.77361
-1.90758
-1.99607
-2.03555
-2.05764
-2.03755
-2.09517
-2.0815
-2.07011
-2.05438
-1.99606
-1.95648
-1.94954
-2.00864
-2.12618
-2.25299
-2.37259
-2.67114
-2.70479
-2.43521
-2.12095
-1.97732

1.77807
-1.91254
-2.00627
-2.04129
-2.06268
-2.04363
-2.09344
-2.08007
-2.0673
-2.05187
-1.99546
-1.95635
-1.94888
-2.00254
-2.1164
-2.23942
-2.36004
-2.67961
-2.72199
-2.44315
-2.12294
-1.97903

1.7829
-1.91788
-2.01821
-2.04767
-2.06839
-2.05222
-2.09025
-2.07669
-2.06203
-2.04689
-1.99334
-1.95477
-1.9462
-1.99208
-2.1002
-2.21652
-2.33503
-2.68706
-2.74487
-2.45339
-2.12447
-1.98036

1.78797
-1.92353
-2.03091
-2.05455
-2.07448
-2.06419
-2.08769
-2.07226
-2.05491
-2.04001
-1.99005
-1.95184
-1.94091
-1.97691
-2.07734
-2.18348
-2.29753
-2.69153
-2.7724
-2.46601
-2.12591
-1.98161

1.79307
-1.92923
-2.0432
-2.06147
-2.08048
-2.07715
-2.08627
-2.06738
-2.04648
-2.0318
-1.98581
-1.94755
-1.93241
-1.95651
-2.0472
-2.13865
-2.24692
-2.6909
-2.80324
-2.48079
-2.12745
-1.98296

1.79797
-1.93476
-2.05413
-2.06796
-2.086
-2.08803
-2.08547
-2.06241
-2.03736
-2.02294
-1.98086
-1.94197
-1.92068
-1.9305
-2.00885
-2.07912
-2.17861
-2.68262
-2.83613
-2.49744
-2.12923
-1.98452

1.80254
-1.93996
-2.06328
-2.07367
-2.09084
-2.09525
-2.08471
-2.05765
-2.02834
-2.0141
-1.97549
-1.93527
-1.90613
-1.89888
-1.96109
-2.0006
-2.08239
-2.66326
-2.86998
-2.51567
-2.13135
-1.98637

1.80677
-1.94482
-2.07069
-2.0785
-2.09507
-2.09919
-2.08383
-2.05343
-2.02035
-2.00596
-1.97
-1.92777
-1.8894
-1.8622
-1.90249
-1.89718
-1.94071
-2.62791
-2.90378
-2.5351
-2.13391
-1.98862

1.81077
-1.94945
-2.07671
-2.08259
-2.09908
-2.10214
-2.08334
-2.05016
-2.01444
-1.99913
-1.96477
-1.91985
-1.87126
-1.82167
-1.83157
-1.76127
-1.72349
-2.56948
-2.93658
-2.5553
-2.13705
-1.99135

1.81469
-1.95404
-2.08184
-2.08624
-2.1034
-2.10802
-2.08446
-2.04829
-2.01134
-1.99403
-1.9601
-1.91193
-1.85252
-1.77925
-1.74765
-1.58743
-1.38425
-2.47825
-2.96724
-2.57564
-2.14083
-1.99466

1.81836
-1.95828
-2.08591
-2.08921
-2.10803
-2.1195
-2.08789
-2.04764
-2.01067
-1.99027
-1.9557
-1.90392
-1.83368
-1.73729
-1.65352
-1.387
-0.884451
-2.34571
-2.99287
-2.594
-2.1445
-1.99798

1.81756
-1.95701
-2.08353
-2.08612
-2.10755
-2.13016
-2.08818
-2.04281
-2.00654
-1.98245
-1.94666
-1.89165
-1.81216
-1.69712
-1.56058
-1.20543
-0.292513
-2.18204
-3.00116
-2.59938
-2.14116
-1.99556

1.78594
-1.92077
-2.0452
-2.04692
-2.07039
-2.10256
-2.05283
-2.0041
-1.96933
-1.94293
-1.90706
-1.85161
-1.76913
-1.6481
-1.48314
-1.09721
0.115171
-2.03902
-2.95339
-2.55163
-2.09836
-1.958

0
-1.78594
-1.90062
-1.90132
-1.92202
-1.95116
-1.90533
-1.86074
-1.82882
-1.80369
-1.76846
-1.71318
-1.63024
-1.50813
-1.3404
-0.964727
0.185907
-1.92779
-2.80893
-2.40539
-1.958
0


0
0
0
0
0
0
0
0
0
0
0
0
0
0
0
0
0
0
0
0
0
0

0
0
0
0
0
0
0
0
0
0
0
0
0
0
0
0
0
0
0
0
0
0

0
0
0
0
0
0
0
0
0
0
0
0
0
0
0
0
0
0
0
0
0
0

0
0
0
0
0
0
0
0
0
0
0
0
0
0
0
0
0
0
0
0
0
0

0
0
0
0
0
0
0
0
0
0
0
0
0
0
0
0
0
0
0
0
0
0

0
0
0
0
0
0
0
0
0
0
0
0
0
0
0
0
0
0
0
0
0
0

0
0
0
0
0
0
0
0
0
0
0
0
0
0
0
0
0
0
0
0
0
0

0
0
0
0
0
0
0
0
0
0
0
0
0
0
0
0
0
0
0
0
0
0

0
0
0
0
0
0
0
0
0
0
0
0
0
0
0
0
0
0
0
0
0
0

0
0
0
0
0
0
0
0
0
0
0
0
0
0
0
0
0
0
0
0
0
0

0
0
0
0
0
0
0
0
0
0
0
0
0
0
0
0
0
0
0
0
0
0

0
0
0
0
0
0
0
0
0
0
0
0
0
0
0
0
0
0
0
0
0
0

0
0
0
0
0
0
0
0
0
0
0
0
0
0
0
0
0
0
0
0
0
0

0
0
0
0
0
0
0
0
0
0
0
0
0
0
0
0
0
0
0
0
0
0

0
0
0
0
0
0
0
0
0
0
0
0
0
0
0
0
0
0
0
0
0
0

0
0
0
0
0
0
0
0
0
0
0
0
0
0
0
0
0
0
0
0
0
0

0
0
0
0
0
0
0
0
0
0
0
0
0
0
0
0
0
0
0
0
0
0


