0
0
0
0
0
0
0
0
0
0
0
0
0
0
0
0
0
0
0
0
0
0

0
-19273.2
-19287.3
-19287.7
-19301.8
-19321.2
-19348
-19379.6
-19416.8
-19458.9
-19500.9
-19561.8
-19601.2
-19621.9
-19574.4
-19333.7
-18594.1
-16861.2
-17293.6
-60825.3
328606
0

0
-19273.3
-19285.2
-19287.9
-19302.3
-19321.8
-19348.3
-19380
-19417.3
-19459.4
-19504
-19560.3
-19602.8
-19625.5
-19583.8
-19359.4
-18667.6
-17048.2
-17139.5
-55576.3
350308
0

0
-19273.4
-19283.2
-19287.9
-19302.9
-19322.3
-19348.8
-19380.5
-19417.8
-19460.2
-19506.1
-19560.4
-19605.6
-19632.1
-19601.6
-19408.5
-18806.3
-17432.8
-17417.7
-40229.6
304779
0

0
-19273.6
-19281.9
-19287.8
-19303.8
-19322.9
-19349.3
-19381.2
-19418.5
-19461.1
-19507.8
-19561.6
-19609.6
-19641.5
-19627.1
-19478.8
-19006.7
-17991.5
-18347.9
-33971.8
181226
0

0
-19273.7
-19281.1
-19288.4
-19303.4
-19323.5
-19349.9
-19381.8
-19419.2
-19461.8
-19509.3
-19563.4
-19614.2
-19653.5
-19659.1
-19566.4
-19252.2
-18673.9
-19763.4
-33468.2
43228.4
0

0
-19274
-19280.7
-19288.9
-19304
-19324.2
-19350.6
-19382.6
-19420.1
-19462.8
-19510.8
-19565.8
-19619.6
-19668.5
-19696.1
-19667.1
-19529.5
-19422.1
-21365
-34542.4
-10826.5
0

0
-19274.4
-19280.6
-19289.5
-19304.7
-19324.9
-19351.4
-19383.4
-19421
-19464
-19512.2
-19568.6
-19625.6
-19683.6
-19736.5
-19775.8
-19823.4
-20184.8
-22939.3
-35852.9
-35989
0

0
-19274.8
-19280.8
-19290.1
-19305.4
-19325.7
-19352.2
-19384.4
-19422
-19465.1
-19513.4
-19571.8
-19632
-19699.5
-19778.5
-19887.7
-20119.7
-20923
-24375
-36933.1
-47832.5
0

0
-19275.4
-19281.2
-19290.8
-19306.2
-19326.6
-19353.1
-19385.4
-19423
-19466.3
-19514.4
-19575.5
-19638.4
-19715.4
-19820.3
-19997.9
-20406
-21611.4
-25529.7
-37656.1
-52240.7
0

0
-19276.1
-19281.7
-19291.5
-19307
-19327.6
-19354.1
-19386.4
-19424.1
-19467.6
-19516.9
-19577.6
-19644.7
-19730.8
-19860
-20101.9
-20671.8
-22236.5
-26541.2
-38074.5
-53012.5
0

0
-19276.9
-19282.5
-19292.3
-19308
-19328.7
-19355.2
-19387.6
-19425.3
-19469
-19519
-19580
-19650.5
-19745
-19896.2
-20195.6
-20908.1
-22786.8
-27353.3
-38276.5
-52292.5
0

0
-19277.8
-19283.3
-19293
-19309
-19329.8
-19356.3
-19388.8
-19426.6
-19470.3
-19520.7
-19582.4
-19656.1
-19757.4
-19927.3
-20275.4
-21108
-23270.1
-27976.6
-38347
-51138.2
0

0
-19278.8
-19284.2
-19295.4
-19310.2
-19331
-19357.4
-19390
-19428
-19471.7
-19523.5
-19584.6
-19660.5
-19767.5
-19952.3
-20338.5
-21266.8
-23704.2
-28429.4
-38351
-50048.5
0

0
-19279.9
-19285.3
-19296.4
-19311.4
-19332.2
-19359
-19391.2
-19429.2
-19473.2
-19525
-19586.6
-19663.9
-19775
-19970.1
-20382.5
-21387.8
-24153
-28727.2
-38332.2
-49241.5
0

0
-19281.2
-19286.3
-19297.7
-19312.7
-19333.5
-19360.2
-19392.5
-19430.5
-19474.6
-19526.5
-19588.3
-19666.4
-19779.6
-19980.1
-20405.5
-21471.5
-24415.9
-28884.1
-38318.1
-48812.8
0

0
0
0
0
0
0
0
0
0
0
0
0
0
0
0
0
0
0
0
0
0
0


0
-19273.2
-19287.3
-19287.7
-19301.8
-19321.2
-19348
-19379.6
-19416.8
-19458.9
-19500.9
-19561.8
-19601.2
-19621.9
-19574.4
-19333.7
-18594.1
-16861.2
-17293.6
-60825.3
328606
0

19273.2
-19273.2
-19287.3
-19287.7
-19301.8
-19321.2
-19348
-19379.6
-19416.8
-19458.9
-19500.9
-19561.8
-19601.2
-19621.9
-19574.4
-19333.7
-18594.1
-16861.2
-17293.6
-60825.3
328606
328606

19273.3
-19273.3
-19285.2
-19287.9
-19302.3
-19321.8
-19348.3
-19380
-19417.3
-19459.4
-19504
-19560.3
-19602.8
-19625.5
-19583.8
-19359.4
-18667.6
-17048.2
-17139.5
-55576.3
350308
350308

19273.4
-19273.4
-19283.2
-19287.9
-19302.9
-19322.3
-19348.8
-19380.5
-19417.8
-19460.2
-19506.1
-19560.4
-19605.6
-19632.1
-19601.6
-19408.5
-18806.3
-17432.8
-17417.7
-40229.6
304779
304779

19273.6
-19273.6
-19281.9
-19287.8
-19303.8
-19322.9
-19349.3
-19381.2
-19418.5
-19461.1
-19507.8
-19561.6
-19609.6
-19641.5
-19627.1
-19478.8
-19006.7
-17991.5
-18347.9
-33971.8
181226
181226

19273.7
-19273.7
-19281.1
-19288.4
-19303.4
-19323.5
-19349.9
-19381.8
-19419.2
-19461.8
-19509.3
-19563.4
-19614.2
-19653.5
-19659.1
-19566.4
-19252.2
-18673.9
-19763.4
-33468.2
43228.4
43228.4

19274
-19274
-19280.7
-19288.9
-19304
-19324.2
-19350.6
-19382.6
-19420.1
-19462.8
-19510.8
-19565.8
-19619.6
-19668.5
-19696.1
-19667.1
-19529.5
-19422.1
-21365
-34542.4
-10826.5
-10826.5

19274.4
-19274.4
-19280.6
-19289.5
-19304.7
-19324.9
-19351.4
-19383.4
-19421
-19464
-19512.2
-19568.6
-19625.6
-19683.6
-19736.5
-19775.8
-19823.4
-20184.8
-22939.3
-35852.9
-35989
-35989

19274.8
-19274.8
-19280.8
-19290.1
-19305.4
-19325.7
-19352.2
-19384.4
-19422
-19465.1
-19513.4
-19571.8
-19632
-19699.5
-19778.5
-19887.7
-20119.7
-20923
-24375
-36933.1
-47832.5
-47832.5

19275.4
-19275.4
-19281.2
-19290.8
-19306.2
-19326.6
-19353.1
-19385.4
-19423
-19466.3
-19514.4
-19575.5
-19638.4
-19715.4
-19820.3
-19997.9
-20406
-21611.4
-25529.7
-37656.1
-52240.7
-52240.7

19276.1
-19276.1
-19281.7
-19291.5
-19307
-19327.6
-19354.1
-19386.4
-19424.1
-19467.6
-19516.9
-19577.6
-19644.7
-19730.8
-19860
-20101.9
-20671.8
-22236.5
-26541.2
-38074.5
-53012.5
-53012.5

19276.9
-19276.9
-19282.5
-19292.3
-19308
-19328.7
-19355.2
-19387.6
-19425.3
-19469
-19519
-19580
-19650.5
-19745
-19896.2
-20195.6
-20908.1
-22786.8
-27353.3
-38276.5
-52292.5
-52292.5

19277.8
-19277.8
-19283.3
-19293
-19309
-19329.8
-19356.3
-19388.8
-19426.6
-19470.3
-19520.7
-19582.4
-19656.1
-19757.4
-19927.3
-20275.4
-21108
-23270.1
-27976.6
-38347
-51138.2
-51138.2

19278.8
-19278.8
-19284.2
-19295.4
-19310.2
-19331
-19357.4
-19390
-19428
-19471.7
-19523.5
-19584.6
-19660.5
-19767.5
-19952.3
-20338.5
-21266.8
-23704.2
-28429.4
-38351
-50048.5
-50048.5

19279.9
-19279.9
-19285.3
-19296.4
-19311.4
-19332.2
-19359
-19391.2
-19429.2
-19473.2
-19525
-19586.6
-19663.9
-19775
-19970.1
-20382.5
-21387.8
-24153
-28727.2
-38332.2
-49241.5
-49241.5

19281.2
-19281.2
-19286.3
-19297.7
-19312.7
-19333.5
-19360.2
-19392.5
-19430.5
-19474.6
-19526.5
-19588.3
-19666.4
-19779.6
-19980.1
-20405.5
-21471.5
-24415.9
-28884.1
-38318.1
-48812.8
-48812.8

0
-19281.2
-19286.3
-19297.7
-19312.7
-19333.5
-19360.2
-19392.5
-19430.5
-19474.6
-19526.5
-19588.3
-19666.4
-19779.6
-19980.1
-20405.5
-21471.5
-24415.9
-28884.1
-38318.1
-48812.8
0


0
-19274
-19293.5
-19288.8
-19302.7
-19322.4
-19349
-19380.7
-19417.9
-19460
-19504.5
-19560.4
-19602.1
-19622.8
-19574.4
-19329.5
-18560.5
-16588.8
-15744.6
-85082
330248
0

19274
-19274
-19293.5
-19288.8
-19302.7
-19322.4
-19349
-19380.7
-19417.9
-19460
-19504.5
-19560.4
-19602.1
-19622.8
-19574.4
-19329.5
-18560.5
-16588.8
-15744.6
-85082
330248
330248

19274.2
-19274.2
-19286.9
-19288.9
-19303.1
-19322.9
-19349.4
-19381.1
-19418.4
-19460.6
-19506
-19560.4
-19603.7
-19626.4
-19583.7
-19355.1
-18634.3
-16785.3
-15514.8
-80539.6
527910
527910

19274.3
-19274.3
-19284
-19289
-19303.6
-19323.4
-19349.8
-19381.6
-19418.9
-19461.3
-19507.6
-19561.1
-19606.5
-19633.1
-19601.6
-19404.5
-18777.2
-17204.5
-15879.4
-49288.6
217276
217276

19274.5
-19274.5
-19282.6
-19289.1
-19304.1
-19324
-19350.4
-19382.2
-19419.6
-19462.1
-19509
-19562.4
-19610.3
-19642.6
-19627.1
-19475
-18980.6
-17811.6
-17260.7
-37827.6
82768.5
82768.5

19274.7
-19274.7
-19281.9
-19289.5
-19304.5
-19324.6
-19351
-19382.9
-19420.3
-19463
-19510.5
-19564.3
-19615
-19654.7
-19659.1
-19563
-19230.2
-18539.2
-19073
-35684.7
-8340.75
-8340.75

19275
-19275
-19281.5
-19290
-19305
-19325.3
-19351.7
-19383.7
-19421.2
-19464
-19512
-19566.7
-19620.5
-19669
-19696.2
-19663.9
-19510.8
-19322.3
-20939.3
-35823.5
-40321.8
-40321.8

19275.4
-19275.4
-19281.5
-19290.6
-19305.7
-19326
-19352.5
-19384.5
-19422.1
-19465.1
-19513.5
-19569.5
-19626.6
-19684.3
-19736.6
-19772.9
-19807.3
-20109.3
-22668.3
-36615.9
-52158.7
-52158.7

19275.8
-19275.8
-19281.8
-19291.2
-19306.4
-19326.8
-19353.3
-19385.4
-19423.1
-19466.3
-19514.9
-19572.5
-19633
-19700.3
-19778.5
-19884.9
-20105.4
-20863
-24176.5
-37353.8
-56166.9
-56166.9

19276.4
-19276.4
-19282.2
-19291.9
-19307.2
-19327.7
-19354.2
-19386.4
-19424.1
-19467.5
-19516.5
-19575.6
-19639.4
-19716.3
-19820.3
-19995.3
-20392.7
-21558.3
-25429.9
-37860.4
-56463.4
-56463.4

19277.1
-19277.1
-19282.8
-19292.7
-19308.1
-19328.7
-19355.2
-19387.5
-19425.2
-19468.8
-19518.4
-19578.3
-19645.7
-19731.7
-19860.1
-20099.3
-20658.7
-22185.7
-26460.1
-38146.6
-55081.7
-55081.7

19278
-19278
-19283.5
-19293.5
-19309
-19329.8
-19356.3
-19388.7
-19426.4
-19470.1
-19520.4
-19580.9
-19651.7
-19745.9
-19896.2
-20193
-20894.4
-22731.9
-27282.6
-38274.6
-53265.8
-53265.8

19278.9
-19278.9
-19284.4
-19294.6
-19310.1
-19330.9
-19357.4
-19390.2
-19427.7
-19471.5
-19522.3
-19583.3
-19657.2
-19758.2
-19927.4
-20272.9
-21092.2
-23195.3
-27913.2
-38307
-51568.2
-51568.2

19279.9
-19279.9
-19285.3
-19296
-19311.2
-19332.1
-19358.6
-19391.1
-19429
-19472.9
-19524.3
-19585.6
-19661.5
-19768.4
-19952.4
-20336.1
-21244
-23572.4
-28370.2
-38292.8
-50214.6
-50214.6

19281
-19281
-19286.4
-19297.3
-19312.5
-19333.3
-19359.9
-19392.3
-19430.3
-19474.3
-19526
-19587.6
-19664.9
-19775.8
-19970.2
-20380.4
-21353.9
-23857.7
-28668.7
-38265.8
-49286.9
-49286.9

19282.3
-19282.3
-19287.6
-19298.6
-19313.8
-19334.6
-19361.3
-19393.6
-19431.6
-19475.7
-19527.5
-19589.4
-19667.4
-19780.4
-19980.2
-20404
-21426.1
-24038
-28818.8
-38246.4
-48811.6
-48811.6

0
-19282.3
-19287.6
-19298.6
-19313.8
-19334.6
-19361.3
-19393.6
-19431.6
-19475.7
-19527.5
-19589.4
-19667.4
-19780.4
-19980.2
-20404
-21426.1
-24038
-28818.8
-38246.4
-48811.6
0


0
-19274.7
-19287.3
-19289.6
-19303.6
-19323.6
-19350
-19381.8
-19419
-19461.3
-19507
-19560.2
-19603
-19623.5
-19573.6
-19321.3
-18501.8
-16075.5
-11624.6
-132515
150685
0

19274.7
-19274.7
-19287.3
-19289.6
-19303.6
-19323.6
-19350
-19381.8
-19419
-19461.3
-19507
-19560.2
-19603
-19623.5
-19573.6
-19321.3
-18501.8
-16075.5
-11624.6
-132515
150685
150685

19275
-19275
-19285.5
-19289.8
-19304
-19324.1
-19350.5
-19382.2
-19419.5
-19461.8
-19507.9
-19560.8
-19604.6
-19627.1
-19582.9
-19347
-18577.6
-16277.4
-10703.4
-163463
990561
990561

19275.2
-19275.2
-19284
-19290
-19304.5
-19324.5
-19350.9
-19382.8
-19420.1
-19462.5
-19509.1
-19561.7
-19607.3
-19633.8
-19600.8
-19396.8
-18725.9
-16778.9
-12079.3
-65896.2
603064
603064

19275.4
-19275.4
-19283
-19290.3
-19305
-19325.1
-19351.5
-19383.4
-19420.7
-19463.3
-19510.4
-19563.2
-19611.2
-19643.5
-19626.4
-19467.9
-18935.7
-17487.1
-14906.9
-42467.2
-61681.4
-61681.4

19275.6
-19275.6
-19282.5
-19290.6
-19305.5
-19325.7
-19352.1
-19384
-19421.5
-19464.2
-19511.8
-19565.2
-19615.9
-19655.6
-19658.5
-19556.4
-19191.9
-18300.4
-17687.5
-37632
-106122
-106122

19275.9
-19275.9
-19282.4
-19291.1
-19306.1
-19326.4
-19352.8
-19384.8
-19422.3
-19465.2
-19513.3
-19567.6
-19621.4
-19669.6
-19695.6
-19657.8
-19478.3
-19146.9
-20121.1
-37023.9
-95914.9
-95914.9

19276.4
-19276.4
-19282.4
-19291.6
-19306.7
-19327.2
-19353.6
-19385.6
-19423.2
-19466.3
-19514.8
-19570.3
-19627.5
-19685
-19736
-19767.3
-19779.2
-19977.6
-22164.8
-37387.9
-80590.1
-80590.1

19276.9
-19276.9
-19282.7
-19292.3
-19307.5
-19328
-19354.4
-19386.6
-19424.2
-19467.4
-19516.4
-19573.2
-19633.9
-19701
-19778
-19879.7
-20080.7
-20760.3
-23845.3
-37778.7
-70166.6
-70166.6

19277.5
-19277.5
-19283.2
-19293
-19308.3
-19328.9
-19355.4
-19387.6
-19425.2
-19468.7
-19518
-19576.2
-19640.4
-19717
-19819.8
-19990.3
-20370.4
-21474.6
-25205.3
-38037.2
-63151.3
-63151.3

19278.2
-19278.2
-19283.8
-19293.8
-19309.2
-19329.9
-19356.3
-19388.6
-19426.3
-19469.9
-19519.9
-19579.1
-19646.7
-19732.4
-19859.6
-20094.6
-20637.8
-22108.6
-26293.4
-38168.9
-58233.9
-58233.9

19279
-19279
-19284.6
-19294.7
-19310.1
-19330.9
-19357.4
-19389.8
-19427.5
-19471.3
-19521.7
-19581.8
-19652.6
-19746.6
-19895.8
-20188.4
-20874.2
-22653.9
-27148.2
-38211.3
-54708.9
-54708.9

19280
-19280
-19285.5
-19295.7
-19311.2
-19332
-19358.5
-19391
-19428.8
-19472.6
-19523.6
-19584.3
-19657.9
-19758.9
-19927
-20268.4
-21072.3
-23104.7
-27798.9
-38201.8
-52184
-52184

19281
-19281
-19286.4
-19297
-19312.3
-19333.2
-19359.7
-19392.2
-19430
-19474
-19525.4
-19586.6
-19662.4
-19769
-19952
-20331.6
-21226.9
-23453.6
-28268.4
-38170.1
-50433.4
-50433.4

19282.1
-19282.1
-19287.5
-19298.2
-19313.6
-19334.4
-19361
-19393.4
-19431.3
-19475.4
-19527.1
-19588.7
-19665.9
-19776.5
-19969.8
-20375.9
-21335.8
-23688.1
-28573.8
-38137.4
-49323.6
-49323.6

19283.4
-19283.4
-19288.7
-19299.5
-19314.9
-19335.7
-19362.4
-19394.7
-19432.7
-19476.9
-19528.6
-19590.4
-19668.4
-19781.1
-19979.8
-20399.9
-21398.7
-23803.9
-28727
-38116.5
-48778.4
-48778.4

0
-19283.4
-19288.7
-19299.5
-19314.9
-19335.7
-19362.4
-19394.7
-19432.7
-19476.9
-19528.6
-19590.4
-19668.4
-19781.1
-19979.8
-20399.9
-21398.7
-23803.9
-28727
-38116.5
-48778.4
0


0
-19275.4
-19285
-19290.4
-19304.6
-19324.8
-19351.2
-19382.9
-19420.2
-19462.5
-19508.8
-19560.6
-19603.8
-19624
-19572.3
-19310.7
-18432.2
-15441.9
-3459.2
-155333
-2.07366e+06
0

19275.4
-19275.4
-19285
-19290.4
-19304.6
-19324.8
-19351.2
-19382.9
-19420.2
-19462.5
-19508.8
-19560.6
-19603.8
-19624
-19572.3
-19310.7
-18432.2
-15441.9
-3459.2
-155333
-2.07366e+06
-2.07366e+06

19275.7
-19275.7
-19284.5
-19290.7
-19305
-19325.2
-19351.6
-19383.4
-19420.7
-19463.1
-19509.6
-19561.3
-19605.4
-19627.7
-19581.6
-19336.7
-18510.1
-15602.6
2840.72
-614843
-3.7204e+06
-3.7204e+06

19276
-19276
-19283.9
-19291
-19305.5
-19325.7
-19352.1
-19383.9
-19421.3
-19463.7
-19510.6
-19562.5
-19608.2
-19634.5
-19599.6
-19386.9
-18664.4
-16257.6
-4938.97
-23391.6
-1.95675e+06
-1.95675e+06

19276.2
-19276.2
-19283.4
-19291.3
-19306
-19326.2
-19352.6
-19384.5
-19421.9
-19464.5
-19511.8
-19564.1
-19612
-19644.1
-19625.2
-19458.5
-18881.5
-17103
-11408.2
-27497.7
-194439
-194439

19276.6
-19276.6
-19283.2
-19291.7
-19306.5
-19326.9
-19353.3
-19385.2
-19422.6
-19465.4
-19513.1
-19566.1
-19616.8
-19656.2
-19657.3
-19547.7
-19144.8
-18018
-15832
-33273.9
-259091
-259091

19276.9
-19276.9
-19283.2
-19292.2
-19307.1
-19327.6
-19354
-19386
-19423.5
-19466.4
-19514.6
-19568.6
-19622.4
-19670.2
-19694.5
-19649.7
-19437.5
-18935.4
-19058.4
-35902
-158233
-158233

19277.4
-19277.4
-19283.4
-19292.7
-19307.8
-19328.3
-19354.7
-19386.8
-19424.4
-19467.5
-19516.1
-19571.3
-19628.4
-19685.6
-19735
-19759.8
-19743.6
-19814.7
-21505
-37064.9
-107408
-107408

19277.9
-19277.9
-19283.7
-19293.4
-19308.6
-19329.1
-19355.6
-19387.7
-19425.3
-19468.6
-19517.8
-19574.1
-19634.8
-19701.6
-19777.1
-19872.7
-20049.2
-20630.3
-23402.5
-37604.3
-82044.6
-82044.6

19278.6
-19278.6
-19284.2
-19294.1
-19309.4
-19330
-19356.5
-19388.7
-19426.4
-19469.9
-19519.5
-19577.1
-19641.3
-19717.6
-19818.9
-19983.8
-20341.8
-21366
-24889
-37853.6
-68629.6
-68629.6

19279.3
-19279.3
-19284.9
-19294.9
-19310.3
-19331
-19357.5
-19389.7
-19427.5
-19471.2
-19521.2
-19580
-19647.6
-19733
-19858.7
-20088.3
-20611.3
-22011.8
-26053.7
-37957.4
-60772.6
-60772.6

19280.1
-19280.1
-19285.7
-19295.9
-19311.3
-19332
-19358.6
-19390.9
-19428.7
-19472.5
-19523
-19582.7
-19653.5
-19747.2
-19895
-20182.4
-20849
-22560.9
-26956.7
-37986.3
-55818.7
-55818.7

19281.1
-19281.1
-19286.6
-19296.9
-19312.3
-19333.2
-19359.7
-19392
-19429.9
-19473.8
-19524.8
-19585.3
-19658.8
-19759.6
-19926.2
-20262.5
-21048
-23007.9
-27638.8
-37978.4
-52593.6
-52593.6

19282.1
-19282.1
-19287.6
-19298
-19313.5
-19334.3
-19360.9
-19393.2
-19431.2
-19475.2
-19526.6
-19587.7
-19663.3
-19769.7
-19951.2
-20325.8
-21203.3
-23347.3
-28128.8
-37956.2
-50508
-50508

19283.3
-19283.3
-19288.7
-19299.3
-19314.7
-19335.6
-19362.2
-19394.5
-19432.5
-19476.6
-19528.2
-19589.7
-19666.8
-19777.1
-19969
-20370.2
-21311.6
-23574.9
-28446.7
-37933.7
-49247.1
-49247.1

19284.5
-19284.5
-19289.9
-19300.6
-19316
-19336.9
-19363.5
-19395.8
-19433.8
-19478
-19529.8
-19591.5
-19669.3
-19781.7
-19979
-20394.1
-21370.6
-23696.5
-28605.3
-37919.3
-48645.7
-48645.7

0
-19284.5
-19289.9
-19300.6
-19316
-19336.9
-19363.5
-19395.8
-19433.8
-19478
-19529.8
-19591.5
-19669.3
-19781.7
-19979
-20394.1
-21370.6
-23696.5
-28605.3
-37919.3
-48645.7
0


0
-19276.2
-19284.1
-19291.2
-19305.6
-19326
-19352.4
-19384.1
-19421.4
-19463.8
-19510.5
-19561.3
-19604.7
-19624.6
-19570.7
-19299.6
-18369.8
-15008.6
1562.11
-8198.95
-1.38005e+06
0

19276.2
-19276.2
-19284.1
-19291.2
-19305.6
-19326
-19352.4
-19384.1
-19421.4
-19463.8
-19510.5
-19561.3
-19604.7
-19624.6
-19570.7
-19299.6
-18369.8
-15008.6
1562.11
-8198.95
-1.38005e+06
-1.38005e+06

19276.5
-19276.5
-19284.1
-19291.6
-19306
-19326.4
-19352.8
-19384.6
-19421.9
-19464.3
-19511.1
-19562.1
-19606.3
-19628.2
-19580.1
-19325.7
-18449.8
-15212
8169.6
-121677
-1.41728e+06
-1.41728e+06

19276.8
-19276.8
-19284
-19291.9
-19306.5
-19326.8
-19353.3
-19385.1
-19422.5
-19465
-19512.1
-19563.3
-19609.1
-19635
-19598
-19376.3
-18607.7
-15903.4
-1629.06
55994.8
-2.00149e+06
-2.00149e+06

19277.2
-19277.2
-19283.8
-19292.3
-19307
-19327.4
-19353.8
-19385.7
-19423.1
-19465.8
-19513.2
-19565
-19613
-19644.7
-19623.7
-19448.4
-18829.5
-16806.7
-9172.35
-773.012
-694522
-694522

19277.5
-19277.5
-19283.8
-19292.7
-19307.6
-19328
-19354.4
-19386.4
-19423.9
-19466.7
-19514.5
-19567.1
-19617.8
-19656.7
-19655.9
-19538.1
-19097.8
-17776
-14403.2
-23542.8
-319090
-319090

19277.9
-19277.9
-19284
-19293.3
-19308.2
-19328.7
-19355.2
-19387.1
-19424.7
-19467.7
-19515.9
-19569.6
-19623.3
-19670.8
-19693.1
-19640.7
-19395.1
-18737.6
-18111.5
-32036.5
-175226
-175226

19278.4
-19278.4
-19284.3
-19293.8
-19308.9
-19329.5
-19355.9
-19388
-19425.6
-19468.7
-19517.5
-19572.3
-19629.4
-19686.1
-19733.7
-19751.3
-19705.5
-19651.1
-20842.4
-35265.4
-116631
-116631

19279
-19279
-19284.7
-19294.5
-19309.7
-19330.3
-19356.8
-19388.9
-19426.5
-19469.9
-19519.1
-19575.1
-19635.8
-19702.1
-19775.9
-19864.8
-20014.7
-20492.7
-22915.6
-36562.3
-87208.1
-87208.1

19279.7
-19279.7
-19285.3
-19295.2
-19310.5
-19331.2
-19357.7
-19389.9
-19427.6
-19471.1
-19520.8
-19578.1
-19642.3
-19718.2
-19817.7
-19976.2
-20310.2
-21247.5
-24517.9
-37127.8
-71045.7
-71045.7

19280.4
-19280.4
-19286
-19296.1
-19311.4
-19332.2
-19358.7
-19390.9
-19428.7
-19472.4
-19522.6
-19581
-19648.6
-19733.6
-19857.7
-20081.2
-20581.9
-21906.1
-25762.5
-37396.9
-61689.6
-61689.6

19281.3
-19281.3
-19286.8
-19297
-19312.4
-19333.2
-19359.8
-19392
-19429.9
-19473.7
-19524.3
-19583.8
-19654.5
-19747.8
-19894
-20175.5
-20821.2
-22462.3
-26721.6
-37532.7
-56023.6
-56023.6

19282.2
-19282.2
-19287.7
-19298
-19313.5
-19334.3
-19360.9
-19393.2
-19431.1
-19475.1
-19526.1
-19586.4
-19659.8
-19760.1
-19925.2
-20255.8
-21021.3
-22911.9
-27443.4
-37601.9
-52485
-52485

19283.3
-19283.3
-19288.8
-19299.2
-19314.6
-19335.5
-19362.1
-19394.4
-19432.3
-19476.5
-19527.8
-19588.8
-19664.2
-19770.2
-19950.2
-20319.2
-21177.1
-23251.8
-27960.6
-37635.5
-50273.1
-50273.1

19284.4
-19284.4
-19289.9
-19300.4
-19315.9
-19336.8
-19363.3
-19395.6
-19433.6
-19477.8
-19529.4
-19590.8
-19667.8
-19777.7
-19968
-20363.6
-21285
-23480.7
-28295.4
-37650.2
-48969
-48969

19285.7
-19285.7
-19291.1
-19301.7
-19317.2
-19338.1
-19364.7
-19397
-19435
-19479.2
-19530.9
-19592.6
-19670.3
-19782.3
-19978
-20387.5
-21342.6
-23600.7
-28462
-37655
-48358.1
-48358.1

0
-19285.7
-19291.1
-19301.7
-19317.2
-19338.1
-19364.7
-19397
-19435
-19479.2
-19530.9
-19592.6
-19670.3
-19782.3
-19978
-20387.5
-21342.6
-23600.7
-28462
-37655
-48358.1
0


0
-19277
-19284
-19292.2
-19306.7
-19327.2
-19353.6
-19385.3
-19422.7
-19465.1
-19512
-19562.2
-19605.7
-19625.1
-19569.1
-19289.3
-18325.4
-14905.9
-49.6288
15794.7
80441.4
0

19277
-19277
-19284
-19292.2
-19306.7
-19327.2
-19353.6
-19385.3
-19422.7
-19465.1
-19512
-19562.2
-19605.7
-19625.1
-19569.1
-19289.3
-18325.4
-14905.9
-49.6288
15794.7
80441.4
80441.4

19277.4
-19277.4
-19284.2
-19292.5
-19307.2
-19327.6
-19354
-19385.8
-19423.1
-19465.6
-19512.6
-19563
-19607.3
-19628.8
-19578.5
-19315.6
-18406.5
-15158.7
2414.71
9446.5
1.2534e+06
1.2534e+06

19277.7
-19277.7
-19284.3
-19292.9
-19307.6
-19328.1
-19354.5
-19386.3
-19423.7
-19466.3
-19513.5
-19564.3
-19610.1
-19635.6
-19596.5
-19366.3
-18564.9
-15805.4
-3758.59
29457.7
-54604.3
-54604.3

19278.1
-19278.1
-19284.4
-19293.4
-19308.2
-19328.6
-19355
-19386.9
-19424.4
-19467.1
-19514.6
-19566
-19613.9
-19645.2
-19622.2
-19438.7
-18787.5
-16670.6
-9460.16
-4243.98
-205984
-205984

19278.5
-19278.5
-19284.6
-19293.8
-19308.8
-19329.3
-19355.7
-19387.6
-19425.1
-19467.9
-19515.8
-19568.2
-19618.7
-19657.3
-19654.5
-19528.8
-19057.2
-17624.5
-14030.3
-21266
-202393
-202393

19279
-19279
-19284.9
-19294.4
-19309.4
-19330
-19356.4
-19388.4
-19425.9
-19468.9
-19517.3
-19570.6
-19624.3
-19671.3
-19691.8
-19631.8
-19356.6
-18587
-17570.6
-29242.8
-146897
-146897

19279.5
-19279.5
-19285.3
-19295
-19310.1
-19330.7
-19357.2
-19389.2
-19426.8
-19470
-19518.8
-19573.3
-19630.4
-19686.7
-19732.4
-19742.9
-19669.4
-19510.2
-20312.9
-32996.9
-106780
-106780

19280.1
-19280.1
-19285.8
-19295.6
-19310.9
-19331.6
-19358
-19390.1
-19427.8
-19471.2
-19520.4
-19576.2
-19636.8
-19702.7
-19774.6
-19856.8
-19981
-20364.6
-22453.5
-34870
-82767.4
-82767.4

19280.8
-19280.8
-19286.4
-19296.4
-19311.7
-19332.5
-19358.9
-19391.1
-19428.8
-19472.4
-19522.1
-19579.1
-19643.3
-19718.7
-19816.6
-19968.6
-20278.8
-21132.1
-24132.6
-35885.2
-68620
-68620

19281.6
-19281.6
-19287.1
-19297.3
-19312.6
-19333.4
-19359.9
-19392.1
-19429.9
-19473.7
-19523.9
-19582.1
-19649.6
-19734.2
-19856.5
-20073.8
-20552.4
-21801.5
-25446.6
-36479.7
-60141.7
-60141.7

19282.5
-19282.5
-19288
-19298.2
-19313.6
-19334.5
-19361
-19393.2
-19431.1
-19475
-19525.6
-19584.9
-19655.5
-19748.3
-19892.9
-20168.4
-20793.2
-22365.8
-26462.6
-36846
-54935.8
-54935.8

19283.4
-19283.4
-19288.9
-19299.2
-19314.7
-19335.6
-19362.1
-19394.4
-19432.3
-19476.3
-19527.4
-19587.5
-19660.7
-19760.7
-19924.2
-20248.9
-20994.3
-22820.9
-27228.1
-37075.5
-51677.8
-51677.8

19284.5
-19284.5
-19289.9
-19300.4
-19315.8
-19336.7
-19363.3
-19395.6
-19433.6
-19477.7
-19529.1
-19589.9
-19665.2
-19770.8
-19949.2
-20312.5
-21150.7
-23164.6
-27776.7
-37217
-49646.3
-49646.3

19285.6
-19285.6
-19291.1
-19301.6
-19317.1
-19338
-19364.6
-19396.8
-19434.9
-19479.1
-19530.7
-19592
-19668.8
-19778.3
-19967
-20356.9
-21258.7
-23396
-28131.7
-37298.7
-48453.2
-48453.2

19286.9
-19286.9
-19292.3
-19302.8
-19318.4
-19339.3
-19365.9
-19398.2
-19436.2
-19480.5
-19532.2
-19593.7
-19671.3
-19782.9
-19977
-20380.7
-21315.6
-23515.8
-28308.1
-37336.7
-47898.8
-47898.8

0
-19286.9
-19292.3
-19302.8
-19318.4
-19339.3
-19365.9
-19398.2
-19436.2
-19480.5
-19532.2
-19593.7
-19671.3
-19782.9
-19977
-20380.7
-21315.6
-23515.8
-28308.1
-37336.7
-47898.8
0


0
-19277.9
-19284.3
-19293.2
-19307.9
-19328.4
-19354.8
-19386.6
-19424
-19466.5
-19513.4
-19563.2
-19606.7
-19625.7
-19567.8
-19280.8
-18298.9
-15011.8
-4451.8
-52697.8
-713197
0

19277.9
-19277.9
-19284.3
-19293.2
-19307.9
-19328.4
-19354.8
-19386.6
-19424
-19466.5
-19513.4
-19563.2
-19606.7
-19625.7
-19567.8
-19280.8
-18298.9
-15011.8
-4451.8
-52697.8
-713197
-713197

19278.3
-19278.3
-19284.6
-19293.6
-19308.3
-19328.9
-19355.2
-19387.1
-19424.4
-19467
-19514
-19564.1
-19608.3
-19629.4
-19577.2
-19307.1
-18379.9
-15288.5
-5123.84
-172263
-1.19162e+06
-1.19162e+06

19278.7
-19278.7
-19284.9
-19294
-19308.8
-19329.3
-19355.7
-19387.6
-19425
-19467.6
-19514.9
-19565.4
-19611.1
-19636.2
-19595.2
-19358
-18536.7
-15863.8
-7604.57
-43324.9
-1.07156e+06
-1.07156e+06

19279.1
-19279.1
-19285.1
-19294.4
-19309.4
-19329.9
-19356.3
-19388.2
-19425.6
-19468.4
-19515.9
-19567.1
-19615
-19645.8
-19621
-19430.5
-18757.3
-16650.9
-10900.4
-22514.2
-158446
-158446

19279.6
-19279.6
-19285.5
-19294.9
-19309.9
-19330.5
-19356.9
-19388.9
-19426.4
-19469.3
-19517.2
-19569.3
-19619.8
-19657.9
-19653.3
-19520.7
-19025.8
-17551.5
-14285.1
-23271.6
-125013
-125013

19280.1
-19280.1
-19285.8
-19295.5
-19310.6
-19331.2
-19357.6
-19389.6
-19427.2
-19470.2
-19518.6
-19571.7
-19625.3
-19671.9
-19690.6
-19624
-19324.9
-18486.4
-17332
-27125
-101340
-101340

19280.6
-19280.6
-19286.3
-19296.1
-19311.3
-19332
-19358.4
-19390.5
-19428.1
-19471.3
-19520.1
-19574.5
-19631.4
-19687.3
-19731.3
-19735.2
-19638.3
-19400.1
-19915.3
-30395.9
-82948.7
-82948.7

19281.3
-19281.3
-19286.9
-19296.8
-19312.1
-19332.8
-19359.3
-19391.4
-19429.1
-19472.5
-19521.8
-19577.3
-19637.8
-19703.3
-19773.6
-19849.4
-19951
-20255.6
-22042.7
-32700.3
-70174.5
-70174.5

19282
-19282
-19287.5
-19297.6
-19312.9
-19333.7
-19360.2
-19392.3
-19430.1
-19473.7
-19523.5
-19580.3
-19644.3
-19719.4
-19815.6
-19961.6
-20250.2
-21029.2
-23763.8
-34256.7
-61742.3
-61742.3

19282.8
-19282.8
-19288.3
-19298.5
-19313.9
-19334.7
-19361.2
-19393.3
-19431.2
-19475
-19525.2
-19583.2
-19650.6
-19734.8
-19855.6
-20067.1
-20525.3
-21706.3
-25134.2
-35298.7
-56233.9
-56233.9

19283.7
-19283.7
-19289.2
-19299.4
-19314.9
-19335.7
-19362.2
-19394.4
-19432.3
-19476.3
-19526.9
-19586
-19656.5
-19749
-19891.9
-20161.9
-20767.3
-22277.9
-26203.6
-35992.8
-52613.7
-52613.7

19284.6
-19284.6
-19290.1
-19300.5
-19315.9
-19336.8
-19363.4
-19395.6
-19433.6
-19477.6
-19528.7
-19588.7
-19661.8
-19761.4
-19923.3
-20242.5
-20969.4
-22739
-27012.8
-36449.1
-50224.5
-50224.5

19285.7
-19285.7
-19291.2
-19301.6
-19317.1
-19338
-19364.5
-19396.8
-19434.8
-19479
-19530.3
-19591.1
-19666.3
-19771.5
-19948.3
-20306.2
-21126.4
-23087.2
-27593.8
-36739.8
-48675
-48675

19286.9
-19286.9
-19292.3
-19302.8
-19318.3
-19339.2
-19365.8
-19398.1
-19436.1
-19480.4
-19531.9
-19593.2
-19669.8
-19779
-19966.1
-20350.6
-21234.5
-23321.5
-27970
-36911.9
-47741.8
-47741.8

19288.1
-19288.1
-19293.6
-19304
-19319.6
-19340.6
-19367.1
-19399.4
-19437.5
-19481.8
-19533.4
-19594.9
-19672.4
-19783.5
-19976.1
-20374.4
-21291.3
-23441.9
-28156.9
-36993.7
-47306.2
-47306.2

0
-19288.1
-19293.6
-19304
-19319.6
-19340.6
-19367.1
-19399.4
-19437.5
-19481.8
-19533.4
-19594.9
-19672.4
-19783.5
-19976.1
-20374.4
-21291.3
-23441.9
-28156.9
-36993.7
-47306.2
0


0
-19279
-19285
-19294.3
-19309.1
-19329.7
-19356
-19387.9
-19425.3
-19467.8
-19514.8
-19564.3
-19607.8
-19626.4
-19566.9
-19274.5
-18284.1
-15133.5
-6330.74
-21891.9
146034
0

19279
-19279
-19285
-19294.3
-19309.1
-19329.7
-19356
-19387.9
-19425.3
-19467.8
-19514.8
-19564.3
-19607.8
-19626.4
-19566.9
-19274.5
-18284.1
-15133.5
-6330.74
-21891.9
146034
146034

19279.4
-19279.4
-19285.3
-19294.7
-19309.6
-19330.1
-19356.5
-19388.4
-19425.7
-19468.3
-19515.4
-19565.2
-19609.4
-19630.1
-19576.3
-19300.8
-18364.4
-15404.6
-7161.24
-33267.7
380418
380418

19279.8
-19279.8
-19285.7
-19295.1
-19310.1
-19330.6
-19357
-19388.9
-19426.3
-19469
-19516.3
-19566.5
-19612.2
-19636.9
-19594.4
-19351.6
-18519.1
-15935.4
-9096.98
-20661
-154553
-154553

19280.2
-19280.2
-19286
-19295.6
-19310.6
-19331.2
-19357.6
-19389.5
-19426.9
-19469.7
-19517.3
-19568.3
-19616
-19646.6
-19620.1
-19424.1
-18737.1
-16664.6
-11626.8
-16546
-11598.7
-11598.7

19280.7
-19280.7
-19286.4
-19296.1
-19311.2
-19331.8
-19358.2
-19390.2
-19427.7
-19470.6
-19518.5
-19570.4
-19620.9
-19658.7
-19652.5
-19514.3
-19003.2
-17516.7
-14416.3
-18991.7
-36649.8
-36649.8

19281.2
-19281.2
-19286.9
-19296.7
-19311.8
-19332.5
-19358.9
-19390.9
-19428.5
-19471.6
-19519.9
-19572.9
-19626.4
-19672.7
-19689.8
-19617.7
-19300.9
-18420.3
-17132.8
-23239.6
-50252.8
-50252.8

19281.8
-19281.8
-19287.4
-19297.3
-19312.6
-19333.3
-19359.7
-19391.7
-19429.4
-19472.6
-19521.5
-19575.6
-19632.5
-19688
-19730.6
-19729.1
-19613.7
-19318.5
-19582.2
-27177.3
-54346.4
-54346.4

19282.5
-19282.5
-19288
-19298.1
-19313.4
-19334.1
-19360.6
-19392.6
-19430.4
-19473.8
-19523.1
-19578.5
-19638.9
-19704.1
-19772.9
-19843.5
-19926.7
-20169.5
-21687.3
-30250.4
-54286
-54286

19283.2
-19283.2
-19288.7
-19298.9
-19314.2
-19335
-19361.5
-19393.6
-19431.4
-19475
-19524.8
-19581.5
-19645.4
-19720.1
-19814.9
-19955.8
-20226.7
-20945.1
-23437.7
-32481.6
-52857.8
-52857.8

19284
-19284
-19289.5
-19299.7
-19315.1
-19336
-19362.5
-19394.6
-19432.5
-19476.3
-19526.5
-19584.4
-19651.7
-19735.6
-19854.9
-20061.5
-20502.6
-21627.1
-24854.7
-34042.5
-51189.9
-51189.9

19284.9
-19284.9
-19290.4
-19300.7
-19316.1
-19337
-19363.5
-19395.7
-19433.6
-19477.6
-19528.3
-19587.2
-19657.6
-19749.7
-19891.3
-20156.5
-20745.6
-22204.4
-25970.9
-35107.3
-49682.9
-49682.9

19285.9
-19285.9
-19291.4
-19301.7
-19317.2
-19338.1
-19364.6
-19396.9
-19434.8
-19478.9
-19530
-19589.9
-19662.9
-19762.1
-19922.7
-20237.2
-20948.4
-22670.7
-26819.7
-35815.8
-48461.2
-48461.2

19287
-19287
-19292.4
-19302.8
-19318.4
-19339.3
-19365.8
-19398.1
-19436.1
-19480.3
-19531.6
-19592.3
-19667.4
-19772.2
-19947.7
-20300.9
-21105.9
-23022.9
-27430.6
-36270
-47553.6
-47553.6

19288.2
-19288.2
-19293.6
-19304
-19319.6
-19340.5
-19367.1
-19399.4
-19437.4
-19481.7
-19533.2
-19594.4
-19671
-19779.7
-19965.6
-20345.4
-21214.2
-23259.8
-27826.6
-36539.9
-46959.8
-46959.8

19289.4
-19289.4
-19294.8
-19305.3
-19320.9
-19341.8
-19368.4
-19400.7
-19438.8
-19483.1
-19534.7
-19596.1
-19673.5
-19784.3
-19975.5
-20369.2
-21270.8
-23381.1
-28023.4
-36668.7
-46675.3
-46675.3

0
-19289.4
-19294.8
-19305.3
-19320.9
-19341.8
-19368.4
-19400.7
-19438.8
-19483.1
-19534.7
-19596.1
-19673.5
-19784.3
-19975.5
-20369.2
-21270.8
-23381.1
-28023.4
-36668.7
-46675.3
0


0
-19280.1
-19285.9
-19295.4
-19310.4
-19331
-19357.3
-19389.2
-19426.6
-19469.2
-19516.2
-19565.5
-19608.9
-19627.3
-19566.6
-19270.5
-18276.3
-15213.7
-6864.32
4132.2
347293
0

19280.1
-19280.1
-19285.9
-19295.4
-19310.4
-19331
-19357.3
-19389.2
-19426.6
-19469.2
-19516.2
-19565.5
-19608.9
-19627.3
-19566.6
-19270.5
-18276.3
-15213.7
-6864.32
4132.2
347293
347293

19280.5
-19280.5
-19286.2
-19295.9
-19310.8
-19331.5
-19357.8
-19389.7
-19427.1
-19469.7
-19516.8
-19566.4
-19610.5
-19631
-19576.1
-19296.8
-18355.8
-15476.2
-7716.2
3076.09
482081
482081

19280.9
-19280.9
-19286.6
-19296.3
-19311.3
-19332
-19358.3
-19390.2
-19427.6
-19470.3
-19517.6
-19567.8
-19613.3
-19637.8
-19594.1
-19347.5
-18508.7
-15980.8
-9480.12
-2126.43
154124
154124

19281.4
-19281.4
-19287
-19296.8
-19311.9
-19332.5
-19358.9
-19390.8
-19428.3
-19471.1
-19518.7
-19569.5
-19617.2
-19647.5
-19619.9
-19419.9
-18724.4
-16675.7
-11783.1
-7112.4
77128.6
77128.6

19281.9
-19281.9
-19287.5
-19297.3
-19312.5
-19333.2
-19359.5
-19391.5
-19429
-19471.9
-19519.9
-19571.7
-19622
-19659.6
-19652.2
-19510.1
-18988.5
-17496.1
-14350.7
-13118.8
21278.8
21278.8

19282.4
-19282.4
-19288
-19297.9
-19313.1
-19333.8
-19360.2
-19392.3
-19429.8
-19472.9
-19521.3
-19574.2
-19627.6
-19673.6
-19689.6
-19613.5
-19284.6
-18377
-16921.8
-19071
-12794.5
-12794.5

19283.1
-19283.1
-19288.6
-19298.6
-19313.9
-19334.6
-19361
-19393.1
-19430.7
-19474
-19522.8
-19576.9
-19633.7
-19688.9
-19730.3
-19724.9
-19596.7
-19262.3
-19308.7
-24135.5
-31409
-31409

19283.7
-19283.7
-19289.2
-19299.3
-19314.7
-19335.4
-19361.9
-19394
-19431.7
-19475.1
-19524.5
-19579.8
-19640.1
-19705
-19772.7
-19839.3
-19909.4
-20108.3
-21409.2
-28063.7
-40748
-40748

19284.5
-19284.5
-19290
-19300.1
-19315.5
-19336.3
-19362.8
-19394.9
-19432.7
-19476.3
-19526.2
-19582.7
-19646.6
-19721
-19814.7
-19951.8
-20209.6
-20884.1
-23185.4
-30941.5
-45007.1
-45007.1

19285.3
-19285.3
-19290.8
-19301
-19316.4
-19337.3
-19363.8
-19396
-19433.8
-19477.6
-19527.9
-19585.7
-19652.9
-19736.5
-19854.8
-20057.6
-20486
-21569
-24639.1
-32971.9
-46651.3
-46651.3

19286.2
-19286.2
-19291.7
-19302
-19317.5
-19338.3
-19364.9
-19397
-19435
-19478.9
-19529.6
-19588.5
-19658.8
-19750.7
-19891.2
-20152.6
-20729.5
-22150
-25791.8
-34363.9
-47034.8
-47034.8

19287.2
-19287.2
-19292.7
-19303
-19318.5
-19339.4
-19366
-19398.2
-19436.2
-19480.3
-19531.3
-19591.2
-19664.1
-19763
-19922.5
-20233.4
-20932.8
-22620
-26671.5
-35292.1
-46879.2
-46879.2

19288.3
-19288.3
-19293.7
-19304.1
-19319.7
-19340.6
-19367.2
-19399.4
-19437.4
-19481.6
-19533
-19593.6
-19668.6
-19773.2
-19947.6
-20297.2
-21090.6
-22975.2
-27305.7
-35887.6
-46563.3
-46563.3

19289.5
-19289.5
-19294.9
-19305.3
-19320.9
-19341.9
-19368.4
-19400.7
-19438.7
-19483
-19534.6
-19595.7
-19672.1
-19780.6
-19965.4
-20341.6
-21199
-23214
-27717.2
-36241.3
-46282.5
-46282.5

19290.7
-19290.7
-19296.2
-19306.6
-19322.2
-19343.2
-19369.7
-19402
-19440.1
-19484.4
-19536
-19597.4
-19674.7
-19785.2
-19975.4
-20365.4
-21255.5
-23336
-27921.8
-36410.1
-46136.4
-46136.4

0
-19290.7
-19296.2
-19306.6
-19322.2
-19343.2
-19369.7
-19402
-19440.1
-19484.4
-19536
-19597.4
-19674.7
-19785.2
-19975.4
-20365.4
-21255.5
-23336
-27921.8
-36410.1
-46136.4
0


0
-19281.3
-19286.9
-19296.7
-19311.7
-19332.4
-19358.7
-19390.6
-19428
-19470.6
-19517.6
-19566.8
-19610.2
-19628.4
-19567
-19268.9
-18272.6
-15248
-6940.79
15675.2
358212
0

19281.3
-19281.3
-19286.9
-19296.7
-19311.7
-19332.4
-19358.7
-19390.6
-19428
-19470.6
-19517.6
-19566.8
-19610.2
-19628.4
-19567
-19268.9
-18272.6
-15248
-6940.79
15675.2
358212
358212

19281.7
-19281.7
-19287.3
-19297.1
-19312.2
-19332.8
-19359.1
-19391.1
-19428.5
-19471.1
-19518.2
-19567.7
-19611.8
-19632.1
-19576.5
-19295.1
-18351.6
-15505.7
-7809.89
13268
376154
376154

19282.2
-19282.2
-19287.7
-19297.6
-19312.7
-19333.3
-19359.6
-19391.6
-19429
-19471.7
-19519
-19569.1
-19614.6
-19638.9
-19594.5
-19345.8
-18503.5
-15998.2
-9506.8
6135.95
201769
201769

19282.6
-19282.6
-19288.2
-19298.1
-19313.2
-19333.9
-19360.2
-19392.2
-19429.7
-19472.5
-19520.1
-19570.8
-19618.5
-19648.6
-19620.3
-19418.1
-18718
-16677.5
-11742.3
-1628.82
112728
112728

19283.2
-19283.2
-19288.7
-19298.6
-19313.8
-19334.5
-19360.9
-19392.9
-19430.4
-19473.3
-19521.3
-19573
-19623.3
-19660.7
-19652.6
-19508.3
-18980.8
-17483
-14245
-9440.03
47904.7
47904.7

19283.7
-19283.7
-19289.2
-19299.3
-19314.5
-19335.2
-19361.6
-19393.6
-19431.2
-19474.3
-19522.7
-19575.5
-19628.9
-19674.7
-19690
-19611.6
-19276.1
-18352.7
-16772.1
-16494.5
5767.3
5767.3

19284.4
-19284.4
-19289.8
-19299.9
-19315.2
-19336
-19362.4
-19394.4
-19432.1
-19475.4
-19524.2
-19578.2
-19635
-19690
-19730.8
-19723
-19587.5
-19231.2
-19142.5
-22302.8
-19358.7
-19358.7

19285.1
-19285.1
-19290.5
-19300.7
-19316
-19336.8
-19363.2
-19395.3
-19433.1
-19476.5
-19525.8
-19581.1
-19641.4
-19706.1
-19773.1
-19837.4
-19900
-20074.4
-21248.1
-26768.8
-33318
-33318

19285.8
-19285.8
-19291.3
-19301.5
-19316.9
-19337.7
-19364.2
-19396.3
-19434.1
-19477.7
-19527.5
-19584.1
-19647.9
-19722.1
-19815.1
-19949.9
-20200.2
-20850
-23041.8
-30038.4
-40565.6
-40565.6

19286.6
-19286.6
-19292.1
-19302.4
-19317.8
-19338.7
-19365.2
-19397.3
-19435.2
-19479
-19529.3
-19587
-19654.2
-19737.6
-19855.2
-20055.7
-20476.7
-21536.1
-24517.1
-32347.7
-44032.3
-44032.3

19287.6
-19287.6
-19293
-19303.3
-19318.8
-19339.7
-19366.2
-19398.4
-19436.3
-19480.3
-19531
-19589.8
-19660.1
-19751.7
-19891.6
-20150.7
-20720.2
-22118.9
-25690.5
-33932.4
-45488.3
-45488.3

19288.6
-19288.6
-19294
-19304.4
-19319.9
-19340.8
-19367.3
-19399.6
-19437.5
-19481.6
-19532.7
-19592.5
-19665.4
-19764.1
-19922.9
-20231.6
-20923.7
-22590.6
-26587.6
-34989.3
-45949.6
-45949.6

19289.6
-19289.6
-19295.1
-19305.5
-19321
-19342
-19368.5
-19400.8
-19438.8
-19483
-19534.3
-19594.9
-19669.9
-19774.2
-19948
-20295.3
-21081.5
-22947.2
-27235
-35667.4
-45980.3
-45980.3

19290.8
-19290.8
-19296.3
-19306.7
-19322.3
-19343.2
-19369.8
-19402
-19440.1
-19484.4
-19535.9
-19597
-19673.4
-19781.7
-19965.8
-20339.7
-21189.9
-23186.9
-27655.2
-36070
-45884.1
-45884.1

19292.1
-19292.1
-19297.5
-19308
-19323.6
-19344.5
-19371.1
-19403.4
-19441.4
-19485.8
-19537.4
-19598.8
-19675.9
-19786.3
-19975.8
-20363.4
-21246.3
-23309.2
-27864.2
-36262.3
-45819.5
-45819.5

0
-19292.1
-19297.5
-19308
-19323.6
-19344.5
-19371.1
-19403.4
-19441.4
-19485.8
-19537.4
-19598.8
-19675.9
-19786.3
-19975.8
-20363.4
-21246.3
-23309.2
-27864.2
-36262.3
-45819.5
0


0
0
0
0
0
0
0
0
0
0
0
0
0
0
0
0
0
0
0
0
0
0

0
-19281.3
-19286.9
-19296.7
-19311.7
-19332.4
-19358.7
-19390.6
-19428
-19470.6
-19517.6
-19566.8
-19610.2
-19628.4
-19567
-19268.9
-18272.6
-15248
-6940.79
15675.2
358212
0

0
-19281.7
-19287.3
-19297.1
-19312.2
-19332.8
-19359.1
-19391.1
-19428.5
-19471.1
-19518.2
-19567.7
-19611.8
-19632.1
-19576.5
-19295.1
-18351.6
-15505.7
-7809.89
13268
376154
0

0
-19282.2
-19287.7
-19297.6
-19312.7
-19333.3
-19359.6
-19391.6
-19429
-19471.7
-19519
-19569.1
-19614.6
-19638.9
-19594.5
-19345.8
-18503.5
-15998.2
-9506.8
6135.95
201769
0

0
-19282.6
-19288.2
-19298.1
-19313.2
-19333.9
-19360.2
-19392.2
-19429.7
-19472.5
-19520.1
-19570.8
-19618.5
-19648.6
-19620.3
-19418.1
-18718
-16677.5
-11742.3
-1628.82
112728
0

0
-19283.2
-19288.7
-19298.6
-19313.8
-19334.5
-19360.9
-19392.9
-19430.4
-19473.3
-19521.3
-19573
-19623.3
-19660.7
-19652.6
-19508.3
-18980.8
-17483
-14245
-9440.03
47904.7
0

0
-19283.7
-19289.2
-19299.3
-19314.5
-19335.2
-19361.6
-19393.6
-19431.2
-19474.3
-19522.7
-19575.5
-19628.9
-19674.7
-19690
-19611.6
-19276.1
-18352.7
-16772.1
-16494.5
5767.3
0

0
-19284.4
-19289.8
-19299.9
-19315.2
-19336
-19362.4
-19394.4
-19432.1
-19475.4
-19524.2
-19578.2
-19635
-19690
-19730.8
-19723
-19587.5
-19231.2
-19142.5
-22302.8
-19358.7
0

0
-19285.1
-19290.5
-19300.7
-19316
-19336.8
-19363.2
-19395.3
-19433.1
-19476.5
-19525.8
-19581.1
-19641.4
-19706.1
-19773.1
-19837.4
-19900
-20074.4
-21248.1
-26768.8
-33318
0

0
-19285.8
-19291.3
-19301.5
-19316.9
-19337.7
-19364.2
-19396.3
-19434.1
-19477.7
-19527.5
-19584.1
-19647.9
-19722.1
-19815.1
-19949.9
-20200.2
-20850
-23041.8
-30038.4
-40565.6
0

0
-19286.6
-19292.1
-19302.4
-19317.8
-19338.7
-19365.2
-19397.3
-19435.2
-19479
-19529.3
-19587
-19654.2
-19737.6
-19855.2
-20055.7
-20476.7
-21536.1
-24517.1
-32347.7
-44032.3
0

0
-19287.6
-19293
-19303.3
-19318.8
-19339.7
-19366.2
-19398.4
-19436.3
-19480.3
-19531
-19589.8
-19660.1
-19751.7
-19891.6
-20150.7
-20720.2
-22118.9
-25690.5
-33932.4
-45488.3
0

0
-19288.6
-19294
-19304.4
-19319.9
-19340.8
-19367.3
-19399.6
-19437.5
-19481.6
-19532.7
-19592.5
-19665.4
-19764.1
-19922.9
-20231.6
-20923.7
-22590.6
-26587.6
-34989.3
-45949.6
0

0
-19289.6
-19295.1
-19305.5
-19321
-19342
-19368.5
-19400.8
-19438.8
-19483
-19534.3
-19594.9
-19669.9
-19774.2
-19948
-20295.3
-21081.5
-22947.2
-27235
-35667.4
-45980.3
0

0
-19290.8
-19296.3
-19306.7
-19322.3
-19343.2
-19369.8
-19402
-19440.1
-19484.4
-19535.9
-19597
-19673.4
-19781.7
-19965.8
-20339.7
-21189.9
-23186.9
-27655.2
-36070
-45884.1
0

0
-19292.1
-19297.5
-19308
-19323.6
-19344.5
-19371.1
-19403.4
-19441.4
-19485.8
-19537.4
-19598.8
-19675.9
-19786.3
-19975.8
-20363.4
-21246.3
-23309.2
-27864.2
-36262.3
-45819.5
0

0
0
0
0
0
0
0
0
0
0
0
0
0
0
0
0
0
0
0
0
0
0


