0
0
0
0
0
0
0
0
0
0
0
0
0
0
0
0
0
0
0
0
0
0

0
0
0
0
0
0
0
0
0
0
0
0
0
0
0
0
0
0
0
0
0
0

0
0
0
0
0
0
0
0
0
0
0
0
0
0
0
0
0
0
0
0
0
0

0
0
0
0
0
0
0
0
0
0
0
0
0
0
0
0
0
0
0
0
0
0

0
0
0
0
0
0
0
0
0
0
0
0
0
0
0
0
0
0
0
0
0
0

0
0
0
0
0
0
0
0
0
0
0
0
0
0
0
0
0
0
0
0
0
0

0
0
0
0
0
0
0
0
0
0
0
0
0
0
0
0
0
0
0
0
0
0

0
0
0
0
0
0
0
0
0
0
0
0
0
0
0
0
0
0
0
0
0
0

0
0
0
0
0
0
0
0
0
0
0
0
0
0
0
0
0
0
0
0
0
0

0
0
0
0
0
0
0
0
0
0
0
0
0
0
0
0
0
0
0
0
0
0

0
0
0
0
0
0
0
0
0
0
0
0
0
0
0
0
0
0
0
0
0
0

0
0
0
0
0
0
0
0
0
0
0
0
0
0
0
0
0
0
0
0
0
0

0
0
0
0
0
0
0
0
0
0
0
0
0
0
0
0
0
0
0
0
0
0

0
0
0
0
0
0
0
0
0
0
0
0
0
0
0
0
0
0
0
0
0
0

0
0
0
0
0
0
0
0
0
0
0
0
0
0
0
0
0
0
0
0
0
0

0
0
0
0
0
0
0
0
0
0
0
0
0
0
0
0
0
0
0
0
0
0

0
0
0
0
0
0
0
0
0
0
0
0
0
0
0
0
0
0
0
0
0
0


0
0
0
0
0
0
0
0
0
0
0
0
0
0
0
0
0
0
0
0
0
0

0
-0.402297
-0.391166
-0.461312
-0.408876
-0.39412
-0.40826
-0.567535
0.110917
-2.79343
-0.357874
-0.378822
-1.61577
-0.164225
-0.613566
-0.481022
-0.640177
0.0169142
-0.243532
-0.541092
-0.464838
0

0
-0.516609
-0.974707
-0.620712
-0.598392
-0.0866382
0.0126945
-0.742316
-0.175735
-1.19555
-0.6192
-0.449333
-2.42677
-0.283914
-0.608187
-0.848085
1.013
-0.37625
-0.239121
-0.727186
-0.590271
0

0
-0.632254
-0.873747
-0.840785
-0.760424
-0.0379231
-0.476466
-0.924582
-0.0539833
-1.30963
-0.862667
-0.706409
-1.96945
-0.637726
-0.718001
-0.871474
-0.538499
0.0651735
-0.276337
-0.976669
-0.764633
0

0
-0.759478
-1.3605
-1.06163
-0.891017
-0.371434
-0.715553
-1.08705
-0.296296
-1.3696
-1.07607
-0.980513
-2.10902
-1.45603
-0.870503
-0.819734
-1.00736
0.0652388
-0.275159
-1.23924
-0.935338
0

0
-0.931738
-1.30482
-1.16979
-1.04625
-0.521648
-0.912168
-1.2676
-0.451693
-1.5255
-1.24708
-1.25134
-1.89789
-1.23354
-1.04739
-0.731409
-1.06243
0.162294
-0.275013
-1.52436
-1.10423
0

0
-1.10831
-1.36929
-1.29216
-1.22014
-0.617374
-1.08276
-1.47175
-0.496699
-1.67432
-1.45001
-1.47936
-1.94189
-1.53601
-1.25345
-0.549367
-1.32409
0.254136
-0.356073
-1.8332
-1.27143
0

0
-1.28274
-1.5093
-1.43368
-1.39679
-0.676908
-1.24184
-1.65971
0.123929
-1.82006
-1.63511
-1.68843
-2.07533
-1.73481
-1.38991
-0.600646
-1.64263
0.338727
-0.348584
-2.21266
-1.4373
0

0
-1.45571
-1.66633
-1.59246
-1.55822
-0.735096
-1.37919
-1.69261
-1.10023
-1.83455
-1.80409
-1.88154
-2.23808
-1.9387
-1.61685
-0.495024
-1.98535
0.421443
-0.298438
-2.8216
-1.60304
0

0
-1.62792
-1.82687
-1.7563
-1.67063
-0.802248
-1.49683
-1.76076
-1.60546
-1.92909
-1.96424
-2.06085
-2.38765
-2.22574
-1.54823
-0.436045
-2.41804
0.532143
-0.301133
-2.66864
-1.77024
0

0
-1.79999
-1.9888
-1.92053
-1.74021
-0.99893
-1.6242
-1.84222
-1.91141
-2.04203
-2.12585
-2.22354
-2.47061
-2.53368
-1.34235
-0.469638
-2.98646
1.57661
-0.0433941
-2.68615
-1.93807
0

0
-1.97289
-2.1504
-2.08108
-1.86599
-1.06092
-1.78232
-1.97123
-2.19751
-2.16896
-2.2967
-2.36366
-2.5217
-4.15162
-1.06896
-0.524282
-3.71756
1.51592
-0.277114
-2.81007
-2.10282
0

0
-2.14768
-2.30377
-2.23651
-2.01882
-1.00588
-1.91063
-2.11581
-2.53521
-2.31558
-2.4457
-2.52058
-2.65864
-4.29488
-0.824806
0.220596
-4.69857
1.75275
-0.358966
-3.00462
-2.2648
0

0
-2.32369
-2.44929
-2.39128
-2.17666
-0.979815
-2.06559
-2.29341
-2.51792
-2.48802
-2.60841
-2.66702
-2.86766
-3.44094
0.263242
-2.29757
-5.83947
2.37636
-0.407615
-3.17615
-2.42656
0

0
-2.46884
-2.5835
-2.53124
-2.32112
-0.875078
-2.20899
-2.44173
-2.61424
-2.62505
-2.733
-2.79781
-2.99555
-3.45546
-1.51053
-2.17595
-6.50608
2.96992
-0.472874
-3.2875
-2.56133
0

0
-2.44689
-2.5503
-2.49362
-2.28075
-0.451773
-2.1708
-2.40278
-2.59493
-2.58853
-2.69884
-2.76278
-2.96079
-3.55133
-1.38353
-2.03896
-6.60543
3.0134
-0.415561
-3.25272
-2.52662
0

0
0
0
0
0
0
0
0
0
0
0
0
0
0
0
0
0
0
0
0
0
0


0
0
0
0
0
0
0
0
0
0
0
0
0
0
0
0
0
0
0
0
0
0

0
-0.444009
-1.90423
-0.485284
-0.291776
-1.13715
-1.2368
-0.592855
-0.0156376
-0.325878
-0.501464
-0.491334
-0.89746
-0.342121
-0.569038
-0.333227
-3.38821
0.191304
-0.199579
-0.506246
-0.488815
0

0
-0.478064
2.68914
-0.145988
-0.50705
-0.448316
-1.40406
-0.714556
-0.821536
-1.37507
-0.621111
-0.572376
1.53747
-0.199801
-0.757861
-0.660634
-1.61737
-0.374225
-0.148664
-0.627819
-0.599676
0

0
-0.614316
1.29873
-0.404857
-0.712874
-0.984176
-0.67792
-0.914167
-1.39037
-1.41184
-0.845194
-0.72382
-0.602052
-0.476092
-0.957404
-1.21519
0.4963
-0.0279087
-0.138274
-0.795374
-0.773437
0

0
-0.758843
-0.625819
-0.632992
-0.866328
-0.79809
-0.819423
-1.07849
-1.27118
-1.41223
-1.06027
-0.975073
-1.41936
-2.12801
-1.24258
-1.7091
-1.19068
-0.217433
-0.0357746
-0.919278
-0.944518
0

0
-0.931085
-1.24868
-1.11226
-1.01629
-1.08424
-1.09069
-1.25381
-1.86055
-1.5148
-1.26228
-1.23945
-1.86709
-1.78329
-1.60965
-2.13136
-1.4324
-0.306876
0.0718658
-0.970889
-1.115
0

0
-1.11183
-1.38167
-1.32958
-1.17572
-1.31586
-1.32523
-1.44027
-2.49027
-1.66919
-1.44609
-1.467
-1.92702
-2.14772
-2.20665
-2.15756
-1.27926
-0.350894
-0.181888
-0.909578
-1.28584
0

0
-1.28993
-1.50782
-1.46172
-1.34934
-1.38448
-1.49895
-1.62839
-2.28332
-1.77971
-1.63285
-1.67245
-2.05595
-2.64173
-2.85685
-2.44385
-1.32301
-0.404386
-0.521362
-0.795106
-1.45728
0

0
-1.46584
-1.66642
-1.61106
-1.54352
-1.31392
-1.56831
-1.74441
-0.763997
-1.81997
-1.80913
-1.86384
-2.23566
-3.00811
-3.41754
-3.26356
-1.41688
-0.527956
-0.747342
-1.19451
-1.62895
0

0
-1.64102
-1.83733
-1.77346
-1.72194
-1.17804
-1.54909
-1.79414
-1.32189
-1.91405
-1.97747
-2.04238
-2.42081
-2.79738
-3.73501
-3.40461
-1.38004
-0.656294
-0.891034
-2.52883
-1.79564
0

0
-1.81623
-2.01769
-1.94228
-1.8357
-1.14391
-1.61287
-1.8919
-1.59782
-2.04599
-2.14267
-2.21034
-2.501
-1.60664
-3.41528
-3.70316
-1.2612
1.29036
-0.29493
-2.62965
-1.96495
0

0
-1.99212
-2.20892
-2.11802
-1.93778
-1.55953
-1.88599
-2.03461
-1.7636
-2.18931
-2.30446
-2.36957
-2.4293
0.209434
-2.98901
-3.93321
-0.998025
1.55182
-0.504324
-2.46589
-2.1339
0

0
-2.1703
-2.38687
-2.29231
-2.10018
-1.46666
-2.02602
-2.18403
-2.12127
-2.35286
-2.46794
-2.52408
-2.64974
-4.01475
-3.03923
-3.23999
-0.923645
1.6713
-0.796607
-2.49574
-2.30132
0

0
-2.3521
-2.50571
-2.43376
-2.26955
-1.63937
-2.18505
-2.35134
-2.63873
-2.52597
-2.62536
-2.68517
-2.8343
-3.73017
-2.24274
-1.58879
-0.88125
1.97175
-1.01922
-2.61486
-2.46789
0

0
-2.50163
-2.62952
-2.57985
-2.41716
-1.83816
-2.33385
-2.50301
-2.67373
-2.66178
-2.75691
-2.81192
-2.96948
-3.25428
-0.571538
-2.76183
-1.39159
2.21657
-1.17604
-2.7386
-2.60416
0

0
-2.48002
-2.59769
-2.54217
-2.37547
-1.76669
-2.29321
-2.46356
-2.63146
-2.6245
-2.72174
-2.77769
-2.93216
-3.35334
-0.828588
-2.55099
-1.4957
2.28198
-1.13251
-2.70408
-2.56836
0

0
0
0
0
0
0
0
0
0
0
0
0
0
0
0
0
0
0
0
0
0
0


0
0
0
0
0
0
0
0
0
0
0
0
0
0
0
0
0
0
0
0
0
0

0
-0.447157
-0.758104
-0.398874
-0.49555
-0.895204
-0.697982
-0.556755
-0.671137
-0.353424
-0.537272
-0.511134
-0.11655
-0.540194
-0.619306
-0.761388
-2.03322
-0.548394
-0.308959
-0.507663
-0.507985
0

0
-0.485814
1.20351
-0.449003
-0.490825
-1.33192
-0.967428
-0.689859
-0.622374
-0.693151
-0.646428
-0.62107
-0.48948
-0.662565
-0.797772
-0.893495
-2.31183
-0.163981
-0.228091
-0.601835
-0.613532
0

0
-0.620325
0.544023
-0.523787
-0.70221
-0.828071
-1.10566
-0.919333
-1.0228
-1.19639
-0.84464
-0.797579
-0.233211
-0.899721
-1.0729
-1.19942
2.24122
-0.389103
-0.326315
-0.761688
-0.786055
0

0
-0.767354
-0.108536
-0.739515
-0.889993
-0.869992
-0.957956
-1.07702
-1.39523
-1.37423
-1.05478
-0.989509
-1.04177
-1.1073
-1.36038
-1.41764
0.180715
-0.365016
-0.442471
-0.905854
-0.958208
0

0
-0.935047
-0.881738
-0.938131
-1.04131
-0.992161
-1.07923
-1.23896
-1.46411
-1.4666
-1.25486
-1.22061
-1.53473
-1.85296
-1.66997
-1.95533
-1.26162
-0.525548
-0.614267
-1.032
-1.13036
0

0
-1.11576
-1.2949
-1.25704
-1.20925
-1.2612
-1.26775
-1.40867
-1.75915
-1.59761
-1.44425
-1.45291
-1.81399
-2.07916
-1.9812
-2.87461
-1.64582
-0.639576
-0.50025
-1.16321
-1.30203
0

0
-1.29734
-1.50594
-1.46941
-1.38354
-1.42791
-1.44803
-1.57851
-2.03148
-1.75024
-1.62828
-1.66048
-1.99361
-2.43459
-2.44821
-2.5795
-1.6236
-0.590092
-0.643126
-1.3357
-1.47344
0

0
-1.4766
-1.68001
-1.6341
-1.55791
-1.39685
-1.59537
-1.73252
-1.7848
-1.86781
-1.80649
-1.85469
-2.15797
-2.83577
-2.90705
-3.06664
-1.63894
-0.422798
-0.86653
-1.48767
-1.64312
0

0
-1.65476
-1.85552
-1.79922
-1.73115
-1.18088
-1.67554
-1.85036
-1.46201
-1.94168
-1.9757
-2.03793
-2.32308
-2.97746
-3.39699
-3.47181
-1.5809
-0.315771
-1.10322
-1.67091
-1.81515
0

0
-1.83342
-2.03234
-1.96909
-1.88489
-1.13665
-1.73739
-1.9531
-1.70918
-2.06973
-2.14193
-2.21126
-2.44602
-2.29
-3.59482
-3.40998
-1.37723
-1.45283
-1.72472
-2.39634
-1.98929
0

0
-2.01379
-2.21018
-2.13935
-2.01548
-1.78813
-1.91476
-2.08221
-1.92644
-2.21658
-2.30801
-2.37554
-2.48299
-0.750378
-3.23679
-3.54307
-1.19326
-0.653503
-1.67287
-2.60331
-2.16202
0

0
-2.19585
-2.39729
-2.30771
-2.17339
-1.89302
-2.12165
-2.24352
-2.12035
-2.37263
-2.47412
-2.53576
-2.61417
-2.12544
-2.81849
-3.71591
-1.01814
-0.547931
-1.88497
-2.64953
-2.33413
0

0
-2.37735
-2.59549
-2.48117
-2.34488
-1.97483
-2.2848
-2.41131
-2.38403
-2.54318
-2.63858
-2.69669
-2.79967
-3.4811
-2.30443
-3.59064
-1.15448
-0.717446
-2.08995
-2.77196
-2.50429
0

0
-2.52321
-2.73919
-2.62506
-2.48956
-2.14168
-2.42814
-2.55382
-2.63887
-2.68653
-2.7691
-2.82535
-2.94066
-3.39543
-1.59096
-4.07415
-1.53484
-0.947828
-2.18651
-2.89812
-2.63991
0

0
-2.50275
-2.69989
-2.58628
-2.44785
-2.08302
-2.38695
-2.51549
-2.57022
-2.64802
-2.73395
-2.79083
-2.90111
-3.32337
-1.755
-3.93039
-1.67026
-0.879109
-2.14123
-2.8624
-2.60422
0

0
0
0
0
0
0
0
0
0
0
0
0
0
0
0
0
0
0
0
0
0
0


0
0
0
0
0
0
0
0
0
0
0
0
0
0
0
0
0
0
0
0
0
0

0
-0.453031
-0.203905
-0.443234
-0.521225
0.0805434
-0.589258
-0.545459
-0.59204
-0.55382
-0.540473
-0.527102
-0.444331
-0.593092
-0.638047
-0.716172
-0.48238
-0.409988
-0.411952
-0.518284
-0.51598
0

0
-0.515554
-0.111396
-0.52562
-0.557306
-1.23118
-0.795236
-0.690486
-0.725479
-0.671337
-0.664959
-0.645821
-0.534838
-0.729814
-0.822646
-0.915538
-1.34658
-0.579019
-0.428344
-0.616144
-0.62569
0

0
-0.64321
-0.0639
-0.646016
-0.693225
-1.6554
-1.03673
-0.880035
-0.932721
-0.961971
-0.853722
-0.827685
-0.687935
-0.941131
-1.08564
-1.19819
-1.04458
-0.717842
-0.540995
-0.782542
-0.798938
0

0
-0.788074
-0.342594
-0.793609
-0.879632
-1.41049
-1.10355
-1.07168
-1.19456
-1.23761
-1.0502
-1.01639
-0.921973
-1.19644
-1.35234
-1.52856
-0.168787
-0.744856
-0.690147
-0.947947
-0.971404
0

0
-0.950294
-0.766469
-0.990849
-1.06674
-1.15119
-1.14123
-1.23353
-1.40574
-1.41756
-1.24793
-1.22268
-1.34536
-1.55728
-1.63264
-1.8463
-0.91341
-0.889479
-0.803832
-1.11527
-1.14432
0

0
-1.12599
-1.17637
-1.21096
-1.23456
-1.20435
-1.27261
-1.39716
-1.58066
-1.56203
-1.4391
-1.43944
-1.66177
-1.89989
-1.92729
-2.25289
-1.57006
-1.12447
-0.997202
-1.28478
-1.31696
0

0
-1.30708
-1.465
-1.44569
-1.40463
-1.41145
-1.44908
-1.56482
-1.78474
-1.71129
-1.62371
-1.6476
-1.89378
-2.19056
-2.24674
-2.95725
-1.883
-1.46727
-1.14993
-1.44386
-1.48902
0

0
-1.48829
-1.67722
-1.64261
-1.5789
-1.54111
-1.62541
-1.7275
-1.87375
-1.85417
-1.80314
-1.84309
-2.08283
-2.46677
-2.65535
-3.09043
-1.91283
-1.96196
-1.4641
-1.60667
-1.66127
0

0
-1.66882
-1.86384
-1.81905
-1.75578
-1.50393
-1.76387
-1.87229
-1.79619
-1.97563
-1.97678
-2.02851
-2.24862
-2.64084
-3.10182
-3.50757
-1.84922
-2.5654
-1.87862
-1.81415
-1.83406
0

0
-1.84975
-2.04353
-1.99165
-1.92325
-1.43154
-1.85448
-2.00082
-1.83728
-2.09672
-2.14573
-2.20515
-2.39062
-2.46619
-3.51314
-3.56917
-1.66989
-2.88213
-2.218
-2.09108
-2.0082
0

0
-2.03228
-2.22074
-2.16417
-2.07338
-1.66956
-1.97269
-2.13469
-2.00919
-2.24193
-2.31341
-2.3745
-2.49801
-1.93734
-3.65314
-3.42618
-1.45333
-3.447
-2.66223
-2.46043
-2.18405
0

0
-2.2166
-2.39681
-2.33612
-2.23412
-2.06716
-2.17855
-2.29153
-2.19058
-2.39945
-2.48051
-2.53891
-2.61545
-2.1143
-3.5102
-3.55531
-1.38553
-3.45936
-2.80971
-2.64585
-2.358
0

0
-2.39995
-2.57016
-2.50673
-2.4072
-2.20809
-2.36178
-2.46071
-2.38101
-2.56394
-2.64538
-2.70062
-2.77619
-2.78412
-3.31736
-3.83713
-1.61154
-3.57864
-2.92196
-2.75917
-2.52856
0

0
-2.5451
-2.70417
-2.64199
-2.54812
-2.32964
-2.50083
-2.59995
-2.54711
-2.69908
-2.77475
-2.82823
-2.9124
-3.12354
-3.22804
-3.99301
-1.94726
-3.63568
-3.00132
-2.8571
-2.6626
0

0
-2.52488
-2.6674
-2.60452
-2.50646
-2.27699
-2.45855
-2.56187
-2.50035
-2.66251
-2.73979
-2.79384
-2.87489
-3.00587
-3.28834
-3.90359
-2.12924
-3.59202
-2.93881
-2.82575
-2.62697
0

0
0
0
0
0
0
0
0
0
0
0
0
0
0
0
0
0
0
0
0
0
0


0
0
0
0
0
1
0
0
0
0
0
0
0
0
0
0
0
0
0
0
0
0

0
-0.467102
-0.341818
-0.481634
-0.518988
1.30766
-0.523766
-0.542633
-0.568249
-0.557666
-0.542231
-0.53634
-0.522539
-0.594943
-0.633791
-0.680576
-0.515924
-0.561789
-0.510174
-0.535239
-0.522016
0

0
-0.537207
-0.365721
-0.56176
-0.624664
0.801559
-0.586698
-0.669101
-0.712808
-0.69451
-0.671293
-0.660535
-0.620308
-0.747859
-0.818005
-0.896647
-0.823033
-0.662934
-0.562752
-0.641307
-0.635346
0

0
-0.6722
-0.436078
-0.709229
-0.754253
-0.230564
-0.841149
-0.862892
-0.910731
-0.908962
-0.860847
-0.846411
-0.80268
-0.962862
-1.07017
-1.17869
-1.3569
-0.906597
-0.716298
-0.817727
-0.810781
0

0
-0.816049
-0.589473
-0.860409
-0.899912
-1.14087
-1.0662
-1.05114
-1.11869
-1.14079
-1.05109
-1.03416
-1.00147
-1.19529
-1.32288
-1.46643
-1.0654
-1.1466
-0.888471
-0.993907
-0.984237
0

0
-0.973751
-0.849149
-1.03619
-1.07563
-1.36974
-1.19825
-1.22809
-1.32853
-1.34935
-1.24359
-1.23037
-1.27394
-1.46297
-1.58238
-1.76395
-1.1206
-1.38428
-1.08806
-1.172
-1.15793
0

0
-1.14382
-1.1547
-1.23218
-1.25558
-1.34559
-1.31807
-1.39529
-1.51311
-1.52391
-1.43379
-1.43408
-1.56255
-1.75192
-1.85308
-2.12462
-1.5934
-1.79144
-1.31731
-1.34791
-1.33159
0

0
-1.32154
-1.43525
-1.44158
-1.43104
-1.42355
-1.47081
-1.56225
-1.68746
-1.68372
-1.61929
-1.63695
-1.80345
-2.01837
-2.14455
-2.58263
-2.02346
-2.36115
-1.58368
-1.52028
-1.50513
0

0
-1.50223
-1.66813
-1.64526
-1.60634
-1.58931
-1.64457
-1.72803
-1.83363
-1.83798
-1.8001
-1.83219
-2.00977
-2.25956
-2.4773
-3.07292
-2.28044
-3.00567
-1.88191
-1.69601
-1.67876
0

0
-1.68373
-1.86923
-1.83341
-1.78194
-1.72045
-1.81056
-1.88631
-1.91111
-1.98284
-1.97637
-2.01909
-2.18944
-2.44031
-2.85705
-3.47047
-2.33877
-3.58693
-2.21401
-1.8861
-1.85269
0

0
-1.866
-2.05563
-2.0123
-1.95488
-1.74595
-1.94221
-2.03423
-1.9743
-2.12112
-2.14851
-2.19837
-2.3474
-2.48161
-3.26228
-3.77262
-2.23349
-4.04255
-2.55949
-2.10247
-2.02736
0

0
-2.04975
-2.23539
-2.18779
-2.12049
-1.78603
-2.06039
-2.17968
-2.10093
-2.26754
-2.3182
-2.37108
-2.48549
-2.36593
-3.60437
-3.75246
-2.07107
-4.25835
-2.8555
-2.3607
-2.20304
0

0
-2.23488
-2.41063
-2.36154
-2.28375
-2.07567
-2.22834
-2.33539
-2.26707
-2.42528
-2.48633
-2.53844
-2.61871
-2.37654
-3.76641
-3.70901
-2.05744
-4.29641
-3.07987
-2.59859
-2.37787
0

0
-2.41815
-2.58015
-2.53185
-2.4551
-2.31614
-2.41633
-2.50214
-2.44425
-2.58854
-2.65123
-2.701
-2.76871
-2.65404
-3.7856
-3.87299
-2.26853
-4.36427
-3.2024
-2.76433
-2.54828
0

0
-2.56191
-2.71093
-2.66496
-2.5932
-2.4505
-2.55767
-2.63841
-2.59078
-2.72044
-2.77966
-2.82754
-2.89771
-2.90785
-3.79509
-4.02665
-2.57243
-4.49199
-3.27722
-2.86975
-2.68073
0

0
-2.54202
-2.67435
-2.62719
-2.55156
-2.39392
-2.5145
-2.60065
-2.54956
-2.68463
-2.74477
-2.79318
-2.86253
-2.83285
-3.80601
-3.94953
-2.76732
-4.44165
-3.21698
-2.83135
-2.64509
0

0
0
0
0
0
0
0
0
0
0
0
0
0
0
0
0
0
0
0
0
0
0


0
0
0
0
0
0
0
0
0
0
0
0
0
0
0
0
0
0
0
0
0
0

0
-0.480089
-0.441019
-0.503882
-0.487805
-0.589831
-0.617669
-0.548481
-0.557647
-0.55421
-0.544071
-0.541911
-0.544096
-0.588485
-0.621405
-0.656411
-0.602782
-0.636631
-0.572585
-0.551947
-0.527693
0

0
-0.557974
-0.491516
-0.59668
-0.600713
-0.495581
-0.702128
-0.673956
-0.697038
-0.69208
-0.674777
-0.670453
-0.665726
-0.745613
-0.800957
-0.86181
-0.795506
-0.778935
-0.666744
-0.667834
-0.644566
0

0
-0.698964
-0.616553
-0.75211
-0.777375
-0.416945
-0.811295
-0.856067
-0.893052
-0.893243
-0.864866
-0.858469
-0.851063
-0.961182
-1.04385
-1.13351
-1.14023
-1.04012
-0.850044
-0.851467
-0.82176
0

0
-0.845063
-0.763955
-0.911082
-0.937491
-0.647109
-0.988459
-1.03852
-1.08697
-1.09834
-1.05294
-1.04593
-1.04596
-1.17998
-1.28515
-1.40392
-1.37729
-1.3475
-1.0518
-1.03378
-0.996585
0

0
-1.00081
-0.960693
-1.08124
-1.10149
-1.09965
-1.1787
-1.21948
-1.28264
-1.30042
-1.2419
-1.2374
-1.26749
-1.41324
-1.53076
-1.68557
-1.44293
-1.6755
-1.27674
-1.21647
-1.17136
0

0
-1.1667
-1.19711
-1.26528
-1.27698
-1.3647
-1.34332
-1.39406
-1.46984
-1.48732
-1.43018
-1.43331
-1.51008
-1.66048
-1.78488
-1.99675
-1.721
-2.06149
-1.51844
-1.39805
-1.34619
0

0
-1.34055
-1.44169
-1.45962
-1.45595
-1.49747
-1.50167
-1.56459
-1.64489
-1.6599
-1.61576
-1.63023
-1.74131
-1.90317
-2.05269
-2.36413
-2.13706
-2.52506
-1.7756
-1.57847
-1.5211
0

0
-1.51917
-1.66982
-1.65656
-1.63419
-1.63872
-1.66872
-1.73331
-1.80582
-1.82424
-1.79777
-1.82347
-1.95047
-2.1286
-2.34165
-2.79939
-2.53902
-3.03621
-2.03804
-1.75944
-1.69608
0

0
-1.70025
-1.87692
-1.84769
-1.81124
-1.79166
-1.83825
-1.89867
-1.94011
-1.98228
-1.97609
-2.01078
-2.13956
-2.31924
-2.65691
-3.2459
-2.81004
-3.57202
-2.31196
-1.94542
-1.87123
0

0
-1.88296
-2.06911
-2.03137
-1.98636
-1.90169
-1.99512
-2.05863
-2.05385
-2.13523
-2.15089
-2.19186
-2.31053
-2.44585
-2.99111
-3.64344
-2.86177
-4.06006
-2.59375
-2.14266
-2.04668
0

0
-2.06732
-2.25242
-2.21005
-2.15801
-1.98211
-2.13722
-2.21516
-2.18222
-2.28905
-2.32283
-2.36706
-2.46647
-2.4982
-3.31074
-3.83743
-2.7297
-4.35701
-2.85914
-2.35422
-2.22237
0

0
-2.25275
-2.42937
-2.38525
-2.32657
-2.14364
-2.28958
-2.37432
-2.33769
-2.44844
-2.49217
-2.53674
-2.61462
-2.55507
-3.54945
-3.83578
-2.64693
-4.41936
-3.07943
-2.56676
-2.39704
0

0
-2.43557
-2.59874
-2.55542
-2.49581
-2.36688
-2.46447
-2.53887
-2.50754
-2.61106
-2.65715
-2.70028
-2.76566
-2.71165
-3.67541
-3.88167
-2.82232
-4.40471
-3.21557
-2.74674
-2.56704
0

0
-2.57789
-2.7277
-2.68679
-2.63074
-2.52048
-2.60474
-2.67191
-2.64693
-2.74074
-2.78463
-2.82614
-2.89021
-2.88537
-3.72874
-4.0038
-3.1055
-4.48849
-3.28497
-2.86174
-2.69812
0

0
-2.55821
-2.69067
-2.64849
-2.58925
-2.46447
-2.56232
-2.63444
-2.60806
-2.70527
-2.74965
-2.7916
-2.85611
-2.837
-3.71332
-3.95411
-3.27447
-4.46844
-3.23429
-2.82043
-2.6623
0

0
0
0
0
0
0
0
0
0
0
0
0
0
0
0
0
0
0
0
0
0
0


0
0
0
0
0
0
0
0
0
0
0
0
0
0
0
0
0
0
0
0
0
0

0
-0.492397
-0.493401
-0.518287
-0.523166
-0.475579
-0.524583
-0.539457
-0.551598
-0.552017
-0.546348
-0.546203
-0.552366
-0.581077
-0.60693
-0.633146
-0.62099
-0.666279
-0.611334
-0.566285
-0.53367
0

0
-0.577659
-0.57473
-0.624436
-0.620842
-0.593668
-0.688816
-0.673158
-0.688353
-0.688757
-0.678826
-0.678385
-0.685505
-0.737473
-0.781027
-0.826989
-0.802668
-0.842595
-0.739025
-0.6927
-0.654686
0

0
-0.723303
-0.720228
-0.787157
-0.788411
-0.713476
-0.856734
-0.858096
-0.880819
-0.883759
-0.867853
-0.866807
-0.874758
-0.949415
-1.01359
-1.08233
-1.07553
-1.10546
-0.940395
-0.880652
-0.832567
0

0
-0.872229
-0.876706
-0.951212
-0.958945
-0.824792
-1.00331
-1.03693
-1.06973
-1.07818
-1.0547
-1.05387
-1.067
-1.16024
-1.2444
-1.33806
-1.35598
-1.39722
-1.15259
-1.06706
-1.00853
0

0
-1.02805
-1.05504
-1.12148
-1.12924
-1.0255
-1.17058
-1.21581
-1.25826
-1.27216
-1.2417
-1.24284
-1.27044
-1.37686
-1.47796
-1.60102
-1.56578
-1.70938
-1.37686
-1.2533
-1.18453
0

0
-1.19171
-1.25734
-1.30019
-1.30318
-1.28761
-1.34762
-1.39335
-1.44369
-1.46043
-1.42841
-1.43426
-1.4859
-1.6005
-1.71701
-1.88008
-1.80072
-2.03321
-1.60814
-1.43879
-1.36067
0

0
-1.36259
-1.47277
-1.48646
-1.48145
-1.50409
-1.52116
-1.56821
-1.62223
-1.64024
-1.6137
-1.62676
-1.70182
-1.8245
-1.9643
-2.19103
-2.14755
-2.3867
-1.84223
-1.62329
-1.537
0

0
-1.53892
-1.68692
-1.67672
-1.66114
-1.6763
-1.69284
-1.74088
-1.79201
-1.8129
-1.79663
-1.81763
-1.90739
-2.03945
-2.22256
-2.54563
-2.56669
-2.78574
-2.07782
-1.80727
-1.71348
0

0
-1.71893
-1.89154
-1.86606
-1.84018
-1.83672
-1.86466
-1.91137
-1.94951
-1.98027
-1.97673
-2.00471
-2.09986
-2.23506
-2.49294
-2.93212
-2.96622
-3.23104
-2.31701
-1.99253
-1.89005
0

0
-1.90152
-2.08574
-2.05138
-2.01755
-1.98368
-2.03234
-2.07888
-2.0948
-2.14364
-2.15386
-2.18701
-2.27914
-2.3983
-2.77036
-3.31103
-3.20493
-3.68125
-2.55964
-2.18152
-2.06662
0

0
-2.08617
-2.27155
-2.23224
-2.19237
-2.11125
-2.19159
-2.24365
-2.23968
-2.3055
-2.32805
-2.36419
-2.44658
-2.52349
-3.03826
-3.595
-3.18608
-4.02994
-2.79492
-2.37486
-2.24287
0

0
-2.27179
-2.45014
-2.40874
-2.36435
-2.25025
-2.34878
-2.40774
-2.39565
-2.46845
-2.49891
-2.53584
-2.60568
-2.6342
-3.26516
-3.71393
-3.05305
-4.17408
-2.99828
-2.5673
-2.41753
0

0
-2.45419
-2.61973
-2.5788
-2.5332
-2.43126
-2.51445
-2.57202
-2.56079
-2.63126
-2.66427
-2.70042
-2.76112
-2.77343
-3.42518
-3.76231
-3.10308
-4.18486
-3.14798
-2.74337
-2.58707
0

0
-2.59517
-2.74734
-2.70863
-2.66524
-2.58012
-2.64942
-2.70225
-2.69469
-2.75913
-2.79095
-2.82585
-2.88407
-2.91115
-3.51052
-3.84382
-3.32437
-4.23121
-3.23143
-2.86359
-2.71689
0

0
-2.57553
-2.70954
-2.66965
-2.62381
-2.5294
-2.60824
-2.66473
-2.65708
-2.72361
-2.75562
-2.79088
-2.85001
-2.87372
-3.48414
-3.81961
-3.46466
-4.23111
-3.18639
-2.82144
-2.68072
0

0
0
0
0
0
0
0
0
0
0
0
0
0
0
0
0
0
0
0
0
0
0


0
0
0
0
0
0
0
0
0
0
0
0
0
0
0
0
0
0
0
0
0
0

0
-0.505342
-0.526248
-0.532315
-0.531576
-0.510998
-0.537109
-0.543634
-0.550458
-0.552226
-0.549733
-0.550691
-0.556832
-0.574701
-0.593495
-0.610894
-0.610294
-0.667623
-0.633313
-0.57827
-0.540576
0

0
-0.596298
-0.630454
-0.64778
-0.645562
-0.617362
-0.664827
-0.672934
-0.685051
-0.687876
-0.683629
-0.685381
-0.694976
-0.728124
-0.76049
-0.791908
-0.787587
-0.854844
-0.784681
-0.714643
-0.665338
0

0
-0.745898
-0.790022
-0.816765
-0.812599
-0.783338
-0.853336
-0.85818
-0.873911
-0.878475
-0.871352
-0.873543
-0.885985
-0.934837
-0.982755
-1.03051
-1.031
-1.10603
-0.995488
-0.906517
-0.843989
0

0
-0.897292
-0.953769
-0.984929
-0.981857
-0.932905
-1.02192
-1.03838
-1.05963
-1.06721
-1.05672
-1.05968
-1.07631
-1.13905
-1.20278
-1.26877
-1.28273
-1.36516
-1.20753
-1.09534
-1.02048
0

0
-1.05402
-1.12819
-1.15675
-1.15445
-1.09579
-1.18694
-1.2171
-1.24492
-1.2561
-1.24238
-1.24699
-1.27161
-1.34565
-1.42477
-1.51215
-1.5239
-1.63445
-1.42448
-1.2841
-1.19749
0

0
-1.21692
-1.3157
-1.3337
-1.32972
-1.29357
-1.35955
-1.3955
-1.42898
-1.44306
-1.42809
-1.43577
-1.47307
-1.55566
-1.6501
-1.76491
-1.76112
-1.90827
-1.64367
-1.47229
-1.37496
0

0
-1.38608
-1.51346
-1.5159
-1.50799
-1.50243
-1.53665
-1.57317
-1.60992
-1.62605
-1.61324
-1.62546
-1.67694
-1.76677
-1.88005
-2.03483
-2.04725
-2.19413
-1.86291
-1.65961
-1.55288
0

0
-1.56077
-1.71485
-1.70182
-1.68827
-1.69541
-1.71391
-1.74967
-1.7861
-1.80457
-1.79709
-1.81458
-1.87709
-1.97388
-2.11538
-2.32901
-2.40361
-2.50695
-2.08207
-1.84613
-1.73118
0

0
-1.73991
-1.91379
-1.88879
-1.86894
-1.87232
-1.89027
-1.92479
-1.95608
-1.9792
-1.97906
-2.00153
-2.0699
-2.1708
-2.35544
-2.64551
-2.80193
-2.85392
-2.30163
-2.03227
-1.90969
0

0
-1.92255
-2.10723
-2.07423
-2.04863
-2.03849
-2.0644
-2.09807
-2.1194
-2.15065
-2.15872
-2.1851
-2.254
-2.35074
-2.5961
-2.96496
-3.14577
-3.22191
-2.52083
-2.21859
-2.08812
0

0
-2.10782
-2.29429
-2.25649
-2.22624
-2.19339
-2.23394
-2.26915
-2.2795
-2.3198
-2.33556
-2.36439
-2.42919
-2.5098
-2.82748
-3.24341
-3.28844
-3.55566
-2.73342
-2.40456
-2.2658
0

0
-2.294
-2.47413
-2.43413
-2.40063
-2.34468
-2.3993
-2.43797
-2.44157
-2.48727
-2.50847
-2.53819
-2.5963
-2.65456
-3.03359
-3.42793
-3.21774
-3.76803
-2.92504
-2.5867
-2.44114
0

0
-2.47627
-2.6439
-2.60414
-2.5696
-2.50834
-2.56348
-2.60324
-2.60555
-2.65125
-2.67464
-2.704
-2.7563
-2.80168
-3.19991
-3.53159
-3.18386
-3.84855
-3.08051
-2.75667
-2.61044
0

0
-2.61591
-2.77022
-2.73248
-2.69925
-2.64496
-2.69351
-2.7313
-2.73518
-2.77771
-2.80061
-2.8291
-2.87901
-2.92698
-3.30325
-3.61221
-3.3368
-3.89643
-3.17524
-2.87714
-2.73897
0

0
-2.59601
-2.73143
-2.69266
-2.65762
-2.59868
-2.65279
-2.69326
-2.69778
-2.74161
-2.76456
-2.79334
-2.84425
-2.89249
-3.27363
-3.59731
-3.45312
-3.89946
-3.1336
-2.83541
-2.70216
0

0
0
0
0
0
0
0
0
0
0
0
0
0
0
0
0
0
0
0
0
0
0


0
0
0
0
0
0
0
0
0
0
0
0
0
0
0
0
0
0
0
0
0
0

0
-0.523089
-0.554401
-0.550532
-0.547979
-0.539756
-0.551038
-0.554497
-0.5584
-0.560822
-0.559891
-0.561167
-0.565948
-0.576589
-0.590526
-0.601279
-0.600637
-0.664998
-0.652046
-0.594805
-0.554025
0

0
-0.611149
-0.666345
-0.664287
-0.659514
-0.645853
-0.666146
-0.673587
-0.681107
-0.685011
-0.684969
-0.688024
-0.69651
-0.715189
-0.736781
-0.753618
-0.750292
-0.83178
-0.802755
-0.7264
-0.671501
0

0
-0.765856
-0.83966
-0.840892
-0.834358
-0.819196
-0.850053
-0.858532
-0.869042
-0.874482
-0.873698
-0.877801
-0.889662
-0.918197
-0.950879
-0.97734
-0.972692
-1.07224
-1.02578
-0.926487
-0.853608
0

0
-0.920158
-1.01066
-1.01358
-1.00591
-0.987846
-1.02788
-1.03926
-1.05281
-1.06012
-1.05841
-1.06365
-1.07906
-1.1169
-1.16089
-1.19778
-1.19313
-1.30448
-1.2392
-1.11929
-1.03153
0

0
-1.07839
-1.18597
-1.18776
-1.17959
-1.15679
-1.2017
-1.21927
-1.23651
-1.246
-1.24329
-1.24997
-1.2701
-1.31631
-1.37186
-1.4209
-1.4132
-1.53709
-1.45161
-1.31084
-1.20978
0

0
-1.2415
-1.36763
-1.36478
-1.35573
-1.33577
-1.37642
-1.39913
-1.42009
-1.43165
-1.4285
-1.4372
-1.46391
-1.51727
-1.5846
-1.6489
-1.63102
-1.77043
-1.66354
-1.50162
-1.38871
0

0
-1.41002
-1.55568
-1.54525
-1.53448
-1.52533
-1.55432
-1.57913
-1.60291
-1.61618
-1.61384
-1.62527
-1.6597
-1.71929
-1.79966
-1.88529
-1.86301
-2.00755
-1.87488
-1.69177
-1.56845
0

0
-1.58398
-1.74801
-1.72885
-1.71549
-1.71622
-1.73435
-1.75913
-1.7841
-1.79896
-1.79893
-1.81354
-1.85498
-1.92022
-2.01705
-2.13382
-2.13061
-2.25572
-2.0857
-1.88136
-1.74903
0

0
-1.76309
-1.9416
-1.91447
-1.89794
-1.90228
-1.91508
-1.93891
-1.96289
-1.97985
-1.98333
-2.00109
-2.04729
-2.11692
-2.23577
-2.39472
-2.44087
-2.52163
-2.29594
-2.07039
-1.93038
0

0
-1.94685
-2.13388
-2.10054
-2.08073
-2.08263
-2.09533
-2.1181
-2.13878
-2.15894
-2.16655
-2.18694
-2.23501
-2.30566
-2.45283
-2.65951
-2.76523
-2.80446
-2.50426
-2.25858
-2.11221
0

0
-2.1344
-2.32273
-2.28521
-2.26251
-2.25679
-2.27349
-2.29597
-2.31212
-2.33609
-2.34776
-2.36989
-2.41699
-2.48344
-2.66234
-2.90716
-3.01591
-3.08379
-2.70594
-2.44451
-2.29362
0

0
-2.32336
-2.50535
-2.46578
-2.441
-2.4251
-2.44759
-2.47091
-2.48338
-2.51016
-2.52496
-2.54784
-2.592
-2.65027
-2.8557
-3.10924
-3.11053
-3.314
-2.89128
-2.62432
-2.47225
0

0
-2.50729
-2.67655
-2.63715
-2.61158
-2.58942
-2.61485
-2.63898
-2.64996
-2.67738
-2.69374
-2.71657
-2.75763
-2.80937
-3.0247
-3.25838
-3.13055
-3.46349
-3.04893
-2.79093
-2.64297
0

0
-2.64565
-2.80127
-2.7637
-2.73866
-2.7165
-2.74114
-2.7651
-2.7763
-2.80266
-2.81906
-2.84148
-2.88093
-2.93183
-3.1398
-3.35987
-3.23003
-3.54699
-3.14977
-2.90871
-2.7698
0

0
-2.62443
-2.7606
-2.72217
-2.69575
-2.67105
-2.69917
-2.72535
-2.73745
-2.76474
-2.78117
-2.80381
-2.84414
-2.896
-3.1083
-3.34444
-3.31313
-3.54232
-3.10878
-2.86656
-2.73137
0

0
0
0
0
0
0
0
0
0
0
0
0
0
0
0
0
0
0
0
0
0
0


0
0
0
0
0
0
0
0
0
0
0
0
0
0
0
0
0
0
0
0
0
0

0
-0.555358
-0.594035
-0.588152
-0.586091
-0.581223
-0.589103
-0.590527
-0.592888
-0.595309
-0.59347
-0.594032
-0.597922
-0.606564
-0.621265
-0.631571
-0.630476
-0.702125
-0.700518
-0.638136
-0.59045
0

0
-0.62569
-0.691167
-0.680367
-0.674555
-0.669511
-0.677256
-0.681794
-0.68635
-0.690691
-0.691991
-0.695232
-0.702114
-0.713062
-0.729755
-0.739201
-0.7323
-0.820407
-0.815995
-0.739478
-0.6817
0

0
-0.780377
-0.870332
-0.857766
-0.849878
-0.844137
-0.854486
-0.861334
-0.867926
-0.873864
-0.876143
-0.880957
-0.891036
-0.906816
-0.930451
-0.943461
-0.930844
-1.0459
-1.0407
-0.939358
-0.860907
0

0
-0.936118
-1.04711
-1.03297
-1.02342
-1.01817
-1.03054
-1.03942
-1.04793
-1.05539
-1.05857
-1.06492
-1.07814
-1.09868
-1.12939
-1.14577
-1.12359
-1.26127
-1.25665
-1.13438
-1.03834
0

0
-1.09581
-1.2257
-1.20953
-1.19869
-1.19444
-1.20792
-1.2189
-1.22932
-1.23823
-1.24216
-1.25002
-1.26642
-1.29157
-1.32967
-1.34959
-1.31308
-1.47249
-1.47005
-1.32878
-1.21712
0

0
-1.25978
-1.40688
-1.38783
-1.37587
-1.3733
-1.38648
-1.3994
-1.4117
-1.42199
-1.42665
-1.43606
-1.45579
-1.48523
-1.53089
-1.5549
-1.49766
-1.6804
-1.68155
-1.52258
-1.3971
0

0
-1.42856
-1.59119
-1.56834
-1.55529
-1.5554
-1.5667
-1.5809
-1.5949
-1.6064
-1.61191
-1.623
-1.64615
-1.67946
-1.73281
-1.7623
-1.67744
-1.88641
-1.89194
-1.71606
-1.57838
0

0
-1.60262
-1.77859
-1.75132
-1.73711
-1.74022
-1.74883
-1.76344
-1.77873
-1.79126
-1.79787
-1.8107
-1.83704
-1.8737
-1.93495
-1.97253
-1.85419
-2.09248
-2.10179
-1.90957
-1.76115
0

0
-1.78241
-1.96855
-1.93678
-1.92132
-1.92678
-1.93285
-1.94716
-1.96319
-1.97658
-1.98449
-1.99895
-2.02772
-2.06699
-2.1362
-2.18518
-2.02754
-2.30031
-2.31125
-2.1034
-1.94567
0

0
-1.96834
-2.16034
-2.12454
-2.10783
-2.11472
-2.11875
-2.13228
-2.14847
-2.16254
-2.17183
-2.18756
-2.2175
-2.25824
-2.33458
-2.3969
-2.18959
-2.5088
-2.5193
-2.29766
-2.13224
0

0
-2.16057
-2.35284
-2.31405
-2.29633
-2.30402
-2.30633
-2.31881
-2.3347
-2.3492
-2.35966
-2.37608
-2.40574
-2.4464
-2.52722
-2.6011
-2.32403
-2.71097
-2.72208
-2.49134
-2.32076
0

0
-2.35719
-2.543
-2.50282
-2.48467
-2.49288
-2.49362
-2.50496
-2.52037
-2.53482
-2.54602
-2.5625
-2.59074
-2.63022
-2.71111
-2.79156
-2.43023
-2.89529
-2.91095
-2.68003
-2.50894
0

0
-2.54954
-2.72235
-2.68279
-2.66492
-2.67322
-2.67293
-2.68344
-2.69847
-2.71247
-2.72393
-2.74016
-2.76693
-2.80557
-2.88313
-2.96745
-2.5611
-3.05845
-3.07397
-2.85329
-2.68868
0

0
-2.69072
-2.84916
-2.8116
-2.79416
-2.80137
-2.80164
-2.81231
-2.82721
-2.84098
-2.85247
-2.86859
-2.89487
-2.9337
-3.00941
-3.10107
-2.73682
-3.18295
-3.17804
-2.97077
-2.8177
0

0
-2.66876
-2.80718
-2.76884
-2.75008
-2.75462
-2.75821
-2.7712
-2.78693
-2.80172
-2.81333
-2.82969
-2.8567
-2.89604
-2.97788
-3.08481
-2.78455
-3.17583
-3.13761
-2.92809
-2.77814
0

0
0
0
0
0
0
0
0
0
0
0
0
0
0
0
0
0
0
0
0
0
0


0
0
0
0
0
0
0
0
0
0
0
0
0
0
0
0
0
0
0
0
0
0

0
0
0
0
0
0
0
0
0
0
0
0
0
0
0
0
0
0
0
0
0
0

0
0
0
0
0
0
0
0
0
0
0
0
0
0
0
0
0
0
0
0
0
0

0
0
0
0
0
0
0
0
0
0
0
0
0
0
0
0
0
0
0
0
0
0

0
0
0
0
0
0
0
0
0
0
0
0
0
0
0
0
0
0
0
0
0
0

0
0
0
0
0
0
0
0
0
0
0
0
0
0
0
0
0
0
0
0
0
0

0
0
0
0
0
0
0
0
0
0
0
0
0
0
0
0
0
0
0
0
0
0

0
0
0
0
0
0
0
0
0
0
0
0
0
0
0
0
0
0
0
0
0
0

0
0
0
0
0
0
0
0
0
0
0
0
0
0
0
0
0
0
0
0
0
0

0
0
0
0
0
0
0
0
0
0
0
0
0
0
0
0
0
0
0
0
0
0

0
0
0
0
0
0
0
0
0
0
0
0
0
0
0
0
0
0
0
0
0
0

0
0
0
0
0
0
0
0
0
0
0
0
0
0
0
0
0
0
0
0
0
0

0
0
0
0
0
0
0
0
0
0
0
0
0
0
0
0
0
0
0
0
0
0

0
0
0
0
0
0
0
0
0
0
0
0
0
0
0
0
0
0
0
0
0
0

0
0
0
0
0
0
0
0
0
0
0
0
0
0
0
0
0
0
0
0
0
0

0
0
0
0
0
0
0
0
0
0
0
0
0
0
0
0
0
0
0
0
0
0

0
0
0
0
0
0
0
0
0
0
0
0
0
0
0
0
0
0
0
0
0
0


