0
0
0
0
0
-0.265019
0
0
0
0
0
0
0
0
0
0
0
0
0
0
0
0

0
-0.216381
-0.287281
-0.244565
-0.233857
-0.170253
-0.145212
-0.285695
0.0215344
-1.5077
-0.153306
-0.183077
-0.752321
-0.0714107
-0.3312
-0.34377
0.0337662
-0.0573479
-0.137379
-0.246273
-0.238927
0

0
-0.301312
-0.364896
-0.381597
-0.353448
-0.133444
0
-0.438097
-0.0621011
-0.834641
-0.34209
-0.248
-1.55193
-0.167497
-0.38485
-0.641164
0.782279
-0.243123
-0.153086
-0.364231
-0.344311
0

0
-0.380388
-0.49313
-0.496984
-0.459149
0
-0.312641
-0.546901
0
-0.839625
-0.494998
-0.413943
-1.14975
-0.368793
-0.470277
-0.662594
-0.110413
-0.00982319
-0.150254
-0.489108
-0.448608
0

0
-0.464018
-0.579448
-0.644679
-0.543387
-0.217358
-0.427523
-0.645887
-0.195624
-0.860847
-0.63191
-0.579061
-1.25158
-0.69369
-0.563534
-0.602677
-0.301525
0.115732
-0.132465
-0.625231
-0.552133
0

0
-0.561599
-0.663708
-0.691559
-0.644679
-0.283251
-0.536945
-0.756907
-0.252972
-0.939876
-0.741135
-0.738504
-1.08136
-0.900965
-0.668149
-0.705984
-0.52385
0.237925
-0.132465
-0.781455
-0.654739
0

0
-0.663391
-0.759946
-0.774684
-0.756721
-0.333175
-0.642237
-0.884914
-0.277809
-1.02515
-0.867378
-0.879529
-1.1558
-1.02736
-0.793572
-0.546529
-0.763326
0.356102
-0.0290753
-0.980426
-0.756305
0

0
-0.766652
-0.8624
-0.862968
-0.872933
-0.372905
-0.74638
-1.01712
0
-1.13249
-0.983886
-1.01131
-1.24318
-1.1609
-0.8853
-0.507705
-0.994688
0.481429
0.0696826
-1.2032
-0.85694
0

0
-0.870619
-0.967258
-0.955932
-0.986104
-0.413511
-0.848458
-1.05658
-0.654908
-1.14771
-1.08889
-1.13488
-1.34978
-1.30198
-1.10859
-0.313322
-1.24808
0.620386
0.193081
-1.60763
-0.957914
0

0
-0.975099
-1.07273
-1.05378
-1.07119
-0.450587
-0.93649
-1.10586
-0.903739
-1.19694
-1.18847
-1.25158
-1.46251
-1.51831
-1.08767
-0.318956
-1.59847
0.782279
0.274213
-1.49894
-1.06
0

0
-1.08013
-1.17769
-1.15539
-1.09886
-0.598553
-0.977832
-1.14985
-1.11174
-1.26109
-1.28816
-1.35949
-1.55641
-1.93031
-1.07466
-0.299634
-2.0961
1.40508
0.457675
-1.60763
-1.16219
0

0
-1.18603
-1.28115
-1.25483
-1.16042
-0.634432
-1.05897
-1.21413
-1.29392
-1.33419
-1.39818
-1.45042
-1.60361
-2.17215
-0.955914
-0.361947
-2.72958
1.71337
0.530532
-1.74534
-1.26339
0

0
-1.29358
-1.38306
-1.35355
-1.23766
-0.650611
-1.14283
-1.29387
-1.5077
-1.4166
-1.49226
-1.55193
-1.69101
-2.34644
-0.829275
0
-3.50822
2.17069
0.624995
-1.91201
-1.36335
0

0
-1.40343
-1.48377
-1.45698
-1.32701
-0.628512
-1.23398
-1.39831
-1.5283
-1.52125
-1.59621
-1.64229
-1.80701
-2.40596
0
-1.46746
-4.48713
2.94114
0.741566
-2.09536
-1.46294
0

0
-1.51501
-1.58397
-1.562
-1.43196
-0.565095
-1.33739
-1.5077
-1.62476
-1.62541
-1.69222
-1.74263
-1.90765
-2.3479
-0.961577
-1.44221
-5.64691
3.71757
0.853541
-2.27634
-1.56513
0

0
-1.51501
-1.58397
-1.562
-1.43196
-0.285695
-1.33739
-1.5077
-1.62476
-1.62541
-1.69222
-1.74263
-1.90765
-2.3479
-0.961577
-1.44221
-5.64691
3.71757
0.853541
-2.27634
-1.56513
0

0
0
0
0
0
0
0
0
0
0
0
0
0
0
0
0
0
0
0
0
0
0


0
0
0
0
0
0
0
0
0
0
0
0
0
0
0
0
0
0
0
0
0
-1.06

0.216381
-0.216381
-0.287281
-0.244565
-0.233857
-0.170253
-0.145212
-0.285695
0.0215344
-1.5077
-0.153306
-0.183077
-0.752321
-0.0714107
-0.3312
-0.34377
0.0337662
-0.0573479
-0.137379
-0.246273
-0.238927
-0.238927

0.301312
-0.301312
-0.364896
-0.381597
-0.353448
-0.133444
0
-0.438097
-0.0621011
-0.834641
-0.34209
-0.248
-1.55193
-0.167497
-0.38485
-0.641164
0.782279
-0.243123
-0.153086
-0.364231
-0.344311
-0.344311

0.380388
-0.380388
-0.49313
-0.496984
-0.459149
0
-0.312641
-0.546901
0
-0.839625
-0.494998
-0.413943
-1.14975
-0.368793
-0.470277
-0.662594
-0.110413
-0.00982319
-0.150254
-0.489108
-0.448608
-0.448608

0.464018
-0.464018
-0.579448
-0.644679
-0.543387
-0.217358
-0.427523
-0.645887
-0.195624
-0.860847
-0.63191
-0.579061
-1.25158
-0.69369
-0.563534
-0.602677
-0.301525
0.115732
-0.132465
-0.625231
-0.552133
-0.552133

0.561599
-0.561599
-0.663708
-0.691559
-0.644679
-0.283251
-0.536945
-0.756907
-0.252972
-0.939876
-0.741135
-0.738504
-1.08136
-0.900965
-0.668149
-0.705984
-0.52385
0.237925
-0.132465
-0.781455
-0.654739
-0.654739

0.663391
-0.663391
-0.759946
-0.774684
-0.756721
-0.333175
-0.642237
-0.884914
-0.277809
-1.02515
-0.867378
-0.879529
-1.1558
-1.02736
-0.793572
-0.546529
-0.763326
0.356102
-0.0290753
-0.980426
-0.756305
-0.756305

0.766652
-0.766652
-0.8624
-0.862968
-0.872933
-0.372905
-0.74638
-1.01712
0
-1.13249
-0.983886
-1.01131
-1.24318
-1.1609
-0.8853
-0.507705
-0.994688
0.481429
0.0696826
-1.2032
-0.85694
-0.85694

0.870619
-0.870619
-0.967258
-0.955932
-0.986104
-0.413511
-0.848458
-1.05658
-0.654908
-1.14771
-1.08889
-1.13488
-1.34978
-1.30198
-1.10859
-0.313322
-1.24808
0.620386
0.193081
-1.60763
-0.957914
-0.957914

0.975099
-0.975099
-1.07273
-1.05378
-1.07119
-0.450587
-0.93649
-1.10586
-0.903739
-1.19694
-1.18847
-1.25158
-1.46251
-1.51831
-1.08767
-0.318956
-1.59847
0.782279
0.274213
-1.49894
-1.06
-1.06

1.08013
-1.08013
-1.17769
-1.15539
-1.09886
-0.598553
-0.977832
-1.14985
-1.11174
-1.26109
-1.28816
-1.35949
-1.55641
-1.93031
-1.07466
-0.299634
-2.0961
1.40508
0.457675
-1.60763
-1.16219
-1.16219

1.18603
-1.18603
-1.28115
-1.25483
-1.16042
-0.634432
-1.05897
-1.21413
-1.29392
-1.33419
-1.39818
-1.45042
-1.60361
-2.17215
-0.955914
-0.361947
-2.72958
1.71337
0.530532
-1.74534
-1.26339
-1.26339

1.29358
-1.29358
-1.38306
-1.35355
-1.23766
-0.650611
-1.14283
-1.29387
-1.5077
-1.4166
-1.49226
-1.55193
-1.69101
-2.34644
-0.829275
0
-3.50822
2.17069
0.624995
-1.91201
-1.36335
-1.36335

1.40343
-1.40343
-1.48377
-1.45698
-1.32701
-0.628512
-1.23398
-1.39831
-1.5283
-1.52125
-1.59621
-1.64229
-1.80701
-2.40596
0
-1.46746
-4.48713
2.94114
0.741566
-2.09536
-1.46294
-1.46294

1.51501
-1.51501
-1.58397
-1.562
-1.43196
-0.565095
-1.33739
-1.5077
-1.62476
-1.62541
-1.69222
-1.74263
-1.90765
-2.3479
-0.961577
-1.44221
-5.64691
3.71757
0.853541
-2.27634
-1.56513
-1.56513

1.41453
-1.51501
-1.58397
-1.562
-1.43196
-0.285695
-1.33739
-1.5077
-1.62476
-1.62541
-1.69222
-1.74263
-1.90765
-2.3479
-0.961577
-1.44221
-5.64691
3.71757
0.853541
-2.27634
-1.56513
-1.46101

0
0
0
0
0
0
0
0
0
0
0
0
0
0
0
0
0
0
0
0
0
0


0
0
0
0
0
0
0
0
0
0
0
0
0
0
0
0
0
0
0
0
0
0

0.220666
-0.220666
-1.31821
-0.279973
-0.169503
-0.541673
-0.551443
-0.291791
0.00161085
-0.156712
-0.238568
-0.246152
-0.528683
-0.146938
-0.288667
-0.087179
-2.16944
0.110569
-0.0912539
-0.236827
-0.245484
-0.245484

0.302283
-0.302283
1.57646
-0.144352
-0.31704
-0.222911
-0.851623
-0.456367
-0.411476
-0.677427
-0.352782
-0.333736
0.867555
-0.134393
-0.436642
-0.28888
-2.12462
-0.460645
-0.107407
-0.335327
-0.347599
-0.347599

0.370838
-0.370838
0.493561
-0.25289
-0.42747
-0.591898
-0.499503
-0.536915
-0.77887
-0.79653
-0.490423
-0.424678
-0.354623
-0.268242
-0.558431
-0.520993
-0.373954
-0.00267309
-0.0374933
-0.429941
-0.450427
-0.450427

0.458495
-0.458495
-0.250357
-0.307767
-0.515249
-0.501881
-0.535615
-0.642079
-0.657781
-0.851401
-0.621101
-0.57048
-0.671808
-1.00907
-0.693926
-0.74875
-0.520661
-0.0469887
0.100873
-0.512274
-0.552748
-0.552748

0.558966
-0.558966
-0.560969
-0.608975
-0.617263
-0.653301
-0.657388
-0.749983
-0.920697
-0.930898
-0.745449
-0.732062
-0.933246
-1.01204
-0.821316
-1.74074
-0.732038
-0.0686252
0.394813
-0.57068
-0.654281
-0.654281

0.66316
-0.66316
-0.722375
-0.756317
-0.713475
-0.84641
-0.807935
-0.863919
-1.39514
-1.03461
-0.863065
-0.869041
-1.08076
-1.21714
-1.13492
-1.15107
-0.79971
-0.0474674
0.163194
-0.577925
-0.755899
-0.755899

0.7681
-0.7681
-0.845546
-0.860805
-0.809195
-0.996169
-0.964817
-0.983843
-1.74471
-1.12214
-0.977771
-0.99833
-1.19792
-1.48353
-1.43551
-1.47292
-0.968102
-0.0926761
0.000265741
-0.457185
-0.856142
-0.856142

0.873316
-0.873316
-0.958145
-0.959469
-0.919652
-1.02211
-1.07248
-1.08152
-0.819707
-1.13343
-1.08484
-1.1198
-1.31633
-1.85131
-1.82139
-1.99932
-1.12935
-0.249614
-0.0933572
-0.350459
-0.959075
-0.959075

0.978931
-0.978931
-1.06625
-1.05766
-1.04069
-0.914615
-1.05789
-1.12716
-0.898829
-1.18475
-1.18844
-1.23403
-1.43929
-2.18303
-2.34765
-2.32868
-1.23841
-0.545039
-0.20877
-1.1854
-1.0664
-1.0664

1.08515
-1.08515
-1.17282
-1.15596
-1.12452
-0.803653
-0.967566
-1.16465
-0.996919
-1.25144
-1.29068
-1.34146
-1.54742
-1.98714
-2.6726
-2.62679
-1.30732
1.39059
0.316532
-1.45452
-1.16938
-1.16938

1.192
-1.192
-1.28528
-1.25499
-1.18719
-0.852558
-1.10075
-1.24331
-1.05231
-1.32725
-1.39167
-1.4438
-1.59437
-0.0289575
-2.68323
-2.98236
-1.09518
1.5746
0.312837
-1.54441
-1.27136
-1.27136

1.29949
-1.29949
-1.41436
-1.35751
-1.26798
-0.860359
-1.19225
-1.3269
-1.15189
-1.41852
-1.49286
-1.5427
-1.66411
-1.87525
-2.71526
-3.20735
-0.975706
1.91923
0.292186
-1.60775
-1.37247
-1.37247

1.40961
-1.40961
-1.53446
-1.48037
-1.36281
-0.922354
-1.29046
-1.42153
-1.49707
-1.52918
-1.59236
-1.64211
-1.77404
-2.22444
-2.3946
-1.89073
-0.821773
2.44207
0.240783
-1.6608
-1.47358
-1.47358

1.52559
-1.52559
-1.60595
-1.58005
-1.47261
-1.02048
-1.39964
-1.53207
-1.61167
-1.63396
-1.69374
-1.74124
-1.87777
-2.22284
-1.10569
-1.81503
-1.271
3.03597
0.116972
-1.71643
-1.57737
-1.57737

1.4234
-1.52559
-1.60595
-1.58005
-1.47261
-1.02048
-1.39964
-1.53207
-1.61167
-1.63396
-1.69374
-1.74124
-1.87777
-2.22284
-1.10569
-1.81503
-1.271
3.03597
0.116972
-1.71643
-1.57737
-1.47105

0
0
0
0
0
0
0
0
0
0
0
0
0
0
0
0
0
0
0
0
0
0


0
0
0
0
0
0
0
0
0
0
0
0
0
0
0
0
0
0
0
0
0
0

0.227643
-0.227643
-0.440993
-0.209747
-0.237312
-0.523579
-0.38319
-0.290105
-0.279027
-0.209251
-0.260179
-0.251416
-0.129505
-0.237236
-0.295153
-0.309664
-1.31327
-0.274729
-0.129307
-0.236165
-0.249844
-0.249844

0.292733
-0.292733
0.49186
-0.258891
-0.306295
-0.621829
-0.552023
-0.397368
-0.380999
-0.423478
-0.369362
-0.352531
-0.162107
-0.337154
-0.441002
-0.472725
-2.01142
-0.169388
-0.0939504
-0.324454
-0.351415
-0.351415

0.372509
-0.372509
0.209376
-0.316139
-0.418281
-0.524537
-0.619528
-0.541425
-0.575959
-0.650624
-0.490678
-0.461598
-0.200596
-0.49115
-0.591996
-0.699964
1.0999
-0.154178
-0.0985575
-0.413583
-0.454049
-0.454049

0.461287
-0.461287
-0.138931
-0.43125
-0.525364
-0.563166
-0.611913
-0.639779
-0.763648
-0.786431
-0.61699
-0.585065
-0.571644
-0.708259
-0.761709
-0.850494
-0.104949
-0.188342
-0.0837901
-0.496735
-0.55695
-0.55695

0.56029
-0.56029
-0.459695
-0.54764
-0.617707
-0.685427
-0.688596
-0.742313
-0.876268
-0.879021
-0.739081
-0.723126
-0.819383
-0.957142
-0.952677
-0.894491
-0.608773
-0.227372
-0.163696
-0.568526
-0.659706
-0.659706

0.664639
-0.664639
-0.673976
-0.713715
-0.720175
-0.8512
-0.798448
-0.847787
-1.04863
-0.969916
-0.855975
-0.859082
-0.996761
-1.17707
-1.13549
-1.76796
-0.967308
-0.295882
-0.0944089
-0.61812
-0.761986
-0.761986

0.770506
-0.770506
-0.826481
-0.844998
-0.826005
-0.99162
-0.91358
-0.952211
-1.23397
-1.06153
-0.969451
-0.986462
-1.14365
-1.39617
-1.41649
-1.6394
-1.14027
-0.297024
-0.144953
-0.690729
-0.865111
-0.865111

0.876685
-0.876685
-0.953245
-0.955873
-0.932779
-1.04785
-1.01531
-1.04662
-1.17236
-1.13836
-1.07901
-1.10745
-1.27055
-1.64121
-1.69635
-1.97599
-1.33638
-0.186333
-0.205169
-0.818154
-0.967785
-0.967785

0.983125
-0.983125
-1.07015
-1.06038
-1.03679
-0.887425
-1.05908
-1.12409
-1.03794
-1.19053
-1.18328
-1.22241
-1.38852
-1.88855
-2.0179
-2.3856
-1.48624
0.164415
-0.167877
-0.911068
-1.0696
-1.0696

1.09013
-1.09013
-1.18331
-1.16355
-1.12687
-0.551138
-1.03302
-1.18805
-1.0838
-1.26038
-1.28544
-1.33193
-1.49188
-1.88819
-2.35972
-2.64377
-1.49306
-0.182115
-0.412053
-1.24071
-1.17528
-1.17528

1.19817
-1.19817
-1.29463
-1.26702
-1.20758
-0.951459
-1.13344
-1.26184
-1.16892
-1.3416
-1.38677
-1.43655
-1.56666
-1.0591
-2.58078
-2.68302
-1.37474
0.118444
-0.419814
-1.43889
-1.27924
-1.27924

1.30781
-1.30781
-1.40542
-1.37124
-1.29747
-1.04041
-1.23706
-1.34996
-1.26891
-1.4307
-1.48793
-1.53776
-1.64853
-1.41137
-2.56547
-2.59461
-1.14248
0.273204
-0.532237
-1.55693
-1.38268
-1.38268

1.4193
-1.4193
-1.52287
-1.47633
-1.39535
-1.11658
-1.33913
-1.44738
-1.40378
-1.52902
-1.58891
-1.638
-1.74613
-1.93198
-2.17136
-2.11962
-1.06821
0.366944
-0.695493
-1.6565
-1.48641
-1.48641

1.53219
-1.53219
-1.64843
-1.58736
-1.50329
-1.2237
-1.44914
-1.55401
-1.56683
-1.63704
-1.6912
-1.73836
-1.84939
-2.09097
-1.2999
-2.59529
-1.32974
0.303294
-0.828964
-1.7578
-1.59164
-1.59164

1.42886
-1.53219
-1.64843
-1.58736
-1.50329
-1.2237
-1.44914
-1.55401
-1.56683
-1.63704
-1.6912
-1.73836
-1.84939
-2.09097
-1.2999
-2.59529
-1.32974
0.303294
-0.828964
-1.7578
-1.59164
-1.48363

0
0
0
0
0
0
0
0
0
0
0
0
0
0
0
0
0
0
0
0
0
0


0
0
0
0
0
0
0
0
0
0
0
0
0
0
0
0
0
0
0
0
0
0

0.229264
-0.229264
-0.154686
-0.216974
-0.253556
-0.081653
-0.307958
-0.274627
-0.283084
-0.27427
-0.264719
-0.257205
-0.209914
-0.2736
-0.301346
-0.332879
-0.433377
-0.182984
-0.156205
-0.238784
-0.25177
-0.25177

0.30254
-0.30254
-0.0767647
-0.296745
-0.318599
-0.628244
-0.479733
-0.398104
-0.4042
-0.405142
-0.377491
-0.365337
-0.290935
-0.393653
-0.451955
-0.49971
-0.982684
-0.266449
-0.178176
-0.329761
-0.354651
-0.354651

0.38209
-0.38209
-0.096929
-0.372795
-0.409961
-0.850935
-0.596011
-0.516894
-0.543328
-0.564941
-0.493646
-0.477022
-0.37772
-0.532584
-0.609361
-0.673826
-0.480025
-0.355091
-0.214262
-0.420814
-0.457842
-0.457842

0.470494
-0.470494
-0.254135
-0.468049
-0.51718
-0.814716
-0.649271
-0.629673
-0.696701
-0.711197
-0.613376
-0.595809
-0.555551
-0.700865
-0.776262
-0.859518
-0.317412
-0.361115
-0.265891
-0.510993
-0.561242
-0.561242

0.567224
-0.567224
-0.461237
-0.577636
-0.623815
-0.758567
-0.705286
-0.732102
-0.824312
-0.827691
-0.732603
-0.722236
-0.769975
-0.901882
-0.953947
-1.08083
-0.647116
-0.42129
-0.311197
-0.598511
-0.664626
-0.664626

0.669709
-0.669709
-0.65378
-0.704091
-0.727586
-0.810139
-0.7884
-0.833353
-0.94412
-0.928235
-0.84877
-0.851186
-0.938622
-1.09292
-1.14317
-1.32323
-0.970624
-0.492674
-0.356789
-0.687892
-0.767937
-0.767937

0.774957
-0.774957
-0.813103
-0.833337
-0.83173
-0.932367
-0.888358
-0.934044
-1.06743
-1.02401
-0.961705
-0.975966
-1.08937
-1.28644
-1.35004
-1.69514
-1.25585
-0.565492
-0.40439
-0.785216
-0.871175
-0.871175

0.881268
-0.881268
-0.94845
-0.951807
-0.934982
-1.04074
-0.99191
-1.03118
-1.13993
-1.11327
-1.07141
-1.09579
-1.22259
-1.47112
-1.5789
-1.91213
-1.48215
-0.653925
-0.493784
-0.892009
-0.974193
-0.974193

0.988143
-0.988143
-1.07076
-1.0622
-1.03778
-1.00532
-1.07365
-1.12051
-1.13481
-1.19011
-1.17747
-1.21071
-1.34203
-1.6361
-1.82557
-2.28887
-1.67079
-0.894454
-0.656038
-1.00843
-1.07719
-1.07719

1.0957
-1.0957
-1.18634
-1.16887
-1.13694
-0.779847
-1.11112
-1.20088
-1.16226
-1.26633
-1.28082
-1.32099
-1.44834
-1.69809
-2.10225
-2.62355
-1.75106
-1.22869
-0.834257
-1.16792
-1.18119
-1.18119

1.20435
-1.20435
-1.29802
-1.27429
-1.22531
-0.937147
-1.17012
-1.28009
-1.23387
-1.35005
-1.38286
-1.42713
-1.53984
-1.51877
-2.36195
-2.68893
-1.67367
-1.54278
-1.06016
-1.35319
-1.28602
-1.28602

1.31459
-1.31459
-1.40758
-1.37945
-1.32029
-1.11484
-1.27232
-1.36963
-1.32526
-1.44049
-1.4844
-1.5301
-1.62846
-1.54257
-2.49915
-2.47358
-1.50318
-1.80362
-1.26135
-1.49767
-1.39051
-1.39051

1.42669
-1.42669
-1.51768
-1.48518
-1.42175
-1.23068
-1.37849
-1.46778
-1.43123
-1.53733
-1.58582
-1.63134
-1.72408
-1.77643
-2.4018
-2.25912
-1.52367
-2.00547
-1.41725
-1.60983
-1.495
-1.495

1.53988
-1.53988
-1.62839
-1.59296
-1.52982
-1.34148
-1.48846
-1.57341
-1.55275
-1.64069
-1.68777
-1.73218
-1.82452
-1.95901
-2.13535
-2.58835
-1.76265
-2.07267
-1.50018
-1.70656
-1.6002
-1.6002

1.4354
-1.53988
-1.62839
-1.59296
-1.52982
-1.34148
-1.48846
-1.57341
-1.55275
-1.64069
-1.68777
-1.73218
-1.82452
-1.95901
-2.13535
-2.58835
-1.76265
-2.07267
-1.50018
-1.70656
-1.6002
-1.49112

0
0
0
0
0
0
0
0
0
0
0
0
0
0
0
0
0
0
0
0
0
0


0
0
0
0
0
1
0
0
0
0
0
0
0
0
0
0
0
0
0
0
0
0

0.233857
-0.233857
-0.177758
-0.230796
-0.255853
1.12875
-0.238541
-0.265756
-0.276956
-0.275459
-0.265243
-0.261169
-0.24693
-0.282887
-0.302175
-0.324675
-0.299419
-0.22176
-0.196756
-0.245068
-0.253215
-0.253215

0.312295
-0.312295
-0.21871
-0.315902
-0.352695
0.785596
-0.335216
-0.382813
-0.400983
-0.401089
-0.379758
-0.37251
-0.343086
-0.412211
-0.4534
-0.494356
-0.5386
-0.315494
-0.250947
-0.341274
-0.3574
-0.3574

0.394639
-0.394639
-0.269464
-0.403713
-0.435211
0.118351
-0.482638
-0.499953
-0.526637
-0.532809
-0.494658
-0.485547
-0.450598
-0.547759
-0.608209
-0.665623
-0.746416
-0.429905
-0.315316
-0.437845
-0.461462
-0.461462

0.482969
-0.482969
-0.370914
-0.498076
-0.525503
-0.467133
-0.608136
-0.613623
-0.655921
-0.664578
-0.610845
-0.602104
-0.586399
-0.697365
-0.768422
-0.848116
-0.675806
-0.52384
-0.389212
-0.535157
-0.565458
-0.565458

0.577855
-0.577855
-0.513049
-0.602502
-0.627312
-0.711996
-0.701465
-0.720298
-0.779077
-0.785364
-0.727165
-0.722792
-0.749435
-0.863922
-0.9354
-1.0428
-0.790653
-0.618299
-0.465954
-0.633601
-0.669392
-0.669392

0.678126
-0.678126
-0.667632
-0.715889
-0.732413
-0.802771
-0.787932
-0.82261
-0.892768
-0.894125
-0.841932
-0.845666
-0.905902
-1.03256
-1.10933
-1.25536
-1.03221
-0.750625
-0.555342
-0.73465
-0.773236
-0.773236

0.781839
-0.781839
-0.814597
-0.834804
-0.8373
-0.885694
-0.881151
-0.923231
-1.00107
-0.995498
-0.954321
-0.967096
-1.04899
-1.19977
-1.29182
-1.52202
-1.30866
-0.941514
-0.660168
-0.83831
-0.876919
-0.876919

0.887435
-0.887435
-0.948754
-0.952031
-0.941373
-0.980616
-0.980553
-1.02202
-1.09317
-1.09138
-1.06409
-1.08524
-1.18123
-1.35931
-1.48688
-1.79056
-1.58427
-1.22124
-0.800817
-0.94607
-0.980504
-0.980504

0.994145
-0.994145
-1.07254
-1.06473
-1.04442
-1.04609
-1.07699
-1.11716
-1.15396
-1.18093
-1.17114
-1.19963
-1.30232
-1.4997
-1.69471
-2.0976
-1.84459
-1.59438
-0.979804
-1.06168
-1.08416
-1.08416

1.10182
-1.10182
-1.18946
-1.1738
-1.14552
-1.0331
-1.15446
-1.20734
-1.20785
-1.26702
-1.27578
-1.31023
-1.41266
-1.59388
-1.91809
-2.44015
-2.03787
-1.99581
-1.17682
-1.18872
-1.18815
-1.18815

1.21069
-1.21069
-1.30198
-1.28081
-1.24232
-1.03954
-1.21742
-1.29464
-1.27901
-1.35526
-1.37883
-1.4173
-1.51294
-1.60969
-2.14559
-2.64675
-2.08877
-2.40336
-1.38851
-1.33172
-1.29278
-1.29278

1.3211
-1.3211
-1.41166
-1.38692
-1.33999
-1.16813
-1.30718
-1.38638
-1.36646
-1.44788
-1.48102
-1.52142
-1.60799
-1.64089
-2.33241
-2.59516
-2.03079
-2.654
-1.56794
-1.46942
-1.39753
-1.39753

1.43323
-1.43323
-1.51959
-1.49298
-1.44283
-1.29696
-1.41129
-1.4849
-1.46559
-1.54518
-1.5828
-1.62345
-1.70427
-1.75796
-2.41318
-2.48245
-2.05235
-2.76676
-1.69753
-1.58854
-1.5022
-1.5022

1.54613
-1.54613
-1.62614
-1.59965
-1.55045
-1.41439
-1.5205
-1.5895
-1.57424
-1.64702
-1.68466
-1.72453
-1.8034
-1.894
-2.40396
-2.60756
-2.26097
-2.82037
-1.78658
-1.69199
-1.60712
-1.60712

1.44074
-1.54613
-1.62614
-1.59965
-1.55045
-1.41439
-1.5205
-1.5895
-1.57424
-1.64702
-1.68466
-1.72453
-1.8034
-1.894
-2.40396
-2.60756
-2.26097
-2.82037
-1.78658
-1.69199
-1.60712
-1.49714

0
0
0
0
0
0
0
0
0
0
0
0
0
0
0
0
0
0
0
0
0
0


0
0
0
0
0
0
0
0
0
0
0
0
0
0
0
0
0
0
0
0
0
0

0.238654
-0.238654
-0.213008
-0.240996
-0.229734
-0.301583
-0.323173
-0.270753
-0.272207
-0.271726
-0.26506
-0.26336
-0.260364
-0.283657
-0.299131
-0.315537
-0.295055
-0.256034
-0.229706
-0.252392
-0.254599
-0.254599

0.32131
-0.32131
-0.281684
-0.332025
-0.331663
-0.326837
-0.412564
-0.383146
-0.393168
-0.393681
-0.379828
-0.376542
-0.368815
-0.415291
-0.447392
-0.48015
-0.469599
-0.367198
-0.310221
-0.354909
-0.360068
-0.360068

0.406619
-0.406619
-0.357539
-0.424726
-0.435884
-0.28656
-0.48327
-0.49248
-0.512732
-0.516054
-0.494085
-0.490167
-0.482018
-0.548625
-0.597147
-0.646849
-0.670107
-0.492221
-0.396596
-0.457323
-0.464979
-0.464979

0.495882
-0.495882
-0.451452
-0.521164
-0.535567
-0.372905
-0.577645
-0.601851
-0.63197
-0.638122
-0.608383
-0.605363
-0.606545
-0.688064
-0.749772
-0.818385
-0.794799
-0.627703
-0.491027
-0.560525
-0.569573
-0.569573

0.589935
-0.589935
-0.567218
-0.623433
-0.635798
-0.578301
-0.681384
-0.709216
-0.748845
-0.756069
-0.722572
-0.722693
-0.744352
-0.835483
-0.906357
-0.997118
-0.906399
-0.770597
-0.594317
-0.665104
-0.674004
-0.674004

0.688516
-0.688516
-0.696467
-0.7315
-0.739132
-0.745593
-0.781504
-0.813561
-0.86049
-0.867451
-0.835874
-0.841397
-0.885327
-0.986516
-1.06744
-1.18949
-1.08969
-0.944773
-0.709747
-0.77127
-0.778325
-0.778325

0.790599
-0.790599
-0.828225
-0.843911
-0.844096
-0.862276
-0.879818
-0.915767
-0.9666
-0.972886
-0.947582
-0.959652
-1.02045
-1.13644
-1.23397
-1.40612
-1.33119
-1.17039
-0.8411
-0.878941
-0.882542
-0.882542

0.895066
-0.895066
-0.955892
-0.957494
-0.949161
-0.963113
-0.979637
-1.01638
-1.06468
-1.07363
-1.05733
-1.07592
-1.14861
-1.28107
-1.40781
-1.64539
-1.61074
-1.45204
-0.99093
-0.98877
-0.986708
-0.986708

1.00117
-1.00117
-1.07774
-1.0696
-1.05346
-1.05553
-1.07929
-1.11496
-1.14999
-1.17023
-1.16499
-1.18947
-1.26917
-1.41329
-1.58961
-1.9085
-1.9164
-1.7771
-1.15656
-1.10219
-1.09091
-1.09091

1.1086
-1.1086
-1.19448
-1.17945
-1.15623
-1.11944
-1.1716
-1.21087
-1.22695
-1.26385
-1.27067
-1.30004
-1.38181
-1.52247
-1.7788
-2.20176
-2.20997
-2.13171
-1.33173
-1.2203
-1.19526
-1.19526

1.2174
-1.2174
-1.30733
-1.28741
-1.25704
-1.15426
-1.25318
-1.30477
-1.30731
-1.35729
-1.37476
-1.40765
-1.487
-1.59973
-1.96925
-2.45451
-2.4029
-2.48412
-1.50544
-1.34427
-1.29988
-1.29988

1.32777
-1.32777
-1.41722
-1.39416
-1.35756
-1.23851
-1.34112
-1.39994
-1.39638
-1.45275
-1.47774
-1.51256
-1.58695
-1.66677
-2.14072
-2.5571
-2.44266
-2.75633
-1.66397
-1.46855
-1.4046
-1.4046

1.43973
-1.43973
-1.52474
-1.50032
-1.46091
-1.35192
-1.44122
-1.49923
-1.49395
-1.55113
-1.57995
-1.61525
-1.68522
-1.75806
-2.26192
-2.54584
-2.42766
-2.88414
-1.78891
-1.58425
-1.5092
-1.5092

1.55215
-1.55215
-1.63018
-1.60629
-1.56762
-1.46773
-1.54821
-1.60298
-1.59851
-1.65255
-1.68178
-1.71654
-1.78421
-1.86718
-2.32996
-2.59195
-2.56793
-2.91835
-1.87413
-1.68819
-1.61374
-1.61374

1.44589
-1.55215
-1.63018
-1.60629
-1.56762
-1.46773
-1.54821
-1.60298
-1.59851
-1.65255
-1.68178
-1.71654
-1.78421
-1.86718
-2.32996
-2.59195
-2.56793
-2.91835
-1.87413
-1.68819
-1.61374
-1.50292

0
0
0
0
0
0
0
0
0
0
0
0
0
0
0
0
0
0
0
0
0
0


0
0
0
0
0
0
0
0
0
0
0
0
0
0
0
0
0
0
0
0
0
0

0.243152
-0.243152
-0.234796
-0.246967
-0.248398
-0.236386
-0.261636
-0.262135
-0.2678
-0.268507
-0.264877
-0.264661
-0.265776
-0.281607
-0.293922
-0.30628
-0.29733
-0.277751
-0.254546
-0.259704
-0.256133
-0.256133

0.329603
-0.329603
-0.319595
-0.343994
-0.343201
-0.33634
-0.388056
-0.377263
-0.385826
-0.387278
-0.379492
-0.378915
-0.380286
-0.412096
-0.437478
-0.463181
-0.455575
-0.405586
-0.356453
-0.36862
-0.362975
-0.362975

0.41748
-0.41748
-0.407854
-0.440783
-0.441864
-0.407286
-0.488958
-0.487686
-0.501744
-0.504919
-0.492925
-0.492533
-0.495694
-0.542336
-0.581
-0.62112
-0.626645
-0.541083
-0.4603
-0.476174
-0.468542
-0.468542

0.508005
-0.508005
-0.503908
-0.53938
-0.542703
-0.479147
-0.58054
-0.595287
-0.616232
-0.621663
-0.605888
-0.606623
-0.615674
-0.674849
-0.725859
-0.781845
-0.789609
-0.689067
-0.570099
-0.583938
-0.573622
-0.573622

0.601986
-0.601986
-0.610784
-0.641274
-0.644476
-0.588748
-0.676907
-0.701582
-0.729079
-0.73638
-0.718536
-0.721703
-0.74184
-0.810952
-0.872981
-0.947358
-0.935857
-0.849585
-0.687631
-0.692458
-0.678496
-0.678496

0.69958
-0.69958
-0.726842
-0.746918
-0.74772
-0.721479
-0.777609
-0.806555
-0.839104
-0.847689
-0.830583
-0.837536
-0.871307
-0.949452
-1.023
-1.12156
-1.10265
-1.02914
-0.813785
-0.8018
-0.783284
-0.783284

0.800374
-0.800374
-0.847388
-0.855733
-0.852425
-0.84677
-0.879445
-0.910185
-0.945448
-0.955184
-0.941594
-0.953213
-0.999086
-1.08755
-1.17655
-1.30968
-1.31021
-1.23578
-0.949053
-0.911901
-0.888036
-0.888036

0.903717
-0.903717
-0.968044
-0.966252
-0.957819
-0.958721
-0.981591
-1.01262
-1.04717
-1.05924
-1.05123
-1.06771
-1.12285
-1.22231
-1.33443
-1.51521
-1.5605
-1.4709
-1.09229
-1.0229
-0.992788
-0.992788

1.00905
-1.00905
-1.0864
-1.07681
-1.06303
-1.06128
-1.0833
-1.11378
-1.14286
-1.16033
-1.15933
-1.18033
-1.24166
-1.34969
-1.49672
-1.73872
-1.85306
-1.73265
-1.24149
-1.13524
-1.09758
-1.09758

1.11606
-1.11606
-1.20177
-1.18636
-1.16736
-1.15033
-1.18194
-1.21345
-1.23339
-1.25918
-1.26585
-1.2907
-1.35497
-1.46471
-1.66197
-1.98025
-2.17114
-2.01926
-1.39375
-1.24932
-1.20243
-1.20243

1.22468
-1.22468
-1.31426
-1.29463
-1.27053
-1.22271
-1.27546
-1.31191
-1.3233
-1.35712
-1.37094
-1.39865
-1.46278
-1.56392
-1.82526
-2.21065
-2.44652
-2.31358
-1.54368
-1.36511
-1.30733
-1.30733

1.33495
-1.33495
-1.42414
-1.40172
-1.37325
-1.30354
-1.36871
-1.41052
-1.41671
-1.45558
-1.47478
-1.5042
-1.56602
-1.65287
-1.97512
-2.36664
-2.58516
-2.56542
-1.68354
-1.48061
-1.41216
-1.41216

1.44671
-1.44671
-1.53151
-1.50787
-1.47716
-1.4044
-1.46792
-1.51109
-1.51506
-1.55539
-1.57754
-1.60749
-1.66644
-1.74502
-2.09593
-2.43023
-2.59799
-2.70806
-1.80028
-1.59143
-1.51668
-1.51668

1.55864
-1.55864
-1.63636
-1.61323
-1.58294
-1.51429
-1.57276
-1.61432
-1.61801
-1.65679
-1.67944
-1.70901
-1.76595
-1.84509
-2.18448
-2.47653
-2.64792
-2.75387
-1.88792
-1.69452
-1.62085
-1.62085

1.45147
-1.55864
-1.63636
-1.61323
-1.58294
-1.51429
-1.57276
-1.61432
-1.61801
-1.65679
-1.67944
-1.70901
-1.76595
-1.84509
-2.18448
-2.47653
-2.64792
-2.75387
-1.88792
-1.69452
-1.62085
-1.50915

0
0
0
0
0
0
0
0
0
0
0
0
0
0
0
0
0
0
0
0
0
0


0
0
0
0
0
0
0
0
0
0
0
0
0
0
0
0
0
0
0
0
0
0

0.247738
-0.247738
-0.248706
-0.252508
-0.252561
-0.243503
-0.258372
-0.261135
-0.26535
-0.266514
-0.265126
-0.265836
-0.268277
-0.278751
-0.287873
-0.296597
-0.294254
-0.290399
-0.27347
-0.266776
-0.258092
-0.258092

0.337443
-0.337443
-0.344673
-0.353992
-0.353085
-0.342729
-0.371201
-0.373151
-0.38065
-0.382863
-0.379495
-0.380641
-0.385189
-0.40664
-0.425928
-0.444941
-0.444145
-0.429151
-0.392316
-0.381853
-0.36635
-0.36635

0.427367
-0.427367
-0.44044
-0.453811
-0.452033
-0.437953
-0.479503
-0.482731
-0.493492
-0.497104
-0.491831
-0.493716
-0.500899
-0.532915
-0.562532
-0.592629
-0.598371
-0.569298
-0.508781
-0.493633
-0.472301
-0.472301

0.519076
-0.519076
-0.539545
-0.55427
-0.552291
-0.527174
-0.57989
-0.59016
-0.605046
-0.610412
-0.603531
-0.606662
-0.61814
-0.659732
-0.699563
-0.741959
-0.754979
-0.716877
-0.628038
-0.60485
-0.577661
-0.577661

0.613344
-0.613344
-0.643971
-0.656543
-0.654031
-0.623926
-0.678275
-0.696225
-0.715466
-0.722611
-0.714919
-0.72001
-0.738126
-0.788044
-0.837841
-0.894431
-0.907929
-0.873274
-0.751656
-0.716159
-0.682874
-0.682874

0.710478
-0.710478
-0.753836
-0.761162
-0.757212
-0.733814
-0.778733
-0.801482
-0.824362
-0.833089
-0.825927
-0.833742
-0.860132
-0.917603
-0.977875
-1.05224
-1.06646
-1.03951
-0.879728
-0.827652
-0.788089
-0.788089

0.810413
-0.810413
-0.867469
-0.868016
-0.861722
-0.849006
-0.881294
-0.906082
-0.9312
-0.941426
-0.936313
-0.947416
-0.981921
-1.04706
-1.12005
-1.21836
-1.24581
-1.21791
-1.01166
-0.939268
-0.893365
-0.893365

0.912864
-0.912864
-0.982606
-0.976449
-0.967146
-0.96158
-0.984866
-1.01005
-1.03548
-1.04759
-1.04583
-1.06042
-1.10167
-1.17459
-1.26463
-1.39551
-1.45562
-1.41057
-1.1464
-1.05099
-0.998731
-0.998731

1.01752
-1.01752
-1.09745
-1.08554
-1.07288
-1.06882
-1.08845
-1.11332
-1.13671
-1.1518
-1.15429
-1.1722
-1.2184
-1.29789
-1.41134
-1.58454
-1.70195
-1.61929
-1.2828
-1.16292
-1.1042
-1.1042

1.12416
-1.12416
-1.21101
-1.19446
-1.17837
-1.16899
-1.1908
-1.21581
-1.23509
-1.25441
-1.26161
-1.28238
-1.33149
-1.41432
-1.55865
-1.78351
-1.98249
-1.84457
-1.41935
-1.27511
-1.20974
-1.20974

1.23268
-1.23268
-1.32281
-1.30273
-1.28326
-1.26107
-1.29086
-1.3176
-1.33229
-1.35605
-1.36774
-1.39071
-1.44068
-1.52198
-1.70278
-1.97787
-2.26129
-2.07837
-1.55322
-1.38724
-1.31526
-1.31526

1.343
-1.343
-1.43255
-1.41006
-1.38771
-1.35181
-1.38977
-1.41917
-1.43042
-1.4574
-1.47264
-1.49696
-1.54614
-1.62205
-1.83651
-2.13441
-2.45741
-2.29168
-1.67931
-1.49813
-1.42055
-1.42055

1.45476
-1.45476
-1.53984
-1.51626
-1.49233
-1.45035
-1.49059
-1.5213
-1.53067
-1.5589
-1.57619
-1.60098
-1.64852
-1.71931
-1.95133
-2.23205
-2.52224
-2.43711
-1.78995
-1.60553
-1.52528
-1.52528

1.5663
-1.5663
-1.64421
-1.6211
-1.59741
-1.55585
-1.59433
-1.62437
-1.6331
-1.66058
-1.6783
-1.70285
-1.74885
-1.8179
-2.04577
-2.29814
-2.54607
-2.50461
-1.88086
-1.70745
-1.62918
-1.62918

1.45806
-1.5663
-1.64421
-1.6211
-1.59741
-1.55585
-1.59433
-1.62437
-1.6331
-1.66058
-1.6783
-1.70285
-1.74885
-1.8179
-2.04577
-2.29814
-2.54607
-2.50461
-1.88086
-1.70745
-1.62918
-1.51644

0
0
0
0
0
0
0
0
0
0
0
0
0
0
0
0
0
0
0
0
0
0


0
0
0
0
0
0
0
0
0
0
0
0
0
0
0
0
0
0
0
0
0
0

0.253411
-0.253411
-0.259642
-0.258548
-0.257335
-0.253308
-0.259741
-0.262201
-0.265146
-0.266638
-0.26683
-0.268088
-0.270611
-0.276946
-0.283129
-0.288628
-0.289233
-0.298266
-0.288459
-0.274177
-0.261438
-0.261438

0.344967
-0.344967
-0.362696
-0.362754
-0.360436
-0.353946
-0.367346
-0.371654
-0.377274
-0.379988
-0.379866
-0.382101
-0.38718
-0.400467
-0.413902
-0.426281
-0.42897
-0.441104
-0.41942
-0.393688
-0.369884
-0.369884

0.436429
-0.436429
-0.463745
-0.464846
-0.461237
-0.453581
-0.47341
-0.47922
-0.487294
-0.491338
-0.490891
-0.49422
-0.501982
-0.522216
-0.543123
-0.562957
-0.569199
-0.581409
-0.545615
-0.50932
-0.476023
-0.476023

0.529163
-0.529163
-0.565627
-0.56686
-0.562119
-0.551445
-0.57704
-0.585857
-0.596515
-0.602015
-0.601336
-0.605962
-0.616946
-0.6438
-0.672318
-0.700374
-0.711024
-0.72332
-0.671128
-0.623533
-0.581568
-0.581568

0.623855
-0.623855
-0.669812
-0.669754
-0.663961
-0.650218
-0.678942
-0.691842
-0.705232
-0.712228
-0.711602
-0.717831
-0.732923
-0.765876
-0.802102
-0.83952
-0.852873
-0.868202
-0.797411
-0.737117
-0.687052
-0.687052

0.720848
-0.720848
-0.776851
-0.774022
-0.767018
-0.753589
-0.781094
-0.797458
-0.813358
-0.821777
-0.821723
-0.829905
-0.849885
-0.888493
-0.932789
-0.981524
-0.996265
-1.01626
-0.924643
-0.850275
-0.792655
-0.792655

0.82027
-0.82027
-0.886422
-0.879792
-0.87131
-0.86129
-0.884475
-0.902875
-0.92065
-0.930407
-0.931581
-0.942001
-0.967016
-1.01112
-1.06455
-1.12795
-1.1475
-1.16816
-1.05247
-0.963034
-0.898446
-0.898446

0.922108
-0.922108
-0.997662
-0.986874
-0.976655
-0.970486
-0.98898
-1.00815
-1.02685
-1.03799
-1.04102
-1.05379
-1.08332
-1.13283
-1.19741
-1.28044
-1.31395
-1.32544
-1.18042
-1.0754
-1.00446
-1.00446

1.0263
-1.0263
-1.10962
-1.09486
-1.08273
-1.07876
-1.09409
-1.11326
-1.13175
-1.14454
-1.1499
-1.16493
-1.19804
-1.2524
-1.33098
-1.43971
-1.50266
-1.49008
-1.30803
-1.18741
-1.11073
-1.11073

1.13279
-1.13279
-1.22152
-1.20329
-1.18915
-1.18458
-1.19914
-1.21817
-1.23534
-1.25018
-1.25811
-1.27513
-1.31065
-1.36839
-1.4641
-1.60433
-1.7182
-1.66341
-1.4346
-1.29904
-1.21724
-1.21724

1.24157
-1.24157
-1.33278
-1.31171
-1.29561
-1.28712
-1.30352
-1.32285
-1.33814
-1.35513
-1.36557
-1.38412
-1.42078
-1.47956
-1.59421
-1.76674
-1.94942
-1.84291
-1.55858
-1.40998
-1.32389
-1.32389

1.35253
-1.35253
-1.44278
-1.41967
-1.4019
-1.38762
-1.40719
-1.42735
-1.44089
-1.45959
-1.47206
-1.49159
-1.52823
-1.58563
-1.71699
-1.90994
-2.15004
-2.01538
-1.67685
-1.51935
-1.4304
-1.4304

1.46502
-1.46502
-1.55057
-1.52654
-1.50781
-1.48943
-1.51084
-1.5316
-1.54393
-1.56341
-1.57714
-1.59703
-1.63285
-1.68776
-1.82764
-2.01885
-2.2615
-2.15409
-1.78469
-1.62556
-1.53619
-1.53619

1.5767
-1.5767
-1.65486
-1.63129
-1.61271
-1.59335
-1.61459
-1.63508
-1.64678
-1.66595
-1.68
-1.69975
-1.73454
-1.78764
-1.92523
-2.10198
-2.30956
-2.2429
-1.87877
-1.72689
-1.64034
-1.64034

1.467
-1.5767
-1.65486
-1.63129
-1.61271
-1.59335
-1.61459
-1.63508
-1.64678
-1.66595
-1.68
-1.69975
-1.73454
-1.78764
-1.92523
-2.10198
-2.30956
-2.2429
-1.87877
-1.72689
-1.64034
-1.52617

0
0
0
0
0
0
0
0
0
0
0
0
0
0
0
0
0
0
0
0
0
0


0
0
0
0
0
0
0
0
0
0
0
0
0
0
0
0
0
0
0
0
0
0

0.263578
-0.263578
-0.273213
-0.27006
-0.268399
-0.266388
-0.269443
-0.271297
-0.273333
-0.27493
-0.27547
-0.276705
-0.27892
-0.283229
-0.288665
-0.293416
-0.295946
-0.313541
-0.307992
-0.288626
-0.271848
-0.271848

0.352258
-0.352258
-0.376139
-0.371052
-0.367708
-0.364628
-0.369565
-0.373573
-0.377577
-0.380577
-0.382171
-0.384847
-0.389494
-0.397435
-0.407304
-0.415746
-0.420238
-0.449835
-0.438649
-0.404315
-0.374742
-0.374742

0.443678
-0.443678
-0.479798
-0.473372
-0.468509
-0.464705
-0.47159
-0.477587
-0.483464
-0.487824
-0.490365
-0.494437
-0.501534
-0.513228
-0.527835
-0.540256
-0.546228
-0.586935
-0.569817
-0.521044
-0.479208
-0.479208

0.536942
-0.536942
-0.583912
-0.576274
-0.570009
-0.565798
-0.574475
-0.582339
-0.589969
-0.595655
-0.599083
-0.604536
-0.614093
-0.629509
-0.649047
-0.665645
-0.672276
-0.723349
-0.69999
-0.637383
-0.584273
-0.584273

0.632051
-0.632051
-0.688854
-0.679816
-0.672244
-0.667691
-0.677844
-0.687554
-0.696843
-0.703818
-0.708101
-0.714951
-0.727019
-0.746019
-0.77063
-0.791651
-0.797584
-0.858823
-0.829018
-0.753068
-0.689753
-0.689753

0.729132
-0.729132
-0.794952
-0.784151
-0.775346
-0.77066
-0.78167
-0.7931
-0.803938
-0.812136
-0.81729
-0.825576
-0.840233
-0.862609
-0.892415
-0.918264
-0.921436
-0.993129
-0.956826
-0.868014
-0.795595
-0.795595

0.828343
-0.828343
-0.902371
-0.889416
-0.879436
-0.875079
-0.886147
-0.898941
-0.911143
-0.920466
-0.926549
-0.936308
-0.953567
-0.97909
-1.01425
-1.04568
-1.04368
-1.12618
-1.08334
-0.982221
-0.901803
-0.901803

0.929838
-0.929838
-1.01107
-0.995667
-0.984566
-0.980962
-0.991432
-1.00509
-1.01838
-1.02871
-1.03579
-1.04701
-1.06672
-1.09516
-1.13592
-1.17419
-1.16467
-1.25819
-1.2085
-1.09573
-1.00841
-1.00841

1.03377
-1.03377
-1.12083
-1.10287
-1.09071
-1.08804
-1.09757
-1.11158
-1.12561
-1.13682
-1.14495
-1.15754
-1.17933
-1.21039
-1.25698
-1.30387
-1.28462
-1.38947
-1.33226
-1.20862
-1.11548
-1.11548

1.14033
-1.14033
-1.23138
-1.21095
-1.19779
-1.19601
-1.20452
-1.21848
-1.23288
-1.24484
-1.25402
-1.26778
-1.2911
-1.32427
-1.37664
-1.43411
-1.40297
-1.52001
-1.45441
-1.32097
-1.22312
-1.22312

1.24978
-1.24978
-1.34244
-1.31982
-1.30579
-1.30463
-1.31226
-1.32592
-1.34033
-1.35292
-1.36303
-1.37766
-1.40182
-1.43625
-1.49367
-1.56294
-1.51719
-1.64875
-1.57439
-1.43281
-1.33144
-1.33144

1.36239
-1.36239
-1.45363
-1.42938
-1.41473
-1.41376
-1.42078
-1.43405
-1.44822
-1.46121
-1.47203
-1.48714
-1.51138
-1.54591
-1.60647
-1.68646
-1.62209
-1.77244
-1.69078
-1.54397
-1.44053
-1.44053

1.47777
-1.47777
-1.5641
-1.53916
-1.52429
-1.52318
-1.52979
-1.54263
-1.55642
-1.56949
-1.58068
-1.59587
-1.61955
-1.65312
-1.71392
-1.7999
-1.71573
-1.88563
-1.8007
-1.65335
-1.55
-1.55

1.59235
-1.59235
-1.67104
-1.64668
-1.63215
-1.63078
-1.63712
-1.64952
-1.66284
-1.67569
-1.68692
-1.70193
-1.72489
-1.7572
-1.81579
-1.90108
-1.81101
-1.98486
-1.89973
-1.75751
-1.65737
-1.65737

1.48042
-1.59235
-1.67104
-1.64668
-1.63215
-1.63078
-1.63712
-1.64952
-1.66284
-1.67569
-1.68692
-1.70193
-1.72489
-1.7572
-1.81579
-1.90108
-1.81101
-1.98486
-1.89973
-1.75751
-1.65737
-1.54091

0
0
0
0
0
0
0
0
0
0
0
0
0
0
0
0
0
0
0
0
0
0


0
0
0
0
0
0
0
0
0
0
0
0
0
0
0
0
0
0
0
0
0
0

0
-0.263578
-0.273213
-0.27006
-0.268399
-0.266388
-0.269443
-0.271297
-0.273333
-0.27493
-0.27547
-0.276705
-0.27892
-0.283229
-0.288665
-0.293416
-0.295946
-0.313541
-0.307992
-0.288626
-0.271848
0

0
-0.352258
-0.376139
-0.371052
-0.367708
-0.364628
-0.369565
-0.373573
-0.377577
-0.380577
-0.382171
-0.384847
-0.389494
-0.397435
-0.407304
-0.415746
-0.420238
-0.449835
-0.438649
-0.404315
-0.374742
0

0
-0.443678
-0.479798
-0.473372
-0.468509
-0.464705
-0.47159
-0.477587
-0.483464
-0.487824
-0.490365
-0.494437
-0.501534
-0.513228
-0.527835
-0.540256
-0.546228
-0.586935
-0.569817
-0.521044
-0.479208
0

0
-0.536942
-0.583912
-0.576274
-0.570009
-0.565798
-0.574475
-0.582339
-0.589969
-0.595655
-0.599083
-0.604536
-0.614093
-0.629509
-0.649047
-0.665645
-0.672276
-0.723349
-0.69999
-0.637383
-0.584273
0

0
-0.632051
-0.688854
-0.679816
-0.672244
-0.667691
-0.677844
-0.687554
-0.696843
-0.703818
-0.708101
-0.714951
-0.727019
-0.746019
-0.77063
-0.791651
-0.797584
-0.858823
-0.829018
-0.753068
-0.689753
0

0
-0.729132
-0.794952
-0.784151
-0.775346
-0.77066
-0.78167
-0.7931
-0.803938
-0.812136
-0.81729
-0.825576
-0.840233
-0.862609
-0.892415
-0.918264
-0.921436
-0.993129
-0.956826
-0.868014
-0.795595
0

0
-0.828343
-0.902371
-0.889416
-0.879436
-0.875079
-0.886147
-0.898941
-0.911143
-0.920466
-0.926549
-0.936308
-0.953567
-0.97909
-1.01425
-1.04568
-1.04368
-1.12618
-1.08334
-0.982221
-0.901803
0

0
-0.929838
-1.01107
-0.995667
-0.984566
-0.980962
-0.991432
-1.00509
-1.01838
-1.02871
-1.03579
-1.04701
-1.06672
-1.09516
-1.13592
-1.17419
-1.16467
-1.25819
-1.2085
-1.09573
-1.00841
0

0
-1.03377
-1.12083
-1.10287
-1.09071
-1.08804
-1.09757
-1.11158
-1.12561
-1.13682
-1.14495
-1.15754
-1.17933
-1.21039
-1.25698
-1.30387
-1.28462
-1.38947
-1.33226
-1.20862
-1.11548
0

0
-1.14033
-1.23138
-1.21095
-1.19779
-1.19601
-1.20452
-1.21848
-1.23288
-1.24484
-1.25402
-1.26778
-1.2911
-1.32427
-1.37664
-1.43411
-1.40297
-1.52001
-1.45441
-1.32097
-1.22312
0

0
-1.24978
-1.34244
-1.31982
-1.30579
-1.30463
-1.31226
-1.32592
-1.34033
-1.35292
-1.36303
-1.37766
-1.40182
-1.43625
-1.49367
-1.56294
-1.51719
-1.64875
-1.57439
-1.43281
-1.33144
0

0
-1.36239
-1.45363
-1.42938
-1.41473
-1.41376
-1.42078
-1.43405
-1.44822
-1.46121
-1.47203
-1.48714
-1.51138
-1.54591
-1.60647
-1.68646
-1.62209
-1.77244
-1.69078
-1.54397
-1.44053
0

0
-1.47777
-1.5641
-1.53916
-1.52429
-1.52318
-1.52979
-1.54263
-1.55642
-1.56949
-1.58068
-1.59587
-1.61955
-1.65312
-1.71392
-1.7999
-1.71573
-1.88563
-1.8007
-1.65335
-1.55
0

0
-1.59235
-1.67104
-1.64668
-1.63215
-1.63078
-1.63712
-1.64952
-1.66284
-1.67569
-1.68692
-1.70193
-1.72489
-1.7572
-1.81579
-1.90108
-1.81101
-1.98486
-1.89973
-1.75751
-1.65737
0

0
-1.59235
-1.67104
-1.64668
-1.63215
-1.63078
-1.63712
-1.64952
-1.66284
-1.67569
-1.68692
-1.70193
-1.72489
-1.7572
-1.81579
-1.90108
-1.81101
-1.98486
-1.89973
-1.75751
-1.65737
0

0
0
0
0
0
0
0
0
0
0
0
0
0
0
0
0
0
0
0
0
0
0


