0
0
0
0
0
0
0
0
0
0
0
0
0
0
0
0
0
0
0
0
0
0

0
0
0
0
0
0
0
0
0
0
0
0
0
0
0
0
0
0
0
0
0
0

0
0
0
0
0
0
0
0
0
0
0
0
0
0
0
0
0
0
0
0
0
0

0
0
0
0
0
0
0
0
0
0
0
0
0
0
0
0
0
0
0
0
0
0

0
0
0
0
0
0
0
0
0
0
0
0
0
0
0
0
0
0
0
0
0
0

0
0
0
0
0
0
0
0
0
0
0
0
0
0
0
0
0
0
0
0
0
0

0
0
0
0
0
0
0
0
0
0
0
0
0
0
0
0
0
0
0
0
0
0

0
0
0
0
0
0
0
0
0
0
0
0
0
0
0
0
0
0
0
0
0
0

0
0
0
0
0
0
0
0
0
0
0
0
0
0
0
0
0
0
0
0
0
0

0
0
0
0
0
0
0
0
0
0
0
0
0
0
0
0
0
0
0
0
0
0

0
0
0
0
0
0
0
0
0
0
0
0
0
0
0
0
0
0
0
0
0
0

0
0
0
0
0
0
0
0
0
0
0
0
0
0
0
0
0
0
0
0
0
0

0
0
0
0
0
0
0
0
0
0
0
0
0
0
0
0
0
0
0
0
0
0

0
0
0
0
0
0
0
0
0
0
0
0
0
0
0
0
0
0
0
0
0
0

0
0
0
0
0
0
0
0
0
0
0
0
0
0
0
0
0
0
0
0
0
0

0
0
0
0
0
0
0
0
0
0
0
0
0
0
0
0
0
0
0
0
0
0

0
0
0
0
0
0
0
0
0
0
0
0
0
0
0
0
0
0
0
0
0
0


0
0
0
0
0
0
0
0
0
0
0
0
0
0
0
0
0
0
0
0
0
0

0
-0.858721
-0.968488
-0.759973
1.20667
-1.37458
-1.63869
-1.1786
2.82631
-8.3096
-1.03861
-1.21941
-5.69131
-0.454636
-1.5345
-2.01236
-1.34343
6.00984
-0.462324
-1.68465
-1.26622
0

0
-1.29616
-5.25275
-1.52924
-0.689655
0.444202
0.0487439
-2.20476
0.470626
-2.53319
-2.01833
-1.42585
-7.41497
0.6905
-1.27856
-1.1681
-0.79216
3.06549
-0.147617
-2.60287
-1.52812
0

0
-1.75129
-3.26132
-2.19834
-1.8082
0.488008
-0.718026
-2.37148
-1.12923
-2.88204
-2.45053
-2.17563
-4.9817
-0.722532
-1.38449
-1.3947
2.63925
1.11786
-0.682332
-3.41072
-2.06602
0

0
-1.75062
-8.83491
-2.58137
-2.07627
-0.643076
-1.32511
-2.80818
-0.531684
-2.46387
-3.09315
-2.93092
-6.70558
-11.4749
-1.45556
-0.503868
-2.39668
0.777059
-1.17077
-4.08545
-2.5277
0

0
-2.17655
-7.56669
-3.05548
-2.29112
-1.29183
-2.58792
-3.21038
-0.485521
-3.55763
-3.50339
-3.79724
-4.27574
-2.66399
-1.82783
2.24097
-5.97743
0.909777
-1.07728
-4.79305
-2.97046
0

0
-3.00304
-3.18453
-3.42389
-2.79877
-1.19717
-2.95372
-3.67727
-0.855726
-4.38039
-3.94974
-4.45959
-4.60897
-2.32268
-1.83211
-0.486972
-3.54623
0.0260872
-2.48112
-5.52019
-3.41012
0

0
-3.63985
-3.34531
-3.79585
-3.33057
-0.996339
-3.04176
-3.95161
0.614059
-4.52786
-4.46686
-4.89012
-5.82797
-5.07983
-1.66005
-1.29006
-1.70464
-0.529675
-3.2563
-6.41307
-3.85351
0

0
-4.07288
-4.91304
-4.28976
-3.67222
-1.39443
-3.39289
-3.91847
-3.35922
-4.37968
-4.90342
-5.29493
-6.24204
-6.48912
-1.91677
-0.949763
-4.42733
-0.7156
-3.94515
-7.099
-4.30462
0

0
-4.53859
-5.2847
-4.79214
-3.94055
-2.86716
-3.82072
-4.13591
-5.58674
-4.53865
-5.26295
-5.62199
-6.0732
-8.45251
-1.98808
-1.11159
-5.99155
-0.639161
-4.56636
-5.64448
-4.7624
0

0
-5.02067
-5.39916
-5.12514
-4.3385
-1.81568
-4.26215
-4.48571
-6.25291
-4.95402
-5.6204
-5.83276
-6.38607
-5.39984
-1.45303
-1.63822
-7.08349
1.5095
-5.64703
-5.71847
-5.19902
0

0
-5.49982
-5.74067
-5.45504
-4.83947
-1.77687
-4.62761
-4.92177
-6.11819
-5.41765
-6.01567
-6.09451
-7.25515
-16.5148
-0.722811
-2.0512
-8.45105
-0.152217
-6.09769
-6.64926
-5.61916
0

0
-5.99517
-6.27729
-5.58273
-5.37681
-1.66859
-5.04503
-5.47089
-6.83122
-5.96258
-6.47249
-6.56543
-7.03315
-10.6074
-0.67051
0.302718
-9.63847
-1.1456
-6.25174
-7.50698
-6.09511
0

0
-6.52255
-6.84354
-5.88441
-5.86796
-1.83576
-5.64322
-6.10557
-6.33804
-6.60134
-6.99939
-7.13685
-7.54049
-4.79424
0.637003
-7.03823
-10.279
-1.50516
-6.20761
-7.52313
-6.65828
0

0
-6.80766
-7.07196
-6.87765
-6.16181
-1.87746
-6.04208
-6.44384
-6.82424
-6.91129
-7.284
-7.42084
-8.16111
-9.40914
-1.90325
-6.97448
-10.3098
-1.90034
-6.59283
-7.38339
-6.96001
0

0
-6.60248
-6.85426
-6.3536
-5.9249
-0.643514
-5.74378
-6.16799
-6.74484
-6.63722
-7.04115
-7.17491
-7.88645
-9.30937
-1.80115
-5.63807
-10.0653
-1.50127
-6.42281
-7.35052
-6.71343
0

0
0
0
0
0
0
0
0
0
0
0
0
0
0
0
0
0
0
0
0
0
0


0
0
0
0
0
0
0
0
0
0
0
0
0
0
0
0
0
0
0
0
0
0

0
-1.25817
-3.1215
-0.955126
0.131004
-3.05896
-3.58745
-1.53153
-0.585112
0.377133
-1.76579
-1.78464
1.15853
-3.35902
-3.58443
-4.85961
-1.11622
0.88226
-1.81204
-1.12724
-1.69696
0

0
-0.145161
6.15013
0.330368
0.549798
-2.69656
-3.62892
-1.96894
-0.844178
-5.29491
-1.7856
-1.49893
-1.88372
-1.4734
-4.0089
-4.8832
-3.66569
5.30411
-0.310709
-1.13869
-1.59073
0

0
-1.17967
10.7185
-0.874935
-1.56049
1.0691
-1.31679
-2.69262
-4.39371
-5.50552
-2.47896
-2.15698
-5.54596
-3.19836
-5.1143
-5.35595
3.93948
2.11724
-1.07478
-1.78493
-2.22433
0

0
-1.98357
-2.72737
-2.6295
-2.66977
0.323143
-0.347215
-3.08742
-5.22837
-2.73461
-3.22214
-3.03045
-9.0794
-9.95476
-5.70513
-4.50803
6.25043
-0.499888
-1.9797
-2.18359
-2.76633
0

0
-2.45376
-11.2977
-4.00185
-2.72137
-2.39817
-2.31519
-3.41037
-4.08046
-2.48629
-3.81284
-3.92586
-7.40571
-9.93592
-6.11714
-1.6294
-3.44579
-0.46189
-2.6148
-2.69838
-3.25148
0

0
-3.08555
-7.64177
-4.26589
-3.05833
-3.38839
-3.85426
-3.86352
-3.51913
-4.10616
-4.14901
-4.66795
-3.8979
-1.49327
-5.7604
-3.70076
-6.03195
-1.31568
-3.13235
-3.78015
-3.70673
0

0
-3.8424
-2.5125
-4.14082
-3.76712
-2.45982
-3.80258
-4.17746
-1.90468
-4.87228
-4.66289
-5.08285
-4.64308
-2.40167
-4.05465
-6.89914
1.1494
-2.23312
-4.36891
-5.79393
-4.1537
0

0
-4.31623
-4.14255
-4.4203
-4.30123
-1.6419
-3.74491
-4.11893
0.389757
-4.88102
-5.19155
-5.46896
-6.14637
-3.67278
-3.13239
-6.79952
1.41943
-2.84457
-4.96558
-7.91961
-4.61028
0

0
-4.77133
-5.82888
-5.21573
-4.55188
-2.84119
-4.24293
-4.32783
-3.83035
-4.92473
-5.60345
-5.87158
-5.84418
-2.33367
-3.81736
-4.83736
-0.672163
-2.77224
-4.3553
-7.35749
-5.10321
0

0
-5.2901
-6.06287
-5.76039
-4.84801
-4.70287
-4.91743
-5.02632
-7.32654
-5.4051
-5.9718
-6.14137
-5.46036
-2.61791
-4.10591
-3.88274
-0.741309
0.54337
-4.72046
-4.86911
-5.62382
0

0
-5.81424
-6.10096
-5.92262
-5.40822
-5.0039
-5.49078
-5.54581
-7.30515
-5.90384
-6.37652
-6.42917
-7.25774
-15.862
-3.9788
-4.92297
-0.279507
1.00632
-6.24754
-5.46681
-6.07457
0

0
-6.34427
-6.45755
-5.84269
-6.09198
-4.86784
-5.75623
-6.06355
-7.41782
-6.37535
-6.85645
-6.93469
-8.83277
-20.5449
-4.85837
-5.18135
-0.988401
-1.58466
-7.4036
-8.40526
-6.51099
0

0
-6.89167
-7.11867
-5.87026
-6.6543
-5.79481
-6.24888
-6.64884
-7.72284
-6.98904
-7.3801
-7.47239
-7.09703
3.85957
-2.4263
-5.78101
-2.89841
-2.47653
-6.89296
-9.56571
-7.07047
0

0
-7.16249
-7.45204
-6.93006
-6.875
-6.86896
-6.69771
-6.96353
-7.40655
-7.3193
-7.66263
-7.72045
-7.36314
0.697823
-0.672709
-9.18535
-4.01242
-2.57945
-6.4716
-8.8675
-7.38226
0

0
-6.96962
-7.21539
-6.62269
-6.63956
-6.16665
-6.42922
-6.70305
-7.44946
-7.0555
-7.42467
-7.50013
-7.57379
-3.38087
-1.51084
-7.6529
-3.6469
-2.32535
-6.60975
-8.54447
-7.14642
0

0
0
0
0
0
0
0
0
0
0
0
0
0
0
0
0
0
0
0
0
0
0


0
0
0
0
0
0
0
0
0
0
0
0
0
0
0
0
0
0
0
0
0
0

0
-1.67851
-2.22839
-2.07032
-3.14734
-1.58301
-1.59728
-2.25367
-4.26844
-0.860723
-2.27843
-2.21361
-0.885675
-4.09283
-3.33015
-3.35949
0.961842
-8.03864
-3.37294
-2.07821
-2.09399
0

0
-0.895756
6.93805
-0.989978
-0.519712
-6.07257
-3.13828
-1.62087
-0.665757
-0.468109
-1.73738
-1.93506
-1.46577
-4.26231
-3.45477
-4.30931
-2.30045
0.355126
-1.98656
-1.60467
-1.81728
0

0
-1.09307
4.21942
-0.919609
-0.949537
-3.02929
-4.2299
-2.55787
-1.41211
-5.05485
-2.46729
-2.31491
-1.56667
-3.33172
-4.33526
-5.07184
-5.51843
0.835241
-2.3488
-2.33371
-2.31187
0

0
-1.61601
3.91066
-1.33925
-2.55581
1.91968
-2.03649
-3.20454
-4.59866
-5.59451
-3.16154
-2.90403
-4.52539
-2.46488
-5.60327
-6.54239
6.27127
-1.96761
-3.25935
-2.98201
-2.85178
0

0
-2.43168
-2.55764
-3.06725
-3.33086
0.673047
-1.28282
-3.65768
-5.31761
-3.38751
-3.90522
-3.87076
-9.63791
-12.9313
-7.3825
-6.73298
4.89991
-2.78455
-4.19946
-3.3683
-3.39682
0

0
-3.14756
-10.3661
-4.67891
-3.43615
-3.08645
-3.33757
-4.0788
-4.69396
-3.43526
-4.40886
-4.80015
-7.72701
-10.0155
-8.78013
-3.57774
-4.2924
-2.86228
-4.79144
-3.58486
-3.91879
0

0
-3.94871
-6.85556
-5.08079
-3.91407
-4.98048
-4.64356
-4.60169
-4.04744
-4.68729
-4.81867
-5.38082
-4.73395
-4.42114
-7.7407
-6.6448
-4.83988
-3.55885
-5.76947
-4.30636
-4.42459
0

0
-4.5857
-3.83927
-4.82318
-4.67301
-4.05504
-4.58497
-4.80169
-2.32376
-5.24279
-5.35139
-5.71551
-5.48887
-4.98743
-5.16373
-10.3994
0.924639
-4.83828
-7.16032
-6.76127
-4.91504
0

0
-5.05623
-5.31097
-5.16739
-5.18236
-3.51693
-4.57969
-4.71761
-1.37551
-5.33853
-5.86505
-6.09872
-6.05126
-3.7512
-4.16743
-9.75993
0.0966664
-6.89772
-7.07542
-9.36288
-5.40781
0

0
-5.56941
-6.6688
-6.0067
-5.47211
-4.88686
-5.20404
-5.1529
-5.06749
-5.70651
-6.30422
-6.43411
-4.95232
-1.09701
-4.99572
-6.06862
-1.53423
-7.18662
-5.70254
-8.04094
-5.94284
0

0
-6.11601
-7.07776
-6.60099
-5.89043
-6.25506
-6.08621
-5.96368
-7.64978
-6.35464
-6.7309
-6.734
-5.1286
-9.03238
-6.65135
-3.59555
-1.84909
-3.50716
-6.16244
-5.00846
-6.49622
0

0
-6.64767
-7.22141
-6.93382
-6.56117
-5.77779
-6.63802
-6.58899
-7.91468
-6.8602
-7.18498
-7.27595
-9.62076
-35.546
-10.2825
-3.51226
-2.14507
-5.47763
-8.36378
-5.61872
-6.96504
0

0
-7.16604
-7.47351
-7.10872
-7.21028
-5.40705
-6.86282
-7.10234
-8.45076
-7.33439
-7.67608
-7.82762
-9.56888
-20.0136
-10.1173
-3.83883
-3.3233
-7.45838
-9.67314
-8.50549
-7.41353
0

0
-7.40444
-7.73415
-6.78634
-7.39884
-6.14565
-7.06238
-7.32464
-8.50437
-7.58887
-7.89869
-8.01884
-8.12896
-4.67483
-9.14956
-4.47661
-4.13103
-7.11902
-9.02851
-9.05605
-7.66086
0

0
-7.2368
-7.59626
-6.91926
-7.15649
-5.93927
-6.9092
-7.09086
-8.21192
-7.37142
-7.69288
-7.80191
-8.29238
-13.2495
-9.47118
-4.2943
-3.87147
-6.72647
-8.74614
-8.25843
-7.46581
0

0
0
0
0
0
0
0
0
0
0
0
0
0
0
0
0
0
0
0
0
0
0


0
0
0
0
0
0
0
0
0
0
0
0
0
0
0
0
0
0
0
0
0
0

0
-1.83135
0.0333121
-2.1685
-2.10823
0.198536
-2.2028
-2.12631
-1.85877
-2.45656
-2.19837
-2.29109
-2.96347
-2.73067
-3.06236
-3.47235
-3.42306
-6.15983
-3.72351
-2.35965
-2.15234
0

0
-1.54214
0.193315
-1.80144
-2.08462
-3.88495
-1.68744
-2.10903
-2.98799
-1.35446
-2.19677
-2.17287
-0.976462
-3.60221
-3.85121
-4.32987
-0.478523
-6.36292
-3.42689
-2.13941
-2.06435
0

0
-1.64869
0.845123
-1.91911
-1.61715
-8.43224
-3.51085
-2.57962
-2.04024
-1.97166
-2.60833
-2.68501
-2.99435
-4.04167
-5.01403
-5.44743
-3.62127
-4.70246
-3.65082
-2.57639
-2.5143
0

0
-1.89646
0.291967
-1.99
-2.20974
-4.59026
-4.39688
-3.21231
-2.81552
-4.85335
-3.16779
-3.11072
-2.78774
-3.97276
-6.40376
-6.30281
-3.01498
-5.52041
-4.44461
-3.10583
-2.99766
0

0
-2.407
-0.240716
-2.53008
-3.44141
0.533092
-2.81297
-3.81155
-4.67354
-5.22789
-3.87999
-3.75843
-5.15074
-5.47768
-8.12076
-7.37171
4.41571
-7.07606
-5.38825
-3.66727
-3.53521
0

0
-3.15986
-4.77722
-3.91852
-4.01727
-0.322431
-2.67198
-4.23587
-5.04977
-4.15763
-4.54805
-4.69814
-8.71619
-11.0321
-10.3415
-6.80568
1.45936
-7.14576
-6.01816
-4.20836
-4.0783
0

0
-3.96257
-8.48104
-5.24926
-4.26042
-3.89878
-4.25542
-4.7305
-4.97909
-4.45087
-5.04529
-5.49819
-7.29444
-8.79461
-11.6696
-4.77439
-5.16368
-7.47678
-6.49014
-4.62185
-4.61068
0

0
-4.72428
-6.3007
-5.65946
-4.83562
-5.58945
-5.23821
-5.21104
-4.30078
-5.2905
-5.51836
-5.95932
-5.62348
-5.68956
-9.79385
-6.87061
-3.39253
-7.95339
-7.53447
-5.24051
-5.14849
0

0
-5.30195
-5.17064
-5.62435
-5.51393
-4.94774
-5.3529
-5.38514
-3.03895
-5.695
-6.03625
-6.29759
-5.88577
-4.31176
-6.97186
-11.3184
-1.10157
-9.03876
-8.66773
-7.22804
-5.68568
0

0
-5.80984
-6.17338
-6.09074
-5.97536
-5.17598
-5.53701
-5.50933
-3.34299
-5.96578
-6.52172
-6.65451
-5.62521
-1.51383
-6.83637
-12
-2.21772
-9.72597
-8.14138
-9.48314
-6.20391
0

0
-6.33913
-7.16304
-6.84214
-6.34635
-6.78512
-6.25139
-6.09282
-5.78821
-6.51782
-6.97398
-6.97226
-4.83165
1.90345
-8.96686
-8.36833
-2.90879
-7.96515
-6.92844
-8.19946
-6.72869
0

0
-6.85938
-7.71828
-7.48572
-6.85715
-7.60842
-7.11825
-6.84156
-6.9156
-7.14936
-7.42955
-7.38267
-6.38146
-7.70213
-11.5935
-6.23789
-2.97124
-6.7651
-7.36368
-5.91379
-7.24388
0

0
-7.3516
-8.07996
-8.00272
-7.47603
-6.9657
-7.56712
-7.41101
-7.0948
-7.63188
-7.89546
-7.95039
-9.18343
-27.2557
-12.2737
-7.18841
-3.58675
-9.68049
-9.26051
-6.6423
-7.69743
0

0
-7.56352
-8.18922
-8.14261
-7.71807
-6.67286
-7.58326
-7.59193
-7.33686
-7.8143
-8.09288
-8.17359
-9.01708
-22.1715
-11.0572
-8.64731
-4.41362
-10.5503
-9.79712
-8.17064
-7.88076
0

0
-7.41543
-8.03396
-7.95697
-7.46548
-6.82039
-7.42099
-7.36369
-7.04582
-7.60688
-7.89789
-7.94688
-8.26914
-17.7281
-11.0428
-8.42874
-4.23256
-9.66826
-9.14309
-7.67375
-7.70382
0

0
0
0
0
0
0
0
0
0
0
0
0
0
0
0
0
0
0
0
0
0
0


0
0
0
0
0
1
0
0
0
0
0
0
0
0
0
0
0
0
0
0
0
0

0
-1.92473
-2.06096
-2.25091
-2.23111
0.609666
-2.189
-2.21814
-2.19143
-2.19496
-2.27287
-2.30411
-2.29209
-2.59245
-3.02074
-3.28294
-2.92354
-6.79638
-3.67734
-2.42601
-2.2246
0

0
-1.7045
-0.507651
-2.10251
-2.14482
1.6908
-2.10939
-2.2323
-2.17078
-2.3245
-2.29237
-2.37351
-2.78673
-3.03492
-3.72068
-4.07218
-1.81311
-7.68712
-3.96975
-2.40662
-2.2087
0

0
-2.00666
-1.10611
-2.34322
-2.45241
-2.9456
-2.4451
-2.72234
-2.98996
-2.4121
-2.8153
-2.82748
-2.3389
-3.83603
-4.92615
-5.61029
-2.68784
-7.66449
-4.20295
-2.82915
-2.68395
0

0
-2.26836
-1.09696
-2.64163
-2.52892
-8.62682
-3.93716
-3.29826
-2.97541
-3.26994
-3.32612
-3.36045
-3.60744
-4.28871
-6.09945
-6.76543
-5.20266
-7.27457
-4.58269
-3.37011
-3.17779
0

0
-2.65526
-1.65211
-2.95783
-3.25779
-5.80622
-4.51158
-3.89938
-3.89492
-4.8982
-3.91368
-3.89292
-4.01348
-4.93544
-7.581
-7.7437
-1.34131
-7.74217
-5.22012
-3.92776
-3.68746
0

0
-3.2425
-3.04383
-3.71736
-4.21409
-1.54769
-3.68804
-4.44163
-4.98779
-5.15355
-4.58496
-4.61115
-6.06504
-6.77465
-9.63088
-8.43745
0.918781
-8.1268
-6.10702
-4.46056
-4.22988
0

0
-3.98722
-6.02757
-4.85069
-4.71626
-1.92791
-3.98687
-4.89619
-5.18211
-4.9075
-5.18558
-5.44752
-7.75651
-8.97861
-11.8587
-7.50107
-2.61286
-8.02683
-6.88785
-4.9759
-4.78119
0

0
-4.77086
-7.36314
-5.82942
-5.10381
-4.73435
-5.11583
-5.40164
-5.22378
-5.32211
-5.6964
-6.09524
-6.94502
-7.21453
-12.1995
-5.96863
-5.18062
-8.00122
-7.64978
-5.5954
-5.32961
0

0
-5.45324
-6.42544
-6.20121
-5.69765
-6.04267
-5.80502
-5.81314
-4.78176
-5.91628
-6.19757
-6.50945
-6.16711
-4.84083
-9.45209
-7.76583
-3.70412
-9.30659
-8.49987
-6.54724
-5.88025
0

0
-6.0112
-6.28625
-6.41491
-6.27643
-5.87743
-6.04978
-6.05693
-4.42214
-6.30786
-6.69591
-6.86331
-6.03071
-2.50981
-6.64658
-11.9672
-3.5977
-11.3538
-8.93108
-8.13089
-6.42975
0

0
-6.53005
-6.99472
-6.92124
-6.7143
-6.70354
-6.4587
-6.40653
-5.41201
-6.73988
-7.16356
-7.21412
-5.71772
-0.323463
-6.76053
-13.1207
-4.234
-11.0989
-8.35455
-9.42829
-6.95233
0

0
-7.03566
-7.66136
-7.50687
-7.14425
-8.33498
-7.19765
-7.02863
-6.99604
-7.32868
-7.61352
-7.5847
-5.87858
-0.000681181
-9.13332
-10.4639
-4.23505
-8.84314
-7.76011
-8.56584
-7.43996
0

0
-7.50986
-8.12568
-7.97935
-7.65074
-8.75304
-7.86505
-7.65221
-7.55743
-7.86038
-8.05868
-8.04712
-7.07879
-1.87197
-11.1976
-9.04845
-4.65844
-8.81292
-8.30484
-7.49519
-7.89552
0

0
-7.70067
-8.25843
-8.12558
-7.87641
-8.23052
-7.97018
-7.84981
-7.51327
-8.02487
-8.2361
-8.2741
-7.88686
-5.82136
-11.0827
-9.76611
-5.43689
-10.3577
-9.12356
-7.97189
-8.06376
0

0
-7.56369
-8.07283
-7.94652
-7.65138
-8.12759
-7.72469
-7.61131
-7.26957
-7.81344
-8.04872
-8.07435
-7.33374
-4.06062
-10.3336
-10.2502
-5.30399
-10.034
-8.79238
-8.11827
-7.89105
0

0
0
0
0
0
0
0
0
0
0
0
0
0
0
0
0
0
0
0
0
0
0


0
0
0
0
0
0
0
0
0
0
0
0
0
0
0
0
0
0
0
0
0
0

0
-1.97244
-2.23933
-2.31038
-2.26666
-2.37855
-2.34603
-2.2887
-2.24868
-2.29013
-2.31336
-2.34285
-2.40029
-2.50573
-2.85829
-2.97154
-2.52163
-4.63866
-3.28313
-2.44328
-2.28324
0

0
-1.90438
-1.88329
-2.35908
-2.3179
-1.56839
-2.4642
-2.40812
-2.36611
-2.40818
-2.45532
-2.5037
-2.63135
-2.89805
-3.4933
-3.86815
-3.576
-6.35142
-3.87327
-2.63558
-2.37951
0

0
-2.18913
-1.73438
-2.61771
-2.70371
0.21612
-2.62924
-2.83254
-2.83254
-2.83972
-2.90129
-2.95982
-3.08359
-3.58322
-4.39516
-4.8802
-3.03603
-6.59636
-4.13488
-3.01009
-2.79521
0

0
-2.5522
-2.21323
-3.00771
-3.09302
-2.61483
-3.15797
-3.39686
-3.42598
-3.3323
-3.47158
-3.50311
-3.44935
-4.22946
-5.36142
-6.18105
-4.28812
-7.44513
-4.57784
-3.57377
-3.32971
0

0
-2.9427
-2.56925
-3.42172
-3.44987
-7.39078
-4.37739
-3.99053
-3.88913
-4.21673
-4.03666
-4.06643
-4.27014
-4.81511
-6.32459
-7.44162
-5.2001
-8.51795
-5.17817
-4.12828
-3.85691
0

0
-3.44194
-3.37526
-3.94269
-4.1777
-6.16235
-4.80931
-4.58378
-4.69737
-5.14822
-4.64592
-4.67735
-5.12224
-5.74896
-7.54796
-8.60257
-2.3815
-9.24508
-5.89551
-4.67318
-4.39034
0

0
-4.08534
-4.8964
-4.76391
-4.94348
-3.38608
-4.61309
-5.09697
-5.37589
-5.43695
-5.27026
-5.40351
-6.6125
-7.10736
-9.36697
-9.15154
-2.83866
-8.78682
-6.71406
-5.2294
-4.94159
0

0
-4.82292
-6.5967
-5.69109
-5.44014
-3.66591
-5.07057
-5.58272
-5.62042
-5.62472
-5.83804
-6.11808
-7.31524
-7.64158
-11.3468
-7.9356
-4.84547
-7.62341
-7.53212
-5.7997
-5.50123
0

0
-5.54716
-7.08496
-6.409
-5.92066
-5.48894
-5.88011
-6.07274
-5.69526
-6.08461
-6.36126
-6.66674
-6.96172
-6.27351
-11.4732
-6.34421
-5.05988
-7.02159
-8.34371
-6.5033
-6.06536
0

0
-6.17672
-6.90148
-6.79373
-6.4939
-6.36744
-6.42185
-6.47163
-5.6049
-6.58355
-6.86833
-7.08077
-6.66993
-4.45933
-9.09529
-7.57095
-4.8799
-8.64497
-9.00443
-7.53016
-6.62738
0

0
-6.72105
-7.15829
-7.15148
-7.00825
-6.65164
-6.76953
-6.82205
-5.92143
-7.02527
-7.34863
-7.45612
-6.6086
-3.02102
-7.11391
-10.9436
-5.79166
-11.34
-9.11441
-8.76311
-7.16426
0

0
-7.21332
-7.71613
-7.62549
-7.43587
-7.5887
-7.26532
-7.28584
-6.9358
-7.52116
-7.79315
-7.82988
-6.75151
-2.80235
-7.56623
-12.3811
-6.25445
-11.6415
-8.83749
-9.41848
-7.646
0

0
-7.66176
-8.21701
-8.08874
-7.86339
-8.64593
-7.87759
-7.8367
-7.83994
-8.03819
-8.21287
-8.23646
-7.36984
-3.93262
-9.3523
-11.2435
-6.38135
-10.1698
-8.87842
-9.10459
-8.06875
0

0
-7.83102
-8.3704
-8.24238
-8.045
-8.64073
-8.07628
-8.05114
-7.94734
-8.21329
-8.37007
-8.42145
-7.8916
-5.37213
-10.1026
-10.5023
-6.78067
-9.94005
-9.18514
-8.79984
-8.21819
0

0
-7.70174
-8.17906
-8.06075
-7.84199
-8.23357
-7.81326
-7.82399
-7.63064
-8.0009
-8.189
-8.24237
-7.58628
-4.60013
-9.42012
-10.97
-6.78476
-10.3621
-9.14204
-8.94039
-8.05301
0

0
0
0
0
0
0
0
0
0
0
0
0
0
0
0
0
0
0
0
0
0
0


0
0
0
0
0
0
0
0
0
0
0
0
0
0
0
0
0
0
0
0
0
0

0
-2.02639
-2.414
-2.35412
-2.34
-2.20804
-2.33178
-2.31693
-2.28974
-2.31907
-2.33283
-2.35385
-2.39191
-2.43401
-2.64579
-2.66032
-2.43262
-2.92392
-2.90294
-2.44996
-2.31862
0

0
-2.09985
-2.45559
-2.60796
-2.57646
-2.67513
-2.6809
-2.63009
-2.59067
-2.62788
-2.65335
-2.68956
-2.776
-2.93372
-3.3176
-3.51962
-3.43685
-4.79046
-3.71823
-2.86833
-2.59101
0

0
-2.37769
-2.4964
-2.8754
-2.83598
-2.57375
-3.07878
-2.98077
-2.94427
-2.98223
-3.0213
-3.07362
-3.20019
-3.45745
-3.97383
-4.29969
-3.94897
-5.60766
-4.06035
-3.18318
-2.93424
0

0
-2.75882
-2.80569
-3.27339
-3.34632
-1.93801
-3.32801
-3.50712
-3.50967
-3.51736
-3.5673
-3.61593
-3.6927
-4.11791
-4.76941
-5.25858
-4.50668
-6.24339
-4.53258
-3.70561
-3.44857
0

0
-3.1949
-3.29555
-3.74914
-3.82821
-3.58272
-3.93038
-4.09344
-4.08879
-4.16237
-4.16188
-4.20339
-4.31096
-4.76982
-5.59722
-6.37498
-5.6003
-7.33881
-5.14383
-4.29969
-4.01134
0

0
-3.67977
-3.88246
-4.26047
-4.33868
-6.46169
-4.87592
-4.6914
-4.70407
-4.93574
-4.75382
-4.80174
-5.06221
-5.48522
-6.48185
-7.60563
-5.2744
-8.56525
-5.78948
-4.86662
-4.55928
0

0
-4.2559
-4.81754
-4.89322
-5.01874
-6.13373
-5.29557
-5.26256
-5.38027
-5.56628
-5.35774
-5.44717
-6.00699
-6.40216
-7.632
-8.87498
-4.31343
-9.5817
-6.5047
-5.42103
-5.10714
0

0
-4.92581
-6.03559
-5.6691
-5.66185
-4.74617
-5.48141
-5.77569
-5.87796
-5.93807
-5.94678
-6.12856
-6.9672
-7.22122
-9.15085
-9.23727
-4.87884
-9.30555
-7.31541
-5.9891
-5.66582
0

0
-5.63518
-6.97908
-6.42774
-6.17991
-5.08294
-5.99326
-6.27995
-6.17437
-6.32367
-6.50201
-6.74825
-7.33768
-7.19478
-10.4824
-7.8885
-5.13627
-7.59123
-8.19888
-6.61389
-6.23676
0

0
-6.30868
-7.3213
-7.0129
-6.71304
-6.22429
-6.63152
-6.76771
-6.36812
-6.81221
-7.03443
-7.25528
-7.31421
-6.34287
-10.4177
-6.57244
-5.14709
-6.56169
-8.94338
-7.36532
-6.81461
0

0
-6.90364
-7.52869
-7.44301
-7.2638
-6.85786
-7.12217
-7.20337
-6.62057
-7.30352
-7.53918
-7.68485
-7.3497
-5.4809
-8.99901
-7.55423
-6.33152
-7.94714
-9.31956
-8.25088
-7.37267
0

0
-7.41206
-7.91681
-7.85297
-7.7364
-7.29777
-7.53815
-7.62843
-7.20331
-7.77239
-7.99119
-8.07377
-7.55785
-5.33035
-8.13888
-9.92635
-7.69695
-10.4046
-9.32477
-9.02267
-7.86336
0

0
-7.83975
-8.35902
-8.25855
-8.12823
-7.98586
-8.00317
-8.08122
-7.94878
-8.22761
-8.38583
-8.44613
-8.00461
-6.13296
-8.80118
-10.9644
-8.02715
-11.2501
-9.40883
-9.31509
-8.26466
0

0
-7.97825
-8.50901
-8.39328
-8.25711
-8.24325
-8.19358
-8.26123
-8.18366
-8.38754
-8.51374
-8.58682
-8.32683
-6.96887
-9.59075
-10.4624
-7.92813
-10.6065
-9.55425
-9.15594
-8.38164
0

0
-7.85096
-8.32512
-8.21505
-8.06269
-7.86201
-7.95807
-8.05755
-7.87937
-8.1862
-8.33638
-8.41584
-8.12075
-6.51853
-9.29951
-10.2862
-7.95719
-10.4854
-9.50399
-9.05475
-8.21785
0

0
0
0
0
0
0
0
0
0
0
0
0
0
0
0
0
0
0
0
0
0
0


0
0
0
0
0
0
0
0
0
0
0
0
0
0
0
0
0
0
0
0
0
0

0
-2.06782
-2.50611
-2.37311
-2.34611
-2.41262
-2.36132
-2.32581
-2.30998
-2.33264
-2.33656
-2.35057
-2.37293
-2.38033
-2.47893
-2.39759
-2.07242
-2.33319
-2.74808
-2.44961
-2.33608
0

0
-2.2547
-2.78871
-2.7879
-2.78864
-2.67379
-2.78108
-2.77699
-2.74358
-2.76878
-2.78241
-2.8096
-2.87046
-2.93989
-3.12938
-3.13638
-2.97536
-3.59775
-3.55511
-3.00313
-2.73691
0

0
-2.60597
-3.06979
-3.16786
-3.1388
-3.15733
-3.24858
-3.20051
-3.17272
-3.20281
-3.22597
-3.26668
-3.35816
-3.49633
-3.77379
-3.87962
-3.74605
-4.61565
-4.12198
-3.44411
-3.15999
0

0
-2.98506
-3.36704
-3.5634
-3.54882
-3.38939
-3.74884
-3.68569
-3.66112
-3.68715
-3.71612
-3.76515
-3.86886
-4.08992
-4.439
-4.6304
-4.37349
-5.23818
-4.58201
-3.90783
-3.62467
0

0
-3.438
-3.83637
-4.04543
-4.09846
-3.57115
-4.12303
-4.24898
-4.24927
-4.2832
-4.30085
-4.34993
-4.45638
-4.75533
-5.19714
-5.53461
-5.28922
-6.03941
-5.1723
-4.48727
-4.18202
0

0
-3.93559
-4.38812
-4.56925
-4.63239
-4.78815
-4.76466
-4.83505
-4.85007
-4.94075
-4.89955
-4.95347
-5.12792
-5.44411
-5.98857
-6.55524
-6.09382
-7.20876
-5.81198
-5.07542
-4.75011
0

0
-4.4869
-5.07308
-5.13928
-5.2051
-6.25699
-5.48955
-5.42049
-5.46776
-5.59338
-5.4936
-5.56896
-5.88262
-6.20397
-6.86069
-7.71829
-5.93445
-8.58709
-6.46756
-5.63696
-5.30649
0

0
-5.10344
-5.93307
-5.78634
-5.82644
-6.22881
-5.93297
-5.96809
-6.03838
-6.12293
-6.07602
-6.2008
-6.69798
-6.98039
-7.89956
-8.84625
-5.79741
-9.63459
-7.17353
-6.18823
-5.8577
0

0
-5.76672
-6.79529
-6.47159
-6.39635
-5.85581
-6.31712
-6.48162
-6.48486
-6.56447
-6.63586
-6.8154
-7.33794
-7.47917
-9.03092
-9.02523
-5.56922
-9.31422
-7.94577
-6.75848
-6.41358
0

0
-6.43219
-7.41021
-7.10596
-6.92581
-6.32345
-6.84343
-6.99064
-6.84222
-7.03294
-7.17746
-7.36932
-7.66524
-7.4632
-9.79715
-7.93259
-5.13493
-7.72862
-8.71712
-7.38658
-6.98137
0

0
-7.05416
-7.80514
-7.63855
-7.47093
-7.07454
-7.40016
-7.48553
-7.18851
-7.53604
-7.7013
-7.85616
-7.86999
-7.18328
-9.70177
-7.19782
-5.76044
-6.95498
-9.27829
-8.0771
-7.54751
0

0
-7.59561
-8.17667
-8.08616
-7.98252
-7.61261
-7.87587
-7.94379
-7.63552
-8.01921
-8.17689
-8.28215
-8.12896
-7.13515
-9.14929
-8.05813
-7.43595
-8.08009
-9.50684
-8.7207
-8.06042
0

0
-8.03179
-8.55944
-8.46874
-8.39229
-8.07812
-8.28912
-8.36
-8.18593
-8.44807
-8.57162
-8.64871
-8.49883
-7.62203
-9.14226
-9.45988
-8.53972
-9.70286
-9.59211
-9.12974
-8.46813
0

0
-8.14973
-8.67761
-8.57214
-8.49185
-8.27381
-8.42676
-8.49517
-8.40265
-8.57916
-8.67609
-8.75537
-8.6993
-8.10089
-9.5213
-9.75794
-8.49976
-9.99259
-9.6231
-9.11272
-8.56459
0

0
-8.01212
-8.4923
-8.38542
-8.28567
-7.97472
-8.20797
-8.29952
-8.15055
-8.38276
-8.49145
-8.57868
-8.53122
-7.85558
-9.48629
-9.38383
-8.32824
-9.54408
-9.5563
-8.92259
-8.38869
0

0
0
0
0
0
0
0
0
0
0
0
0
0
0
0
0
0
0
0
0
0
0


0
0
0
0
0
0
0
0
0
0
0
0
0
0
0
0
0
0
0
0
0
0

0
-2.25682
-2.71758
-2.57847
-2.56357
-2.58339
-2.5677
-2.53754
-2.52698
-2.54502
-2.53809
-2.54713
-2.5672
-2.56384
-2.60768
-2.477
-2.06798
-2.52042
-3.00368
-2.67806
-2.54275
0

0
-2.15894
-2.73214
-2.62502
-2.59997
-2.6584
-2.62324
-2.58287
-2.56105
-2.57943
-2.58829
-2.60929
-2.64569
-2.65521
-2.71183
-2.56549
-2.12855
-2.64647
-3.11186
-2.7613
-2.55819
0

0
-2.75672
-3.4063
-3.34908
-3.33585
-3.3317
-3.34587
-3.32879
-3.30664
-3.32883
-3.34059
-3.37192
-3.43541
-3.48388
-3.58678
-3.4622
-2.97427
-3.75737
-4.10812
-3.58909
-3.29547
0

0
-3.20664
-3.84559
-3.84077
-3.82092
-3.87207
-3.92201
-3.86991
-3.84752
-3.86981
-3.88825
-3.93028
-4.01664
-4.11116
-4.2539
-4.16951
-3.61081
-4.49451
-4.71354
-4.14726
-3.82509
0

0
-3.69573
-4.34527
-4.36446
-4.36861
-4.33284
-4.46884
-4.45426
-4.44018
-4.46361
-4.48269
-4.53197
-4.63578
-4.78327
-4.97674
-4.95459
-4.33862
-5.22792
-5.3474
-4.74776
-4.3994
0

0
-4.22282
-4.90195
-4.91559
-4.94892
-4.92246
-5.00975
-5.05381
-5.05558
-5.09307
-5.09892
-5.15475
-5.29038
-5.4792
-5.73602
-5.82538
-5.23655
-6.12064
-6.0026
-5.36535
-4.99425
0

0
-4.7923
-5.51364
-5.49278
-5.53656
-5.84058
-5.6612
-5.65896
-5.67616
-5.73391
-5.71597
-5.7844
-5.98316
-6.20024
-6.52877
-6.79381
-5.99894
-7.22266
-6.6512
-5.9682
-5.58796
0

0
-5.40494
-6.19121
-6.09556
-6.13735
-6.58597
-6.27194
-6.24383
-6.27453
-6.33124
-6.31552
-6.40858
-6.69569
-6.92867
-7.36996
-7.84867
-6.42182
-8.46373
-7.28433
-6.53888
-6.16568
0

0
-6.04445
-6.88533
-6.7067
-6.71079
-6.78942
-6.75796
-6.78264
-6.80262
-6.85133
-6.87935
-7.00464
-7.34842
-7.56172
-8.24044
-8.68713
-6.45109
-9.33116
-7.91895
-7.07879
-6.71858
0

0
-6.67433
-7.4909
-7.28464
-7.22324
-7.00493
-7.21411
-7.27814
-7.24783
-7.32409
-7.40025
-7.54438
-7.83914
-7.95623
-8.99395
-8.74715
-6.01387
-9.06651
-8.55209
-7.608
-7.24513
0

0
-7.25789
-7.96693
-7.80054
-7.70453
-7.48982
-7.68977
-7.74636
-7.64837
-7.7872
-7.88665
-8.02125
-8.18886
-8.12082
-9.39178
-8.22902
-5.95031
-8.168
-9.10123
-8.14777
-7.75095
0

0
-7.7741
-8.37316
-8.25422
-8.17232
-8.01278
-8.15096
-8.19113
-8.06047
-8.23989
-8.33893
-8.44528
-8.5011
-8.26272
-9.41707
-8.19602
-6.85726
-8.07476
-9.46249
-8.66848
-8.22739
0

0
-8.20722
-8.74562
-8.64371
-8.58623
-8.45796
-8.56096
-8.5956
-8.50006
-8.65196
-8.73327
-8.81447
-8.8372
-8.59242
-9.45238
-8.92514
-8.03176
-8.96515
-9.67271
-9.0773
-8.63691
0

0
-8.32395
-8.84659
-8.74228
-8.69073
-8.59374
-8.67701
-8.71257
-8.65862
-8.77011
-8.83563
-8.91215
-8.9679
-8.82535
-9.57401
-9.36091
-8.35156
-9.49549
-9.69324
-9.13018
-8.73808
0

0
-8.18093
-8.65263
-8.54552
-8.47889
-8.33671
-8.46537
-8.51899
-8.44753
-8.57711
-8.64521
-8.7282
-8.80828
-8.67243
-9.5461
-9.13703
-8.08631
-9.20904
-9.57128
-8.92233
-8.55487
0

0
0
0
0
0
0
0
0
0
0
0
0
0
0
0
0
0
0
0
0
0
0


0
0
0
0
0
0
0
0
0
0
0
0
0
0
0
0
0
0
0
0
0
0

0
-2.7941
-3.3117
-3.22493
-3.23862
-3.27488
-3.26493
-3.21023
-3.18851
-3.20095
-3.18326
-3.18973
-3.21847
-3.22261
-3.24571
-3.10167
-2.74312
-3.26497
-3.8048
-3.39313
-3.18071
0

0
-2.09038
-2.63446
-2.49948
-2.47103
-2.52131
-2.47725
-2.44789
-2.43548
-2.45173
-2.45836
-2.47649
-2.5033
-2.49271
-2.50039
-2.3036
-1.74859
-2.3317
-2.88375
-2.59795
-2.42995
0

0
-2.79809
-3.4981
-3.38827
-3.3705
-3.43945
-3.40031
-3.35283
-3.33123
-3.34972
-3.35456
-3.38091
-3.43097
-3.44155
-3.46668
-3.2271
-2.51061
-3.37562
-4.06362
-3.6064
-3.31564
0

0
-3.30072
-4.04688
-3.95407
-3.94194
-4.02151
-3.98284
-3.9443
-3.92447
-3.9439
-3.95467
-3.99117
-4.06232
-4.09613
-4.13441
-3.88288
-3.0025
-4.07208
-4.7547
-4.24236
-3.90337
0

0
-3.83645
-4.63118
-4.54306
-4.54062
-4.64589
-4.60605
-4.57124
-4.55492
-4.57544
-4.58923
-4.63526
-4.73052
-4.79242
-4.853
-4.60335
-3.50947
-4.79328
-5.48128
-4.90935
-4.52448
0

0
-4.40673
-5.24877
-5.15154
-5.16626
-5.30402
-5.23201
-5.21419
-5.20558
-5.22911
-5.24258
-5.2979
-5.42199
-5.51137
-5.6038
-5.38543
-4.09309
-5.57693
-6.20819
-5.58779
-5.16435
0

0
-5.0275
-5.91001
-5.79429
-5.82343
-6.05631
-5.90148
-5.87574
-5.87426
-5.90237
-5.91403
-5.98082
-6.14235
-6.2539
-6.39374
-6.25335
-4.80708
-6.50484
-6.93195
-6.27441
-5.82405
0

0
-5.70126
-6.60242
-6.46338
-6.50009
-6.78728
-6.5861
-6.53895
-6.53857
-6.56747
-6.5849
-6.66705
-6.86678
-6.9937
-7.21203
-7.17811
-5.52314
-7.55908
-7.62139
-6.94196
-6.48745
0

0
-6.4039
-7.2775
-7.12185
-7.14948
-7.32523
-7.20562
-7.16405
-7.1555
-7.18344
-7.21986
-7.31825
-7.53487
-7.66185
-8.00728
-7.97999
-5.9134
-8.45898
-8.24783
-7.5543
-7.12131
0

0
-7.0748
-7.85839
-7.70741
-7.70696
-7.73243
-7.72768
-7.70787
-7.68363
-7.71966
-7.77711
-7.88356
-8.07378
-8.17383
-8.65746
-8.34783
-5.82564
-8.71149
-8.78741
-8.08705
-7.6822
0

0
-7.6493
-8.31296
-8.18441
-8.1599
-8.15537
-8.16924
-8.16103
-8.12595
-8.17663
-8.24228
-8.34148
-8.47374
-8.52538
-9.0393
-8.32011
-5.90921
-8.40325
-9.2174
-8.55194
-8.1527
0

0
-8.11349
-8.68866
-8.5798
-8.55261
-8.58967
-8.56447
-8.5558
-8.52866
-8.58138
-8.63983
-8.72077
-8.8043
-8.82701
-9.20139
-8.46816
-6.69953
-8.41013
-9.52716
-8.9667
-8.55771
0

0
-8.49511
-9.02924
-8.92784
-8.9093
-8.98312
-8.92678
-8.91529
-8.91269
-8.94748
-8.99061
-9.05426
-9.12541
-9.17501
-9.37552
-9.02528
-7.68757
-9.04278
-9.76309
-9.30804
-8.91571
0

0
-8.58801
-9.11103
-9.00954
-8.9928
-9.06965
-9.01508
-9.00649
-9.01658
-9.0405
-9.07553
-9.13614
-9.22364
-9.31077
-9.4943
-9.33036
-8.00719
-9.42695
-9.80555
-9.35543
-9.00012
0

0
-8.46629
-8.93043
-8.82981
-8.8025
-8.84107
-8.82509
-8.83172
-8.83158
-8.86653
-8.90238
-8.9671
-9.07236
-9.16823
-9.42918
-9.16203
-7.77418
-9.21245
-9.6767
-9.17237
-8.83659
0

0
0
0
0
0
0
0
0
0
0
0
0
0
0
0
0
0
0
0
0
0
0


0
0
0
0
0
0
0
0
0
0
0
0
0
0
0
0
0
0
0
0
0
0

0
0
0
0
0
0
0
0
0
0
0
0
0
0
0
0
0
0
0
0
0
0

0
0
0
0
0
0
0
0
0
0
0
0
0
0
0
0
0
0
0
0
0
0

0
0
0
0
0
0
0
0
0
0
0
0
0
0
0
0
0
0
0
0
0
0

0
0
0
0
0
0
0
0
0
0
0
0
0
0
0
0
0
0
0
0
0
0

0
0
0
0
0
0
0
0
0
0
0
0
0
0
0
0
0
0
0
0
0
0

0
0
0
0
0
0
0
0
0
0
0
0
0
0
0
0
0
0
0
0
0
0

0
0
0
0
0
0
0
0
0
0
0
0
0
0
0
0
0
0
0
0
0
0

0
0
0
0
0
0
0
0
0
0
0
0
0
0
0
0
0
0
0
0
0
0

0
0
0
0
0
0
0
0
0
0
0
0
0
0
0
0
0
0
0
0
0
0

0
0
0
0
0
0
0
0
0
0
0
0
0
0
0
0
0
0
0
0
0
0

0
0
0
0
0
0
0
0
0
0
0
0
0
0
0
0
0
0
0
0
0
0

0
0
0
0
0
0
0
0
0
0
0
0
0
0
0
0
0
0
0
0
0
0

0
0
0
0
0
0
0
0
0
0
0
0
0
0
0
0
0
0
0
0
0
0

0
0
0
0
0
0
0
0
0
0
0
0
0
0
0
0
0
0
0
0
0
0

0
0
0
0
0
0
0
0
0
0
0
0
0
0
0
0
0
0
0
0
0
0

0
0
0
0
0
0
0
0
0
0
0
0
0
0
0
0
0
0
0
0
0
0


