0
0
0
0
0
0
0
0
0
0
0
0
0
0
0
0
0
0
0
0
0
0

0
0
0
0
0
0
0
0
0
0
0
0
0
0
0
0
0
0
0
0
0
0

0
0
0
0
0
0
0
0
0
0
0
0
0
0
0
0
0
0
0
0
0
0

0
0
0
0
0
0
0
0
0
0
0
0
0
0
0
0
0
0
0
0
0
0

0
0
0
0
0
0
0
0
0
0
0
0
0
0
0
0
0
0
0
0
0
0

0
0
0
0
0
0
0
0
0
0
0
0
0
0
0
0
0
0
0
0
0
0

0
0
0
0
0
0
0
0
0
0
0
0
0
0
0
0
0
0
0
0
0
0

0
0
0
0
0
0
0
0
0
0
0
0
0
0
0
0
0
0
0
0
0
0

0
0
0
0
0
0
0
0
0
0
0
0
0
0
0
0
0
0
0
0
0
0

0
0
0
0
0
0
0
0
0
0
0
0
0
0
0
0
0
0
0
0
0
0

0
0
0
0
0
0
0
0
0
0
0
0
0
0
0
0
0
0
0
0
0
0

0
0
0
0
0
0
0
0
0
0
0
0
0
0
0
0
0
0
0
0
0
0

0
0
0
0
0
0
0
0
0
0
0
0
0
0
0
0
0
0
0
0
0
0

0
0
0
0
0
0
0
0
0
0
0
0
0
0
0
0
0
0
0
0
0
0

0
0
0
0
0
0
0
0
0
0
0
0
0
0
0
0
0
0
0
0
0
0

0
0
0
0
0
0
0
0
0
0
0
0
0
0
0
0
0
0
0
0
0
0

0
0
0
0
0
0
0
0
0
0
0
0
0
0
0
0
0
0
0
0
0
0


0
0
0
0
0
0
0
0
0
0
0
0
0
0
0
0
0
0
0
0
0
0

0.5
0.489601
0.516103
0.579467
0.552093
0.513239
0.480147
0.519385
0.39578
0.648236
0.547766
0.564478
0.697614
0.555585
0.789321
1.36399
0.434231
0.632515
0.558882
0.488459
0.487519
0

0.5
0.48625
0.514248
0.486286
0.538506
0.506853
0.474882
0.520617
0.533818
0.44302
0.527878
0.567416
0.714459
0.698651
0.787047
1.34305
0.32735
0.636484
0.555403
0.483112
0.482445
0

0.5
0.490178
0.508433
0.584022
0.560855
0.489137
0.500017
0.527513
0.52292
0.474558
0.52503
0.621891
0.626181
0.678636
0.787179
0.69893
1.3346
0.765783
0.560366
0.476555
0.475846
0

0.5
0.493112
0.506266
0.584
0.629893
0.410177
0.479985
0.509482
0.541202
0.488595
0.520947
0.606557
0.607727
0.65695
0.770575
0.607253
1.23755
0.764638
0.55295
0.465642
0.464922
0

0.5
0.495106
0.534495
0.483273
0.63954
0.398768
0.473843
0.517453
0.522106
0.518489
0.521718
0.443322
-0.549472
0.628447
0.806267
0.662654
1.21453
0.769258
0.553616
0.451294
0.45053
0

0.5
0.496584
0.528412
0.551803
0.674554
0.375933
0.468636
0.529056
0.507215
0.5004
0.515388
0.483502
0.773775
0.672067
0.763977
0.707715
1.25349
0.853391
0.393515
0.422458
0.422081
0

0.5
0.49712
0.52311
0.545677
0.707072
0.347579
0.465098
0.534946
0.486135
0.505592
0.513131
0.49715
0.710723
0.68553
0.800366
0.760309
1.32734
0.856586
0.364481
0.402862
0.402531
0

0.5
0.497004
0.517836
0.536253
0.74474
0.312303
0.466025
0.467761
0.583859
0.517884
0.51191
0.504878
0.66713
0.676719
1.34493
0.816891
1.44158
0.84998
0.309002
0.386147
0.385875
0

0.5
0.49643
0.512539
0.523921
0.791477
0.400126
0.483712
0.477893
0.5624
0.520245
0.510272
0.507045
0.628455
0.702529
0.281653
0.663843
1.57681
0.847123
0.274333
0.312422
0.311896
0

0.5
0.495559
0.506895
0.52381
0.299848
0.824736
0.476672
0.485505
0.555781
0.521771
0.507823
0.504586
0.593261
0.690306
0.793412
0.643301
1.84264
0.769607
0.172909
0.297123
0.296628
0

0.5
0.494513
0.501797
0.504556
0.306322
0.684193
0.588203
0.508245
0.555457
0.522999
0.507246
0.497234
0.552553
0.705832
0.768095
0.532328
2.26069
0.706838
0.0461701
0.28113
0.280739
0

0.5
0.49346
0.496863
0.492044
0.369811
0.625873
0.574222
0.515898
0.558124
0.522508
0.503126
0.49049
0.51901
0.713885
0.665626
0.54507
2.59383
0.717217
-0.08964
0.271914
0.271489
0

0.5
0.494507
0.49011
0.485478
0.415785
0.592081
0.56647
0.546525
0.522374
0.518679
0.515311
0.480019
0.478562
0.675485
-0.259906
0.981066
3.38591
0.689607
-0.259957
0.274974
0.274235
0

0.5
0.492173
0.487026
0.481413
0.453379
0.565496
0.559146
0.548057
0.530328
0.518079
0.495432
0.46842
0.436762
0.242978
0.365207
0.391948
4.29547
0.743973
-0.565992
0.303921
0.30224
0

0.5
0.488772
0.482367
0.477576
0.482742
0.538509
0.549917
0.545437
0.532619
0.515625
0.491085
0.456359
0.399572
0.301383
0.275886
0.272345
-0.650425
0.161533
0.486095
0.400694
0.40001
0

0
0
0
0
0
0
0
0
0
0
0
0
0
0
0
0
0
0
0
0
0
0


0
0
0
0
0
0
0
0
0
0
0
0
0
0
0
0
0
0
0
0
0
0

0.5
0.475604
0.535084
0.563118
0.548089
0.524104
0.497582
0.510404
0.534973
0.472736
0.536207
0.521014
0.737022
0.722277
0.79505
1.06305
0.69676
0.738368
0.583888
0.510036
0.508867
0

0.5
0.459685
0.5603
0.568304
0.538913
0.527406
0.501991
0.505869
0.536174
0.486322
0.532185
0.546918
0.696981
0.704296
0.788165
1.0012
0.797174
0.723196
0.577767
0.504686
0.503817
0

0.5
0.479536
0.527219
0.563961
0.552649
0.501139
0.500237
0.517211
0.530653
0.491884
0.529031
0.572105
0.67111
0.69555
0.789194
0.721908
1.08761
0.755207
0.572967
0.498166
0.497291
0

0.5
0.490019
0.519256
0.561117
0.578064
0.477145
0.494281
0.515594
0.530047
0.498619
0.525977
0.56286
0.65884
0.697358
0.801647
0.669024
1.0905
0.772759
0.56083
0.487758
0.486889
0

0.5
0.494617
0.523856
0.55415
0.598674
0.455893
0.489535
0.518214
0.525206
0.503525
0.523631
0.500124
0.60367
0.668679
0.82287
0.591048
1.10755
0.790569
0.534172
0.47294
0.472111
0

0.5
0.49681
0.52305
0.545629
0.610947
0.44266
0.487367
0.521343
0.520745
0.508595
0.520752
0.510193
0.710704
0.677819
0.789131
0.710845
1.16789
0.828745
0.484629
0.453429
0.452661
0

0.5
0.497737
0.519837
0.540269
0.613604
0.438727
0.488768
0.519504
0.522737
0.513092
0.518705
0.515739
0.677417
0.68006
0.73588
0.761401
1.24106
0.847981
0.439639
0.432098
0.431403
0

0.5
0.497914
0.515763
0.532921
0.602002
0.445558
0.496066
0.498814
0.54314
0.518393
0.51709
0.517834
0.645776
0.679829
0.710647
0.775253
1.33503
0.864799
0.394098
0.407422
0.406777
0

0.5
0.497655
0.511231
0.523719
0.54155
0.497973
0.515453
0.499465
0.546903
0.521375
0.515329
0.516767
0.613918
0.671726
0.729483
0.769392
1.45853
0.894827
0.349851
0.374813
0.373871
0

0.5
0.497241
0.506259
0.515562
0.310379
0.758551
0.567534
0.508781
0.54626
0.522784
0.513193
0.512791
0.579127
0.667812
0.694675
0.742229
1.6752
1.00474
0.290497
0.350884
0.350074
0

0.5
0.497076
0.500838
0.503599
0.368973
0.622461
0.564853
0.515918
0.545021
0.523169
0.510632
0.506383
0.539297
0.67078
0.637413
0.693739
1.90651
0.886743
0.187542
0.331578
0.33092
0

0.5
0.498059
0.493757
0.4954
0.409727
0.592449
0.561145
0.523513
0.542459
0.522706
0.507512
0.497925
0.515803
0.620249
0.453064
0.684501
2.26083
0.836636
0.0737272
0.31803
0.317483
0

0.5
0.501289
0.481327
0.492183
0.440271
0.57119
0.556772
0.536872
0.534241
0.521219
0.504008
0.488066
0.484418
0.537145
0.0815079
0.831467
2.78853
0.812252
-0.054118
0.311808
0.311316
0

0.5
0.496365
0.486579
0.48618
0.466629
0.553084
0.551902
0.541842
0.53275
0.520093
0.50091
0.477229
0.448042
0.342861
0.323418
0.385088
3.45887
0.801537
-0.173716
0.315203
0.314755
0

0.5
0.491076
0.485462
0.481602
0.487329
0.534006
0.544879
0.54177
0.531627
0.517276
0.496172
0.465995
0.416616
0.338145
0.301209
0.172286
3.46695
0.834175
-0.49863
0.328508
0.328243
0

0
0
0
0
0
0
0
0
0
0
0
0
0
0
0
0
0
0
0
0
0
0


0
0
0
0
0
0
0
0
0
0
0
0
0
0
0
0
0
0
0
0
0
0

0.5
0.481531
0.531263
0.548144
0.538605
0.52125
0.501442
0.514483
0.535618
0.50359
0.538096
0.531373
0.704168
0.708933
0.782199
0.926672
0.792486
0.735974
0.596403
0.528623
0.527449
0

0.5
0.476546
0.532189
0.547523
0.523735
0.53586
0.504024
0.514
0.531892
0.501942
0.534636
0.549933
0.681587
0.700722
0.777022
0.890559
0.828029
0.737592
0.591007
0.523497
0.522629
0

0.5
0.484659
0.525408
0.5479
0.535315
0.521717
0.504239
0.516533
0.529727
0.504703
0.532966
0.560289
0.670044
0.694948
0.775378
0.78301
0.944028
0.754202
0.58467
0.517526
0.516657
0

0.5
0.491044
0.52107
0.546458
0.549669
0.503785
0.502096
0.517434
0.528429
0.508362
0.530886
0.555654
0.668971
0.690086
0.776241
0.741544
1.00393
0.772269
0.572378
0.508149
0.507283
0

0.5
0.494926
0.520318
0.542403
0.561518
0.489305
0.500002
0.518463
0.526674
0.511895
0.528758
0.532112
0.682833
0.683941
0.775658
0.739103
1.04484
0.791187
0.551112
0.495221
0.494371
0

0.5
0.49708
0.519081
0.53832
0.566697
0.481499
0.499651
0.519075
0.525794
0.515163
0.526562
0.53142
0.673228
0.677992
0.761934
0.74979
1.09542
0.812908
0.520565
0.478956
0.478131
0

0.5
0.498133
0.516759
0.533494
0.562578
0.481897
0.502266
0.517413
0.528035
0.518319
0.524694
0.531608
0.654021
0.673382
0.73518
0.775806
1.16067
0.832503
0.486717
0.46013
0.459327
0

0.5
0.498497
0.513657
0.527174
0.546411
0.492191
0.509241
0.512003
0.535093
0.521399
0.522966
0.530371
0.631057
0.667031
0.71502
0.791238
1.24287
0.852165
0.449352
0.438816
0.438015
0

0.5
0.498461
0.510027
0.519246
0.499819
0.529914
0.523218
0.511918
0.538793
0.523514
0.521093
0.527255
0.605921
0.656642
0.69638
0.794933
1.34635
0.875068
0.406518
0.415338
0.414496
0

0.5
0.498268
0.505993
0.511254
0.370194
0.650583
0.548223
0.516481
0.539752
0.524593
0.518902
0.52222
0.578403
0.642821
0.667699
0.787281
1.48181
0.890786
0.349596
0.393818
0.393026
0

0.5
0.498167
0.501625
0.503233
0.411654
0.59439
0.552183
0.521665
0.539372
0.524837
0.516336
0.515466
0.548416
0.622195
0.614019
0.761883
1.72433
0.869698
0.279267
0.375404
0.374705
0

0.5
0.498419
0.496845
0.497317
0.43832
0.572958
0.551693
0.527347
0.537855
0.524408
0.513431
0.507305
0.523551
0.580803
0.50058
0.730786
2.01949
0.862991
0.198767
0.360583
0.359994
0

0.5
0.4989
0.492057
0.493527
0.459804
0.55749
0.549497
0.533984
0.534966
0.523473
0.510304
0.498087
0.495461
0.514922
0.301529
0.710317
2.41375
0.872028
0.11151
0.350152
0.349676
0

0.5
0.497052
0.490775
0.490175
0.478562
0.544565
0.546487
0.538431
0.533612
0.522466
0.507108
0.48821
0.464771
0.412864
0.345616
0.392678
2.91654
0.915118
0.0231193
0.34454
0.344193
0

0.5
0.493092
0.488545
0.486063
0.492597
0.530496
0.541188
0.539102
0.531264
0.519539
0.502343
0.477816
0.438106
0.378612
0.34349
0.132568
3.46478
0.966533
-0.0591277
0.340677
0.340591
0

0
0
0
0
0
0
0
0
0
0
0
0
0
0
0
0
0
0
0
0
0
0


0
0
0
0
0
0
0
0
0
0
0
0
0
0
0
0
0
0
0
0
0
0

0.5
0.488467
0.52572
0.534692
0.476161
0.445032
0.494023
0.517199
0.532954
0.514622
0.541107
0.553856
0.676625
0.700731
0.768523
0.860946
0.826163
0.743201
0.61026
0.5479
0.54671
0

0.5
0.486849
0.523735
0.534113
0.476169
0.549657
0.506949
0.51684
0.530269
0.513115
0.53832
0.558419
0.6668
0.695182
0.763789
0.841877
0.844711
0.744357
0.604983
0.543039
0.542166
0

0.5
0.490041
0.521414
0.535336
0.508997
0.545607
0.509248
0.518174
0.529364
0.514604
0.537273
0.561984
0.660783
0.691165
0.761145
0.802878
0.895942
0.755016
0.599064
0.537853
0.536976
0

0.5
0.493476
0.519166
0.535476
0.526618
0.52616
0.508826
0.51904
0.52862
0.516657
0.535802
0.559316
0.658132
0.686604
0.758146
0.77601
0.944058
0.769142
0.588736
0.529827
0.528947
0

0.5
0.496082
0.517783
0.533948
0.537143
0.512041
0.508089
0.519635
0.52805
0.518847
0.534084
0.550402
0.658826
0.681204
0.753305
0.768933
0.985939
0.784838
0.572891
0.518969
0.51809
0

0.5
0.497763
0.51639
0.531293
0.540798
0.505018
0.508461
0.51984
0.528165
0.520987
0.53229
0.546473
0.651263
0.674859
0.743375
0.7742
1.03263
0.801685
0.551691
0.505502
0.504624
0

0.5
0.4987
0.514513
0.527545
0.537185
0.504807
0.510896
0.519259
0.529681
0.523027
0.530545
0.543922
0.637875
0.667674
0.726922
0.787131
1.09015
0.818818
0.526277
0.489812
0.488933
0

0.5
0.499109
0.512114
0.52253
0.524791
0.5122
0.516165
0.518061
0.532656
0.524862
0.528775
0.540875
0.62078
0.658503
0.708895
0.798598
1.16283
0.836227
0.496648
0.47233
0.471446
0

0.5
0.499185
0.509292
0.516349
0.49739
0.532592
0.524998
0.518638
0.534942
0.526174
0.526839
0.536698
0.60114
0.645893
0.688344
0.804454
1.2571
0.853177
0.461498
0.453802
0.452912
0

0.5
0.499092
0.506165
0.50989
0.444253
0.576837
0.537143
0.521349
0.536003
0.52684
0.524634
0.531227
0.579408
0.628731
0.659567
0.80243
1.38467
0.865216
0.418526
0.435735
0.434871
0

0.5
0.498978
0.502867
0.504159
0.449313
0.568505
0.542712
0.524929
0.536112
0.526908
0.522126
0.524531
0.556099
0.604468
0.614418
0.787971
1.55938
0.872128
0.368336
0.419189
0.418382
0

0.5
0.498916
0.499542
0.499747
0.462241
0.557194
0.544022
0.52885
0.535487
0.526493
0.51935
0.516818
0.532972
0.568137
0.539698
0.755124
1.78442
0.885178
0.312652
0.40474
0.404013
0

0.5
0.49877
0.496537
0.496591
0.475564
0.547117
0.543345
0.532901
0.534377
0.525753
0.516401
0.508339
0.508363
0.517768
0.430942
0.685827
2.07984
0.912147
0.254303
0.392789
0.392157
0

0.5
0.497989
0.494662
0.494054
0.48815
0.538192
0.541724
0.536237
0.533565
0.524851
0.513343
0.499404
0.482523
0.454795
0.404011
0.469644
2.45671
0.959199
0.196661
0.383263
0.382752
0

0.5
0.494995
0.491611
0.490337
0.49714
0.527743
0.537701
0.536646
0.530978
0.521891
0.508622
0.489813
0.45977
0.417412
0.392369
0.2493
2.87937
1.01358
0.130405
0.372716
0.372438
0

0
0
0
0
0
0
0
0
0
0
0
0
0
0
0
0
0
0
0
0
0
0


0
0
0
0
0
0
0
0
0
0
0
0
0
0
0
0
0
0
0
0
0
0

0.5
0.493606
0.521096
0.52803
0.0992345
0.0721773
0.461794
0.517306
0.532368
0.523379
0.545262
0.566847
0.660105
0.693737
0.755644
0.824485
0.830717
0.745968
0.624316
0.567596
0.566396
0

0.5
0.492318
0.518883
0.524817
0.333908
0.428731
0.500968
0.518911
0.530166
0.52163
0.542663
0.566374
0.654501
0.689218
0.751209
0.814014
0.840264
0.746166
0.619402
0.563052
0.562178
0

0.5
0.49395
0.517905
0.526403
0.457731
0.562496
0.514546
0.520309
0.529818
0.522463
0.541904
0.567107
0.65086
0.686187
0.748564
0.798815
0.867977
0.753787
0.614585
0.558765
0.557885
0

0.5
0.495853
0.516702
0.527456
0.499614
0.550213
0.514985
0.520941
0.529502
0.523616
0.540783
0.565173
0.647651
0.682164
0.744827
0.785732
0.901508
0.764477
0.606587
0.552184
0.551295
0

0.5
0.497496
0.515589
0.52711
0.51805
0.529388
0.514317
0.521342
0.529377
0.524905
0.539388
0.560789
0.644391
0.677122
0.739481
0.780917
0.936951
0.777043
0.594984
0.543384
0.542485
0

0.5
0.498684
0.514389
0.525562
0.524985
0.519359
0.514608
0.52155
0.529671
0.526196
0.537838
0.556987
0.637769
0.670833
0.731275
0.783476
0.977254
0.790825
0.579735
0.532545
0.531633
0

0.5
0.499425
0.512906
0.522919
0.524122
0.516908
0.516393
0.521555
0.530598
0.527403
0.536197
0.553558
0.627544
0.663051
0.719327
0.79082
1.02627
0.805453
0.561012
0.519954
0.519028
0

0.5
0.499806
0.51108
0.519241
0.516665
0.520543
0.519988
0.521609
0.53205
0.528428
0.534438
0.549778
0.614394
0.653125
0.704398
0.798764
1.08779
0.820657
0.538718
0.506019
0.505079
0

0.5
0.499932
0.508951
0.51474
0.502005
0.530671
0.52544
0.522443
0.533354
0.529124
0.532498
0.545236
0.598943
0.640107
0.685761
0.803999
1.16665
0.835917
0.512359
0.491317
0.490367
0

0.5
0.499918
0.506618
0.510002
0.481175
0.546661
0.531953
0.52428
0.534136
0.529405
0.530321
0.539779
0.581603
0.622927
0.660517
0.80375
1.26903
0.850572
0.481504
0.476619
0.475674
0

0.5
0.499847
0.5042
0.5058
0.476557
0.54885
0.536271
0.526715
0.534376
0.529281
0.527897
0.533436
0.562785
0.600041
0.624396
0.793877
1.40056
0.866622
0.446763
0.462609
0.461686
0

0.5
0.499758
0.501825
0.502454
0.480867
0.544606
0.538056
0.529386
0.534181
0.528823
0.525264
0.526341
0.543042
0.569507
0.572307
0.766702
1.56803
0.888164
0.409303
0.449732
0.448848
0

0.5
0.499631
0.499696
0.499937
0.488076
0.538916
0.538235
0.532078
0.533733
0.528135
0.522487
0.518688
0.522198
0.530761
0.505554
0.704479
1.78265
0.919124
0.370743
0.43821
0.43738
0

0.5
0.499321
0.49798
0.497909
0.495913
0.533164
0.537536
0.534485
0.533272
0.52728
0.519596
0.510705
0.500668
0.486624
0.464121
0.566361
2.05161
0.961751
0.332638
0.427872
0.427118
0

0.5
0.496877
0.494676
0.494435
0.501052
0.525429
0.534372
0.534331
0.530708
0.524296
0.514961
0.501908
0.481348
0.45435
0.443878
0.417527
2.34664
1.005
0.28766
0.415295
0.414745
0

0
0
0
0
0
0
0
0
0
0
0
0
0
0
0
0
0
0
0
0
0
0


0
0
0
0
0
0
0
0
0
0
0
0
0
0
0
0
0
0
0
0
0
0

0.5
0.497177
0.517956
0.519879
0.497906
0.572054
0.51494
0.523522
0.533255
0.530441
0.549814
0.57501
0.649183
0.687486
0.74408
0.800863
0.822243
0.745641
0.638363
0.5875
0.586296
0

0.5
0.495764
0.515715
0.519289
0.494593
0.567462
0.515577
0.521875
0.531018
0.528488
0.547273
0.572926
0.645025
0.683451
0.73993
0.794527
0.827015
0.745008
0.633909
0.583299
0.582431
0

0.5
0.496731
0.515225
0.521138
0.4974
0.557021
0.517659
0.522441
0.530871
0.528928
0.546657
0.57257
0.64249
0.681046
0.737669
0.788531
0.844119
0.750622
0.630296
0.579932
0.579055
0

0.5
0.497853
0.51455
0.522188
0.506057
0.543438
0.518254
0.522883
0.530751
0.529535
0.545735
0.57092
0.639386
0.677581
0.734269
0.783009
0.867352
0.758725
0.624472
0.574801
0.57391
0

0.5
0.498891
0.513783
0.522257
0.514079
0.532116
0.518262
0.523191
0.530756
0.53022
0.544551
0.568046
0.635431
0.673025
0.729499
0.78096
0.894894
0.768641
0.616238
0.567985
0.567077
0

0.5
0.499708
0.512886
0.521381
0.518328
0.525071
0.518616
0.523411
0.530987
0.530901
0.543168
0.564801
0.629564
0.667187
0.722792
0.782875
0.927496
0.779899
0.605503
0.559629
0.5587
0

0.5
0.500272
0.51179
0.519625
0.518287
0.522394
0.519834
0.523616
0.531508
0.531506
0.541626
0.561353
0.621405
0.659786
0.71357
0.787654
0.967201
0.79226
0.592264
0.549958
0.549005
0

0.5
0.500605
0.51046
0.517086
0.514241
0.523589
0.522129
0.523968
0.532239
0.531965
0.539919
0.5575
0.611087
0.650364
0.701582
0.793204
1.01656
0.805584
0.576472
0.539285
0.538307
0

0.5
0.500772
0.508931
0.513981
0.50669
0.528143
0.525418
0.52473
0.532934
0.532197
0.538023
0.55305
0.598885
0.63829
0.686107
0.79728
1.07863
0.819839
0.558035
0.528003
0.527002
0

0.5
0.500836
0.507268
0.510692
0.497539
0.534449
0.529124
0.525993
0.533399
0.532157
0.535918
0.547923
0.585067
0.622819
0.665506
0.797479
1.15685
0.835367
0.537047
0.516574
0.515557
0

0.5
0.500848
0.505548
0.507685
0.493371
0.536829
0.531995
0.52761
0.533576
0.531846
0.533612
0.542137
0.569901
0.603082
0.637565
0.790389
1.25475
0.853543
0.514002
0.505426
0.504401
0

0.5
0.50086
0.503882
0.505216
0.494181
0.535581
0.533548
0.529389
0.533504
0.531304
0.531133
0.535788
0.553671
0.578288
0.60023
0.770094
1.37713
0.876221
0.489655
0.494852
0.493829
0

0.5
0.500891
0.50236
0.503287
0.497671
0.53266
0.534036
0.53119
0.53328
0.530596
0.528534
0.529022
0.536526
0.548469
0.555189
0.725447
1.53021
0.905044
0.464859
0.484977
0.483965
0

0.5
0.500894
0.500988
0.501684
0.502196
0.529179
0.533841
0.532857
0.532973
0.529747
0.525834
0.522016
0.518919
0.515806
0.517185
0.641386
1.71725
0.940523
0.440323
0.47563
0.47465
0

0.5
0.49878
0.497733
0.498388
0.504506
0.523399
0.531164
0.532096
0.530427
0.526716
0.521306
0.514006
0.502693
0.489722
0.494738
0.552371
1.919
0.974182
0.409734
0.463466
0.462666
0

0
0
0
0
0
0
0
0
0
0
0
0
0
0
0
0
0
0
0
0
0
0


0
0
0
0
0
0
0
0
0
0
0
0
0
0
0
0
0
0
0
0
0
0

0.5
0.499738
0.515632
0.518964
0.507271
0.55273
0.520802
0.526249
0.534589
0.536343
0.554436
0.580862
0.641465
0.681864
0.733813
0.783006
0.807643
0.743155
0.652166
0.607388
0.606187
0

0.5
0.498186
0.513483
0.5175
0.50523
0.54846
0.51942
0.524299
0.532382
0.534248
0.551916
0.578275
0.637881
0.67813
0.72995
0.77862
0.809633
0.741872
0.648155
0.603526
0.602671
0

0.5
0.49882
0.513237
0.518352
0.507003
0.543449
0.52031
0.524576
0.5323
0.534433
0.55138
0.577564
0.635964
0.676207
0.728189
0.776478
0.82081
0.746015
0.645688
0.601069
0.600202
0

0.5
0.49953
0.512863
0.518955
0.510595
0.536796
0.520739
0.524824
0.532228
0.534685
0.550579
0.576092
0.633255
0.673315
0.725464
0.774619
0.836866
0.752101
0.641777
0.597344
0.59646
0

0.5
0.50021
0.512385
0.519049
0.514208
0.530615
0.520891
0.525013
0.532218
0.534957
0.549534
0.573858
0.629612
0.669408
0.721638
0.774375
0.857125
0.759777
0.636321
0.592419
0.591513
0

0.5
0.500786
0.511792
0.518544
0.516354
0.526238
0.521188
0.525168
0.532316
0.535199
0.548278
0.571112
0.624649
0.664336
0.716406
0.776206
0.881855
0.768763
0.629261
0.586405
0.585471
0

0.5
0.501221
0.511055
0.517436
0.516378
0.524126
0.521946
0.52535
0.532538
0.535366
0.546833
0.567969
0.618133
0.657867
0.709367
0.779666
0.912121
0.77893
0.620594
0.579471
0.578505
0

0.5
0.501527
0.510172
0.515802
0.514259
0.524192
0.523306
0.525653
0.532843
0.535411
0.545205
0.564393
0.610052
0.649679
0.700133
0.783667
0.949451
0.790249
0.610319
0.57183
0.570829
0

0.5
0.501736
0.509161
0.51379
0.510427
0.526006
0.525192
0.526182
0.53313
0.535295
0.543393
0.560321
0.600515
0.639358
0.688084
0.786744
0.995674
0.802871
0.598508
0.563747
0.562709
0

0.5
0.501879
0.508058
0.511634
0.506074
0.528541
0.527274
0.52697
0.533306
0.534992
0.541397
0.555723
0.58967
0.626431
0.672235
0.787137
1.05288
0.817205
0.585341
0.555506
0.554434
0

0.5
0.50201
0.506933
0.50962
0.503476
0.529876
0.529012
0.527962
0.533331
0.534505
0.53923
0.550627
0.577696
0.610425
0.651403
0.782346
1.1234
0.834032
0.571168
0.547359
0.546255
0

0.5
0.502164
0.505842
0.507917
0.503289
0.529533
0.530094
0.52906
0.533216
0.533856
0.536917
0.545099
0.564774
0.59103
0.624731
0.768463
1.21018
0.85422
0.556435
0.539489
0.538357
0

0.5
0.502379
0.504831
0.506543
0.504857
0.528063
0.530549
0.530189
0.533013
0.533098
0.534512
0.539267
0.551121
0.568454
0.593296
0.73936
1.31645
0.878364
0.541568
0.531955
0.530801
0

0.5
0.502633
0.503854
0.505353
0.507292
0.526027
0.530531
0.53124
0.532721
0.532219
0.532012
0.533249
0.537107
0.544148
0.563121
0.689795
1.4431
0.906261
0.526843
0.524605
0.523446
0

0.5
0.500745
0.500786
0.502233
0.507636
0.521542
0.528034
0.529896
0.530119
0.529117
0.5276
0.526019
0.523698
0.523694
0.542765
0.639617
1.57775
0.931197
0.506941
0.51415
0.51316
0

0
0
0
0
0
0
0
0
0
0
0
0
0
0
0
0
0
0
0
0
0
0


0
0
0
0
0
0
0
0
0
0
0
0
0
0
0
0
0
0
0
0
0
0

0.5
0.501732
0.51395
0.51803
0.513035
0.540639
0.524084
0.528601
0.53623
0.541463
0.558985
0.585517
0.635717
0.676827
0.72466
0.767866
0.790239
0.739271
0.665542
0.627037
0.625845
0

0.5
0.500086
0.511869
0.516206
0.511349
0.537172
0.522182
0.526522
0.534019
0.539265
0.556472
0.582791
0.632434
0.673331
0.721073
0.764395
0.790379
0.73747
0.661945
0.623506
0.62267
0

0.5
0.500538
0.511763
0.516587
0.512325
0.534548
0.522481
0.526614
0.533935
0.539274
0.555991
0.582026
0.630963
0.671839
0.719832
0.763921
0.79756
0.740439
0.660521
0.621932
0.621083
0

0.5
0.501023
0.511586
0.516887
0.51386
0.531186
0.522657
0.526693
0.533834
0.539277
0.555273
0.580729
0.628759
0.669549
0.717871
0.763732
0.808177
0.744861
0.658288
0.619557
0.618688
0

0.5
0.501498
0.51134
0.516944
0.515419
0.527923
0.522735
0.526739
0.533746
0.539252
0.55433
0.57889
0.625752
0.666411
0.7151
0.764391
0.822023
0.750565
0.655205
0.616431
0.615535
0

0.5
0.501925
0.511019
0.516673
0.516372
0.525415
0.522876
0.526765
0.533688
0.539171
0.553177
0.576581
0.621787
0.662314
0.71133
0.766138
0.839252
0.757417
0.65126
0.612635
0.611706
0

0.5
0.502288
0.510617
0.516057
0.516347
0.523991
0.523244
0.52681
0.533668
0.539008
0.55183
0.573858
0.616741
0.657098
0.706301
0.768787
0.860423
0.765352
0.646458
0.608274
0.607306
0

0.5
0.502591
0.510133
0.515129
0.515275
0.523664
0.523908
0.526921
0.533667
0.53874
0.550301
0.570731
0.610586
0.650549
0.699675
0.771724
0.886369
0.774409
0.640858
0.603495
0.602483
0

0.5
0.502845
0.509572
0.51397
0.513398
0.52421
0.524831
0.527146
0.533643
0.53835
0.548598
0.567189
0.603359
0.642401
0.691003
0.774097
0.918181
0.784719
0.634543
0.598456
0.597396
0

0.5
0.503085
0.50897
0.512726
0.511319
0.525118
0.525854
0.527504
0.533559
0.537828
0.546733
0.563236
0.595145
0.63238
0.679695
0.774738
0.95711
0.796565
0.627662
0.593312
0.592202
0

0.5
0.503343
0.508361
0.511548
0.509923
0.525656
0.526736
0.527973
0.533392
0.537176
0.544716
0.558897
0.586045
0.620235
0.665096
0.772026
1.00463
0.810343
0.620433
0.588207
0.587047
0

0.5
0.503652
0.507774
0.510531
0.50963
0.525472
0.527303
0.528508
0.53315
0.536418
0.542584
0.55424
0.576205
0.605859
0.646804
0.763608
1.06248
0.826422
0.613088
0.583234
0.582023
0

0.5
0.504053
0.507231
0.509696
0.510307
0.52468
0.527541
0.529076
0.532862
0.535588
0.540378
0.549358
0.565801
0.589462
0.625384
0.746325
1.13224
0.844951
0.605806
0.578408
0.577149
0

0.5
0.504526
0.506662
0.508931
0.511523
0.523483
0.527482
0.529589
0.532494
0.534657
0.538082
0.544326
0.555105
0.571939
0.603516
0.718477
1.21384
0.86551
0.598602
0.573578
0.572287
0

0.5
0.502814
0.503839
0.506009
0.510552
0.519774
0.524937
0.527691
0.529768
0.531461
0.533789
0.537865
0.544291
0.556397
0.587167
0.69137
1.29883
0.882829
0.587022
0.565492
0.564368
0

0
0
0
0
0
0
0
0
0
0
0
0
0
0
0
0
0
0
0
0
0
0


0
0
0
0
0
0
0
0
0
0
0
0
0
0
0
0
0
0
0
0
0
0

0.5
0.503438
0.512626
0.517112
0.517294
0.531597
0.526182
0.530703
0.537963
0.545996
0.563323
0.589444
0.631069
0.672224
0.716324
0.754146
0.772056
0.735033
0.67866
0.646286
0.645111
0

0.5
0.501732
0.510595
0.515138
0.515369
0.528935
0.524096
0.528542
0.53573
0.543716
0.560814
0.586701
0.628004
0.668943
0.713002
0.751109
0.770761
0.732798
0.675454
0.643081
0.642272
0

0.5
0.502077
0.510588
0.515282
0.515749
0.527828
0.524141
0.528504
0.53561
0.543593
0.560376
0.585999
0.626919
0.667869
0.712261
0.751356
0.774808
0.734785
0.674998
0.642363
0.641539
0

0.5
0.502433
0.510559
0.515408
0.516278
0.526412
0.524135
0.528432
0.535445
0.543407
0.559723
0.584895
0.625258
0.666198
0.711066
0.751877
0.780897
0.737795
0.674296
0.641286
0.64044
0

0.5
0.502787
0.510508
0.515449
0.516798
0.524978
0.524076
0.528319
0.535246
0.543151
0.558861
0.583382
0.622988
0.663893
0.709359
0.752864
0.788998
0.741775
0.673354
0.639884
0.639009
0

0.5
0.50313
0.510434
0.515365
0.517106
0.523784
0.524018
0.528175
0.535025
0.542814
0.5578
0.581481
0.620049
0.660893
0.707039
0.754412
0.799201
0.746675
0.672176
0.638198
0.637287
0

0.5
0.503459
0.510337
0.515142
0.517051
0.522979
0.524021
0.528016
0.534786
0.542388
0.55655
0.579217
0.616392
0.657102
0.703936
0.75641
0.811744
0.752499
0.670814
0.636294
0.635338
0

0.5
0.503772
0.510209
0.514782
0.516592
0.522592
0.524119
0.527868
0.534526
0.541866
0.555128
0.576608
0.611996
0.652391
0.699835
0.758597
0.827037
0.759275
0.669318
0.634246
0.633241
0

0.5
0.504089
0.510062
0.514329
0.515833
0.522551
0.524312
0.527757
0.534235
0.541248
0.553546
0.573666
0.606879
0.646628
0.694485
0.760545
0.845624
0.767082
0.667739
0.632118
0.631058
0

0.5
0.504429
0.509912
0.513846
0.515013
0.522672
0.524545
0.5277
0.533901
0.54053
0.551815
0.570404
0.601075
0.639664
0.687529
0.761629
0.868181
0.776049
0.66617
0.629982
0.628863
0

0.5
0.504816
0.509767
0.51339
0.514442
0.52269
0.524726
0.527692
0.533523
0.539725
0.549959
0.566858
0.594653
0.631379
0.678588
0.760932
0.895545
0.786328
0.664708
0.627893
0.626712
0

0.5
0.505283
0.509642
0.513006
0.514311
0.52245
0.524786
0.527723
0.53311
0.538853
0.548008
0.563082
0.587709
0.621737
0.667459
0.75724
0.928698
0.798012
0.663415
0.625869
0.624625
0

0.5
0.505865
0.509539
0.512699
0.514611
0.521954
0.524714
0.527784
0.532678
0.537939
0.545998
0.559146
0.580365
0.610876
0.654371
0.749058
0.968498
0.811059
0.662305
0.623889
0.622583
0

0.5
0.506538
0.509379
0.512376
0.515136
0.521229
0.52448
0.527799
0.532178
0.536939
0.543903
0.555082
0.572785
0.599292
0.640483
0.735768
1.0148
0.825071
0.661231
0.621792
0.620439
0

0.5
0.504977
0.506824
0.509679
0.513284
0.51795
0.521737
0.525367
0.529279
0.533634
0.539727
0.549373
0.564411
0.588155
0.628851
0.722648
1.06181
0.835988
0.656396
0.616337
0.615167
0

0
0
0
0
0
0
0
0
0
0
0
0
0
0
0
0
0
0
0
0
0
0


0
0
0
0
0
0
0
0
0
0
0
0
0
0
0
0
0
0
0
0
0
0

0.5
0.504009
0.510614
0.515469
0.519601
0.523768
0.527181
0.531889
0.538741
0.548735
0.565518
0.590506
0.624632
0.666027
0.707619
0.74222
0.758005
0.73502
0.693237
0.664556
0.663555
0

0.5
0.502253
0.508614
0.513399
0.517424
0.521725
0.524978
0.529634
0.536453
0.546366
0.562994
0.587768
0.621723
0.662883
0.704429
0.739254
0.755464
0.732445
0.69038
0.661636
0.661017
0

0.5
0.502534
0.508687
0.513412
0.517365
0.521708
0.524855
0.529458
0.536259
0.546115
0.562574
0.587137
0.620923
0.662076
0.703947
0.739558
0.756912
0.733807
0.690859
0.661713
0.661085
0

0.5
0.502809
0.508777
0.513432
0.517284
0.521627
0.524661
0.529199
0.535971
0.545743
0.561948
0.586183
0.619681
0.660812
0.703153
0.739953
0.759168
0.735937
0.691611
0.661832
0.661194
0

0.5
0.503088
0.508885
0.513461
0.51719
0.521452
0.524387
0.528862
0.535599
0.545256
0.56112
0.584906
0.617995
0.659072
0.702016
0.740425
0.762275
0.738856
0.69264
0.662001
0.661348
0

0.5
0.503377
0.509011
0.513496
0.517079
0.52116
0.524024
0.528451
0.53515
0.544659
0.560098
0.583313
0.615866
0.656831
0.700479
0.740926
0.766245
0.742599
0.693979
0.662232
0.661559
0

0.5
0.503679
0.50915
0.513527
0.516939
0.520749
0.523572
0.527973
0.534633
0.54396
0.558893
0.581416
0.613289
0.654049
0.698468
0.74139
0.771093
0.747175
0.695645
0.662537
0.661841
0

0.5
0.504002
0.509302
0.513558
0.51676
0.52023
0.52304
0.527444
0.53406
0.543168
0.557522
0.579235
0.610272
0.650701
0.695911
0.741695
0.776822
0.752595
0.697638
0.662916
0.662194
0

0.5
0.504361
0.509474
0.513593
0.516564
0.519652
0.522461
0.526886
0.533445
0.542292
0.555998
0.576786
0.606819
0.64675
0.692705
0.74171
0.783466
0.75883
0.699938
0.663358
0.662608
0

0.5
0.50477
0.509662
0.513634
0.51637
0.519046
0.521853
0.526315
0.532798
0.541346
0.554343
0.574099
0.602956
0.642167
0.688714
0.741223
0.791038
0.765872
0.702553
0.663862
0.663081
0

0.5
0.50525
0.509867
0.513685
0.516219
0.518448
0.52124
0.525751
0.532134
0.540347
0.552584
0.571209
0.598723
0.63694
0.683796
0.74005
0.799593
0.773644
0.705429
0.6644
0.663588
0

0.5
0.505828
0.510087
0.513748
0.516142
0.517877
0.520638
0.525208
0.531466
0.539313
0.550749
0.568163
0.594181
0.631084
0.677857
0.737808
0.809185
0.782043
0.708497
0.664934
0.66409
0

0.5
0.506539
0.510315
0.513819
0.516142
0.517333
0.520058
0.524697
0.530808
0.538264
0.548869
0.565012
0.589406
0.62467
0.67096
0.734076
0.819838
0.790925
0.711667
0.665414
0.664539
0

0.5
0.507354
0.510465
0.51381
0.516124
0.51674
0.519431
0.524148
0.530096
0.537146
0.54691
0.561757
0.584469
0.617903
0.663492
0.728759
0.831417
0.799997
0.714719
0.665674
0.664786
0

0.5
0.505886
0.508104
0.511248
0.513539
0.513587
0.516286
0.521122
0.526954
0.533691
0.542801
0.556673
0.578182
0.610375
0.655862
0.722597
0.841471
0.806052
0.714211
0.662438
0.661792
0

0
0
0
0
0
0
0
0
0
0
0
0
0
0
0
0
0
0
0
0
0
0


0
0
0
0
0
0
0
0
0
0
0
0
0
0
0
0
0
0
0
0
0
0

0
0
0
0
0
0
0
0
0
0
0
0
0
0
0
0
0
0
0
0
0
0

0
0
0
0
0
0
0
0
0
0
0
0
0
0
0
0
0
0
0
0
0
0

0
0
0
0
0
0
0
0
0
0
0
0
0
0
0
0
0
0
0
0
0
0

0
0
0
0
0
0
0
0
0
0
0
0
0
0
0
0
0
0
0
0
0
0

0
0
0
0
0
0
0
0
0
0
0
0
0
0
0
0
0
0
0
0
0
0

0
0
0
0
0
0
0
0
0
0
0
0
0
0
0
0
0
0
0
0
0
0

0
0
0
0
0
0
0
0
0
0
0
0
0
0
0
0
0
0
0
0
0
0

0
0
0
0
0
0
0
0
0
0
0
0
0
0
0
0
0
0
0
0
0
0

0
0
0
0
0
0
0
0
0
0
0
0
0
0
0
0
0
0
0
0
0
0

0
0
0
0
0
0
0
0
0
0
0
0
0
0
0
0
0
0
0
0
0
0

0
0
0
0
0
0
0
0
0
0
0
0
0
0
0
0
0
0
0
0
0
0

0
0
0
0
0
0
0
0
0
0
0
0
0
0
0
0
0
0
0
0
0
0

0
0
0
0
0
0
0
0
0
0
0
0
0
0
0
0
0
0
0
0
0
0

0
0
0
0
0
0
0
0
0
0
0
0
0
0
0
0
0
0
0
0
0
0

0
0
0
0
0
0
0
0
0
0
0
0
0
0
0
0
0
0
0
0
0
0

0
0
0
0
0
0
0
0
0
0
0
0
0
0
0
0
0
0
0
0
0
0


