0
0
0
0
0
0
0
0
0
0
0
0
0
0
0
0
0
0
0
0
0
0

0
528332
528331
528334
528335
528334
528335
528339
528340
528353
528347
528351
528358
528356
528357
528360
528353
528365
528372
528378
528383
0

0
528332
528333
528334
528335
528334
528335
528339
528340
528340
528347
528350
528357
528356
528357
528360
528349
528365
528371
528378
528382
0

0
528332
528332
528335
528335
528334
528338
528339
528339
528342
528347
528350
528350
528356
528357
528359
528363
528364
528372
528378
528382
0

0
528332
528333
528335
528335
528336
528338
528340
528341
528343
528347
528351
528351
528356
528357
528359
528363
528365
528372
528379
528383
0

0
528333
528333
528334
528335
528336
528338
528340
528341
528344
528348
528351
528350
528355
528357
528359
528363
528366
528373
528379
528383
0

0
528333
528334
528335
528336
528337
528339
528341
528341
528345
528348
528351
528352
528356
528357
528357
528363
528366
528372
528380
528384
0

0
528334
528335
528335
528336
528337
528339
528341
528341
528346
528349
528352
528353
528356
528357
528359
528364
528366
528373
528382
528384
0

0
528335
528335
528336
528337
528337
528340
528342
528348
528347
528350
528353
528354
528356
528357
528358
528364
528366
528373
528383
528385
0

0
528336
528336
528337
528338
528338
528340
528343
528349
528348
528351
528354
528356
528357
528357
528357
528364
528366
528374
528380
528386
0

0
528337
528337
528338
528338
528340
528342
528344
528349
528350
528352
528355
528357
528358
528357
528357
528364
528366
528375
528381
528387
0

0
528338
528339
528339
528339
528340
528343
528346
528350
528351
528353
528356
528359
528365
528357
528358
528366
528368
528377
528382
528388
0

0
528339
528340
528340
528340
528341
528344
528347
528351
528352
528355
528357
528360
528363
528358
528360
528367
528369
528379
528384
528389
0

0
528341
528341
528341
528342
528341
528345
528348
528351
528354
528356
528359
528362
528362
528361
528376
528369
528367
528380
528386
528391
0

0
528342
528343
528343
528343
528342
528346
528349
528352
528355
528358
528361
528363
528365
528374
528372
528368
528363
528382
528387
528392
0

0
528344
528344
528345
528344
528342
528348
528351
528354
528357
528360
528363
528365
528368
528373
528373
528374
528363
528385
528389
528394
0

0
0
0
0
0
0
0
0
0
0
0
0
0
0
0
0
0
0
0
0
0
0


0
528332
528331
528334
528335
528334
528335
528339
528340
528353
528347
528351
528358
528356
528357
528360
528353
528365
528372
528378
528383
0

-528332
528332
528331
528334
528335
528334
528335
528339
528340
528353
528347
528351
528358
528356
528357
528360
528353
528365
528372
528378
528383
528383

2.53655
528332
528333
528334
528335
528334
528335
528339
528340
528340
528347
528350
528357
528356
528357
528360
528349
528365
528371
528378
528382
528382

-528332
528332
528332
528335
528335
528334
528338
528339
528339
528342
528347
528350
528350
528356
528357
528359
528363
528364
528372
528378
528382
528382

-528332
528332
528333
528335
528335
528336
528338
528340
528341
528343
528347
528351
528351
528356
528357
528359
528363
528365
528372
528379
528383
528383

-528333
528333
528333
528334
528335
528336
528338
528340
528341
528344
528348
528351
528350
528355
528357
528359
528363
528366
528373
528379
528383
528383

-528333
528333
528334
528335
528336
528337
528339
528341
528341
528345
528348
528351
528352
528356
528357
528357
528363
528366
528372
528380
528384
528384

-528334
528334
528335
528335
528336
528337
528339
528341
528341
528346
528349
528352
528353
528356
528357
528359
528364
528366
528373
528382
528384
528384

-528335
528335
528335
528336
528337
528337
528340
528342
528348
528347
528350
528353
528354
528356
528357
528358
528364
528366
528373
528383
528385
528385

-528336
528336
528336
528337
528338
528338
528340
528343
528349
528348
528351
528354
528356
528357
528357
528357
528364
528366
528374
528380
528386
528386

-528337
528337
528337
528338
528338
528340
528342
528344
528349
528350
528352
528355
528357
528358
528357
528357
528364
528366
528375
528381
528387
528387

-528338
528338
528339
528339
528339
528340
528343
528346
528350
528351
528353
528356
528359
528365
528357
528358
528366
528368
528377
528382
528388
528388

-528339
528339
528340
528340
528340
528341
528344
528347
528351
528352
528355
528357
528360
528363
528358
528360
528367
528369
528379
528384
528389
528389

-528341
528341
528341
528341
528342
528341
528345
528348
528351
528354
528356
528359
528362
528362
528361
528376
528369
528367
528380
528386
528391
528391

-528342
528342
528343
528343
528343
528342
528346
528349
528352
528355
528358
528361
528363
528365
528374
528372
528368
528363
528382
528387
528392
528392

-528344
528344
528344
528345
528344
528342
528348
528351
528354
528357
528360
528363
528365
528368
528373
528373
528374
528363
528385
528389
528394
528394

0
528344
528344
528345
528344
528342
528348
528351
528354
528357
528360
528363
528365
528368
528373
528373
528374
528363
528385
528389
528394
0


0
528336
528339
528338
528338
528338
528340
528343
528345
528347
528351
528354
528356
528359
528361
528364
528365
528371
528375
528382
528386
0

-528336
528336
528339
528338
528338
528338
528340
528343
528345
528347
528351
528354
528356
528359
528361
528364
528365
528371
528375
528382
528386
528386

-528335
528335
528341
528337
528338
528338
528339
528343
528344
528346
528350
528353
528357
528359
528361
528363
528356
528370
528375
528381
528386
528386

-528336
528336
528339
528338
528338
528338
528340
528343
528344
528346
528351
528354
528357
528359
528361
528363
528366
528369
528375
528381
528386
528386

-528336
528336
528339
528338
528338
528339
528341
528343
528344
528347
528351
528354
528355
528358
528361
528363
528367
528370
528375
528382
528386
528386

-528336
528336
528338
528338
528339
528340
528342
528343
528345
528347
528351
528354
528355
528359
528361
528363
528367
528370
528376
528382
528386
528386

-528337
528337
528338
528338
528339
528340
528342
528344
528346
528348
528352
528355
528356
528359
528362
528361
528367
528370
528377
528383
528387
528387

-528337
528337
528338
528339
528340
528340
528343
528345
528346
528349
528352
528355
528357
528360
528362
528363
528367
528371
528377
528384
528388
528388

-528338
528338
528339
528340
528340
528340
528343
528346
528348
528350
528353
528356
528358
528361
528362
528363
528367
528371
528378
528385
528388
528388

-528339
528339
528340
528340
528341
528341
528344
528347
528351
528352
528354
528357
528359
528361
528362
528362
528367
528372
528378
528385
528389
528389

-528340
528340
528341
528341
528342
528343
528345
528348
528352
528353
528355
528358
528361
528364
528362
528362
528368
528372
528379
528385
528390
528390

-528341
528341
528342
528342
528343
528344
528346
528349
528353
528354
528357
528359
528362
528371
528362
528363
528370
528373
528381
528386
528391
528391

-528343
528343
528343
528344
528344
528344
528347
528350
528354
528355
528358
528361
528364
528371
528363
528367
528373
528373
528382
528388
528393
528393

-528344
528344
528345
528345
528345
528345
528348
528351
528355
528357
528359
528362
528365
528368
528367
528376
528375
528373
528384
528389
528394
528394

-528346
528346
528346
528346
528346
528346
528350
528353
528356
528358
528361
528364
528367
528369
528375
528376
528375
528372
528386
528391
528395
528395

-528348
528348
528348
528348
528348
528347
528351
528354
528357
528360
528363
528366
528369
528372
528376
528377
528378
528371
528388
528393
528397
528397

0
528348
528348
528348
528348
528347
528351
528354
528357
528360
528363
528366
528369
528372
528376
528377
528378
528371
528388
528393
528397
0


0
528339
528343
528341
528342
528342
528344
528346
528348
528351
528354
528357
528360
528363
528365
528368
528373
528374
528379
528385
528389
0

-528339
528339
528343
528341
528342
528342
528344
528346
528348
528351
528354
528357
528360
528363
528365
528368
528373
528374
528379
528385
528389
528389

-528339
528339
528343
528341
528341
528341
528343
528346
528348
528350
528354
528357
528360
528362
528364
528367
528369
528374
528378
528384
528389
528389

-528339
528339
528343
528341
528341
528341
528343
528346
528348
528350
528354
528357
528360
528362
528365
528367
528372
528373
528379
528385
528389
528389

-528339
528339
528342
528341
528342
528342
528344
528346
528348
528350
528354
528357
528360
528363
528365
528367
528374
528374
528379
528385
528389
528389

-528340
528340
528342
528342
528342
528343
528345
528347
528349
528351
528355
528357
528359
528363
528365
528368
528372
528374
528380
528386
528390
528390

-528340
528340
528341
528342
528342
528343
528345
528347
528349
528352
528355
528358
528360
528363
528365
528367
528372
528375
528380
528386
528390
528390

-528341
528341
528342
528342
528343
528344
528346
528348
528350
528353
528356
528359
528361
528364
528366
528367
528371
528375
528381
528387
528391
528391

-528342
528342
528342
528343
528344
528344
528346
528349
528351
528354
528357
528359
528362
528365
528366
528368
528371
528375
528382
528388
528392
528392

-528343
528343
528343
528344
528344
528345
528347
528350
528353
528355
528358
528360
528363
528366
528367
528368
528371
528375
528382
528389
528392
528392

-528344
528344
528344
528345
528345
528346
528348
528351
528355
528356
528359
528361
528364
528368
528367
528367
528371
528376
528383
528389
528393
528393

-528345
528345
528345
528346
528346
528348
528350
528352
528356
528357
528360
528363
528366
528372
528368
528369
528373
528376
528385
528390
528395
528395

-528346
528346
528347
528347
528347
528348
528351
528353
528357
528359
528361
528364
528367
528374
528369
528373
528376
528377
528386
528391
528396
528396

-528348
528348
528348
528348
528349
528349
528352
528355
528358
528360
528363
528366
528369
528373
528372
528379
528379
528378
528388
528393
528397
528397

-528349
528349
528350
528350
528350
528350
528353
528356
528359
528362
528364
528367
528370
528373
528377
528380
528381
528380
528390
528394
528399
528399

-528351
528351
528351
528352
528352
528351
528355
528358
528361
528364
528366
528369
528372
528375
528379
528380
528384
528381
528392
528396
528401
528401

0
528351
528351
528352
528352
528351
528355
528358
528361
528364
528366
528369
528372
528375
528379
528380
528384
528381
528392
528396
528401
0


0
528343
528346
528344
528345
528344
528347
528350
528352
528354
528357
528360
528363
528366
528369
528372
528377
528378
528382
528388
528392
0

-528343
528343
528346
528344
528345
528344
528347
528350
528352
528354
528357
528360
528363
528366
528369
528372
528377
528378
528382
528388
528392
528392

-528342
528342
528345
528344
528345
528346
528347
528349
528351
528354
528357
528360
528363
528366
528368
528371
528375
528378
528382
528388
528392
528392

-528343
528343
528345
528344
528345
528345
528347
528349
528351
528354
528357
528360
528363
528366
528368
528371
528375
528378
528382
528388
528392
528392

-528343
528343
528345
528345
528345
528345
528347
528350
528352
528354
528357
528360
528363
528366
528369
528371
528376
528378
528383
528388
528392
528392

-528343
528343
528345
528345
528345
528346
528348
528350
528352
528354
528358
528361
528363
528366
528369
528372
528377
528378
528383
528389
528393
528393

-528344
528344
528345
528345
528346
528347
528349
528351
528353
528355
528358
528361
528364
528367
528369
528372
528376
528379
528384
528389
528393
528393

-528344
528344
528345
528346
528346
528347
528349
528351
528354
528356
528359
528362
528364
528367
528370
528372
528376
528379
528385
528390
528394
528394

-528345
528345
528346
528346
528347
528348
528350
528352
528355
528357
528360
528363
528365
528368
528370
528372
528375
528380
528386
528391
528395
528395

-528346
528346
528347
528347
528348
528348
528351
528353
528356
528358
528361
528364
528366
528369
528371
528373
528375
528380
528386
528392
528396
528396

-528347
528347
528348
528348
528349
528350
528352
528354
528357
528359
528362
528365
528368
528371
528372
528373
528375
528381
528388
528393
528397
528397

-528348
528348
528349
528349
528350
528351
528353
528355
528359
528361
528363
528366
528369
528374
528373
528374
528376
528381
528389
528394
528398
528398

-528350
528350
528350
528351
528351
528352
528354
528357
528360
528362
528365
528367
528370
528376
528374
528377
528379
528383
528390
528395
528399
528399

-528351
528351
528352
528352
528352
528353
528355
528358
528361
528363
528366
528369
528372
528376
528376
528382
528383
528385
528392
528396
528401
528401

-528353
528353
528353
528353
528354
528354
528357
528360
528362
528365
528368
528371
528374
528377
528380
528384
528387
528387
528394
528398
528402
528402

-528355
528355
528355
528355
528355
528356
528359
528361
528364
528367
528370
528373
528376
528379
528383
528385
528391
528390
528396
528400
528404
528404

0
528355
528355
528355
528355
528356
528359
528361
528364
528367
528370
528373
528376
528379
528383
528385
528391
528390
528396
528400
528404
0


0
528346
528348
528348
528348
528348
528351
528353
528355
528358
528361
528364
528367
528370
528372
528376
528380
528382
528386
528392
528396
0

-528346
528346
528348
528348
528348
528348
528351
528353
528355
528358
528361
528364
528367
528370
528372
528376
528380
528382
528386
528392
528396
528396

-528346
528346
528348
528347
528348
528350
528350
528353
528355
528357
528360
528363
528366
528369
528372
528375
528379
528382
528386
528391
528395
528395

-528346
528346
528348
528348
528348
528350
528351
528353
528355
528357
528361
528363
528366
528369
528372
528375
528379
528382
528386
528391
528395
528395

-528346
528346
528348
528348
528348
528350
528351
528353
528355
528358
528361
528364
528367
528370
528372
528375
528379
528382
528387
528392
528396
528396

-528347
528347
528348
528348
528349
528350
528351
528354
528356
528358
528361
528364
528367
528370
528373
528376
528380
528382
528387
528392
528396
528396

-528347
528347
528349
528349
528349
528350
528352
528354
528356
528359
528362
528365
528367
528370
528373
528376
528380
528383
528388
528393
528397
528397

-528348
528348
528349
528349
528350
528351
528353
528355
528357
528359
528362
528365
528368
528371
528374
528376
528380
528384
528389
528394
528397
528397

-528349
528349
528350
528350
528351
528351
528353
528356
528358
528360
528363
528366
528369
528372
528374
528377
528380
528384
528389
528394
528398
528398

-528350
528350
528350
528351
528351
528352
528354
528357
528359
528361
528364
528367
528370
528373
528375
528377
528380
528385
528390
528395
528399
528399

-528351
528351
528351
528352
528352
528353
528355
528358
528360
528363
528365
528368
528371
528374
528376
528378
528380
528386
528392
528396
528400
528400

-528352
528352
528352
528353
528353
528355
528356
528359
528362
528364
528367
528369
528372
528376
528377
528379
528380
528387
528393
528397
528401
528401

-528353
528353
528354
528354
528355
528356
528358
528360
528363
528365
528368
528371
528374
528378
528378
528381
528383
528388
528394
528399
528403
528403

-528355
528355
528355
528355
528356
528357
528359
528362
528364
528367
528370
528372
528375
528379
528380
528385
528388
528390
528396
528400
528404
528404

-528356
528356
528357
528357
528357
528358
528360
528363
528366
528368
528371
528374
528377
528381
528383
528388
528392
528393
528398
528402
528406
528406

-528358
528358
528359
528359
528359
528360
528362
528365
528368
528370
528373
528376
528379
528382
528386
528390
528397
528396
528400
528404
528407
528407

0
528358
528359
528359
528359
528360
528362
528365
528368
528370
528373
528376
528379
528382
528386
528390
528397
528396
528400
528404
528407
0


0
528349
528351
528351
528352
528353
528354
528356
528359
528361
528364
528367
528370
528373
528376
528380
528384
528386
528390
528395
528399
0

-528349
528349
528351
528351
528352
528353
528354
528356
528359
528361
528364
528367
528370
528373
528376
528380
528384
528386
528390
528395
528399
528399

-528349
528349
528351
528351
528351
528353
528354
528356
528358
528361
528364
528367
528370
528373
528376
528379
528383
528386
528390
528395
528399
528399

-528349
528349
528351
528351
528352
528353
528354
528356
528358
528361
528364
528367
528370
528373
528376
528379
528383
528386
528390
528395
528399
528399

-528350
528350
528351
528351
528352
528353
528355
528357
528359
528361
528364
528367
528370
528373
528376
528379
528383
528386
528390
528395
528399
528399

-528350
528350
528352
528352
528352
528354
528355
528357
528359
528362
528365
528368
528370
528374
528376
528380
528383
528387
528391
528396
528400
528400

-528351
528351
528352
528352
528353
528354
528355
528358
528360
528362
528365
528368
528371
528374
528377
528380
528384
528387
528392
528396
528400
528400

-528351
528351
528352
528353
528353
528354
528356
528358
528361
528363
528366
528369
528372
528375
528378
528380
528384
528388
528392
528397
528401
528401

-528352
528352
528353
528353
528354
528355
528357
528359
528361
528364
528367
528370
528372
528376
528378
528381
528384
528389
528393
528398
528402
528402

-528353
528353
528354
528354
528355
528356
528358
528360
528362
528365
528368
528371
528373
528377
528379
528382
528384
528390
528394
528399
528402
528402

-528354
528354
528355
528355
528356
528357
528359
528361
528364
528366
528369
528372
528375
528378
528380
528383
528385
528391
528396
528400
528404
528404

-528355
528355
528356
528356
528357
528358
528360
528362
528365
528367
528370
528373
528376
528379
528381
528384
528385
528392
528397
528401
528405
528405

-528357
528357
528357
528358
528358
528359
528361
528364
528366
528369
528371
528374
528377
528381
528383
528386
528387
528393
528398
528402
528406
528406

-528358
528358
528359
528359
528360
528361
528363
528365
528368
528370
528373
528376
528379
528383
528385
528389
528392
528395
528400
528404
528407
528407

-528360
528360
528360
528361
528361
528362
528364
528367
528369
528372
528375
528377
528381
528384
528387
528392
528397
528398
528401
528405
528409
528409

-528362
528362
528362
528362
528363
528364
528366
528369
528371
528374
528377
528379
528383
528386
528390
528394
528402
528401
528404
528407
528411
528411

0
528362
528362
528362
528363
528364
528366
528369
528371
528374
528377
528379
528383
528386
528390
528394
528402
528401
528404
528407
528411
0


0
528353
528354
528354
528355
528357
528358
528360
528362
528365
528367
528370
528373
528377
528380
528383
528387
528390
528394
528399
528402
0

-528353
528353
528354
528354
528355
528357
528358
528360
528362
528365
528367
528370
528373
528377
528380
528383
528387
528390
528394
528399
528402
528402

-528353
528353
528354
528354
528355
528356
528358
528360
528362
528364
528367
528370
528373
528376
528379
528383
528387
528390
528394
528398
528402
528402

-528353
528353
528354
528354
528355
528356
528358
528360
528362
528364
528367
528370
528373
528376
528380
528383
528387
528390
528394
528398
528402
528402

-528353
528353
528354
528355
528355
528357
528358
528360
528362
528365
528368
528371
528374
528377
528380
528383
528387
528390
528394
528399
528402
528402

-528354
528354
528355
528355
528356
528357
528358
528360
528363
528365
528368
528371
528374
528377
528380
528383
528387
528391
528395
528399
528403
528403

-528354
528354
528355
528356
528356
528357
528359
528361
528363
528366
528369
528372
528375
528378
528381
528384
528388
528391
528395
528400
528403
528403

-528355
528355
528356
528356
528357
528358
528360
528362
528364
528366
528369
528372
528375
528378
528381
528384
528388
528392
528396
528400
528404
528404

-528356
528356
528357
528357
528358
528359
528360
528363
528365
528367
528370
528373
528376
528379
528382
528385
528389
528393
528397
528401
528405
528405

-528357
528357
528357
528358
528359
528359
528361
528364
528366
528368
528371
528374
528377
528380
528383
528386
528389
528394
528398
528402
528406
528406

-528358
528358
528358
528359
528360
528360
528362
528365
528367
528370
528372
528375
528378
528381
528384
528387
528390
528395
528399
528403
528407
528407

-528359
528359
528360
528360
528361
528362
528364
528366
528368
528371
528374
528376
528379
528383
528385
528388
528390
528396
528401
528404
528408
528408

-528360
528360
528361
528361
528362
528363
528365
528367
528370
528372
528375
528378
528381
528384
528387
528390
528392
528398
528402
528406
528409
528409

-528362
528362
528362
528363
528363
528364
528366
528369
528371
528374
528376
528379
528382
528386
528389
528393
528396
528400
528403
528407
528411
528411

-528364
528364
528364
528364
528365
528366
528368
528370
528373
528375
528378
528381
528384
528388
528391
528395
528401
528403
528405
528409
528412
528412

-528366
528366
528366
528366
528367
528368
528370
528372
528375
528377
528380
528383
528386
528390
528393
528398
528405
528406
528407
528411
528414
528414

0
528366
528366
528366
528367
528368
528370
528372
528375
528377
528380
528383
528386
528390
528393
528398
528405
528406
528407
528411
528414
0


0
528356
528357
528358
528359
528360
528361
528363
528366
528368
528371
528374
528377
528380
528384
528387
528391
528394
528398
528402
528406
0

-528356
528356
528357
528358
528359
528360
528361
528363
528366
528368
528371
528374
528377
528380
528384
528387
528391
528394
528398
528402
528406
528406

-528356
528356
528357
528358
528358
528360
528361
528363
528365
528368
528371
528374
528377
528380
528383
528387
528390
528394
528398
528402
528405
528405

-528356
528356
528357
528358
528359
528360
528361
528363
528365
528368
528371
528374
528377
528380
528383
528387
528390
528394
528398
528402
528406
528406

-528357
528357
528358
528358
528359
528360
528362
528364
528366
528368
528371
528374
528377
528380
528384
528387
528391
528394
528398
528402
528406
528406

-528357
528357
528358
528359
528359
528361
528362
528364
528366
528369
528372
528374
528377
528381
528384
528387
528391
528395
528399
528403
528406
528406

-528358
528358
528359
528359
528360
528361
528363
528365
528367
528369
528372
528375
528378
528381
528384
528388
528391
528395
528399
528403
528407
528407

-528358
528358
528359
528360
528360
528362
528363
528365
528368
528370
528373
528376
528379
528382
528385
528388
528392
528396
528400
528404
528408
528408

-528359
528359
528360
528361
528361
528362
528364
528366
528368
528371
528374
528377
528380
528383
528386
528389
528393
528397
528401
528405
528408
528408

-528360
528360
528361
528361
528362
528363
528365
528367
528369
528372
528375
528378
528381
528384
528387
528390
528393
528398
528402
528406
528409
528409

-528361
528361
528362
528362
528363
528364
528366
528368
528371
528373
528376
528379
528382
528385
528388
528391
528394
528399
528403
528407
528410
528410

-528363
528363
528363
528364
528364
528365
528367
528369
528372
528374
528377
528380
528383
528386
528389
528393
528395
528400
528404
528408
528412
528412

-528364
528364
528364
528365
528366
528367
528369
528371
528373
528376
528378
528381
528384
528388
528391
528394
528397
528402
528406
528409
528413
528413

-528366
528366
528366
528366
528367
528368
528370
528372
528375
528377
528380
528383
528386
528389
528393
528397
528400
528404
528407
528411
528414
528414

-528367
528367
528367
528368
528369
528370
528371
528374
528376
528379
528382
528384
528388
528391
528395
528399
528404
528406
528409
528412
528416
528416

-528369
528369
528369
528370
528370
528371
528373
528376
528378
528381
528384
528386
528390
528393
528397
528402
528408
528409
528411
528414
528418
528418

0
528369
528369
528370
528370
528371
528373
528376
528378
528381
528384
528386
528390
528393
528397
528402
528408
528409
528411
528414
528418
0


0
528360
528361
528361
528362
528363
528365
528367
528369
528372
528374
528377
528380
528384
528387
528391
528395
528398
528402
528406
528409
0

-528360
528360
528361
528361
528362
528363
528365
528367
528369
528372
528374
528377
528380
528384
528387
528391
528395
528398
528402
528406
528409
528409

-528359
528359
528360
528361
528362
528363
528365
528367
528369
528371
528374
528377
528380
528383
528387
528390
528394
528398
528402
528405
528409
528409

-528360
528360
528361
528361
528362
528363
528365
528367
528369
528371
528374
528377
528380
528384
528387
528390
528394
528398
528402
528405
528409
528409

-528360
528360
528361
528362
528362
528364
528365
528367
528369
528372
528375
528377
528381
528384
528387
528391
528394
528398
528402
528406
528409
528409

-528361
528361
528361
528362
528363
528364
528366
528368
528370
528372
528375
528378
528381
528384
528388
528391
528395
528399
528402
528406
528410
528410

-528361
528361
528362
528363
528363
528365
528366
528368
528370
528373
528376
528379
528382
528385
528388
528392
528395
528399
528403
528407
528410
528410

-528362
528362
528363
528363
528364
528365
528367
528369
528371
528374
528376
528379
528382
528386
528389
528392
528396
528400
528404
528407
528411
528411

-528363
528363
528364
528364
528365
528366
528368
528370
528372
528374
528377
528380
528383
528386
528390
528393
528397
528401
528405
528408
528412
528412

-528364
528364
528364
528365
528366
528367
528369
528371
528373
528375
528378
528381
528384
528387
528391
528394
528397
528402
528406
528409
528413
528413

-528365
528365
528366
528366
528367
528368
528370
528372
528374
528377
528379
528382
528385
528389
528392
528395
528398
528403
528407
528410
528414
528414

-528366
528366
528367
528367
528368
528369
528371
528373
528375
528378
528380
528383
528387
528390
528393
528397
528400
528404
528408
528412
528415
528415

-528368
528368
528368
528369
528369
528370
528372
528374
528377
528379
528382
528385
528388
528391
528395
528398
528402
528406
528409
528413
528416
528416

-528369
528369
528370
528370
528371
528372
528374
528376
528378
528381
528383
528386
528389
528393
528396
528400
528404
528408
528411
528414
528418
528418

-528371
528371
528371
528372
528372
528373
528375
528377
528380
528382
528385
528388
528391
528395
528398
528403
528407
528410
528413
528416
528419
528419

-528373
528373
528373
528374
528374
528375
528377
528379
528382
528384
528387
528390
528393
528397
528401
528405
528411
528413
528415
528418
528421
528421

0
528373
528373
528374
528374
528375
528377
528379
528382
528384
528387
528390
528393
528397
528401
528405
528411
528413
528415
528418
528421
0


0
528363
528364
528365
528366
528367
528368
528370
528373
528375
528378
528381
528384
528387
528391
528395
528398
528402
528406
528409
528413
0

-528363
528363
528364
528365
528366
528367
528368
528370
528373
528375
528378
528381
528384
528387
528391
528395
528398
528402
528406
528409
528413
528413

-528363
528363
528364
528365
528365
528367
528368
528370
528372
528375
528378
528380
528384
528387
528390
528394
528398
528402
528405
528409
528412
528412

-528363
528363
528364
528365
528366
528367
528368
528370
528373
528375
528378
528381
528384
528387
528391
528394
528398
528402
528406
528409
528412
528412

-528364
528364
528364
528365
528366
528367
528369
528371
528373
528375
528378
528381
528384
528387
528391
528395
528398
528402
528406
528409
528413
528413

-528364
528364
528365
528366
528366
528368
528369
528371
528373
528376
528379
528381
528385
528388
528391
528395
528399
528402
528406
528410
528413
528413

-528365
528365
528366
528366
528367
528368
528370
528372
528374
528376
528379
528382
528385
528388
528392
528395
528399
528403
528407
528410
528414
528414

-528366
528366
528366
528367
528368
528369
528370
528372
528375
528377
528380
528383
528386
528389
528393
528396
528400
528404
528408
528411
528414
528414

-528367
528367
528367
528368
528369
528370
528371
528373
528376
528378
528381
528384
528387
528390
528393
528397
528400
528404
528408
528412
528415
528415

-528368
528368
528368
528369
528369
528371
528372
528374
528377
528379
528382
528385
528388
528391
528394
528398
528401
528405
528409
528413
528416
528416

-528369
528369
528369
528370
528371
528372
528373
528375
528378
528380
528383
528386
528389
528392
528396
528399
528402
528407
528410
528414
528417
528417

-528370
528370
528370
528371
528372
528373
528375
528377
528379
528381
528384
528387
528390
528394
528397
528401
528404
528408
528412
528415
528419
528419

-528372
528372
528372
528372
528373
528374
528376
528378
528380
528383
528385
528388
528392
528395
528399
528402
528406
528409
528413
528416
528420
528420

-528373
528373
528373
528374
528375
528376
528377
528379
528382
528384
528387
528390
528393
528397
528400
528404
528408
528411
528415
528418
528421
528421

-528375
528375
528375
528375
528376
528377
528379
528381
528383
528386
528389
528392
528395
528398
528402
528406
528411
528413
528416
528420
528423
528423

-528377
528377
528377
528377
528378
528379
528381
528383
528385
528388
528391
528394
528397
528400
528404
528409
528413
528416
528419
528422
528425
528425

0
528377
528377
528377
528378
528379
528381
528383
528385
528388
528391
528394
528397
528400
528404
528409
528413
528416
528419
528422
528425
0


0
0
0
0
0
0
0
0
0
0
0
0
0
0
0
0
0
0
0
0
0
0

0
528363
528364
528365
528366
528367
528368
528370
528373
528375
528378
528381
528384
528387
528391
528395
528398
528402
528406
528409
528413
0

0
528363
528364
528365
528365
528367
528368
528370
528372
528375
528378
528380
528384
528387
528390
528394
528398
528402
528405
528409
528412
0

0
528363
528364
528365
528366
528367
528368
528370
528373
528375
528378
528381
528384
528387
528391
528394
528398
528402
528406
528409
528412
0

0
528364
528364
528365
528366
528367
528369
528371
528373
528375
528378
528381
528384
528387
528391
528395
528398
528402
528406
528409
528413
0

0
528364
528365
528366
528366
528368
528369
528371
528373
528376
528379
528381
528385
528388
528391
528395
528399
528402
528406
528410
528413
0

0
528365
528366
528366
528367
528368
528370
528372
528374
528376
528379
528382
528385
528388
528392
528395
528399
528403
528407
528410
528414
0

0
528366
528366
528367
528368
528369
528370
528372
528375
528377
528380
528383
528386
528389
528393
528396
528400
528404
528408
528411
528414
0

0
528367
528367
528368
528369
528370
528371
528373
528376
528378
528381
528384
528387
528390
528393
528397
528400
528404
528408
528412
528415
0

0
528368
528368
528369
528369
528371
528372
528374
528377
528379
528382
528385
528388
528391
528394
528398
528401
528405
528409
528413
528416
0

0
528369
528369
528370
528371
528372
528373
528375
528378
528380
528383
528386
528389
528392
528396
528399
528402
528407
528410
528414
528417
0

0
528370
528370
528371
528372
528373
528375
528377
528379
528381
528384
528387
528390
528394
528397
528401
528404
528408
528412
528415
528419
0

0
528372
528372
528372
528373
528374
528376
528378
528380
528383
528385
528388
528392
528395
528399
528402
528406
528409
528413
528416
528420
0

0
528373
528373
528374
528375
528376
528377
528379
528382
528384
528387
528390
528393
528397
528400
528404
528408
528411
528415
528418
528421
0

0
528375
528375
528375
528376
528377
528379
528381
528383
528386
528389
528392
528395
528398
528402
528406
528411
528413
528416
528420
528423
0

0
528377
528377
528377
528378
528379
528381
528383
528385
528388
528391
528394
528397
528400
528404
528409
528413
528416
528419
528422
528425
0

0
0
0
0
0
0
0
0
0
0
0
0
0
0
0
0
0
0
0
0
0
0


