0
0
0
0
0
0
0
0
0
0
0
0
0
0
0
0
0
0
0
0
0
0

0
0
0
0
0
0
0
0
0
0
0
0
0
0
0
0
0
0
0
0
0
0

0
0
0
0
0
0
0
0
0
0
0
0
0
0
0
0
0
0
0
0
0
0

0
0
0
0
0
0
0
0
0
0
0
0
0
0
0
0
0
0
0
0
0
0

0
0
0
0
0
0
0
0
0
0
0
0
0
0
0
0
0
0
0
0
0
0

0
0
0
0
0
0
0
0
0
0
0
0
0
0
0
0
0
0
0
0
0
0

0
0
0
0
0
0
0
0
0
0
0
0
0
0
0
0
0
0
0
0
0
0

0
0
0
0
0
0
0
0
0
0
0
0
0
0
0
0
0
0
0
0
0
0

0
0
0
0
0
0
0
0
0
0
0
0
0
0
0
0
0
0
0
0
0
0

0
0
0
0
0
0
0
0
0
0
0
0
0
0
0
0
0
0
0
0
0
0

0
0
0
0
0
0
0
0
0
0
0
0
0
0
0
0
0
0
0
0
0
0

0
0
0
0
0
0
0
0
0
0
0
0
0
0
0
0
0
0
0
0
0
0

0
0
0
0
0
0
0
0
0
0
0
0
0
0
0
0
0
0
0
0
0
0

0
0
0
0
0
0
0
0
0
0
0
0
0
0
0
0
0
0
0
0
0
0

0
0
0
0
0
0
0
0
0
0
0
0
0
0
0
0
0
0
0
0
0
0

0
0
0
0
0
0
0
0
0
0
0
0
0
0
0
0
0
0
0
0
0
0

0
0
0
0
0
0
0
0
0
0
0
0
0
0
0
0
0
0
0
0
0
0


0
0
0
0
0
0
0
0
0
0
0
0
0
0
0
0
0
0
0
0
0
0

0
-0.0967678
-0.0939443
-0.115426
-0.102227
-0.0814401
-0.0664993
-0.125168
0.00454922
-0.668493
-0.0522091
-0.0837541
-0.306769
-0.0238117
-0.171703
-0.27059
0.122592
-0.039104
-0.0568302
-0.0868022
-0.105149
0

0
-0.124192
-0.128061
-0.160715
-0.152695
-0.0685178
-0.000763138
-0.192471
-0.0338893
-0.363747
-0.140361
-0.114189
-0.676112
-0.064077
-0.200149
-0.486451
1.05193
-0.160235
-0.0478929
-0.109009
-0.144285
0

0
-0.158525
-0.14516
-0.220373
-0.194314
-0.0013642
-0.131017
-0.234958
-0.00319869
-0.371147
-0.209776
-0.202042
-0.508902
-0.164032
-0.254554
-0.456499
0.208365
0.0479807
-0.00435897
-0.13437
-0.186506
0

0
-0.195387
-0.197076
-0.295392
-0.235743
-0.0736767
-0.18598
-0.278588
-0.0967751
-0.374517
-0.270508
-0.280993
-0.533563
-0.284446
-0.308381
-0.393637
0.0445962
0.177606
0.0409211
-0.163238
-0.228532
0

0
-0.234886
-0.244819
-0.304785
-0.29709
-0.0764916
-0.237686
-0.329418
-0.127041
-0.40763
-0.318338
-0.333341
-0.335627
-0.549576
-0.376122
-0.575089
-0.144202
0.307691
0.0483771
-0.196536
-0.270358
0

0
-0.27587
-0.295388
-0.33838
-0.358309
-0.0687908
-0.288061
-0.389683
-0.133688
-0.442967
-0.373151
-0.387642
-0.428759
-0.581352
-0.435633
-0.429231
-0.323079
0.427423
0.214997
-0.278478
-0.311898
0

0
-0.317738
-0.345533
-0.375708
-0.42516
-0.0550596
-0.33807
-0.453208
0.00613676
-0.490352
-0.423316
-0.441305
-0.497155
-0.645971
-0.497414
-0.428936
-0.502609
0.563623
0.352965
-0.373668
-0.353097
0

0
-0.36016
-0.394625
-0.414771
-0.497347
-0.0325164
-0.388194
-0.47152
-0.272712
-0.493226
-0.466346
-0.493474
-0.566389
-0.714413
-0.702464
-0.244063
-0.687635
0.725708
0.51809
-0.575224
-0.394378
0

0
-0.402956
-0.442595
-0.455656
-0.562392
-0.0412214
-0.425769
-0.495864
-0.38459
-0.514774
-0.50743
-0.544219
-0.633188
-0.800753
-0.635019
-0.268418
-0.953668
0.869159
0.65988
-0.518305
-0.436623
0

0
-0.446038
-0.489383
-0.500615
-0.542064
-0.162308
-0.417069
-0.518677
-0.474181
-0.541434
-0.54783
-0.59226
-0.694134
-0.877503
-0.656037
-0.18842
-1.30925
1.34198
0.854013
-0.578035
-0.478323
0

0
-0.489403
-0.535177
-0.542892
-0.545089
-0.20887
-0.446736
-0.536197
-0.554383
-0.570918
-0.594725
-0.63096
-0.734573
-1.08026
-0.629308
-0.112255
-1.81843
1.84303
1.02123
-0.679127
-0.519846
0

0
-0.533333
-0.579799
-0.584602
-0.564485
-0.239614
-0.476852
-0.562719
-0.651981
-0.602995
-0.633085
-0.675306
-0.783576
-1.18271
-0.510153
0.113791
-2.44444
2.19106
1.20929
-0.816091
-0.560953
0

0
-0.578819
-0.622597
-0.628172
-0.593967
-0.251548
-0.512893
-0.604386
-0.656773
-0.646838
-0.67906
-0.710656
-0.830991
-1.24927
0.0925726
-0.956069
-3.36181
2.82168
1.43769
-0.993238
-0.601725
0

0
-0.62212
-0.661046
-0.669398
-0.631726
-0.236682
-0.552394
-0.64586
-0.691297
-0.685986
-0.714733
-0.749179
-0.868889
-1.20338
-0.512765
-0.908089
-4.25715
3.89604
1.74288
-1.2084
-0.64087
0

0
-0.623805
-0.659609
-0.666722
-0.628565
-0.11845
-0.550459
-0.643409
-0.689566
-0.683338
-0.712335
-0.74672
-0.867126
-1.2097
-0.469776
-0.867145
-4.43397
3.99567
1.72543
-1.19905
-0.6377
0

0
0
0
0
0
0
0
0
0
0
0
0
0
0
0
0
0
0
0
0
0
0


0
0
0
0
0
0
0
0
0
0
0
0
0
0
0
0
0
0
0
0
0
0

0
-0.0925065
-0.597285
-0.133275
-0.0770068
-0.224385
-0.207083
-0.0994173
-0.00772517
-0.0796957
-0.0937582
-0.114246
-0.0894484
-0.0366226
-0.145037
-0.0695365
-1.91374
0.0612923
-0.0216238
-0.084467
-0.106087
0

0
-0.128618
0.596622
-0.0731223
-0.139624
-0.0261491
-0.341166
-0.240306
-0.16625
-0.27682
-0.1448
-0.151108
0.392483
-0.084223
-0.220816
-0.156922
-1.70223
-0.420388
-0.0302449
-0.104219
-0.144462
0

0
-0.156298
0.120432
-0.113866
-0.188469
-0.128106
-0.204869
-0.237652
-0.333079
-0.334436
-0.208903
-0.196916
-0.26892
-0.216964
-0.295903
-0.209257
-0.310932
0.0126654
0.0563131
-0.123171
-0.186067
0

0
-0.193395
-0.115998
-0.0946615
-0.220644
-0.161348
-0.234122
-0.279143
-0.254816
-0.358578
-0.265994
-0.257554
-0.419829
-0.348147
-0.353856
-0.0577678
-0.133739
0.0837724
0.184224
-0.137514
-0.227218
0

0
-0.233813
-0.215994
-0.251271
-0.277822
-0.262878
-0.29197
-0.327202
-0.337892
-0.396625
-0.31856
-0.325965
-0.348763
-0.493648
-0.372163
-1.45273
-0.375668
0.114616
0.539587
-0.139695
-0.267516
0

0
-0.275333
-0.283182
-0.318066
-0.328375
-0.410227
-0.371169
-0.379604
-0.544975
-0.446627
-0.369895
-0.380557
-0.427251
-0.587487
-0.534428
-0.516906
-0.391378
0.19442
0.378788
-0.167453
-0.308851
0

0
-0.317447
-0.339019
-0.366657
-0.371326
-0.597997
-0.476836
-0.433473
-0.815889
-0.497604
-0.418909
-0.434049
-0.49085
-0.680756
-0.649775
-0.71911
-0.544838
0.220248
0.331587
-0.130639
-0.347792
0

0
-0.359964
-0.389684
-0.411345
-0.416104
-0.699126
-0.586567
-0.485376
-0.421994
-0.489973
-0.462146
-0.485456
-0.555324
-0.825756
-0.804913
-1.00673
-0.716258
0.151878
0.349546
0.0368399
-0.385284
0

0
-0.402824
-0.436785
-0.454586
-0.478085
-0.579254
-0.601207
-0.515228
-0.426379
-0.509179
-0.504441
-0.534769
-0.618178
-1.02735
-1.02987
-1.41018
-0.899621
-0.306714
0.295259
-0.350301
-0.434574
0

0
-0.44608
-0.479956
-0.496844
-0.518127
-0.5015
-0.436368
-0.51479
-0.453405
-0.534502
-0.546364
-0.581296
-0.676395
-1.08118
-1.34787
-1.77772
-1.09576
1.30237
0.712847
-0.489421
-0.477626
0

0
-0.489841
-0.519306
-0.538953
-0.537594
-0.368239
-0.47017
-0.541786
-0.46262
-0.561688
-0.588619
-0.624512
-0.726408
-0.346078
-1.69853
-1.93623
-0.963954
1.56512
0.831489
-0.587941
-0.519739
0

0
-0.533705
-0.569533
-0.576032
-0.562623
-0.345971
-0.498133
-0.57285
-0.458214
-0.593003
-0.629718
-0.666676
-0.765616
-0.955709
-1.93079
-1.9125
-0.852329
1.89379
0.944752
-0.677064
-0.56091
0

0
-0.57645
-0.66707
-0.622849
-0.593487
-0.360228
-0.534256
-0.608287
-0.617835
-0.642736
-0.671661
-0.70671
-0.81113
-1.09729
-1.62823
-1.5696
-0.794974
2.39296
1.05363
-0.752699
-0.601279
0

0
-0.621908
-0.672437
-0.666525
-0.634904
-0.388834
-0.574964
-0.649125
-0.66915
-0.68282
-0.709671
-0.744038
-0.848538
-1.11675
-0.907631
-1.24844
-1.04206
3.12585
1.08077
-0.789993
-0.639665
0

0
-0.623605
-0.671551
-0.66362
-0.631683
-0.384073
-0.572551
-0.646608
-0.665348
-0.680089
-0.707162
-0.741687
-0.846723
-1.11667
-0.924932
-1.23422
-1.13457
3.21075
1.06461
-0.789898
-0.636731
0

0
0
0
0
0
0
0
0
0
0
0
0
0
0
0
0
0
0
0
0
0
0


0
0
0
0
0
0
0
0
0
0
0
0
0
0
0
0
0
0
0
0
0
0

0
-0.0967452
-0.183665
-0.0983979
-0.0961554
-0.25057
-0.180667
-0.128758
-0.10185
-0.111298
-0.108124
-0.111874
-0.0276385
-0.0926685
-0.142623
-0.140168
-0.897849
-0.119599
-0.0377315
-0.0860447
-0.106617
0

0
-0.123303
0.125208
-0.106262
-0.130254
-0.196579
-0.238082
-0.181611
-0.165991
-0.200929
-0.154354
-0.154267
-0.0243358
-0.147782
-0.214197
-0.224285
-1.34194
-0.15144
-0.000804343
-0.103223
-0.144739
0

0
-0.156609
0.0186308
-0.132799
-0.178439
-0.179668
-0.245085
-0.237152
-0.248986
-0.277287
-0.20881
-0.204765
-0.164079
-0.235253
-0.288459
-0.341787
0.220407
-0.038875
0.0461065
-0.123804
-0.186279
0

0
-0.193872
-0.105746
-0.171181
-0.224677
-0.209168
-0.262477
-0.277873
-0.299409
-0.329112
-0.263112
-0.260682
-0.316301
-0.348687
-0.364096
-0.475466
-0.171493
-0.0119162
0.123389
-0.142034
-0.227604
0

0
-0.233995
-0.202828
-0.233555
-0.271048
-0.313855
-0.311412
-0.323289
-0.361177
-0.372677
-0.314958
-0.320156
-0.338183
-0.431372
-0.44818
-0.479795
-0.325003
0.0149694
0.175789
-0.160485
-0.268737
0

0
-0.275472
-0.275106
-0.300937
-0.320544
-0.449094
-0.376602
-0.371521
-0.455385
-0.416286
-0.364675
-0.374556
-0.411977
-0.546028
-0.54462
-0.858634
-0.489967
0.0234629
0.207541
-0.172099
-0.309513
0

0
-0.317582
-0.334394
-0.355829
-0.36929
-0.585655
-0.45024
-0.419393
-0.544599
-0.456399
-0.412262
-0.42708
-0.479434
-0.645268
-0.673416
-0.839499
-0.629589
0.0254488
0.209377
-0.182297
-0.35033
0

0
-0.36007
-0.387007
-0.403943
-0.418531
-0.680855
-0.520482
-0.462304
-0.49766
-0.48283
-0.457187
-0.477807
-0.542542
-0.75118
-0.818864
-1.05079
-0.821806
0.0306081
0.218868
-0.213047
-0.391659
0

0
-0.402868
-0.435881
-0.448948
-0.467436
-0.576187
-0.539564
-0.495311
-0.467914
-0.505453
-0.500081
-0.526537
-0.602286
-0.862586
-0.996434
-1.36421
-1.05424
0.21654
0.303199
-0.301122
-0.434042
0

0
-0.446
-0.482569
-0.492371
-0.500066
-0.156676
-0.436147
-0.513069
-0.479075
-0.533056
-0.542167
-0.573059
-0.65664
-0.906138
-1.20457
-1.71291
-1.25058
0.564581
0.353105
-0.428935
-0.47752
0

0
-0.489538
-0.528687
-0.53506
-0.529269
-0.349329
-0.47883
-0.541824
-0.501186
-0.564215
-0.583858
-0.61729
-0.703512
-0.710072
-1.44353
-1.85286
-1.24977
0.685189
0.407377
-0.52521
-0.519891
0

0
-0.533553
-0.577179
-0.577218
-0.561009
-0.395449
-0.513919
-0.574864
-0.531947
-0.599026
-0.625052
-0.659747
-0.747868
-0.856192
-1.63019
-1.60886
-1.07987
0.813847
0.42965
-0.605105
-0.561621
0

0
-0.578107
-0.630683
-0.620116
-0.596994
-0.430936
-0.552123
-0.612332
-0.593369
-0.639242
-0.665931
-0.700554
-0.791112
-0.987328
-1.48142
-1.20607
-0.968803
0.974485
0.402212
-0.672586
-0.602967
0

0
-0.621432
-0.677999
-0.660921
-0.637014
-0.471139
-0.593326
-0.652072
-0.650284
-0.679512
-0.70433
-0.738063
-0.828608
-1.03332
-0.961868
-1.41052
-1.08966
0.969782
0.313795
-0.723715
-0.642467
0

0
-0.623233
-0.675015
-0.658094
-0.63388
-0.466264
-0.590643
-0.649506
-0.646444
-0.676849
-0.701819
-0.735744
-0.826745
-1.03126
-0.991038
-1.37488
-1.19946
1.01196
0.312737
-0.721475
-0.639469
0

0
0
0
0
0
0
0
0
0
0
0
0
0
0
0
0
0
0
0
0
0
0


0
0
0
0
0
0
0
0
0
0
0
0
0
0
0
0
0
0
0
0
0
0

0
-0.0975445
-0.0869081
-0.0949888
-0.101826
-0.00742475
-0.149935
-0.125033
-0.117015
-0.123046
-0.112613
-0.1123
-0.0755291
-0.116123
-0.141789
-0.157605
-0.359957
-0.0922375
-0.0458333
-0.0888108
-0.106913
0

0
-0.12539
-0.0427845
-0.120511
-0.124615
-0.267952
-0.222741
-0.174794
-0.169101
-0.182794
-0.158183
-0.157125
-0.111971
-0.172137
-0.212357
-0.243102
-0.655752
-0.113317
-0.0227126
-0.108588
-0.145124
0

0
-0.159211
-0.0719814
-0.152726
-0.169556
-0.332253
-0.252747
-0.225785
-0.230789
-0.246406
-0.209049
-0.207666
-0.184462
-0.246217
-0.288621
-0.339986
-0.296226
-0.114244
-0.00164578
-0.132617
-0.186763
0

0
-0.196174
-0.138713
-0.193755
-0.21884
-0.315821
-0.275688
-0.27144
-0.289729
-0.30166
-0.26044
-0.261013
-0.277743
-0.333944
-0.36885
-0.437511
-0.278675
-0.094113
0.0244969
-0.156519
-0.228288
0

0
-0.23562
-0.210609
-0.242469
-0.267633
-0.333116
-0.313255
-0.316117
-0.346511
-0.349406
-0.31076
-0.315811
-0.341518
-0.416612
-0.454629
-0.535357
-0.383056
-0.0881892
0.0415418
-0.180708
-0.26969
0

0
-0.276568
-0.27569
-0.297032
-0.316653
-0.398958
-0.36259
-0.361203
-0.406687
-0.393174
-0.359453
-0.369052
-0.402901
-0.507709
-0.550265
-0.70517
-0.522204
-0.0923119
0.0600625
-0.204484
-0.310941
0

0
-0.318339
-0.333495
-0.349599
-0.365122
-0.491886
-0.417364
-0.405356
-0.459707
-0.433363
-0.406408
-0.420557
-0.466675
-0.598861
-0.66151
-0.841273
-0.677948
-0.0936275
0.0682806
-0.234477
-0.352315
0

0
-0.360597
-0.386191
-0.398401
-0.411509
-0.591365
-0.471319
-0.446406
-0.479003
-0.468238
-0.451542
-0.470473
-0.527578
-0.685954
-0.785781
-0.993313
-0.867565
-0.072778
0.0767863
-0.278241
-0.393934
0

0
-0.403224
-0.435672
-0.444408
-0.454253
-0.580629
-0.50267
-0.482372
-0.482698
-0.498929
-0.495003
-0.518665
-0.584794
-0.765014
-0.923304
-1.2244
-1.10181
-0.024203
0.0863629
-0.337105
-0.435736
0

0
-0.446219
-0.483255
-0.488633
-0.491028
-0.245226
-0.472975
-0.511253
-0.49794
-0.530322
-0.5374
-0.565007
-0.63735
-0.812449
-1.07338
-1.51388
-1.33919
-0.0918704
0.0612599
-0.416798
-0.478156
0

0
-0.48965
-0.529904
-0.531971
-0.523975
-0.35993
-0.492872
-0.541831
-0.523717
-0.563945
-0.579134
-0.60947
-0.684754
-0.796859
-1.23529
-1.70658
-1.45952
-0.176941
0.028436
-0.495331
-0.520435
0

0
-0.533636
-0.576385
-0.574954
-0.559744
-0.426567
-0.527245
-0.576397
-0.557706
-0.600065
-0.620347
-0.652213
-0.729486
-0.849151
-1.37268
-1.57042
-1.37802
-0.330487
-0.0353436
-0.564637
-0.562363
0

0
-0.578283
-0.623274
-0.617898
-0.598539
-0.475697
-0.566442
-0.614591
-0.601401
-0.638863
-0.661092
-0.693371
-0.772016
-0.924558
-1.36204
-1.19701
-1.2826
-0.492937
-0.121996
-0.623557
-0.604037
0

0
-0.62146
-0.667728
-0.658686
-0.639117
-0.52098
-0.607749
-0.654144
-0.647247
-0.677741
-0.699455
-0.731191
-0.80949
-0.971985
-1.17912
-1.40699
-1.3889
-0.578534
-0.179951
-0.667738
-0.643743
0

0
-0.623257
-0.664837
-0.655838
-0.635952
-0.516209
-0.604927
-0.65153
-0.644057
-0.675171
-0.696956
-0.728885
-0.807623
-0.970233
-1.19449
-1.37826
-1.51505
-0.532572
-0.167622
-0.665074
-0.640768
0

0
0
0
0
0
0
0
0
0
0
0
0
0
0
0
0
0
0
0
0
0
0


0
0
0
0
0
1
0
0
0
0
0
0
0
0
0
0
0
0
0
0
0
0

0
-0.0987898
-0.0836581
-0.0976078
-0.105884
1.09262
-0.0858714
-0.11677
-0.118101
-0.121351
-0.113633
-0.113137
-0.100711
-0.123867
-0.140246
-0.156332
-0.21379
-0.093113
-0.0609082
-0.0930932
-0.107192
0

0
-0.128198
-0.0943878
-0.128209
-0.140682
0.763692
-0.131384
-0.164326
-0.167292
-0.173768
-0.159001
-0.158617
-0.142537
-0.181168
-0.209563
-0.239305
-0.357456
-0.117722
-0.0540352
-0.116753
-0.14556
0

0
-0.162633
-0.123152
-0.164567
-0.177926
0.282097
-0.198066
-0.21474
-0.221814
-0.229601
-0.208255
-0.208593
-0.201001
-0.248905
-0.284705
-0.328056
-0.377845
-0.14534
-0.0527979
-0.145065
-0.187364
0

0
-0.199365
-0.17027
-0.205386
-0.219432
-0.0881196
-0.254182
-0.262191
-0.276199
-0.282299
-0.257726
-0.260095
-0.270282
-0.323669
-0.363247
-0.420135
-0.37039
-0.158566
-0.0521952
-0.174015
-0.229073
0

0
-0.238163
-0.225846
-0.250339
-0.265104
-0.263779
-0.302059
-0.307334
-0.328427
-0.330633
-0.306617
-0.312308
-0.335928
-0.40029
-0.446312
-0.521397
-0.435018
-0.173319
-0.0537234
-0.203972
-0.2707
0

0
-0.278444
-0.282105
-0.298684
-0.312457
-0.352084
-0.348406
-0.351288
-0.378553
-0.375291
-0.354395
-0.363922
-0.395595
-0.479104
-0.535837
-0.644125
-0.547014
-0.195637
-0.05705
-0.235956
-0.312269
0

0
-0.319683
-0.335975
-0.347602
-0.359401
-0.422759
-0.395304
-0.394006
-0.423549
-0.416844
-0.400845
-0.414325
-0.455014
-0.558601
-0.633739
-0.776186
-0.690459
-0.225232
-0.0662792
-0.27284
-0.353877
0

0
-0.361549
-0.387092
-0.395197
-0.404429
-0.486852
-0.440517
-0.4347
-0.457142
-0.455246
-0.445905
-0.463394
-0.51282
-0.634617
-0.73942
-0.915067
-0.867191
-0.267564
-0.0844969
-0.317106
-0.39557
0

0
-0.403886
-0.435998
-0.441108
-0.446292
-0.506218
-0.475998
-0.472557
-0.481012
-0.490928
-0.489645
-0.511006
-0.567784
-0.703039
-0.851614
-1.0888
-1.08667
-0.349922
-0.118396
-0.369187
-0.437353
0

0
-0.446662
-0.483337
-0.485636
-0.484828
-0.404122
-0.489441
-0.507124
-0.505655
-0.525958
-0.532345
-0.557054
-0.619152
-0.756154
-0.968642
-1.29999
-1.33696
-0.503335
-0.171925
-0.429833
-0.479364
0

0
-0.489922
-0.529605
-0.529291
-0.52135
-0.414987
-0.508006
-0.540958
-0.535258
-0.561837
-0.574289
-0.601495
-0.66673
-0.788942
-1.08668
-1.47828
-1.54306
-0.695615
-0.240847
-0.493082
-0.521423
0

0
-0.533766
-0.575129
-0.572505
-0.55921
-0.461454
-0.539722
-0.576993
-0.570104
-0.599159
-0.615642
-0.644373
-0.711428
-0.831577
-1.18746
-1.47402
-1.59764
-0.900614
-0.319511
-0.552583
-0.563347
0

0
-0.578287
-0.620096
-0.615503
-0.599414
-0.50951
-0.578258
-0.615771
-0.609902
-0.638085
-0.656471
-0.685748
-0.753621
-0.883456
-1.22544
-1.28261
-1.55149
-1.0401
-0.390531
-0.605144
-0.60509
0

0
-0.621334
-0.662213
-0.656394
-0.640284
-0.555357
-0.619116
-0.655223
-0.651076
-0.676497
-0.694894
-0.723827
-0.79119
-0.925641
-1.19537
-1.37642
-1.61207
-1.09127
-0.436664
-0.647197
-0.644795
0

0
-0.623129
-0.659396
-0.653508
-0.637112
-0.550906
-0.616253
-0.652578
-0.648193
-0.673952
-0.692398
-0.721528
-0.789334
-0.924402
-1.20099
-1.3616
-1.72861
-1.05436
-0.420853
-0.643972
-0.641841
0

0
0
0
0
0
0
0
0
0
0
0
0
0
0
0
0
0
0
0
0
0
0


0
0
0
0
0
0
0
0
0
0
0
0
0
0
0
0
0
0
0
0
0
0

0
-0.100193
-0.0917655
-0.10113
-0.0906385
-0.154925
-0.156717
-0.120106
-0.11693
-0.118374
-0.113548
-0.113558
-0.110498
-0.125487
-0.137635
-0.150856
-0.168075
-0.101603
-0.0769262
-0.0980223
-0.107492
0

0
-0.130811
-0.117014
-0.134272
-0.128643
-0.14461
-0.186103
-0.163643
-0.163921
-0.167156
-0.158459
-0.159058
-0.155506
-0.182582
-0.204561
-0.228984
-0.264256
-0.133281
-0.0846906
-0.125979
-0.146045
0

0
-0.16593
-0.150726
-0.172314
-0.173945
-0.109204
-0.210798
-0.209212
-0.214558
-0.218834
-0.206696
-0.208372
-0.209549
-0.246322
-0.27677
-0.312551
-0.341246
-0.171059
-0.0987889
-0.158668
-0.188026
0

0
-0.202677
-0.192569
-0.212937
-0.218769
-0.146717
-0.247279
-0.254474
-0.264869
-0.268873
-0.254871
-0.258467
-0.269112
-0.313799
-0.351477
-0.399168
-0.390931
-0.205546
-0.114591
-0.192163
-0.229902
0

0
-0.241045
-0.240266
-0.256154
-0.263747
-0.233335
-0.29082
-0.298898
-0.313668
-0.316424
-0.302615
-0.308919
-0.329548
-0.383477
-0.429456
-0.492334
-0.456677
-0.240768
-0.132444
-0.226929
-0.271712
0

0
-0.280741
-0.29029
-0.301476
-0.309296
-0.314663
-0.335719
-0.342301
-0.360212
-0.361382
-0.349573
-0.359034
-0.38733
-0.45418
-0.511539
-0.595945
-0.552758
-0.283558
-0.153781
-0.263796
-0.31348
0

0
-0.321422
-0.340272
-0.347726
-0.354659
-0.379989
-0.380076
-0.384584
-0.403372
-0.403972
-0.395539
-0.408313
-0.443728
-0.524836
-0.598367
-0.709606
-0.677842
-0.340163
-0.181421
-0.303967
-0.355243
0

0
-0.362824
-0.389212
-0.393751
-0.398809
-0.432599
-0.422589
-0.425473
-0.441441
-0.444385
-0.440433
-0.456525
-0.498714
-0.593088
-0.689589
-0.831541
-0.833086
-0.419792
-0.218997
-0.348377
-0.397028
0

0
-0.404796
-0.436926
-0.438982
-0.440936
-0.464121
-0.460395
-0.464671
-0.474574
-0.482983
-0.484279
-0.503529
-0.551582
-0.656219
-0.784085
-0.969762
-1.02494
-0.534524
-0.269277
-0.397179
-0.438854
0

0
-0.447288
-0.483544
-0.483342
-0.480916
-0.458024
-0.489962
-0.502152
-0.506401
-0.520716
-0.527209
-0.549217
-0.601755
-0.711222
-0.879938
-1.12555
-1.25343
-0.685991
-0.33106
-0.449882
-0.480758
0

0
-0.490324
-0.529249
-0.527017
-0.519696
-0.46339
-0.516837
-0.538839
-0.539905
-0.558556
-0.569391
-0.593529
-0.649016
-0.757164
-0.973044
-1.26738
-1.48208
-0.86208
-0.400846
-0.50422
-0.522695
0

0
-0.533983
-0.574163
-0.570254
-0.559031
-0.495451
-0.549413
-0.576476
-0.576209
-0.597082
-0.610951
-0.636449
-0.693607
-0.801389
-1.05295
-1.32113
-1.6251
-1.03264
-0.470508
-0.556809
-0.564564
0

0
-0.578333
-0.618294
-0.613214
-0.599967
-0.537769
-0.587575
-0.615911
-0.615422
-0.636521
-0.651944
-0.67798
-0.735712
-0.846171
-1.10185
-1.26903
-1.64665
-1.15257
-0.530337
-0.605029
-0.606283
0

0
-0.621217
-0.659449
-0.654026
-0.640819
-0.58162
-0.627825
-0.655334
-0.655038
-0.674927
-0.690489
-0.716287
-0.773492
-0.885253
-1.11903
-1.30362
-1.67041
-1.19587
-0.570756
-0.645429
-0.645919
0

0
-0.623014
-0.656641
-0.651108
-0.637668
-0.577584
-0.624957
-0.652661
-0.652283
-0.672377
-0.68799
-0.713988
-0.771642
-0.884257
-1.12127
-1.2994
-1.76273
-1.16884
-0.555982
-0.641663
-0.642963
0

0
0
0
0
0
0
0
0
0
0
0
0
0
0
0
0
0
0
0
0
0
0


0
0
0
0
0
0
0
0
0
0
0
0
0
0
0
0
0
0
0
0
0
0

0
-0.101528
-0.0984134
-0.103165
-0.10147
-0.108736
-0.120915
-0.114114
-0.114693
-0.115795
-0.113106
-0.1136
-0.114068
-0.124633
-0.134129
-0.144387
-0.149902
-0.110479
-0.0915727
-0.103103
-0.107841
0

0
-0.133122
-0.129668
-0.138263
-0.136033
-0.139907
-0.167525
-0.158192
-0.15988
-0.16205
-0.157389
-0.15881
-0.160581
-0.18025
-0.197721
-0.216777
-0.228314
-0.14935
-0.112034
-0.135384
-0.146592
0

0
-0.168863
-0.166639
-0.177529
-0.17699
-0.159635
-0.206435
-0.20367
-0.208112
-0.211113
-0.20477
-0.207419
-0.212719
-0.240693
-0.265987
-0.294399
-0.307057
-0.194759
-0.138603
-0.172242
-0.188732
0

0
-0.205758
-0.207433
-0.21822
-0.219675
-0.19206
-0.243961
-0.247977
-0.255744
-0.259116
-0.251949
-0.256362
-0.267577
-0.303057
-0.335895
-0.374325
-0.376874
-0.241162
-0.166951
-0.209763
-0.230749
0

0
-0.243893
-0.251686
-0.260507
-0.263254
-0.243674
-0.284354
-0.291559
-0.30227
-0.305623
-0.298762
-0.305439
-0.323524
-0.36685
-0.407935
-0.458394
-0.449498
-0.290218
-0.197663
-0.248361
-0.272702
0

0
-0.283149
-0.298002
-0.304164
-0.307315
-0.302528
-0.326736
-0.334444
-0.347174
-0.350436
-0.344996
-0.354258
-0.378591
-0.431214
-0.482475
-0.548557
-0.537145
-0.346395
-0.231985
-0.288523
-0.314613
0

0
-0.323336
-0.345032
-0.348642
-0.35135
-0.358272
-0.369445
-0.376549
-0.389942
-0.393593
-0.390495
-0.402468
-0.432482
-0.495245
-0.559688
-0.645705
-0.644904
-0.415058
-0.271706
-0.330768
-0.356504
0

0
-0.364279
-0.391929
-0.393301
-0.394753
-0.406807
-0.411169
-0.417744
-0.430047
-0.435231
-0.435179
-0.449844
-0.485102
-0.557588
-0.639256
-0.749645
-0.775789
-0.501533
-0.318597
-0.375424
-0.39839
0

0
-0.405864
-0.438306
-0.437694
-0.437029
-0.444866
-0.450546
-0.457925
-0.467583
-0.475611
-0.479038
-0.496238
-0.536081
-0.616642
-0.720278
-0.862175
-0.934318
-0.609095
-0.373096
-0.422427
-0.440286
0

0
-0.448046
-0.484046
-0.481634
-0.478048
-0.46919
-0.486375
-0.497148
-0.503893
-0.515224
-0.522128
-0.541543
-0.585025
-0.670933
-0.801061
-0.982154
-1.12285
-0.735922
-0.433495
-0.471228
-0.482202
0

0
-0.490841
-0.529135
-0.525128
-0.51829
-0.490107
-0.519964
-0.535858
-0.540561
-0.554635
-0.564535
-0.585683
-0.631702
-0.719972
-0.878288
-1.094
-1.32574
-0.874996
-0.496565
-0.520626
-0.524115
0

0
-0.534309
-0.573556
-0.56827
-0.558741
-0.520938
-0.555348
-0.57495
-0.57855
-0.594267
-0.606331
-0.62861
-0.676091
-0.765485
-0.945646
-1.16281
-1.49047
-1.00861
-0.55719
-0.568841
-0.565963
0

0
-0.578494
-0.617205
-0.611127
-0.600164
-0.560139
-0.594095
-0.61509
-0.618181
-0.634316
-0.647532
-0.670278
-0.718218
-0.808551
-0.995109
-1.17425
-1.56159
-1.10721
-0.60948
-0.614137
-0.607653
0

0
-0.621213
-0.657905
-0.65178
-0.640882
-0.601919
-0.633982
-0.65456
-0.657375
-0.672889
-0.686232
-0.708802
-0.756285
-0.846604
-1.02616
-1.1972
-1.58131
-1.14681
-0.646659
-0.653375
-0.647204
0

0
-0.623013
-0.655081
-0.648833
-0.637759
-0.598234
-0.631101
-0.651854
-0.654663
-0.670318
-0.683723
-0.706495
-0.754426
-0.845665
-1.02733
-1.19855
-1.64555
-1.12893
-0.634362
-0.649212
-0.644213
0

0
0
0
0
0
0
0
0
0
0
0
0
0
0
0
0
0
0
0
0
0
0


0
0
0
0
0
0
0
0
0
0
0
0
0
0
0
0
0
0
0
0
0
0

0
-0.102814
-0.10301
-0.104954
-0.104548
-0.103528
-0.112653
-0.111636
-0.112859
-0.113821
-0.112635
-0.113474
-0.115188
-0.122752
-0.130063
-0.137629
-0.139906
-0.118205
-0.104609
-0.108194
-0.108302
0

0
-0.135181
-0.137654
-0.141265
-0.140225
-0.139421
-0.155718
-0.153772
-0.156179
-0.158076
-0.156192
-0.158181
-0.161916
-0.176143
-0.189703
-0.20384
-0.20857
-0.163347
-0.136034
-0.144636
-0.147233
0

0
-0.171434
-0.17667
-0.181288
-0.180285
-0.174289
-0.198305
-0.198361
-0.202487
-0.205197
-0.202745
-0.206027
-0.212716
-0.233417
-0.253459
-0.274814
-0.281459
-0.214613
-0.172951
-0.185338
-0.189486
0

0
-0.208508
-0.217525
-0.222077
-0.221504
-0.210696
-0.238437
-0.242
-0.248241
-0.25161
-0.249055
-0.253945
-0.264733
-0.291566
-0.318138
-0.347301
-0.352672
-0.267735
-0.211233
-0.226402
-0.231605
0

0
-0.246526
-0.260305
-0.26382
-0.26362
-0.253521
-0.278745
-0.284994
-0.293235
-0.297119
-0.295066
-0.301857
-0.317395
-0.350434
-0.384026
-0.422249
-0.42522
-0.323819
-0.251463
-0.268138
-0.273663
0

0
-0.285466
-0.304521
-0.306449
-0.306295
-0.301067
-0.319978
-0.327485
-0.337201
-0.341581
-0.340653
-0.349542
-0.369758
-0.409524
-0.451269
-0.500697
-0.504969
-0.385206
-0.294373
-0.310792
-0.315685
0

0
-0.325247
-0.349517
-0.349716
-0.349164
-0.349166
-0.361676
-0.369487
-0.379897
-0.384971
-0.385708
-0.396767
-0.421329
-0.46821
-0.519859
-0.583376
-0.596508
-0.454776
-0.340785
-0.354561
-0.357685
0

0
-0.365777
-0.394756
-0.393288
-0.391853
-0.394636
-0.403093
-0.41096
-0.421146
-0.427355
-0.430161
-0.443349
-0.471879
-0.525681
-0.589512
-0.670468
-0.703065
-0.534826
-0.391223
-0.399517
-0.399673
0

0
-0.406993
-0.439902
-0.436878
-0.434055
-0.435437
-0.443489
-0.451872
-0.461028
-0.468884
-0.473984
-0.489154
-0.521157
-0.581008
-0.659545
-0.76214
-0.827846
-0.626042
-0.445361
-0.445524
-0.441659
0

0
-0.448874
-0.484772
-0.480314
-0.475653
-0.470534
-0.482337
-0.492277
-0.500088
-0.509816
-0.51719
-0.534081
-0.568894
-0.633342
-0.728672
-0.856725
-0.972833
-0.726921
-0.501831
-0.492179
-0.483646
0

0
-0.491444
-0.52926
-0.523533
-0.516847
-0.502511
-0.520016
-0.532407
-0.539089
-0.550459
-0.559811
-0.578051
-0.614884
-0.682234
-0.794554
-0.945982
-1.13133
-0.83319
-0.558418
-0.538787
-0.525615
0

0
-0.534752
-0.573263
-0.566529
-0.558134
-0.5372
-0.558182
-0.572698
-0.578633
-0.591067
-0.601869
-0.620995
-0.659016
-0.727907
-0.853354
-1.01303
-1.27509
-0.934712
-0.612086
-0.584367
-0.567516
0

0
-0.57882
-0.616593
-0.609275
-0.599959
-0.576362
-0.598048
-0.613532
-0.618988
-0.631751
-0.643333
-0.66283
-0.701218
-0.770635
-0.900942
-1.04817
-1.36112
-1.01319
-0.659149
-0.627811
-0.609237
0

0
-0.621409
-0.657023
-0.649766
-0.640547
-0.617004
-0.637883
-0.653118
-0.658191
-0.670577
-0.68223
-0.701594
-0.739626
-0.808659
-0.936318
-1.07465
-1.38943
-1.05094
-0.694685
-0.666265
-0.648738
0

0
-0.623208
-0.654168
-0.646788
-0.637443
-0.613539
-0.634967
-0.650371
-0.655475
-0.667972
-0.6797
-0.699266
-0.73774
-0.807682
-0.937098
-1.07795
-1.43013
-1.04043
-0.684919
-0.661831
-0.645674
0

0
0
0
0
0
0
0
0
0
0
0
0
0
0
0
0
0
0
0
0
0
0


0
0
0
0
0
0
0
0
0
0
0
0
0
0
0
0
0
0
0
0
0
0

0
-0.104258
-0.106514
-0.106663
-0.106262
-0.105132
-0.10968
-0.110214
-0.111527
-0.112504
-0.112416
-0.113476
-0.115475
-0.120651
-0.125934
-0.131056
-0.132654
-0.12491
-0.116338
-0.113342
-0.109053
0

0
-0.137086
-0.143247
-0.143682
-0.142673
-0.141384
-0.14944
-0.150426
-0.15298
-0.154911
-0.155055
-0.157404
-0.161546
-0.171286
-0.181104
-0.190646
-0.193637
-0.174999
-0.157266
-0.153592
-0.147976
0

0
-0.173715
-0.18363
-0.184177
-0.182678
-0.180118
-0.1916
-0.193714
-0.197591
-0.200398
-0.200757
-0.204411
-0.21102
-0.225365
-0.240048
-0.254604
-0.259512
-0.230574
-0.203061
-0.197862
-0.19028
0

0
-0.210941
-0.224782
-0.225019
-0.223165
-0.21883
-0.232561
-0.236515
-0.241844
-0.245469
-0.24625
-0.251357
-0.260898
-0.279697
-0.299341
-0.319309
-0.325585
-0.287407
-0.24945
-0.24211
-0.232456
0

0
-0.248892
-0.266898
-0.266383
-0.264212
-0.259336
-0.273193
-0.278949
-0.285681
-0.290064
-0.291528
-0.298225
-0.311013
-0.334234
-0.359104
-0.385167
-0.392555
-0.346116
-0.296846
-0.286549
-0.274589
0

0
-0.287597
-0.309874
-0.30829
-0.305734
-0.301894
-0.314086
-0.321106
-0.328988
-0.334098
-0.336522
-0.344892
-0.360951
-0.388716
-0.419344
-0.452623
-0.462491
-0.407553
-0.345503
-0.331261
-0.316698
0

0
-0.327045
-0.353463
-0.350659
-0.34758
-0.345408
-0.355307
-0.363029
-0.371662
-0.377534
-0.381157
-0.391212
-0.410367
-0.442775
-0.47998
-0.522054
-0.537747
-0.472697
-0.395585
-0.376275
-0.358792
0

0
-0.367214
-0.397407
-0.393352
-0.389573
-0.388543
-0.396629
-0.404729
-0.413642
-0.420383
-0.425375
-0.437051
-0.459032
-0.495954
-0.540784
-0.593607
-0.620416
-0.542204
-0.44703
-0.421558
-0.400879
0

0
-0.408096
-0.441496
-0.436223
-0.431551
-0.430258
-0.437736
-0.446207
-0.454966
-0.462708
-0.469142
-0.482302
-0.50675
-0.547736
-0.601297
-0.667156
-0.712535
-0.616072
-0.499409
-0.466992
-0.442968
0

0
-0.449708
-0.485578
-0.479157
-0.473425
-0.469993
-0.478379
-0.487498
-0.495842
-0.504623
-0.512445
-0.526878
-0.553335
-0.597621
-0.6607
-0.741542
-0.815625
-0.69348
-0.551888
-0.512353
-0.485064
0

0
-0.492095
-0.529529
-0.522085
-0.515241
-0.50831
-0.518629
-0.528707
-0.536591
-0.546272
-0.555288
-0.570711
-0.59863
-0.645238
-0.717588
-0.81269
-0.92753
-0.772317
-0.603271
-0.557296
-0.527163
0

0
-0.535323
-0.573212
-0.564959
-0.557185
-0.547151
-0.559042
-0.570015
-0.577505
-0.587778
-0.597665
-0.613733
-0.642515
-0.690421
-0.769811
-0.872564
-1.03529
-0.847624
-0.651967
-0.601328
-0.569227
0

0
-0.579402
-0.616389
-0.607684
-0.599425
-0.587754
-0.600175
-0.611566
-0.618713
-0.629165
-0.63951
-0.655843
-0.684884
-0.733108
-0.815162
-0.91491
-1.1127
-0.909889
-0.695877
-0.643769
-0.611138
0

0
-0.622004
-0.656732
-0.648134
-0.640006
-0.628114
-0.640225
-0.651405
-0.658191
-0.668388
-0.678744
-0.694976
-0.723763
-0.771566
-0.852209
-0.946062
-1.14663
-0.947594
-0.731065
-0.681857
-0.650743
0

0
-0.623775
-0.653814
-0.645101
-0.63689
-0.624727
-0.637234
-0.648589
-0.655421
-0.665717
-0.676161
-0.692596
-0.721813
-0.77049
-0.852764
-0.949623
-1.17014
-0.942584
-0.723267
-0.677193
-0.647551
0

0
0
0
0
0
0
0
0
0
0
0
0
0
0
0
0
0
0
0
0
0
0


0
0
0
0
0
0
0
0
0
0
0
0
0
0
0
0
0
0
0
0
0
0

0
-0.106022
-0.109632
-0.108697
-0.10812
-0.107502
-0.109064
-0.110113
-0.111358
-0.11237
-0.112921
-0.114034
-0.115921
-0.119405
-0.123314
-0.126926
-0.129068
-0.131345
-0.126194
-0.118486
-0.110564
0

0
-0.138754
-0.147341
-0.145661
-0.144377
-0.143587
-0.145874
-0.148071
-0.150558
-0.152596
-0.154147
-0.15666
-0.160567
-0.16672
-0.173459
-0.179446
-0.182604
-0.184268
-0.173888
-0.16117
-0.148789
0

0
-0.175553
-0.18864
-0.186344
-0.184353
-0.18332
-0.186507
-0.189814
-0.193458
-0.19646
-0.198871
-0.202684
-0.208595
-0.217533
-0.227434
-0.236245
-0.241027
-0.24282
-0.226931
-0.208436
-0.190919
0

0
-0.212885
-0.230145
-0.227192
-0.224445
-0.223064
-0.227122
-0.231561
-0.236305
-0.240246
-0.243534
-0.248666
-0.256617
-0.268251
-0.28134
-0.293086
-0.299727
-0.301875
-0.280023
-0.25553
-0.233065
0

0
-0.250801
-0.271978
-0.268276
-0.26474
-0.262927
-0.267744
-0.273304
-0.279073
-0.283917
-0.288102
-0.294559
-0.304568
-0.318781
-0.335078
-0.349879
-0.358559
-0.361461
-0.33316
-0.302424
-0.27523
0

0
-0.289335
-0.314186
-0.309632
-0.305305
-0.30308
-0.308458
-0.315039
-0.321726
-0.327423
-0.332515
-0.340284
-0.35232
-0.368983
-0.388501
-0.406508
-0.417367
-0.421426
-0.386199
-0.349038
-0.3174
0

0
-0.328518
-0.356767
-0.351279
-0.346188
-0.343649
-0.349364
-0.356786
-0.364245
-0.370729
-0.376724
-0.385754
-0.399716
-0.418687
-0.441434
-0.462848
-0.476012
-0.481495
-0.438911
-0.395286
-0.359572
0

0
-0.368383
-0.399677
-0.393211
-0.387411
-0.384683
-0.390537
-0.39857
-0.40663
-0.413819
-0.420683
-0.430885
-0.446595
-0.467705
-0.493662
-0.51871
-0.534274
-0.541269
-0.490993
-0.441083
-0.401751
0

0
-0.408974
-0.442852
-0.435405
-0.428967
-0.426168
-0.432003
-0.440418
-0.448893
-0.456691
-0.464358
-0.475599
-0.492812
-0.51583
-0.544895
-0.573783
-0.591715
-0.600213
-0.542098
-0.486349
-0.443945
0

0
-0.45035
-0.486215
-0.477826
-0.470839
-0.468043
-0.473759
-0.482357
-0.491071
-0.499364
-0.507728
-0.519833
-0.538248
-0.562851
-0.594744
-0.627536
-0.647478
-0.657621
-0.591851
-0.531009
-0.486171
0

0
-0.492597
-0.529676
-0.520444
-0.513017
-0.510236
-0.515791
-0.524425
-0.533223
-0.541872
-0.550787
-0.563542
-0.58281
-0.608562
-0.642697
-0.679129
-0.699947
-0.712468
-0.639843
-0.574995
-0.52845
0

0
-0.535839
-0.57313
-0.563233
-0.555518
-0.55275
-0.558118
-0.566671
-0.575428
-0.584264
-0.593544
-0.606703
-0.626436
-0.652789
-0.688166
-0.727453
-0.746585
-0.76322
-0.685607
-0.618231
-0.570808
0

0
-0.580176
-0.616406
-0.60615
-0.598359
-0.59564
-0.600774
-0.609131
-0.617731
-0.626563
-0.63599
-0.649287
-0.669096
-0.695458
-0.730799
-0.771668
-0.785622
-0.807888
-0.728471
-0.660538
-0.61323
0

0
-0.623272
-0.657145
-0.64703
-0.639448
-0.636812
-0.641687
-0.649729
-0.658041
-0.666666
-0.676012
-0.689206
-0.708811
-0.734848
-0.769417
-0.810401
-0.82052
-0.843503
-0.765047
-0.699223
-0.653519
0

0
-0.625032
-0.654181
-0.64396
-0.636318
-0.633417
-0.638618
-0.646863
-0.655229
-0.663956
-0.673401
-0.686795
-0.706816
-0.733678
-0.769879
-0.813505
-0.836147
-0.843214
-0.758561
-0.694382
-0.650208
0

0
0
0
0
0
0
0
0
0
0
0
0
0
0
0
0
0
0
0
0
0
0


0
0
0
0
0
0
0
0
0
0
0
0
0
0
0
0
0
0
0
0
0
0

0
0
0
0
0
0
0
0
0
0
0
0
0
0
0
0
0
0
0
0
0
0

0
0
0
0
0
0
0
0
0
0
0
0
0
0
0
0
0
0
0
0
0
0

0
0
0
0
0
0
0
0
0
0
0
0
0
0
0
0
0
0
0
0
0
0

0
0
0
0
0
0
0
0
0
0
0
0
0
0
0
0
0
0
0
0
0
0

0
0
0
0
0
0
0
0
0
0
0
0
0
0
0
0
0
0
0
0
0
0

0
0
0
0
0
0
0
0
0
0
0
0
0
0
0
0
0
0
0
0
0
0

0
0
0
0
0
0
0
0
0
0
0
0
0
0
0
0
0
0
0
0
0
0

0
0
0
0
0
0
0
0
0
0
0
0
0
0
0
0
0
0
0
0
0
0

0
0
0
0
0
0
0
0
0
0
0
0
0
0
0
0
0
0
0
0
0
0

0
0
0
0
0
0
0
0
0
0
0
0
0
0
0
0
0
0
0
0
0
0

0
0
0
0
0
0
0
0
0
0
0
0
0
0
0
0
0
0
0
0
0
0

0
0
0
0
0
0
0
0
0
0
0
0
0
0
0
0
0
0
0
0
0
0

0
0
0
0
0
0
0
0
0
0
0
0
0
0
0
0
0
0
0
0
0
0

0
0
0
0
0
0
0
0
0
0
0
0
0
0
0
0
0
0
0
0
0
0

0
0
0
0
0
0
0
0
0
0
0
0
0
0
0
0
0
0
0
0
0
0

0
0
0
0
0
0
0
0
0
0
0
0
0
0
0
0
0
0
0
0
0
0


