0
0
0
0
0
0
0
0
0
0
0
0
0
0
0
0
0
0
0
0
0
0

0
0
0
0
0
0
0
0
0
0
0
0
0
0
0
0
0
0
0
0
0
0

0
0
0
0
0
0
0
0
0
0
0
0
0
0
0
0
0
0
0
0
0
0

0
0
0
0
0
0
0
0
0
0
0
0
0
0
0
0
0
0
0
0
0
0

0
0
0
0
0
0
0
0
0
0
0
0
0
0
0
0
0
0
0
0
0
0

0
0
0
0
0
0
0
0
0
0
0
0
0
0
0
0
0
0
0
0
0
0

0
0
0
0
0
0
0
0
0
0
0
0
0
0
0
0
0
0
0
0
0
0

0
0
0
0
0
0
0
0
0
0
0
0
0
0
0
0
0
0
0
0
0
0

0
0
0
0
0
0
0
0
0
0
0
0
0
0
0
0
0
0
0
0
0
0

0
0
0
0
0
0
0
0
0
0
0
0
0
0
0
0
0
0
0
0
0
0

0
0
0
0
0
0
0
0
0
0
0
0
0
0
0
0
0
0
0
0
0
0

0
0
0
0
0
0
0
0
0
0
0
0
0
0
0
0
0
0
0
0
0
0

0
0
0
0
0
0
0
0
0
0
0
0
0
0
0
0
0
0
0
0
0
0

0
0
0
0
0
0
0
0
0
0
0
0
0
0
0
0
0
0
0
0
0
0

0
0
0
0
0
0
0
0
0
0
0
0
0
0
0
0
0
0
0
0
0
0

0
0
0
0
0
0
0
0
0
0
0
0
0
0
0
0
0
0
0
0
0
0

0
0
0
0
0
0
0
0
0
0
0
0
0
0
0
0
0
0
0
0
0
0


0
0
0
0
0
0
0
0
0
0
0
0
0
0
0
0
0
0
0
0
0
0

0
2.93383e-27
-5.59622e-24
7.43269e-21
-6.91024e-18
3.69309e-15
1.87187e-17
5.78708e-20
1.26788e-22
2.09705e-25
2.19003e-28
1.38633e-31
1.07791e-35
0
0
0
0
0
0
0
0
0

0
2.00575e-30
-5.37293e-27
1.19007e-23
-1.67287e-20
1.9493e-18
2.3968e-20
1.19858e-22
1.88082e-25
1.98152e-28
1.1426e-31
2.88535e-35
0
0
0
0
0
0
0
0
0
0

0
4.45354e-33
-2.19021e-29
6.3817e-26
-1.18609e-22
9.3255e-20
3.27637e-22
4.97105e-25
5.1898e-28
3.19719e-31
8.48365e-35
0
0
0
0
0
0
0
0
0
0
0

0
3.64785e-36
-4.24138e-32
2.27571e-28
-7.10681e-25
1.19331e-21
1.76598e-24
1.60527e-27
8.9127e-31
2.32851e-34
0
0
0
0
0
0
0
0
0
0
0
0

0
0
-1.38853e-35
1.67324e-31
-1.00623e-27
2.62433e-24
2.33744e-27
1.24025e-30
3.11649e-34
0
0
0
0
0
0
0
0
0
0
0
0
0

0
0
0
6.91852e-35
-8.29081e-31
3.83915e-27
1.79862e-30
4.28413e-34
0
0
0
0
0
0
0
0
0
0
0
0
0
0

0
0
0
0
-3.50325e-34
3.62512e-30
6.62363e-34
0
0
0
0
0
0
0
0
0
0
0
0
0
0
0

0
0
0
0
0
1.73548e-33
0
0
0
0
0
0
0
0
0
0
0
0
0
0
0
0

0
0
0
0
0
0
0
0
0
0
0
0
0
0
0
0
0
0
0
0
0
0

0
0
0
0
0
0
0
0
0
0
0
0
0
0
0
0
0
0
0
0
0
0

0
0
0
0
0
0
0
0
0
0
0
0
0
0
0
0
0
0
0
0
0
0

0
0
0
0
0
0
0
0
0
0
0
0
0
0
0
0
0
0
0
0
0
0

0
0
0
0
0
0
0
0
0
0
0
0
0
0
0
0
0
0
0
0
0
0

0
0
0
0
0
0
0
0
0
0
0
0
0
0
0
0
0
0
0
0
0
0

0
0
0
0
0
0
0
0
0
0
0
0
0
0
0
0
0
0
0
0
0
0

0
0
0
0
0
0
0
0
0
0
0
0
0
0
0
0
0
0
0
0
0
0


0
0
0
0
0
0
0
0
0
0
0
0
0
0
0
0
0
0
0
0
0
0

0
1.81648e-23
-2.38001e-20
2.26954e-17
-1.51735e-14
5.85861e-12
4.31367e-14
1.96895e-16
6.253e-19
1.44619e-21
2.31919e-24
2.478e-27
1.03593e-30
6.37771e-34
0
0
0
0
0
0
0
0

0
5.36159e-26
-1.00577e-22
1.38803e-19
-1.31416e-16
6.53766e-14
3.5488e-16
1.22519e-18
2.73996e-21
4.40928e-24
4.60101e-27
2.85917e-30
1.17855e-33
0
0
0
0
0
0
0
0
0

0
1.03525e-28
-3.01399e-25
5.9253e-22
-8.01386e-19
6.18501e-16
2.29546e-18
4.99959e-21
7.66978e-24
7.97785e-27
4.9017e-30
1.34824e-33
0
0
0
0
0
0
0
0
0
0

0
1.04302e-31
-5.25306e-28
1.62028e-24
-3.2982e-21
3.99959e-18
8.92955e-21
1.27711e-23
1.24443e-26
7.49579e-30
2.04999e-33
0
0
0
0
0
0
0
0
0
0
0

0
2.93285e-35
-3.28987e-31
1.72168e-27
-5.44352e-24
9.78654e-21
1.38488e-23
1.28476e-26
7.44732e-30
2.02046e-33
0
0
0
0
0
0
0
0
0
0
0
0

0
0
-7.53568e-35
8.65538e-31
-4.49729e-27
1.25039e-23
1.0801e-26
6.00435e-30
1.60146e-33
0
0
0
0
0
0
0
0
0
0
0
0
0

0
0
0
1.36066e-34
-1.50393e-30
7.23591e-27
3.33798e-30
8.67813e-34
0
0
0
0
0
0
0
0
0
0
0
0
0
0

0
0
0
0
-2.3926e-35
4.72419e-31
3.05271e-35
0
0
0
0
0
0
0
0
0
0
0
0
0
0
0

0
0
0
0
0
-6.94879e-35
0
0
0
0
0
0
0
0
0
0
0
0
0
0
0
0

0
0
0
0
0
0
0
0
0
0
0
0
0
0
0
0
0
0
0
0
0
0

0
0
0
0
0
0
0
0
0
0
0
0
0
0
0
0
0
0
0
0
0
0

0
0
0
0
0
0
0
0
0
0
0
0
0
0
0
0
0
0
0
0
0
0

0
0
0
0
0
0
0
0
0
0
0
0
0
0
0
0
0
0
0
0
0
0

0
0
0
0
0
0
0
0
0
0
0
0
0
0
0
0
0
0
0
0
0
0

0
0
0
0
0
0
0
0
0
0
0
0
0
0
0
0
0
0
0
0
0
0

0
0
0
0
0
0
0
0
0
0
0
0
0
0
0
0
0
0
0
0
0
0


0
0
0
0
0
0
0
0
0
0
0
0
0
0
0
0
0
0
0
0
0
0

0
6.55076e-20
-6.13131e-17
4.20588e-14
-2.04123e-11
6.16459e-09
6.31558e-11
4.0276e-13
1.79764e-15
5.86116e-18
1.36869e-20
2.24073e-23
2.1755e-26
2.13666e-29
7.81826e-33
0
0
0
0
0
0
0

0
3.55393e-22
-4.69225e-19
4.56875e-16
-3.19246e-13
1.41816e-10
9.69402e-13
4.26703e-15
1.33565e-17
3.0645e-20
4.92615e-23
5.2842e-26
3.79409e-29
1.70001e-32
0
0
0
0
0
0
0
0

0
8.81204e-25
-1.67847e-21
2.29384e-18
-2.23916e-15
1.35731e-12
6.5782e-15
2.02442e-17
4.49192e-20
7.13509e-23
7.55486e-26
4.77129e-29
1.42783e-32
0
0
0
0
0
0
0
0
0

0
1.09569e-27
-3.17142e-24
6.26858e-21
-8.68387e-18
7.48391e-15
2.43793e-17
5.21522e-20
7.97662e-23
8.34355e-26
5.25954e-29
1.48776e-32
0
0
0
0
0
0
0
0
0
0

0
5.57891e-31
-2.6847e-27
7.94423e-24
-1.58409e-20
1.97238e-17
4.28634e-20
6.30025e-23
6.41163e-26
4.03603e-29
1.16896e-32
0
0
0
0
0
0
0
0
0
0
0

0
8.48968e-35
-8.84945e-31
4.29112e-27
-1.26117e-23
2.27341e-20
3.27039e-23
3.24713e-26
2.03779e-29
5.97955e-33
0
0
0
0
0
0
0
0
0
0
0
0

0
0
-5.03293e-35
4.46939e-31
-1.85947e-27
5.21303e-24
4.33715e-27
2.98346e-30
1.04164e-33
0
0
0
0
0
0
0
0
0
0
0
0
0

0
0
0
-3.39345e-35
3.1795e-31
-8.79938e-28
-8.65018e-31
-2.83496e-34
0
0
0
0
0
0
0
0
0
0
0
0
0
0

0
0
0
0
-3.17351e-35
2.46764e-31
9.40045e-35
0
0
0
0
0
0
0
0
0
0
0
0
0
0
0

0
0
0
0
0
-5.22463e-35
0
0
0
0
0
0
0
0
0
0
0
0
0
0
0
0

0
0
0
0
0
0
0
0
0
0
0
0
0
0
0
0
0
0
0
0
0
0

0
0
0
0
0
0
0
0
0
0
0
0
0
0
0
0
0
0
0
0
0
0

0
0
0
0
0
0
0
0
0
0
0
0
0
0
0
0
0
0
0
0
0
0

0
0
0
0
0
0
0
0
0
0
0
0
0
0
0
0
0
0
0
0
0
0

0
0
0
0
0
0
0
0
0
0
0
0
0
0
0
0
0
0
0
0
0
0

0
0
0
0
0
0
0
0
0
0
0
0
0
0
0
0
0
0
0
0
0
0


0
0
0
0
0
0
0
0
0
0
0
0
0
0
0
0
0
0
0
0
0
0

0
1.10512e-16
-7.52944e-14
3.72511e-11
-1.29906e-08
3.11836e-06
4.60333e-08
4.12626e-10
2.56861e-12
1.15886e-14
3.79884e-17
8.99649e-20
1.467e-22
2.04399e-25
1.57118e-28
5.64116e-32
0
0
0
0
0
0

0
1.02133e-18
-9.68483e-16
6.7925e-13
-3.45877e-10
1.22019e-07
1.15947e-09
6.9871e-12
3.03369e-14
9.72264e-17
2.25762e-19
3.70174e-22
4.16257e-25
3.60103e-28
1.27399e-31
0
0
0
0
0
0
0

0
3.86461e-21
-5.11812e-18
4.99075e-15
-3.55365e-12
1.67397e-09
1.09073e-11
4.6561e-14
1.45211e-16
3.32535e-19
5.38707e-22
5.83478e-25
3.80707e-28
1.54226e-31
0
0
0
0
0
0
0
0

0
6.57995e-24
-1.2388e-20
1.67765e-17
-1.64779e-14
1.05497e-11
4.76611e-14
1.45754e-16
3.26753e-19
5.26471e-22
5.71292e-25
3.70603e-28
1.04096e-31
0
0
0
0
0
0
0
0
0

0
4.75278e-27
-1.31596e-23
2.4903e-20
-3.34848e-17
3.01376e-14
9.44443e-17
2.06086e-19
3.28019e-22
3.59535e-25
2.39743e-28
7.20167e-32
0
0
0
0
0
0
0
0
0
0

0
1.16925e-30
-5.1946e-27
1.41786e-23
-2.64021e-20
3.26946e-17
7.19809e-20
1.13756e-22
1.26595e-25
8.71721e-29
2.76741e-32
0
0
0
0
0
0
0
0
0
0
0

0
3.98873e-35
-2.78e-31
7.48485e-28
-1.03717e-24
1.92363e-21
1.52871e-24
4.11068e-27
5.56722e-30
2.73239e-33
0
0
0
0
0
0
0
0
0
0
0
0

0
0
1.93719e-35
-1.78308e-31
6.19992e-28
-8.69625e-25
-1.73587e-27
-1.54991e-30
-5.2962e-34
0
0
0
0
0
0
0
0
0
0
0
0
0

0
0
0
1.23718e-35
-1.17935e-31
3.4145e-28
3.64311e-31
1.19582e-34
0
0
0
0
0
0
0
0
0
0
0
0
0
0

0
0
0
0
1.09036e-35
-9.07522e-32
-3.57844e-35
0
0
0
0
0
0
0
0
0
0
0
0
0
0
0

0
0
0
0
0
6.6208e-36
0
0
0
0
0
0
0
0
0
0
0
0
0
0
0
0

0
0
0
0
0
0
0
0
0
0
0
0
0
0
0
0
0
0
0
0
0
0

0
0
0
0
0
0
0
0
0
0
0
0
0
0
0
0
0
0
0
0
0
0

0
0
0
0
0
0
0
0
0
0
0
0
0
0
0
0
0
0
0
0
0
0

0
0
0
0
0
0
0
0
0
0
0
0
0
0
0
0
0
0
0
0
0
0

0
0
0
0
0
0
0
0
0
0
0
0
0
0
0
0
0
0
0
0
0
0


0
0
0
0
0
1
0
0
0
0
0
0
0
0
0
0
0
0
0
0
0
0

0
6.04015e-14
-2.91261e-11
9.79206e-09
-2.16908e-06
0.000531951
1.05838e-05
1.48133e-07
1.35615e-09
8.6735e-12
3.9945e-14
1.34239e-16
3.29681e-19
6.22002e-22
7.60805e-25
5.74566e-28
2.0358e-31
0
0
0
0
0

0
1.42683e-15
-9.8872e-13
5.0161e-10
-1.83425e-07
5.14465e-05
6.93124e-07
5.78963e-09
3.4721e-11
1.53467e-13
5.00492e-16
1.19449e-18
2.06183e-21
2.58442e-24
1.89054e-27
6.47866e-31
0
0
0
0
0
0

0
9.17957e-18
-8.81923e-15
6.29685e-12
-3.3377e-09
1.29756e-06
1.08878e-08
6.24931e-11
2.66999e-13
8.52706e-16
2.00324e-18
3.36587e-21
3.87533e-24
2.91469e-27
9.63456e-31
0
0
0
0
0
0
0

0
2.17908e-20
-2.87343e-17
2.80033e-14
-2.03669e-11
1.06062e-08
6.10461e-11
2.537e-13
7.95396e-16
1.85483e-18
3.10888e-21
3.53326e-24
2.43782e-27
8.33003e-31
0
0
0
0
0
0
0
0

0
2.03814e-23
-3.69186e-20
4.81635e-17
-4.64288e-14
3.2596e-11
1.34794e-13
4.12453e-16
9.59512e-19
1.63174e-21
1.8975e-24
1.3381e-27
4.22975e-31
0
0
0
0
0
0
0
0
0

0
6.61576e-27
-1.68306e-23
2.93775e-20
-3.74212e-17
3.4387e-14
1.0564e-16
2.45886e-19
4.29703e-22
5.20789e-25
3.87173e-28
1.31905e-31
0
0
0
0
0
0
0
0
0
0

0
3.86407e-31
-1.11047e-27
1.48454e-24
-8.73352e-22
1.44478e-18
2.00916e-22
7.58718e-24
2.36685e-26
2.91109e-29
1.38014e-32
0
0
0
0
0
0
0
0
0
0
0

0
-1.17156e-35
1.19283e-31
-4.74115e-28
8.85694e-25
-7.07427e-22
-2.56306e-24
-4.32601e-27
-3.43705e-30
-1.00446e-33
0
0
0
0
0
0
0
0
0
0
0
0

0
0
-4.05902e-36
4.63013e-32
-1.88677e-28
2.82964e-25
6.04907e-28
4.69435e-31
1.2859e-34
0
0
0
0
0
0
0
0
0
0
0
0
0

0
0
0
-1.93319e-36
2.17838e-32
-7.09868e-29
-7.20283e-32
-2.02926e-35
0
0
0
0
0
0
0
0
0
0
0
0
0
0

0
0
0
0
-8.85867e-37
7.38955e-33
2.93173e-36
0
0
0
0
0
0
0
0
0
0
0
0
0
0
0

0
0
0
0
0
-2.00182e-37
0
0
0
0
0
0
0
0
0
0
0
0
0
0
0
0

0
0
0
0
0
0
0
0
0
0
0
0
0
0
0
0
0
0
0
0
0
0

0
0
0
0
0
0
0
0
0
0
0
0
0
0
0
0
0
0
0
0
0
0

0
0
0
0
0
0
0
0
0
0
0
0
0
0
0
0
0
0
0
0
0
0

0
0
0
0
0
0
0
0
0
0
0
0
0
0
0
0
0
0
0
0
0
0


0
0
0
0
0
0
0
0
0
0
0
0
0
0
0
0
0
0
0
0
0
0

0
9.89766e-17
-6.61794e-14
3.18933e-11
-1.08371e-08
2.63111e-06
4.01335e-08
3.65188e-10
2.31871e-12
1.06647e-14
3.62175e-17
9.18697e-20
1.75092e-22
2.14558e-25
1.56303e-28
5.31338e-32
0
0
0
0
0
0

0
8.00518e-19
-7.37133e-16
4.98174e-13
-2.47416e-10
9.08124e-08
8.40264e-10
5.19285e-12
2.35028e-14
7.85815e-17
1.95104e-19
3.59498e-22
4.79438e-25
3.51736e-28
1.16307e-31
0
0
0
0
0
0
0

0
2.38678e-21
-2.98286e-18
2.70925e-15
-1.81293e-12
8.75883e-10
5.66499e-12
2.58873e-14
8.75153e-17
2.16653e-19
3.90525e-22
5.02277e-25
4.21358e-28
1.40199e-31
0
0
0
0
0
0
0
0

0
2.78968e-24
-4.79479e-21
5.82881e-18
-5.1621e-15
3.28911e-12
1.52483e-14
5.21128e-17
1.321e-19
2.39246e-22
3.01685e-25
2.47585e-28
1.00993e-31
0
0
0
0
0
0
0
0
0

0
1.26168e-27
-3.05452e-24
4.93348e-21
-5.64275e-18
4.89555e-15
1.6695e-17
4.29791e-20
8.09025e-23
1.0419e-25
8.50988e-29
3.47057e-32
0
0
0
0
0
0
0
0
0
0

0
1.62052e-31
-5.85136e-28
1.24672e-24
-1.78731e-21
2.00306e-18
5.14123e-21
1.0703e-23
1.57045e-26
1.39124e-29
5.88313e-33
0
0
0
0
0
0
0
0
0
0
0

0
1.69371e-36
-2.4308e-33
-3.04505e-29
1.03514e-25
-5.65909e-23
-3.71212e-25
-3.90872e-28
2.14059e-33
1.56975e-34
0
0
0
0
0
0
0
0
0
0
0
0

0
0
3.16727e-37
-6.24023e-34
-6.7017e-30
1.76668e-26
2.05535e-29
-7.3431e-33
-1.08319e-35
0
0
0
0
0
0
0
0
0
0
0
0
0

0
0
0
4.95182e-38
1.84032e-34
-2.22249e-30
3.54776e-35
7.62019e-37
0
0
0
0
0
0
0
0
0
0
0
0
0
0

0
0
0
0
4.92441e-38
-4.48382e-34
-2.46132e-37
0
0
0
0
0
0
0
0
0
0
0
0
0
0
0

0
0
0
0
0
6.51694e-38
0
0
0
0
0
0
0
0
0
0
0
0
0
0
0
0

0
0
0
0
0
0
0
0
0
0
0
0
0
0
0
0
0
0
0
0
0
0

0
0
0
0
0
0
0
0
0
0
0
0
0
0
0
0
0
0
0
0
0
0

0
0
0
0
0
0
0
0
0
0
0
0
0
0
0
0
0
0
0
0
0
0

0
0
0
0
0
0
0
0
0
0
0
0
0
0
0
0
0
0
0
0
0
0

0
0
0
0
0
0
0
0
0
0
0
0
0
0
0
0
0
0
0
0
0
0


0
0
0
0
0
0
0
0
0
0
0
0
0
0
0
0
0
0
0
0
0
0

0
5.10191e-20
-4.59485e-17
2.99398e-14
-1.39692e-11
4.58175e-09
4.61408e-11
3.01436e-13
1.41023e-15
4.817e-18
1.21577e-20
2.28144e-23
3.09461e-26
2.25148e-29
7.43352e-33
0
0
0
0
0
0
0

0
2.15705e-22
-2.65563e-19
2.3645e-16
-1.53985e-13
7.2267e-11
4.92624e-13
2.3053e-15
7.88274e-18
1.96612e-20
3.56694e-23
4.64533e-26
3.98204e-29
1.32223e-32
0
0
0
0
0
0
0
0

0
3.39792e-25
-5.80183e-22
6.98266e-19
-6.06671e-16
3.69758e-13
1.85045e-15
6.49048e-18
1.65515e-20
2.99805e-23
3.76639e-26
3.09809e-29
1.28351e-32
0
0
0
0
0
0
0
0
0

0
2.03905e-28
-4.97268e-25
8.06295e-22
-9.12777e-19
7.10778e-16
2.69265e-18
7.16214e-21
1.35884e-23
1.74122e-26
1.39367e-29
5.61753e-33
0
0
0
0
0
0
0
0
0
0

0
3.99404e-32
-1.52491e-28
3.51233e-25
-5.47507e-22
5.96925e-19
1.62106e-21
3.12403e-24
4.14928e-27
3.37173e-30
1.32494e-33
0
0
0
0
0
0
0
0
0
0
0

0
1.73416e-36
-1.33742e-32
4.65253e-29
-1.00309e-25
1.49818e-22
2.85468e-25
3.98159e-28
3.62936e-31
1.53995e-34
0
0
0
0
0
0
0
0
0
0
0
0

0
0
-4.53918e-39
-5.57056e-34
1.5559e-30
9.96395e-28
-7.03805e-30
-7.65232e-33
-5.47955e-37
0
0
0
0
0
0
0
0
0
0
0
0
0

0
0
0
-1.23573e-38
2.53745e-35
-1.54385e-31
-9.63492e-36
-1.0226e-37
0
0
0
0
0
0
0
0
0
0
0
0
0
0

0
0
0
0
-2.8054e-39
8.75796e-36
9.24872e-39
0
0
0
0
0
0
0
0
0
0
0
0
0
0
0

0
0
0
0
0
-1.34133e-39
0
0
0
0
0
0
0
0
0
0
0
0
0
0
0
0

0
0
0
0
0
0
0
0
0
0
0
0
0
0
0
0
0
0
0
0
0
0

0
0
0
0
0
0
0
0
0
0
0
0
0
0
0
0
0
0
0
0
0
0

0
0
0
0
0
0
0
0
0
0
0
0
0
0
0
0
0
0
0
0
0
0

0
0
0
0
0
0
0
0
0
0
0
0
0
0
0
0
0
0
0
0
0
0

0
0
0
0
0
0
0
0
0
0
0
0
0
0
0
0
0
0
0
0
0
0

0
0
0
0
0
0
0
0
0
0
0
0
0
0
0
0
0
0
0
0
0
0


0
0
0
0
0
0
0
0
0
0
0
0
0
0
0
0
0
0
0
0
0
0

0
1.12128e-23
-1.37625e-20
1.20861e-17
-7.5879e-15
3.28574e-12
2.34414e-14
1.12919e-16
3.92817e-19
9.88857e-22
1.80282e-24
2.36816e-27
2.02592e-30
6.62226e-34
0
0
0
0
0
0
0
0

0
2.71512e-26
-4.62477e-23
5.50534e-20
-4.69099e-17
2.81577e-14
1.44255e-16
5.09927e-19
1.30222e-21
2.36136e-24
2.96813e-27
2.44878e-30
1.00526e-33
0
0
0
0
0
0
0
0
0

0
2.22954e-29
-5.47435e-26
8.96865e-23
-1.02627e-19
8.08443e-17
3.10206e-19
8.18655e-22
1.52453e-24
1.91741e-27
1.51665e-30
6.0832e-34
0
0
0
0
0
0
0
0
0
0

0
5.9496e-33
-2.31598e-29
5.36199e-26
-8.21612e-23
8.42202e-20
2.46097e-22
4.85427e-25
6.42734e-28
5.14717e-31
1.97762e-34
0
0
0
0
0
0
0
0
0
0
0

0
3.61778e-37
-2.84731e-33
9.94041e-30
-2.10615e-26
2.96647e-23
6.14998e-26
8.82737e-29
7.99303e-32
3.28093e-35
0
0
0
0
0
0
0
0
0
0
0
0

0
0
-5.56263e-38
3.35353e-34
-9.56096e-31
1.91348e-27
2.57187e-30
2.76248e-33
1.56036e-36
0
0
0
0
0
0
0
0
0
0
0
0
0

0
0
0
-4.8283e-39
2.26607e-35
-2.70288e-32
-7.92072e-35
-5.13582e-38
0
0
0
0
0
0
0
0
0
0
0
0
0
0

0
0
0
0
-3.30445e-40
5.7516e-37
1.19117e-39
0
0
0
0
0
0
0
0
0
0
0
0
0
0
0

0
0
0
0
0
-1.05478e-41
0
0
0
0
0
0
0
0
0
0
0
0
0
0
0
0

0
0
0
0
0
0
0
0
0
0
0
0
0
0
0
0
0
0
0
0
0
0

0
0
0
0
0
0
0
0
0
0
0
0
0
0
0
0
0
0
0
0
0
0

0
0
0
0
0
0
0
0
0
0
0
0
0
0
0
0
0
0
0
0
0
0

0
0
0
0
0
0
0
0
0
0
0
0
0
0
0
0
0
0
0
0
0
0

0
0
0
0
0
0
0
0
0
0
0
0
0
0
0
0
0
0
0
0
0
0

0
0
0
0
0
0
0
0
0
0
0
0
0
0
0
0
0
0
0
0
0
0

0
0
0
0
0
0
0
0
0
0
0
0
0
0
0
0
0
0
0
0
0
0


0
0
0
0
0
0
0
0
0
0
0
0
0
0
0
0
0
0
0
0
0
0

0
1.1896e-27
-2.05078e-24
2.45716e-21
-2.06829e-18
1.16024e-15
6.10348e-18
2.19295e-20
5.62414e-23
1.0112e-25
1.25321e-28
1.02707e-31
4.14726e-35
0
0
0
0
0
0
0
0
0

0
1.65116e-30
-4.13047e-27
6.82214e-24
-7.72617e-21
5.92711e-18
2.29952e-20
6.08752e-23
1.13101e-25
1.4051e-28
1.0856e-31
4.25684e-35
0
0
0
0
0
0
0
0
0
0

0
6.41999e-34
-2.54928e-30
6.00143e-27
-9.32269e-24
9.53266e-21
2.78425e-23
5.40208e-26
7.00893e-29
5.51824e-32
2.05572e-35
0
0
0
0
0
0
0
0
0
0
0

0
5.5685e-38
-4.5801e-34
1.69016e-30
-3.65943e-27
4.87483e-24
1.08168e-26
1.52008e-29
1.28495e-32
4.94527e-36
0
0
0
0
0
0
0
0
0
0
0
0

0
0
-1.49918e-38
1.02013e-34
-3.07029e-31
5.07177e-28
8.7506e-31
8.94489e-34
4.27248e-37
0
0
0
0
0
0
0
0
0
0
0
0
0

0
0
0
-5.83555e-40
3.07115e-36
-1.78593e-34
-1.13486e-35
-6.30503e-39
0
0
0
0
0
0
0
0
0
0
0
0
0
0

0
0
0
0
-2.98214e-42
-5.31739e-38
2.48537e-41
0
0
0
0
0
0
0
0
0
0
0
0
0
0
0

0
0
0
0
0
8.04183e-43
0
0
0
0
0
0
0
0
0
0
0
0
0
0
0
0

0
0
0
0
0
0
0
0
0
0
0
0
0
0
0
0
0
0
0
0
0
0

0
0
0
0
0
0
0
0
0
0
0
0
0
0
0
0
0
0
0
0
0
0

0
0
0
0
0
0
0
0
0
0
0
0
0
0
0
0
0
0
0
0
0
0

0
0
0
0
0
0
0
0
0
0
0
0
0
0
0
0
0
0
0
0
0
0

0
0
0
0
0
0
0
0
0
0
0
0
0
0
0
0
0
0
0
0
0
0

0
0
0
0
0
0
0
0
0
0
0
0
0
0
0
0
0
0
0
0
0
0

0
0
0
0
0
0
0
0
0
0
0
0
0
0
0
0
0
0
0
0
0
0

0
0
0
0
0
0
0
0
0
0
0
0
0
0
0
0
0
0
0
0
0
0


0
0
0
0
0
0
0
0
0
0
0
0
0
0
0
0
0
0
0
0
0
0

0
6.80069e-32
-1.74619e-28
2.9498e-25
-3.38492e-22
2.4766e-19
9.67761e-22
2.5647e-24
4.66702e-27
5.64221e-30
4.21227e-33
1.59817e-36
0
0
0
0
0
0
0
0
0
0

0
4.95264e-35
-2.04413e-31
4.981e-28
-7.81962e-25
7.79665e-22
2.25412e-24
4.34194e-27
5.49827e-30
4.15442e-33
1.47053e-36
0
0
0
0
0
0
0
0
0
0
0

0
6.74666e-39
-5.78478e-35
2.20728e-31
-4.89472e-28
6.71877e-25
1.43478e-27
1.93613e-30
1.5774e-33
5.79984e-37
0
0
0
0
0
0
0
0
0
0
0
0

0
0
-3.00971e-39
2.33515e-35
-7.99373e-32
1.51056e-28
2.34337e-31
2.08501e-34
8.46033e-38
0
0
0
0
0
0
0
0
0
0
0
0
0

0
0
0
2.57742e-40
-1.44149e-36
3.84012e-33
3.98283e-36
2.25351e-39
0
0
0
0
0
0
0
0
0
0
0
0
0
0

0
0
0
0
2.42008e-41
-9.87848e-38
-7.64083e-41
0
0
0
0
0
0
0
0
0
0
0
0
0
0
0

0
0
0
0
0
8.23129e-43
0
0
0
0
0
0
0
0
0
0
0
0
0
0
0
0

0
0
0
0
0
0
0
0
0
0
0
0
0
0
0
0
0
0
0
0
0
0

0
0
0
0
0
0
0
0
0
0
0
0
0
0
0
0
0
0
0
0
0
0

0
0
0
0
0
0
0
0
0
0
0
0
0
0
0
0
0
0
0
0
0
0

0
0
0
0
0
0
0
0
0
0
0
0
0
0
0
0
0
0
0
0
0
0

0
0
0
0
0
0
0
0
0
0
0
0
0
0
0
0
0
0
0
0
0
0

0
0
0
0
0
0
0
0
0
0
0
0
0
0
0
0
0
0
0
0
0
0

0
0
0
0
0
0
0
0
0
0
0
0
0
0
0
0
0
0
0
0
0
0

0
0
0
0
0
0
0
0
0
0
0
0
0
0
0
0
0
0
0
0
0
0

0
0
0
0
0
0
0
0
0
0
0
0
0
0
0
0
0
0
0
0
0
0


0
0
0
0
0
0
0
0
0
0
0
0
0
0
0
0
0
0
0
0
0
0

0
0
0
0
0
0
0
0
0
0
0
0
0
0
0
0
0
0
0
0
0
0

0
0
0
0
0
0
0
0
0
0
0
0
0
0
0
0
0
0
0
0
0
0

0
0
0
0
0
0
0
0
0
0
0
0
0
0
0
0
0
0
0
0
0
0

0
0
0
0
0
0
0
0
0
0
0
0
0
0
0
0
0
0
0
0
0
0

0
0
0
0
0
0
0
0
0
0
0
0
0
0
0
0
0
0
0
0
0
0

0
0
0
0
0
0
0
0
0
0
0
0
0
0
0
0
0
0
0
0
0
0

0
0
0
0
0
0
0
0
0
0
0
0
0
0
0
0
0
0
0
0
0
0

0
0
0
0
0
0
0
0
0
0
0
0
0
0
0
0
0
0
0
0
0
0

0
0
0
0
0
0
0
0
0
0
0
0
0
0
0
0
0
0
0
0
0
0

0
0
0
0
0
0
0
0
0
0
0
0
0
0
0
0
0
0
0
0
0
0

0
0
0
0
0
0
0
0
0
0
0
0
0
0
0
0
0
0
0
0
0
0

0
0
0
0
0
0
0
0
0
0
0
0
0
0
0
0
0
0
0
0
0
0

0
0
0
0
0
0
0
0
0
0
0
0
0
0
0
0
0
0
0
0
0
0

0
0
0
0
0
0
0
0
0
0
0
0
0
0
0
0
0
0
0
0
0
0

0
0
0
0
0
0
0
0
0
0
0
0
0
0
0
0
0
0
0
0
0
0

0
0
0
0
0
0
0
0
0
0
0
0
0
0
0
0
0
0
0
0
0
0


