0.5
0.5
0.5
0.5
0.5
0.5
0.5
0.5
0.5
0.5
0.5
0.5
0.5
0.5
0.5
0.5
0.5
0.5
0.5
0.5
0.515877
0.5

0.5
0.492649
0.498184
0.701598
0.441127
0.441127
0.487654
0.500124
0.497534
0.500756
-0.5
0.486146
0.521444
0.529564
0.499591
0.595659
0.557879
0.643792
1.06778
3.79003
3.79003
0.5

0.5
0.492102
0.492308
0.719834
0.433013
0.480235
0.495061
0.502885
0.49956
0.511402
0.635026
0.517832
0.526005
0.531719
0.550783
0.534154
0.607677
0.453731
1.02775
6.9808
6.9808
0.5

0.5
0.489841
0.47492
0.760652
0.417289
0.479842
0.496669
0.503848
0.499047
0.517512
0.620305
0.527518
0.527824
0.532878
0.55127
0.542867
0.552502
0.625665
0.960481
3.13551
3.13551
0.5

0.5
0.487858
0.43108
-0.698905
0.320282
0.478065
0.498548
0.505285
0.499287
0.527507
0.605349
0.532968
0.550491
0.535124
0.549649
0.544083
0.556431
0.607801
0.83016
0.573966
0.9862
0.5

0.5
0.486907
0.475841
0.521606
0.564861
0.505633
0.502275
0.506853
0.518742
0.505015
0.594706
0.535518
0.531089
0.533083
0.548713
0.547348
0.556826
0.59005
0.730493
1.0623
1.0623
0.522185

0.5
0.486226
0.48518
0.575694
0.549664
0.509129
0.50448
0.50852
0.518616
0.508749
0.593086
0.517832
0.522901
0.541936
0.549553
0.55091
0.557716
0.573966
0.655995
0.827172
0.827172
0.5

0.5
0.484875
0.49282
0.564333
0.545406
0.512361
0.506405
0.509964
0.517849
0.507255
0.595567
0.533827
0.527388
0.541721
0.550161
0.554738
0.55948
0.560291
0.59684
0.691178
0.691178
0.5

0.5
0.482467
0.49846
0.555798
0.520153
0.512197
0.508164
0.500124
0.51673
0.50196
0.599282
0.529005
0.529076
0.542242
0.551224
0.559119
0.562672
0.54644
0.543309
0.608211
0.608211
0.5

0.5
0.478644
0.502872
0.549267
0.538664
0.516624
0.509591
0.511642
0.518424
0.510053
0
0.481695
0.516541
0.521738
0.551316
0.5642
0.568136
0.493494
0.561125
0.557249
0.557249
0.5

0.5
0.476461
0.510687
0.546215
0.535013
0.518098
0.510875
0.511769
0.520763
0.502552
0.599448
0.538151
0.521738
0.542984
0.554819
0.570472
0.578146
0.476786
0.522794
0.522451
0.522451
0.5

0.5
0.517507
0.453715
0.538304
0.531204
0.519178
0.511817
0.511553
0.523783
0.506299
0.583946
0.54402
0.520107
0.543776
0.55719
0.577792
0.593804
0.457059
0.49627
0.498221
0.498221
0.5

0.5
0.514528
0.502872
0.548094
0.52873
0.520153
0.512407
0.511609
0.528845
0.508728
0.575154
0.528841
0.547065
0.547604
0.559733
0.586292
0.616996
0.429696
0.475001
0.480608
0.480608
0.5

0.5
0.511165
0.493549
0.500426
0.519238
0.520276
0.512285
0.522938
0.500756
0.524157
0.539825
0.528283
0.543566
0.548622
0.561906
0.595996
0.650145
0.392481
0.457703
0.467246
0.467246
0.5

0.5
0.508666
0.490483
0.507521
0.516961
0.515492
0.520542
0.522406
0.522279
0.529453
0.537266
0.53251
0.542832
0.549673
0.563597
0.607677
0.695877
0.342989
0.444243
0.45608
0.45608
0.5

0.5
0.50592
0.514528
0.514031
0.514425
0.515929
0.519757
0.522335
0.524691
0.527571
0.532492
0.535789
0.542269
0.550491
0.564548
0.561906
0.752373
0.278804
0.340798
0.445645
0.445645
0.5

0.5
0.5
0.5
0.5
0.5
0.5
0.5
0.5
0.5
0.5
0.5
0.5
0.5
0.5
0.5
0.5
0.5
0.5
0.5
0.5
0.5
0.5


0.5
-0.492649
-0.498184
-0.701598
-0.441127
-0.441127
-0.487654
-0.500124
-0.497534
-0.500756
0.5
-0.486146
-0.521444
-0.529564
-0.499591
-0.595659
-0.557879
-0.643792
-1.06778
-3.79003
-3.79003
0.5

0.5
0.492649
0.498184
0.701598
0.441127
0.441127
0.487654
0.500124
0.497534
0.500756
-0.5
0.486146
0.521444
0.529564
0.499591
0.595659
0.557879
0.643792
1.06778
3.79003
3.79003
0.5

0.5
0.492102
0.492308
0.719834
0.433013
0.480235
0.495061
0.502885
0.49956
0.511402
0.635026
0.517832
0.526005
0.531719
0.550783
0.534154
0.607677
0.453731
1.02775
6.9808
6.9808
0.5

0.5
0.489841
0.47492
0.760652
0.417289
0.479842
0.496669
0.503848
0.499047
0.517512
0.620305
0.527518
0.527824
0.532878
0.55127
0.542867
0.552502
0.625665
0.960481
3.13551
3.13551
0.5

0.5
0.487858
0.43108
-0.698905
0.320282
0.478065
0.498548
0.505285
0.499287
0.527507
0.605349
0.532968
0.550491
0.535124
0.549649
0.544083
0.556431
0.607801
0.83016
0.573966
0.9862
0.5

0.5
0.486907
0.475841
0.521606
0.564861
0.505633
0.502275
0.506853
0.518742
0.505015
0.594706
0.535518
0.531089
0.533083
0.548713
0.547348
0.556826
0.59005
0.730493
1.0623
1.0623
0.557249

0.5
0.486226
0.48518
0.575694
0.549664
0.509129
0.50448
0.50852
0.518616
0.508749
0.593086
0.517832
0.522901
0.541936
0.549553
0.55091
0.557716
0.573966
0.655995
0.827172
0.827172
0.5

0.5
0.484875
0.49282
0.564333
0.545406
0.512361
0.506405
0.509964
0.517849
0.507255
0.595567
0.533827
0.527388
0.541721
0.550161
0.554738
0.55948
0.560291
0.59684
0.691178
0.691178
0.5

0.5
0.482467
0.49846
0.555798
0.520153
0.512197
0.508164
0.500124
0.51673
0.50196
0.599282
0.529005
0.529076
0.542242
0.551224
0.559119
0.562672
0.54644
0.543309
0.608211
0.608211
0.5

0.5
0.478644
0.502872
0.549267
0.538664
0.516624
0.509591
0.511642
0.518424
0.510053
0
0.481695
0.516541
0.521738
0.551316
0.5642
0.568136
0.493494
0.561125
0.557249
0.557249
0.5

0.5
0.476461
0.510687
0.546215
0.535013
0.518098
0.510875
0.511769
0.520763
0.502552
0.599448
0.538151
0.521738
0.542984
0.554819
0.570472
0.578146
0.476786
0.522794
0.522451
0.522451
0.5

0.5
0.517507
0.453715
0.538304
0.531204
0.519178
0.511817
0.511553
0.523783
0.506299
0.583946
0.54402
0.520107
0.543776
0.55719
0.577792
0.593804
0.457059
0.49627
0.498221
0.498221
0.5

0.5
0.514528
0.502872
0.548094
0.52873
0.520153
0.512407
0.511609
0.528845
0.508728
0.575154
0.528841
0.547065
0.547604
0.559733
0.586292
0.616996
0.429696
0.475001
0.480608
0.480608
0.5

0.5
0.511165
0.493549
0.500426
0.519238
0.520276
0.512285
0.522938
0.500756
0.524157
0.539825
0.528283
0.543566
0.548622
0.561906
0.595996
0.650145
0.392481
0.457703
0.467246
0.467246
0.5

0.5
0.508666
0.490483
0.507521
0.516961
0.515492
0.520542
0.522406
0.522279
0.529453
0.537266
0.53251
0.542832
0.549673
0.563597
0.607677
0.695877
0.342989
0.444243
0.45608
0.45608
0.5

0.5
0.50592
0.514528
0.514031
0.514425
0.515929
0.519757
0.522335
0.524691
0.527571
0.532492
0.535789
0.542269
0.550491
0.564548
0.561906
0.752373
0.278804
0.340798
0.445645
0.445645
0.5

0.5
0.50592
0.514528
0.514031
0.514425
0.515929
0.519757
0.522335
0.524691
0.527571
0.532492
0.535789
0.542269
0.550491
0.564548
0.580631
0.752373
0.278804
0.340798
0.445645
0.445645
0.5


0.5
-0.501655
-0.489976
-0.646871
-0.463931
-0.501135
-0.497417
-0.503634
-0.50209
-0.510971
-0.60373
-0.522843
-0.52685
-0.531442
-0.521808
-0.563413
-0.552344
-0.612661
-0.83877
-0.262962
-0.262962
0.5

0.5
0.501655
0.489976
0.646871
0.463931
0.501135
0.497417
0.503634
0.50209
0.510971
0.60373
0.522843
0.52685
0.531442
0.521808
0.563413
0.552344
0.612661
0.83877
0.262962
0.262962
0.5

0.5
0.496811
0.49442
0.652733
0.464038
0.5042
0.500444
0.506355
0.503346
0.524198
0.597257
0.526211
0.529147
0.533742
0.540871
0.550102
0.551494
0.61055
0.858629
1.85532
1.85532
0.5

0.5
0.493288
0.487083
0.643186
0.471858
0.504545
0.502061
0.506728
0.505024
0.522914
0.595776
0.531514
0.530345
0.534705
0.545336
0.546964
0.551555
0.599765
0.784885
0.875416
0.875416
0.5

0.5
0.491167
0.477918
0.496181
0.501249
0.507947
0.503972
0.507718
0.507358
0.523075
0.588226
0.53472
0.531626
0.535763
0.54671
0.546615
0.552469
0.586562
0.709039
0.396014
0.396014
0.5

0.5
0.490139
0.485341
0.584681
0.526784
0.511041
0.505802
0.508979
0.515082
0.51744
0.582431
0.535568
0.533898
0.537232
0.547424
0.54826
0.553088
0.572647
0.651422
0.560153
0.560153
0.5

0.5
0.489454
0.49124
0.567265
0.534132
0.513557
0.507493
0.510292
0.517268
0.515609
0.580038
0.537221
0.530954
0.539884
0.548363
0.550835
0.55402
0.558881
0.605006
0.58915
0.58915
0.5

0.5
0.488645
0.495558
0.55534
0.535374
0.515248
0.50895
0.511479
0.518384
0.513048
0.580911
0.536432
0.53062
0.541129
0.549439
0.554071
0.55577
0.54507
0.567109
0.566874
0.566874
0.5

0.5
0.487704
0.498307
0.547191
0.534653
0.516467
0.510211
0.512518
0.518482
0.510594
0.58435
0.535212
0.530391
0.542021
0.550774
0.557985
0.558795
0.528975
0.538099
0.538828
0.538828
0.5

0.5
0.487175
0.498893
0.541606
0.532684
0.517471
0.511372
0.513255
0.519285
0.508149
0.583751
0.536286
0.528809
0.542832
0.552417
0.562692
0.563825
0.502034
0.52481
0.515546
0.515546
0.5

0.5
0.489587
0.495874
0.538338
0.530559
0.518242
0.512298
0.513955
0.520638
0.511088
0.57888
0.537825
0.529725
0.543688
0.554449
0.56827
0.574178
0.48144
0.504931
0.496959
0.496959
0.5

0.5
0.504416
0.482061
0.531677
0.527369
0.518692
0.512837
0.515009
0.522402
0.514038
0.569145
0.538229
0.533041
0.545041
0.556697
0.574629
0.59009
0.460104
0.485741
0.482382
0.482382
0.5

0.5
0.507197
0.480475
0.527351
0.524175
0.518872
0.512851
0.517993
0.523894
0.517337
0.559402
0.531333
0.543216
0.547247
0.559035
0.581163
0.615147
0.432231
0.468524
0.471018
0.471018
0.5

0.5
0.506925
0.489146
0.515755
0.519889
0.518497
0.515123
0.520358
0.52276
0.525595
0.545633
0.532269
0.542283
0.548345
0.561195
0.586319
0.658375
0.391217
0.453172
0.462272
0.462272
0.5

0.5
0.50619
0.487401
0.516712
0.517311
0.516641
0.518261
0.521686
0.523734
0.527658
0.538155
0.53408
0.542191
0.549381
0.563133
0.593201
0.73301
0.321635
0.439381
0.453495
0.453495
0.5

0.5
0.504613
0.488332
0.509686
0.513654
0.515985
0.519554
0.522252
0.524758
0.527603
0.53215
0.535817
0.542091
0.550178
0.564378
0.612294
0.829871
0.151544
0.425637
0.446534
0.446534
0.5

0.5
0.504613
0.488332
0.509686
0.513654
0.515985
0.519554
0.522252
0.524758
0.527603
0.53215
0.535817
0.542091
0.550178
0.564378
0.612294
0.829871
0.151544
0.425637
0.446534
0.446534
0.5


0.5
-0.499581
-0.498588
-0.602378
-0.474998
-0.515676
-0.49999
-0.505937
-0.506717
-0.519328
-0.586778
-0.529775
-0.529086
-0.532759
-0.531784
-0.551663
-0.546392
-0.576805
-0.599692
1.52345
1.52345
0.5

0.5
0.499581
0.498588
0.602378
0.474998
0.515676
0.49999
0.505937
0.506717
0.519328
0.586778
0.529775
0.529086
0.532759
0.531784
0.551663
0.546392
0.576805
0.599692
-1.52345
-1.52345
0.5

0.5
0.49834
0.49966
0.60482
0.469913
0.52803
0.504477
0.508388
0.508822
0.525392
0.583009
0.532366
0.531232
0.535015
0.539158
0.548926
0.547291
0.575442
0.597906
-2.03816
-2.03816
0.5

0.5
0.496043
0.496086
0.602108
0.48081
0.523371
0.506139
0.509004
0.510006
0.525207
0.579109
0.534374
0.531956
0.535815
0.542571
0.546867
0.547061
0.569226
0.594694
-0.712227
-0.712227
0.5

0.5
0.494449
0.491935
0.590041
0.497413
0.519601
0.507578
0.509881
0.511998
0.524533
0.574721
0.53607
0.532777
0.536806
0.544483
0.546574
0.547325
0.560788
0.579317
-0.167414
-0.167414
0.5

0.5
0.493491
0.494422
0.571225
0.514435
0.518119
0.508888
0.510926
0.515296
0.522326
0.571171
0.536912
0.533403
0.538031
0.545787
0.54765
0.547839
0.551131
0.561823
0.194158
0.194158
0.5

0.5
0.492915
0.497036
0.556758
0.523287
0.517619
0.510049
0.511987
0.517239
0.520692
0.569228
0.5376
0.532964
0.539561
0.547015
0.549676
0.548824
0.540719
0.543528
0.363717
0.363717
0.5

0.5
0.492486
0.498966
0.547051
0.526989
0.51757
0.511095
0.512993
0.518423
0.519091
0.568846
0.537572
0.532775
0.540754
0.548319
0.552444
0.550628
0.529329
0.525874
0.432953
0.432953
0.5

0.5
0.492309
0.499922
0.540175
0.527976
0.517715
0.512028
0.513902
0.519064
0.517614
0.569297
0.537311
0.53272
0.541757
0.549807
0.555929
0.553758
0.515903
0.510611
0.457978
0.457978
0.5

0.5
0.492859
0.499369
0.535049
0.52744
0.517951
0.512892
0.514737
0.519863
0.51659
0.568749
0.537446
0.532661
0.542704
0.551516
0.560156
0.558999
0.498833
0.499066
0.464941
0.464941
0.5

0.5
0.495271
0.496551
0.530919
0.526061
0.518145
0.513635
0.515611
0.520899
0.517892
0.564282
0.537718
0.533666
0.543759
0.553475
0.565172
0.568101
0.48173
0.486332
0.464493
0.464493
0.5

0.5
0.500723
0.491926
0.52609
0.523954
0.518199
0.514259
0.516741
0.522043
0.519717
0.55814
0.537127
0.535945
0.545043
0.555606
0.570914
0.582173
0.462607
0.47323
0.461155
0.461155
0.5

0.5
0.503222
0.490548
0.521539
0.521484
0.518058
0.514869
0.518375
0.523044
0.522042
0.551117
0.534829
0.539609
0.546536
0.557795
0.577154
0.603638
0.43822
0.460441
0.456893
0.456893
0.5

0.5
0.504027
0.492462
0.515961
0.518646
0.517592
0.516346
0.520086
0.523392
0.525456
0.543379
0.534588
0.540894
0.547761
0.559924
0.583652
0.636328
0.404361
0.448236
0.45253
0.45253
0.5

0.5
0.504132
0.492396
0.513041
0.516135
0.516723
0.518103
0.521384
0.524173
0.527207
0.537327
0.535097
0.541466
0.54881
0.561899
0.591748
0.683966
0.355373
0.436735
0.447887
0.447887
0.5

0.5
0.503248
0.492653
0.508612
0.513178
0.515918
0.519307
0.522147
0.524753
0.527654
0.531879
0.535726
0.541751
0.54959
0.563325
0.603301
0.739702
0.285951
0.425609
0.443714
0.443714
0.5

0.5
0.503248
0.492653
0.508612
0.513178
0.515918
0.519307
0.522147
0.524753
0.527654
0.531879
0.535726
0.541751
0.54959
0.563325
0.603301
0.739702
0.285951
0.425609
0.443714
0.443714
0.5


0.5
-0.498847
-0.502346
-0.568095
-0.444236
-0.488131
-0.496657
-0.507688
-0.510544
-0.523493
-0.569413
-0.532999
-0.530787
-0.533868
-0.535566
-0.545565
-0.539774
-0.544088
-0.45219
1.35134
1.35134
0.5

0.5
0.498847
0.502346
0.568095
0.444236
0.488131
0.496657
0.507688
0.510544
0.523493
0.569413
0.532999
0.530787
0.533868
0.535566
0.545565
0.539774
0.544088
0.45219
-1.35134
-1.35134
0.5

0.5
0.499252
0.503352
0.570763
0.448061
0.555577
0.507687
0.510407
0.512742
0.526542
0.569025
0.535215
0.532824
0.536028
0.539447
0.545952
0.541215
0.543966
0.452748
-1.77845
-1.77845
0.5

0.5
0.497936
0.501585
0.56936
0.474937
0.544214
0.50969
0.511108
0.513616
0.526606
0.566568
0.536081
0.533274
0.536678
0.541517
0.545135
0.541146
0.540673
0.470596
-0.771216
-0.771216
0.5

0.5
0.496865
0.499811
0.564104
0.492984
0.532219
0.51089
0.511906
0.514965
0.526094
0.563928
0.536942
0.533785
0.537511
0.543148
0.545214
0.541381
0.535918
0.482061
-0.27494
-0.27494
0.5

0.5
0.496134
0.500169
0.554617
0.507056
0.525226
0.5117
0.51276
0.516687
0.525014
0.561664
0.537515
0.534175
0.5385
0.544514
0.546188
0.541959
0.529985
0.487701
0.0437113
0.0437113
0.5

0.5
0.495705
0.501006
0.545845
0.515949
0.521546
0.512377
0.513627
0.518054
0.523932
0.56011
0.53788
0.534263
0.539604
0.545827
0.547932
0.54304
0.523005
0.488358
0.232305
0.232305
0.5

0.5
0.495471
0.501592
0.538944
0.520688
0.519666
0.513011
0.514458
0.51905
0.522914
0.559231
0.537954
0.534346
0.540648
0.547212
0.550367
0.544912
0.514856
0.485621
0.336372
0.336372
0.5

0.5
0.49556
0.501672
0.533623
0.522731
0.518749
0.513641
0.515254
0.519791
0.522079
0.558558
0.537887
0.534536
0.541632
0.548732
0.55346
0.547978
0.50511
0.481103
0.391347
0.391347
0.5

0.5
0.496201
0.500913
0.52933
0.523096
0.518312
0.514251
0.516048
0.520544
0.521663
0.55721
0.537827
0.534906
0.542614
0.550426
0.557235
0.552881
0.493408
0.475803
0.419635
0.419635
0.5

0.5
0.497743
0.499204
0.525604
0.52243
0.518062
0.514846
0.516881
0.521339
0.522201
0.554303
0.537639
0.535772
0.543673
0.552302
0.561714
0.560581
0.480346
0.469065
0.433679
0.433679
0.5

0.5
0.500136
0.497132
0.521863
0.521077
0.51785
0.515442
0.517859
0.522221
0.523203
0.55024
0.537101
0.537224
0.544826
0.554295
0.566859
0.572013
0.465118
0.461204
0.440109
0.440109
0.5

0.5
0.501717
0.496115
0.518208
0.519281
0.517546
0.516122
0.519031
0.523001
0.524575
0.545562
0.536124
0.539035
0.546058
0.556357
0.572629
0.588474
0.446198
0.452753
0.442483
0.442483
0.5

0.5
0.502562
0.496244
0.514546
0.517245
0.517112
0.517108
0.520246
0.523643
0.52618
0.540588
0.535672
0.540207
0.547181
0.558373
0.578983
0.611244
0.421811
0.444091
0.442655
0.442655
0.5

0.5
0.502958
0.496273
0.511613
0.515209
0.516543
0.518239
0.521351
0.524355
0.527359
0.536129
0.535599
0.540933
0.54818
0.560264
0.586201
0.640396
0.39105
0.435666
0.44163
0.44163
0.5

0.5
0.502465
0.495821
0.507985
0.51276
0.515798
0.519108
0.522061
0.524767
0.527705
0.53167
0.53563
0.541396
0.548909
0.561622
0.593382
0.669111
0.354704
0.427401
0.439893
0.439893
0.5

0.5
0.502465
0.495821
0.507985
0.51276
0.515798
0.519108
0.522061
0.524767
0.527705
0.53167
0.53563
0.541396
0.548909
0.561622
0.593382
0.669111
0.354704
0.427401
0.439893
0.439893
0.5


0.5
-0.499061
-0.504094
-0.546491
-0.0925843
-0.0917947
-0.462937
-0.507426
-0.513497
-0.525371
-0.557537
-0.534337
-0.532056
-0.534745
-0.536994
-0.541508
-0.532936
-0.516785
-0.374217
0.925451
0.925451
0.5

0.5
0.499061
0.504094
0.546491
0.0925843
0.0917947
0.462937
0.507426
0.513497
0.525371
0.557537
0.534337
0.532056
0.534745
0.536994
0.541508
0.532936
0.516785
0.374217
-0.925451
-0.925451
0.5

0.5
0.500089
0.505442
0.547455
0.334527
0.456224
0.50244
0.512084
0.515719
0.527524
0.558393
0.536359
0.534018
0.536826
0.539734
0.542917
0.534612
0.517659
0.381591
-0.957997
-0.957997
0.5

0.5
0.499348
0.504553
0.54753
0.443316
0.561418
0.513068
0.513116
0.516351
0.527519
0.556954
0.536764
0.534321
0.537349
0.541008
0.542808
0.534737
0.516257
0.400005
-0.540143
-0.540143
0.5

0.5
0.498666
0.50367
0.545456
0.480845
0.547763
0.514053
0.513801
0.517239
0.527162
0.555336
0.537207
0.534678
0.538032
0.542277
0.543206
0.535119
0.514065
0.419038
-0.220506
-0.220506
0.5

0.5
0.498156
0.503443
0.541033
0.500236
0.532383
0.514169
0.514478
0.518266
0.526553
0.553848
0.537541
0.534997
0.538838
0.543515
0.544202
0.535839
0.510996
0.434476
0.015944
0.015944
0.5

0.5
0.497843
0.503495
0.536101
0.510779
0.524792
0.514349
0.515163
0.519199
0.525877
0.552648
0.537753
0.535241
0.539733
0.544789
0.545802
0.537042
0.506973
0.44526
0.177818
0.177818
0.5

0.5
0.49771
0.503455
0.531614
0.516244
0.521176
0.514637
0.515845
0.519969
0.525247
0.551711
0.537802
0.535465
0.54064
0.546143
0.547976
0.538929
0.501853
0.45174
0.282052
0.282052
0.5

0.5
0.49783
0.503163
0.527789
0.518826
0.519394
0.514996
0.516512
0.520628
0.524762
0.550773
0.537764
0.53578
0.541557
0.547623
0.55073
0.541815
0.495439
0.454858
0.346436
0.346436
0.5

0.5
0.498299
0.502454
0.524469
0.519701
0.518463
0.515405
0.517193
0.521249
0.524552
0.549435
0.537632
0.536234
0.542504
0.549249
0.554073
0.546129
0.487586
0.455412
0.38526
0.38526
0.5

0.5
0.499206
0.501379
0.521487
0.519548
0.517932
0.51585
0.517918
0.521918
0.524772
0.547356
0.537396
0.536936
0.543485
0.550998
0.558
0.552416
0.478285
0.453754
0.408288
0.408288
0.5

0.5
0.500369
0.500188
0.51857
0.518701
0.517534
0.516336
0.518711
0.522584
0.525293
0.544623
0.536985
0.537916
0.544537
0.552858
0.562509
0.561262
0.467195
0.450406
0.421733
0.421733
0.5

0.5
0.501326
0.499418
0.515775
0.517456
0.51717
0.516905
0.519599
0.52324
0.526029
0.541466
0.536436
0.539
0.545595
0.554748
0.567528
0.573189
0.453676
0.445841
0.429346
0.429346
0.5

0.5
0.501976
0.499105
0.513081
0.515974
0.516772
0.517606
0.520519
0.523848
0.52687
0.538149
0.536016
0.539889
0.546602
0.556606
0.572984
0.588421
0.437279
0.440578
0.433427
0.433427
0.5

0.5
0.502399
0.498947
0.510644
0.514398
0.516328
0.518386
0.521409
0.524483
0.527583
0.534916
0.535767
0.540569
0.547518
0.558338
0.578733
0.606189
0.418439
0.435148
0.435411
0.435411
0.5

0.5
0.502079
0.498209
0.507661
0.512413
0.515659
0.518949
0.521985
0.524766
0.527743
0.531512
0.535494
0.541019
0.548159
0.55954
0.583603
0.621957
0.397975
0.429464
0.435691
0.435691
0.5

0.5
0.502079
0.498209
0.507661
0.512413
0.515659
0.518949
0.521985
0.524766
0.527743
0.531512
0.535494
0.541019
0.548159
0.55954
0.583603
0.621957
0.397975
0.429464
0.435691
0.435691
0.5


0.5
-0.499593
-0.505039
-0.530437
-0.463201
-0.540886
-0.505872
-0.51202
-0.516075
-0.526173
-0.54892
-0.534618
-0.532997
-0.535434
-0.537453
-0.53837
-0.526355
-0.49511
-0.336462
0.561995
0.561995
0.5

0.5
0.499593
0.505039
0.530437
0.463201
0.540886
0.505872
0.51202
0.516075
0.526173
0.54892
0.534618
0.532997
0.535434
0.537453
0.53837
0.526355
0.49511
0.336462
-0.561995
-0.561995
0.5

0.5
0.500884
0.506505
0.533214
0.471794
0.55625
0.512236
0.514378
0.518107
0.528059
0.55028
0.536556
0.534921
0.537462
0.539774
0.540146
0.528154
0.496643
0.345686
-0.511869
-0.511869
0.5

0.5
0.500454
0.506014
0.533817
0.481066
0.550723
0.514615
0.514958
0.518534
0.527999
0.549453
0.536762
0.535143
0.537886
0.540629
0.540382
0.528446
0.496452
0.362149
-0.317289
-0.317289
0.5

0.5
0.500024
0.505495
0.533014
0.49231
0.53936
0.515448
0.51551
0.519111
0.527765
0.548469
0.536991
0.535419
0.53845
0.541622
0.540972
0.528992
0.495962
0.38147
-0.121629
-0.121629
0.5

0.5
0.499672
0.505153
0.530892
0.502405
0.530397
0.515667
0.516049
0.519758
0.527396
0.547501
0.53718
0.535701
0.539125
0.542705
0.542
0.529867
0.494953
0.399601
0.0430771
0.0430771
0.5

0.5
0.499448
0.504928
0.528173
0.509535
0.524642
0.515755
0.516585
0.520396
0.526981
0.546618
0.537304
0.535976
0.539877
0.543874
0.543493
0.531167
0.493218
0.414606
0.169012
0.169012
0.5

0.5
0.499353
0.50465
0.525382
0.51389
0.52128
0.515877
0.517123
0.52097
0.526587
0.545808
0.537339
0.53626
0.540673
0.545148
0.545461
0.533038
0.490588
0.425933
0.259311
0.259311
0.5

0.5
0.499429
0.504244
0.522772
0.516216
0.519383
0.516072
0.517656
0.52148
0.526297
0.544956
0.537298
0.536607
0.541509
0.546544
0.547911
0.535688
0.486914
0.433794
0.321275
0.321275
0.5

0.5
0.499725
0.503653
0.520368
0.5172
0.518314
0.516332
0.518215
0.521995
0.52617
0.543854
0.53718
0.53704
0.542369
0.548051
0.550834
0.539371
0.48207
0.438634
0.362608
0.362608
0.5

0.5
0.500207
0.502883
0.518101
0.517278
0.517651
0.516642
0.518798
0.522504
0.526247
0.542371
0.536982
0.53762
0.543281
0.549677
0.554243
0.544414
0.476009
0.440947
0.389707
0.389707
0.5

0.5
0.500827
0.502107
0.515919
0.516791
0.517201
0.517012
0.519427
0.523022
0.526514
0.540527
0.536679
0.538305
0.544206
0.551363
0.55808
0.551071
0.468552
0.441198
0.407222
0.407222
0.5

0.5
0.501387
0.501502
0.513823
0.515938
0.516828
0.517443
0.5201
0.523545
0.526902
0.538408
0.536329
0.53905
0.545141
0.553077
0.562289
0.55952
0.459546
0.439906
0.418402
0.418402
0.5

0.5
0.501833
0.501102
0.511807
0.514869
0.516471
0.517944
0.520799
0.52406
0.527345
0.536155
0.535999
0.539718
0.546029
0.554742
0.566731
0.569613
0.449029
0.437579
0.425413
0.425413
0.5

0.5
0.502207
0.500856
0.509917
0.513698
0.516111
0.518488
0.521498
0.524575
0.527757
0.533884
0.535718
0.540282
0.546845
0.556284
0.571179
0.58062
0.437613
0.434734
0.429709
0.429709
0.5

0.5
0.501883
0.499968
0.50747
0.512087
0.515494
0.518811
0.521908
0.524761
0.527748
0.531363
0.535362
0.540664
0.547396
0.557317
0.574623
0.589656
0.425574
0.431228
0.431588
0.431588
0.5

0.5
0.501883
0.499968
0.50747
0.512087
0.515494
0.518811
0.521908
0.524761
0.527748
0.531363
0.535362
0.540664
0.547396
0.557317
0.574623
0.589656
0.425574
0.431228
0.431588
0.431588
0.5


0.5
-0.500195
-0.505319
-0.522632
-0.488905
-0.54194
-0.512141
-0.514288
-0.518103
-0.526424
-0.54234
-0.534313
-0.53371
-0.535999
-0.537507
-0.535776
-0.520367
-0.478452
-0.320534
0.299223
0.299223
0.5

0.5
0.500195
0.505319
0.522632
0.488905
0.54194
0.512141
0.514288
0.518103
0.526424
0.54234
0.534313
0.53371
0.535999
0.537507
0.535776
0.520367
0.478452
0.320534
-0.299223
-0.299223
0.5

0.5
0.501607
0.506892
0.524798
0.49133
0.542373
0.514979
0.516329
0.52006
0.528238
0.543929
0.536209
0.535613
0.537989
0.539652
0.537693
0.522247
0.480385
0.329339
-0.251395
-0.251395
0.5

0.5
0.50135
0.506607
0.524984
0.494869
0.537567
0.515966
0.516699
0.520334
0.52817
0.543466
0.536323
0.535788
0.53834
0.540282
0.538086
0.522659
0.480946
0.343282
-0.145317
-0.145317
0.5

0.5
0.501075
0.506271
0.524558
0.500253
0.531736
0.516482
0.517095
0.520705
0.528016
0.542883
0.536452
0.536012
0.538811
0.541086
0.53877
0.523342
0.481563
0.360618
-0.0240546
-0.0240546
0.5

0.5
0.500835
0.505964
0.523474
0.505642
0.526632
0.516665
0.517494
0.521118
0.527795
0.542281
0.536562
0.536258
0.539377
0.542022
0.5398
0.524336
0.481965
0.378274
0.0885328
0.0885328
0.5

0.5
0.500673
0.505685
0.521963
0.509948
0.522869
0.516724
0.517897
0.521546
0.527547
0.541687
0.536639
0.536523
0.540019
0.543074
0.5412
0.525701
0.481905
0.394264
0.182531
0.182531
0.5

0.5
0.50059
0.505361
0.520268
0.512876
0.520371
0.516782
0.518298
0.521943
0.527312
0.541094
0.536663
0.536812
0.540721
0.544245
0.542987
0.527529
0.481184
0.407607
0.255812
0.255812
0.5

0.5
0.500622
0.504977
0.518572
0.514603
0.518818
0.51689
0.51871
0.52233
0.527135
0.540444
0.536642
0.537142
0.54146
0.545524
0.545155
0.52993
0.479637
0.418015
0.310345
0.310345
0.5

0.5
0.500755
0.504478
0.516899
0.515395
0.51785
0.517049
0.519132
0.522707
0.527041
0.539638
0.536574
0.537545
0.542249
0.546916
0.547711
0.533068
0.477173
0.425643
0.349668
0.349668
0.5

0.5
0.501013
0.503931
0.515298
0.515554
0.517243
0.517265
0.51958
0.523088
0.527071
0.538636
0.536434
0.538003
0.543054
0.548383
0.550617
0.537069
0.473704
0.430736
0.377413
0.377413
0.5

0.5
0.501333
0.503372
0.513727
0.515265
0.516819
0.517526
0.52005
0.523481
0.527193
0.537412
0.536252
0.538531
0.543881
0.549906
0.553841
0.542058
0.469198
0.433716
0.396697
0.396697
0.5

0.5
0.501647
0.502895
0.512213
0.514691
0.516484
0.517834
0.52055
0.523872
0.527396
0.536035
0.536022
0.53907
0.544696
0.55143
0.55729
0.548026
0.463658
0.435002
0.409923
0.409923
0.5

0.5
0.501951
0.502538
0.51076
0.513948
0.516188
0.518182
0.521067
0.524267
0.527622
0.534543
0.535788
0.53958
0.545473
0.552901
0.560833
0.554764
0.457263
0.435035
0.418866
0.418866
0.5

0.5
0.502155
0.502188
0.5093
0.513067
0.515881
0.518548
0.521583
0.524655
0.527855
0.533025
0.535571
0.540047
0.546202
0.554264
0.56427
0.561761
0.450538
0.434328
0.42485
0.42485
0.5

0.5
0.50187
0.501357
0.507417
0.511831
0.515348
0.518705
0.521848
0.524756
0.527742
0.531229
0.535209
0.540309
0.546632
0.555105
0.566725
0.567064
0.443279
0.432491
0.427852
0.427852
0.5

0.5
0.50187
0.501357
0.507417
0.511831
0.515348
0.518705
0.521848
0.524756
0.527742
0.531229
0.535209
0.540309
0.546632
0.555105
0.566725
0.567064
0.443279
0.432491
0.427852
0.427852
0.5


0.5
-0.500798
-0.50526
-0.516807
-0.498487
-0.530586
-0.514433
-0.516161
-0.519815
-0.526381
-0.537011
-0.533679
-0.534264
-0.536493
-0.537416
-0.533611
-0.51518
-0.465949
-0.315615
0.118144
0.118144
0.5

0.5
0.500798
0.50526
0.516807
0.498487
0.530586
0.514433
0.516161
0.519815
0.526381
0.537011
0.533679
0.534264
0.536493
0.537416
0.533611
0.51518
0.465949
0.315615
-0.118144
-0.118144
0.5

0.5
0.502275
0.506901
0.518691
0.501032
0.531053
0.516573
0.518085
0.521716
0.528191
0.538728
0.535551
0.536153
0.538452
0.539474
0.535581
0.517108
0.468114
0.323366
-0.0838709
-0.0838709
0.5

0.5
0.502115
0.506728
0.518712
0.50297
0.528526
0.516975
0.518311
0.52188
0.528137
0.5385
0.535621
0.536296
0.538746
0.539976
0.536039
0.517608
0.469142
0.334975
-0.0201208
-0.0201208
0.5

0.5
0.501935
0.506504
0.51846
0.505659
0.525528
0.517238
0.518562
0.5221
0.528057
0.538206
0.535702
0.53648
0.539141
0.540646
0.536758
0.518387
0.470465
0.349927
0.0574342
0.0574342
0.5

0.5
0.50177
0.506266
0.517882
0.508444
0.522746
0.517351
0.518836
0.522358
0.527923
0.537875
0.535784
0.536697
0.539622
0.541459
0.537765
0.519465
0.471815
0.366004
0.134834
0.134834
0.5

0.5
0.501645
0.50602
0.517048
0.510808
0.52053
0.517398
0.519109
0.52262
0.527779
0.53753
0.535849
0.536944
0.540178
0.542401
0.539078
0.520867
0.472939
0.381476
0.204175
0.204175
0.5

0.5
0.50157
0.505744
0.516068
0.512526
0.518945
0.517438
0.519392
0.522882
0.527645
0.537173
0.535884
0.537206
0.540786
0.543459
0.540699
0.52263
0.47361
0.395262
0.262056
0.262056
0.5

0.5
0.501542
0.505412
0.515012
0.513581
0.517873
0.517501
0.519675
0.523142
0.527538
0.53676
0.535905
0.537518
0.541447
0.544627
0.542629
0.52482
0.473679
0.406843
0.308113
0.308113
0.5

0.5
0.501584
0.505036
0.513947
0.5141
0.517177
0.517607
0.519975
0.523391
0.527489
0.536277
0.535879
0.537858
0.54214
0.545882
0.544844
0.527486
0.473015
0.416053
0.343516
0.343516
0.5

0.5
0.501692
0.504641
0.512899
0.514213
0.516715
0.517749
0.520289
0.523655
0.527501
0.535676
0.535823
0.538236
0.542855
0.547205
0.54732
0.530692
0.471563
0.422994
0.370063
0.370063
0.5

0.5
0.501833
0.504234
0.511852
0.51403
0.516385
0.517925
0.520617
0.523922
0.52756
0.53495
0.535736
0.538643
0.543578
0.54856
0.550002
0.534456
0.469318
0.427915
0.389609
0.389609
0.5

0.5
0.502008
0.503887
0.510848
0.513659
0.516129
0.518128
0.520961
0.524196
0.52765
0.534115
0.535622
0.539057
0.544286
0.549907
0.552808
0.538717
0.466332
0.431117
0.403755
0.403755
0.5

0.5
0.502106
0.503507
0.509803
0.513125
0.515885
0.518348
0.52131
0.52446
0.527766
0.533228
0.5355
0.539462
0.544973
0.551206
0.555631
0.543311
0.462822
0.433018
0.41387
0.41387
0.5

0.5
0.502261
0.503226
0.508825
0.512547
0.515672
0.518597
0.521677
0.524745
0.527887
0.532288
0.53537
0.539827
0.545593
0.552375
0.558269
0.547844
0.459062
0.433885
0.420906
0.420906
0.5

0.5
0.501955
0.502467
0.507427
0.51161
0.515209
0.518618
0.521796
0.524749
0.527718
0.531099
0.535057
0.539979
0.545914
0.553048
0.560027
0.551
0.454709
0.433353
0.424686
0.424686
0.5

0.5
0.501955
0.502467
0.507427
0.51161
0.515209
0.518618
0.521796
0.524749
0.527718
0.531099
0.535057
0.539979
0.545914
0.553048
0.560027
0.551
0.454709
0.433353
0.424686
0.424686
0.5


0.5
-0.501401
-0.505015
-0.51206
-0.50536
-0.521615
-0.515586
-0.517817
-0.521332
-0.526218
-0.532394
-0.532886
-0.534741
-0.536969
-0.537327
-0.53185
-0.510913
-0.456771
-0.315602
-0.00444623
-0.00444623
0.5

0.5
0.501401
0.505015
0.51206
0.50536
0.521615
0.515586
0.517817
0.521332
0.526218
0.532394
0.532886
0.534741
0.536969
0.537327
0.53185
0.510913
0.456771
0.315602
0.00444623
0.00444623
0.5

0.5
0.502918
0.506702
0.513845
0.507548
0.522764
0.517491
0.51968
0.523188
0.528027
0.534198
0.534742
0.536618
0.538905
0.539334
0.53384
0.512873
0.459077
0.322349
0.0278875
0.0278875
0.5

0.5
0.502814
0.506599
0.513816
0.508409
0.521654
0.517646
0.519796
0.523269
0.528001
0.534142
0.534795
0.536735
0.539152
0.539751
0.534322
0.513429
0.460394
0.332066
0.0686505
0.0686505
0.5

0.5
0.502696
0.506459
0.51367
0.509529
0.520348
0.517767
0.519936
0.523384
0.527955
0.534055
0.534863
0.53689
0.539483
0.540323
0.535045
0.514274
0.462166
0.34492
0.120157
0.120157
0.5

0.5
0.502579
0.506298
0.513383
0.510689
0.519104
0.51784
0.520091
0.523507
0.527892
0.533962
0.534931
0.537078
0.539893
0.541036
0.53602
0.515405
0.464149
0.359285
0.174492
0.174492
0.5

0.5
0.502482
0.506124
0.512975
0.511696
0.518077
0.517887
0.520254
0.52364
0.52783
0.533868
0.534993
0.537285
0.540366
0.541875
0.537248
0.516816
0.466084
0.373748
0.226068
0.226068
0.5

0.5
0.502396
0.505912
0.512467
0.512432
0.517298
0.517927
0.520413
0.523777
0.527772
0.533748
0.53506
0.537526
0.540897
0.54283
0.53873
0.518518
0.467762
0.387281
0.27173
0.27173
0.5

0.5
0.502332
0.505673
0.511915
0.512888
0.516749
0.51798
0.520587
0.523915
0.527716
0.533595
0.535118
0.537796
0.541474
0.543884
0.540448
0.520512
0.469
0.399232
0.310194
0.310194
0.5

0.5
0.502302
0.505412
0.511341
0.513098
0.516373
0.518052
0.520764
0.524055
0.527704
0.533414
0.535157
0.538084
0.542082
0.545016
0.54238
0.522811
0.469677
0.409291
0.341429
0.341429
0.5

0.5
0.502306
0.505143
0.510766
0.513116
0.51611
0.518144
0.52095
0.524206
0.52771
0.533162
0.535185
0.538393
0.542705
0.546197
0.544489
0.525414
0.469731
0.417387
0.366089
0.366089
0.5

0.5
0.502343
0.504875
0.51019
0.512988
0.515915
0.518247
0.521146
0.524355
0.527736
0.532852
0.535191
0.538711
0.543331
0.5474
0.546724
0.528299
0.469161
0.423626
0.385123
0.385123
0.5

0.5
0.50233
0.504553
0.509568
0.512729
0.515741
0.518357
0.521339
0.524503
0.527773
0.532487
0.535191
0.53904
0.543953
0.548596
0.549022
0.531412
0.468055
0.428258
0.399553
0.399553
0.5

0.5
0.502371
0.504291
0.508987
0.512427
0.515601
0.518491
0.521552
0.524663
0.527828
0.532085
0.535174
0.539348
0.544532
0.549717
0.55125
0.534569
0.466488
0.431452
0.410217
0.410217
0.5

0.5
0.502423
0.504043
0.508409
0.512081
0.515466
0.518634
0.521771
0.524827
0.527884
0.531652
0.535145
0.53963
0.54506
0.550726
0.553298
0.537572
0.464703
0.43353
0.417915
0.417915
0.5

0.5
0.502093
0.503384
0.507463
0.511411
0.515077
0.518544
0.521752
0.524743
0.527684
0.530972
0.534911
0.539681
0.545273
0.551248
0.554546
0.539425
0.462201
0.433972
0.422192
0.422192
0.5

0.5
0.502093
0.503384
0.507463
0.511411
0.515077
0.518544
0.521752
0.524743
0.527684
0.530972
0.534911
0.539681
0.545273
0.551248
0.554546
0.539425
0.462201
0.433972
0.422192
0.422192
0.5


0.5
-0.501384
-0.503934
-0.507342
-0.510578
-0.51348
-0.516179
-0.51925
-0.522501
-0.525657
-0.52799
-0.532283
-0.535456
-0.537667
-0.537472
-0.530666
-0.507949
-0.450871
-0.317678
-0.084096
-0.084096
0.5

0.5
0.501384
0.503934
0.507342
0.510578
0.51348
0.516179
0.51925
0.522501
0.525657
0.52799
0.532283
0.535456
0.537667
0.537472
0.530666
0.507949
0.450871
0.317678
0.084096
0.084096
0.5

0.5
0.502926
0.505648
0.509079
0.512339
0.515267
0.517987
0.521058
0.524319
0.527493
0.529876
0.534125
0.537321
0.539581
0.539445
0.532669
0.509933
0.45327
0.323692
0.100646
0.100646
0.5

0.5
0.50287
0.505608
0.509038
0.51234
0.515301
0.518026
0.521097
0.524336
0.52749
0.529971
0.534158
0.537409
0.539784
0.539801
0.533167
0.510528
0.454765
0.332087
0.128382
0.128382
0.5

0.5
0.50281
0.505552
0.508973
0.512316
0.515354
0.518088
0.521131
0.524357
0.527502
0.530087
0.534202
0.537526
0.540056
0.540296
0.533893
0.511421
0.456827
0.343412
0.164518
0.164518
0.5

0.5
0.502749
0.505487
0.508894
0.512277
0.515409
0.518152
0.521184
0.524383
0.527504
0.530215
0.534254
0.53767
0.540395
0.540925
0.534843
0.51259
0.45922
0.356429
0.204424
0.204424
0.5

0.5
0.502689
0.50541
0.508795
0.512218
0.515443
0.518216
0.521234
0.524409
0.52752
0.530354
0.534318
0.537834
0.54079
0.541677
0.536012
0.514013
0.461712
0.369965
0.244281
0.244281
0.5

0.5
0.502627
0.505321
0.508689
0.512151
0.515453
0.518276
0.521293
0.524447
0.527532
0.530477
0.534396
0.538026
0.541238
0.542537
0.537385
0.515668
0.46408
0.383063
0.281387
0.281387
0.5

0.5
0.502573
0.505225
0.508575
0.512077
0.515441
0.51833
0.521353
0.524481
0.527561
0.530607
0.534478
0.538234
0.541726
0.543489
0.538945
0.517533
0.466152
0.395045
0.314187
0.314187
0.5

0.5
0.502527
0.505126
0.50846
0.511998
0.515413
0.518377
0.52142
0.524531
0.527592
0.530716
0.534567
0.538455
0.54224
0.544508
0.540662
0.519584
0.467805
0.405508
0.342037
0.342037
0.5

0.5
0.502507
0.505038
0.508353
0.511918
0.515375
0.518421
0.521487
0.524584
0.527629
0.530809
0.534653
0.538679
0.542765
0.545568
0.542498
0.521793
0.468975
0.41428
0.364923
0.364923
0.5

0.5
0.502453
0.504893
0.508199
0.511804
0.515315
0.518454
0.52155
0.524636
0.52766
0.530884
0.534744
0.53891
0.543297
0.546644
0.544412
0.52413
0.469683
0.421405
0.383263
0.383263
0.5

0.5
0.502436
0.504773
0.508067
0.511703
0.515265
0.518496
0.521627
0.5247
0.527704
0.530952
0.534823
0.53913
0.543804
0.547687
0.546311
0.526487
0.469923
0.426925
0.397559
0.397559
0.5

0.5
0.502439
0.504652
0.507935
0.511597
0.515212
0.518541
0.521708
0.524769
0.527749
0.531002
0.534894
0.539334
0.544277
0.548662
0.548121
0.528775
0.469798
0.43105
0.408437
0.408437
0.5

0.5
0.50246
0.504523
0.507796
0.511484
0.515157
0.518589
0.521794
0.524841
0.527794
0.53104
0.534951
0.539515
0.544697
0.549527
0.549747
0.530856
0.469424
0.43398
0.416461
0.416461
0.5

0.5
0.502167
0.504044
0.507333
0.51108
0.514842
0.518398
0.521653
0.524695
0.527617
0.530844
0.534782
0.539444
0.54479
0.54991
0.550632
0.531944
0.468223
0.435119
0.420996
0.420996
0.5

0.5
0.502167
0.504044
0.507333
0.51108
0.514842
0.518398
0.521653
0.524695
0.527617
0.530844
0.534782
0.539444
0.54479
0.54991
0.550632
0.531944
0.468223
0.435119
0.420996
0.420996
0.5


0.5
0.5
0.5
0.5
0.5
0.5
0.5
0.5
0.5
0.5
0.5
0.5
0.5
0.5
0.5
0.5
0.5
0.5
0.5
0.5
0.5
0.5

0.5
0.501384
0.503934
0.507342
0.510578
0.51348
0.516179
0.51925
0.522501
0.525657
0.52799
0.532283
0.535456
0.537667
0.537472
0.530666
0.507949
0.450871
0.317678
0.084096
0.084096
0.5

0.5
0.502926
0.505648
0.509079
0.512339
0.515267
0.517987
0.521058
0.524319
0.527493
0.529876
0.534125
0.537321
0.539581
0.539445
0.532669
0.509933
0.45327
0.323692
0.100646
0.100646
0.5

0.5
0.50287
0.505608
0.509038
0.51234
0.515301
0.518026
0.521097
0.524336
0.52749
0.529971
0.534158
0.537409
0.539784
0.539801
0.533167
0.510528
0.454765
0.332087
0.128382
0.128382
0.5

0.5
0.50281
0.505552
0.508973
0.512316
0.515354
0.518088
0.521131
0.524357
0.527502
0.530087
0.534202
0.537526
0.540056
0.540296
0.533893
0.511421
0.456827
0.343412
0.164518
0.164518
0.5

0.5
0.502749
0.505487
0.508894
0.512277
0.515409
0.518152
0.521184
0.524383
0.527504
0.530215
0.534254
0.53767
0.540395
0.540925
0.534843
0.51259
0.45922
0.356429
0.204424
0.204424
0.5

0.5
0.502689
0.50541
0.508795
0.512218
0.515443
0.518216
0.521234
0.524409
0.52752
0.530354
0.534318
0.537834
0.54079
0.541677
0.536012
0.514013
0.461712
0.369965
0.244281
0.244281
0.5

0.5
0.502627
0.505321
0.508689
0.512151
0.515453
0.518276
0.521293
0.524447
0.527532
0.530477
0.534396
0.538026
0.541238
0.542537
0.537385
0.515668
0.46408
0.383063
0.281387
0.281387
0.5

0.5
0.502573
0.505225
0.508575
0.512077
0.515441
0.51833
0.521353
0.524481
0.527561
0.530607
0.534478
0.538234
0.541726
0.543489
0.538945
0.517533
0.466152
0.395045
0.314187
0.314187
0.5

0.5
0.502527
0.505126
0.50846
0.511998
0.515413
0.518377
0.52142
0.524531
0.527592
0.530716
0.534567
0.538455
0.54224
0.544508
0.540662
0.519584
0.467805
0.405508
0.342037
0.342037
0.5

0.5
0.502507
0.505038
0.508353
0.511918
0.515375
0.518421
0.521487
0.524584
0.527629
0.530809
0.534653
0.538679
0.542765
0.545568
0.542498
0.521793
0.468975
0.41428
0.364923
0.364923
0.5

0.5
0.502453
0.504893
0.508199
0.511804
0.515315
0.518454
0.52155
0.524636
0.52766
0.530884
0.534744
0.53891
0.543297
0.546644
0.544412
0.52413
0.469683
0.421405
0.383263
0.383263
0.5

0.5
0.502436
0.504773
0.508067
0.511703
0.515265
0.518496
0.521627
0.5247
0.527704
0.530952
0.534823
0.53913
0.543804
0.547687
0.546311
0.526487
0.469923
0.426925
0.397559
0.397559
0.5

0.5
0.502439
0.504652
0.507935
0.511597
0.515212
0.518541
0.521708
0.524769
0.527749
0.531002
0.534894
0.539334
0.544277
0.548662
0.548121
0.528775
0.469798
0.43105
0.408437
0.408437
0.5

0.5
0.50246
0.504523
0.507796
0.511484
0.515157
0.518589
0.521794
0.524841
0.527794
0.53104
0.534951
0.539515
0.544697
0.549527
0.549747
0.530856
0.469424
0.43398
0.416461
0.416461
0.5

0.5
0.502167
0.504044
0.507333
0.51108
0.514842
0.518398
0.521653
0.524695
0.527617
0.530844
0.534782
0.539444
0.54479
0.54991
0.550632
0.531944
0.468223
0.435119
0.420996
0.420996
0.5

0.5
0.501614
0.503009
0.505783
0.508932
0.511997
0.514746
0.517099
0.519199
0.52136
0.523705
0.52594
0.528585
0.53161
0.534261
0.533599
0.519203
0.473215
0.450036
0.440646
0.440646
0.5


