0
0
0
0
0
0
0
0
0
0
0
0
0
0
0
0
0
0
0
0
0
0

0
-1.6063
-2.05596
-1.71314
-1.70609
-1.87407
-2.06732
-1.77644
-1.55231
-2.15832
-1.56118
-1.56149
-1.64758
-1.49224
-1.97649
-2.08934
-4.89178
-2.17996
-2.29632
-2.02818
-1.76274
0

0
-1.59504
1.92245
-1.4927
-1.73898
-1.66947
-2.01834
-1.77694
-1.93532
-2.15832
-1.56494
-1.51463
-0.323579
-1.53723
-1.91588
-2.14948
-3.17212
-2.85189
-2.25494
-1.96128
-1.70977
0

0
-1.55767
-2.00499
-1.62429
-1.72874
-2.06114
-1.46647
-1.68287
-1.99129
-1.92241
-1.58882
-1.51848
-2.29103
-1.70907
-1.90105
-2.34713
2.9745
-2.04089
-2.19685
-1.95326
-1.71136
0

0
-1.55093
-1.93859
-1.58923
-1.70812
-1.75584
-1.63074
-1.68601
-1.6068
-1.7917
-1.59127
-1.54728
-1.8577
-2.14477
-1.89603
-2.24228
-1.85398
-2.47478
-2.17996
-1.93876
-1.7119
0

0
-1.54742
-1.79793
-1.82566
-1.71991
-1.90365
-1.71226
-1.68489
-1.81282
-1.74021
-1.58675
-1.57309
-1.64758
-1.73038
-1.88417
-3.48835
-2.08678
-2.55287
-2.1147
-1.91393
-1.71228
0

0
-1.54556
-1.72683
-1.75869
-1.71342
-1.98991
-1.76385
-1.68272
-2.00899
-1.70712
-1.58485
-1.55722
-1.6544
-1.77905
-2.03564
-1.96209
-1.98792
-2.62171
-2.6858
-1.89674
-1.71405
0

0
-1.54496
-1.69375
-1.71969
-1.70609
-2.01492
-1.79781
-1.67859
-2.00571
-1.6631
-1.58024
-1.54879
-1.59856
-1.75682
-2.10998
-2.2994
-2.08959
-2.77713
-2.78355
-1.81612
-1.71454
0

0
-1.54523
-1.67783
-1.69949
-1.7165
-1.84327
-1.77694
-1.6689
-0.732237
-1.55639
-1.5705
-1.53904
-1.56559
-1.78141
-2.23472
-2.60891
-2.16305
-2.98069
-2.86737
-1.77908
-1.71816
0

0
-1.54608
-1.66947
-1.6873
-1.76546
-1.21379
-1.60431
-1.62636
-1.22361
-1.55476
-1.56494
-1.52827
-1.544
-1.73352
-2.37294
-2.81338
-2.13906
-3.27445
-2.99951
-2.59221
-1.73042
0

0
-1.54734
-1.66486
-1.67903
-1.79408
-0.386115
-1.31685
-1.58283
-1.34827
-1.55231
-1.56106
-1.5161
-1.53082
-1.12607
-2.48175
-2.71971
-1.80562
-1.41672
-2.6858
-2.41789
-1.7304
0

0
-1.54874
-1.66586
-1.67618
-1.72249
-1.6766
-1.63978
-1.61027
-1.38302
-1.55103
-1.5585
-1.50319
-1.51746
1.44403
-2.49814
-1.95895
-0.597191
-3.2927
-3.18636
-2.29055
-1.73112
0

0
-1.54953
-1.68589
-1.67278
-1.71092
-1.70209
-1.65376
-1.61465
-1.44096
-1.55815
-1.55262
-1.49531
-1.46338
-2.14477
-2.30635
-0.421661
0.996647
-3.46823
-3.37456
-2.20798
-1.7324
0

0
-1.54963
-1.71991
-1.69849
-1.71284
-1.80368
-1.6791
-1.62051
-1.73697
-1.58012
-1.54812
-1.48702
-1.44065
-1.66219
-1.11676
2.02131
2.75686
-3.48835
-3.5673
-2.14019
-1.73418
0

0
-1.55189
-1.64872
-1.66948
-1.72181
-1.92547
-1.702
-1.62838
-1.63677
-1.57175
-1.53724
-1.47848
-1.41213
-1.38553
1.19073
-1.41672
4.01275
-3.63244
-3.77923
-2.07514
-1.73324
0

0
-1.52429
-1.63268
-1.64107
-1.69849
-2.01983
-1.68815
-1.60438
-1.57382
-1.54205
-1.50662
-1.45167
-1.37513
-1.26364
-1.20827
-1.37876
5.28552
-4.32468
-3.84559
-1.96007
-1.70494
0

0
0
0
0
0
0
0
0
0
0
0
0
0
0
0
0
0
0
0
0
0
0


0
0
0
0
0
0
0
0
0
0
0
0
0
0
0
0
0
0
0
0
0
0

0
-1.60721
-1.94772
-1.72504
-1.72603
-1.87347
-2.07053
-1.79341
-1.5822
-2.17153
-1.5811
-1.57626
-1.62516
-1.51502
-1.98715
-2.10753
-4.58535
-2.23751
-2.31819
-2.04736
-1.77896
0

0
-1.58874
2.00857
-1.48847
-1.74349
-1.70011
-2.00154
-1.77963
-1.92984
-2.11811
-1.57319
-1.52288
-0.370276
-1.54186
-1.91845
-2.15493
-2.97235
-2.80493
-2.26374
-1.97057
-1.71757
0

0
-1.55159
-1.91504
-1.63175
-1.73455
-2.04927
-1.49513
-1.69201
-1.97737
-1.92192
-1.59634
-1.52596
-2.22308
-1.72014
-1.90583
-2.34977
3.08882
-2.01918
-2.21172
-1.96313
-1.71923
0

0
-1.54539
-1.92333
-1.6048
-1.71574
-1.77343
-1.64262
-1.69375
-1.62837
-1.79666
-1.59874
-1.5544
-1.85132
-2.11543
-1.90425
-2.26593
-1.89456
-2.47619
-2.19997
-1.94928
-1.71976
0

0
-1.54234
-1.79701
-1.82216
-1.72695
-1.90812
-1.72071
-1.69218
-1.81808
-1.74578
-1.59446
-1.57902
-1.64936
-1.73583
-1.89299
-3.28889
-2.09346
-2.55367
-2.15261
-1.92615
-1.72017
0

0
-1.54079
-1.73103
-1.76269
-1.72068
-1.98947
-1.77047
-1.68962
-1.99855
-1.71247
-1.59214
-1.56379
-1.65731
-1.78289
-2.03662
-2.02754
-2.00753
-2.624
-2.66448
-1.90829
-1.72183
0

0
-1.54035
-1.69967
-1.72594
-1.71399
-2.01022
-1.80192
-1.68506
-1.95292
-1.66689
-1.58723
-1.5554
-1.60316
-1.76013
-2.11081
-2.30143
-2.10097
-2.77031
-2.77585
-1.83539
-1.72247
0

0
-1.54071
-1.68441
-1.70636
-1.72503
-1.83646
-1.77733
-1.67475
-0.769713
-1.56236
-1.57747
-1.54561
-1.57066
-1.77735
-2.22716
-2.59676
-2.17312
-2.95775
-2.86389
-1.83007
-1.72627
0

0
-1.54162
-1.67639
-1.69438
-1.77225
-1.21123
-1.60411
-1.63261
-1.24085
-1.56138
-1.57182
-1.53478
-1.54911
-1.69833
-2.35781
-2.78556
-2.13816
-3.21757
-2.99196
-2.55053
-1.73746
0

0
-1.54291
-1.67213
-1.68635
-1.79737
-0.41229
-1.3325
-1.59132
-1.35963
-1.55911
-1.56785
-1.52259
-1.53574
-0.986625
-2.45041
-2.67065
-1.76073
-1.5788
-2.73802
-2.40989
-1.73783
0

0
-1.54431
-1.67372
-1.68365
-1.72898
-1.7006
-1.64921
-1.61808
-1.39578
-1.55825
-1.56495
-1.51
-1.52061
1.40671
-2.43328
-1.87482
-0.487698
-3.16772
-3.17915
-2.29308
-1.7387
0

0
-1.5451
-1.69338
-1.68145
-1.7185
-1.71437
-1.66223
-1.62243
-1.46322
-1.56589
-1.55921
-1.50193
-1.46758
-2.10461
-2.21793
-0.275773
1.19106
-3.39109
-3.37085
-2.21412
-1.74008
0

0
-1.54529
-1.72216
-1.70403
-1.72067
-1.81332
-1.68775
-1.62833
-1.73187
-1.58677
-1.55441
-1.49359
-1.44503
-1.63269
-0.979575
1.93356
3.0023
-3.32742
-3.55582
-2.1481
-1.74184
0

0
-1.54629
-1.65634
-1.67555
-1.72791
-1.93146
-1.70945
-1.63491
-1.63929
-1.57755
-1.54273
-1.48399
-1.4162
-1.37275
1.17284
-1.49689
4.33329
-3.32032
-3.75007
-2.08112
-1.73982
0

0
-1.51394
-1.63361
-1.64202
-1.69808
-2.00819
-1.68878
-1.60538
-1.5746
-1.54329
-1.508
-1.45313
-1.37646
-1.26343
-1.23108
-1.38361
5.40958
-4.00112
-3.79523
-1.97
-1.7061
0

0
0
0
0
0
0
0
0
0
0
0
0
0
0
0
0
0
0
0
0
0
0


0
0
0
0
0
0
0
0
0
0
0
0
0
0
0
0
0
0
0
0
0
0

0
-1.59457
-1.39135
-1.6836
-1.80657
-1.6731
-1.90994
-1.81279
-1.82917
-1.82693
-1.6602
-1.60485
-1.3787
-1.66602
-1.96305
-2.23034
-2.98427
-2.56739
-2.36878
-2.08294
-1.80201
0

0
-1.54233
-0.500265
-1.61162
-1.72732
-2.03262
-1.86046
-1.73142
-1.77115
-1.87551
-1.60203
-1.55073
-1.36431
-1.6289
-1.90418
-2.15934
-2.69889
-2.3712
-2.2657
-2.0008
-1.73728
0

0
-1.54607
-1.39468
-1.62924
-1.74133
-1.91128
-1.77428
-1.75474
-1.81726
-1.87865
-1.61293
-1.56045
-1.51899
-1.69338
-1.90954
-2.25194
1.26535
-2.39275
-2.30989
-2.00184
-1.73876
0

0
-1.54659
-1.64393
-1.67312
-1.74032
-1.85451
-1.69965
-1.71721
-1.79874
-1.81068
-1.61826
-1.57138
-1.7587
-1.76704
-1.9234
-2.24886
-2.17578
-2.47618
-2.34064
-2.00009
-1.73966
0

0
-1.54884
-1.72656
-1.69964
-1.73296
-1.85161
-1.72388
-1.70867
-1.75492
-1.74878
-1.61624
-1.58238
-1.69086
-1.74394
-1.9406
-2.05296
-2.07759
-2.52878
-2.47085
-2.00029
-1.7407
0

0
-1.55073
-1.7244
-1.74446
-1.73872
-1.87936
-1.74585
-1.70212
-1.76399
-1.70835
-1.61088
-1.58059
-1.64709
-1.76084
-1.93972
-2.75698
-2.18205
-2.63917
-2.48062
-1.99278
-1.7417
0

0
-1.55221
-1.71177
-1.73617
-1.73972
-1.8939
-1.75653
-1.69252
-1.71696
-1.6723
-1.60488
-1.57284
-1.61688
-1.72455
-2.00787
-2.13023
-2.14968
-2.71959
-2.64948
-2.02565
-1.7444
0

0
-1.55368
-1.7028
-1.72361
-1.74129
-1.82511
-1.74788
-1.67745
-1.4736
-1.63104
-1.59759
-1.56386
-1.58409
-1.67437
-2.03512
-2.31143
-2.22576
-2.79886
-2.78482
-2.10426
-1.7472
0

0
-1.55526
-1.69804
-1.71494
-1.75298
-1.41154
-1.67127
-1.65808
-1.35809
-1.59257
-1.58943
-1.5537
-1.55605
-1.57606
-2.0753
-2.45931
-2.23362
-2.79241
-2.85345
-2.14576
-1.74933
0

0
-1.55701
-1.69634
-1.70949
-1.77081
-0.664434
-1.51773
-1.63456
-1.43347
-1.58504
-1.58328
-1.543
-1.52959
-1.26326
-2.1012
-2.4001
-1.94095
-3.41508
-3.15449
-2.32281
-1.7558
0

0
-1.55892
-1.69674
-1.70754
-1.75012
-1.83831
-1.65595
-1.63663
-1.48639
-1.58385
-1.57801
-1.53225
-1.50402
-0.516665
-2.11504
-1.69803
-1.04951
-3.3584
-3.18546
-2.30881
-1.75796
0

0
-1.56096
-1.69888
-1.70754
-1.74319
-1.7812
-1.68699
-1.64368
-1.53534
-1.58622
-1.57322
-1.52209
-1.48032
-1.27474
-1.92844
-0.338946
0.577116
-3.497
-3.34721
-2.27162
-1.76024
0

0
-1.56248
-1.70496
-1.70687
-1.7449
-1.83073
-1.71014
-1.65116
-1.60131
-1.59184
-1.56763
-1.51304
-1.4561
-1.50564
-1.15551
0.695696
2.30354
-3.46685
-3.49169
-2.23985
-1.76244
0

0
-1.55909
-1.7086
-1.70052
-1.74735
-1.90689
-1.72864
-1.65392
-1.64323
-1.59325
-1.55812
-1.50071
-1.43042
-1.38122
-0.0248794
-1.79338
3.71479
-3.39299
-3.56828
-2.20425
-1.75929
0

0
-1.52668
-1.65215
-1.66239
-1.71676
-1.9317
-1.70486
-1.62329
-1.59138
-1.55854
-1.52249
-1.46723
-1.39026
-1.28214
-1.20503
-1.38698
4.90029
-3.30422
-3.50041
-2.14281
-1.72184
0

0
0
0
0
0
0
0
0
0
0
0
0
0
0
0
0
0
0
0
0
0
0


0
0
0
0
0
0
0
0
0
0
0
0
0
0
0
0
0
0
0
0
0
0

0
-1.58922
-1.40249
-1.70158
-1.8254
-1.45374
-1.85051
-1.81413
-1.83399
-1.856
-1.68757
-1.62958
-1.53074
-1.71727
-1.95342
-2.19557
-2.308
-2.4815
-2.41084
-2.11654
-1.8217
0

0
-1.53651
-1.28533
-1.64826
-1.74459
-2.07465
-1.83275
-1.75083
-1.76826
-1.80056
-1.62876
-1.57644
-1.49471
-1.66322
-1.89188
-2.11672
-2.39047
-2.42647
-2.32362
-2.03433
-1.75589
0

0
-1.54234
-1.41434
-1.65608
-1.74367
-2.01339
-1.80992
-1.75122
-1.77798
-1.80859
-1.6321
-1.58204
-1.54567
-1.689
-1.89752
-2.12433
-1.51055
-2.46091
-2.35568
-2.03748
-1.757
0

0
-1.54844
-1.57019
-1.67834
-1.7461
-1.89979
-1.76106
-1.7394
-1.77596
-1.78633
-1.6341
-1.58857
-1.64103
-1.7204
-1.90301
-2.13867
-1.68896
-2.44563
-2.40308
-2.04273
-1.75787
0

0
-1.55434
-1.66329
-1.69887
-1.74593
-1.81631
-1.74123
-1.72509
-1.74856
-1.74905
-1.63239
-1.59352
-1.66835
-1.72626
-1.90581
-2.16383
-1.99767
-2.51252
-2.46186
-2.05069
-1.75897
0

0
-1.55922
-1.70114
-1.72298
-1.74761
-1.80819
-1.7425
-1.71499
-1.72407
-1.71445
-1.62771
-1.59355
-1.63417
-1.7145
-1.90908
-2.20185
-2.11141
-2.59238
-2.5252
-2.0651
-1.76037
0

0
-1.56296
-1.71151
-1.73358
-1.74935
-1.82914
-1.74723
-1.70518
-1.68976
-1.68475
-1.62154
-1.58782
-1.61566
-1.69199
-1.91715
-2.22868
-2.16977
-2.68622
-2.62009
-2.09392
-1.76234
0

0
-1.56593
-1.71308
-1.73277
-1.74932
-1.81565
-1.74572
-1.69373
-1.6114
-1.65598
-1.61443
-1.57978
-1.59062
-1.63875
-1.92192
-2.1341
-2.20657
-2.80514
-2.74125
-2.13373
-1.76454
0

0
-1.56851
-1.71289
-1.72936
-1.75219
-1.62376
-1.7149
-1.68049
-1.52555
-1.62798
-1.60671
-1.57035
-1.56372
-1.55283
-1.9157
-2.20482
-2.22687
-3.01889
-2.89053
-2.17545
-1.76703
0

0
-1.57091
-1.71287
-1.72653
-1.76052
-1.1966
-1.64197
-1.66588
-1.5202
-1.61276
-1.59969
-1.56018
-1.53642
-1.39538
-1.90837
-2.17999
-2.05875
-3.30419
-3.03144
-2.24271
-1.77098
0

0
-1.57325
-1.71323
-1.72523
-1.75743
-1.65614
-1.65997
-1.6596
-1.54559
-1.60733
-1.59368
-1.54978
-1.51002
-1.16439
-1.88779
-1.74565
-1.3993
-3.38082
-3.14708
-2.2864
-1.77462
0

0
-1.57555
-1.7142
-1.72494
-1.75763
-1.7812
-1.70164
-1.66388
-1.57531
-1.60656
-1.58829
-1.53968
-1.48785
-1.24749
-1.77024
-0.798472
-0.0351971
-3.40908
-3.23868
-2.28947
-1.77748
0

0
-1.57726
-1.71645
-1.72427
-1.76094
-1.83108
-1.72606
-1.66982
-1.60782
-1.60825
-1.58272
-1.52984
-1.46681
-1.37095
-1.38918
-0.147322
1.64391
-3.25447
-3.29795
-2.27851
-1.77968
0

0
-1.57394
-1.71355
-1.71821
-1.76215
-1.88008
-1.74153
-1.67124
-1.63354
-1.60647
-1.57283
-1.51672
-1.44302
-1.35793
-0.897157
-1.47635
3.02242
-2.94403
-3.30461
-2.25344
-1.77577
0

0
-1.54028
-1.67151
-1.6802
-1.72934
-1.88064
-1.71565
-1.63933
-1.60547
-1.57352
-1.53715
-1.48168
-1.40378
-1.2966
-1.17248
-1.34007
4.05898
-2.75433
-3.27816
-2.18385
-1.7369
0

0
0
0
0
0
0
0
0
0
0
0
0
0
0
0
0
0
0
0
0
0
0


0
0
0
0
0
0
0
0
0
0
0
0
0
0
0
0
0
0
0
0
0
0

0
-1.59682
-1.52234
-1.72763
-1.81132
-1.4611
-1.87845
-1.82621
-1.83338
-1.83838
-1.70927
-1.65411
-1.608
-1.74273
-1.94031
-2.14418
-2.17721
-2.47814
-2.44495
-2.14683
-1.84029
0

0
-1.54454
-1.47563
-1.67094
-1.7483
-1.80765
-1.79944
-1.75976
-1.76797
-1.77673
-1.64963
-1.59896
-1.55561
-1.68457
-1.87813
-2.07323
-2.1704
-2.40976
-2.35549
-2.06402
-1.77371
0

0
-1.54949
-1.51545
-1.6785
-1.74437
-1.9528
-1.80999
-1.75821
-1.76717
-1.77623
-1.6502
-1.60215
-1.57967
-1.69324
-1.87993
-2.07141
-2.09513
-2.44452
-2.38057
-2.06837
-1.77468
0

0
-1.55598
-1.58709
-1.69134
-1.74693
-1.97461
-1.79219
-1.75115
-1.76173
-1.76543
-1.64991
-1.60553
-1.61868
-1.70404
-1.87931
-2.0747
-1.90735
-2.45862
-2.41929
-2.07623
-1.77548
0

0
-1.56296
-1.65052
-1.70675
-1.75097
-1.88665
-1.76837
-1.74024
-1.74541
-1.74455
-1.64777
-1.60768
-1.64192
-1.70671
-1.87551
-2.07921
-1.97889
-2.49559
-2.46683
-2.08817
-1.77658
0

0
-1.5693
-1.69066
-1.72256
-1.75443
-1.82018
-1.75638
-1.72986
-1.72357
-1.72027
-1.64348
-1.60684
-1.63109
-1.69386
-1.86805
-2.08067
-2.06507
-2.56252
-2.52995
-2.10572
-1.77797
0

0
-1.57455
-1.71118
-1.73424
-1.75707
-1.7999
-1.75303
-1.72039
-1.69741
-1.69689
-1.63765
-1.60221
-1.61507
-1.67022
-1.85769
-2.08285
-2.12145
-2.65534
-2.60875
-2.12937
-1.77966
0

0
-1.5788
-1.72061
-1.73944
-1.7585
-1.78723
-1.75035
-1.71088
-1.65939
-1.67473
-1.63086
-1.59503
-1.59563
-1.62765
-1.84258
-2.03889
-2.15581
-2.77942
-2.70884
-2.1587
-1.78166
0

0
-1.58234
-1.72499
-1.74069
-1.75979
-1.72581
-1.73848
-1.70093
-1.61484
-1.65413
-1.6236
-1.5863
-1.57259
-1.56286
-1.81889
-2.01621
-2.17166
-2.93143
-2.81872
-2.19288
-1.78411
0

0
-1.5854
-1.72734
-1.74062
-1.76275
-1.58328
-1.7097
-1.69094
-1.59432
-1.63912
-1.61654
-1.57667
-1.54776
-1.47068
-1.78599
-1.96947
-2.07501
-3.0477
-2.91348
-2.232
-1.78719
0

0
-1.58819
-1.7289
-1.74053
-1.76521
-1.62041
-1.69383
-1.68398
-1.59799
-1.63097
-1.61016
-1.56665
-1.52298
-1.36372
-1.73706
-1.71615
-1.62016
-3.12118
-2.99928
-2.26861
-1.79064
0

0
-1.59077
-1.73032
-1.74073
-1.76805
-1.7491
-1.71616
-1.68438
-1.61235
-1.62763
-1.60444
-1.55667
-1.50038
-1.33165
-1.63926
-1.14705
-0.561484
-3.04477
-3.05214
-2.28843
-1.79381
0

0
-1.59265
-1.7315
-1.74044
-1.77275
-1.81539
-1.73838
-1.68804
-1.63059
-1.62676
-1.59868
-1.5466
-1.47951
-1.35323
-1.43438
-0.696107
0.978188
-2.81307
-3.08135
-2.29338
-1.79606
0

0
-1.58937
-1.72698
-1.73471
-1.77349
-1.85724
-1.75169
-1.68773
-1.64432
-1.62248
-1.58861
-1.53299
-1.45662
-1.34681
-1.18607
-1.16435
2.27419
-2.531
-3.09452
-2.28142
-1.79176
0

0
-1.55525
-1.68893
-1.69671
-1.73958
-1.84691
-1.72443
-1.65476
-1.61892
-1.58896
-1.55258
-1.49699
-1.41783
-1.30746
-1.17272
-1.20098
3.08831
-2.37175
-3.05671
-2.22216
-1.75209
0

0
0
0
0
0
0
0
0
0
0
0
0
0
0
0
0
0
0
0
0
0
0


0
0
0
0
0
0
0
0
0
0
0
0
0
0
0
0
0
0
0
0
0
0

0
-1.61162
-1.61754
-1.75177
-1.77009
-1.70062
-1.95001
-1.84204
-1.83404
-1.82802
-1.72699
-1.67607
-1.65255
-1.75723
-1.92744
-2.10246
-2.15866
-2.47431
-2.46585
-2.17219
-1.85789
0

0
-1.55858
-1.56753
-1.69199
-1.72778
-1.61917
-1.81725
-1.77002
-1.76882
-1.7654
-1.66699
-1.61944
-1.5967
-1.69812
-1.86459
-2.03449
-2.11501
-2.39561
-2.37333
-2.08875
-1.79067
0

0
-1.56295
-1.58968
-1.6979
-1.74349
-1.54295
-1.77653
-1.76438
-1.7657
-1.76312
-1.66674
-1.62112
-1.60688
-1.69971
-1.86346
-2.03204
-2.11985
-2.41964
-2.39211
-2.09344
-1.79165
0

0
-1.56876
-1.6256
-1.70698
-1.75081
-1.64054
-1.77202
-1.75936
-1.7593
-1.75565
-1.66542
-1.62244
-1.62305
-1.70082
-1.85848
-2.02623
-2.05077
-2.44451
-2.42337
-2.10194
-1.79245
0

0
-1.57546
-1.6644
-1.71841
-1.75579
-1.76749
-1.77218
-1.75241
-1.74781
-1.74263
-1.66288
-1.62278
-1.63449
-1.69732
-1.84933
-2.0175
-2.02372
-2.47489
-2.46503
-2.1146
-1.79353
0

0
-1.58204
-1.69567
-1.73024
-1.76057
-1.80167
-1.76823
-1.7442
-1.73179
-1.72602
-1.6588
-1.62105
-1.63105
-1.68418
-1.83517
-2.00421
-2.04466
-2.52323
-2.51827
-2.13143
-1.79486
0

0
-1.58792
-1.71659
-1.74042
-1.76466
-1.79673
-1.76431
-1.73592
-1.71257
-1.70841
-1.65339
-1.61669
-1.61877
-1.66114
-1.8156
-1.98496
-2.06904
-2.58937
-2.58227
-2.15214
-1.79644
0

0
-1.59292
-1.72918
-1.74729
-1.76763
-1.78683
-1.76097
-1.72779
-1.68934
-1.69117
-1.64706
-1.61011
-1.60234
-1.62584
-1.78957
-1.9455
-2.08178
-2.66591
-2.65538
-2.17656
-1.79832
0

0
-1.59714
-1.73653
-1.75112
-1.76975
-1.7651
-1.7548
-1.71976
-1.66405
-1.67519
-1.64025
-1.60198
-1.58252
-1.57644
-1.75474
-1.89315
-2.07623
-2.73667
-2.72951
-2.20415
-1.8006
0

0
-1.60076
-1.74096
-1.75312
-1.77181
-1.71912
-1.74224
-1.71217
-1.64648
-1.66219
-1.63346
-1.59288
-1.56043
-1.51352
-1.70857
-1.81574
-1.99997
-2.78524
-2.79637
-2.2336
-1.80332
0

0
-1.60396
-1.74388
-1.75432
-1.77443
-1.69382
-1.72986
-1.70632
-1.64166
-1.65344
-1.62709
-1.58328
-1.53758
-1.44523
-1.64547
-1.63481
-1.68762
-2.80023
-2.85318
-2.26239
-1.80643
0

0
-1.60684
-1.74607
-1.75523
-1.77803
-1.74842
-1.73627
-1.70464
-1.64624
-1.64853
-1.62126
-1.57355
-1.51546
-1.39705
-1.55154
-1.2839
-0.906685
-2.72696
-2.89508
-2.28469
-1.80959
0

0
-1.60894
-1.74736
-1.75543
-1.78277
-1.80316
-1.75108
-1.70599
-1.6555
-1.64584
-1.61541
-1.56355
-1.49442
-1.37486
-1.40953
-0.947447
0.364759
-2.52749
-2.92255
-2.29733
-1.81187
0

0
-1.60577
-1.74277
-1.75005
-1.78303
-1.83984
-1.76097
-1.70383
-1.66146
-1.63974
-1.60524
-1.5498
-1.47168
-1.35416
-1.25145
-1.0013
1.55139
-2.25906
-2.92933
-2.2933
-1.80743
0

0
-1.57149
-1.70564
-1.71219
-1.74865
-1.82516
-1.73248
-1.66979
-1.63348
-1.60509
-1.56882
-1.51314
-1.43269
-1.31831
-1.17939
-1.04311
2.1625
-2.1098
-2.89149
-2.23951
-1.76731
0

0
0
0
0
0
0
0
0
0
0
0
0
0
0
0
0
0
0
0
0
0
0


0
0
0
0
0
0
0
0
0
0
0
0
0
0
0
0
0
0
0
0
0
0

0
-1.63028
-1.68367
-1.77188
-1.80627
-1.75417
-1.87333
-1.84195
-1.83633
-1.82483
-1.74293
-1.69581
-1.68205
-1.76767
-1.91677
-2.07176
-2.1577
-2.46542
-2.47568
-2.19217
-1.87445
0

0
-1.57631
-1.62827
-1.71153
-1.74085
-1.70135
-1.81706
-1.77916
-1.77212
-1.76193
-1.68254
-1.63817
-1.62518
-1.70801
-1.85338
-2.00427
-2.09788
-2.38184
-2.382
-2.10845
-1.80673
0

0
-1.58026
-1.64222
-1.71649
-1.74741
-1.68174
-1.79741
-1.77556
-1.76938
-1.75991
-1.68224
-1.63907
-1.62912
-1.70676
-1.85046
-2.00071
-2.10412
-2.39832
-2.39652
-2.11321
-1.80789
0

0
-1.58536
-1.66302
-1.72345
-1.75509
-1.69063
-1.78239
-1.77016
-1.76353
-1.75424
-1.68062
-1.63917
-1.63501
-1.70323
-1.84265
-1.99056
-2.08149
-2.41938
-2.42189
-2.12156
-1.80877
0

0
-1.59139
-1.68726
-1.7322
-1.76189
-1.73288
-1.77763
-1.76427
-1.75465
-1.74514
-1.67794
-1.63836
-1.6388
-1.6958
-1.82991
-1.97448
-2.05056
-2.44356
-2.4567
-2.13371
-1.80987
0

0
-1.59762
-1.70978
-1.74152
-1.76778
-1.77063
-1.77622
-1.75772
-1.74277
-1.73327
-1.67404
-1.63593
-1.63564
-1.68176
-1.81146
-1.9518
-2.03474
-2.47399
-2.49969
-2.14924
-1.81115
0

0
-1.60349
-1.72755
-1.75015
-1.77281
-1.78741
-1.77469
-1.75083
-1.72857
-1.71997
-1.66901
-1.63155
-1.62568
-1.65981
-1.78659
-1.92035
-2.02527
-2.51003
-2.54917
-2.16776
-1.81266
0

0
-1.60873
-1.74018
-1.75702
-1.7768
-1.79007
-1.77248
-1.74391
-1.71259
-1.70643
-1.66313
-1.62533
-1.6113
-1.62901
-1.75427
-1.87406
-2.00833
-2.54503
-2.60235
-2.18892
-1.81443
0

0
-1.61329
-1.74868
-1.76185
-1.77981
-1.78364
-1.76874
-1.73718
-1.69615
-1.69362
-1.65679
-1.61769
-1.59371
-1.58869
-1.71272
-1.80902
-1.97206
-2.57039
-2.65524
-2.21221
-1.81656
0

0
-1.61726
-1.75438
-1.76505
-1.78221
-1.76734
-1.76243
-1.73098
-1.6829
-1.68259
-1.65036
-1.60908
-1.57383
-1.53991
-1.65944
-1.71596
-1.8838
-2.58015
-2.70449
-2.23671
-1.81907
0

0
-1.62077
-1.75834
-1.76721
-1.78477
-1.75239
-1.75585
-1.72608
-1.67609
-1.67424
-1.6442
-1.59993
-1.55274
-1.48703
-1.59039
-1.56045
-1.64383
-2.56303
-2.74784
-2.26097
-1.82195
0

0
-1.62393
-1.76126
-1.76879
-1.78822
-1.76954
-1.75679
-1.72364
-1.67569
-1.66868
-1.63848
-1.59058
-1.53155
-1.43918
-1.49923
-1.30944
-1.07935
-2.48818
-2.78365
-2.28247
-1.82501
0

0
-1.62629
-1.76298
-1.76947
-1.79241
-1.80297
-1.76496
-1.72337
-1.67932
-1.66491
-1.63271
-1.58086
-1.51076
-1.40187
-1.38255
-1.03883
-0.115331
-2.31888
-2.80852
-2.29806
-1.82734
0

0
-1.62334
-1.7587
-1.76447
-1.792
-1.83039
-1.77066
-1.71964
-1.68008
-1.65762
-1.62261
-1.56726
-1.48807
-1.37001
-1.2615
-0.935877
0.918365
-2.08757
-2.81418
-2.29882
-1.82294
0

0
-1.58905
-1.72192
-1.72684
-1.75733
-1.8123
-1.74063
-1.68463
-1.64915
-1.62195
-1.58589
-1.53019
-1.44861
-1.3309
-1.18394
-0.925357
1.41025
-1.94495
-2.77455
-2.24946
-1.78264
0

0
0
0
0
0
0
0
0
0
0
0
0
0
0
0
0
0
0
0
0
0
0


0
0
0
0
0
0
0
0
0
0
0
0
0
0
0
0
0
0
0
0
0
0

0
-1.65112
-1.72978
-1.79095
-1.81812
-1.7819
-1.87031
-1.85073
-1.84225
-1.82743
-1.75791
-1.7137
-1.70367
-1.77674
-1.90974
-2.05091
-2.15707
-2.45425
-2.47831
-2.20705
-1.88989
0

0
-1.59639
-1.67166
-1.72974
-1.75455
-1.72571
-1.8086
-1.7868
-1.77795
-1.76426
-1.69723
-1.65545
-1.64627
-1.71666
-1.84582
-1.98281
-2.08918
-2.36862
-2.38504
-2.12353
-1.82187
0

0
-1.60023
-1.68132
-1.73426
-1.75857
-1.72637
-1.80449
-1.78585
-1.77626
-1.76301
-1.69728
-1.65617
-1.64778
-1.71446
-1.84206
-1.97823
-2.09108
-2.38025
-2.39736
-2.12864
-1.82347
0

0
-1.6048
-1.69494
-1.73999
-1.76428
-1.72912
-1.79536
-1.7819
-1.77151
-1.75862
-1.69574
-1.65569
-1.64904
-1.70884
-1.83262
-1.96569
-2.07807
-2.39523
-2.41845
-2.13672
-1.82453
0

0
-1.61016
-1.71121
-1.74703
-1.77059
-1.74536
-1.78928
-1.77683
-1.76437
-1.75168
-1.69312
-1.65419
-1.64865
-1.69936
-1.81769
-1.94552
-2.05219
-2.41183
-2.44743
-2.14816
-1.82566
0

0
-1.61582
-1.72754
-1.75462
-1.77663
-1.76738
-1.78665
-1.77117
-1.75508
-1.74261
-1.68939
-1.65131
-1.64429
-1.68458
-1.7966
-1.91698
-2.02272
-2.42894
-2.48255
-2.16251
-1.82691
0

0
-1.62136
-1.74186
-1.76193
-1.78199
-1.78438
-1.7853
-1.76521
-1.74412
-1.73216
-1.68468
-1.64685
-1.63519
-1.66344
-1.76859
-1.87814
-1.99058
-2.44492
-2.52199
-2.17938
-1.82834
0

0
-1.62647
-1.75322
-1.76825
-1.78644
-1.79306
-1.7838
-1.75918
-1.73214
-1.72123
-1.67921
-1.64085
-1.62217
-1.63535
-1.73265
-1.82512
-1.94821
-2.45586
-2.56363
-2.19836
-1.83002
0

0
-1.63106
-1.76169
-1.77321
-1.78992
-1.79441
-1.78141
-1.75333
-1.72015
-1.71064
-1.67328
-1.63359
-1.60614
-1.60014
-1.68727
-1.75284
-1.88389
-2.45701
-2.60536
-2.21899
-1.83201
0

0
-1.63514
-1.76785
-1.77687
-1.79269
-1.7899
-1.77789
-1.74798
-1.7099
-1.70118
-1.66724
-1.62542
-1.58788
-1.55861
-1.63043
-1.65327
-1.77437
-2.44343
-2.64541
-2.24062
-1.83437
0

0
-1.63882
-1.77238
-1.77956
-1.79531
-1.78483
-1.77443
-1.74368
-1.7032
-1.69352
-1.66139
-1.61674
-1.56826
-1.51312
-1.55945
-1.50918
-1.56104
-2.40601
-2.68224
-2.26234
-1.83711
0

0
-1.64218
-1.77582
-1.7816
-1.79846
-1.79143
-1.77433
-1.74105
-1.70066
-1.68792
-1.65593
-1.60785
-1.54813
-1.46776
-1.47143
-1.30475
-1.13438
-2.32609
-2.71437
-2.28278
-1.84013
0

0
-1.64482
-1.778
-1.7827
-1.80203
-1.81025
-1.77868
-1.73989
-1.70116
-1.68369
-1.65044
-1.59861
-1.52795
-1.42613
-1.36749
-1.07345
-0.415336
-2.18089
-2.73859
-2.29944
-1.84258
0

0
-1.6422
-1.77417
-1.77813
-1.80097
-1.82823
-1.78093
-1.73511
-1.69872
-1.67582
-1.64063
-1.58543
-1.5056
-1.38847
-1.26371
-0.917577
0.422159
-1.98736
-2.7455
-2.30287
-1.83839
0

0
-1.60806
-1.73777
-1.74087
-1.76616
-1.80658
-1.74945
-1.69946
-1.66569
-1.63954
-1.60382
-1.54821
-1.46573
-1.34549
-1.18862
-0.860467
0.860029
-1.84975
-2.70438
-2.25648
-1.79822
0

0
0
0
0
0
0
0
0
0
0
0
0
0
0
0
0
0
0
0
0
0
0


0
0
0
0
0
0
0
0
0
0
0
0
0
0
0
0
0
0
0
0
0
0

0
-1.67303
-1.76207
-1.8078
-1.83103
-1.8054
-1.87448
-1.86058
-1.85051
-1.83422
-1.77212
-1.72985
-1.72048
-1.7856
-1.90707
-2.03911
-2.15568
-2.44332
-2.476
-2.21696
-1.90403
0

0
-1.61819
-1.70326
-1.74661
-1.76832
-1.74542
-1.81087
-1.79637
-1.78635
-1.77108
-1.71157
-1.67161
-1.66317
-1.72546
-1.84274
-1.96995
-2.08336
-2.35734
-2.3846
-2.13446
-1.83623
0

0
-1.62229
-1.7112
-1.75129
-1.77222
-1.75008
-1.81098
-1.79675
-1.78578
-1.77077
-1.71231
-1.67271
-1.66415
-1.72333
-1.83894
-1.96496
-2.08223
-2.36697
-2.3969
-2.14057
-1.83861
0

0
-1.62652
-1.72133
-1.75635
-1.77672
-1.7543
-1.80664
-1.79403
-1.78196
-1.76726
-1.71102
-1.67203
-1.66349
-1.71693
-1.82873
-1.95104
-2.0695
-2.3778
-2.4157
-2.14861
-1.8399
0

0
-1.63131
-1.73335
-1.76228
-1.78202
-1.76327
-1.80193
-1.78977
-1.77597
-1.76155
-1.70852
-1.67018
-1.66105
-1.70652
-1.81261
-1.92858
-2.04476
-2.38903
-2.4412
-2.15956
-1.84108
0

0
-1.63637
-1.74586
-1.76864
-1.78746
-1.77652
-1.79878
-1.7847
-1.76819
-1.75403
-1.70496
-1.66705
-1.65571
-1.69136
-1.79007
-1.89666
-2.01001
-2.39868
-2.47191
-2.17313
-1.84229
0

0
-1.64141
-1.75748
-1.77488
-1.79251
-1.78947
-1.79687
-1.77926
-1.75911
-1.7453
-1.7005
-1.66253
-1.64683
-1.67072
-1.76038
-1.8535
-1.96552
-2.40466
-2.50622
-2.18896
-1.84364
0

0
-1.64618
-1.76734
-1.78048
-1.79683
-1.79856
-1.79527
-1.77374
-1.74934
-1.73602
-1.69534
-1.65668
-1.63462
-1.64422
-1.72254
-1.79598
-1.90625
-2.40408
-2.54257
-2.20663
-1.8452
0

0
-1.65055
-1.7752
-1.7851
-1.80031
-1.80285
-1.79333
-1.76839
-1.73968
-1.72688
-1.68976
-1.64972
-1.61965
-1.61183
-1.67528
-1.71954
-1.82191
-2.39322
-2.5795
-2.22573
-1.84706
0

0
-1.65452
-1.78124
-1.78872
-1.8031
-1.80328
-1.79093
-1.76351
-1.7312
-1.71853
-1.68406
-1.64193
-1.60258
-1.57415
-1.61701
-1.61769
-1.6942
-2.36721
-2.61572
-2.24576
-1.84928
0

0
-1.65816
-1.78589
-1.79152
-1.80563
-1.80299
-1.78884
-1.75952
-1.72503
-1.71153
-1.67853
-1.63368
-1.58412
-1.53264
-1.54598
-1.48057
-1.48656
-2.31866
-2.65007
-2.26609
-1.85192
0

0
-1.66161
-1.78958
-1.79375
-1.80848
-1.80758
-1.78869
-1.75687
-1.72178
-1.70618
-1.67342
-1.6253
-1.56502
-1.48957
-1.46103
-1.3004
-1.13431
-2.23587
-2.6813
-2.28589
-1.85496
0

0
-1.6645
-1.79214
-1.79515
-1.81157
-1.81946
-1.7913
-1.75535
-1.72085
-1.70198
-1.66838
-1.61667
-1.54569
-1.44743
-1.36465
-1.09422
-0.580525
-2.10646
-2.70671
-2.30312
-1.85764
0

0
-1.66235
-1.78886
-1.79107
-1.81012
-1.83107
-1.7915
-1.75016
-1.71688
-1.69415
-1.65916
-1.60421
-1.52406
-1.40759
-1.26979
-0.923107
0.0829325
-1.94128
-2.71607
-2.30827
-1.85393
0

0
-1.62868
-1.75316
-1.75448
-1.77551
-1.80675
-1.75922
-1.71444
-1.6829
-1.65787
-1.62268
-1.56728
-1.48417
-1.36203
-1.19645
-0.837248
0.486062
-1.80803
-2.67453
-2.26412
-1.81433
0

0
0
0
0
0
0
0
0
0
0
0
0
0
0
0
0
0
0
0
0
0
0


0
0
0
0
0
0
0
0
0
0
0
0
0
0
0
0
0
0
0
0
0
0

0
-1.69259
-1.78218
-1.82078
-1.84175
-1.81992
-1.88196
-1.86982
-1.85902
-1.84243
-1.78394
-1.74272
-1.73266
-1.79365
-1.90831
-2.03534
-2.15511
-2.43487
-2.4708
-2.22167
-1.91528
0

0
-1.63891
-1.72457
-1.76079
-1.78049
-1.76037
-1.81851
-1.80638
-1.7958
-1.78017
-1.7245
-1.68559
-1.6765
-1.7343
-1.84423
-1.96564
-2.08096
-2.34982
-2.38196
-2.14099
-1.84867
0

0
-1.64342
-1.73226
-1.76596
-1.785
-1.76574
-1.81973
-1.80755
-1.79611
-1.78066
-1.72596
-1.68726
-1.67778
-1.73264
-1.84077
-1.96065
-2.07854
-2.35971
-2.39566
-2.14843
-1.8519
0

0
-1.64745
-1.74097
-1.77071
-1.78911
-1.77063
-1.81705
-1.80539
-1.79284
-1.77764
-1.72489
-1.68661
-1.67657
-1.7261
-1.83034
-1.94611
-2.06486
-2.36928
-2.41415
-2.15677
-1.85341
0

0
-1.6518
-1.75103
-1.77598
-1.79371
-1.77788
-1.81329
-1.80154
-1.7874
-1.77247
-1.7225
-1.68463
-1.67335
-1.7154
-1.81376
-1.9226
-2.03977
-2.37868
-2.43863
-2.16763
-1.85461
0

0
-1.65636
-1.76153
-1.78154
-1.79845
-1.78771
-1.81006
-1.79676
-1.78031
-1.76566
-1.71906
-1.68137
-1.66752
-1.70012
-1.79066
-1.88918
-2.00311
-2.38608
-2.46801
-2.18092
-1.85578
0

0
-1.6609
-1.77148
-1.78697
-1.8029
-1.79781
-1.80767
-1.79153
-1.77209
-1.75774
-1.71474
-1.67684
-1.65868
-1.67977
-1.76031
-1.84404
-1.95361
-2.38928
-2.50091
-2.19634
-1.85704
0

0
-1.66523
-1.78016
-1.79188
-1.80673
-1.80566
-1.80565
-1.78619
-1.76331
-1.7493
-1.70979
-1.67109
-1.64689
-1.65406
-1.7218
-1.78434
-1.88626
-2.38546
-2.53593
-2.21348
-1.85849
0

0
-1.66924
-1.78727
-1.796
-1.80982
-1.81016
-1.80353
-1.781
-1.75469
-1.74094
-1.70443
-1.66432
-1.63256
-1.62307
-1.67395
-1.70603
-1.79118
-2.37093
-2.57177
-2.23194
-1.86022
0

0
-1.67292
-1.79289
-1.79926
-1.81228
-1.81192
-1.80128
-1.77626
-1.74708
-1.73323
-1.69896
-1.6568
-1.61625
-1.5873
-1.61547
-1.60377
-1.65193
-2.3408
-2.60726
-2.25127
-1.86231
0

0
-1.67635
-1.79732
-1.80182
-1.8145
-1.81324
-1.7995
-1.77236
-1.74132
-1.72667
-1.69368
-1.64888
-1.5986
-1.54789
-1.54516
-1.47106
-1.44161
-2.28849
-2.64139
-2.27098
-1.86483
0

0
-1.6797
-1.80095
-1.80395
-1.81699
-1.81768
-1.79933
-1.76968
-1.73796
-1.72159
-1.68886
-1.6409
-1.58031
-1.50648
-1.46265
-1.30406
-1.12055
-2.20562
-2.6732
-2.29054
-1.86785
0

0
-1.68273
-1.8037
-1.80547
-1.81976
-1.82719
-1.80133
-1.76809
-1.73665
-1.71767
-1.68428
-1.63286
-1.56183
-1.46508
-1.37086
-1.11427
-0.657733
-2.08556
-2.70048
-2.30827
-1.87079
0

0
-1.68116
-1.80107
-1.80196
-1.81833
-1.83609
-1.80088
-1.76308
-1.73245
-1.71038
-1.67588
-1.62133
-1.5412
-1.42518
-1.28086
-0.94307
-0.11378
-1.93829
-2.71266
-2.31479
-1.86781
0

0
-1.64849
-1.76649
-1.76647
-1.78448
-1.81091
-1.76884
-1.72807
-1.6988
-1.67491
-1.64037
-1.58534
-1.50203
-1.37884
-1.20822
-0.841668
0.260956
-1.80982
-2.67217
-2.27255
-1.82937
0

0
0
0
0
0
0
0
0
0
0
0
0
0
0
0
0
0
0
0
0
0
0


0
0
0
0
0
0
0
0
0
0
0
0
0
0
0
0
0
0
0
0
0
0

0
-1.69024
-1.7668
-1.80494
-1.8256
-1.80382
-1.86563
-1.85335
-1.84266
-1.82618
-1.7681
-1.72731
-1.71747
-1.77824
-1.89207
-2.01801
-2.13679
-2.41402
-2.44812
-2.20044
-1.89755
0

0
-1.64456
-1.71786
-1.75386
-1.77337
-1.75322
-1.81146
-1.79912
-1.7886
-1.77301
-1.71745
-1.67875
-1.66981
-1.72769
-1.83738
-1.95838
-2.07331
-2.3409
-2.37147
-2.13087
-1.84044
0

0
-1.64894
-1.72535
-1.75883
-1.7777
-1.75839
-1.81252
-1.80016
-1.7888
-1.77338
-1.71878
-1.68029
-1.67098
-1.72595
-1.83388
-1.95339
-2.07094
-2.35054
-2.38475
-2.13799
-1.84348
0

0
-1.65296
-1.73399
-1.76352
-1.78176
-1.76318
-1.80981
-1.79802
-1.78557
-1.77041
-1.71774
-1.67967
-1.66981
-1.71953
-1.82364
-1.93915
-2.05766
-2.36018
-2.40302
-2.14616
-1.84495
0

0
-1.65731
-1.74399
-1.76872
-1.78631
-1.77033
-1.806
-1.79421
-1.78019
-1.7653
-1.7154
-1.67773
-1.66667
-1.70899
-1.80734
-1.91609
-2.03313
-2.3698
-2.42727
-2.15682
-1.8461
0

0
-1.66187
-1.75444
-1.77421
-1.79102
-1.78012
-1.80273
-1.78945
-1.77317
-1.75857
-1.712
-1.67453
-1.66095
-1.69394
-1.78461
-1.88329
-1.9973
-2.37759
-2.45644
-2.16988
-1.84719
0

0
-1.66641
-1.76435
-1.77959
-1.79544
-1.79021
-1.80029
-1.78425
-1.765
-1.75072
-1.70775
-1.67006
-1.65224
-1.67387
-1.75475
-1.83903
-1.94905
-2.38143
-2.48918
-2.18504
-1.84838
0

0
-1.67075
-1.77302
-1.78445
-1.79924
-1.79806
-1.79823
-1.77892
-1.75627
-1.74234
-1.70285
-1.66438
-1.6406
-1.6485
-1.71684
-1.78053
-1.88364
-2.37859
-2.5241
-2.20191
-1.84974
0

0
-1.67476
-1.78012
-1.78853
-1.8023
-1.80256
-1.79609
-1.77374
-1.74767
-1.73402
-1.69755
-1.65768
-1.62642
-1.61787
-1.66976
-1.70386
-1.79162
-2.36552
-2.55993
-2.22009
-1.85137
0

0
-1.67843
-1.78573
-1.79177
-1.80472
-1.80426
-1.79381
-1.76899
-1.74003
-1.72633
-1.69212
-1.65022
-1.61026
-1.58247
-1.6122
-1.60382
-1.65736
-2.33757
-2.59552
-2.23913
-1.85333
0

0
-1.68186
-1.79014
-1.7943
-1.80689
-1.80541
-1.79194
-1.76505
-1.73421
-1.71976
-1.68686
-1.64235
-1.59274
-1.54337
-1.54293
-1.47384
-1.45506
-2.28851
-2.62991
-2.25857
-1.85573
0

0
-1.68519
-1.79376
-1.7964
-1.80932
-1.80957
-1.79164
-1.76232
-1.73077
-1.71465
-1.68205
-1.63442
-1.57455
-1.50221
-1.46146
-1.30937
-1.14542
-2.21028
-2.66224
-2.27789
-1.85862
0

0
-1.68833
-1.79663
-1.79803
-1.81216
-1.81896
-1.79361
-1.76079
-1.72951
-1.71082
-1.6776
-1.62652
-1.55623
-1.46095
-1.37024
-1.12015
-0.693128
-2.0958
-2.69074
-2.29574
-1.8616
0

0
-1.68785
-1.79519
-1.79568
-1.81188
-1.82899
-1.79422
-1.75688
-1.7264
-1.70461
-1.67026
-1.61597
-1.5364
-1.42144
-1.27985
-0.946272
-0.146694
-1.95262
-2.70628
-2.30413
-1.8599
0

0
-1.66025
-1.76585
-1.76553
-1.78359
-1.80985
-1.76771
-1.72705
-1.69786
-1.67401
-1.63946
-1.58442
-1.50111
-1.378
-1.20765
-0.84161
0.248431
-1.82473
-2.67347
-2.26846
-1.82696
0

0
0
0
0
0
0
0
0
0
0
0
0
0
0
0
0
0
0
0
0
0
0


0
0
0
0
0
0
0
0
0
0
0
0
0
0
0
0
0
0
0
0
0
0

0
0
0
0
0
0
0
0
0
0
0
0
0
0
0
0
0
0
0
0
0
0

0
0
0
0
0
0
0
0
0
0
0
0
0
0
0
0
0
0
0
0
0
0

0
0
0
0
0
0
0
0
0
0
0
0
0
0
0
0
0
0
0
0
0
0

0
0
0
0
0
0
0
0
0
0
0
0
0
0
0
0
0
0
0
0
0
0

0
0
0
0
0
0
0
0
0
0
0
0
0
0
0
0
0
0
0
0
0
0

0
0
0
0
0
0
0
0
0
0
0
0
0
0
0
0
0
0
0
0
0
0

0
0
0
0
0
0
0
0
0
0
0
0
0
0
0
0
0
0
0
0
0
0

0
0
0
0
0
0
0
0
0
0
0
0
0
0
0
0
0
0
0
0
0
0

0
0
0
0
0
0
0
0
0
0
0
0
0
0
0
0
0
0
0
0
0
0

0
0
0
0
0
0
0
0
0
0
0
0
0
0
0
0
0
0
0
0
0
0

0
0
0
0
0
0
0
0
0
0
0
0
0
0
0
0
0
0
0
0
0
0

0
0
0
0
0
0
0
0
0
0
0
0
0
0
0
0
0
0
0
0
0
0

0
0
0
0
0
0
0
0
0
0
0
0
0
0
0
0
0
0
0
0
0
0

0
0
0
0
0
0
0
0
0
0
0
0
0
0
0
0
0
0
0
0
0
0

0
0
0
0
0
0
0
0
0
0
0
0
0
0
0
0
0
0
0
0
0
0

0
0
0
0
0
0
0
0
0
0
0
0
0
0
0
0
0
0
0
0
0
0


