0.5
0.5
-0.319697
0.5
0.5
0.5
0.5
-0.0936779
0.5
0.5
0.220736
0.5
0.5
0.5
0.5
0.5
0.5
0.5
0.5
0.5
0.5
0.5

0.5
-0.501571
0.871867
0.512996
0.756512
-0.268213
-0.631535
-0.181182
-1.16807
-0.106427
-0.585878
-0.958118
0.258532
-2.28564
-0.485135
-0.466608
-0.347218
-0.915105
-2.03815
-0.950833
-0.950833
0.5

0.5
0.304759
-0.267147
0.520437
0.712419
0.157115
-0.852368
-0.372453
0.166356
-1.1608
-0.608203
-0.732553
0.0173892
-0.260564
-0.506723
0.403443
-1.66518
-0.945727
-1.91036
-0.976448
-0.976448
0.5

0.5
-0.407285
0.613554
0.488924
0.638778
-0.150158
-0.433347
-0.156118
-0.0932028
-1.20177
-0.630996
-0.23014
-0.362422
-0.188867
-0.44126
-1.0359
0.0797676
-1.17177
-1.82902
-0.972724
-0.972724
0.5

0.5
-0.488014
0.77446
0.50594
0.359016
-0.169261
-0.169156
-0.0872745
-0.245206
-1.06552
-0.636214
0.0072502
-0.0475157
-0.478193
-0.336696
-1.68253
0.432499
-1.25972
-1.81157
-0.95164
-0.95164
0.5

0.5
0.308964
0.164352
0.34057
0.276616
-0.234506
-0.118021
-0.0499109
-0.446078
-0.527991
-0.598088
0.419135
2.07743
-0.898862
-0.323915
-1.01007
-0.188784
-1.30169
-1.79285
-0.906918
-0.906918
0.5

0.5
0.645138
-0.0378627
0.272183
0.307739
-0.256529
-0.201551
0.0148349
-0.638551
-0.811311
-0.533424
0.308253
-0.606124
-0.536268
-0.357855
-0.586588
-0.735988
-1.5111
-1.75803
-0.849188
-0.849188
0

0.5
0.588662
0.0778988
0.248549
0.35449
-0.295608
-0.289663
-0.155816
-0.52952
-0.693459
-0.499494
0.0301785
-0.371446
-0.117104
-0.295404
-0.865586
-0.727731
-1.61019
-1.7595
-0.82838
-0.82838
0.5

0.5
0.487445
0.186002
0.305425
0.297588
-0.278203
-0.3778
-1.42948
0.578405
-0.578883
-0.49678
-0.192492
-0.446122
0.433951
0.403443
-1.0814
-0.638996
-1.60433
-1.67934
-0.997692
-0.997692
0.5

0.5
0.432783
0.255528
0.368068
0.159613
-0.234506
-0.396876
-1.42557
0.529632
-0.462936
-0.502732
-0.386904
-1.06634
1.39854
-0.139825
-1.44769
-0.383194
-1.56982
-1.2447
-1.40651
-1.40651
0.5

0.5
0.411955
0.30838
0.403111
0.13678
-0.284671
-0.118021
-1.15659
0.215439
-0.413146
-0.491678
-0.620645
-2.06525
2.639
-0.878708
-1.65693
0.249105
-1.52744
-0.937171
-1.6373
-1.6373
0.5

0.5
0.409212
0.347048
0.416567
0.29
-0.437706
-0.599034
-0.926537
-0.0584551
-0.423492
-0.386904
-0.82682
-2.28564
2.75829
-1.00425
-1.45583
1.08022
-1.3013
-0.730479
-1.55423
-1.55423
0.5

0.5
0.403973
0.365506
0.448359
0.56184
-0.672846
-0.656144
-0.738675
-0.322733
-0.468324
-0.609079
-0.798085
-1.12013
0.374613
-1.30028
-0.382204
2.31382
-0.678884
-0.709235
-1.35451
-1.35451
0.5

0.5
0.370477
0.346663
0.520437
0.61621
-0.759169
-0.69925
-0.51492
-0.605475
-0.527991
-0.533424
-0.720596
0.124135
-1.82563
-3.02673
1.31682
2.82224
-0.0485285
-0.655637
-1.26365
-1.26365
0.5

0.5
0.330277
0.346324
0.525336
0.68553
-0.886921
-0.715515
-0.529265
-0.646706
-0.573582
-0.668308
-0.71068
-0.538432
-2.40232
-0.443194
-0.115346
1.90656
0.219014
-0.756912
-1.2289
-1.2289
0.5

0.5
0.300896
0.34057
0.47583
0.737596
-0.966008
-0.697618
-0.56168
-0.585582
-0.568195
-0.62996
-0.68911
-0.836815
-1.39566
-0.311345
-0.139825
0.806631
-0.0649113
-1.79285
-1.15947
-1.15947
0.5

0.5
0.5
0.5
0.5
0.5
0.5
0.5
0.5
0.5
0.5
0.5
0.5
0.5
0.5
0.5
0.5
0.5
0.5
0.5
0.5
0.5
0.5


0.5
0.501571
-0.871867
-0.512996
-0.756512
0.268213
0.631535
0.181182
1.16807
0.106427
0.585878
0.958118
-0.258532
2.28564
0.485135
0.466608
0.347218
0.915105
2.03815
0.950833
0.950833
0.5

0.5
-0.501571
0.871867
0.512996
0.756512
-0.268213
-0.631535
-0.181182
-1.16807
-0.106427
-0.585878
-0.958118
0.258532
-2.28564
-0.485135
-0.466608
-0.347218
-0.915105
-2.03815
-0.950833
-0.950833
0.5

0.5
0.304759
-0.267147
0.520437
0.712419
0.157115
-0.852368
-0.372453
0.166356
-1.1608
-0.608203
-0.732553
0.0173892
-0.260564
-0.506723
0.403443
-1.66518
-0.945727
-1.91036
-0.976448
-0.976448
0.5

0.5
-0.407285
0.613554
0.488924
0.638778
-0.150158
-0.433347
-0.156118
-0.0932028
-1.20177
-0.630996
-0.23014
-0.362422
-0.188867
-0.44126
-1.0359
0.0797676
-1.17177
-1.82902
-0.972724
-0.972724
0.5

0.5
-0.488014
0.77446
0.50594
0.359016
-0.169261
-0.169156
-0.0872745
-0.245206
-1.06552
-0.636214
0.0072502
-0.0475157
-0.478193
-0.336696
-1.68253
0.432499
-1.25972
-1.81157
-0.95164
-0.95164
0.5

0.5
0.308964
0.164352
0.34057
0.276616
-0.234506
-0.118021
-0.0499109
-0.446078
-0.527991
-0.598088
0.419135
2.07743
-0.898862
-0.323915
-1.01007
-0.188784
-1.30169
-1.79285
-0.906918
-0.906918
0.5

0.5
0.645138
-0.0378627
0.272183
0.307739
-0.256529
-0.201551
0.0148349
-0.638551
-0.811311
-0.533424
0.308253
-0.606124
-0.536268
-0.357855
-0.586588
-0.735988
-1.5111
-1.75803
-0.849188
-0.849188
0.86237

0.5
0.588662
0.0778988
0.248549
0.35449
-0.295608
-0.289663
-0.155816
-0.52952
-0.693459
-0.499494
0.0301785
-0.371446
-0.117104
-0.295404
-0.865586
-0.727731
-1.61019
-1.7595
-0.82838
-0.82838
0.5

0.5
0.487445
0.186002
0.305425
0.297588
-0.278203
-0.3778
-1.42948
0.578405
-0.578883
-0.49678
-0.192492
-0.446122
0.433951
0.403443
-1.0814
-0.638996
-1.60433
-1.67934
-0.997692
-0.997692
0.5

0.5
0.432783
0.255528
0.368068
0.159613
-0.234506
-0.396876
-1.42557
0.529632
-0.462936
-0.502732
-0.386904
-1.06634
1.39854
-0.139825
-1.44769
-0.383194
-1.56982
-1.2447
-1.40651
-1.40651
0.5

0.5
0.411955
0.30838
0.403111
0.13678
-0.284671
-0.118021
-1.15659
0.215439
-0.413146
-0.491678
-0.620645
-2.06525
2.639
-0.878708
-1.65693
0.249105
-1.52744
-0.937171
-1.6373
-1.6373
0.5

0.5
0.409212
0.347048
0.416567
0.29
-0.437706
-0.599034
-0.926537
-0.0584551
-0.423492
-0.386904
-0.82682
-2.28564
2.75829
-1.00425
-1.45583
1.08022
-1.3013
-0.730479
-1.55423
-1.55423
0.5

0.5
0.403973
0.365506
0.448359
0.56184
-0.672846
-0.656144
-0.738675
-0.322733
-0.468324
-0.609079
-0.798085
-1.12013
0.374613
-1.30028
-0.382204
2.31382
-0.678884
-0.709235
-1.35451
-1.35451
0.5

0.5
0.370477
0.346663
0.520437
0.61621
-0.759169
-0.69925
-0.51492
-0.605475
-0.527991
-0.533424
-0.720596
0.124135
-1.82563
-3.02673
1.31682
2.82224
-0.0485285
-0.655637
-1.26365
-1.26365
0.5

0.5
0.330277
0.346324
0.525336
0.68553
-0.886921
-0.715515
-0.529265
-0.646706
-0.573582
-0.668308
-0.71068
-0.538432
-2.40232
-0.443194
-0.115346
1.90656
0.219014
-0.756912
-1.2289
-1.2289
0.5

0.5
0.300896
0.34057
0.47583
0.737596
-0.966008
-0.697618
-0.56168
-0.585582
-0.568195
-0.62996
-0.68911
-0.836815
-1.39566
-0.311345
-0.139825
0.806631
-0.0649113
-1.79285
-1.15947
-1.15947
0.5

0.5
0.300896
0.34057
0.47583
0.737596
-0.966008
-0.697618
-0.56168
-0.585582
-0.568195
-0.62996
-0.68911
-0.836815
-1.39566
-0.311345
-0.139825
0.855824
-1.15947
-1.79285
-1.15947
-1.15947
0.5


0.5
1.25542
-1.73146
-0.541264
-0.490015
0.257231
0.280226
0.425873
0.0558408
0.701701
0.562061
0.218278
0.533534
0.0552719
0.66697
0.839954
0.0590744
0.911934
1.68362
0.889332
0.889332
0.5

0.5
-1.25542
1.73146
0.541264
0.490015
-0.257231
-0.280226
-0.425873
-0.0558408
-0.701701
-0.562061
-0.218278
-0.533534
-0.0552719
-0.66697
-0.839954
-0.0590744
-0.911934
-1.68362
-0.889332
-0.889332
0.5

0.5
-1.50398
1.75548
0.34964
0.296825
0.162893
-0.519156
-0.460464
-0.472526
-0.468692
-0.595375
-0.417837
-0.425595
-0.579783
-0.583345
-0.344271
-0.817982
-0.962275
-1.6351
-0.92883
-0.92883
0.5

0.5
-1.14598
1.42156
0.476204
0.572457
0.0500405
-0.592401
-0.400344
-0.164641
-0.86036
-0.6099
-0.758423
-0.14471
-0.430465
-0.592127
-0.31609
-1.00032
-1.01309
-1.52619
-0.935093
-0.935093
0.5

0.5
-1.02199
1.33182
0.538791
0.476941
-0.123538
-0.350167
-0.2249
-0.244832
-0.999982
-0.626622
-0.565812
-0.420934
-0.464875
-0.538957
-1.4933
0.213452
-1.15475
-1.46881
-0.936475
-0.936475
0.5

0.5
-0.299061
0.726108
0.504104
0.33274
-0.207734
-0.186808
-0.191019
-0.361806
-0.970673
-0.614889
-0.157577
-0.909566
-0.727367
-0.479731
-1.24962
-0.041768
-1.16975
-1.43252
-0.918691
-0.918691
0.5

0.5
0.335283
0.245832
0.383556
0.293893
-0.21856
-0.206013
-0.174649
-0.483966
-0.746424
-0.571898
0.029914
-0.392455
-0.696112
-0.397963
-0.563217
-0.859021
-1.27219
-1.39072
-0.874258
-0.874258
0.5

0.5
0.517275
0.172419
0.297083
0.348243
-0.265614
-0.281608
-0.20481
-0.537016
-0.68185
-0.531903
-0.0945404
-0.527011
-0.303967
-0.470061
-0.528618
-1.13018
-1.46298
-1.34026
-0.800942
-0.800942
0.5

0.5
0.488418
0.238812
0.303546
0.348374
-0.280316
-0.355211
-0.470684
-0.326357
-0.605162
-0.52331
-0.279591
-0.578564
0.186797
-0.85276
-0.701463
-1.04806
-1.5423
-1.35701
-0.755312
-0.755312
0.5

0.5
0.451341
0.29475
0.351138
0.236159
-0.232215
-0.440346
-1.0381
0.169385
-0.514058
-0.538049
-0.452042
-1.14142
1.03123
-0.869521
-1.02407
-0.7393
-1.48694
-1.27151
-0.922792
-0.922792
0.5

0.5
0.439062
0.337024
0.39049
0.0945194
-0.186192
-0.52729
-1.02985
0.106203
-0.451756
-0.575655
-0.674271
-2.49064
2.44654
-0.965886
-1.40061
0.00420577
-1.42748
-0.964408
-1.2489
-1.2489
0.5

0.5
0.44211
0.368019
0.407387
0.147978
-0.277987
-0.477818
-0.861232
-0.0998626
-0.450268
-0.631824
-0.942721
-4.1985
4.13795
-1.06143
-1.66207
0.998211
-1.034
-0.666149
-1.363
-1.363
0.5

0.5
0.444498
0.380681
0.4228
0.385004
-0.497525
-0.570402
-0.743153
-0.275692
-0.48254
-0.628053
-0.926629
-2.17069
1.218
-1.28664
-1.45469
1.68466
-0.241534
-0.53751
-1.20671
-1.20671
0.5

0.5
0.42526
0.373214
0.459463
0.451063
-0.583888
-0.627855
-0.627644
-0.464907
-0.530545
-0.674538
-0.789721
-0.631688
-0.941708
-1.44549
-0.558165
2.52988
0.517026
-0.452058
-1.06993
-1.06993
0.5

0.5
0.380024
0.352623
0.458268
0.452591
-0.643608
-0.641176
-0.527315
-0.601546
-0.565792
-0.649976
-0.733361
-0.443145
-1.70407
-1.46008
-0.874172
3.61366
0.810839
-0.250689
-1.02077
-1.02077
0.5

0.5
0.341206
0.339349
0.420132
0.479893
-0.693535
-0.62118
-0.522642
-0.576471
-0.558167
-0.629316
-0.696417
-0.837535
-1.48421
-0.605843
-1.19378
3.38489
0.661208
0.0410904
-0.977233
-0.977233
0.5

0.5
0.341206
0.339349
0.420132
0.479893
-0.693535
-0.62118
-0.522642
-0.576471
-0.558167
-0.629316
-0.696417
-0.837535
-1.48421
-0.605843
-1.19378
3.38489
0.661208
0.0410904
-0.977233
-0.977233
0.5


0.5
0.683911
-1.25518
-0.532863
-0.441249
0.142355
0.259531
0.283079
0.570321
0.432626
0.552985
0.583725
0.464418
0.839568
0.739758
0.563336
0.351316
0.942338
1.35383
0.800551
0.800551
0.5

0.5
-0.683911
1.25518
0.532863
0.441249
-0.142355
-0.259531
-0.283079
-0.570321
-0.432626
-0.552985
-0.583725
-0.464418
-0.839568
-0.739758
-0.563336
-0.351316
-0.942338
-1.35383
-0.800551
-0.800551
0.5

0.5
-0.931231
1.24718
0.430626
0.0163814
0.21962
-0.3562
-0.314363
-0.503743
-0.543475
-0.578539
-0.621946
-0.36472
-0.59384
-0.636231
-0.548853
-0.523898
-1.02793
-1.41183
-0.873602
-0.873602
0.5

0.5
-0.886885
1.2523
0.425135
0.461725
-0.0830842
-0.406709
-0.386013
-0.388116
-0.594743
-0.584977
-0.500157
-0.490609
-0.51447
-0.595339
-0.0723674
-1.21274
-1.00799
-1.31866
-0.87024
-0.87024
0.5

0.5
-0.700513
1.08805
0.472034
0.495707
-0.0919842
-0.421519
-0.333953
-0.286176
-0.763476
-0.601542
-0.626128
-0.38798
-0.391711
-0.583474
-0.755593
-0.623903
-1.07765
-1.25717
-0.866461
-0.866461
0.5

0.5
-0.42526
0.877425
0.482453
0.406114
-0.180591
-0.282573
-0.239886
-0.347585
-0.786392
-0.606997
-0.46232
-0.389978
-0.447274
-0.495602
-1.26075
-0.175362
-1.07346
-1.22718
-0.849331
-0.849331
0.5

0.5
0.0451321
0.504494
0.435431
0.291197
-0.187586
-0.222988
-0.243118
-0.406684
-0.73745
-0.585409
-0.24434
-0.50724
-0.659408
-0.372373
-0.868351
-0.729982
-1.11248
-1.18962
-0.821826
-0.821826
0.5

0.5
0.381094
0.28381
0.351413
0.291887
-0.217839
-0.256165
-0.255082
-0.468538
-0.658166
-0.552756
-0.210739
-0.555829
-0.533446
-0.268072
-0.482413
-1.24252
-1.27883
-1.12782
-0.792481
-0.792481
0.5

0.5
0.470326
0.271078
0.311069
0.32178
-0.255837
-0.315208
-0.367623
-0.42099
-0.601843
-0.534526
-0.323642
-0.597216
-0.202148
-0.346624
-0.495113
-1.23382
-1.45901
-1.06963
-0.768397
-0.768397
0.5

0.5
0.465365
0.312354
0.327812
0.261428
-0.228799
-0.363454
-0.638271
-0.209524
-0.539719
-0.534126
-0.461623
-0.83605
0.34266
-0.731238
-0.707639
-0.85229
-1.43131
-1.06701
-0.773132
-0.773132
0.5

0.5
0.458389
0.35051
0.359413
0.127705
-0.163271
-0.39403
-0.848443
-0.0516355
-0.481838
-0.545064
-0.614715
-1.56237
1.16631
-1.05871
-1.21146
0.0704633
-1.13644
-0.989249
-0.904117
-0.904117
0.5

0.5
0.461794
0.380439
0.378714
0.0920373
-0.19473
-0.440639
-0.786382
-0.154081
-0.465425
-0.57066
-0.798478
-2.62126
2.08237
-1.32291
-1.86796
1.39218
-0.685232
-0.755727
-1.11498
-1.11498
0.5

0.5
0.465813
0.395427
0.383796
0.235456
-0.357905
-0.493504
-0.690855
-0.298253
-0.488857
-0.615819
-0.910594
-2.38838
1.40346
-1.4076
-2.52762
2.37237
0.0595132
-0.535057
-1.12146
-1.12146
0.5

0.5
0.455675
0.390178
0.385013
0.370165
-0.503182
-0.564314
-0.626705
-0.425234
-0.528261
-0.641856
-0.852618
-1.40508
-0.213841
-1.49945
-2.7107
2.97492
0.580085
-0.454139
-0.996222
-0.996222
0.5

0.5
0.419306
0.365147
0.392568
0.354419
-0.534494
-0.588263
-0.557542
-0.532134
-0.558412
-0.653354
-0.758922
-0.689146
-1.35409
-1.40012
-2.49535
3.00218
0.574404
-0.456294
-0.919498
-0.919498
0.5

0.5
0.372869
0.33741
0.377798
0.351794
-0.55668
-0.569274
-0.499639
-0.561779
-0.550972
-0.625054
-0.703079
-0.77576
-1.46388
-1.1052
-2.34058
2.65825
0.460219
-0.46872
-0.876447
-0.876447
0.5

0.5
0.372869
0.33741
0.377798
0.351794
-0.55668
-0.569274
-0.499639
-0.561779
-0.550972
-0.625054
-0.703079
-0.77576
-1.46388
-1.1052
-2.34058
2.65825
0.460219
-0.46872
-0.876447
-0.876447
0.5


0.5
0.236825
-0.871168
-0.491197
-0.47154
0.100995
0.227345
0.347387
0.341645
0.540719
0.550401
0.509115
0.669925
0.673999
0.766519
0.482279
0.769578
0.794902
1.04416
0.690391
0.690391
0.5

0.5
-0.236825
0.871168
0.491197
0.47154
-0.100995
-0.227345
-0.347387
-0.341645
-0.540719
-0.550401
-0.509115
-0.669925
-0.673999
-0.766519
-0.482279
-0.769578
-0.794902
-1.04416
-0.690391
-0.690391
0.5

0.5
-0.402759
0.812613
0.375625
-0.122964
0.327136
-0.306535
-0.358677
-0.438733
-0.539216
-0.570976
-0.558262
-0.563111
-0.676231
-0.717787
-0.647904
-0.600517
-0.896518
-1.17392
-0.795245
-0.795245
0.5

0.5
-0.391688
0.841136
0.403416
0.0861334
0.136269
-0.306695
-0.342653
-0.444259
-0.551976
-0.577092
-0.588503
-0.497521
-0.622516
-0.661324
-0.470829
-0.878759
-0.935807
-1.1163
-0.792592
-0.792592
0.5

0.5
-0.381246
0.857565
0.414043
0.371702
-0.0937877
-0.341042
-0.349509
-0.391871
-0.618056
-0.586888
-0.57605
-0.508283
-0.582415
-0.634302
-0.308562
-1.1652
-0.954021
-1.06018
-0.791282
-0.791282
0.5

0.5
-0.258353
0.767739
0.434187
0.446367
-0.18778
-0.325731
-0.316631
-0.362693
-0.694851
-0.594705
-0.576892
-0.524017
-0.546219
-0.617184
-0.813518
-0.752825
-0.968572
-1.00897
-0.782254
-0.782254
0.5

0.5
-0.0272823
0.602766
0.424998
0.35304
-0.197701
-0.263936
-0.282158
-0.395848
-0.688778
-0.589638
-0.458443
-0.561437
-0.585883
-0.553755
-0.854522
-0.849117
-0.967562
-0.963135
-0.767034
-0.767034
0.5

0.5
0.244732
0.412912
0.383837
0.262515
-0.173773
-0.251233
-0.293307
-0.428573
-0.643024
-0.570955
-0.372602
-0.593236
-0.612209
-0.420131
-0.561113
-1.2471
-1.08352
-0.930962
-0.74399
-0.74399
0.5

0.5
0.41219
0.330319
0.335426
0.256007
-0.189857
-0.285621
-0.332008
-0.442003
-0.595531
-0.554549
-0.397185
-0.653259
-0.452325
-0.361494
-0.433789
-1.34231
-1.277
-0.895809
-0.718435
-0.718435
0.5

0.5
0.466749
0.335837
0.321669
0.249466
-0.202155
-0.333991
-0.449919
-0.373614
-0.55295
-0.552608
-0.487243
-0.775664
-0.127517
-0.572067
-0.541977
-1.01185
-1.31739
-0.887509
-0.711258
-0.711258
0.5

0.5
0.479872
0.36389
0.336208
0.176348
-0.172313
-0.372065
-0.612203
-0.258814
-0.511929
-0.564295
-0.600837
-1.09999
0.329395
-0.966022
-0.989316
-0.311699
-1.05857
-0.866436
-0.750942
-0.750942
0.5

0.5
0.488379
0.389091
0.352882
0.0892608
-0.147274
-0.393245
-0.674813
-0.240379
-0.489038
-0.586163
-0.727291
-1.60662
0.728564
-1.36445
-1.76931
0.83421
-0.576261
-0.768706
-0.849695
-0.849695
0.5

0.5
0.492184
0.402097
0.358783
0.119413
-0.226399
-0.431574
-0.633246
-0.328301
-0.500212
-0.614932
-0.832886
-1.82062
0.56113
-1.57403
-2.71966
1.96811
-0.0503814
-0.589722
-0.950922
-0.950922
0.5

0.5
0.479657
0.395682
0.355843
0.246108
-0.381858
-0.491814
-0.586626
-0.429735
-0.530927
-0.64366
-0.851459
-1.51413
-0.192501
-1.57678
-3.3816
2.48452
0.346153
-0.441518
-0.922124
-0.922124
0.5

0.5
0.446906
0.371409
0.347559
0.272383
-0.44272
-0.52897
-0.543913
-0.506245
-0.553819
-0.649514
-0.788752
-1.00784
-0.977073
-1.54393
-3.3921
2.47385
0.406266
-0.393255
-0.841165
-0.841165
0.5

0.5
0.405526
0.34066
0.332649
0.248255
-0.439949
-0.516763
-0.4921
-0.527887
-0.544308
-0.624821
-0.715718
-0.746298
-1.29645
-1.46789
-3.07026
2.21407
0.345647
-0.378395
-0.78319
-0.78319
0.5

0.5
0.405526
0.34066
0.332649
0.248255
-0.439949
-0.516763
-0.4921
-0.527887
-0.544308
-0.624821
-0.715718
-0.746298
-1.29645
-1.46789
-3.07026
2.21407
0.345647
-0.378395
-0.78319
-0.78319
0.5


0.5
0.0124692
-0.669456
-0.463558
-0.303587
0.0213372
0.212816
0.326646
0.410595
0.484693
0.553025
0.585872
0.673386
0.778609
0.791135
0.56157
0.940669
0.733191
0.803867
0.591212
0.591212
0.5

0.5
-0.0124692
0.669456
0.463558
0.303587
-0.0213372
-0.212816
-0.326646
-0.410595
-0.484693
-0.553025
-0.585872
-0.673386
-0.778609
-0.791135
-0.56157
-0.940669
-0.733191
-0.803867
-0.591212
-0.591212
0.5

0.5
-0.16117
0.600722
0.330443
0.0453931
0.105262
-0.289375
-0.363575
-0.429512
-0.531722
-0.570024
-0.578028
-0.640275
-0.71968
-0.752002
-0.60505
-0.818718
-0.82655
-0.969802
-0.71915
-0.71915
0.5

0.5
-0.144411
0.640395
0.359664
-0.058534
0.220086
-0.271353
-0.345879
-0.43247
-0.539575
-0.572745
-0.587933
-0.594788
-0.681019
-0.710283
-0.608299
-0.893827
-0.826803
-0.942847
-0.723693
-0.723693
0.5

0.5
-0.122526
0.652607
0.373213
0.0511493
0.12022
-0.268956
-0.342228
-0.425732
-0.562888
-0.58113
-0.593778
-0.577895
-0.64687
-0.677423
-0.46622
-1.1182
-0.850012
-0.905946
-0.728461
-0.728461
0.5

0.5
-0.0711791
0.636552
0.383331
0.271314
-0.0780605
-0.286817
-0.333215
-0.406053
-0.603107
-0.587604
-0.590424
-0.568053
-0.631159
-0.651947
-0.517434
-1.13679
-0.869012
-0.866867
-0.725609
-0.725609
0.5

0.5
0.0438513
0.567961
0.386834
0.353722
-0.186957
-0.278477
-0.315055
-0.406363
-0.629547
-0.588919
-0.556396
-0.587452
-0.637533
-0.612982
-0.68772
-1.04492
-0.88303
-0.839106
-0.717052
-0.717052
0.5

0.5
0.207917
0.466774
0.372677
0.292802
-0.18276
-0.261544
-0.311429
-0.422835
-0.617821
-0.58133
-0.497888
-0.621513
-0.658272
-0.530517
-0.571211
-1.1938
-0.96595
-0.816989
-0.703455
-0.703455
0.5

0.5
0.359303
0.38643
0.344651
0.233194
-0.162277
-0.26972
-0.334216
-0.434055
-0.587949
-0.570377
-0.482911
-0.661932
-0.618197
-0.430002
-0.406673
-1.32642
-1.1115
-0.804601
-0.688298
-0.688298
0.5

0.5
0.449249
0.363588
0.32288
0.217033
-0.168301
-0.299394
-0.387554
-0.420957
-0.557315
-0.565822
-0.524746
-0.735729
-0.468947
-0.454996
-0.4635
-1.17328
-1.20592
-0.790936
-0.678781
-0.678781
0.5

0.5
0.489833
0.376089
0.321006
0.186299
-0.165368
-0.332688
-0.477112
-0.372483
-0.529818
-0.572204
-0.600431
-0.894018
-0.222355
-0.739237
-0.806479
-0.651612
-1.09008
-0.782728
-0.688393
-0.688393
0.5

0.5
0.509532
0.395266
0.328973
0.119806
-0.146047
-0.360083
-0.554288
-0.33813
-0.512139
-0.589834
-0.691733
-1.15089
0.0104439
-1.16483
-1.48928
0.162316
-0.714821
-0.737641
-0.731632
-0.731632
0.5

0.5
0.516752
0.405314
0.33127
0.086221
-0.169602
-0.389504
-0.570623
-0.369205
-0.515792
-0.616658
-0.777598
-1.35328
-0.00423876
-1.51768
-2.33056
1.04472
-0.230814
-0.628419
-0.796246
-0.796246
0.5

0.5
0.504991
0.397619
0.322949
0.136276
-0.26908
-0.434499
-0.551324
-0.438787
-0.537526
-0.642757
-0.82035
-1.31179
-0.372242
-1.60366
-2.97129
1.56927
0.0925239
-0.500095
-0.828164
-0.828164
0.5

0.5
0.472854
0.373209
0.309445
0.189053
-0.357314
-0.473448
-0.523961
-0.495255
-0.553993
-0.65051
-0.79667
-1.0611
-0.844282
-1.52362
-3.08849
1.59232
0.157203
-0.419341
-0.789896
-0.789896
0.5

0.5
0.433522
0.343015
0.292755
0.182043
-0.365658
-0.470473
-0.486109
-0.505071
-0.541669
-0.62648
-0.734682
-0.815226
-1.08435
-1.45675
-2.87131
1.45254
0.114962
-0.398664
-0.730167
-0.730167
0.5

0.5
0.433522
0.343015
0.292755
0.182043
-0.365658
-0.470473
-0.486109
-0.505071
-0.541669
-0.62648
-0.734682
-0.815226
-1.08435
-1.45675
-2.87131
1.45254
0.114962
-0.398664
-0.730167
-0.730167
0.5


0.5
-0.115112
-0.567298
-0.435612
-0.211088
-0.0470177
0.191562
0.32229
0.400437
0.49311
0.559159
0.609341
0.711874
0.790646
0.797453
0.63476
1.0431
0.687244
0.635195
0.516433
0.516433
0.5

0.5
0.115112
0.567298
0.435612
0.211088
0.0470177
-0.191562
-0.32229
-0.400437
-0.49311
-0.559159
-0.609341
-0.711874
-0.790646
-0.797453
-0.63476
-1.0431
-0.687244
-0.635195
-0.516433
-0.516433
0.5

0.5
0.0104932
0.457202
0.299378
0.113934
-0.0396484
-0.263594
-0.360807
-0.433842
-0.521253
-0.574122
-0.607563
-0.680467
-0.755824
-0.768346
-0.628099
-0.939749
-0.768509
-0.811986
-0.656475
-0.656475
0.5

0.5
0.0279054
0.50329
0.31628
0.0965055
0.0362742
-0.265889
-0.349509
-0.431516
-0.527617
-0.573821
-0.603836
-0.648358
-0.725914
-0.736152
-0.625214
-0.954443
-0.780636
-0.814275
-0.670556
-0.670556
0.5

0.5
0.045848
0.52258
0.330722
0.0464978
0.0840481
-0.251272
-0.343367
-0.432681
-0.542514
-0.580323
-0.609215
-0.627222
-0.704099
-0.710537
-0.585523
-1.04477
-0.796386
-0.802132
-0.683091
-0.683091
0.5

0.5
0.0786203
0.527251
0.341785
0.087645
0.0420975
-0.246946
-0.337752
-0.42701
-0.562896
-0.58605
-0.608807
-0.620485
-0.688145
-0.687999
-0.52037
-1.14313
-0.819085
-0.783209
-0.687119
-0.687119
0.5

0.5
0.140616
0.507003
0.347421
0.21033
-0.0795924
-0.255868
-0.330766
-0.422919
-0.582937
-0.589458
-0.598007
-0.625055
-0.686526
-0.666151
-0.570396
-1.12
-0.840669
-0.767654
-0.68558
-0.68558
0.5

0.5
0.236558
0.46249
0.34544
0.26333
-0.15389
-0.258639
-0.327092
-0.428277
-0.5883
-0.588325
-0.572679
-0.645345
-0.695519
-0.626901
-0.552788
-1.16077
-0.871594
-0.756015
-0.679794
-0.679794
0.5

0.5
0.345045
0.414275
0.334115
0.233645
-0.156392
-0.262532
-0.336994
-0.43636
-0.576719
-0.583843
-0.556046
-0.676706
-0.69011
-0.559853
-0.428282
-1.27239
-0.952396
-0.746204
-0.6716
-0.6716
0.5

0.5
0.434122
0.388659
0.319567
0.197791
-0.146838
-0.278325
-0.365503
-0.43648
-0.558164
-0.581493
-0.571599
-0.724516
-0.63719
-0.522243
-0.400469
-1.23907
-1.04593
-0.737942
-0.664933
-0.664933
0.5

0.5
0.49126
0.389751
0.312
0.17248
-0.145698
-0.303474
-0.414646
-0.42152
-0.540631
-0.586419
-0.617504
-0.809821
-0.531537
-0.631605
-0.633368
-0.912961
-1.02868
-0.727574
-0.667114
-0.667114
0.5

0.5
0.523789
0.401856
0.31174
0.134984
-0.143652
-0.330526
-0.471911
-0.403712
-0.52986
-0.600844
-0.682209
-0.945787
-0.416812
-0.929892
-1.151
-0.321328
-0.798644
-0.704082
-0.68649
-0.68649
0.5

0.5
0.536962
0.408083
0.308849
0.0933294
-0.155005
-0.359274
-0.509404
-0.412968
-0.532593
-0.623863
-0.750262
-1.0852
-0.399725
-1.2821
-1.79957
0.320859
-0.4219
-0.645585
-0.723012
-0.723012
0.5

0.5
0.527448
0.398129
0.296079
0.0866388
-0.207946
-0.395071
-0.517425
-0.453255
-0.547857
-0.647481
-0.796465
-1.12629
-0.564411
-1.46613
-2.26508
0.708341
-0.117917
-0.554725
-0.755057
-0.755057
0.5

0.5
0.496596
0.373149
0.277306
0.115869
-0.280952
-0.427461
-0.504311
-0.491562
-0.558208
-0.654307
-0.795075
-1.028
-0.824453
-1.42301
-2.36412
0.758718
-0.039449
-0.476084
-0.747811
-0.747811
0.5

0.5
0.4584
0.343822
0.259218
0.127487
-0.305919
-0.428898
-0.474626
-0.493552
-0.543186
-0.63117
-0.750243
-0.877352
-0.967888
-1.32754
-2.24943
0.701323
-0.0716866
-0.435838
-0.703486
-0.703486
0.5

0.5
0.4584
0.343822
0.259218
0.127487
-0.305919
-0.428898
-0.474626
-0.493552
-0.543186
-0.63117
-0.750243
-0.877352
-0.967888
-1.32754
-2.24943
0.701323
-0.0716866
-0.435838
-0.703486
-0.703486
0.5


0.5
-0.194486
-0.505875
-0.40965
-0.249503
-0.00387115
0.180937
0.315346
0.408316
0.490434
0.566188
0.631478
0.723216
0.80224
0.790034
0.680902
1.09013
0.696583
0.536009
0.471787
0.471787
0.5

0.5
0.194486
0.505875
0.40965
0.249503
0.00387115
-0.180937
-0.315346
-0.408316
-0.490434
-0.566188
-0.631478
-0.723216
-0.80224
-0.790034
-0.680902
-1.09013
-0.696583
-0.536009
-0.471787
-0.471787
0.5

0.5
0.1051
0.376839
0.273469
0.0995711
-0.0514822
-0.243554
-0.357469
-0.437479
-0.519382
-0.58014
-0.629229
-0.703106
-0.772259
-0.77053
-0.674051
-0.983153
-0.754307
-0.710394
-0.615042
-0.615042
0.5

0.5
0.139579
0.413009
0.287126
0.11093
-0.0231629
-0.243598
-0.348147
-0.433874
-0.521374
-0.577987
-0.621728
-0.680105
-0.748192
-0.743458
-0.653306
-0.964706
-0.770138
-0.732339
-0.637044
-0.637044
0.5

0.5
0.158797
0.43511
0.294582
0.1012
0.00302247
-0.246055
-0.345208
-0.43592
-0.531433
-0.582666
-0.623258
-0.664219
-0.732021
-0.723034
-0.630471
-0.994652
-0.788023
-0.742344
-0.657452
-0.657452
0.5

0.5
0.18514
0.44851
0.305375
0.0893052
0.010799
-0.236969
-0.341251
-0.435641
-0.543441
-0.587486
-0.624395
-0.655348
-0.720565
-0.703813
-0.586339
-1.05093
-0.804041
-0.739807
-0.668267
-0.668267
0.5

0.5
0.225256
0.449872
0.313419
0.118486
-0.0231421
-0.236171
-0.337842
-0.434404
-0.556554
-0.591593
-0.621913
-0.655983
-0.717011
-0.687091
-0.562985
-1.08305
-0.818311
-0.734736
-0.673338
-0.673338
0.5

0.5
0.284888
0.437131
0.316857
0.177444
-0.088624
-0.243997
-0.336862
-0.436104
-0.564841
-0.593692
-0.613747
-0.667876
-0.721852
-0.668274
-0.552105
-1.10256
-0.829551
-0.729034
-0.674053
-0.674053
0.5

0.5
0.359003
0.416926
0.315146
0.200002
-0.127413
-0.253078
-0.342556
-0.440782
-0.563846
-0.593804
-0.606554
-0.690833
-0.72701
-0.640089
-0.478779
-1.1697
-0.85784
-0.722247
-0.671848
-0.671848
0.5

0.5
0.432476
0.402459
0.309555
0.183676
-0.132279
-0.265128
-0.358944
-0.444215
-0.555861
-0.594511
-0.614153
-0.725934
-0.717399
-0.617716
-0.412258
-1.20092
-0.904506
-0.714231
-0.669075
-0.669075
0.5

0.5
0.491968
0.401475
0.304173
0.159972
-0.130955
-0.283513
-0.387922
-0.442618
-0.546731
-0.599769
-0.642728
-0.780816
-0.686547
-0.658574
-0.513545
-1.04721
-0.91223
-0.702484
-0.669876
-0.669876
0.5

0.5
0.532686
0.408581
0.300405
0.134203
-0.135373
-0.307786
-0.426804
-0.439225
-0.542228
-0.612742
-0.688833
-0.862678
-0.650011
-0.825427
-0.867192
-0.657842
-0.795819
-0.681739
-0.679756
-0.679756
0.5

0.5
0.551973
0.410829
0.292729
0.10111
-0.149917
-0.336843
-0.464246
-0.446832
-0.547068
-0.633567
-0.742604
-0.955922
-0.650179
-1.08801
-1.36429
-0.178787
-0.542324
-0.642205
-0.700988
-0.700988
0.5

0.5
0.545433
0.398089
0.275362
0.0750482
-0.18529
-0.369353
-0.486597
-0.47118
-0.559433
-0.654891
-0.785189
-1.01117
-0.727822
-1.29552
-1.72669
0.121771
-0.283607
-0.580527
-0.72356
-0.72356
0.5

0.5
0.516276
0.371922
0.252337
0.0735291
-0.234138
-0.395085
-0.486211
-0.494069
-0.565082
-0.660401
-0.792885
-0.984798
-0.854548
-1.32091
-1.79517
0.156978
-0.177856
-0.514308
-0.724442
-0.724442
0.5

0.5
0.479619
0.343225
0.232675
0.0820447
-0.258115
-0.395528
-0.463365
-0.48921
-0.547647
-0.637414
-0.759562
-0.900954
-0.92092
-1.23858
-1.7101
0.124311
-0.189275
-0.467915
-0.692814
-0.692814
0.5

0.5
0.479619
0.343225
0.232675
0.0820447
-0.258115
-0.395528
-0.463365
-0.48921
-0.547647
-0.637414
-0.759562
-0.900954
-0.92092
-1.23858
-1.7101
0.124311
-0.189275
-0.467915
-0.692814
-0.692814
0.5


0.5
-0.243949
-0.472811
-0.394663
-0.23639
-0.019731
0.169778
0.309407
0.410899
0.493742
0.572264
0.643503
0.726869
0.798444
0.775271
0.705531
1.09784
0.730601
0.489705
0.450724
0.450724
0.5

0.5
0.243949
0.472811
0.394663
0.23639
0.019731
-0.169778
-0.309407
-0.410899
-0.493742
-0.572264
-0.643503
-0.726869
-0.798444
-0.775271
-0.705531
-1.09784
-0.730601
-0.489705
-0.450724
-0.450724
0.5

0.5
0.161157
0.32926
0.250691
0.101754
-0.0643261
-0.2385
-0.354146
-0.439981
-0.519591
-0.584698
-0.641885
-0.710596
-0.772439
-0.760215
-0.700597
-0.991418
-0.76898
-0.655748
-0.592656
-0.592656
0.5

0.5
0.206317
0.35853
0.265909
0.10471
-0.0443891
-0.228732
-0.345408
-0.435405
-0.51891
-0.581476
-0.633813
-0.693726
-0.753201
-0.737741
-0.673873
-0.959711
-0.780147
-0.685213
-0.618027
-0.618027
0.5

0.5
0.231353
0.378448
0.270941
0.104449
-0.0308717
-0.232294
-0.344172
-0.437314
-0.525818
-0.584906
-0.633344
-0.682685
-0.740569
-0.720585
-0.652236
-0.959326
-0.79731
-0.70956
-0.644948
-0.644948
0.5

0.5
0.256691
0.395453
0.278885
0.102016
-0.0225128
-0.231487
-0.342753
-0.438599
-0.533576
-0.588769
-0.634239
-0.675726
-0.731517
-0.704847
-0.622277
-0.982248
-0.809368
-0.718277
-0.661242
-0.661242
0.5

0.5
0.288399
0.406451
0.287302
0.105623
-0.0297005
-0.229271
-0.341712
-0.439469
-0.542081
-0.592881
-0.635186
-0.675712
-0.728157
-0.692335
-0.590595
-1.01023
-0.817197
-0.72029
-0.671203
-0.671203
0.5

0.5
0.330744
0.410145
0.293743
0.128159
-0.0575349
-0.233348
-0.342546
-0.441093
-0.549181
-0.59649
-0.6351
-0.684238
-0.731731
-0.683502
-0.568154
-1.02932
-0.818874
-0.718419
-0.676464
-0.676464
0.5

0.5
0.3839
0.40827
0.29732
0.153729
-0.091552
-0.24291
-0.347386
-0.444343
-0.55219
-0.599436
-0.636003
-0.702411
-0.74064
-0.677672
-0.528993
-1.06163
-0.8172
-0.713107
-0.678449
-0.678449
0.5

0.5
0.442157
0.406359
0.298161
0.159368
-0.110955
-0.255258
-0.35852
-0.448255
-0.550877
-0.602918
-0.644189
-0.731112
-0.750084
-0.681075
-0.477332
-1.09459
-0.815784
-0.703905
-0.678901
-0.678901
0.5

0.5
0.496939
0.409226
0.297108
0.148001
-0.118289
-0.271248
-0.377642
-0.451687
-0.548254
-0.609568
-0.665409
-0.773183
-0.75724
-0.718631
-0.502835
-1.03907
-0.797071
-0.689663
-0.680531
-0.680531
0.5

0.5
0.540131
0.414852
0.293628
0.129138
-0.126972
-0.293052
-0.40508
-0.456282
-0.548961
-0.62235
-0.700461
-0.831542
-0.767164
-0.825805
-0.708689
-0.813181
-0.719552
-0.668259
-0.687085
-0.687085
0.5

0.5
0.563206
0.414011
0.283243
0.102961
-0.145532
-0.321526
-0.437075
-0.467311
-0.556609
-0.641841
-0.74378
-0.899001
-0.792671
-1.00393
-1.06895
-0.474486
-0.559848
-0.63689
-0.700675
-0.700675
0.5

0.5
0.558876
0.398211
0.261885
0.0731284
-0.176498
-0.352726
-0.463376
-0.485834
-0.568288
-0.6612
-0.780601
-0.94889
-0.84268
-1.17552
-1.37181
-0.230747
-0.374094
-0.594217
-0.715356
-0.715356
0.5

0.5
0.531131
0.370207
0.235053
0.0541344
-0.210482
-0.374256
-0.470548
-0.498811
-0.57099
-0.665049
-0.789862
-0.948952
-0.899636
-1.23341
-1.43355
-0.20346
-0.268725
-0.545411
-0.715146
-0.715146
0.5

0.5
0.496301
0.341721
0.213851
0.0511768
-0.225469
-0.372135
-0.453299
-0.488431
-0.551869
-0.642014
-0.762196
-0.899918
-0.914128
-1.18207
-1.34685
-0.242693
-0.254846
-0.503502
-0.688639
-0.688639
0.5

0.5
0.496301
0.341721
0.213851
0.0511768
-0.225469
-0.372135
-0.453299
-0.488431
-0.551869
-0.642014
-0.762196
-0.899918
-0.914128
-1.18207
-1.34685
-0.242693
-0.254846
-0.503502
-0.688639
-0.688639
0.5


0.5
-0.27489
-0.459112
-0.388289
-0.228938
-0.014289
0.162866
0.30571
0.413591
0.497153
0.577106
0.650512
0.727596
0.79393
0.764164
0.717525
1.09416
0.768879
0.477269
0.444749
0.444749
0.5

0.5
0.27489
0.459112
0.388289
0.228938
0.014289
-0.162866
-0.30571
-0.413591
-0.497153
-0.577106
-0.650512
-0.727596
-0.79393
-0.764164
-0.717525
-1.09416
-0.768879
-0.477269
-0.444749
-0.444749
0.5

0.5
0.192563
0.303783
0.236459
0.0928992
-0.0681452
-0.232045
-0.349397
-0.439508
-0.518961
-0.585065
-0.644815
-0.707517
-0.762259
-0.743874
-0.709218
-0.981758
-0.790889
-0.6338
-0.582913
-0.582913
0.5

0.5
0.242466
0.329455
0.251839
0.10214
-0.0520021
-0.222626
-0.342074
-0.434866
-0.517069
-0.581847
-0.637988
-0.695695
-0.747654
-0.726337
-0.683711
-0.952137
-0.796802
-0.661153
-0.606778
-0.606778
0.5

0.5
0.272855
0.346362
0.256684
0.100954
-0.0443752
-0.223033
-0.341699
-0.436571
-0.522247
-0.584651
-0.637038
-0.688193
-0.737129
-0.711351
-0.660106
-0.940541
-0.810708
-0.691661
-0.637237
-0.637237
0.5

0.5
0.300155
0.363748
0.263503
0.102606
-0.039439
-0.22433
-0.341696
-0.438242
-0.527762
-0.587847
-0.637513
-0.68352
-0.72947
-0.6974
-0.633297
-0.947315
-0.820668
-0.706741
-0.657048
-0.657048
0.5

0.5
0.329799
0.378531
0.271272
0.105602
-0.0416129
-0.225354
-0.342571
-0.440082
-0.53373
-0.591701
-0.639604
-0.684262
-0.726564
-0.687113
-0.604565
-0.963362
-0.825081
-0.71298
-0.669939
-0.669939
0.5

0.5
0.365398
0.38979
0.278766
0.114581
-0.0540241
-0.228916
-0.34501
-0.44226
-0.539207
-0.595855
-0.643074
-0.692115
-0.729832
-0.682873
-0.578405
-0.978742
-0.821297
-0.713276
-0.677789
-0.677789
0.5

0.5
0.408321
0.397947
0.284995
0.128611
-0.0741937
-0.237099
-0.350296
-0.445227
-0.542979
-0.60025
-0.648821
-0.70842
-0.740001
-0.687789
-0.553407
-0.992348
-0.806628
-0.708638
-0.682224
-0.682224
0.5

0.5
0.456871
0.405052
0.289563
0.13763
-0.0931264
-0.249061
-0.359765
-0.449114
-0.544693
-0.605578
-0.659646
-0.734339
-0.756995
-0.708333
-0.531155
-0.998792
-0.778636
-0.698785
-0.684881
-0.684881
0.5

0.5
0.506274
0.412935
0.291976
0.135462
-0.106492
-0.2645
-0.374703
-0.454262
-0.545983
-0.613632
-0.679131
-0.771312
-0.781454
-0.758467
-0.550913
-0.957348
-0.729172
-0.682798
-0.687896
-0.687896
0.5

0.5
0.548673
0.419403
0.290037
0.123279
-0.120118
-0.285297
-0.396243
-0.462516
-0.550267
-0.626834
-0.708938
-0.819837
-0.815824
-0.854735
-0.681043
-0.81107
-0.643721
-0.659678
-0.693912
-0.693912
0.5

0.5
0.572735
0.41678
0.278691
0.101595
-0.142101
-0.313044
-0.42341
-0.476449
-0.560118
-0.645556
-0.745549
-0.873892
-0.860675
-0.993346
-0.931053
-0.574337
-0.519371
-0.629527
-0.70402
-0.70402
0.5

0.5
0.568726
0.398173
0.254609
0.0722356
-0.172848
-0.343138
-0.448691
-0.493477
-0.571651
-0.662986
-0.776504
-0.915056
-0.906962
-1.12515
-1.1681
-0.384188
-0.389843
-0.594056
-0.713135
-0.713135
0.5

0.5
0.541055
0.367995
0.224782
0.0464526
-0.200131
-0.361934
-0.458171
-0.50113
-0.572355
-0.664702
-0.783292
-0.920091
-0.933605
-1.17837
-1.22908
-0.354972
-0.311275
-0.556417
-0.709165
-0.709165
0.5

0.5
0.507621
0.339317
0.202243
0.0354562
-0.207981
-0.357706
-0.444219
-0.487167
-0.552222
-0.641341
-0.757291
-0.885056
-0.919229
-1.14338
-1.14944
-0.393217
-0.289772
-0.521715
-0.683517
-0.683517
0.5

0.5
0.507621
0.339317
0.202243
0.0354562
-0.207981
-0.357706
-0.444219
-0.487167
-0.552222
-0.641341
-0.757291
-0.885056
-0.919229
-1.14338
-1.14944
-0.393217
-0.289772
-0.521715
-0.683517
-0.683517
0.5


0.5
-0.29472
-0.45926
-0.389684
-0.231261
-0.0229556
0.161056
0.306759
0.417686
0.502582
0.583065
0.657205
0.732616
0.796841
0.764683
0.7248
1.09708
0.79237
0.484498
0.45021
0.45021
0.5

0.5
0.29472
0.45926
0.389684
0.231261
0.0229556
-0.161056
-0.306759
-0.417686
-0.502582
-0.583065
-0.657205
-0.732616
-0.796841
-0.764683
-0.7248
-1.09708
-0.79237
-0.484498
-0.45021
-0.45021
0.5

0.5
0.207793
0.292912
0.229153
0.088535
-0.065863
-0.227937
-0.344669
-0.435635
-0.514783
-0.58006
-0.639544
-0.698981
-0.749799
-0.729208
-0.703362
-0.965649
-0.797189
-0.628233
-0.578262
-0.578262
0.5

0.5
0.258799
0.318662
0.246022
0.100128
-0.0525075
-0.219506
-0.338867
-0.432457
-0.514285
-0.578878
-0.635672
-0.691625
-0.739964
-0.716804
-0.68272
-0.945089
-0.804167
-0.653886
-0.601286
-0.601286
0.5

0.5
0.291133
0.333912
0.250689
0.0993602
-0.0473858
-0.21974
-0.339159
-0.434287
-0.519136
-0.581706
-0.635009
-0.685913
-0.730691
-0.703292
-0.658951
-0.932683
-0.815768
-0.684645
-0.632155
-0.632155
0.5

0.5
0.32003
0.350657
0.257365
0.101422
-0.0445312
-0.220769
-0.339722
-0.436127
-0.524049
-0.584762
-0.635443
-0.682631
-0.72375
-0.690261
-0.632022
-0.935597
-0.824105
-0.701229
-0.653017
-0.653017
0.5

0.5
0.350157
0.366128
0.264903
0.105648
-0.047102
-0.223001
-0.341436
-0.438348
-0.52921
-0.588532
-0.637815
-0.684324
-0.721218
-0.680877
-0.603897
-0.947483
-0.826935
-0.708912
-0.666998
-0.666998
0.5

0.5
0.384762
0.379609
0.272593
0.113052
-0.0566581
-0.227434
-0.34483
-0.440925
-0.533953
-0.592871
-0.642433
-0.692694
-0.72454
-0.678069
-0.576177
-0.961646
-0.821257
-0.710209
-0.675922
-0.675922
0.5

0.5
0.425195
0.39137
0.279674
0.122882
-0.0717783
-0.235551
-0.350819
-0.444011
-0.537575
-0.597839
-0.650182
-0.709071
-0.734885
-0.686213
-0.551912
-0.972583
-0.803518
-0.706181
-0.681493
-0.681493
0.5

0.5
0.470644
0.402461
0.285654
0.129995
-0.0877751
-0.247321
-0.360355
-0.447864
-0.53999
-0.604033
-0.662868
-0.734602
-0.753511
-0.713111
-0.540217
-0.968089
-0.768543
-0.696559
-0.685356
-0.685356
0.5

0.5
0.517643
0.413319
0.289626
0.129457
-0.101715
-0.262657
-0.374406
-0.453311
-0.542568
-0.612911
-0.682826
-0.770303
-0.782662
-0.77122
-0.571786
-0.913491
-0.707041
-0.680171
-0.689406
-0.689406
0.5

0.5
0.55876
0.420893
0.288628
0.119713
-0.117232
-0.283176
-0.39401
-0.462466
-0.54814
-0.626422
-0.711211
-0.815549
-0.824928
-0.870986
-0.693341
-0.768278
-0.609557
-0.655844
-0.695609
-0.695609
0.5

0.5
0.581703
0.417433
0.276942
0.0998435
-0.140893
-0.310308
-0.418562
-0.477168
-0.558512
-0.644372
-0.744535
-0.86351
-0.877561
-1.00143
-0.905005
-0.555518
-0.484428
-0.624263
-0.704067
-0.704067
0.5

0.5
0.575784
0.39668
0.251316
0.0713494
-0.172016
-0.339063
-0.441378
-0.493243
-0.569051
-0.659567
-0.7708
-0.897415
-0.924643
-1.11464
-1.0994
-0.394468
-0.371582
-0.589001
-0.709424
-0.709424
0.5

0.5
0.546245
0.36439
0.219642
0.0443518
-0.196994
-0.355581
-0.449462
-0.497958
-0.567592
-0.658372
-0.773258
-0.898583
-0.941051
-1.15292
-1.14594
-0.374071
-0.313873
-0.554531
-0.701439
-0.701439
0.5

0.5
0.51291
0.335129
0.196228
0.0307787
-0.201748
-0.34981
-0.435953
-0.482013
-0.546438
-0.633888
-0.746052
-0.865571
-0.914699
-1.11531
-1.06767
-0.410319
-0.300329
-0.523833
-0.674705
-0.674705
0.5

0.5
0.51291
0.335129
0.196228
0.0307787
-0.201748
-0.34981
-0.435953
-0.482013
-0.546438
-0.633888
-0.746052
-0.865571
-0.914699
-1.11531
-1.06767
-0.410319
-0.300329
-0.523833
-0.674705
-0.674705
0.5


0.5
0.5
0.5
0.5
0.5
0.5
0.5
0.5
0.5
0.5
0.5
0.5
0.5
0.5
0.5
0.5
0.5
0.5
0.5
0.5
0.5
0.5

0.5
0.29472
0.45926
0.389684
0.231261
0.0229556
-0.161056
-0.306759
-0.417686
-0.502582
-0.583065
-0.657205
-0.732616
-0.796841
-0.764683
-0.7248
-1.09708
-0.79237
-0.484498
-0.45021
-0.45021
0.5

0.5
0.207793
0.292912
0.229153
0.088535
-0.065863
-0.227937
-0.344669
-0.435635
-0.514783
-0.58006
-0.639544
-0.698981
-0.749799
-0.729208
-0.703362
-0.965649
-0.797189
-0.628233
-0.578262
-0.578262
0.5

0.5
0.258799
0.318662
0.246022
0.100128
-0.0525075
-0.219506
-0.338867
-0.432457
-0.514285
-0.578878
-0.635672
-0.691625
-0.739964
-0.716804
-0.68272
-0.945089
-0.804167
-0.653886
-0.601286
-0.601286
0.5

0.5
0.291133
0.333912
0.250689
0.0993602
-0.0473858
-0.21974
-0.339159
-0.434287
-0.519136
-0.581706
-0.635009
-0.685913
-0.730691
-0.703292
-0.658951
-0.932683
-0.815768
-0.684645
-0.632155
-0.632155
0.5

0.5
0.32003
0.350657
0.257365
0.101422
-0.0445312
-0.220769
-0.339722
-0.436127
-0.524049
-0.584762
-0.635443
-0.682631
-0.72375
-0.690261
-0.632022
-0.935597
-0.824105
-0.701229
-0.653017
-0.653017
0.5

0.5
0.350157
0.366128
0.264903
0.105648
-0.047102
-0.223001
-0.341436
-0.438348
-0.52921
-0.588532
-0.637815
-0.684324
-0.721218
-0.680877
-0.603897
-0.947483
-0.826935
-0.708912
-0.666998
-0.666998
0.5

0.5
0.384762
0.379609
0.272593
0.113052
-0.0566581
-0.227434
-0.34483
-0.440925
-0.533953
-0.592871
-0.642433
-0.692694
-0.72454
-0.678069
-0.576177
-0.961646
-0.821257
-0.710209
-0.675922
-0.675922
0.5

0.5
0.425195
0.39137
0.279674
0.122882
-0.0717783
-0.235551
-0.350819
-0.444011
-0.537575
-0.597839
-0.650182
-0.709071
-0.734885
-0.686213
-0.551912
-0.972583
-0.803518
-0.706181
-0.681493
-0.681493
0.5

0.5
0.470644
0.402461
0.285654
0.129995
-0.0877751
-0.247321
-0.360355
-0.447864
-0.53999
-0.604033
-0.662868
-0.734602
-0.753511
-0.713111
-0.540217
-0.968089
-0.768543
-0.696559
-0.685356
-0.685356
0.5

0.5
0.517643
0.413319
0.289626
0.129457
-0.101715
-0.262657
-0.374406
-0.453311
-0.542568
-0.612911
-0.682826
-0.770303
-0.782662
-0.77122
-0.571786
-0.913491
-0.707041
-0.680171
-0.689406
-0.689406
0.5

0.5
0.55876
0.420893
0.288628
0.119713
-0.117232
-0.283176
-0.39401
-0.462466
-0.54814
-0.626422
-0.711211
-0.815549
-0.824928
-0.870986
-0.693341
-0.768278
-0.609557
-0.655844
-0.695609
-0.695609
0.5

0.5
0.581703
0.417433
0.276942
0.0998435
-0.140893
-0.310308
-0.418562
-0.477168
-0.558512
-0.644372
-0.744535
-0.86351
-0.877561
-1.00143
-0.905005
-0.555518
-0.484428
-0.624263
-0.704067
-0.704067
0.5

0.5
0.575784
0.39668
0.251316
0.0713494
-0.172016
-0.339063
-0.441378
-0.493243
-0.569051
-0.659567
-0.7708
-0.897415
-0.924643
-1.11464
-1.0994
-0.394468
-0.371582
-0.589001
-0.709424
-0.709424
0.5

0.5
0.546245
0.36439
0.219642
0.0443518
-0.196994
-0.355581
-0.449462
-0.497958
-0.567592
-0.658372
-0.773258
-0.898583
-0.941051
-1.15292
-1.14594
-0.374071
-0.313873
-0.554531
-0.701439
-0.701439
0.5

0.5
0.51291
0.335129
0.196228
0.0307787
-0.201748
-0.34981
-0.435953
-0.482013
-0.546438
-0.633888
-0.746052
-0.865571
-0.914699
-1.11531
-1.06767
-0.410319
-0.300329
-0.523833
-0.674705
-0.674705
0.5

0.5
0.513667
0.348352
0.216887
0.0602305
-0.158093
-0.298725
-0.3816
-0.427722
-0.488309
-0.56778
-0.668368
-0.778153
-0.834312
-1.01786
-0.98125
-0.337201
-0.226474
-0.433418
-0.573573
-0.573573
0.5


