0
0
0
0
0
0
0
0
0
0
0
0
0
0
0
0
0
0
0
0
0
0

0
0
0
0
0
0
0
0
0
0
0
0
0
0
0
0
0
0
0
0
0
0

0
0
0
0
0
0
0
0
0
0
0
0
0
0
0
0
0
0
0
0
0
0

0
0
0
0
0
0
0
0
0
0
0
0
0
0
0
0
0
0
0
0
0
0

0
0
0
0
0
0
0
0
0
0
0
0
0
0
0
0
0
0
0
0
0
0

0
0
0
0
0
0
0
0
0
0
0
0
0
0
0
0
0
0
0
0
0
0

0
0
0
0
0
0
0
0
0
0
0
0
0
0
0
0
0
0
0
0
0
0

0
0
0
0
0
0
0
0
0
0
0
0
0
0
0
0
0
0
0
0
0
0

0
0
0
0
0
0
0
0
0
0
0
0
0
0
0
0
0
0
0
0
0
0

0
0
0
0
0
0
0
0
0
0
0
0
0
0
0
0
0
0
0
0
0
0

0
0
0
0
0
0
0
0
0
0
0
0
0
0
0
0
0
0
0
0
0
0

0
0
0
0
0
0
0
0
0
0
0
0
0
0
0
0
0
0
0
0
0
0

0
0
0
0
0
0
0
0
0
0
0
0
0
0
0
0
0
0
0
0
0
0

0
0
0
0
0
0
0
0
0
0
0
0
0
0
0
0
0
0
0
0
0
0

0
0
0
0
0
0
0
0
0
0
0
0
0
0
0
0
0
0
0
0
0
0

0
0
0
0
0
0
0
0
0
0
0
0
0
0
0
0
0
0
0
0
0
0

0
0
0
0
0
0
0
0
0
0
0
0
0
0
0
0
0
0
0
0
0
0


0
0
0
0
0
0
0
0
0
0
0
0
0
0
0
0
0
0
0
0
0
0

0
-0.013324
-0.0137563
-0.0256182
-0.00618304
-0.00706467
-0.00793942
-0.0192167
0.00346275
-0.123988
-0.00287294
-0.0210157
-0.0357272
-0.000250759
-0.047031
-0.100133
0.167955
-0.0194021
0.00747187
0.00385286
-0.0122383
0

0
-0.0186026
-0.0150936
-0.0254648
-0.0223418
-0.00473758
3.167e-05
-0.0339125
-0.00329098
-0.0706721
-0.0205835
-0.0378247
-0.0964812
-0.00442609
-0.0687978
-0.189041
0.584395
-0.0564428
0.023854
0.0157043
-0.0168441
0

0
-0.0246094
-0.0207487
-0.0460733
-0.022425
0.000633936
-0.0149921
-0.0450896
-0.000144433
-0.0685394
-0.0339133
-0.0597126
-0.0718523
-0.0106691
-0.0925268
-0.172409
0.194962
0.0289246
0.0558525
0.029042
-0.0215279
0

0
-0.0309376
-0.0274593
-0.0752126
-0.0381484
0.0407613
-0.0358782
-0.0568788
-0.0187814
-0.0665582
-0.0445577
-0.0799001
-0.0753146
-0.0122082
-0.11829
-0.15982
0.0769772
0.100134
0.0884897
0.0432044
-0.0262671
0

0
-0.0374727
-0.0389219
-0.0623233
-0.075839
0.0854535
-0.0571593
-0.0704951
-0.0255916
-0.0718394
-0.0505297
-0.0688419
0.102096
-0.246789
-0.156421
-0.225399
-0.0168886
0.171574
0.08935
0.0596129
-0.0310807
0

0
-0.0441345
-0.0494561
-0.0731543
-0.105738
0.143051
-0.0824442
-0.0863814
-0.0272563
-0.0761878
-0.0584531
-0.0668156
0.0447297
-0.224403
-0.176995
-0.225753
-0.11383
0.237731
0.201308
0.0585609
-0.03609
0

0
-0.050787
-0.0592157
-0.0841071
-0.144618
0.213077
-0.113908
-0.103689
-9.90283e-06
-0.0839686
-0.0654135
-0.068672
-0.00423752
-0.21936
-0.198403
-0.234971
-0.213804
0.319289
0.284884
0.0562399
-0.0411995
0

0
-0.0573328
-0.0682033
-0.094222
-0.194642
0.293078
-0.15399
-0.111829
-0.050439
-0.0821753
-0.0708719
-0.0729454
-0.042661
-0.221688
-0.299895
-0.161867
-0.325647
0.425111
0.378926
0.0313255
-0.0464662
0

0
-0.0637018
-0.0764216
-0.10261
-0.254017
0.370645
-0.175351
-0.117736
-0.0711595
-0.0831427
-0.0759223
-0.078507
-0.0730316
-0.233487
-0.21868
-0.243119
-0.485227
0.555472
0.481781
0.0465904
-0.0519927
0

0
-0.0698473
-0.0838392
-0.111158
-0.213384
0.213743
-0.119428
-0.129264
-0.089179
-0.085032
-0.0805686
-0.084578
-0.0971742
-0.248408
-0.238748
-0.213341
-0.686814
0.767155
0.589761
0.0310072
-0.0576593
0

0
-0.0757418
-0.0905638
-0.116934
-0.178791
0.138377
-0.104063
-0.122168
-0.103606
-0.0870234
-0.0829046
-0.0920664
-0.115984
-0.269751
-0.249457
-0.15997
-0.98628
1.10082
0.714864
-0.00266094
-0.0633883
0

0
-0.0813781
-0.0967433
-0.121244
-0.159369
0.0774394
-0.0977159
-0.118114
-0.124034
-0.0883176
-0.0869343
-0.0974426
-0.130004
-0.299737
-0.238844
0.0452829
-1.36571
1.38435
0.860809
-0.0588679
-0.0691494
0

0
-0.0871058
-0.102598
-0.125036
-0.15037
0.0305796
-0.0970745
-0.120177
-0.118649
-0.0942127
-0.0921374
-0.100756
-0.139248
-0.334356
0.0155716
-0.413576
-1.85439
1.83188
1.03097
-0.146505
-0.0749089
0

0
-0.0922624
-0.107407
-0.128988
-0.148945
-0.00447823
-0.100142
-0.123619
-0.121168
-0.0988256
-0.0957901
-0.104382
-0.143591
-0.315806
-0.159421
-0.447006
-2.47284
2.53844
1.2553
-0.28414
-0.0805859
0

0
-0.09293
-0.107578
-0.129014
-0.14888
-0.0191452
-0.100542
-0.123692
-0.121156
-0.0986896
-0.0957459
-0.104412
-0.143861
-0.316497
-0.154886
-0.438073
-2.54413
2.57807
1.24502
-0.285131
-0.0799257
0

0
0
0
0
0
0
0
0
0
0
0
0
0
0
0
0
0
0
0
0
0
0


0
0
0
0
0
0
0
0
0
0
0
0
0
0
0
0
0
0
0
0
0
0

0
-0.0126258
-0.0698972
-0.0198008
-0.000449388
-0.0350337
-0.0247979
0.00636846
0.00468176
-0.00962488
-0.0118637
-0.0264454
0.190202
0.01264
-0.0372871
-0.0528382
-0.498363
0.0166882
0.0146504
0.00293621
-0.0122858
0

0
-0.0188841
0.0510737
-0.0165087
-0.0167815
0.0814134
-0.032399
-0.0637025
-0.024282
-0.0429913
-0.0208441
-0.0354864
0.0753532
-0.0341901
-0.0673608
-0.0683967
-1.05683
-0.112052
0.031207
0.013643
-0.0169182
0

0
-0.0242162
-0.00112238
-0.0194643
-0.0285824
0.167831
-0.0189387
-0.0518581
-0.0578267
-0.0557627
-0.0329986
-0.0488363
-0.112968
-0.10257
-0.0987878
-0.0328215
-0.237335
-0.00238899
0.07196
0.0259035
-0.0216085
0

0
-0.0304221
-0.0229551
0.00162571
-0.0400433
0.0723611
-0.040846
-0.0581781
-0.0446735
-0.0602331
-0.0427445
-0.057468
-0.277974
-0.0261212
-0.119869
0.203404
-0.0846978
0.0645674
0.135324
0.0398944
-0.0263024
0

0
-0.0368996
-0.0364349
-0.0420782
-0.066592
0.0206449
-0.0657872
-0.0693401
-0.0534572
-0.06625
-0.0502977
-0.0616882
-0.0624761
-0.15514
-0.136942
-0.629447
-0.143231
0.112774
0.284166
0.0577315
-0.0309239
0

0
-0.0434563
-0.0474845
-0.0627477
-0.0935376
-0.0434619
-0.0977963
-0.0828258
-0.0822566
-0.0733496
-0.0575377
-0.0642148
-0.0421711
-0.183658
-0.176711
-0.299176
-0.160848
0.164181
0.242713
0.0581577
-0.0360298
0

0
-0.0499836
-0.0571354
-0.076933
-0.120446
-0.20229
-0.144407
-0.0966616
-0.156888
-0.0828678
-0.0642043
-0.0680999
-0.0492061
-0.194586
-0.208817
-0.269785
-0.223824
0.204547
0.264593
0.0640691
-0.0410164
0

0
-0.0564029
-0.065679
-0.0885211
-0.142584
-0.535789
-0.217724
-0.110303
-0.0935333
-0.0807278
-0.0696961
-0.0731569
-0.0661238
-0.206741
-0.251536
-0.285692
-0.311841
0.209777
0.312267
0.0859526
-0.0457608
0

0
-0.0626601
-0.0729867
-0.098409
-0.159684
-0.777277
-0.298033
-0.123362
-0.0842896
-0.0814386
-0.0747294
-0.0789615
-0.0850263
-0.226242
-0.261146
-0.386991
-0.430672
-0.00799096
0.338734
0.0534358
-0.0517606
0

0
-0.0687352
-0.0782981
-0.106613
-0.16829
-0.238038
-0.157597
-0.119847
-0.0849642
-0.0831156
-0.0792766
-0.0850989
-0.102438
-0.256377
-0.305995
-0.57653
-0.631014
0.856167
0.532134
0.0386158
-0.0572571
0

0
-0.0746919
-0.0789441
-0.1153
-0.155829
-0.0893272
-0.12394
-0.116947
-0.0812352
-0.0847337
-0.083104
-0.091323
-0.1175
-0.222881
-0.393475
-0.946686
-0.813682
0.995304
0.614916
0.0110897
-0.0629214
0

0
-0.0807941
-0.0689848
-0.1263
-0.146769
-0.0429581
-0.109766
-0.11604
-0.0578226
-0.0854751
-0.0871518
-0.0966063
-0.128977
-0.263353
-0.58657
-1.25032
-0.963044
1.13624
0.704181
-0.0268791
-0.0684932
0

0
-0.0853142
-0.13069
-0.106076
-0.139668
-0.035809
-0.10532
-0.117204
-0.0951278
-0.0920964
-0.0916004
-0.10077
-0.137015
-0.283335
-0.835377
-0.693155
-0.993219
1.38906
0.800086
-0.0753232
-0.0739239
0

0
-0.0910698
-0.116464
-0.1189
-0.140907
-0.042082
-0.106704
-0.120478
-0.107341
-0.0970593
-0.0954825
-0.104279
-0.140942
-0.284839
-0.456646
-0.61665
-1.07839
1.69652
0.874821
-0.119699
-0.0790303
0

0
-0.0917438
-0.11669
-0.118846
-0.14089
-0.0418053
-0.106971
-0.120499
-0.107193
-0.0969719
-0.0954455
-0.104313
-0.141192
-0.28561
-0.462864
-0.613989
-1.13163
1.72165
0.859808
-0.119533
-0.0788719
0

0
0
0
0
0
0
0
0
0
0
0
0
0
0
0
0
0
0
0
0
0
0


0
0
0
0
0
0
0
0
0
0
0
0
0
0
0
0
0
0
0
0
0
0

0
-0.0129702
-0.0225625
-0.0144995
-0.00592398
-0.0366512
-0.0286152
-0.0161258
-0.0116199
-0.0168316
-0.0146034
-0.0202317
0.0681707
-0.0121995
-0.0347477
-0.0435936
-0.269152
-0.0142485
0.0129786
0.0014493
-0.0123381
0

0
-0.018308
0.00140959
-0.0172709
-0.0134168
0.0453028
-0.031465
-0.039113
-0.0264566
-0.0331882
-0.0231293
-0.0314987
0.00891138
-0.0395798
-0.0619477
-0.0675082
-0.4793
-0.0394027
0.035506
0.0108364
-0.0170084
0

0
-0.0239824
-0.0106326
-0.0207854
-0.0249606
0.0673388
-0.0339126
-0.0477472
-0.0428427
-0.0453075
-0.0326901
-0.0433194
-0.0751509
-0.0711825
-0.0887969
-0.0758735
-0.224771
-0.0021024
0.069435
0.0209697
-0.0217428
0

0
-0.0300876
-0.0241958
-0.0231359
-0.0401581
0.0308606
-0.0479802
-0.0562651
-0.0490506
-0.0534413
-0.0415018
-0.0525758
-0.14407
-0.0800309
-0.113399
-0.0998691
-0.144982
0.039738
0.116807
0.0317786
-0.0264973
0

0
-0.036418
-0.0359621
-0.0412589
-0.061061
-0.0263838
-0.0698429
-0.066755
-0.0598533
-0.0606307
-0.0492171
-0.0583198
-0.0672677
-0.117949
-0.14003
-0.246008
-0.151416
0.0768823
0.175183
0.0420809
-0.0312964
0

0
-0.0428233
-0.0462763
-0.0576808
-0.0840416
-0.10897
-0.098611
-0.0786366
-0.0782883
-0.0676262
-0.05627
-0.0627078
-0.0604766
-0.149832
-0.171059
-0.275457
-0.177395
0.111134
0.194039
0.0473973
-0.0362513
0

0
-0.049203
-0.0554649
-0.0711856
-0.106933
-0.23301
-0.134794
-0.0907162
-0.101454
-0.0740612
-0.0627034
-0.0676024
-0.0668768
-0.170231
-0.202815
-0.280482
-0.226681
0.13899
0.220525
0.0521994
-0.041255
0

0
-0.0554873
-0.0636589
-0.0825102
-0.127399
-0.398823
-0.17662
-0.101617
-0.0912375
-0.0767246
-0.0684071
-0.0731111
-0.0787291
-0.187021
-0.237549
-0.318131
-0.300018
0.157701
0.258109
0.0563143
-0.0463278
0

0
-0.0616305
-0.0708098
-0.0920612
-0.142138
-0.503966
-0.206686
-0.110066
-0.0858961
-0.0789726
-0.073596
-0.0790113
-0.0924122
-0.204398
-0.269135
-0.403132
-0.402098
0.190709
0.309846
0.04616
-0.0517633
0

0
-0.0676153
-0.0767244
-0.100029
-0.144328
-0.0917692
-0.142682
-0.110622
-0.0845203
-0.0813938
-0.0783552
-0.085009
-0.105776
-0.221527
-0.316556
-0.541499
-0.546392
0.539417
0.399403
0.0338938
-0.0571951
0

0
-0.073461
-0.0813382
-0.106975
-0.138953
-0.0698429
-0.121906
-0.11072
-0.0829401
-0.083922
-0.0827279
-0.0908061
-0.11758
-0.224849
-0.38764
-0.742109
-0.710453
0.62839
0.462731
0.0158299
-0.0626374
0

0
-0.0792045
-0.0867355
-0.112423
-0.134485
-0.0625537
-0.112222
-0.111478
-0.0802241
-0.0867391
-0.0869909
-0.0959765
-0.127209
-0.243178
-0.48812
-0.892833
-0.870745
0.713071
0.519082
-0.00788648
-0.0680117
0

0
-0.0846263
-0.105702
-0.110599
-0.132156
-0.0622689
-0.109062
-0.113613
-0.0921424
-0.0913289
-0.0912254
-0.100339
-0.134112
-0.256671
-0.574035
-0.64126
-0.955151
0.786692
0.559809
-0.0348765
-0.0732498
0

0
-0.0899478
-0.110511
-0.115422
-0.133931
-0.066659
-0.110674
-0.117107
-0.100893
-0.0958639
-0.0951558
-0.103926
-0.137836
-0.258837
-0.464558
-0.609928
-1.00686
0.783128
0.566071
-0.0569071
-0.0782416
0

0
-0.0906115
-0.110571
-0.115438
-0.13394
-0.066457
-0.110854
-0.117096
-0.100756
-0.0958031
-0.0951251
-0.103964
-0.13807
-0.259624
-0.468043
-0.611173
-1.04816
0.801116
0.557741
-0.0571658
-0.0782574
0

0
0
0
0
0
0
0
0
0
0
0
0
0
0
0
0
0
0
0
0
0
0


0
0
0
0
0
0
0
0
0
0
0
0
0
0
0
0
0
0
0
0
0
0

0
-0.0129616
-0.0135774
-0.0133133
-0.00357221
0.0467881
-0.0340678
-0.0201994
-0.0158071
-0.0176882
-0.0154415
-0.0182505
0.0112313
-0.0207108
-0.032636
-0.0397059
-0.138609
-0.0134041
0.0107186
-0.000306289
-0.0123942
0

0
-0.0182899
-0.0117625
-0.0181617
-0.00789593
0.00728946
-0.0397477
-0.0333851
-0.0267268
-0.0291326
-0.0236981
-0.0289293
-0.0163857
-0.0410778
-0.0575921
-0.0673497
-0.233809
-0.0176854
0.0312037
0.00722655
-0.0171167
0

0
-0.0239357
-0.0179479
-0.0236647
-0.0211542
0.0194435
-0.0408581
-0.0434606
-0.0383101
-0.0394914
-0.0322537
-0.0395169
-0.0560212
-0.0637512
-0.0825673
-0.0917223
-0.190463
-0.00187664
0.0572126
0.0150047
-0.0219065
0

0
-0.0298853
-0.027067
-0.0306601
-0.0373218
0.00317794
-0.0509396
-0.0529116
-0.0477345
-0.0480971
-0.0404381
-0.048542
-0.0871059
-0.0831064
-0.107557
-0.126928
-0.154064
0.0230426
0.0890601
0.0228223
-0.0267232
0

0
-0.0360283
-0.036588
-0.0424498
-0.0559073
-0.0402483
-0.0684955
-0.0629564
-0.0581031
-0.0556539
-0.0479731
-0.0553554
-0.0710112
-0.10665
-0.13397
-0.187696
-0.155241
0.0487711
0.122345
0.0297885
-0.0315888
0

0
-0.0422507
-0.0457163
-0.055075
-0.075642
-0.101279
-0.0910383
-0.0735166
-0.0702946
-0.0625137
-0.0549108
-0.0611155
-0.0694643
-0.130629
-0.162306
-0.232205
-0.177922
0.0738344
0.147272
0.0346274
-0.0365343
0

0
-0.0484638
-0.0542275
-0.0667923
-0.0949955
-0.174496
-0.116344
-0.0838594
-0.081479
-0.0684525
-0.0612869
-0.0668078
-0.075417
-0.150917
-0.192034
-0.263896
-0.219041
0.0989946
0.17342
0.0378256
-0.0415502
0

0
-0.0546042
-0.0620524
-0.0771718
-0.11196
-0.254621
-0.140739
-0.0929677
-0.0830921
-0.0727377
-0.0671064
-0.0726781
-0.0849664
-0.168518
-0.223865
-0.307867
-0.279536
0.130552
0.205292
0.0385962
-0.0466545
0

0
-0.0606315
-0.0691611
-0.086129
-0.123445
-0.30505
-0.154864
-0.0998734
-0.0830149
-0.0762587
-0.0724608
-0.0786573
-0.095879
-0.184883
-0.257798
-0.375674
-0.362338
0.190015
0.245765
0.0339475
-0.0519007
0

0
-0.0665279
-0.0755936
-0.0936852
-0.126424
-0.130751
-0.133215
-0.102949
-0.0835184
-0.0795642
-0.0774281
-0.084562
-0.106714
-0.199725
-0.299233
-0.469473
-0.471758
0.308581
0.293236
0.0257381
-0.0571927
0

0
-0.0722988
-0.081673
-0.100027
-0.12537
-0.0930222
-0.11899
-0.104825
-0.0844081
-0.0828851
-0.0820762
-0.0901741
-0.116511
-0.210685
-0.350034
-0.58284
-0.603029
0.361736
0.332524
0.0138997
-0.0624776
0

0
-0.0779542
-0.0885199
-0.105021
-0.124248
-0.0815883
-0.111965
-0.106864
-0.086289
-0.0864575
-0.0865103
-0.0952606
-0.124698
-0.223384
-0.405674
-0.666626
-0.740326
0.386524
0.361585
-0.000970102
-0.0677003
0

0
-0.0834483
-0.0980313
-0.107989
-0.124569
-0.079816
-0.110064
-0.109715
-0.0923196
-0.0906447
-0.0907696
-0.0996777
-0.130764
-0.232803
-0.444009
-0.588497
-0.839065
0.379264
0.375117
-0.0167669
-0.0728055
0

0
-0.0887164
-0.104254
-0.112157
-0.12727
-0.0830788
-0.11214
-0.113495
-0.0983859
-0.0949456
-0.0947655
-0.103364
-0.134353
-0.235377
-0.418419
-0.563078
-0.88673
0.349251
0.370566
-0.029018
-0.0777127
0

0
-0.0893662
-0.104284
-0.112189
-0.127292
-0.0829468
-0.112261
-0.113466
-0.0982747
-0.0948956
-0.0947395
-0.103403
-0.134573
-0.236104
-0.42063
-0.566201
-0.913467
0.364984
0.366753
-0.0296078
-0.0778159
0

0
0
0
0
0
0
0
0
0
0
0
0
0
0
0
0
0
0
0
0
0
0


0
0
0
0
0
1
0
0
0
0
0
0
0
0
0
0
0
0
0
0
0
0

0
-0.0129576
-0.0125422
-0.0132068
0.000736574
0.855281
-0.0120117
-0.0194496
-0.0165755
-0.017094
-0.0155702
-0.0174012
-0.0090741
-0.0229271
-0.0306124
-0.0366833
-0.0800518
-0.0110953
0.00728605
-0.00225128
-0.0124552
0

0
-0.0183228
-0.016086
-0.0188431
-0.00760933
0.494016
-0.0200983
-0.0299503
-0.0260674
-0.026686
-0.0235826
-0.0272413
-0.025423
-0.0406207
-0.0535638
-0.0642041
-0.133742
-0.0115063
0.0235683
0.0032435
-0.0172364
0

0
-0.0239166
-0.0218369
-0.0253221
-0.0204149
0.210788
-0.0322837
-0.0396967
-0.0358385
-0.0358302
-0.0316287
-0.0368822
-0.0473584
-0.0596736
-0.0767604
-0.0914272
-0.142571
-0.00368819
0.0425242
0.00872264
-0.0220846
0

0
-0.0297223
-0.0292347
-0.0330693
-0.0350147
0.0596757
-0.0467558
-0.0491308
-0.0451065
-0.0440985
-0.0394006
-0.0455671
-0.0651373
-0.0784737
-0.100404
-0.123254
-0.139315
0.0103647
0.0641006
0.0140159
-0.0269571
0

0
-0.0356824
-0.037292
-0.0426898
-0.0511973
-0.0214583
-0.0631623
-0.0586185
-0.054403
-0.0515697
-0.0467232
-0.0529375
-0.0679947
-0.097882
-0.125034
-0.162772
-0.14721
0.0268493
0.0863236
0.0186081
-0.031868
0

0
-0.0417183
-0.0453943
-0.0530506
-0.0679478
-0.0786453
-0.081226
-0.0681176
-0.0637169
-0.0583264
-0.0535608
-0.0594886
-0.0718136
-0.117398
-0.15088
-0.201278
-0.168616
0.044377
0.107032
0.0219335
-0.0368311
0

0
-0.0477592
-0.0532296
-0.0631571
-0.0840301
-0.128384
-0.0996221
-0.0771921
-0.0717138
-0.0642783
-0.0599204
-0.0657334
-0.078519
-0.135581
-0.177948
-0.237573
-0.203579
0.0638176
0.128387
0.0237687
-0.0418513
0

0
-0.0537506
-0.0606531
-0.072478
-0.0979226
-0.171656
-0.115694
-0.085211
-0.0762504
-0.0692748
-0.0658206
-0.0718852
-0.0871307
-0.152194
-0.206602
-0.27977
-0.253098
0.0887378
0.152247
0.0235922
-0.0469358
0

0
-0.0596559
-0.0676174
-0.0807678
-0.10773
-0.192661
-0.124669
-0.091587
-0.0790726
-0.0736177
-0.071311
-0.0779458
-0.0965272
-0.167481
-0.237239
-0.333522
-0.318903
0.124605
0.178994
0.0205582
-0.0520884
0

0
-0.0654573
-0.0741738
-0.0879572
-0.112263
-0.136771
-0.119545
-0.0958696
-0.0815032
-0.0776355
-0.076446
-0.0838121
-0.105806
-0.181289
-0.271092
-0.398998
-0.40257
0.167077
0.205768
0.0148791
-0.0572706
0

0
-0.071151
-0.0805274
-0.0941312
-0.113971
-0.105712
-0.112829
-0.0990546
-0.0840777
-0.0815562
-0.0812771
-0.0893406
-0.114285
-0.193067
-0.307526
-0.469503
-0.501966
0.187
0.227384
0.00682102
-0.0624393
0

0
-0.0767347
-0.0870642
-0.0993653
-0.115182
-0.0934167
-0.109091
-0.102104
-0.087338
-0.0855599
-0.0858556
-0.094385
-0.121479
-0.203574
-0.342063
-0.521443
-0.606863
0.185466
0.24082
-0.00296795
-0.0675517
0

0
-0.0821868
-0.0939694
-0.103777
-0.117199
-0.0906673
-0.10872
-0.105571
-0.0919941
-0.0897724
-0.0902053
-0.0988391
-0.126988
-0.211029
-0.364074
-0.508276
-0.690626
0.166725
0.244185
-0.0130567
-0.0725666
0

0
-0.0874401
-0.0997292
-0.108258
-0.120672
-0.0933088
-0.111382
-0.109639
-0.096975
-0.0940402
-0.09429
-0.102631
-0.130541
-0.213805
-0.36061
-0.494803
-0.729111
0.146032
0.238292
-0.0211839
-0.0774244
0

0
-0.0880774
-0.0997494
-0.10829
-0.120701
-0.0932373
-0.111459
-0.109603
-0.0968847
-0.0939953
-0.0942679
-0.10267
-0.130745
-0.214446
-0.362267
-0.498153
-0.744719
0.157407
0.23678
-0.0218
-0.0775639
0

0
0
0
0
0
0
0
0
0
0
0
0
0
0
0
0
0
0
0
0
0
0


0
0
0
0
0
0
0
0
0
0
0
0
0
0
0
0
0
0
0
0
0
0

0
-0.0129571
-0.012824
-0.0134565
-0.0019405
-0.0363131
-0.0366836
-0.0192134
-0.0163326
-0.0163401
-0.0154416
-0.0168397
-0.015532
-0.0228962
-0.0285513
-0.0335772
-0.0522375
-0.0103678
0.0033069
-0.00426751
-0.0125199
0

0
-0.0183249
-0.0178781
-0.0194231
-0.00924916
0.0198612
-0.0361837
-0.0282256
-0.0250155
-0.0249253
-0.0232018
-0.026015
-0.028117
-0.0389709
-0.0494585
-0.0589905
-0.0879506
-0.0109596
0.0150333
-0.00083149
-0.0173629
0

0
-0.0238613
-0.0237635
-0.0261016
-0.0207848
0.0369774
-0.0376801
-0.0368885
-0.0337658
-0.0332454
-0.0309081
-0.0349917
-0.0429455
-0.0557566
-0.0706461
-0.0846933
-0.107328
-0.00760093
0.0280566
0.00247666
-0.0222701
0

0
-0.0295426
-0.0304813
-0.0336534
-0.033673
0.0113878
-0.045968
-0.0455709
-0.0423095
-0.0410491
-0.0383832
-0.0433653
-0.0559497
-0.072671
-0.0922648
-0.112438
-0.118515
-0.000516526
0.0423818
0.00555199
-0.0271953
0

0
-0.0353393
-0.0376871
-0.0421243
-0.0474087
-0.0271792
-0.0582098
-0.0542779
-0.0506412
-0.0482798
-0.0455167
-0.0509386
-0.0639183
-0.0896265
-0.114564
-0.143308
-0.132245
0.00876996
0.0572605
0.00809115
-0.0321472
0

0
-0.0412004
-0.045038
-0.0510569
-0.0613577
-0.064795
-0.0721198
-0.0628555
-0.058579
-0.0549229
-0.0522609
-0.0578913
-0.0708313
-0.106414
-0.137679
-0.175543
-0.153165
0.0193491
0.0720758
0.00976502
-0.0371332
0

0
-0.047074
-0.0522948
-0.0599104
-0.0746328
-0.0981314
-0.0859463
-0.0709946
-0.0655452
-0.0609374
-0.0586061
-0.0644729
-0.0784022
-0.122501
-0.161668
-0.208747
-0.183088
0.0313418
0.0872441
0.0103106
-0.0421573
0

0
-0.0529159
-0.0593177
-0.0682852
-0.0861834
-0.124483
-0.0977514
-0.0783075
-0.0709289
-0.0663048
-0.0645625
-0.0708213
-0.0866883
-0.137588
-0.186659
-0.245479
-0.223233
0.0455508
0.103156
0.00941215
-0.0472204
0

0
-0.0586957
-0.0660472
-0.075945
-0.0949431
-0.136526
-0.105147
-0.0844673
-0.0751697
-0.0711588
-0.0701569
-0.0769551
-0.0952434
-0.15156
-0.212727
-0.287815
-0.274663
0.0618621
0.119346
0.00674895
-0.0523162
0

0
-0.0643953
-0.0724966
-0.0827996
-0.100465
-0.121354
-0.106213
-0.0893569
-0.0788894
-0.0756851
-0.0754232
-0.0828175
-0.103553
-0.164223
-0.239793
-0.335095
-0.337781
0.0755429
0.13398
0.00231765
-0.0574222
0

0
-0.0700052
-0.078748
-0.0888898
-0.103947
-0.105568
-0.104852
-0.0934208
-0.0825364
-0.0800467
-0.0803946
-0.0883166
-0.111161
-0.175256
-0.266663
-0.382443
-0.410647
0.0784001
0.14475
-0.00366109
-0.0625084
0

0
-0.0755193
-0.0849059
-0.0943206
-0.1068
-0.0973962
-0.104218
-0.097239
-0.0864685
-0.0843685
-0.0850999
-0.0933563
-0.1177
-0.184447
-0.290185
-0.41798
-0.486117
0.0696536
0.150039
-0.0106879
-0.0675437
0

0
-0.0809243
-0.0909214
-0.0992643
-0.110004
-0.0955958
-0.105451
-0.101227
-0.0909147
-0.0887199
-0.0895551
-0.0978604
-0.122873
-0.190921
-0.305111
-0.424617
-0.547726
0.05388
0.149393
-0.0178971
-0.0724988
0

0
-0.0861716
-0.0963151
-0.104027
-0.114066
-0.0982924
-0.108753
-0.105564
-0.0955748
-0.09305
-0.0937388
-0.101766
-0.126479
-0.193896
-0.307173
-0.420336
-0.575145
0.0408234
0.143743
-0.024154
-0.0773271
0

0
-0.0867978
-0.0963283
-0.104054
-0.114097
-0.0982637
-0.1088
-0.105526
-0.0955013
-0.0930092
-0.0937203
-0.101805
-0.126664
-0.194449
-0.308487
-0.423196
-0.583809
0.0484054
0.143375
-0.0246643
-0.0774706
0

0
0
0
0
0
0
0
0
0
0
0
0
0
0
0
0
0
0
0
0
0
0


0
0
0
0
0
0
0
0
0
0
0
0
0
0
0
0
0
0
0
0
0
0

0
-0.0129438
-0.013149
-0.0135673
-0.00920218
-0.0105347
-0.0218082
-0.0171034
-0.0157577
-0.01567
-0.0152253
-0.0163825
-0.017254
-0.0220343
-0.026419
-0.03031
-0.0377544
-0.0108356
-0.000755641
-0.00627423
-0.012587
0

0
-0.0182862
-0.0187047
-0.0196779
-0.0146182
0.000906556
-0.0293077
-0.0257607
-0.0237941
-0.0235559
-0.022732
-0.0250492
-0.0283149
-0.0366929
-0.0451866
-0.0527841
-0.0637829
-0.0127295
0.00659395
-0.0048487
-0.0174936
0

0
-0.0237574
-0.0246635
-0.0262836
-0.0230752
0.00168464
-0.0353853
-0.0340122
-0.0318066
-0.0312664
-0.0301664
-0.0335491
-0.0401538
-0.0516849
-0.0641819
-0.0755898
-0.0833801
-0.0126222
0.0145529
-0.0035844
-0.0224601
0

0
-0.0293267
-0.0310471
-0.0334343
-0.033305
-0.0119012
-0.0433068
-0.0420941
-0.0396482
-0.0386365
-0.0374047
-0.0416511
-0.0511727
-0.066754
-0.0834849
-0.0994132
-0.0988648
-0.0104022
0.023187
-0.00253104
-0.0274369
0

0
-0.0349781
-0.0377328
-0.0410864
-0.0444737
-0.0335223
-0.0532021
-0.0500787
-0.0472367
-0.0455971
-0.0443731
-0.0492382
-0.0602864
-0.0817382
-0.103216
-0.124794
-0.114828
-0.00669261
0.0322027
-0.00187566
-0.032429
0

0
-0.0406798
-0.0445448
-0.0490048
-0.0558736
-0.0571678
-0.0641133
-0.0578762
-0.0544204
-0.0521104
-0.0510281
-0.0563584
-0.068473
-0.0964711
-0.123442
-0.151521
-0.134533
-0.00207989
0.0413335
-0.00182429
-0.0374401
0

0
-0.0463955
-0.0513293
-0.0568845
-0.0667919
-0.0791174
-0.0748726
-0.0652929
-0.0609429
-0.0581511
-0.0573522
-0.0631176
-0.0765374
-0.110693
-0.144175
-0.179607
-0.159819
0.00313171
0.050535
-0.00256842
-0.0424714
0

0
-0.0520928
-0.0579792
-0.0644612
-0.0765133
-0.0964919
-0.0842361
-0.0720998
-0.0666038
-0.0637236
-0.0633448
-0.0695869
-0.0846725
-0.124175
-0.165393
-0.209842
-0.191797
0.00865637
0.0596879
-0.00429614
-0.0475209
0

0
-0.0577474
-0.0644366
-0.0715562
-0.0844343
-0.105776
-0.0909982
-0.0781215
-0.0715372
-0.0688964
-0.0690174
-0.0757772
-0.0927227
-0.136728
-0.18695
-0.242749
-0.231106
0.0134677
0.0682612
-0.00715254
-0.0525809
0

0
-0.0633421
-0.0706875
-0.0780907
-0.0903767
-0.104027
-0.0945864
-0.0833334
-0.0760296
-0.0737735
-0.0743876
-0.0816532
-0.100409
-0.148139
-0.208419
-0.277431
-0.277617
0.0150939
0.0752291
-0.0111426
-0.0576361
0

0
-0.0688677
-0.0767486
-0.0840793
-0.0949201
-0.0988034
-0.0963998
-0.0879611
-0.080356
-0.0784582
-0.079474
-0.0871548
-0.107439
-0.15812
-0.228708
-0.310677
-0.329516
0.0110176
0.0795092
-0.0161108
-0.062666
0

0
-0.0743177
-0.0826324
-0.0895996
-0.0988844
-0.0956296
-0.0981362
-0.0923387
-0.0847347
-0.0830322
-0.0842925
-0.0922177
-0.113556
-0.166335
-0.245783
-0.336318
-0.381704
0.00145416
0.080422
-0.0217265
-0.0676489
0

0
-0.0796849
-0.0882802
-0.0947715
-0.102935
-0.0958045
-0.100781
-0.0967471
-0.0892835
-0.0875433
-0.0888536
-0.0967891
-0.11855
-0.172267
-0.25692
-0.347284
-0.423818
-0.0103442
0.0779783
-0.0274898
-0.072565
0

0
-0.0849337
-0.0934951
-0.0997166
-0.107442
-0.0990443
-0.104694
-0.101322
-0.0939175
-0.0919706
-0.0931386
-0.100817
-0.122275
-0.175494
-0.260315
-0.347859
-0.442053
-0.0189031
0.0728065
-0.0328223
-0.0773757
0

0
-0.0855495
-0.0935019
-0.0997338
-0.107469
-0.0990392
-0.104721
-0.101286
-0.0938581
-0.0919341
-0.0931234
-0.100854
-0.12244
-0.175961
-0.261361
-0.350055
-0.446725
-0.0140702
0.0729906
-0.0331788
-0.0775007
0

0
0
0
0
0
0
0
0
0
0
0
0
0
0
0
0
0
0
0
0
0
0


0
0
0
0
0
0
0
0
0
0
0
0
0
0
0
0
0
0
0
0
0
0

0
-0.012915
-0.013341
-0.0136222
-0.0118595
-0.00889659
-0.0171595
-0.0158225
-0.0151584
-0.0151038
-0.0149872
-0.0159864
-0.0174092
-0.0208632
-0.024235
-0.026977
-0.0292509
-0.0119283
-0.00468751
-0.00823175
-0.0126565
0

0
-0.0182125
-0.0190696
-0.0197035
-0.0173992
-0.00930093
-0.0250469
-0.0236739
-0.0225779
-0.0224381
-0.0222478
-0.0242438
-0.0275872
-0.0341368
-0.0407946
-0.0462157
-0.0490268
-0.0154514
-0.00141947
-0.00874317
-0.0176276
0

0
-0.0236111
-0.0250164
-0.0260999
-0.0245615
-0.0134989
-0.0321993
-0.0313051
-0.0299585
-0.0296598
-0.0294442
-0.0323753
-0.0379793
-0.0475399
-0.0575
-0.0657044
-0.0662437
-0.0180137
0.00209249
-0.00941065
-0.0226533
0

0
-0.0290745
-0.0311765
-0.0328101
-0.0329136
-0.0231723
-0.0397917
-0.0387584
-0.0371896
-0.0366487
-0.0364794
-0.0402352
-0.0479563
-0.0609288
-0.0743696
-0.0857182
-0.0816427
-0.0194793
0.00592268
-0.0102433
-0.0276815
0

0
-0.034594
-0.0375036
-0.039791
-0.0419606
-0.0368182
-0.0481633
-0.0460705
-0.0441997
-0.0433488
-0.0433003
-0.047747
-0.0571012
-0.0741783
-0.0914483
-0.106542
-0.0971771
-0.0201278
0.00993793
-0.0113555
-0.0327142
0

0
-0.0401499
-0.0439102
-0.0469123
-0.0512056
-0.0520038
-0.0569824
-0.0531935
-0.0508914
-0.0497234
-0.0498699
-0.0549054
-0.0656249
-0.0871558
-0.108746
-0.128247
-0.114663
-0.0203303
0.0139825
-0.0128712
-0.0377523
0

0
-0.0457188
-0.0503063
-0.0540027
-0.0601632
-0.0665433
-0.0656332
-0.0600189
-0.057146
-0.0557522
-0.0561666
-0.0617406
-0.0738237
-0.099697
-0.126226
-0.150904
-0.135356
-0.020436
0.0179283
-0.0149082
-0.042795
0

0
-0.0512786
-0.0566197
-0.0609016
-0.0683845
-0.078576
-0.0734265
-0.066422
-0.0628884
-0.0614375
-0.0621813
-0.0682751
-0.0818049
-0.111628
-0.143792
-0.174709
-0.160029
-0.020882
0.0215803
-0.0175678
-0.0478389
0

0
-0.0568109
-0.0628034
-0.0674919
-0.0755338
-0.0864267
-0.0797693
-0.0723141
-0.0681677
-0.0668132
-0.0679137
-0.0745052
-0.0895024
-0.122773
-0.161227
-0.199632
-0.189008
-0.0224104
0.0245757
-0.0209143
-0.0528772
0

0
-0.0623031
-0.0688336
-0.0737153
-0.0815289
-0.0893737
-0.0844679
-0.0776948
-0.073116
-0.0719343
-0.073369
-0.0804029
-0.0967608
-0.132935
-0.178096
-0.224878
-0.221984
-0.0260705
0.0264047
-0.0249352
-0.0578993
0

0
-0.0677478
-0.0747008
-0.0795724
-0.0866458
-0.0898594
-0.0880829
-0.0826824
-0.0778819
-0.0768595
-0.0785538
-0.0859263
-0.103399
-0.141873
-0.19359
-0.248465
-0.257498
-0.0325255
0.0266059
-0.0295227
-0.0628915
0

0
-0.0731405
-0.0803904
-0.0851065
-0.0913276
-0.0905636
-0.0914546
-0.0874609
-0.0825904
-0.0816384
-0.0834752
-0.091032
-0.109248
-0.149306
-0.206462
-0.267143
-0.292114
-0.0411829
0.0249622
-0.0344725
-0.0678397
0

0
-0.0784793
-0.0858588
-0.0903846
-0.0959758
-0.0927671
-0.0952145
-0.0922003
-0.0873127
-0.0863023
-0.0881387
-0.0956842
-0.114168
-0.154911
-0.215249
-0.277595
-0.319526
-0.0500023
0.0216041
-0.0395069
-0.0727309
0

0
-0.0837359
-0.0909995
-0.0954491
-0.100823
-0.0967336
-0.0996586
-0.0969812
-0.0920221
-0.0908356
-0.0925237
-0.0998396
-0.118056
-0.158438
-0.219026
-0.280347
-0.331411
-0.0560443
0.0169158
-0.0443255
-0.0775316
0

0
-0.0843418
-0.0910001
-0.0954561
-0.100843
-0.096737
-0.099672
-0.0969518
-0.091975
-0.0908037
-0.0925116
-0.0998744
-0.118199
-0.158823
-0.21984
-0.281916
-0.333858
-0.0531213
0.0173476
-0.0445168
-0.0776222
0

0
0
0
0
0
0
0
0
0
0
0
0
0
0
0
0
0
0
0
0
0
0


0
0
0
0
0
0
0
0
0
0
0
0
0
0
0
0
0
0
0
0
0
0

0
-0.0128761
-0.0134288
-0.0135983
-0.0130151
-0.0113528
-0.015221
-0.0148378
-0.0145768
-0.0146184
-0.0147544
-0.0156357
-0.0170639
-0.0195949
-0.0220412
-0.0236642
-0.0234525
-0.0132786
-0.00843108
-0.0101282
-0.0127299
0

0
-0.0181148
-0.0191962
-0.0195646
-0.018788
-0.0155607
-0.0223407
-0.0218605
-0.0214135
-0.0214842
-0.0217797
-0.023542
-0.0265522
-0.0314996
-0.0363727
-0.0396063
-0.03854
-0.0184895
-0.00896564
-0.0124977
-0.017765
0

0
-0.0234348
-0.0250781
-0.0256989
-0.0252482
-0.021234
-0.0292123
-0.0287903
-0.0282235
-0.0282889
-0.0287594
-0.0313656
-0.0360613
-0.0434231
-0.0507634
-0.0556873
-0.0527682
-0.023371
-0.00947557
-0.0150011
-0.0228492
0

0
-0.0287957
-0.0310497
-0.0319734
-0.0322541
-0.0288135
-0.0361285
-0.0355865
-0.0349173
-0.0349398
-0.0356128
-0.0390056
-0.0453358
-0.0552614
-0.0651797
-0.0719795
-0.066345
-0.027828
-0.00990068
-0.0176175
-0.0279285
0

0
-0.0341919
-0.0370939
-0.0383636
-0.0395976
-0.0379223
-0.0432462
-0.0422532
-0.0414478
-0.0413972
-0.0423001
-0.0464073
-0.0542009
-0.066925
-0.0796123
-0.088597
-0.0800159
-0.0319884
-0.0103119
-0.0204088
-0.0330024
0

0
-0.0396128
-0.0431713
-0.0448072
-0.047037
-0.0477138
-0.0504688
-0.048765
-0.0477614
-0.0476313
-0.048789
-0.0535424
-0.0626632
-0.0783132
-0.0940266
-0.105587
-0.0945818
-0.0360434
-0.0107938
-0.0234374
-0.0380694
0

0
-0.045045
-0.0492358
-0.0512211
-0.0543297
-0.0572598
-0.0575479
-0.0550727
-0.0538047
-0.0536242
-0.0550561
-0.0603995
-0.0707853
-0.089308
-0.108352
-0.122959
-0.11066
-0.0402042
-0.0114341
-0.0267562
-0.043127
0

0
-0.0504745
-0.0552458
-0.0575244
-0.0612565
-0.0657093
-0.0641887
-0.0611219
-0.059548
-0.0593712
-0.0610854
-0.0669676
-0.0785798
-0.0997768
-0.122467
-0.140701
-0.128623
-0.0447134
-0.0123443
-0.0304043
-0.0481714
0

0
-0.0558903
-0.061169
-0.0636545
-0.0676608
-0.0723746
-0.0701479
-0.0668761
-0.0650078
-0.0648833
-0.0668672
-0.0732276
-0.085994
-0.109578
-0.136177
-0.158645
-0.148566
-0.0498723
-0.0136757
-0.0343952
-0.0531973
0

0
-0.0612848
-0.0669833
-0.0695761
-0.0735045
-0.0770575
-0.0753601
-0.0723393
-0.070238
-0.0701827
-0.0723959
-0.079152
-0.092934
-0.118554
-0.149154
-0.17625
-0.170192
-0.0559662
-0.0155973
-0.038701
-0.0581977
0

0
-0.0666535
-0.0726716
-0.0752825
-0.0788994
-0.080545
-0.0800377
-0.0775661
-0.0753057
-0.0752958
-0.0776691
-0.0847096
-0.0992925
-0.126528
-0.160893
-0.192437
-0.192563
-0.0630026
-0.0182221
-0.0432466
-0.0631644
0

0
-0.0719958
-0.0782142
-0.0807884
-0.0840414
-0.0839009
-0.0845337
-0.0826417
-0.0802708
-0.0802465
-0.0826866
-0.0898707
-0.104968
-0.133308
-0.170709
-0.205609
-0.213719
-0.0704493
-0.0215429
-0.0479155
-0.0680894
0

0
-0.0773142
-0.0835802
-0.0861203
-0.0891211
-0.0878081
-0.0891535
-0.0876486
-0.0851708
-0.0850512
-0.0874489
-0.0946127
-0.109879
-0.138702
-0.177862
-0.214186
-0.230322
-0.0771987
-0.0254133
-0.0525665
-0.0729656
0

0
-0.0825849
-0.0886973
-0.0912749
-0.0942395
-0.0924968
-0.094047
-0.0926133
-0.0899872
-0.0896909
-0.0919323
-0.0988993
-0.113956
-0.14256
-0.181865
-0.217862
-0.238049
-0.081821
-0.0295914
-0.057049
-0.0777628
0

0
-0.0831813
-0.0886917
-0.0912711
-0.0942493
-0.0924992
-0.0940521
-0.0925911
-0.0899512
-0.0896639
-0.0919232
-0.0989309
-0.114074
-0.142863
-0.182471
-0.218895
-0.239247
-0.0802251
-0.0290818
-0.0570749
-0.0778072
0

0
0
0
0
0
0
0
0
0
0
0
0
0
0
0
0
0
0
0
0
0
0


0
0
0
0
0
0
0
0
0
0
0
0
0
0
0
0
0
0
0
0
0
0

0
-0.0128316
-0.0134604
-0.0135315
-0.0136683
-0.0140539
-0.0140654
-0.0139946
-0.0140334
-0.0141919
-0.0145339
-0.0153109
-0.0165701
-0.0183236
-0.0198955
-0.0204753
-0.018891
-0.0146551
-0.0118651
-0.0119096
-0.012809
0

0
-0.0180023
-0.0192084
-0.0193418
-0.0195892
-0.0202841
-0.0203178
-0.0202216
-0.0203165
-0.0206356
-0.0213359
-0.0229003
-0.0254383
-0.0288916
-0.0320263
-0.0331656
-0.0299546
-0.0214632
-0.015897
-0.0160251
-0.0179003
0

0
-0.0232406
-0.0250002
-0.0251972
-0.0255322
-0.0263665
-0.0265144
-0.0264383
-0.0265945
-0.0270645
-0.0281151
-0.0304503
-0.0342603
-0.0394053
-0.0441268
-0.0458619
-0.0410675
-0.0284053
-0.0200801
-0.0202629
-0.0230405
0

0
-0.0285013
-0.0307956
-0.0310497
-0.0314451
-0.0322907
-0.0325834
-0.0325715
-0.0327951
-0.0334062
-0.0348024
-0.0378894
-0.0429591
-0.0497785
-0.0561161
-0.0584953
-0.0521882
-0.0354229
-0.0243498
-0.0245627
-0.0281698
0

0
-0.033781
-0.0365916
-0.0368938
-0.0373224
-0.0381008
-0.0385281
-0.0386064
-0.0388952
-0.0396354
-0.0413676
-0.0451768
-0.0514779
-0.0599493
-0.0679402
-0.0710369
-0.0633619
-0.0425453
-0.0287315
-0.0289421
-0.0332845
0

0
-0.0390754
-0.0423795
-0.0427199
-0.0431566
-0.0438217
-0.0443592
-0.0445346
-0.0448758
-0.0457308
-0.0477829
-0.0522718
-0.0597555
-0.0698444
-0.0795278
-0.0834395
-0.0746357
-0.0498008
-0.033243
-0.0334094
-0.0383807
0

0
-0.0443787
-0.0481461
-0.0485154
-0.0489389
-0.0494567
-0.0500862
-0.0503519
-0.0507231
-0.0516761
-0.0540228
-0.059135
-0.0677282
-0.0793792
-0.0907852
-0.0956253
-0.0860244
-0.0571959
-0.0378904
-0.0379638
-0.0434547
0

0
-0.0496854
-0.0538762
-0.0542666
-0.0546591
-0.0549997
-0.0557176
-0.0560587
-0.05643
-0.0574598
-0.0600656
-0.0657292
-0.0753317
-0.0884592
-0.101593
-0.107468
-0.0974791
-0.0647015
-0.0426562
-0.0425934
-0.0485025
0

0
-0.0549912
-0.0595538
-0.0599604
-0.0603114
-0.0604503
-0.0612604
-0.0616572
-0.0619953
-0.0630747
-0.0658931
-0.0720203
-0.082504
-0.0969819
-0.111801
-0.118795
-0.108857
-0.0722193
-0.0474964
-0.0472736
-0.0535204
0

0
-0.0602932
-0.0651625
-0.0655851
-0.0658953
-0.065826
-0.066726
-0.0671533
-0.0674241
-0.068518
-0.0714907
-0.0779786
-0.0891862
-0.104839
-0.121227
-0.129357
-0.119901
-0.0795796
-0.0523354
-0.0519631
-0.0585046
0

0
-0.0655914
-0.0706854
-0.0711311
-0.0714176
-0.0711668
-0.0721322
-0.0725555
-0.0727246
-0.0737901
-0.0768478
-0.0835794
-0.0953261
-0.11192
-0.129661
-0.13884
-0.130212
-0.0865213
-0.0570705
-0.0566122
-0.0634521
0

0
-0.0708889
-0.0761045
-0.0765909
-0.0768893
-0.076515
-0.0774996
-0.0778732
-0.077906
-0.0788931
-0.0819576
-0.0888041
-0.10088
-0.118126
-0.136885
-0.14688
-0.139231
-0.0927177
-0.0615851
-0.0611692
-0.0683606
0

0
-0.0761934
-0.0813996
-0.0819579
-0.0823201
-0.0818962
-0.0828463
-0.0831148
-0.0829757
-0.0838302
-0.086817
-0.0936415
-0.105816
-0.123371
-0.1427
-0.153139
-0.146277
-0.0978259
-0.0657727
-0.0655894
-0.0732289
0

0
-0.0814873
-0.0865188
-0.0871981
-0.0876866
-0.0872891
-0.0881543
-0.0882572
-0.087911
-0.0885784
-0.091401
-0.0980631
-0.110095
-0.127583
-0.146969
-0.157419
-0.150701
-0.101547
-0.069547
-0.0698226
-0.0780331
0

0
-0.0820748
-0.0865076
-0.0871842
-0.0876863
-0.0872865
-0.0881558
-0.0882447
-0.0878866
-0.0885573
-0.0913955
-0.0980921
-0.11019
-0.127812
-0.147409
-0.158086
-0.151421
-0.100942
-0.0690593
-0.0696856
-0.0780242
0

0
0
0
0
0
0
0
0
0
0
0
0
0
0
0
0
0
0
0
0
0
0


0
0
0
0
0
0
0
0
0
0
0
0
0
0
0
0
0
0
0
0
0
0

0
0
0
0
0
0
0
0
0
0
0
0
0
0
0
0
0
0
0
0
0
0

0
0
0
0
0
0
0
0
0
0
0
0
0
0
0
0
0
0
0
0
0
0

0
0
0
0
0
0
0
0
0
0
0
0
0
0
0
0
0
0
0
0
0
0

0
0
0
0
0
0
0
0
0
0
0
0
0
0
0
0
0
0
0
0
0
0

0
0
0
0
0
0
0
0
0
0
0
0
0
0
0
0
0
0
0
0
0
0

0
0
0
0
0
0
0
0
0
0
0
0
0
0
0
0
0
0
0
0
0
0

0
0
0
0
0
0
0
0
0
0
0
0
0
0
0
0
0
0
0
0
0
0

0
0
0
0
0
0
0
0
0
0
0
0
0
0
0
0
0
0
0
0
0
0

0
0
0
0
0
0
0
0
0
0
0
0
0
0
0
0
0
0
0
0
0
0

0
0
0
0
0
0
0
0
0
0
0
0
0
0
0
0
0
0
0
0
0
0

0
0
0
0
0
0
0
0
0
0
0
0
0
0
0
0
0
0
0
0
0
0

0
0
0
0
0
0
0
0
0
0
0
0
0
0
0
0
0
0
0
0
0
0

0
0
0
0
0
0
0
0
0
0
0
0
0
0
0
0
0
0
0
0
0
0

0
0
0
0
0
0
0
0
0
0
0
0
0
0
0
0
0
0
0
0
0
0

0
0
0
0
0
0
0
0
0
0
0
0
0
0
0
0
0
0
0
0
0
0

0
0
0
0
0
0
0
0
0
0
0
0
0
0
0
0
0
0
0
0
0
0


