0
0
0
0
0
0
0
0
0
0
0
0
-5.566
0
0
0
0
0
0
0
0
0

0
-6.45618
-6.72817
-6.75943
-6.3506
-7.0134
-8.05061
-7.0206
-6.01316
-7.64964
-6.79114
-6.67766
-7.62174
-7.01586
-7.7848
-8.2429
-10.2885
-7.34736
-8.2375
-7.19751
-6.80983
0

0
-5.7398
6.28663
-5.74884
-6.09075
-6.41789
-7.08753
-6.26977
-6.77064
-7.64964
-6.09596
-5.90409
-3.87593
-6.03641
-7.04198
-7.32583
-7.81828
-7.50382
-7.16232
-6.34299
-6.05097
0

0
-5.86505
-6.21193
-6.10743
-6.24476
-6.57158
-5.81047
-6.32499
-7.08374
-7.12332
-6.08073
-5.97653
-7.13406
-6.35936
-7.06091
-7.66946
0.919961
-7.77674
-7.2757
-6.35234
-6.09727
0

0
-5.85363
-7.55272
-6.31407
-6.2718
-6.02983
-5.79944
-6.2679
-6.63231
-6.62214
-6.11946
-6.05938
-7.71465
-9.28662
-7.12179
-7.82023
-7.44064
-7.77103
-7.34736
-6.29499
-6.11578
0

0
-5.84138
-7.641
-6.56966
-6.27249
-6.17607
-6.08713
-6.2421
-6.70471
-6.38056
-6.12486
-6.14126
-7.62174
-7.18926
-7.2473
-6.84927
-8.23372
-7.99247
-7.40275
-6.20937
-6.13327
0

0
-5.84721
-7.03549
-6.5783
-6.30362
-6.41024
-6.24486
-6.24613
-6.88228
-6.29833
-6.10806
-6.16979
-6.95527
-6.83362
-7.44379
-8.12275
-7.47385
-8.09786
-7.42533
-6.12981
-6.1509
0

0
-5.84959
-6.62247
-6.45672
-6.3506
-6.43194
-6.29598
-6.24901
-6.14913
-6.20536
-6.11013
-6.15138
-6.55822
-6.92609
-7.68681
-7.81394
-7.01194
-8.17384
-7.76602
-6.17834
-6.16905
0

0
-5.85273
-6.46815
-6.38782
-6.41225
-6.25082
-6.26977
-6.16793
-3.51294
-6.05915
-6.10443
-6.12873
-6.38982
-6.56978
-7.77757
-8.03734
-6.75487
-8.28693
-8.03916
-6.80363
-6.1865
0

0
-5.86145
-6.41789
-6.37775
-6.47145
-5.98342
-6.20307
-6.0919
-4.82449
-5.97903
-6.09596
-6.10635
-6.27274
-5.18129
-7.70907
-7.74616
-6.14545
-8.42695
-8.12267
-7.72986
-6.20404
0

0
-5.87601
-6.40734
-6.39185
-6.4888
-6.09967
-6.23061
-6.09811
-5.50732
-6.01316
-6.09546
-6.08508
-6.07574
-1.59161
-7.19597
-6.98634
-4.78408
-6.30782
-7.42533
-7.5962
-6.2318
0

0
-5.89437
-6.41425
-6.41271
-6.48684
-6.95808
-6.41673
-6.15555
-5.75652
-6.05058
-6.09948
-6.0672
-5.82008
6.14058
-6.56434
-6.2135
-2.51386
-7.08229
-7.70198
-7.10025
-6.25971
0

0
-5.90926
-6.40236
-6.39814
-6.53633
-7.01563
-6.51363
-6.22621
-6.13179
-6.08492
-6.09979
-6.0482
-6.26364
-9.28662
-6.67738
-4.90198
0.0767784
-6.91209
-7.81526
-6.94916
-6.27369
0

0
-5.89595
-6.27249
-6.15414
-6.56164
-7.11727
-6.51114
-6.25102
-6.49555
-6.0882
-6.05932
-6.01015
-6.08989
-7.93366
-5.05108
-2.32446
1.71773
-6.84927
-7.78179
-6.98063
-6.24965
0

0
-5.79353
-6.24325
-6.28908
-6.4749
-7.25543
-6.43013
-6.16556
-6.1704
-5.98687
-5.94066
-5.88939
-5.90148
-5.81836
-1.91751
-6.30782
2.10254
-6.95592
-7.59002
-6.91488
-6.1284
0

0
-5.50882
-5.93858
-5.9693
-6.15414
-6.95445
-6.10746
-5.85837
-5.76175
-5.69582
-5.66146
-5.62247
-5.60676
-5.62853
-5.27988
-5.67539
2.38382
-7.04258
-7.26344
-6.61858
-5.82535
0

0
0
0
0
0
0
0
0
0
0
0
0
0
0
0
0
0
0
-7.60499
0
0
0


0
6.45618
6.72817
6.75943
6.3506
7.0134
8.05061
7.0206
6.01316
7.64964
6.79114
6.67766
7.62174
7.01586
7.7848
8.2429
10.2885
7.34736
8.2375
7.19751
6.80983
-6.16905

6.45618
-6.45618
-6.72817
-6.75943
-6.3506
-7.0134
-8.05061
-7.0206
-6.01316
-7.64964
-6.79114
-6.67766
-7.62174
-7.01586
-7.7848
-8.2429
-10.2885
-7.34736
-8.2375
-7.19751
-6.80983
-6.80983

5.7398
-5.7398
6.28663
-5.74884
-6.09075
-6.41789
-7.08753
-6.26977
-6.77064
-7.64964
-6.09596
-5.90409
-3.87593
-6.03641
-7.04198
-7.32583
-7.81828
-7.50382
-7.16232
-6.34299
-6.05097
-6.05097

5.86505
-5.86505
-6.21193
-6.10743
-6.24476
-6.57158
-5.81047
-6.32499
-7.08374
-7.12332
-6.08073
-5.97653
-7.13406
-6.35936
-7.06091
-7.66946
0.919961
-7.77674
-7.2757
-6.35234
-6.09727
-6.09727

5.85363
-5.85363
-7.55272
-6.31407
-6.2718
-6.02983
-5.79944
-6.2679
-6.63231
-6.62214
-6.11946
-6.05938
-7.71465
-9.28662
-7.12179
-7.82023
-7.44064
-7.77103
-7.34736
-6.29499
-6.11578
-6.11578

5.84138
-5.84138
-7.641
-6.56966
-6.27249
-6.17607
-6.08713
-6.2421
-6.70471
-6.38056
-6.12486
-6.14126
-7.62174
-7.18926
-7.2473
-6.84927
-8.23372
-7.99247
-7.40275
-6.20937
-6.13327
-6.13327

5.84721
-5.84721
-7.03549
-6.5783
-6.30362
-6.41024
-6.24486
-6.24613
-6.88228
-6.29833
-6.10806
-6.16979
-6.95527
-6.83362
-7.44379
-8.12275
-7.47385
-8.09786
-7.42533
-6.12981
-6.1509
-6.1509

5.84959
-5.84959
-6.62247
-6.45672
-6.3506
-6.43194
-6.29598
-6.24901
-6.14913
-6.20536
-6.11013
-6.15138
-6.55822
-6.92609
-7.68681
-7.81394
-7.01194
-8.17384
-7.76602
-6.17834
-6.16905
-6.16905

5.85273
-5.85273
-6.46815
-6.38782
-6.41225
-6.25082
-6.26977
-6.16793
-3.51294
-6.05915
-6.10443
-6.12873
-6.38982
-6.56978
-7.77757
-8.03734
-6.75487
-8.28693
-8.03916
-6.80363
-6.1865
-6.1865

5.86145
-5.86145
-6.41789
-6.37775
-6.47145
-5.98342
-6.20307
-6.0919
-4.82449
-5.97903
-6.09596
-6.10635
-6.27274
-5.18129
-7.70907
-7.74616
-6.14545
-8.42695
-8.12267
-7.72986
-6.20404
-6.20404

5.87601
-5.87601
-6.40734
-6.39185
-6.4888
-6.09967
-6.23061
-6.09811
-5.50732
-6.01316
-6.09546
-6.08508
-6.07574
-1.59161
-7.19597
-6.98634
-4.78408
-6.30782
-7.42533
-7.5962
-6.2318
-6.2318

5.89437
-5.89437
-6.41425
-6.41271
-6.48684
-6.95808
-6.41673
-6.15555
-5.75652
-6.05058
-6.09948
-6.0672
-5.82008
6.14058
-6.56434
-6.2135
-2.51386
-7.08229
-7.70198
-7.10025
-6.25971
-6.25971

5.90926
-5.90926
-6.40236
-6.39814
-6.53633
-7.01563
-6.51363
-6.22621
-6.13179
-6.08492
-6.09979
-6.0482
-6.26364
-9.28662
-6.67738
-4.90198
0.0767784
-6.91209
-7.81526
-6.94916
-6.27369
-6.27369

5.89595
-5.89595
-6.27249
-6.15414
-6.56164
-7.11727
-6.51114
-6.25102
-6.49555
-6.0882
-6.05932
-6.01015
-6.08989
-7.93366
-5.05108
-2.32446
1.71773
-6.84927
-7.78179
-6.98063
-6.24965
-6.24965

5.79353
-5.79353
-6.24325
-6.28908
-6.4749
-7.25543
-6.43013
-6.16556
-6.1704
-5.98687
-5.94066
-5.88939
-5.90148
-5.81836
-1.91751
-6.30782
2.10254
-6.95592
-7.59002
-6.91488
-6.1284
-6.1284

5.50882
-5.50882
-5.93858
-5.9693
-6.15414
-6.95445
-6.10746
-5.85837
-5.76175
-5.69582
-5.66146
-5.62247
-5.60676
-5.62853
-5.27988
-5.67539
2.38382
-7.04258
-7.26344
-6.61858
-5.82535
-5.82535

0
-5.50882
-5.93858
-5.9693
-6.15414
-6.95445
-6.10746
-5.85837
-5.76175
-5.69582
-5.66146
-5.62247
-5.60676
-5.62853
-5.27988
-5.67539
2.38382
-7.04258
-7.26344
-6.61858
-5.82535
0


0
6.38353
5.46999
6.80835
7.02786
6.21131
7.27968
7.07778
7.53155
6.75542
6.94872
6.84032
6.13663
7.40473
7.75094
8.29569
7.99765
9.03905
8.56604
7.41653
6.93171
0

6.38353
-6.38353
-5.46999
-6.80835
-7.02786
-6.21131
-7.27968
-7.07778
-7.53155
-6.75542
-6.94872
-6.84032
-6.13663
-7.40473
-7.75094
-8.29569
-7.99765
-9.03905
-8.56604
-7.41653
-6.93171
-6.93171

5.68971
-5.68971
-1.41283
-6.10854
-6.03143
-7.58516
-6.95226
-6.34035
-6.00871
-6.48113
-6.11702
-6.05859
-6.71423
-6.48269
-6.94057
-7.17726
-8.51688
-7.28687
-7.3556
-6.48574
-6.12357
-6.12357

5.7486
-5.7486
-5.04512
-5.98386
-6.21864
-6.4178
-6.84312
-6.36763
-6.55786
-7.12707
-6.15761
-6.05634
-5.2977
-6.39463
-7.00768
-7.17144
-3.80738
-7.81042
-7.43792
-6.52532
-6.16081
-6.16081

5.79472
-5.79472
-5.56311
-6.14671
-6.32666
-6.36594
-6.05154
-6.35648
-6.78611
-6.85469
-6.18631
-6.0844
-6.60859
-6.08791
-6.98584
-7.39131
-5.32285
-7.70477
-7.54307
-6.53747
-6.17861
-6.17861

5.83946
-5.83946
-6.83715
-6.29676
-6.35245
-6.14501
-6.05127
-6.31063
-6.40815
-6.50862
-6.20326
-6.16684
-7.19706
-7.67085
-6.98703
-7.87397
-7.88557
-7.95412
-7.55321
-6.54879
-6.19636
-6.19636

5.87602
-5.87602
-7.10727
-6.55742
-6.37717
-6.40582
-6.25778
-6.30604
-6.5925
-6.36812
-6.19677
-6.22762
-7.09229
-6.94703
-7.03964
-7.7942
-8.12575
-8.1833
-7.4805
-6.55623
-6.21326
-6.21326

5.89834
-5.89834
-6.80105
-6.57551
-6.41564
-6.59433
-6.40045
-6.31606
-6.61396
-6.313
-6.18518
-6.22919
-6.67979
-6.83433
-7.31151
-7.74378
-7.46508
-8.29903
-7.59789
-6.52351
-6.23131
-6.23131

5.91086
-5.91086
-6.58109
-6.49628
-6.46207
-6.52766
-6.45084
-6.30742
-5.68628
-6.21161
-6.17934
-6.20923
-6.43732
-6.75141
-7.66209
-7.57553
-7.02232
-8.32455
-7.92602
-6.45118
-6.25327
-6.25327

5.92354
-5.92354
-6.49919
-6.46286
-6.5257
-6.3182
-6.39375
-6.24022
-4.75285
-6.08376
-6.17038
-6.18806
-6.30089
-5.92552
-7.8097
-7.70198
-6.52741
-8.35843
-8.1653
-6.83937
-6.27989
-6.27989

5.94053
-5.94053
-6.47787
-6.46571
-6.57799
-6.29447
-6.31158
-6.19945
-5.48677
-6.07647
-6.16614
-6.16781
-6.14604
-3.63669
-7.44438
-6.97942
-5.36413
-9.21282
-8.4284
-7.73356
-6.30309
-6.30309

5.96034
-5.96034
-6.48542
-6.47966
-6.59304
-6.73096
-6.39804
-6.23175
-5.84006
-6.11692
-6.16893
-6.14866
-5.90128
0.759908
-6.61168
-6.46684
-3.36957
-7.4179
-7.72477
-7.54416
-6.33086
-6.33086

5.97379
-5.97379
-6.50285
-6.48997
-6.61247
-7.1837
-6.6007
-6.29894
-5.99657
-6.14828
-6.16753
-6.12729
-6.02494
-5.20558
-6.31177
-5.95251
-0.792412
-6.78395
-7.60543
-7.11418
-6.3449
-6.3449

5.9531
-5.9531
-6.47557
-6.47867
-6.62967
-7.0238
-6.59178
-6.31616
-6.2376
-6.14912
-6.12762
-6.08067
-6.14822
-8.05772
-5.88864
-4.98567
1.03205
-6.72585
-7.62199
-6.97936
-6.31335
-6.31335

5.83663
-5.83663
-6.29096
-6.30625
-6.52328
-7.03498
-6.47389
-6.21628
-6.29228
-6.04051
-5.9931
-5.94858
-5.96789
-6.58828
-4.84806
-5.0384
1.69293
-6.58894
-7.47088
-6.86227
-6.17551
-6.17551

5.53781
-5.53781
-5.98659
-6.01339
-6.1905
-6.76733
-6.14097
-5.90061
-5.81596
-5.73609
-5.70159
-5.66398
-5.64827
-5.57933
-5.1157
-5.73007
1.66736
-6.50591
-7.17521
-6.56804
-5.85854
-5.85854

0
-5.53781
-5.98659
-6.01339
-6.1905
-6.76733
-6.14097
-5.90061
-5.81596
-5.73609
-5.70159
-5.66398
-5.64827
-5.57933
-5.1157
-5.73007
1.66736
-6.50591
-7.17521
-6.56804
-5.85854
0


0
6.38052
5.4856
6.93256
7.0778
5.83826
7.30649
7.1582
7.22022
7.18722
6.98682
6.92009
6.99409
7.33316
7.69885
7.9724
7.31657
8.89105
8.7496
7.59594
7.01405
0

6.38052
-6.38052
-5.4856
-6.93256
-7.0778
-5.83826
-7.30649
-7.1582
-7.22022
-7.18722
-6.98682
-6.92009
-6.99409
-7.33316
-7.69885
-7.9724
-7.31657
-8.89105
-8.7496
-7.59594
-7.01405
-7.01405

5.6915
-5.6915
-4.95693
-6.12121
-6.27556
-7.0094
-6.60847
-6.3745
-6.46747
-6.30047
-6.211
-6.13677
-6.01292
-6.49717
-6.88367
-7.22688
-7.8546
-7.95824
-7.55662
-6.64992
-6.20341
-6.20341

5.71302
-5.71302
-4.7613
-6.12289
-6.25327
-7.3333
-6.76013
-6.40466
-6.35649
-6.54762
-6.22317
-6.15303
-6.23286
-6.45344
-6.90109
-7.18508
-8.33357
-7.76369
-7.52032
-6.6763
-6.22891
-6.22891

5.76388
-5.76388
-5.36278
-6.1348
-6.34335
-6.66178
-6.59702
-6.42969
-6.52573
-6.77218
-6.23758
-6.16079
-6.03824
-6.46781
-6.90336
-7.19241
-4.98367
-7.8905
-7.55529
-6.69081
-6.24128
-6.24128

5.82403
-5.82403
-6.01762
-6.27912
-6.41601
-6.32027
-6.28148
-6.40053
-6.605
-6.64957
-6.25836
-6.19998
-6.63084
-6.60581
-6.9218
-7.24723
-6.22642
-7.92777
-7.61458
-6.7034
-6.25809
-6.25809

5.88254
-5.88254
-6.63708
-6.40358
-6.44284
-6.318
-6.30698
-6.38095
-6.46427
-6.47084
-6.26435
-6.25369
-6.85107
-6.95367
-6.97521
-7.59359
-7.72021
-8.24108
-7.74299
-6.69664
-6.27575
-6.27575

5.92791
-5.92791
-6.77732
-6.55404
-6.48175
-6.59045
-6.43361
-6.38309
-6.47361
-6.3778
-6.25848
-6.28106
-6.72624
-6.73916
-7.08666
-7.95574
-7.87583
-8.51006
-7.68564
-6.68574
-6.29473
-6.29473

5.9574
-5.9574
-6.67354
-6.57398
-6.52973
-6.72937
-6.51848
-6.3817
-6.28275
-6.31679
-6.25163
-6.27396
-6.51952
-6.58885
-7.34572
-7.52683
-7.43207
-8.57255
-7.78673
-6.72592
-6.31617
-6.31617

5.97876
-5.97876
-6.5857
-6.54895
-6.57955
-6.61539
-6.52111
-6.35649
-5.73419
-6.2356
-6.24517
-6.25652
-6.35846
-6.18212
-7.57237
-7.44288
-6.88509
-8.36356
-7.90826
-6.83248
-6.33961
-6.33961

5.99936
-5.99936
-6.55293
-6.54422
-6.62786
-6.38121
-6.45864
-6.32192
-5.56777
-6.17109
-6.23939
-6.23784
-6.22339
-5.02347
-7.59051
-7.00132
-5.91031
-7.96128
-7.95205
-7.06498
-6.36731
-6.36731

6.02065
-6.02065
-6.54845
-6.55688
-6.66295
-6.48869
-6.45922
-6.3226
-5.88363
-6.18684
-6.23832
-6.21927
-6.07088
-3.21767
-7.12902
-6.21792
-4.15906
-8.04675
-8.06648
-7.50493
-6.39419
-6.39419

6.03427
-6.03427
-6.54636
-6.56524
-6.68359
-7.10095
-6.59345
-6.36042
-6.07716
-6.21272
-6.23171
-6.19516
-6.00805
-4.09259
-6.49786
-5.90553
-1.87648
-6.74363
-7.65493
-7.35219
-6.40641
-6.40641

6.01023
-6.01023
-6.51085
-6.53239
-6.68146
-7.1016
-6.65002
-6.37401
-6.17281
-6.19916
-6.18777
-6.14153
-6.0725
-5.99566
-6.10187
-5.59036
0.120371
-6.19649
-7.47509
-7.06843
-6.37035
-6.37035

5.88467
-5.88467
-6.36843
-6.38842
-6.56268
-6.93038
-6.51692
-6.26458
-6.16296
-6.0839
-6.0474
-6.00243
-5.99658
-6.61713
-5.65558
-5.31873
0.904955
-6.1117
-7.33481
-6.8595
-6.22403
-6.22403

5.57958
-5.57958
-6.04507
-6.06545
-6.22858
-6.63521
-6.1773
-5.94915
-5.88122
-5.78572
-5.75031
-5.71341
-5.69671
-5.73052
-5.25041
-5.52328
0.777484
-6.12518
-7.07673
-6.55946
-5.90221
-5.90221

0
-5.57958
-6.04507
-6.06545
-6.22858
-6.63521
-6.1773
-5.94915
-5.88122
-5.78572
-5.75031
-5.71341
-5.69671
-5.73052
-5.25041
-5.52328
0.777484
-6.12518
-7.07673
-6.55946
-5.90221
0


0
6.42965
6.23934
7.0172
7.14498
6.39763
7.33463
7.2098
7.21755
7.19246
7.04772
6.98977
7.08061
7.29889
7.60892
7.84385
7.91747
8.97278
8.80182
7.73063
7.08434
0

6.42965
-6.42965
-6.23934
-7.0172
-7.14498
-6.39763
-7.33463
-7.2098
-7.21755
-7.19246
-7.04772
-6.98977
-7.08061
-7.29889
-7.60892
-7.84385
-7.91747
-8.97278
-8.80182
-7.73063
-7.08434
-7.08434

5.72132
-5.72132
-5.38948
-6.18271
-6.36047
-5.95296
-6.50403
-6.41007
-6.449
-6.41293
-6.26508
-6.20616
-6.21867
-6.50948
-6.82237
-7.08625
-7.06685
-7.81835
-7.64158
-6.77663
-6.26939
-6.26939

5.75099
-5.75099
-5.453
-6.20993
-6.36605
-6.84513
-6.60882
-6.45345
-6.45857
-6.46001
-6.28739
-6.22419
-6.23995
-6.49612
-6.84661
-7.11994
-7.76346
-7.92431
-7.60982
-6.79364
-6.29474
-6.29474

5.78188
-5.78188
-5.56476
-6.22416
-6.38038
-7.26684
-6.68704
-6.46592
-6.47658
-6.57104
-6.29362
-6.22985
-6.2426
-6.48145
-6.85015
-7.10154
-7.14656
-7.96331
-7.60218
-6.79564
-6.30441
-6.30441

5.83462
-5.83462
-5.90649
-6.28824
-6.44401
-6.96494
-6.57272
-6.4745
-6.54041
-6.61913
-6.30883
-6.25118
-6.36018
-6.5275
-6.86301
-7.14936
-6.26781
-7.93866
-7.64554
-6.80222
-6.31943
-6.31943

5.89511
-5.89511
-6.31171
-6.39508
-6.50282
-6.57052
-6.46023
-6.45803
-6.52517
-6.54773
-6.31989
-6.28646
-6.59375
-6.65749
-6.89588
-7.26722
-7.04314
-8.01404
-7.65012
-6.80849
-6.33677
-6.33677

5.95135
-5.95135
-6.59185
-6.50287
-6.54218
-6.55144
-6.48333
-6.45026
-6.46967
-6.45852
-6.32142
-6.31648
-6.63774
-6.67239
-6.95501
-7.4978
-7.68557
-8.11143
-7.67534
-6.82098
-6.35562
-6.35562

5.99534
-5.99534
-6.66527
-6.58407
-6.58417
-6.72013
-6.55476
-6.45045
-6.40051
-6.39691
-6.31755
-6.32457
-6.54629
-6.55049
-7.05926
-7.72724
-7.71089
-8.12982
-7.63202
-6.84358
-6.37609
-6.37609

6.02801
-6.02801
-6.6445
-6.60775
-6.62937
-6.75852
-6.59672
-6.44396
-6.19553
-6.34228
-6.31264
-6.31623
-6.42251
-6.30192
-7.22299
-7.4121
-7.24373
-8.07645
-7.69415
-6.89788
-6.3992
-6.3992

6.05492
-6.05492
-6.62227
-6.61354
-6.67513
-6.60872
-6.5831
-6.42727
-5.9765
-6.29079
-6.30812
-6.30206
-6.30414
-5.75504
-7.3196
-7.05065
-6.35209
-7.82902
-7.79174
-7.02174
-6.42528
-6.42528

6.07893
-6.07893
-6.61679
-6.62449
-6.71328
-6.53541
-6.55906
-6.41942
-6.00961
-6.27203
-6.3048
-6.2855
-6.19226
-4.93169
-7.16142
-6.271
-4.84079
-7.28192
-7.80449
-7.21067
-6.45139
-6.45139

6.0929
-6.0929
-6.61237
-6.63082
-6.73568
-6.81678
-6.60547
-6.43197
-6.15754
-6.28084
-6.29493
-6.26062
-6.10941
-4.73888
-6.67104
-5.65003
-2.80678
-6.75089
-7.7685
-7.34201
-6.46409
-6.46409

6.06721
-6.06721
-6.57109
-6.59519
-6.72435
-7.07773
-6.66682
-6.42745
-6.23751
-6.25908
-6.24723
-6.20261
-6.08274
-5.42606
-6.1257
-5.4942
-0.959411
-6.05607
-7.48232
-7.19001
-6.42623
-6.42623

5.93828
-5.93828
-6.42488
-6.44947
-6.59931
-6.92307
-6.55501
-6.31308
-6.18676
-6.13557
-6.10339
-6.05791
-6.00502
-6.00998
-5.70975
-5.41583
-0.152087
-5.88202
-7.25158
-6.91802
-6.27588
-6.27588

5.63134
-5.63134
-6.10509
-6.12261
-6.26694
-6.56318
-6.21568
-6.00028
-5.90851
-5.83771
-5.80427
-5.76684
-5.73936
-5.79278
-5.41145
-5.30542
-0.251733
-5.80509
-7.00586
-6.57493
-5.95294
-5.95294

0
-5.63134
-6.10509
-6.12261
-6.26694
-6.56318
-6.21568
-6.00028
-5.90851
-5.83771
-5.80427
-5.76684
-5.73936
-5.79278
-5.41145
-5.30542
-0.251733
-5.80509
-7.00586
-6.57493
-5.95294
0


0
6.49377
6.62423
7.08311
7.1968
7.18885
7.37381
7.25442
7.23799
7.22112
7.09515
7.0425
7.11487
7.27641
7.54776
7.76033
8.0162
8.86513
8.7824
7.8227
7.14596
0

6.49377
-6.49377
-6.62423
-7.08311
-7.1968
-7.18885
-7.37381
-7.25442
-7.23799
-7.22112
-7.09515
-7.0425
-7.11487
-7.27641
-7.54776
-7.76033
-8.0162
-8.86513
-8.7824
-7.8227
-7.14596
-7.14596

5.77489
-5.77489
-5.74184
-6.26023
-6.38651
-6.01998
-6.56744
-6.45576
-6.45396
-6.4362
-6.30972
-6.26066
-6.3116
-6.50143
-6.76586
-6.97624
-7.08003
-7.81726
-7.68054
-6.86832
-6.32579
-6.32579

5.80512
-5.80512
-5.78922
-6.28057
-6.43703
-5.89602
-6.52193
-6.4885
-6.49427
-6.48175
-6.33893
-6.28352
-6.30845
-6.51494
-6.80384
-7.03539
-7.26259
-7.80206
-7.64073
-6.88271
-6.35476
-6.35476

5.83134
-5.83134
-5.84869
-6.30172
-6.45128
-6.36271
-6.58432
-6.50486
-6.50505
-6.52215
-6.34699
-6.29002
-6.31776
-6.50382
-6.81029
-7.04466
-7.47548
-7.80634
-7.60849
-6.87994
-6.36546
-6.36546

5.87338
-5.87338
-6.00254
-6.3444
-6.48527
-6.92225
-6.64382
-6.52057
-6.52967
-6.5671
-6.35865
-6.30469
-6.35894
-6.51741
-6.81804
-7.05264
-6.95978
-7.76087
-7.59492
-6.88455
-6.37986
-6.37986

5.9267
-5.9267
-6.23886
-6.41743
-6.53994
-6.93097
-6.6115
-6.52305
-6.5424
-6.56425
-6.37001
-6.32785
-6.46485
-6.56098
-6.83074
-7.09037
-6.92216
-7.65969
-7.5852
-6.8944
-6.39642
-6.39642

5.98275
-5.98275
-6.46844
-6.50344
-6.5908
-6.74825
-6.58343
-6.51745
-6.51688
-6.51922
-6.37611
-6.35224
-6.54343
-6.58836
-6.85125
-7.20547
-7.37021
-7.67399
-7.57545
-6.90859
-6.41477
-6.41477

6.03322
-6.03322
-6.609
-6.58333
-6.634
-6.7229
-6.60569
-6.51573
-6.47057
-6.46896
-6.37672
-6.36643
-6.52955
-6.53388
-6.8846
-7.35907
-7.63511
-7.79151
-7.58077
-6.93017
-6.43497
-6.43497

6.07462
-6.07462
-6.66017
-6.63667
-6.67628
-6.78045
-6.64587
-6.51542
-6.38485
-6.42614
-6.37473
-6.36716
-6.46196
-6.38796
-6.93715
-7.36386
-7.44404
-7.8745
-7.61465
-6.97046
-6.45756
-6.45756

6.10855
-6.10855
-6.6718
-6.66451
-6.71828
-6.77158
-6.66531
-6.51137
-6.26398
-6.38879
-6.37231
-6.35949
-6.37594
-6.10773
-6.97669
-7.05202
-6.68101
-7.72696
-7.68599
-7.04256
-6.48266
-6.48266

6.13677
-6.13677
-6.67667
-6.68231
-6.75654
-6.70306
-6.65781
-6.50744
-6.21128
-6.36446
-6.36932
-6.34686
-6.28939
-5.70013
-6.91289
-6.43726
-5.30337
-7.24589
-7.74065
-7.14584
-6.50768
-6.50768

6.15268
-6.15268
-6.67399
-6.689
-6.78082
-6.74404
-6.66218
-6.50769
-6.26016
-6.35499
-6.35766
-6.32355
-6.2133
-5.4289
-6.63994
-5.68194
-3.5118
-6.52828
-7.69568
-7.24055
-6.51977
-6.51977

6.12723
-6.12723
-6.63057
-6.65211
-6.76288
-6.93601
-6.6804
-6.48528
-6.30463
-6.32161
-6.3076
-6.2641
-6.14901
-5.56016
-6.20071
-5.30108
-1.94307
-5.93882
-7.52632
-7.20276
-6.48231
-6.48231

5.99756
-5.99756
-6.48196
-6.50506
-6.63419
-6.89251
-6.58164
-6.36285
-6.23195
-6.19153
-6.16169
-6.11622
-6.03948
-5.83133
-5.78635
-5.23985
-1.22545
-5.70608
-7.2651
-6.97377
-6.33151
-6.33151

5.6912
-5.6912
-6.16484
-6.18041
-6.30725
-6.53895
-6.25667
-6.05386
-5.94843
-5.89407
-5.86252
-5.82382
-5.77951
-5.74393
-5.49866
-5.13838
-1.19787
-5.61586
-6.98397
-6.61095
-6.00992
-6.00992

0
-5.6912
-6.16484
-6.18041
-6.30725
-6.53895
-6.25667
-6.05386
-5.94843
-5.89407
-5.86252
-5.82382
-5.77951
-5.74393
-5.49866
-5.13838
-1.19787
-5.61586
-6.98397
-6.61095
-6.00992
0


0
6.56385
6.83518
7.14138
7.26318
7.14884
7.32706
7.29011
7.26839
7.25012
7.13741
7.08601
7.13904
7.26996
7.51014
7.70491
7.97334
8.72511
8.73486
7.8824
7.20016
0

6.56385
-6.56385
-6.83518
-7.14138
-7.26318
-7.14884
-7.32706
-7.29011
-7.26839
-7.25012
-7.13741
-7.08601
-7.13904
-7.26996
-7.51014
-7.70491
-7.97334
-8.72511
-8.73486
-7.8824
-7.20016
-7.20016

5.83742
-5.83742
-5.98682
-6.32236
-6.42317
-6.39706
-6.5925
-6.4878
-6.4705
-6.45393
-6.34588
-6.30153
-6.35015
-6.49176
-6.72063
-6.90304
-7.09175
-7.71832
-7.66696
-6.92924
-6.37332
-6.37332

5.87184
-5.87184
-6.01055
-6.35152
-6.46747
-6.36472
-6.62765
-6.5344
-6.52077
-6.50496
-6.38385
-6.33413
-6.3685
-6.52542
-6.77223
-6.97033
-7.16227
-7.6905
-7.64419
-6.95261
-6.4109
-6.4109

5.8958
-5.8958
-6.05336
-6.37069
-6.50268
-6.32413
-6.59269
-6.54667
-6.53749
-6.53094
-6.39546
-6.34311
-6.37156
-6.52387
-6.78254
-6.98576
-7.2592
-7.63134
-7.59633
-6.94911
-6.42379
-6.42379

5.93124
-5.93124
-6.13958
-6.40649
-6.537
-6.50301
-6.62106
-6.56062
-6.5527
-6.55849
-6.40707
-6.35576
-6.39312
-6.52698
-6.78603
-6.98553
-7.20364
-7.57335
-7.56736
-6.95307
-6.43877
-6.43877

5.97647
-5.97647
-6.27788
-6.46031
-6.57954
-6.78855
-6.65706
-6.5715
-6.56386
-6.57077
-6.4178
-6.37256
-6.44123
-6.54023
-6.78563
-6.98661
-7.03024
-7.49295
-7.55247
-6.96252
-6.45499
-6.45499

6.02738
-6.02738
-6.43879
-6.5282
-6.62893
-6.86039
-6.66462
-6.57501
-6.55756
-6.55689
-6.42582
-6.39143
-6.49502
-6.55101
-6.78415
-7.01434
-7.15501
-7.46165
-7.54944
-6.97758
-6.47294
-6.47294

6.07787
-6.07787
-6.57415
-6.59836
-6.67583
-6.82333
-6.67301
-6.57596
-6.53195
-6.52727
-6.42998
-6.40627
-6.51077
-6.52519
-6.7826
-7.07088
-7.39145
-7.51853
-7.5653
-7.00031
-6.49294
-6.49294

6.12337
-6.12337
-6.65851
-6.65819
-6.71893
-6.82469
-6.69678
-6.57812
-6.48859
-6.49596
-6.43136
-6.41271
-6.48314
-6.44222
-6.78038
-7.09476
-7.39417
-7.59714
-7.59849
-7.03515
-6.51534
-6.51534

6.16261
-6.16261
-6.70168
-6.70092
-6.75986
-6.84148
-6.72167
-6.58045
-6.42795
-6.46853
-6.43164
-6.41141
-6.43022
-6.28798
-6.76585
-6.94361
-6.87323
-7.5685
-7.65221
-7.08761
-6.54012
-6.54012

6.19528
-6.19528
-6.72347
-6.72913
-6.79732
-6.82444
-6.73268
-6.58211
-6.38042
-6.44766
-6.43039
-6.40379
-6.36741
-6.06817
-6.70227
-6.51928
-5.68525
-7.25669
-7.70016
-7.15647
-6.56463
-6.56463

6.21416
-6.21416
-6.72732
-6.73988
-6.82158
-6.81872
-6.73322
-6.57943
-6.37745
-6.43046
-6.419
-6.38359
-6.30249
-5.86907
-6.53158
-5.86062
-4.06061
-6.62175
-7.68612
-7.21584
-6.57632
-6.57632

6.19047
-6.19047
-6.68572
-6.70398
-6.80136
-6.87616
-6.71755
-6.54622
-6.37814
-6.38691
-6.36835
-6.32512
-6.22658
-5.81691
-6.23096
-5.31659
-2.66393
-5.97033
-7.56042
-7.19619
-6.53946
-6.53946

6.06228
-6.06228
-6.53826
-6.55821
-6.67022
-6.84407
-6.60917
-6.41591
-6.28429
-6.25116
-6.22229
-6.17675
-6.0938
-5.8591
-5.87653
-5.12542
-2.04923
-5.64004
-7.31357
-7.0143
-6.3906
-6.3906

5.75876
-5.75876
-6.22522
-6.23844
-6.35018
-6.53574
-6.29919
-6.1106
-6.0002
-5.95526
-5.92488
-5.88481
-5.82695
-5.724
-5.57329
-5.0314
-1.92395
-5.51765
-7.00121
-6.66403
-6.07311
-6.07311

0
-5.75876
-6.22522
-6.23844
-6.35018
-6.53574
-6.29919
-6.1106
-6.0002
-5.95526
-5.92488
-5.88481
-5.82695
-5.724
-5.57329
-5.0314
-1.92395
-5.51765
-7.00121
-6.66403
-6.07311
0


0
6.63352
6.96317
7.1911
7.29695
7.25813
7.38664
7.32935
7.30076
7.28045
7.17365
7.12183
7.16015
7.27346
7.49511
7.67808
7.92324
8.60564
8.68519
7.92047
7.24776
0

6.63352
-6.63352
-6.96317
-7.1911
-7.29695
-7.25813
-7.38664
-7.32935
-7.30076
-7.28045
-7.17365
-7.12183
-7.16015
-7.27346
-7.49511
-7.67808
-7.92324
-8.60564
-8.68519
-7.92047
-7.24776
-7.24776

5.89946
-5.89946
-6.13416
-6.36742
-6.46946
-6.41361
-6.5513
-6.5036
-6.48523
-6.46837
-6.37191
-6.32953
-6.3688
-6.48241
-6.68477
-6.84691
-7.04401
-7.59928
-7.62593
-6.96206
-6.41019
-6.41019

5.94614
-5.94614
-6.17117
-6.41619
-6.5178
-6.4885
-6.65072
-6.57142
-6.55096
-6.53341
-6.42651
-6.37971
-6.41272
-6.53824
-6.75639
-6.93126
-7.11527
-7.61209
-7.64434
-7.01013
-6.46575
-6.46575

5.96921
-5.96921
-6.20063
-6.43545
-6.54406
-6.49702
-6.66169
-6.59069
-6.57088
-6.55622
-6.44072
-6.39143
-6.4187
-6.5439
-6.76921
-6.94565
-7.14173
-7.5432
-7.59833
-7.00766
-6.48063
-6.48063

6.0003
-6.0003
-6.25983
-6.46649
-6.58038
-6.53316
-6.6581
-6.60325
-6.58511
-6.57613
-6.45304
-6.40365
-6.43221
-6.54529
-6.77068
-6.94174
-7.14474
-7.48055
-7.56916
-7.01151
-6.49613
-6.49613

6.03911
-6.03911
-6.35016
-6.51006
-6.62061
-6.65775
-6.67774
-6.61393
-6.59417
-6.58853
-6.46355
-6.41735
-6.45745
-6.54717
-6.76376
-6.92612
-7.05948
-7.41833
-7.55676
-7.02114
-6.5123
-6.5123

6.084
-6.084
-6.46289
-6.56508
-6.66549
-6.79952
-6.70435
-6.62217
-6.59449
-6.58741
-6.47226
-6.43248
-6.48924
-6.5466
-6.75115
-6.91164
-7.0296
-7.36533
-7.55976
-7.03733
-6.53005
-6.53005

6.13127
-6.13127
-6.57453
-6.62553
-6.71194
-6.86287
-6.72547
-6.62778
-6.58267
-6.57344
-6.47863
-6.44626
-6.50798
-6.52876
-6.73335
-6.90565
-7.12617
-7.35347
-7.57788
-7.06128
-6.54998
-6.54998

6.1771
-6.1771
-6.66338
-6.68334
-6.75641
-6.87995
-6.74684
-6.63307
-6.55985
-6.55381
-6.48299
-6.45551
-6.5009
-6.47813
-6.70821
-6.8847
-7.17965
-7.38005
-7.61155
-7.09501
-6.57251
-6.57251

6.21911
-6.21911
-6.72345
-6.7319
-6.79822
-6.89394
-6.77036
-6.63928
-6.52877
-6.53495
-6.48627
-6.45915
-6.47179
-6.38625
-6.66815
-6.77703
-6.89441
-7.37768
-7.65807
-7.1405
-6.59754
-6.59754

6.25531
-6.25531
-6.7601
-6.76798
-6.83607
-6.90139
-6.78943
-6.64528
-6.49927
-6.51933
-6.48758
-6.45654
-6.42924
-6.25631
-6.59497
-6.49231
-5.999
-7.20677
-7.70109
-7.19436
-6.62226
-6.62226

6.27736
-6.27736
-6.77263
-6.78412
-6.86036
-6.9014
-6.79523
-6.64355
-6.48265
-6.50121
-6.47787
-6.44034
-6.37659
-6.11928
-6.46002
-6.00241
-4.56684
-6.75412
-7.69954
-7.23557
-6.63413
-6.63413

6.25637
-6.25637
-6.73557
-6.75126
-6.8394
-6.90018
-6.7676
-6.60609
-6.4557
-6.45255
-6.42832
-6.3846
-6.30012
-6.02245
-6.24056
-5.47135
-3.2253
-6.14144
-7.59886
-7.21234
-6.59821
-6.59821

6.13166
-6.13166
-6.5924
-6.60936
-6.70869
-6.83002
-6.64666
-6.47181
-6.34384
-6.31377
-6.2844
-6.23857
-6.15664
-5.94705
-5.9521
-5.15441
-2.59575
-5.70502
-7.37423
-7.05258
-6.45292
-6.45292

5.83398
-5.83398
-6.2867
-6.29753
-6.39709
-6.54576
-6.34566
-6.17157
-6.06123
-6.02161
-5.9916
-5.95019
-5.88459
-5.75185
-5.64983
-4.99517
-2.42493
-5.49696
-7.0527
-6.72302
-6.14271
-6.14271

0
-5.83398
-6.2867
-6.29753
-6.39709
-6.54576
-6.34566
-6.17157
-6.06123
-6.02161
-5.9916
-5.95019
-5.88459
-5.75185
-5.64983
-4.99517
-2.42493
-5.49696
-7.0527
-6.72302
-6.14271
0


0
6.69793
7.04112
7.22999
7.33079
7.30598
7.41235
7.35972
7.3315
7.31002
7.20516
7.1521
7.18099
7.2862
7.49993
7.6789
7.89837
8.54012
8.65071
7.94605
7.28934
0

6.69793
-6.69793
-7.04112
-7.22999
-7.33079
-7.30598
-7.41235
-7.35972
-7.3315
-7.31002
-7.20516
-7.1521
-7.18099
-7.2862
-7.49993
-7.6789
-7.89837
-8.54012
-8.65071
-7.94605
-7.28934
-7.28934

5.95609
-5.95609
-6.21698
-6.39578
-6.48712
-6.45621
-6.56201
-6.51502
-6.49372
-6.47653
-6.38671
-6.345
-6.37566
-6.47241
-6.65743
-6.80587
-6.98358
-7.50039
-7.57152
-6.96938
-6.43508
-6.43508

6.02328
-6.02328
-6.2839
-6.47299
-6.56841
-6.54008
-6.66056
-6.60512
-6.58407
-6.56608
-6.46735
-6.42173
-6.44989
-6.55636
-6.75645
-6.9165
-7.08488
-7.5728
-7.64847
-7.05634
-6.51849
-6.51849

6.0478
-6.0478
-6.31097
-6.49554
-6.59236
-6.57611
-6.69571
-6.62987
-6.60685
-6.58972
-6.48512
-6.4375
-6.46192
-6.5681
-6.77289
-6.93199
-7.09057
-7.51868
-7.6162
-7.05966
-6.53716
-6.53716

6.07573
-6.07573
-6.35701
-6.52344
-6.62283
-6.60863
-6.70629
-6.64464
-6.62058
-6.60594
-6.49737
-6.44935
-6.47266
-6.5695
-6.773
-6.92426
-7.07506
-7.45622
-7.59052
-7.06355
-6.55247
-6.55247

6.1095
-6.1095
-6.42419
-6.5605
-6.65967
-6.67011
-6.71531
-6.65462
-6.62834
-6.61609
-6.50724
-6.46103
-6.48806
-6.56667
-6.76261
-6.90057
-7.01857
-7.39464
-7.58032
-7.07318
-6.56799
-6.56799

6.14886
-6.14886
-6.5088
-6.60683
-6.70104
-6.76704
-6.73588
-6.66334
-6.63028
-6.61848
-6.51579
-6.47357
-6.50725
-6.55994
-6.74458
-6.86765
-6.94804
-7.3346
-7.58583
-7.09012
-6.58522
-6.58522

6.19178
-6.19178
-6.59914
-6.65926
-6.74508
-6.85496
-6.7615
-6.6714
-6.6251
-6.61258
-6.52312
-6.48588
-6.52167
-6.54293
-6.71938
-6.82963
-6.92929
-7.28918
-7.60571
-7.11522
-6.60491
-6.60491

6.23563
-6.23563
-6.68105
-6.71272
-6.78937
-6.90659
-6.78697
-6.67968
-6.61335
-6.60161
-6.52958
-6.49615
-6.52214
-6.50655
-6.68491
-6.77505
-6.92799
-7.26666
-7.63951
-7.1496
-6.62766
-6.62766

6.27821
-6.27821
-6.74596
-6.76215
-6.83238
-6.93507
-6.81235
-6.68932
-6.59771
-6.59026
-6.53575
-6.50317
-6.50699
-6.44504
-6.6353
-6.66489
-6.76466
-7.23873
-7.6834
-7.19357
-6.65345
-6.65345

6.31681
-6.31681
-6.7917
-6.80275
-6.87193
-6.95454
-6.83555
-6.69927
-6.5823
-6.58049
-6.54027
-6.50516
-6.47936
-6.35962
-6.55932
-6.44099
-6.16234
-7.12452
-7.72328
-7.24212
-6.67934
-6.67934

6.342
-6.342
-6.81216
-6.82389
-6.89766
-6.96407
-6.84643
-6.70033
-6.56732
-6.56513
-6.53354
-6.49358
-6.43831
-6.26151
-6.44096
-6.07124
-5.00735
-6.82054
-7.72569
-7.2753
-6.69244
-6.69244

6.32437
-6.32437
-6.78076
-6.79512
-6.87739
-6.94768
-6.81743
-6.66292
-6.52961
-6.51609
-6.48673
-6.44196
-6.36666
-6.16276
-6.26375
-5.62359
-3.71378
-6.32969
-7.64219
-7.24817
-6.65819
-6.65819

6.2049
-6.2049
-6.64419
-6.65911
-6.7495
-6.85003
-6.69152
-6.52927
-6.4081
-6.37816
-6.34732
-6.30093
-6.22208
-6.04088
-6.02105
-5.26397
-2.96451
-5.8575
-7.4389
-7.09897
-6.51789
-6.51789

5.91698
-5.91698
-6.34994
-6.35903
-6.44938
-6.57301
-6.39897
-6.23774
-6.13053
-6.09357
-6.06313
-6.02039
-5.95152
-5.81235
-5.72799
-5.03076
-2.73807
-5.5541
-7.12384
-6.78886
-6.21878
-6.21878

0
-5.91698
-6.34994
-6.35903
-6.44938
-6.57301
-6.39897
-6.23774
-6.13053
-6.09357
-6.06313
-6.02039
-5.95152
-5.81235
-5.72799
-5.03076
-2.73807
-5.5541
-7.12384
-6.78886
-6.21878
0


0
6.74837
7.08161
7.25233
7.34677
7.3217
7.42665
7.37736
7.35126
7.32932
7.22515
7.17104
7.195
7.29791
7.51004
7.69115
7.8952
8.518
8.62664
7.957
7.31761
0

6.74837
-6.74837
-7.08161
-7.25233
-7.34677
-7.3217
-7.42665
-7.37736
-7.35126
-7.32932
-7.22515
-7.17104
-7.195
-7.29791
-7.51004
-7.69115
-7.8952
-8.518
-8.62664
-7.957
-7.31761
-7.31761

6.01477
-6.01477
-6.26889
-6.42093
-6.50358
-6.48018
-6.57383
-6.52966
-6.5092
-6.49209
-6.40541
-6.36355
-6.38838
-6.47763
-6.65527
-6.80003
-6.96044
-7.45553
-7.53388
-6.97511
-6.46296
-6.46296

6.09756
-6.09756
-6.35903
-6.51883
-6.60593
-6.58198
-6.68603
-6.63706
-6.61634
-6.59852
-6.50416
-6.45887
-6.48244
-6.57898
-6.77002
-6.92457
-7.0795
-7.56259
-7.64825
-7.08822
-6.56543
-6.56543

6.12593
-6.12593
-6.39166
-6.54758
-6.63601
-6.62214
-6.72243
-6.66588
-6.6432
-6.62586
-6.52713
-6.48028
-6.50139
-6.59653
-6.79095
-6.94338
-7.0848
-7.52828
-7.63504
-7.1017
-6.59001
-6.59001

6.15274
-6.15274
-6.43376
-6.57515
-6.66449
-6.65986
-6.74081
-6.68192
-6.65674
-6.64079
-6.53985
-6.49277
-6.51261
-6.59879
-6.79107
-6.93435
-7.05839
-7.47304
-7.61721
-7.10841
-6.60607
-6.60607

6.18303
-6.18303
-6.49063
-6.60851
-6.69752
-6.70935
-6.75151
-6.69174
-6.66315
-6.6487
-6.54879
-6.5031
-6.52411
-6.59389
-6.77893
-6.90698
-6.99971
-7.41256
-7.60994
-7.11851
-6.62075
-6.62075

6.21779
-6.21779
-6.56048
-6.64908
-6.73497
-6.78102
-6.76784
-6.69973
-6.66442
-6.65058
-6.55625
-6.51346
-6.53679
-6.58364
-6.7581
-6.86647
-6.91721
-7.35064
-7.61663
-7.13544
-6.63678
-6.63678

6.25603
-6.25603
-6.63607
-6.69509
-6.77541
-6.85775
-6.79091
-6.70777
-6.66085
-6.64684
-6.56302
-6.52376
-6.54619
-6.56485
-6.72915
-6.81416
-6.8415
-7.29288
-7.63701
-7.16057
-6.65535
-6.65535

6.29621
-6.29621
-6.70821
-6.74337
-6.81738
-6.91691
-6.81671
-6.71702
-6.65357
-6.63988
-6.56983
-6.53326
-6.5469
-6.53238
-6.6903
-6.74126
-6.766
-7.24347
-7.67049
-7.19512
-6.67738
-6.67738

6.33703
-6.33703
-6.7704
-6.79065
-6.85994
-6.95652
-6.84363
-6.72875
-6.64539
-6.63341
-6.57756
-6.54147
-6.53725
-6.48305
-6.6369
-6.62162
-6.59486
-7.18691
-7.7135
-7.23925
-6.70337
-6.70337

6.37633
-6.37633
-6.81918
-6.83288
-6.90113
-6.98579
-6.87016
-6.7423
-6.6392
-6.62909
-6.58513
-6.54684
-6.51854
-6.41825
-6.56116
-6.41713
-6.13559
-7.0747
-7.7531
-7.28772
-6.7309
-6.7309

6.40483
-6.40483
-6.84596
-6.85879
-6.93049
-7.00503
-6.88667
-6.74829
-6.6313
-6.61936
-6.58307
-6.54067
-6.48766
-6.3431
-6.45281
-6.10698
-5.23462
-6.83635
-7.75934
-7.32071
-6.74736
-6.74736

6.39292
-6.39292
-6.82241
-6.8368
-6.91522
-6.99177
-6.86308
-6.71624
-6.59594
-6.57578
-6.54252
-6.49616
-6.42521
-6.25597
-6.29948
-5.73053
-4.09558
-6.44924
-7.68811
-7.29526
-6.7183
-6.7183

6.28238
-6.28238
-6.69597
-6.71031
-6.79473
-6.88871
-6.7418
-6.58946
-6.47617
-6.44486
-6.41196
-6.36451
-6.28834
-6.12708
-6.0874
-5.38839
-3.2713
-6.0182
-7.50437
-7.15484
-6.58656
-6.58656

6.00871
-6.00871
-6.41688
-6.42547
-6.50914
-6.61878
-6.46133
-6.31099
-6.2088
-6.17262
-6.141
-6.09685
-6.02732
-5.89192
-5.80907
-5.12173
-2.93649
-5.67235
-7.20577
-6.86253
-6.30211
-6.30211

0
-6.00871
-6.41688
-6.42547
-6.50914
-6.61878
-6.46133
-6.31099
-6.2088
-6.17262
-6.141
-6.09685
-6.02732
-5.89192
-5.80907
-5.12173
-2.93649
-5.67235
-7.20577
-6.86253
-6.30211
0


0
6.22771
6.53386
6.68998
6.77589
6.74841
6.8513
6.80806
6.78532
6.76374
6.66271
6.60902
6.62958
6.73013
6.93815
7.12043
7.31299
7.91472
8.00568
7.37241
6.76157
0

6.22771
-6.74837
-7.08161
-7.25233
-7.34677
-7.3217
-7.42665
-7.37736
-7.35126
-7.32932
-7.22515
-7.17104
-7.195
-7.29791
-7.51004
-7.69115
-7.8952
-8.518
-8.62664
-7.957
-7.31761
-6.76157

5.60185
-6.01477
-6.26889
-6.42093
-6.50358
-6.48018
-6.57383
-6.52966
-6.5092
-6.49209
-6.40541
-6.36355
-6.38838
-6.47763
-6.65527
-6.80003
-6.96044
-7.45553
-7.53388
-6.97511
-6.46296
-6.03064

5.66938
-6.09756
-6.35903
-6.51883
-6.60593
-6.58198
-6.68603
-6.63706
-6.61634
-6.59852
-6.50416
-6.45887
-6.48244
-6.57898
-6.77002
-6.92457
-7.0795
-7.56259
-7.64825
-7.08822
-6.56543
-6.11299

5.6947
-6.12593
-6.39166
-6.54758
-6.63601
-6.62214
-6.72243
-6.66588
-6.6432
-6.62586
-6.52713
-6.48028
-6.50139
-6.59653
-6.79095
-6.94338
-7.0848
-7.52828
-7.63504
-7.1017
-6.59001
-6.13407

5.719
-6.15274
-6.43376
-6.57515
-6.66449
-6.65986
-6.74081
-6.68192
-6.65674
-6.64079
-6.53985
-6.49277
-6.51261
-6.59879
-6.79107
-6.93435
-7.05839
-7.47304
-7.61721
-7.10841
-6.60607
-6.14804

5.74625
-6.18303
-6.49063
-6.60851
-6.69752
-6.70935
-6.75151
-6.69174
-6.66315
-6.6487
-6.54879
-6.5031
-6.52411
-6.59389
-6.77893
-6.90698
-6.99971
-7.41256
-7.60994
-7.11851
-6.62075
-6.16078

5.77712
-6.21779
-6.56048
-6.64908
-6.73497
-6.78102
-6.76784
-6.69973
-6.66442
-6.65058
-6.55625
-6.51346
-6.53679
-6.58364
-6.7581
-6.86647
-6.91721
-7.35064
-7.61663
-7.13544
-6.63678
-6.17457

5.81066
-6.25603
-6.63607
-6.69509
-6.77541
-6.85775
-6.79091
-6.70777
-6.66085
-6.64684
-6.56302
-6.52376
-6.54619
-6.56485
-6.72915
-6.81416
-6.8415
-7.29288
-7.63701
-7.16057
-6.65535
-6.19046

5.84562
-6.29621
-6.70821
-6.74337
-6.81738
-6.91691
-6.81671
-6.71702
-6.65357
-6.63988
-6.56983
-6.53326
-6.5469
-6.53238
-6.6903
-6.74126
-6.766
-7.24347
-7.67049
-7.19512
-6.67738
-6.20931

5.88109
-6.33703
-6.7704
-6.79065
-6.85994
-6.95652
-6.84363
-6.72875
-6.64539
-6.63341
-6.57756
-6.54147
-6.53725
-6.48305
-6.6369
-6.62162
-6.59486
-7.18691
-7.7135
-7.23925
-6.70337
-6.23173

5.91581
-6.37633
-6.81918
-6.83288
-6.90113
-6.98579
-6.87016
-6.7423
-6.6392
-6.62909
-6.58513
-6.54684
-6.51854
-6.41825
-6.56116
-6.41713
-6.13559
-7.0747
-7.7531
-7.28772
-6.7309
-6.25635

5.94317
-6.40483
-6.84596
-6.85879
-6.93049
-7.00503
-6.88667
-6.74829
-6.6313
-6.61936
-6.58307
-6.54067
-6.48766
-6.3431
-6.45281
-6.10698
-5.23462
-6.83635
-7.75934
-7.32071
-6.74736
-6.27377

5.93875
-6.39292
-6.82241
-6.8368
-6.91522
-6.99177
-6.86308
-6.71624
-6.59594
-6.57578
-6.54252
-6.49616
-6.42521
-6.25597
-6.29948
-5.73053
-4.09558
-6.44924
-7.68811
-7.29526
-6.7183
-6.2548

5.84832
-6.28238
-6.69597
-6.71031
-6.79473
-6.88871
-6.7418
-6.58946
-6.47617
-6.44486
-6.41196
-6.36451
-6.28834
-6.12708
-6.0874
-5.38839
-3.2713
-6.0182
-7.50437
-7.15484
-6.58656
-6.14467

5.60296
-6.00871
-6.41688
-6.42547
-6.50914
-6.61878
-6.46133
-6.31099
-6.2088
-6.17262
-6.141
-6.09685
-6.02732
-5.89192
-5.80907
-5.12173
-2.93649
-5.67235
-7.20577
-6.86253
-6.30211
-5.88726

0
-5.60296
-5.9839
-5.99371
-6.0727
-6.17505
-6.02817
-5.88681
-5.79047
-5.75339
-5.71998
-5.67409
-5.60451
-5.47587
-5.38287
-4.72404
-2.59006
-5.29558
-6.78729
-6.43942
-5.88726
0


0
0
0
0
0
0
0
0
0
0
0
0
0
0
0
0
0
0
0
0
0
0

0
0
0
0
0
0
0
0
0
0
0
0
0
0
0
0
0
0
0
0
0
0

0
0
0
0
0
0
0
0
0
0
0
0
0
0
0
0
0
0
0
0
0
0

0
0
0
0
0
0
0
0
0
0
0
0
0
0
0
0
0
0
0
0
0
0

0
0
0
0
0
0
0
0
0
0
0
0
0
0
0
0
0
0
0
0
0
0

0
0
0
0
0
0
0
0
0
0
0
0
0
0
0
0
0
0
0
0
0
0

0
0
0
0
0
0
0
0
0
0
0
0
0
0
0
0
0
0
0
0
0
0

0
0
0
0
0
0
0
0
0
0
0
0
0
0
0
0
0
0
0
0
0
0

0
0
0
0
0
0
0
0
0
0
0
0
0
0
0
0
0
0
0
0
0
0

0
0
0
0
0
0
0
0
0
0
0
0
0
0
0
0
0
0
0
0
0
0

0
0
0
0
0
0
0
0
0
0
0
0
0
0
0
0
0
0
0
0
0
0

0
0
0
0
0
0
0
0
0
0
0
0
0
0
0
0
0
0
0
0
0
0

0
0
0
0
0
0
0
0
0
0
0
0
0
0
0
0
0
0
0
0
0
0

0
0
0
0
0
0
0
0
0
0
0
0
0
0
0
0
0
0
0
0
0
0

0
0
0
0
0
0
0
0
0
0
0
0
0
0
0
0
0
0
0
0
0
0

0
0
0
0
0
0
0
0
0
0
0
0
0
0
0
0
0
0
0
0
0
0

0
0
0
0
0
0
0
0
0
0
0
0
0
0
0
0
0
0
0
0
0
0


