0
0
0
0
0
0
0
0
0
0
0
0
0
0
0
0
0
0
0
0
0
0

0
0
0
0
0
0
0
0
0
0
0
0
0
0
0
0
0
0
0
0
0
0

0
0
0
0
0
0
0
0
0
0
0
0
0
0
0
0
0
0
0
0
0
0

0
0
0
0
0
0
0
0
0
0
0
0
0
0
0
0
0
0
0
0
0
0

0
0
0
0
0
0
0
0
0
0
0
0
0
0
0
0
0
0
0
0
0
0

0
0
0
0
0
0
0
0
0
0
0
0
0
0
0
0
0
0
0
0
0
0

0
0
0
0
0
0
0
0
0
0
0
0
0
0
0
0
0
0
0
0
0
0

0
0
0
0
0
0
0
0
0
0
0
0
0
0
0
0
0
0
0
0
0
0

0
0
0
0
0
0
0
0
0
0
0
0
0
0
0
0
0
0
0
0
0
0

0
0
0
0
0
0
0
0
0
0
0
0
0
0
0
0
0
0
0
0
0
0

0
0
0
0
0
0
0
0
0
0
0
0
0
0
0
0
0
0
0
0
0
0

0
0
0
0
0
0
0
0
0
0
0
0
0
0
0
0
0
0
0
0
0
0

0
0
0
0
0
0
0
0
0
0
0
0
0
0
0
0
0
0
0
0
0
0

0
0
0
0
0
0
0
0
0
0
0
0
0
0
0
0
0
0
0
0
0
0

0
0
0
0
0
0
0
0
0
0
0
0
0
0
0
0
0
0
0
0
0
0

0
0
0
0
0
0
0
0
0
0
0
0
0
0
0
0
0
0
0
0
0
0

0
0
0
0
0
0
0
0
0
0
0
0
0
0
0
0
0
0
0
0
0
0


0
0
0
0
0
0
0
0
0
0
0
0
0
0
0
0
0
0
0
0
0
0

0
-0.00415251
-0.00477378
-0.0121163
0.00286786
0.00217725
-0.00223535
-0.00690092
7.63403e-05
-0.0490329
-0.00160026
-0.0101628
-0.0027697
0.00261503
-0.0177414
-0.0400868
0.0757906
-0.00703332
0.00910821
0.00578477
-0.00267323
0

0
-0.00622404
-0.00604222
-0.0070365
-0.00700179
0.00747424
5.29988e-05
-0.0131992
-0.00239449
-0.0236521
-0.00701492
-0.0203016
-0.0133071
0.00944197
-0.0317313
-0.0792779
0.310522
-0.0216083
0.0210025
0.0139326
-0.00322407
0

0
-0.00842753
-0.0085443
-0.0185636
-0.0033507
0.000387289
-0.00275191
-0.0189302
-4.77687e-05
-0.0220739
-0.0109123
-0.0292106
-0.0156378
0.0211986
-0.0463382
-0.0761526
0.0831265
0.0169427
0.0376592
0.0226286
-0.00381425
0

0
-0.0106715
-0.011202
-0.0383842
-0.0124622
0.0536891
-0.0165571
-0.0251509
-0.00874191
-0.0206364
-0.0136485
-0.0375864
-0.00751664
0.0383892
-0.0636904
-0.079102
0.0171758
0.0491652
0.0550644
0.0318894
-0.00446206
0

0
-0.0129312
-0.0153938
-0.0249538
-0.0387263
0.099129
-0.0316613
-0.0321759
-0.0117757
-0.022674
-0.0134048
-0.0225409
0.153438
-0.171527
-0.0890855
-0.112882
-0.0344897
0.082767
0.0552533
0.042212
-0.00518775
0

0
-0.0151513
-0.0192237
-0.03217
-0.0585387
0.156911
-0.0516289
-0.0400676
-0.0128167
-0.0233219
-0.014726
-0.0143163
0.106688
-0.139856
-0.104808
-0.122682
-0.0878906
0.117349
0.111209
0.047363
-0.00606157
0

0
-0.0172757
-0.022725
-0.0393003
-0.0873601
0.231418
-0.0795308
-0.0484201
-0.000124802
-0.0250818
-0.0157771
-0.0102906
0.0667479
-0.120936
-0.118712
-0.133556
-0.145864
0.161714
0.151711
0.052572
-0.00704704
0

0
-0.0192602
-0.0258125
-0.0455529
-0.128687
0.325375
-0.119007
-0.0537055
-0.0207682
-0.0240521
-0.0165954
-0.00889955
0.0375216
-0.109332
-0.167586
-0.107018
-0.214663
0.221629
0.196846
0.0536431
-0.00815743
0

0
-0.0210709
-0.0284112
-0.0499187
-0.17934
0.456526
-0.137193
-0.0557879
-0.0276804
-0.0237616
-0.0174735
-0.00897545
0.0161086
-0.103553
-0.101617
-0.184059
-0.310525
0.303975
0.2486
0.0576993
-0.00947268
0

0
-0.0226857
-0.0304776
-0.052781
-0.140931
0.258103
-0.080988
-0.0643797
-0.0337728
-0.0236542
-0.0184681
-0.00970264
0.00047202
-0.101355
-0.115889
-0.175926
-0.432077
0.43173
0.304683
0.0538857
-0.0109372
0

0
-0.0240949
-0.0320782
-0.053354
-0.106642
0.177951
-0.0599094
-0.0579068
-0.038364
-0.0234509
-0.0163031
-0.013572
-0.0109034
-0.102714
-0.125198
-0.153215
-0.607102
0.609341
0.369642
0.0427481
-0.0125295
0

0
-0.0253
-0.0334255
-0.0527154
-0.0855948
0.114169
-0.0483626
-0.0527559
-0.0491944
-0.0227925
-0.0172805
-0.0144145
-0.0184248
-0.107699
-0.125697
0.0102631
-0.847268
0.804532
0.442477
0.0207848
-0.0142362
0

0
-0.0264475
-0.0352341
-0.0511558
-0.0736792
0.0639415
-0.0427424
-0.0504266
-0.0409497
-0.024005
-0.0165751
-0.0164527
-0.0228428
-0.114987
0.00203025
-0.23699
-1.14612
1.09706
0.524176
-0.0173807
-0.0160179
0

0
-0.0272003
-0.0358079
-0.0501521
-0.0679471
0.0237725
-0.0408085
-0.0490899
-0.0397148
-0.0246756
-0.0172435
-0.0168078
-0.0240545
-0.105182
-0.0864843
-0.270052
-1.54684
1.54301
0.617803
-0.078826
-0.0178128
0

0
-0.027413
-0.0358842
-0.0502076
-0.0679064
-0.00690519
-0.0410858
-0.0491088
-0.0396633
-0.0246025
-0.0172103
-0.0168121
-0.0241715
-0.105449
-0.0861014
-0.268864
-1.57506
1.55797
0.614566
-0.0804778
-0.0175976
0

0
0
0
0
0
0
0
0
0
0
0
0
0
0
0
0
0
0
0
0
0
0


0
0
0
0
0
0
0
0
0
0
0
0
0
0
0
0
0
0
0
0
0
0

0
-0.00401414
-0.0164074
-0.00718056
0.00505648
-0.0113083
-0.00587422
0.00623622
0.00149048
-0.000471473
-0.00380816
-0.0104694
0.181713
0.00940791
-0.0159925
-0.0244143
-0.141025
0.00190823
0.0101461
0.00509444
-0.00272746
0

0
-0.00619575
0.00750027
-0.00698975
-0.0021417
0.0877659
-0.000390044
-0.0277378
-0.00867369
-0.0127371
-0.00672963
-0.0154453
0.0230015
-0.0133539
-0.0310523
-0.0336659
-0.462701
-0.0271569
0.0227459
0.0125013
-0.00333043
0

0
-0.00826467
-0.00451767
-0.00953316
-0.00693724
0.157247
-0.00136479
-0.0225779
-0.0204114
-0.017023
-0.010167
-0.0215752
-0.0683454
-0.0508346
-0.0477169
-0.00826277
-0.132106
0.0075056
0.0415697
0.0203614
-0.00396873
0

0
-0.0104671
-0.0102121
-0.00382201
-0.0157629
0.0830249
-0.0166326
-0.0256213
-0.016589
-0.0184582
-0.0125346
-0.0236526
-0.208538
0.0122558
-0.06012
0.113565
-0.0584294
0.0362385
0.0690506
0.0287615
-0.00465614
0

0
-0.0126807
-0.0146084
-0.0193016
-0.0331144
0.0565589
-0.0333345
-0.0312196
-0.0194177
-0.0202578
-0.0136508
-0.0192686
-0.0129708
-0.0822241
-0.0773215
-0.304936
-0.0820497
0.061932
0.123528
0.0378669
-0.00540679
0

0
-0.0148456
-0.0184023
-0.0286411
-0.0522525
0.0283664
-0.0547216
-0.0379656
-0.0277333
-0.021898
-0.0147625
-0.0148433
0.0205651
-0.098657
-0.0964161
-0.171608
-0.102052
0.088403
0.118063
0.0422534
-0.00632061
0

0
-0.0169132
-0.0217232
-0.036028
-0.0748102
-0.0644225
-0.0846533
-0.0449238
-0.0507627
-0.0239435
-0.015754
-0.012337
0.0213917
-0.0977976
-0.111689
-0.150668
-0.14093
0.113248
0.137347
0.0462608
-0.00734993
0

0
-0.0188437
-0.0245155
-0.0421468
-0.0977373
-0.357316
-0.128908
-0.0511361
-0.0335036
-0.0233648
-0.0165621
-0.0114876
0.0121936
-0.0949598
-0.128605
-0.155261
-0.194399
0.123815
0.164841
0.0482535
-0.00856941
0

0
-0.0206063
-0.0265722
-0.0468364
-0.110405
-0.846967
-0.189625
-0.056801
-0.0308825
-0.0231977
-0.0172855
-0.011779
0.00123417
-0.0935115
-0.12138
-0.199892
-0.264954
0.044741
0.186078
0.0504115
-0.00971538
0

0
-0.0221858
-0.027342
-0.0499121
-0.108354
-0.199858
-0.106536
-0.0566284
-0.0310072
-0.0231518
-0.0178009
-0.012836
-0.00858375
-0.0946323
-0.133772
-0.25872
-0.366695
0.514476
0.28302
0.0510569
-0.0110057
0

0
-0.0236052
-0.0250389
-0.0528436
-0.0918325
-0.0462235
-0.0736406
-0.0534361
-0.0288997
-0.0229927
-0.0175678
-0.0147499
-0.0164235
-0.0937735
-0.158529
-0.397619
-0.488584
0.540615
0.318651
0.0436781
-0.0124705
0

0
-0.0250293
-0.0135353
-0.059152
-0.0786252
0.000347569
-0.0570529
-0.0503269
-0.0176061
-0.0225471
-0.0178782
-0.0160479
-0.0219433
-0.0979678
-0.21124
-0.672975
-0.635731
0.63397
0.363437
0.030103
-0.0140053
0

0
-0.0258492
-0.054285
-0.0379186
-0.0686588
0.00626621
-0.0488051
-0.0482863
-0.0306874
-0.0236562
-0.0180017
-0.0172405
-0.0251554
-0.0998452
-0.333254
-0.391175
-0.749325
0.784237
0.408575
0.0100141
-0.0155479
0

0
-0.0268528
-0.0424185
-0.0438138
-0.0644887
-1.92475e-05
-0.0454819
-0.0471896
-0.0340214
-0.0243871
-0.018419
-0.0177534
-0.0259524
-0.0959551
-0.197329
-0.333144
-0.834867
0.938714
0.438277
-0.0115185
-0.016976
0

0
-0.0270721
-0.0425123
-0.0438263
-0.0644915
0.000130519
-0.0456682
-0.0471775
-0.0339479
-0.0243377
-0.0183917
-0.0177578
-0.0260615
-0.0963197
-0.198598
-0.333975
-0.856442
0.94849
0.43332
-0.0120791
-0.0169894
0

0
0
0
0
0
0
0
0
0
0
0
0
0
0
0
0
0
0
0
0
0
0


0
0
0
0
0
0
0
0
0
0
0
0
0
0
0
0
0
0
0
0
0
0

0
-0.00403163
-0.00643542
-0.00519225
0.00235393
0.00569896
-0.00814072
-0.00502269
-0.00380478
-0.00435009
-0.00440521
-0.00706807
0.0568791
-0.0033817
-0.0152271
-0.0189295
-0.096583
-0.00332501
0.00953523
0.00428995
-0.00278354
0

0
-0.00605418
-0.00274374
-0.00706498
0.000240998
0.0709821
-0.00602902
-0.0162899
-0.00929032
-0.00982225
-0.00704542
-0.0121735
0.00637457
-0.0162045
-0.0288109
-0.0294848
-0.194194
-0.00745466
0.0224019
0.0108488
-0.00344064
0

0
-0.0081404
-0.00643486
-0.00946243
-0.00551805
0.086602
-0.00893814
-0.0201489
-0.015179
-0.0137145
-0.00973349
-0.0169235
-0.043764
-0.0311155
-0.0427897
-0.0293195
-0.120579
0.00780737
0.0390022
0.0176562
-0.00413082
0

0
-0.0102869
-0.010475
-0.0115402
-0.0154114
0.0572045
-0.0191829
-0.0243166
-0.0174612
-0.016212
-0.0118931
-0.0191897
-0.0876228
-0.0302298
-0.0564204
-0.0349191
-0.0840732
0.0272372
0.0605084
0.0246437
-0.00486755
0

0
-0.0124352
-0.0142791
-0.0191539
-0.0296247
0.0211024
-0.0338092
-0.0295236
-0.021073
-0.0182905
-0.013404
-0.017606
-0.0260445
-0.0562691
-0.0723495
-0.135714
-0.0868314
0.0471071
0.0868057
0.0313715
-0.00567226
0

0
-0.0145339
-0.0177478
-0.0265397
-0.0461896
-0.0302088
-0.0527241
-0.0354114
-0.0268819
-0.0200957
-0.0146293
-0.0154118
-0.00578829
-0.072608
-0.0879031
-0.143796
-0.102817
0.0673631
0.100355
0.0363358
-0.00658039
0

0
-0.0165395
-0.0208281
-0.0330666
-0.0642265
-0.11987
-0.0763502
-0.0413495
-0.034334
-0.0216158
-0.0156692
-0.0140537
-0.00152628
-0.0791328
-0.101759
-0.147101
-0.131595
0.0877317
0.118504
0.0403715
-0.00758911
0

0
-0.0184164
-0.023431
-0.0385709
-0.0812122
-0.265199
-0.103188
-0.0465065
-0.0318304
-0.0221409
-0.0165457
-0.0136886
-0.00443469
-0.0816702
-0.11438
-0.162971
-0.17272
0.108374
0.141833
0.0433569
-0.00870132
0

0
-0.0201385
-0.0254104
-0.042816
-0.0916415
-0.410983
-0.123647
-0.0502089
-0.0304493
-0.02244
-0.0172906
-0.014111
-0.0100113
-0.0833136
-0.121989
-0.198455
-0.227374
0.141268
0.171119
0.0455084
-0.00986233
0

0
-0.021695
-0.0265567
-0.0456933
-0.0892925
-0.152651
-0.0940036
-0.0505516
-0.0297869
-0.0226634
-0.0178637
-0.0150713
-0.0159496
-0.0852651
-0.136037
-0.251334
-0.298714
0.309394
0.218754
0.0458795
-0.0111117
0

0
-0.0230998
-0.0267327
-0.0475777
-0.0799794
-0.0701824
-0.0727659
-0.0490882
-0.0284292
-0.0228152
-0.0181946
-0.0163566
-0.0211181
-0.0869439
-0.158025
-0.331905
-0.385936
0.371097
0.252774
0.0422407
-0.0124554
0

0
-0.024398
-0.027154
-0.0483427
-0.0711609
-0.0359914
-0.0594651
-0.0472675
-0.0260522
-0.0229854
-0.0185805
-0.0174766
-0.02495
-0.0893657
-0.189564
-0.423992
-0.485133
0.434384
0.283087
0.0348206
-0.0138469
0

0
-0.0255295
-0.0380416
-0.0428709
-0.0645294
-0.0236011
-0.0519117
-0.0459037
-0.0294398
-0.0236242
-0.0189434
-0.018359
-0.0271657
-0.0901608
-0.22321
-0.353789
-0.571784
0.494324
0.305836
0.0246232
-0.0152279
0

0
-0.026421
-0.0382851
-0.0428366
-0.0611565
-0.021296
-0.0485553
-0.0451322
-0.0314245
-0.0242384
-0.0193699
-0.0188223
-0.0276162
-0.0873175
-0.190449
-0.318663
-0.627696
0.517822
0.311671
0.0152733
-0.016515
0

0
-0.0266328
-0.0383366
-0.0428732
-0.0611847
-0.0211776
-0.0486632
-0.0450996
-0.0313541
-0.0242007
-0.0193473
-0.0188281
-0.0277174
-0.0876633
-0.191271
-0.3203
-0.639141
0.524198
0.308673
0.0146741
-0.0166167
0

0
0
0
0
0
0
0
0
0
0
0
0
0
0
0
0
0
0
0
0
0
0


0
0
0
0
0
0
0
0
0
0
0
0
0
0
0
0
0
0
0
0
0
0

0
-0.00399543
-0.00453699
-0.00462165
0.00534396
0.0792317
-0.0136689
-0.00735482
-0.00517495
-0.00503279
-0.00453003
-0.00602158
0.0131088
-0.00764928
-0.0142751
-0.0169098
-0.056292
-0.00237079
0.00840219
0.0034127
-0.00284093
0

0
-0.00599868
-0.0053346
-0.00707263
0.00391075
0.0627913
-0.0115608
-0.0133754
-0.0092293
-0.00866633
-0.00699913
-0.0101919
-0.00476431
-0.0169221
-0.0266342
-0.0294608
-0.0980563
-0.000982283
0.0199135
0.0090374
-0.00355366
0

0
-0.00804523
-0.00781529
-0.00999877
-0.00348246
0.0652193
-0.0127221
-0.0179567
-0.0134214
-0.0119026
-0.00938179
-0.0139365
-0.0278182
-0.0271951
-0.0392677
-0.040194
-0.0899007
0.00789271
0.0335408
0.0147666
-0.00429641
0

0
-0.0101245
-0.0109176
-0.0136059
-0.01369
0.0419448
-0.0202834
-0.0224449
-0.0167522
-0.0145021
-0.0114345
-0.0161419
-0.0434259
-0.0351622
-0.0522176
-0.0580937
-0.079795
0.0208826
0.0495847
0.0204988
-0.00508031
0

0
-0.0121984
-0.0141332
-0.0190459
-0.0262066
0.00617759
-0.0322611
-0.0273215
-0.0203
-0.01668
-0.0130801
-0.016248
-0.0268752
-0.0479263
-0.066039
-0.0970543
-0.0830016
0.0356554
0.0669749
0.0259144
-0.00592207
0

0
-0.0142248
-0.0172225
-0.0248828
-0.0401355
-0.0396815
-0.0473543
-0.0324689
-0.0243426
-0.0185266
-0.0144325
-0.0156487
-0.0167384
-0.059018
-0.0795492
-0.118106
-0.0961256
0.0517672
0.0820229
0.0305028
-0.00683865
0

0
-0.016166
-0.0200512
-0.0303835
-0.054385
-0.0985871
-0.0643153
-0.0374596
-0.0280592
-0.0200111
-0.0155757
-0.0152621
-0.0134893
-0.0662608
-0.0921531
-0.133294
-0.118387
0.0700077
0.0986503
0.0343507
-0.00783385
0

0
-0.0179907
-0.0225193
-0.0351512
-0.0669544
-0.166661
-0.0803993
-0.0416901
-0.028791
-0.0209748
-0.0165523
-0.0153697
-0.0144857
-0.0708257
-0.103925
-0.153008
-0.149771
0.0934286
0.118393
0.0374157
-0.00890568
0

0
-0.019677
-0.0245462
-0.0389005
-0.0745819
-0.21601
-0.089444
-0.0445752
-0.0288356
-0.021643
-0.0173891
-0.0159404
-0.0175502
-0.0741057
-0.114791
-0.18211
-0.190759
0.131322
0.142218
0.0395633
-0.0100404
0

0
-0.0212155
-0.0261107
-0.0414918
-0.0743306
-0.135705
-0.0796768
-0.0454612
-0.0287212
-0.0221532
-0.0180878
-0.0168305
-0.0212383
-0.076876
-0.127984
-0.220673
-0.242056
0.200702
0.17071
0.040244
-0.0112412
0

0
-0.0226133
-0.027404
-0.0430023
-0.0695674
-0.0812621
-0.0675058
-0.0450287
-0.0283493
-0.0225783
-0.0186547
-0.0178599
-0.0246576
-0.0791846
-0.144191
-0.267077
-0.303073
0.246176
0.194964
0.0386292
-0.012501
0

0
-0.023886
-0.0292255
-0.043349
-0.0641545
-0.0531255
-0.0581945
-0.0441376
-0.028033
-0.0230091
-0.0191736
-0.0187979
-0.0272714
-0.0809788
-0.161725
-0.307066
-0.369312
0.281307
0.214121
0.0347513
-0.0137914
0

0
-0.025011
-0.0331521
-0.0419537
-0.0598526
-0.0400783
-0.0523255
-0.0433624
-0.0292085
-0.0235729
-0.0196565
-0.0195204
-0.0287615
-0.0812432
-0.173685
-0.294495
-0.427414
0.303047
0.225327
0.0293912
-0.0150716
0

0
-0.0258995
-0.0345187
-0.0415536
-0.0574752
-0.0356159
-0.049566
-0.0429189
-0.0302526
-0.0241391
-0.0201281
-0.0199309
-0.0289646
-0.0790726
-0.164584
-0.277213
-0.459897
0.303971
0.224524
0.0243872
-0.0162923
0

0
-0.0261036
-0.0345576
-0.0416001
-0.0575195
-0.0355549
-0.0496202
-0.0428761
-0.0301901
-0.0241072
-0.0201096
-0.0199388
-0.0290573
-0.0793738
-0.165216
-0.278767
-0.46559
0.308747
0.222805
0.0238447
-0.0164273
0

0
0
0
0
0
0
0
0
0
0
0
0
0
0
0
0
0
0
0
0
0
0


0
0
0
0
0
1
0
0
0
0
0
0
0
0
0
0
0
0
0
0
0
0

0
-0.00396231
-0.00426406
-0.0044591
0.0127079
0.674969
-0.010122
-0.00772015
-0.00541324
-0.00498196
-0.00450022
-0.0055254
-0.000562813
-0.00877292
-0.0132381
-0.0156623
-0.0340232
-0.00140938
0.00687888
0.00250073
-0.00289919
0

0
-0.00594456
-0.00612293
-0.00705871
0.00629157
0.33252
-0.00755557
-0.0120034
-0.00889324
-0.00796239
-0.00684609
-0.00898745
-0.00897584
-0.0166755
-0.0244575
-0.0286024
-0.058017
0.000929345
0.016529
0.00717243
-0.00366825
0

0
-0.00794758
-0.00846062
-0.0101938
-0.00233226
0.145955
-0.0113723
-0.016204
-0.0124114
-0.0107708
-0.00907702
-0.0120937
-0.0201554
-0.0251632
-0.0358811
-0.0417629
-0.0651382
0.00683797
0.0273759
0.0118709
-0.00446348
0

0
-0.00996259
-0.0111482
-0.01394
-0.0121053
0.0583514
-0.0190884
-0.0204889
-0.0156823
-0.013246
-0.0110715
-0.0142675
-0.0273767
-0.0333831
-0.0475764
-0.0584252
-0.0675538
0.0156466
0.0395201
0.0165128
-0.00529306
0

0
-0.0119638
-0.0139651
-0.0184629
-0.0230115
0.00781005
-0.0292632
-0.0249364
-0.0188967
-0.0153997
-0.0127786
-0.0152799
-0.0242046
-0.0423398
-0.0595884
-0.0807403
-0.0737734
0.0263753
0.0524615
0.0209105
-0.00616904
0

0
-0.0139187
-0.0167363
-0.0232715
-0.0344974
-0.0330085
-0.0410371
-0.0294262
-0.0220496
-0.0172508
-0.0142333
-0.0157015
-0.020639
-0.0505958
-0.0714131
-0.0997857
-0.0854994
0.0387984
0.0653924
0.0248385
-0.00710164
0

0
-0.0157959
-0.019337
-0.027897
-0.0456669
-0.0725185
-0.053189
-0.0336547
-0.0247198
-0.0187828
-0.0154847
-0.0160548
-0.0193665
-0.0571572
-0.0827425
-0.116924
-0.10319
0.0536064
0.0793106
0.02823
-0.00809507
0

0
-0.0175689
-0.0216793
-0.0319865
-0.0551215
-0.108727
-0.0636164
-0.037214
-0.0262166
-0.0199664
-0.0165699
-0.0165842
-0.0201657
-0.0621304
-0.0935989
-0.135992
-0.127116
0.0726623
0.0949373
0.0310003
-0.0091487
0

0
-0.0192181
-0.0237145
-0.0352855
-0.0610548
-0.128895
-0.0690966
-0.0397222
-0.0270352
-0.0208854
-0.017514
-0.0173292
-0.0222028
-0.0659967
-0.1042
-0.15931
-0.157477
0.0989789
0.112437
0.0329795
-0.0102575
0

0
-0.0207345
-0.025459
-0.0376652
-0.0622651
-0.105368
-0.066346
-0.0409423
-0.0275033
-0.0216273
-0.0183312
-0.018222
-0.0246988
-0.0691108
-0.115382
-0.186657
-0.194196
0.132868
0.130856
0.0338459
-0.0114172
0

0
-0.0221176
-0.0270489
-0.0391452
-0.0603337
-0.0770247
-0.0602874
-0.0411943
-0.0277719
-0.0222612
-0.0190373
-0.0191488
-0.0270642
-0.0715161
-0.126982
-0.215226
-0.236168
0.159579
0.146846
0.033248
-0.0126182
0

0
-0.023367
-0.028773
-0.0397816
-0.0574084
-0.0579211
-0.0546006
-0.0409833
-0.0280801
-0.0228522
-0.0196643
-0.0199791
-0.0288885
-0.0730265
-0.137304
-0.237034
-0.279568
0.177927
0.158526
0.0311919
-0.0138411
0

0
-0.0244637
-0.0307967
-0.0396842
-0.0548605
-0.0474607
-0.0506335
-0.0407064
-0.028776
-0.0234507
-0.020229
-0.0206179
-0.029904
-0.0731325
-0.142695
-0.238341
-0.315984
0.186263
0.163974
0.0281059
-0.0150597
0

0
-0.0253591
-0.0319513
-0.039632
-0.0533881
-0.0433135
-0.0487001
-0.0405696
-0.0294674
-0.0240251
-0.0207448
-0.0210026
-0.0299671
-0.0714187
-0.139035
-0.230314
-0.333135
0.18405
0.161398
0.024821
-0.0162463
0

0
-0.0255568
-0.0319834
-0.0396796
-0.0534401
-0.0432977
-0.0487212
-0.040524
-0.0294135
-0.0239971
-0.0207299
-0.0210125
-0.0300511
-0.071674
-0.139543
-0.231541
-0.335858
0.18741
0.160453
0.0243651
-0.0163874
0

0
0
0
0
0
0
0
0
0
0
0
0
0
0
0
0
0
0
0
0
0
0


0
0
0
0
0
0
0
0
0
0
0
0
0
0
0
0
0
0
0
0
0
0

0
-0.00392957
-0.00426535
-0.00448308
0.00577372
0.0155234
-0.0155885
-0.00702828
-0.00527574
-0.00479238
-0.00442876
-0.00519931
-0.00458806
-0.00876725
-0.0121501
-0.0143534
-0.0222613
-0.00112956
0.00519296
0.00158894
-0.00295785
0

0
-0.00588051
-0.00638576
-0.00710827
0.00262535
0.0625404
-0.0125113
-0.0109134
-0.00843271
-0.00744246
-0.00667895
-0.00822516
-0.0100278
-0.0158309
-0.0222253
-0.0264987
-0.0384794
0.000945359
0.0129099
0.00532668
-0.00378353
0

0
-0.00783833
-0.00868715
-0.0101728
-0.00381626
0.0579493
-0.0134194
-0.0147255
-0.0115651
-0.00997612
-0.00882022
-0.0109717
-0.0164593
-0.0231658
-0.0324237
-0.0390778
-0.0482417
0.00495619
0.0213183
0.00905314
-0.00463126
0

0
-0.00979347
-0.0111611
-0.013685
-0.0117624
0.0308449
-0.0186474
-0.0186201
-0.0145735
-0.0123012
-0.010781
-0.0131454
-0.0210387
-0.0304502
-0.0427657
-0.0532161
-0.0550536
0.0108772
0.0304931
0.0127107
-0.0055064
0

0
-0.011727
-0.0137137
-0.0175984
-0.0206098
0.000975525
-0.0263543
-0.0225825
-0.0174543
-0.0143871
-0.0125247
-0.0146416
-0.0218918
-0.0376782
-0.0531977
-0.0692528
-0.0628042
0.0183758
0.0402637
0.016188
-0.00641767
0

0
-0.0136141
-0.0162378
-0.0216635
-0.0297465
-0.027327
-0.0352092
-0.026486
-0.0201408
-0.016223
-0.0140581
-0.0156913
-0.0216923
-0.0443907
-0.0634845
-0.0850057
-0.0733633
0.0273673
0.0504399
0.0193591
-0.00737196
0

0
-0.0154298
-0.0186408
-0.0255848
-0.0384148
-0.053343
-0.0439996
-0.0301085
-0.0224352
-0.0177973
-0.0154058
-0.0165701
-0.0220006
-0.0501728
-0.0734489
-0.100502
-0.0875487
0.0381877
0.061271
0.0221371
-0.00837279
0

0
-0.0171511
-0.0208543
-0.0291015
-0.0456636
-0.0746665
-0.0512726
-0.0331809
-0.0241245
-0.0191077
-0.0165927
-0.0174455
-0.0231276
-0.0549505
-0.0830554
-0.116971
-0.105728
0.0515275
0.0729377
0.0244255
-0.00942034
0

0
-0.0187616
-0.0228415
-0.0320184
-0.0505003
-0.0856711
-0.0553883
-0.0354715
-0.0253198
-0.020193
-0.0176387
-0.0183692
-0.0248383
-0.0588452
-0.0923559
-0.135212
-0.127971
0.0678776
0.0852405
0.0260801
-0.0105119
0

0
-0.0202511
-0.0246093
-0.0342345
-0.0524309
-0.0795002
-0.0553364
-0.0368842
-0.0261792
-0.0211055
-0.0185584
-0.019316
-0.0267585
-0.0619666
-0.101426
-0.154732
-0.153919
0.085817
0.0973034
0.0269044
-0.0116426
0

0
-0.0216131
-0.026216
-0.0357576
-0.0521936
-0.0667098
-0.0528145
-0.0375845
-0.026836
-0.0218954
-0.0193656
-0.0202208
-0.0285364
-0.064291
-0.109836
-0.173405
-0.182341
0.10047
0.107495
0.0267215
-0.0128041
0

0
-0.0228422
-0.0277435
-0.036667
-0.0509819
-0.0557013
-0.0498241
-0.0378664
-0.0274331
-0.0226065
-0.0200771
-0.0210074
-0.0298932
-0.0656527
-0.116396
-0.187065
-0.210276
0.109871
0.114428
0.02552
-0.0139832
0

0
-0.0239236
-0.0291616
-0.0371129
-0.0497389
-0.0487578
-0.0475267
-0.0379939
-0.0280849
-0.0232677
-0.0207055
-0.0216125
-0.030633
-0.0657716
-0.119276
-0.190799
-0.23228
0.113228
0.116914
0.0234965
-0.0151641
0

0
-0.0248328
-0.0301288
-0.0373818
-0.0490159
-0.0458026
-0.0464111
-0.0381307
-0.0287003
-0.0238767
-0.0212604
-0.0219966
-0.0306469
-0.0644417
-0.117057
-0.1868
-0.24078
0.111051
0.114082
0.0210019
-0.0163316
0

0
-0.0250251
-0.0301559
-0.0374257
-0.0490685
-0.0458125
-0.0464143
-0.0380876
-0.0286548
-0.0238523
-0.021249
-0.0220084
-0.0307221
-0.0646549
-0.117464
-0.187695
-0.242027
0.113333
0.113594
0.0206401
-0.0164644
0

0
0
0
0
0
0
0
0
0
0
0
0
0
0
0
0
0
0
0
0
0
0


0
0
0
0
0
0
0
0
0
0
0
0
0
0
0
0
0
0
0
0
0
0

0
-0.00389411
-0.00427712
-0.00452523
-8.48702e-05
0.0145756
-0.00789114
-0.0061172
-0.00504681
-0.00460184
-0.00435479
-0.0049674
-0.00561014
-0.00834818
-0.0110373
-0.0128752
-0.0157251
-0.00134335
0.00349448
0.000701664
-0.00301655
0

0
-0.00580728
-0.00644546
-0.00711847
-0.00177582
0.0275113
-0.0102415
-0.00978158
-0.00793806
-0.00703312
-0.00652976
-0.007731
-0.00994227
-0.0146938
-0.0199606
-0.0236554
-0.027511
9.44894e-05
0.00935609
0.0035409
-0.00389892
0

0
-0.00771852
-0.00869552
-0.0100151
-0.00613862
0.024738
-0.0130579
-0.0133197
-0.0107804
-0.0093736
-0.00861171
-0.0102844
-0.0145005
-0.0211201
-0.0289359
-0.0347395
-0.0366244
0.002636
0.0156183
0.0063522
-0.00479924
0

0
-0.0096172
-0.0110246
-0.0132072
-0.0120925
0.0115425
-0.0176033
-0.0168415
-0.0135218
-0.0115658
-0.010552
-0.0124738
-0.0181678
-0.0274643
-0.0379524
-0.0465229
-0.0442042
0.00638854
0.0223443
0.00909656
-0.0057205
0

0
-0.0114882
-0.0133858
-0.0166206
-0.0188954
-0.0059085
-0.0235564
-0.0203451
-0.016125
-0.0135765
-0.0123221
-0.0142421
-0.0203173
-0.0336005
-0.0469477
-0.0590775
-0.0519768
0.0112646
0.0294851
0.0117035
-0.00666893
0

0
-0.0133124
-0.0157143
-0.0200974
-0.0259228
-0.0240032
-0.030175
-0.0237387
-0.0185285
-0.0153867
-0.013917
-0.0156797
-0.0216916
-0.0393161
-0.0557907
-0.0718442
-0.0611536
0.0172243
0.0369789
0.0140915
-0.00764934
0

0
-0.0150694
-0.0179463
-0.0234455
-0.0325555
-0.0407188
-0.0366094
-0.0268709
-0.0206347
-0.0169856
-0.0153458
-0.016922
-0.0229952
-0.0444125
-0.0643598
-0.0847516
-0.0724147
0.024357
0.0448501
0.0161855
-0.00866442
0

0
-0.0167406
-0.0200307
-0.0264847
-0.0381519
-0.0540051
-0.0419395
-0.0295701
-0.0223625
-0.0183734
-0.0166219
-0.018068
-0.0245005
-0.0488022
-0.0725777
-0.0981205
-0.0860674
0.032786
0.0530562
0.0178991
-0.00971459
0

0
-0.0183117
-0.0219369
-0.0290766
-0.0421514
-0.0612766
-0.045317
-0.0316993
-0.0237365
-0.0195697
-0.0177583
-0.0191579
-0.0261742
-0.0524789
-0.0803732
-0.112075
-0.102105
0.0423168
0.0613248
0.0191239
-0.0107981
0

0
-0.0197711
-0.0236586
-0.0311479
-0.0443323
-0.0607377
-0.0463809
-0.0332142
-0.0248302
-0.0206051
-0.0187659
-0.0201845
-0.0278483
-0.0554397
-0.0875946
-0.126085
-0.120115
0.051892
0.0690378
0.0197345
-0.011911
0

0
-0.0211115
-0.0252114
-0.0326995
-0.0450506
-0.0557295
-0.0458064
-0.0342044
-0.0257264
-0.0215119
-0.0196547
-0.0211127
-0.029326
-0.0576236
-0.0938218
-0.138754
-0.139026
0.0595772
0.0752926
0.019627
-0.0130474
0

0
-0.0223258
-0.0266091
-0.0337915
-0.0449592
-0.0502693
-0.0446229
-0.0348393
-0.0265067
-0.0223188
-0.0204349
-0.0218982
-0.0304327
-0.0589028
-0.0982911
-0.147877
-0.156717
0.0642128
0.0792271
0.0187785
-0.014199
0

0
-0.0234038
-0.0278142
-0.0345268
-0.0446546
-0.0464041
-0.0436124
-0.0352869
-0.0272258
-0.0230458
-0.0211157
-0.022503
-0.0310378
-0.0591118
-0.100049
-0.151291
-0.169761
0.065453
0.0801409
0.0172642
-0.0153565
0

0
-0.0243333
-0.0287099
-0.0350351
-0.0445274
-0.0447503
-0.0431999
-0.0356624
-0.0278708
-0.0236986
-0.0217053
-0.0229039
-0.0310679
-0.0581418
-0.0984638
-0.149079
-0.17382
0.0637125
0.0775748
0.0152223
-0.016512
0

0
-0.0245208
-0.0287327
-0.0350731
-0.0445752
-0.0447705
-0.0431953
-0.0356248
-0.0278334
-0.0236779
-0.0216971
-0.0229174
-0.0311345
-0.0583173
-0.0987845
-0.1497
-0.174349
0.0652286
0.0773551
0.0149508
-0.0166285
0

0
0
0
0
0
0
0
0
0
0
0
0
0
0
0
0
0
0
0
0
0
0


0
0
0
0
0
0
0
0
0
0
0
0
0
0
0
0
0
0
0
0
0
0

0
-0.00385602
-0.00426242
-0.0045425
-0.00260604
0.00617354
-0.00589007
-0.00554337
-0.00481114
-0.00443646
-0.00429062
-0.00480289
-0.00572997
-0.00778898
-0.00992819
-0.0113059
-0.011722
-0.00182319
0.00185989
-0.000147775
-0.00307495
0

0
-0.0057283
-0.0064094
-0.00706551
-0.00452995
0.00988273
-0.00900808
-0.00883366
-0.00745816
-0.00670132
-0.00640699
-0.00740586
-0.00953643
-0.0134608
-0.0177131
-0.0205113
-0.0205021
-0.00114212
0.00598754
0.00183715
-0.00401382
0

0
-0.00759267
-0.00859134
-0.00976867
-0.00796126
0.00720526
-0.0122938
-0.0120364
-0.0100519
-0.00889412
-0.00844753
-0.00985687
-0.0133139
-0.0191149
-0.0254955
-0.029875
-0.0281399
0.000153573
0.0103321
0.0037871
-0.00496676
0

0
-0.0094378
-0.0108004
-0.01264
-0.0124679
-0.00045309
-0.0162815
-0.0151826
-0.0125543
-0.0109747
-0.0103758
-0.0120696
-0.0166251
-0.0246515
-0.0332468
-0.0395356
-0.0350363
0.00216585
0.0149362
0.00567488
-0.00593472
0

0
-0.011251
-0.0130085
-0.0156195
-0.0175746
-0.0108311
-0.0209276
-0.0182602
-0.0149291
-0.0129147
-0.0121677
-0.0140058
-0.0192297
-0.0299641
-0.0409097
-0.0495148
-0.0419487
0.00488142
0.019783
0.00745298
-0.00692198
0

0
-0.0130168
-0.0151748
-0.0186046
-0.0228297
-0.0219708
-0.0258645
-0.0212076
-0.0171315
-0.014695
-0.0138127
-0.0156938
-0.0213307
-0.0349283
-0.0483949
-0.0596569
-0.0495357
0.0082689
0.0248344
0.00906658
-0.00793181
0

0
-0.014719
-0.0172565
-0.0214728
-0.0278013
-0.0323913
-0.0305943
-0.0239295
-0.0191091
-0.0163044
-0.0153097
-0.0171918
-0.0232085
-0.0394291
-0.0556069
-0.0698998
-0.0582238
0.0123134
0.0300501
0.0104574
-0.00896612
0

0
-0.0163427
-0.0192167
-0.024107
-0.0320842
-0.0407591
-0.0345911
-0.0263231
-0.0208242
-0.0177408
-0.0166631
-0.0185485
-0.0250114
-0.0433888
-0.0624506
-0.0802643
-0.0682053
0.0169504
0.0353325
0.0115611
-0.0100253
0

0
-0.0178746
-0.0210298
-0.0264156
-0.0353639
-0.0458511
-0.0374213
-0.0283107
-0.0222806
-0.0190132
-0.0178786
-0.0197862
-0.0267468
-0.0467602
-0.0688102
-0.090649
-0.0794313
0.0219233
0.0404559
0.0123018
-0.0111081
0

0
-0.0193046
-0.0226833
-0.0283482
-0.0375292
-0.0471399
-0.0389366
-0.0298697
-0.0235112
-0.0201378
-0.0189621
-0.0209019
-0.0283386
-0.0494979
-0.0744982
-0.100616
-0.091548
0.0266309
0.045033
0.0126
-0.0122123
0

0
-0.0206253
-0.0241743
-0.0299007
-0.0387505
-0.045836
-0.0394284
-0.0310475
-0.0245609
-0.0211337
-0.0199198
-0.0218768
-0.029681
-0.0515329
-0.0791893
-0.109301
-0.103766
0.0302454
0.0485614
0.0123918
-0.0133339
0

0
-0.02183
-0.0254975
-0.0311074
-0.0393691
-0.04375
-0.0394087
-0.0319378
-0.0254749
-0.0220188
-0.020758
-0.0226866
-0.0306717
-0.0527693
-0.0824114
-0.115513
-0.114699
0.0322166
0.0505527
0.0116525
-0.0144682
0

0
-0.0229123
-0.0266281
-0.0320265
-0.0397287
-0.0421437
-0.0393346
-0.0326392
-0.0262845
-0.0228069
-0.0214839
-0.0233108
-0.0312322
-0.0531057
-0.0836491
-0.118158
-0.12232
0.0324155
0.050618
0.0104034
-0.0156107
0

0
-0.0238663
-0.0275197
-0.0327207
-0.0400721
-0.0416002
-0.0394934
-0.0332235
-0.0269946
-0.023505
-0.0221041
-0.0237384
-0.0313194
-0.0524824
-0.0825758
-0.116936
-0.124287
0.0310811
0.0485117
0.00869205
-0.0167574
0

0
-0.0240495
-0.0275386
-0.0327519
-0.040112
-0.0416215
-0.039487
-0.0331933
-0.0269647
-0.0234879
-0.022099
-0.0237532
-0.0313775
-0.0526238
-0.0828219
-0.117347
-0.124475
0.0320557
0.0484465
0.00850294
-0.0168535
0

0
0
0
0
0
0
0
0
0
0
0
0
0
0
0
0
0
0
0
0
0
0


0
0
0
0
0
0
0
0
0
0
0
0
0
0
0
0
0
0
0
0
0
0

0
-0.00381699
-0.00422745
-0.00452589
-0.00393882
-0.00031272
-0.00533518
-0.00511055
-0.0045873
-0.00429615
-0.00423864
-0.00468613
-0.00560181
-0.00720123
-0.00884921
-0.00973309
-0.00894451
-0.00241616
0.000320507
-0.00095193
-0.00313271
0

0
-0.00564773
-0.00632718
-0.00696172
-0.006269
-0.000616586
-0.00842693
-0.00802802
-0.00701008
-0.00642574
-0.00630994
-0.0071871
-0.00909004
-0.0122376
-0.0155327
-0.0173315
-0.0154243
-0.00251405
0.00284116
0.00022706
-0.0041276
0

0
-0.00746631
-0.0084333
-0.00947286
-0.00924497
-0.00342233
-0.0115834
-0.0108787
-0.00938233
-0.00849883
-0.00832145
-0.00958439
-0.0124931
-0.0172099
-0.022172
-0.0249717
-0.021445
-0.00232137
0.00544862
0.0013678
-0.0051329
0

0
-0.00926107
-0.0105341
-0.0120452
-0.0127178
-0.00822659
-0.0149536
-0.0136535
-0.011673
-0.0104852
-0.0102442
-0.0118259
-0.0156392
-0.0220486
-0.0287287
-0.0326858
-0.0271344
-0.00177809
0.00816018
0.00245043
-0.00614781
0

0
-0.0110207
-0.0126104
-0.0146401
-0.016462
-0.0142089
-0.0185188
-0.0163336
-0.0138535
-0.012362
-0.012057
-0.0138813
-0.0184244
-0.0266783
-0.0351501
-0.040468
-0.0327869
-0.000886161
0.0109601
0.00344286
-0.00717496
0

0
-0.0127329
-0.0146362
-0.0171983
-0.0202398
-0.0205461
-0.0221202
-0.0188809
-0.0158939
-0.0141118
-0.0137455
-0.0157477
-0.0208844
-0.0310191
-0.0413673
-0.0482575
-0.0386908
0.000329417
0.0138161
0.00430778
-0.00821634
0

0
-0.0143847
-0.0165839
-0.0196507
-0.0238214
-0.026515
-0.0255278
-0.0212442
-0.0177651
-0.0157234
-0.0153023
-0.0174383
-0.0231012
-0.0349938
-0.0472995
-0.055996
-0.0450475
0.0018281
0.0166812
0.0050074
-0.00927309
0

0
-0.0159636
-0.0184278
-0.0219309
-0.0269995
-0.0314744
-0.0285003
-0.0233716
-0.0194477
-0.017192
-0.0167238
-0.0189659
-0.0251226
-0.0385359
-0.0528547
-0.0636219
-0.0519369
0.00353567
0.0194739
0.00550008
-0.0103455
0

0
-0.0174587
-0.020148
-0.023986
-0.0296216
-0.0349113
-0.0308487
-0.025225
-0.0209395
-0.0185192
-0.0180094
-0.0203349
-0.0269456
-0.0415891
-0.0579204
-0.0709957
-0.0592954
0.00529767
0.0220578
0.00573961
-0.011433
0

0
-0.0188615
-0.0217309
-0.0257845
-0.0316336
-0.0366589
-0.0325141
-0.0267933
-0.0222527
-0.0197112
-0.0191599
-0.0215405
-0.0285308
-0.0440976
-0.0623401
-0.0778209
-0.0668807
0.00684961
0.024233
0.00568196
-0.0125343
0

0
-0.020165
-0.0231672
-0.0273185
-0.0331038
-0.0371445
-0.0336123
-0.0280977
-0.0234078
-0.0207775
-0.0201775
-0.0225721
-0.0298241
-0.0459976
-0.0658951
-0.083615
-0.074215
0.00788385
0.0257611
0.00529285
-0.0136476
0

0
-0.0213642
-0.0244477
-0.0286004
-0.0341812
-0.037083
-0.0343627
-0.0291815
-0.0244268
-0.0217278
-0.0210661
-0.0234182
-0.0307733
-0.0472201
-0.0683145
-0.0877716
-0.0805306
0.00820989
0.0264149
0.00455507
-0.0147709
0

0
-0.0224553
-0.0255576
-0.0296546
-0.0350257
-0.037062
-0.0349797
-0.0300921
-0.0253258
-0.0225709
-0.0218309
-0.0240708
-0.0313392
-0.0477027
-0.0693294
-0.0897405
-0.0847878
0.00781578
0.026016
0.00346997
-0.0159029
0

0
-0.0234361
-0.0264762
-0.0305059
-0.0357549
-0.0374065
-0.0356079
-0.0308642
-0.026111
-0.0233124
-0.0224777
-0.0245279
-0.0315032
-0.0474137
-0.068773
-0.0892699
-0.0858708
0.00682942
0.0244504
0.00204816
-0.017042
0

0
-0.0236153
-0.0264915
-0.03053
-0.0357855
-0.0374246
-0.0356032
-0.0308419
-0.0260881
-0.0232989
-0.0224755
-0.0245439
-0.0315531
-0.047524
-0.0689537
-0.0895203
-0.085902
0.0074104
0.0244746
0.0019341
-0.0171158
0

0
0
0
0
0
0
0
0
0
0
0
0
0
0
0
0
0
0
0
0
0
0


0
0
0
0
0
0
0
0
0
0
0
0
0
0
0
0
0
0
0
0
0
0

0
-0.00377879
-0.00418362
-0.0044935
-0.00485644
-0.00534557
-0.00517999
-0.0047489
-0.00438115
-0.00417553
-0.00419682
-0.00459814
-0.00542397
-0.00663279
-0.0078229
-0.0082219
-0.00673388
-0.0030249
-0.00110076
-0.00170081
-0.00318916
0

0
-0.00556968
-0.00622853
-0.00683802
-0.00756493
-0.00844051
-0.00815046
-0.00732186
-0.00659919
-0.00619062
-0.00623419
-0.0070303
-0.00867801
-0.0110768
-0.0134608
-0.0142673
-0.011264
-0.00387239
-5.90019e-05
-0.00127334
-0.00423891
0

0
-0.00734511
-0.00825847
-0.0091667
-0.0102569
-0.0113834
-0.0110146
-0.00983151
-0.00877102
-0.00816238
-0.0082261
-0.00940037
-0.0118531
-0.0154309
-0.0190197
-0.0202544
-0.0157034
-0.00467736
0.000964596
-0.000887343
-0.00529575
0

0
-0.00909312
-0.0102592
-0.0114626
-0.0129077
-0.014196
-0.0137477
-0.0122491
-0.0108712
-0.0100678
-0.0101494
-0.0116778
-0.0149053
-0.0196462
-0.0244541
-0.026153
-0.0200443
-0.00542786
0.00196281
-0.000555881
-0.00635715
0

0
-0.0108038
-0.0122172
-0.0137078
-0.0154893
-0.0168912
-0.0163384
-0.0145544
-0.0128792
-0.0118887
-0.0119845
-0.0138358
-0.0177937
-0.0236749
-0.0297164
-0.0319319
-0.024307
-0.00613053
0.00291471
-0.000301093
-0.00742429
0

0
-0.0124673
-0.0141175
-0.0158806
-0.0179697
-0.019454
-0.0187742
-0.0167308
-0.0147775
-0.01361
-0.0137149
-0.0158515
-0.0204832
-0.0274667
-0.0347504
-0.0375499
-0.0285188
-0.00680678
0.00379298
-0.000143095
-0.00849796
0

0
-0.0140729
-0.0159439
-0.0179577
-0.0203165
-0.0218499
-0.0210397
-0.0187644
-0.0165525
-0.0152206
-0.0153273
-0.0177063
-0.0229428
-0.0309683
-0.0394898
-0.0429532
-0.0326912
-0.00748166
0.00456258
-0.000101681
-0.00957863
0

0
-0.0156109
-0.0176807
-0.019917
-0.0224992
-0.0240393
-0.0231202
-0.0206456
-0.0181952
-0.0167132
-0.0168119
-0.019385
-0.0251441
-0.0341252
-0.043857
-0.0480599
-0.0368054
-0.00818426
0.00518664
-0.000196498
-0.0106664
0

0
-0.0170726
-0.0193137
-0.0217394
-0.0244961
-0.0259948
-0.0250052
-0.0223673
-0.0197013
-0.0180834
-0.0181617
-0.0208753
-0.0270612
-0.0368819
-0.0477603
-0.0527631
-0.0407966
-0.00893122
0.00562371
-0.000446383
-0.0117612
0

0
-0.0184509
-0.0208305
-0.0234098
-0.0262962
-0.0277134
-0.0266937
-0.0239277
-0.0210708
-0.0193303
-0.0193728
-0.0221683
-0.0286705
-0.0391819
-0.0510926
-0.056916
-0.0445506
-0.0097356
0.00583295
-0.000863068
-0.0128628
0

0
-0.0197399
-0.02222
-0.0249182
-0.0279001
-0.0292212
-0.028196
-0.0253287
-0.022307
-0.0204555
-0.0204441
-0.0232582
-0.0299519
-0.0409714
-0.0537372
-0.0603433
-0.0478952
-0.0105829
0.00577753
-0.00145524
-0.013971
0

0
-0.0209362
-0.0234734
-0.0262587
-0.0293172
-0.030561
-0.0295297
-0.026575
-0.0234146
-0.0214622
-0.0213771
-0.0241429
-0.0308913
-0.0422033
-0.0555783
-0.0628576
-0.0506066
-0.0114287
0.0054291
-0.00222808
-0.0150863
0

0
-0.0220384
-0.0245827
-0.0274284
-0.0305592
-0.0317717
-0.0307134
-0.0276716
-0.0243979
-0.0223545
-0.0221756
-0.0248243
-0.0314815
-0.0428431
-0.0565168
-0.0642907
-0.052434
-0.0122083
0.00476772
-0.00318472
-0.0162096
0

0
-0.0230465
-0.0255402
-0.0284245
-0.0316333
-0.0328755
-0.0317582
-0.0286207
-0.0252591
-0.0231362
-0.0228447
-0.0253083
-0.031725
-0.0428769
-0.0564942
-0.0645356
-0.0531538
-0.0128622
0.00377776
-0.00432871
-0.0173416
0

0
-0.0232222
-0.0255522
-0.0284417
-0.0316545
-0.0328891
-0.0317572
-0.0286069
-0.0252429
-0.0231263
-0.0228453
-0.0253254
-0.0317673
-0.0429585
-0.0566191
-0.0646736
-0.053148
-0.0125941
0.00384941
-0.00437397
-0.0173926
0

0
0
0
0
0
0
0
0
0
0
0
0
0
0
0
0
0
0
0
0
0
0


0
0
0
0
0
0
0
0
0
0
0
0
0
0
0
0
0
0
0
0
0
0

0
0
0
0
0
0
0
0
0
0
0
0
0
0
0
0
0
0
0
0
0
0

0
0
0
0
0
0
0
0
0
0
0
0
0
0
0
0
0
0
0
0
0
0

0
0
0
0
0
0
0
0
0
0
0
0
0
0
0
0
0
0
0
0
0
0

0
0
0
0
0
0
0
0
0
0
0
0
0
0
0
0
0
0
0
0
0
0

0
0
0
0
0
0
0
0
0
0
0
0
0
0
0
0
0
0
0
0
0
0

0
0
0
0
0
0
0
0
0
0
0
0
0
0
0
0
0
0
0
0
0
0

0
0
0
0
0
0
0
0
0
0
0
0
0
0
0
0
0
0
0
0
0
0

0
0
0
0
0
0
0
0
0
0
0
0
0
0
0
0
0
0
0
0
0
0

0
0
0
0
0
0
0
0
0
0
0
0
0
0
0
0
0
0
0
0
0
0

0
0
0
0
0
0
0
0
0
0
0
0
0
0
0
0
0
0
0
0
0
0

0
0
0
0
0
0
0
0
0
0
0
0
0
0
0
0
0
0
0
0
0
0

0
0
0
0
0
0
0
0
0
0
0
0
0
0
0
0
0
0
0
0
0
0

0
0
0
0
0
0
0
0
0
0
0
0
0
0
0
0
0
0
0
0
0
0

0
0
0
0
0
0
0
0
0
0
0
0
0
0
0
0
0
0
0
0
0
0

0
0
0
0
0
0
0
0
0
0
0
0
0
0
0
0
0
0
0
0
0
0

0
0
0
0
0
0
0
0
0
0
0
0
0
0
0
0
0
0
0
0
0
0


