0
0
0
0
0
0
0
0
0
0
0
0
0
0
0
0
0
0
0
0
0
0

0
0
0
0
0
0
0
0
0
0
0
0
0
0
0
0
0
0
0
0
0
0

0
0
0
0
0
0
0
0
0
0
0
0
0
0
0
0
0
0
0
0
0
0

0
0
0
0
0
0
0
0
0
0
0
0
0
0
0
0
0
0
0
0
0
0

0
0
0
0
0
0
0
0
0
0
0
0
0
0
0
0
0
0
0
0
0
0

0
0
0
0
0
0
0
0
0
0
0
0
0
0
0
0
0
0
0
0
0
0

0
0
0
0
0
0
0
0
0
0
0
0
0
0
0
0
0
0
0
0
0
0

0
0
0
0
0
0
0
0
0
0
0
0
0
0
0
0
0
0
0
0
0
0

0
0
0
0
0
0
0
0
0
0
0
0
0
0
0
0
0
0
0
0
0
0

0
0
0
0
0
0
0
0
0
0
0
0
0
0
0
0
0
0
0
0
0
0

0
0
0
0
0
0
0
0
0
0
0
0
0
0
0
0
0
0
0
0
0
0

0
0
0
0
0
0
0
0
0
0
0
0
0
0
0
0
0
0
0
0
0
0

0
0
0
0
0
0
0
0
0
0
0
0
0
0
0
0
0
0
0
0
0
0

0
0
0
0
0
0
0
0
0
0
0
0
0
0
0
0
0
0
0
0
0
0

0
0
0
0
0
0
0
0
0
0
0
0
0
0
0
0
0
0
0
0
0
0

0
0
0
0
0
0
0
0
0
0
0
0
0
0
0
0
0
0
0
0
0
0

0
0
0
0
0
0
0
0
0
0
0
0
0
0
0
0
0
0
0
0
0
0


0
0
0
0
0
0
0
0
0
0
0
0
0
0
0
0
0
0
0
0
0
0

0
-0.000780275
-0.00109266
-0.00189373
0.00305121
0.00510764
0.00013817
-0.00078283
-0.000186805
-0.00598478
0.000167328
-0.00126894
0.00567921
0.0117746
0.000723352
-0.00455078
0.0119794
0.000458331
0.00244354
0.000961958
-0.000696658
0

0
-0.0010667
-0.0014361
0.000919076
0.00244775
0.0126894
5.22797e-05
-0.00197862
-0.000568052
-0.00123774
-1.5924e-05
-0.00366772
0.00746913
0.0295863
-0.00245862
-0.00964138
0.092709
0.000565866
0.00569912
0.00267369
-0.00063036
0

0
-0.00137429
-0.00209636
-0.000690564
0.00524466
0.000140337
0.00262813
-0.00336469
-1.16875e-05
-0.000913737
-8.17022e-07
-0.00510368
-0.0125651
0.0520691
-0.00674324
-0.0106631
0.00787188
0.00687117
0.00945017
0.0044524
-0.000584169
0

0
-0.00165126
-0.00283994
-0.00463446
0.00266253
0.0451126
-0.00107868
-0.00490978
-0.00165299
-0.000669701
0.000209824
-0.00590888
0.0114602
0.0820696
-0.0139434
-0.0148429
-0.00875887
0.0129797
0.0135408
0.00632172
-0.000565422
0

0
-0.00191058
-0.00309292
-0.00175225
-0.00474234
0.0758157
-0.00608286
-0.00670061
-0.0022031
-0.00126335
0.0013521
0.00385084
0.149071
-0.113629
-0.027152
-0.0298341
-0.0225125
0.0203244
0.0135674
0.00833981
-0.000588012
0

0
-0.0021576
-0.00341361
-0.0048082
-0.0118599
0.115416
-0.0144013
-0.00875031
-0.00247815
-0.00118277
0.00176059
0.00933168
0.107105
-0.0802678
-0.0349637
-0.0348196
-0.0374265
0.0297462
0.0253545
0.0101354
-0.000671114
0

0
-0.0023683
-0.00375322
-0.00768406
-0.0244855
0.170445
-0.0283167
-0.0109041
-3.93139e-05
-0.00122429
0.0020035
0.0115348
0.0748648
-0.0586135
-0.0414709
-0.0374938
-0.0550183
0.0430424
0.0335439
0.011995
-0.000813191
0

0
-0.00254503
-0.00403279
-0.0101599
-0.0457074
0.249072
-0.0511867
-0.0126249
-0.00337029
-0.00115178
0.00203852
0.011863
0.0523775
-0.04366
-0.0517415
-0.0348333
-0.0777836
0.0624304
0.0429505
0.0148179
-0.00103891
0

0
-0.00268438
-0.00417954
-0.0116843
-0.0750121
0.496077
-0.0613213
-0.0126214
-0.00392544
-0.00113908
0.00184369
0.011223
0.0366062
-0.0331539
-0.0174345
-0.0743292
-0.110353
0.0918562
0.0540787
0.0146768
-0.00133759
0

0
-0.0027832
-0.00415626
-0.0118288
-0.0499466
0.227751
-0.0282323
-0.0149323
-0.0042727
-0.00114251
0.00141795
0.0101916
0.0254982
-0.0260925
-0.0232473
-0.0726214
-0.153913
0.140819
0.0670595
0.0149046
-0.0017371
0

0
-0.00284612
-0.00401668
-0.010944
-0.0301711
0.150321
-0.0145984
-0.0119828
-0.00428255
-0.00114061
0.0018645
0.00806793
0.0176417
-0.0216796
-0.0263004
-0.0687174
-0.21684
0.202371
0.0804269
0.0140054
-0.00224711
0

0
-0.0029284
-0.00403452
-0.00960525
-0.0185031
0.0976177
-0.00724986
-0.00951775
-0.00601862
-0.00112027
0.00112657
0.00705849
0.0122074
-0.0186578
-0.0265905
0.000422767
-0.308704
0.28708
0.0934552
0.0111729
-0.00288963
0

0
-0.0029747
-0.00492838
-0.00756898
-0.0118552
0.0581537
-0.00360144
-0.00754577
-0.00362089
-0.0011077
0.00240836
0.00415137
0.00847203
-0.016691
4.68064e-05
-0.078993
-0.438247
0.412167
0.105037
0.00550578
-0.00361672
0

0
-0.0029007
-0.00470459
-0.006197
-0.00813655
0.0266369
-0.00194783
-0.0059885
-0.00308414
-0.00112165
0.00170146
0.00329282
0.00618542
-0.0139925
-0.0196204
-0.0830805
-0.623439
0.60541
0.112229
-0.00449395
-0.00440553
0

0
-0.00292476
-0.00471463
-0.0062035
-0.00810038
-0.000785816
-0.00206692
-0.00599956
-0.00307044
-0.00111067
0.00171399
0.00330231
0.00616898
-0.0140767
-0.019699
-0.0836235
-0.627221
0.608972
0.110983
-0.00490685
-0.00440331
0

0
0
0
0
0
0
0
0
0
0
0
0
0
0
0
0
0
0
0
0
0
0


0
0
0
0
0
0
0
0
0
0
0
0
0
0
0
0
0
0
0
0
0
0

0
-0.000779316
-0.00221802
-0.00115248
0.00490577
0.00148434
0.0020894
0.0024342
7.83441e-06
0.000722693
0.00035589
-0.00049082
0.0936221
0.00914906
-0.00145189
-0.00303196
-0.0147043
0.000479339
0.00233853
0.000860694
-0.000710407
0

0
-0.00107651
-0.000106993
-0.00111854
0.00509073
0.0661163
0.00924322
-0.00543455
-0.00103392
-0.000358764
-0.000116881
-0.00163861
0.00844623
0.00949663
-0.00431454
-0.00401707
-0.0585678
0.000681275
0.00553899
0.00247122
-0.00065916
0

0
-0.00136602
-0.00158837
-0.00315896
0.00503309
0.088686
0.00583655
-0.00415073
-0.00204351
-0.000650662
9.08566e-05
-0.00255903
-0.0266002
-0.00262944
-0.00883975
0.00215352
-0.0217827
0.00570144
0.00929678
0.00411921
-0.000630342
0

0
-0.00164494
-0.00241328
-0.0083025
0.00199356
0.0601653
0.000519425
-0.00488662
-0.00212504
-0.000755638
0.000403863
-0.0017319
-0.0900263
0.037556
-0.0135467
0.0292919
-0.017503
0.011082
0.0140323
0.00585037
-0.000627522
0

0
-0.00191042
-0.00291637
-0.00527393
-0.00360325
0.0556958
-0.00559503
-0.00635294
-0.00260769
-0.000990413
0.00100331
0.00321848
0.0277826
-0.0334087
-0.0225057
-0.0732617
-0.0265298
0.017308
0.0210651
0.00765194
-0.000664536
0

0
-0.00215586
-0.00331615
-0.0060221
-0.0111185
0.0523498
-0.0141757
-0.00816298
-0.00336609
-0.00108094
0.00143057
0.00703713
0.0479632
-0.0439954
-0.0292615
-0.0468126
-0.0363721
0.0250434
0.0244981
0.00921585
-0.000753158
0

0
-0.00236756
-0.00365984
-0.00780293
-0.0218784
0.0239017
-0.0267625
-0.0100603
-0.00499975
-0.00116439
0.00168741
0.0089641
0.0443553
-0.0397979
-0.0337021
-0.0427634
-0.0500955
0.0347258
0.0304275
0.0105897
-0.000906326
0

0
-0.00254284
-0.0039035
-0.00962416
-0.0356633
-0.10835
-0.044457
-0.0116737
-0.00416181
-0.00114721
0.00176913
0.00946912
0.0354073
-0.0332285
-0.0355513
-0.0462853
-0.0685654
0.0453545
0.0373858
0.0113137
-0.00114102
0

0
-0.00267686
-0.00395694
-0.0108572
-0.0459616
-0.544846
-0.0656852
-0.0126134
-0.00411407
-0.00114804
0.00169404
0.00909024
0.0266201
-0.0273541
-0.0272908
-0.0614685
-0.0935085
0.0489976
0.0439431
0.012878
-0.0014295
0

0
-0.00276807
-0.00365776
-0.0111144
-0.0388433
-0.111983
-0.0371915
-0.0124635
-0.00414248
-0.00115519
0.00153639
0.00819709
0.019379
-0.02329
-0.0272728
-0.0708595
-0.126603
0.14082
0.0618468
0.0135894
-0.00181623
0

0
-0.00285689
-0.00259
-0.0109674
-0.0272629
0.00302371
-0.0208992
-0.0108083
-0.00400049
-0.00114989
0.00152757
0.00688442
0.0138005
-0.0184252
-0.0290756
-0.0854981
-0.170762
0.165013
0.0693639
0.0129495
-0.00232117
0

0
-0.00292456
0.00102178
-0.0117127
-0.0183847
0.0288861
-0.011789
-0.00895652
-0.00361757
-0.0011423
0.00133008
0.00565675
0.00971044
-0.0166063
-0.0324324
-0.12526
-0.228079
0.213571
0.0774092
0.0110011
-0.00291679
0

0
-0.00296202
-0.00986075
-0.00463362
-0.0123427
0.0271808
-0.00682238
-0.00728159
-0.00339177
-0.00113293
0.0014752
0.00412372
0.00684328
-0.0148548
-0.0414461
-0.0915934
-0.291183
0.276203
0.0827185
0.00750468
-0.00359348
0

0
-0.00292239
-0.00620413
-0.00521238
-0.00877921
0.0196545
-0.00420507
-0.0058719
-0.00300293
-0.00113486
0.00115978
0.00313315
0.0050413
-0.0128605
-0.0276847
-0.0789625
-0.341599
0.330378
0.0807696
0.00300996
-0.00431784
0

0
-0.00294849
-0.00621647
-0.00521206
-0.00875591
0.0196993
-0.00429954
-0.00587389
-0.00298953
-0.00112491
0.00117089
0.00314271
0.00502438
-0.0129475
-0.027804
-0.0794016
-0.344529
0.332647
0.0798561
0.0027469
-0.00434375
0

0
0
0
0
0
0
0
0
0
0
0
0
0
0
0
0
0
0
0
0
0
0


0
0
0
0
0
0
0
0
0
0
0
0
0
0
0
0
0
0
0
0
0
0

0
-0.000790965
-0.00122425
-0.000980404
0.00488939
0.0337051
0.00223321
-0.000326991
-0.000386808
0.000129137
0.000199264
9.58416e-05
0.0275914
0.00351839
-0.00233202
-0.00283157
-0.0122045
0.000446937
0.00216036
0.000744274
-0.000725981
0

0
-0.00107452
-0.00107953
-0.00151069
0.0067934
0.0676374
0.00579464
-0.00269872
-0.00103952
-0.000257956
0.000105145
-0.000547482
0.0062831
0.00340513
-0.00510917
-0.00452258
-0.0262009
0.00180632
0.00514439
0.00220941
-0.000695303
0

0
-0.00136109
-0.00168569
-0.00289506
0.0059223
0.0699446
0.00469657
-0.00345746
-0.00169968
-0.000527549
0.000204252
-0.000916886
-0.0124859
0.000587718
-0.00887746
-0.00454958
-0.0207978
0.00510975
0.00858715
0.00371637
-0.000683833
0

0
-0.00163744
-0.00229993
-0.00490894
0.00251909
0.0541941
0.000720665
-0.00446647
-0.00213988
-0.000709206
0.000442698
-9.75987e-05
-0.0261207
0.00379784
-0.0133833
-0.00652077
-0.0201822
0.00934014
0.0126861
0.00526506
-0.000698701
0

0
-0.00190361
-0.00279546
-0.00518055
-0.00283079
0.03893
-0.00507161
-0.00584127
-0.00265555
-0.000881214
0.000812412
0.002654
0.00742871
-0.0160025
-0.0194841
-0.0354089
-0.025498
0.014483
0.017455
0.00682378
-0.000749402
0

0
-0.00214699
-0.0032105
-0.00610589
-0.00984138
0.0186767
-0.0128271
-0.007443
-0.00327398
-0.000999676
0.00114304
0.00517173
0.0221889
-0.0253019
-0.0245276
-0.0383859
-0.0333892
0.0208666
0.0217332
0.00824187
-0.000848133
0

0
-0.00235772
-0.00355261
-0.00748847
-0.0185605
-0.0211158
-0.0227387
-0.00906398
-0.00395889
-0.00108678
0.00136565
0.0066848
0.0248761
-0.0266239
-0.0279065
-0.0405689
-0.0441161
0.028995
0.0268929
0.00949591
-0.00100694
0

0
-0.00253179
-0.00378787
-0.00886481
-0.0278984
-0.100932
-0.0338444
-0.0103974
-0.00398741
-0.00112462
0.00146051
0.00722862
0.0222536
-0.0246579
-0.0292203
-0.045522
-0.0583434
0.0395524
0.0328834
0.0105144
-0.00123522
0

0
-0.00266467
-0.00385884
-0.00979541
-0.033976
-0.212309
-0.0414888
-0.0110932
-0.00400068
-0.00114914
0.00144013
0.00706479
0.017988
-0.0218453
-0.0276735
-0.0543579
-0.0768009
0.0552573
0.0398332
0.011518
-0.00153142
0

0
-0.00279745
-0.00374001
-0.0100511
-0.0307062
-0.100856
-0.0317615
-0.0108159
-0.00396399
-0.00116124
0.0013545
0.00644746
0.0137288
-0.019202
-0.0276658
-0.0631689
-0.10002
0.0926355
0.0493895
0.0119915
-0.00192643
0

0
-0.00285058
-0.00331008
-0.00971761
-0.0238115
-0.0333982
-0.0214453
-0.0097142
-0.00381812
-0.00117078
0.00125608
0.00554256
0.0100713
-0.0166374
-0.0287235
-0.0737254
-0.128981
0.11873
0.0562654
0.0116419
-0.00239564
0

0
-0.00290158
-0.00296636
-0.00895626
-0.0173799
-0.00378692
-0.0138946
-0.00831299
-0.00354793
-0.00116768
0.0011135
0.00456697
0.00720881
-0.0149012
-0.0301998
-0.0855016
-0.16197
0.14749
0.0612154
0.0102737
-0.0029625
0

0
-0.00294289
-0.00556278
-0.00645227
-0.0124828
0.00614535
-0.00901946
-0.00692439
-0.00326038
-0.00116156
0.000999646
0.00354741
0.00512932
-0.0133618
-0.0311912
-0.0772458
-0.192621
0.175074
0.0627654
0.0079274
-0.0036056
0

0
-0.00289986
-0.00510058
-0.00548243
-0.00920734
0.00809531
-0.00610894
-0.00567879
-0.00291292
-0.00116
0.000741906
0.00272058
0.00377929
-0.0117217
-0.0259381
-0.0674344
-0.207867
0.186551
0.0582212
0.00499898
-0.00430262
0

0
-0.00292443
-0.00510919
-0.00548787
-0.00919819
0.00815156
-0.00616177
-0.00567306
-0.00290012
-0.00115098
0.000751562
0.00272913
0.00376261
-0.011799
-0.0260414
-0.0677689
-0.209041
0.187861
0.0576656
0.00480694
-0.00433625
0

0
0
0
0
0
0
0
0
0
0
0
0
0
0
0
0
0
0
0
0
0
0


0
0
0
0
0
0
0
0
0
0
0
0
0
0
0
0
0
0
0
0
0
0

0
-0.000794336
-0.00102135
-0.000856494
0.00745333
0.108453
0.001006
-0.000907581
-0.000486916
-3.14048e-05
0.000171394
0.000175991
0.00808189
0.000873482
-0.00263873
-0.00308489
-0.00825949
0.00051001
0.00188801
0.000596174
-0.000745941
0

0
-0.00107549
-0.00129118
-0.00139506
0.00909328
0.0895645
0.00450346
-0.00199243
-0.00101382
-0.000263551
0.00016829
-3.06588e-05
0.00254528
0.000329119
-0.00536688
-0.00576542
-0.0151341
0.00200359
0.00459715
0.00192613
-0.000734014
0

0
-0.00135734
-0.00174177
-0.00240101
0.00708918
0.0741179
0.00408347
-0.00291396
-0.00155782
-0.000482671
0.000244746
-4.34027e-05
-0.00469739
-0.00153796
-0.00871817
-0.00855424
-0.0166924
0.00447114
0.00760908
0.00326824
-0.000742546
0

0
-0.00162999
-0.00223697
-0.00366704
0.00320694
0.0520743
0.000791381
-0.00398354
-0.00204708
-0.000666606
0.000411665
0.000633297
-0.00745755
-0.00374001
-0.0125768
-0.0138253
-0.0187317
0.00775931
0.0110536
0.00463714
-0.000775494
0

0
-0.00189359
-0.00269846
-0.00462083
-0.00196837
0.0306687
-0.00431809
-0.00526044
-0.00254392
-0.000824957
0.000650479
0.00219114
0.00308516
-0.0112237
-0.0170137
-0.0253137
-0.0231428
0.0118905
0.0148117
0.00599331
-0.000841323
0

0
-0.0021335
-0.00310347
-0.00569938
-0.00814999
0.00725215
-0.0107816
-0.00665914
-0.00304387
-0.000949585
0.000883596
0.00377052
0.0107905
-0.0166061
-0.0208789
-0.0314001
-0.0294439
0.0170835
0.0187168
0.00723928
-0.000951911
0

0
-0.00234248
-0.00344067
-0.00689852
-0.0149799
-0.0238528
-0.0181165
-0.00801058
-0.00348583
-0.00104505
0.00105303
0.00484911
0.0136636
-0.0186742
-0.0236996
-0.0359232
-0.0377337
0.0238018
0.0231129
0.00835835
-0.0011186
0

0
-0.0025155
-0.00368244
-0.00799218
-0.0213754
-0.0646265
-0.0250395
-0.00907795
-0.00368733
-0.00110809
0.00113459
0.005321
0.013321
-0.0185809
-0.025254
-0.0410325
-0.0483394
0.0327815
0.0280484
0.00930106
-0.00134946
0

0
-0.0026947
-0.00384765
-0.00875343
-0.0251711
-0.0990034
-0.0286716
-0.00961366
-0.00376654
-0.0011477
0.0011333
0.00528507
0.011437
-0.0174655
-0.0256025
-0.047322
-0.061459
0.0456157
0.0335259
0.0100321
-0.00165854
0

0
-0.00278097
-0.00381802
-0.00892387
-0.0240066
-0.0698056
-0.0251499
-0.00943787
-0.00374866
-0.0011772
0.00106421
0.00488733
0.00907169
-0.0160593
-0.0260541
-0.0539615
-0.0773139
0.0647795
0.0395727
0.0103791
-0.0020314
0

0
-0.00284211
-0.00371504
-0.00859435
-0.0201027
-0.0369045
-0.0193204
-0.0086758
-0.00362121
-0.00119166
0.000958033
0.004265
0.00681557
-0.0145801
-0.026596
-0.0603209
-0.0953685
0.0821565
0.0442497
0.0100701
-0.00249201
0

0
-0.00288728
-0.0037652
-0.00782698
-0.0157477
-0.0159694
-0.013981
-0.0076217
-0.0034028
-0.00119494
0.000816126
0.00354802
0.00491953
-0.0132731
-0.0268534
-0.0646707
-0.113758
0.0981419
0.0469638
0.00901559
-0.00303655
0

0
-0.00290316
-0.00439448
-0.00653644
-0.0120067
-0.00527596
-0.00994862
-0.0064915
-0.00313021
-0.00119328
0.000647191
0.00281514
0.0034819
-0.0119995
-0.026037
-0.0616619
-0.127965
0.109588
0.0466137
0.00721384
-0.00365569
0

0
-0.00285843
-0.00426692
-0.00552887
-0.00920963
-0.000711815
-0.00723245
-0.00540969
-0.00281254
-0.00119118
0.000412656
0.00216191
0.00251693
-0.0106401
-0.0228268
-0.054712
-0.130563
0.109551
0.0417654
0.00483458
-0.00433502
0

0
-0.0028817
-0.00427354
-0.00553774
-0.00921165
-0.000679294
-0.00725391
-0.00539908
-0.00280061
-0.00118304
0.000420906
0.00216878
0.00250091
-0.0107061
-0.0229123
-0.0549494
-0.131017
0.110415
0.0414362
0.00469375
-0.00436851
0

0
0
0
0
0
0
0
0
0
0
0
0
0
0
0
0
0
0
0
0
0
0


0
0
0
0
0
1
0
0
0
0
0
0
0
0
0
0
0
0
0
0
0
0

0
-0.000796512
-0.00097958
-0.000756214
0.0132907
0.477187
-0.00089686
-0.00111807
-0.000502289
-7.86624e-05
0.000159779
0.000186725
0.00235196
-0.000354668
-0.00268691
-0.00330497
-0.00578073
0.000463559
0.00160263
0.000452615
-0.000765116
0

0
-0.00107587
-0.00133249
-0.00123509
0.0110291
0.210542
0.00436158
-0.00174983
-0.00097499
-0.000273402
0.000172242
0.00017956
0.000803734
-0.00125979
-0.00530795
-0.006394
-0.0103683
0.00182194
0.00396887
0.00162833
-0.000774637
0

0
-0.00135267
-0.00174488
-0.00205611
0.00765244
0.102464
0.00385371
-0.00256383
-0.00146162
-0.000466333
0.000228211
0.000310488
-0.00166025
-0.00294377
-0.00828933
-0.00983775
-0.0133091
0.00373417
0.00654966
0.00280548
-0.000804028
0

0
-0.00162234
-0.00218486
-0.00308181
0.00348334
0.0551581
0.00082393
-0.00356235
-0.0019307
-0.000642394
0.000337479
0.000811998
-0.00203176
-0.00533057
-0.0115357
-0.0146589
-0.0162435
0.00627458
0.00942639
0.00400145
-0.000855333
0

0
-0.00188195
-0.00261352
-0.00411472
-0.00130659
0.0274846
-0.0035606
-0.0047034
-0.00238775
-0.000795905
0.00048816
0.00172431
0.00173529
-0.00906699
-0.0149691
-0.0211114
-0.0201885
0.00950555
0.0124765
0.00516444
-0.0009368
0

0
-0.00211773
-0.00300027
-0.00517941
-0.00652958
0.00513142
-0.00873163
-0.00590172
-0.00281445
-0.000923471
0.000640609
0.00269134
0.00540468
-0.0122261
-0.0180377
-0.0264678
-0.0252315
0.0135802
0.015764
0.00622768
-0.00106134
0

0
-0.00232425
-0.00332806
-0.00623095
-0.0117963
-0.0172565
-0.0140898
-0.00701637
-0.00317098
-0.00102552
0.000755569
0.00341018
0.00730602
-0.0139804
-0.0204503
-0.0310828
-0.0315709
0.0187963
0.0193383
0.00717886
-0.00123846
0

0
-0.00254195
-0.00362385
-0.00717179
-0.0163512
-0.0394014
-0.0186568
-0.00788319
-0.00340015
-0.00110122
0.000812319
0.00376616
0.00755666
-0.0144952
-0.0220656
-0.0356482
-0.0392781
0.0255588
0.0232009
0.00796656
-0.00147955
0

0
-0.00266815
-0.00376249
-0.00774278
-0.01895
-0.0533453
-0.0208863
-0.00831373
-0.00350915
-0.00115567
0.000807377
0.00378595
0.00676256
-0.0142354
-0.0230047
-0.0404624
-0.0485018
0.034403
0.027253
0.0085118
-0.00178038
0

0
-0.00276608
-0.00381774
-0.00790339
-0.0187645
-0.0456291
-0.0196329
-0.00823166
-0.00351169
-0.00119288
0.000747682
0.00353402
0.00550282
-0.0135771
-0.0235935
-0.0450771
-0.0589182
0.0452848
0.0311374
0.00869998
-0.0021544
0

0
-0.00282788
-0.00381575
-0.00765103
-0.0166493
-0.0308344
-0.0164579
-0.00771094
-0.00341499
-0.00121525
0.000646007
0.00310901
0.00415721
-0.0127243
-0.0238731
-0.048889
-0.0699231
0.0556167
0.0340454
0.0083885
-0.00260442
0

0
-0.00286366
-0.00384726
-0.00705722
-0.0138213
-0.018306
-0.0129408
-0.00691982
-0.00323344
-0.00122409
0.000511113
0.00259673
0.00295433
-0.0117952
-0.0236088
-0.0506929
-0.0799037
0.064045
0.0352658
0.00747299
-0.00313399
0

0
-0.00286411
-0.00395026
-0.00620217
-0.0110774
-0.0101511
-0.00989387
-0.0060088
-0.00299043
-0.00122547
0.000343452
0.00206054
0.00200609
-0.0107816
-0.0224096
-0.0487789
-0.0860506
0.0683909
0.0340436
0.0059394
-0.00373513
0

0
-0.00281774
-0.00379699
-0.00534262
-0.00879278
-0.00570889
-0.00758338
-0.00507954
-0.00270231
-0.00122295
0.000135694
0.00155431
0.00134968
-0.0096562
-0.0199142
-0.0435913
-0.0845205
0.0655448
0.0296223
0.00384588
-0.00440017
0

0
-0.00284017
-0.00380237
-0.00535241
-0.00880117
-0.00569538
-0.00758669
-0.0050668
-0.00269142
-0.00121566
0.000142607
0.00155929
0.00133451
-0.00971167
-0.0199836
-0.0437546
-0.0846846
0.0661211
0.0294316
0.00374288
-0.00443051
0

0
0
0
0
0
0
0
0
0
0
0
0
0
0
0
0
0
0
0
0
0
0


0
0
0
0
0
0
0
0
0
0
0
0
0
0
0
0
0
0
0
0
0
0

0
-0.000798553
-0.000970699
-0.000797101
0.007154
0.0756195
4.79335e-05
-0.000937491
-0.000487048
-9.45752e-05
0.000143225
0.000172669
0.000609457
-0.000906496
-0.00260189
-0.00333353
-0.00434313
0.000335024
0.001294
0.000305578
-0.000785452
0

0
-0.0010754
-0.00133627
-0.00122304
0.00787037
0.0871575
0.00280083
-0.00157761
-0.000931278
-0.000280151
0.000146118
0.000221673
9.5472e-05
-0.00199105
-0.00506663
-0.00642056
-0.00785472
0.00147523
0.00332479
0.00133159
-0.0008159
0

0
-0.0013481
-0.00172992
-0.00191525
0.00590326
0.0649784
0.00254806
-0.00233432
-0.00137953
-0.000462211
0.000175556
0.000366016
-0.00071096
-0.00350573
-0.00770683
-0.00978563
-0.0107975
0.00295281
0.00550664
0.00235114
-0.000865696
0

0
-0.00161531
-0.00213896
-0.00279459
0.00265099
0.0409985
0.000240522
-0.00323324
-0.00181665
-0.000632778
0.000236107
0.000707059
-0.000643165
-0.00542938
-0.0104661
-0.0138104
-0.0137575
0.00488864
0.00787669
0.00337996
-0.000935256
0

0
-0.00187048
-0.00253939
-0.00374531
-0.00123665
0.0210823
-0.00320467
-0.00422731
-0.00223208
-0.000783834
0.000321853
0.00124699
0.000842016
-0.00771762
-0.0132323
-0.01834
-0.0172021
0.00733567
0.0103403
0.00435773
-0.00103327
0

0
-0.00210215
-0.00290529
-0.00470678
-0.00538143
0.00404684
-0.00715875
-0.00523836
-0.00260898
-0.000913454
0.000410414
0.00182579
0.00252888
-0.00974821
-0.0157479
-0.0226784
-0.0212239
0.0103956
0.0129952
0.0052408
-0.00117251
0

0
-0.00234779
-0.00326499
-0.00565342
-0.00940275
-0.0113839
-0.0110627
-0.00616489
-0.00292663
-0.0010222
0.000475491
0.00227453
0.00358729
-0.0111165
-0.0178263
-0.0266832
-0.0260153
0.0142164
0.0158217
0.00603706
-0.00136011
0

0
-0.00251576
-0.00350368
-0.00639028
-0.0126622
-0.0244091
-0.0141833
-0.00685224
-0.00314168
-0.00110425
0.000506389
0.00252343
0.00386077
-0.0117714
-0.0193611
-0.0304676
-0.0315852
0.0189761
0.0186916
0.00662035
-0.00160578
0

0
-0.00264997
-0.00366627
-0.00687038
-0.0145857
-0.0318217
-0.0157811
-0.00721606
-0.00326203
-0.00116849
0.00049054
0.00254497
0.00352772
-0.0118971
-0.0203905
-0.0341019
-0.0379254
0.0247129
0.0215407
0.00700988
-0.0019104
0

0
-0.00274647
-0.00374954
-0.0070204
-0.0148112
-0.0302243
-0.0154274
-0.00719699
-0.00328146
-0.00121272
0.000433755
0.00238497
0.00285655
-0.0116518
-0.0209746
-0.0373167
-0.0446744
0.031069
0.0240325
0.0070695
-0.00228385
0

0
-0.0028064
-0.00377089
-0.00684635
-0.0136964
-0.0237674
-0.0137133
-0.00684024
-0.00320991
-0.00124052
0.000341247
0.00209586
0.00207455
-0.0111672
-0.0211198
-0.0396383
-0.0512512
0.0369088
0.0256886
0.00671291
-0.00272787
0

0
-0.00283549
-0.00376016
-0.00640257
-0.0118923
-0.0168027
-0.0114625
-0.00624487
-0.00306038
-0.0012541
0.000219345
0.0017345
0.00133922
-0.0105158
-0.0206899
-0.0403401
-0.0565539
0.0411297
0.0259906
0.00586361
-0.00324503
0

0
-0.00282826
-0.0037081
-0.00576336
-0.00992458
-0.0113329
-0.00925156
-0.0055109
-0.00284844
-0.00125756
6.95417e-05
0.00134479
0.000742749
-0.00972195
-0.0194965
-0.0387139
-0.0589198
0.0423961
0.0244427
0.00449228
-0.00383237
0

0
-0.00278241
-0.00352813
-0.00504188
-0.00810195
-0.0077854
-0.00737206
-0.00471751
-0.00258988
-0.00125457
-0.000108129
0.000959736
0.000324092
-0.00879363
-0.0174275
-0.0346968
-0.0564345
0.0392711
0.020647
0.00261665
-0.00448374
0

0
-0.00280429
-0.00353263
-0.00505117
-0.00811271
-0.00778243
-0.0073669
-0.00470465
-0.00258015
-0.00124809
-0.000102456
0.000962887
0.000309845
-0.00883995
-0.0174838
-0.0348077
-0.0564826
0.0396557
0.0205395
0.00254169
-0.00451002
0

0
0
0
0
0
0
0
0
0
0
0
0
0
0
0
0
0
0
0
0
0
0


0
0
0
0
0
0
0
0
0
0
0
0
0
0
0
0
0
0
0
0
0
0

0
-0.000800488
-0.000970336
-0.000886416
0.00335962
0.0353687
0.000783099
-0.000847864
-0.000468956
-0.000102762
0.00011972
0.000135955
3.89187e-05
-0.0011306
-0.00245802
-0.00321831
-0.0034701
0.000165133
0.00100044
0.00016714
-0.000804446
0

0
-0.00107499
-0.00133366
-0.0013074
0.00445835
0.0441873
0.00164806
-0.00148312
-0.000890386
-0.000286361
0.000101804
0.000171084
-0.000241545
-0.0022629
-0.00474115
-0.00610053
-0.00629328
0.00107057
0.00271057
0.00105
-0.000855718
0

0
-0.00134493
-0.00171384
-0.00191987
0.00344974
0.0376025
0.00111368
-0.00219683
-0.00130949
-0.000464892
0.000101506
0.000269894
-0.000570133
-0.00361534
-0.00707564
-0.00916699
-0.00890756
0.00218926
0.00453224
0.00192335
-0.000925129
0

0
-0.00161012
-0.00210196
-0.00268165
0.00119013
0.0258442
-0.000684512
-0.00300202
-0.0017155
-0.000632975
0.000120366
0.000473932
-0.000526587
-0.00514814
-0.00944797
-0.0125362
-0.0115773
0.00362096
0.0064508
0.00279419
-0.00101247
0

0
-0.00186114
-0.00247844
-0.00350856
-0.00170501
0.0135596
-0.00326872
-0.00385726
-0.00209358
-0.000783077
0.000155571
0.000779099
5.1599e-05
-0.00675661
-0.0117531
-0.0160748
-0.014484
0.00540446
0.00841176
0.00359844
-0.00112735
0

0
-0.00212416
-0.00286281
-0.00437424
-0.00484415
0.00212426
-0.00618743
-0.00471396
-0.00244104
-0.000918013
0.0001911
0.00110286
0.000774274
-0.0082056
-0.0138899
-0.01959
-0.0176697
0.00760907
0.0105497
0.00434914
-0.00127601
0

0
-0.00233236
-0.00316333
-0.00513649
-0.00775427
-0.00799673
-0.00895202
-0.00545158
-0.00271785
-0.00102637
0.000219543
0.00137256
0.00128908
-0.00927038
-0.0156473
-0.0227816
-0.0212322
0.0102696
0.0126031
0.00491864
-0.00147773
0

0
-0.00249861
-0.00339635
-0.0057472
-0.0101056
-0.0160264
-0.0111379
-0.00601194
-0.00292182
-0.00111676
0.000222204
0.00151728
0.00144524
-0.00992746
-0.0170258
-0.0258416
-0.0252732
0.0134413
0.0147062
0.00537141
-0.00172947
0

0
-0.00263101
-0.00355996
-0.00614264
-0.0115378
-0.020583
-0.0123152
-0.00631434
-0.00303943
-0.00118592
0.000195263
0.00152825
0.00128197
-0.0101991
-0.0179824
-0.0285955
-0.029555
0.0170087
0.0166373
0.00560115
-0.00204026
0

0
-0.00272492
-0.00364919
-0.00628055
-0.0118828
-0.0207755
-0.0123139
-0.00632956
-0.00307076
-0.00123559
0.0001386
0.00142018
0.000917713
-0.0101686
-0.0185216
-0.0308409
-0.033879
0.0206865
0.0181753
0.00555118
-0.00241323
0

0
-0.00278201
-0.00367135
-0.00616153
-0.011304
-0.0180029
-0.0113769
-0.00607947
-0.00301956
-0.00126783
5.52905e-05
0.00122433
0.000472684
-0.00990233
-0.0186035
-0.0322512
-0.0377816
0.0238542
0.0189972
0.00514776
-0.00285323
0

0
-0.00280657
-0.00363795
-0.00582429
-0.0101469
-0.0142336
-0.00993303
-0.00562471
-0.00289601
-0.00128445
-5.05913e-05
0.000973519
4.38018e-05
-0.00944646
-0.0181515
-0.0324255
-0.0405444
0.025805
0.0187689
0.00433557
-0.00336164
0

0
-0.00279613
-0.00354087
-0.00531945
-0.00873428
-0.0107588
-0.00834703
-0.00503095
-0.00271245
-0.00128938
-0.000178038
0.000695507
-0.000304906
-0.00882557
-0.0170808
-0.0310016
-0.0412343
0.0257758
0.0171821
0.00308747
-0.00393648
0

0
-0.00275238
-0.00335749
-0.00470941
-0.00728956
-0.00812252
-0.00684462
-0.00435472
-0.00248209
-0.00128574
-0.000325953
0.000411896
-0.000545672
-0.00805971
-0.0153581
-0.027869
-0.0389101
0.0230813
0.0140227
0.0014069
-0.00457398
0

0
-0.00277385
-0.00336129
-0.00471758
-0.00730019
-0.00812406
-0.00683666
-0.00434291
-0.00247352
-0.00128002
-0.000321403
0.000413421
-0.000559029
-0.00809827
-0.0154038
-0.0279441
-0.0389128
0.0233387
0.0139646
0.0013526
-0.00459622
0

0
0
0
0
0
0
0
0
0
0
0
0
0
0
0
0
0
0
0
0
0
0


0
0
0
0
0
0
0
0
0
0
0
0
0
0
0
0
0
0
0
0
0
0

0
-0.000802465
-0.000972306
-0.000986013
0.00121662
0.0155912
0.00019957
-0.000830729
-0.000453921
-0.000109505
9.06668e-05
8.31784e-05
-0.000192751
-0.00120181
-0.00229693
-0.00302214
-0.00289568
-6.20416e-06
0.000733194
4.22334e-05
-0.00082184
0

0
-0.00107556
-0.00133351
-0.00143655
0.00179514
0.021284
0.000308883
-0.00146182
-0.000859557
-0.00029492
4.7634e-05
7.12655e-05
-0.000467089
-0.00232068
-0.00439442
-0.00562188
-0.00520536
0.000671001
0.00215357
0.000794369
-0.00089287
0

0
-0.00134405
-0.00170423
-0.00200542
0.00110402
0.0193187
-0.000369818
-0.00214086
-0.00125245
-0.000472591
1.72845e-05
0.000101356
-0.000718857
-0.00353684
-0.0064544
-0.00839962
-0.00745641
0.00147928
0.0036549
0.00153495
-0.000980563
0

0
-0.00160781
-0.00207701
-0.00267435
-0.000466478
0.0135455
-0.0017768
-0.00286251
-0.00163185
-0.000639861
-5.9017e-07
0.000191144
-0.000799869
-0.00479745
-0.00854708
-0.0112426
-0.00975574
0.00250515
0.00518694
0.00226344
-0.00108456
0

0
-0.00188258
-0.00246385
-0.00341429
-0.00254303
0.00649479
-0.00367142
-0.00360853
-0.00198893
-0.000794451
-8.76452e-06
0.000332529
-0.000660534
-0.00605379
-0.0105443
-0.0141522
-0.0121463
0.00374631
0.00679547
0.00295176
-0.00120897
0

0
-0.00212476
-0.00280323
-0.00412269
-0.00473508
-0.000495884
-0.00571567
-0.00430288
-0.00229641
-0.000926574
-9.09602e-06
0.000497095
-0.000423088
-0.00715682
-0.0123178
-0.0168853
-0.0146116
0.00524721
0.00831184
0.00349541
-0.00137346
0

0
-0.00232236
-0.00308139
-0.00474487
-0.00677385
-0.00672091
-0.00762111
-0.00490098
-0.0025493
-0.00103992
-1.4428e-05
0.000629557
-0.000242308
-0.00803037
-0.0138304
-0.0195064
-0.0173132
0.00699108
0.0098524
0.00393735
-0.00158618
0

0
-0.00248661
-0.00330229
-0.00523984
-0.00840895
-0.0115642
-0.00910602
-0.00534739
-0.00273673
-0.00113434
-3.54035e-05
0.000696566
-0.000207833
-0.00862886
-0.0150385
-0.0219179
-0.020158
0.00896957
0.0113164
0.00424014
-0.00184617
0

0
-0.00261387
-0.00345658
-0.00555867
-0.00942606
-0.0143979
-0.00993753
-0.00559203
-0.00285012
-0.00120763
-7.36643e-05
0.000689235
-0.000315228
-0.00895039
-0.0158917
-0.0239785
-0.0230431
0.011084
0.0125608
0.00434257
-0.0021614
0

0
-0.00270445
-0.00354268
-0.00567562
-0.00974139
-0.0149468
-0.0100306
-0.00561758
-0.00288736
-0.00126122
-0.000130698
0.000612788
-0.000520238
-0.00902816
-0.0163629
-0.0255471
-0.0257905
0.0131157
0.0134295
0.00419871
-0.00253637
0

0
-0.00275861
-0.00356168
-0.00558983
-0.00942471
-0.0137591
-0.00949496
-0.00543549
-0.00285097
-0.00129639
-0.000204946
0.000481403
-0.000762329
-0.00889379
-0.0164173
-0.0264221
-0.0280893
0.0147105
0.0137183
0.00375666
-0.00297357
0

0
-0.00277979
-0.00351905
-0.00532437
-0.00865921
-0.0117138
-0.00854573
-0.00508046
-0.00274863
-0.00131512
-0.000294658
0.000313507
-0.000989189
-0.00857206
-0.0160074
-0.0263508
-0.0295043
0.0154584
0.0132101
0.00297474
-0.00347479
0

0
-0.00276828
-0.00341192
-0.00491203
-0.00763071
-0.00953068
-0.00739566
-0.00459446
-0.0025899
-0.00132073
-0.000399716
0.000124409
-0.00116247
-0.00808462
-0.0150935
-0.0251387
-0.0295317
0.0149427
0.0117214
0.00183265
-0.00403854
0

0
-0.00272727
-0.00323749
-0.00439149
-0.00648254
-0.00761165
-0.00619628
-0.00401696
-0.00238528
-0.00131638
-0.000519421
-7.37104e-05
-0.00126715
-0.00745206
-0.0136708
-0.0227201
-0.0277145
0.0128285
0.00914117
0.000332033
-0.00466188
0

0
-0.00274844
-0.0032407
-0.00439835
-0.00649183
-0.00761449
-0.00618833
-0.0040067
-0.00237779
-0.00131136
-0.000515857
-7.35738e-05
-0.00127968
-0.00748422
-0.0137082
-0.0227711
-0.0277005
0.0130012
0.00911244
0.000292882
-0.0046805
0

0
0
0
0
0
0
0
0
0
0
0
0
0
0
0
0
0
0
0
0
0
0


0
0
0
0
0
0
0
0
0
0
0
0
0
0
0
0
0
0
0
0
0
0

0
-0.000804785
-0.000976845
-0.00108313
-0.000184175
0.00530674
-0.000587375
-0.00085346
-0.000446266
-0.000118178
5.85781e-05
1.83713e-05
-0.000325429
-0.00121452
-0.00214161
-0.00278216
-0.0024732
-0.000171333
0.000498522
-6.74302e-05
-0.00083738
0

0
-0.00107794
-0.00133797
-0.00157976
-0.000288505
0.0075853
-0.00103392
-0.0014957
-0.000834559
-0.000304867
-1.10774e-05
-5.26443e-05
-0.000665147
-0.00229655
-0.00404957
-0.00517996
-0.00442003
0.000305051
0.00167208
0.000572888
-0.000925776
0

0
-0.00134624
-0.00170274
-0.00213496
-0.000979434
0.00665977
-0.0018361
-0.00214954
-0.00121205
-0.000484324
-7.10361e-05
-9.53707e-05
-0.000968285
-0.00339968
-0.00593593
-0.00762704
-0.00632209
0.000862443
0.00290401
0.0012003
-0.00102982
0

0
-0.00162837
-0.00208639
-0.00276075
-0.00213825
0.00382113
-0.00297549
-0.00281482
-0.00157724
-0.000656076
-0.000122664
-0.000105593
-0.00118699
-0.00449783
-0.00780333
-0.0100923
-0.00826712
0.00154853
0.00417639
0.00183734
-0.00114342
0

0
-0.00189632
-0.00244731
-0.00338724
-0.00353215
0.000198935
-0.00430136
-0.00344655
-0.00190221
-0.000808071
-0.000161108
-7.6137e-05
-0.00129405
-0.0055181
-0.0095007
-0.0124304
-0.0101869
0.00236014
0.00531901
0.00235593
-0.00128131
0

0
-0.00212869
-0.00276362
-0.00396891
-0.00498368
-0.00346862
-0.00564502
-0.00401779
-0.00218519
-0.000941601
-0.000191062
-2.92475e-05
-0.00133272
-0.00641459
-0.0110347
-0.014703
-0.0121171
0.00329003
0.00648105
0.00278089
-0.00145952
0

0
-0.00232214
-0.003022
-0.00446964
-0.00628932
-0.00678155
-0.00685638
-0.00449202
-0.00241649
-0.00105802
-0.000224696
5.04314e-06
-0.00136071
-0.00714635
-0.0123462
-0.0167885
-0.0140964
0.00432448
0.00755631
0.00309206
-0.00168103
0

0
-0.00248005
-0.00322535
-0.00485736
-0.00732479
-0.00933974
-0.00777462
-0.00483603
-0.00258812
-0.00115562
-0.000265334
1.28492e-05
-0.00142122
-0.00768271
-0.0133849
-0.0186522
-0.0160878
0.00543746
0.00850334
0.00326629
-0.00194869
0

0
-0.00260184
-0.00336833
-0.00510438
-0.00797168
-0.0108688
-0.00829153
-0.00502609
-0.00269503
-0.00123257
-0.000313932
-1.26946e-05
-0.00151452
-0.00801381
-0.0141315
-0.0202145
-0.0179947
0.00655291
0.00924608
0.00326498
-0.00226894
0

0
-0.00268813
-0.00344688
-0.00519405
-0.00818058
-0.0112546
-0.00835655
-0.00504703
-0.00273487
-0.0012889
-0.000371118
-6.83551e-05
-0.00162897
-0.00814588
-0.014548
-0.0213182
-0.019701
0.00753408
0.00965146
0.00304505
-0.00264662
0

0
-0.00273905
-0.00346171
-0.00512398
-0.007977
-0.0107018
-0.00801522
-0.00490568
-0.00270942
-0.00132598
-0.000436759
-0.000150899
-0.0017394
-0.00809455
-0.0145972
-0.0218548
-0.0210291
0.00818863
0.00959665
0.00257452
-0.00308229
0

0
-0.00275746
-0.00341626
-0.00490688
-0.00744337
-0.0095752
-0.00736863
-0.00462175
-0.00262385
-0.00134589
-0.000510901
-0.000253056
-0.00182349
-0.00786976
-0.0142499
-0.0216902
-0.0217372
0.00829825
0.00895499
0.00182292
-0.00357743
0

0
-0.00274563
-0.00331093
-0.00456229
-0.00667788
-0.00820496
-0.00652192
-0.00421931
-0.00248584
-0.0013515
-0.000594633
-0.000367893
-0.00186603
-0.00748583
-0.0134909
-0.0207103
-0.0215729
0.00765802
0.00762421
0.000776151
-0.00413129
0

0
-0.00270721
-0.00314895
-0.00411399
-0.00575962
-0.00681107
-0.00555911
-0.00372329
-0.00230382
-0.00134619
-0.000688228
-0.000491841
-0.00185988
-0.00696191
-0.0123279
-0.0188829
-0.0203316
0.00611169
0.0055493
-0.000562579
-0.00474108
0

0
-0.00272815
-0.00315169
-0.00411964
-0.00576721
-0.00681382
-0.00555226
-0.00371463
-0.00229729
-0.00134176
-0.000685507
-0.000492869
-0.00187169
-0.00698886
-0.0123589
-0.0189175
-0.0203125
0.0062273
0.00553835
-0.000590651
-0.0047567
0

0
0
0
0
0
0
0
0
0
0
0
0
0
0
0
0
0
0
0
0
0
0


0
0
0
0
0
0
0
0
0
0
0
0
0
0
0
0
0
0
0
0
0
0

0
-0.000808506
-0.000983387
-0.00117585
-0.00131154
-0.00144752
-0.00137309
-0.000898982
-0.000438358
-0.000126803
2.46289e-05
-5.28402e-05
-0.000436581
-0.00121586
-0.00199053
-0.00263523
-0.00218444
-0.000311217
0.000309793
-0.000155391
-0.000849358
0

0
-0.00108275
-0.0013471
-0.00173234
-0.00206043
-0.00243568
-0.00235924
-0.00156571
-0.000823288
-0.000318109
-7.20348e-05
-0.00018659
-0.000860758
-0.0022613
-0.00380582
-0.00475151
-0.0038146
3.67321e-06
0.00128149
0.000393352
-0.000952888
0

0
-0.00136441
-0.00172466
-0.0023072
-0.00288592
-0.00347092
-0.00332793
-0.00221955
-0.00119345
-0.000503147
-0.000160004
-0.000303155
-0.00125193
-0.00330388
-0.00551377
-0.00698926
-0.00543303
0.000338237
0.00234658
0.000953291
-0.00106722
0

0
-0.00164878
-0.00209909
-0.00288053
-0.00375286
-0.00454527
-0.0042538
-0.00282648
-0.00153564
-0.000673688
-0.000237914
-0.000393424
-0.00159765
-0.00425734
-0.00716163
-0.00907747
-0.00708788
0.000772432
0.00326203
0.001467
-0.00119091
0

0
-0.00191003
-0.00244343
-0.00341597
-0.0046331
-0.00560768
-0.00510693
-0.00337178
-0.00184179
-0.000826077
-0.000300951
-0.000453533
-0.00188281
-0.00511285
-0.00867639
-0.0110936
-0.00859841
0.00121795
0.00418039
0.00187871
-0.00134272
0

0
-0.00214683
-0.0027512
-0.00390763
-0.00545836
-0.00666737
-0.00587211
-0.0038435
-0.00210794
-0.000959067
-0.000351834
-0.000493344
-0.00210253
-0.0058653
-0.0100335
-0.0129541
-0.0101131
0.00170425
0.00503593
0.00222264
-0.00152885
0

0
-0.00233347
-0.00298833
-0.00429336
-0.00612816
-0.00759747
-0.0064758
-0.0042008
-0.00231581
-0.00107706
-0.000408601
-0.000531906
-0.00227807
-0.00648125
-0.011146
-0.0145676
-0.0114934
0.00218671
0.00567173
0.00239902
-0.00175685
0

0
-0.00248111
-0.00317137
-0.00458013
-0.00664313
-0.00829249
-0.00690178
-0.00445411
-0.00247371
-0.00117934
-0.00046748
-0.000573965
-0.00240982
-0.00696111
-0.0120476
-0.0160334
-0.0128451
0.0026493
0.0062446
0.00247111
-0.00203191
0

0
-0.00259688
-0.00330094
-0.00476081
-0.00695293
-0.00868993
-0.00711959
-0.00459057
-0.00257451
-0.00125991
-0.000525395
-0.000614076
-0.00249747
-0.00728828
-0.0127104
-0.0172093
-0.0140292
0.00304065
0.00661553
0.00238626
-0.00235745
0

0
-0.00267832
-0.00337071
-0.00482096
-0.00702516
-0.00873407
-0.00710297
-0.00459907
-0.00261517
-0.00131818
-0.000582014
-0.000652289
-0.00254507
-0.0074549
-0.0130818
-0.0179823
-0.0150076
0.00329774
0.00668625
0.0021086
-0.00273814
0

0
-0.00272542
-0.00338161
-0.00475667
-0.00686041
-0.00843586
-0.00685926
-0.00448364
-0.00259724
-0.00135621
-0.000639128
-0.000692377
-0.00255311
-0.00746214
-0.0131381
-0.0183131
-0.0157015
0.00334149
0.00640501
0.00161882
-0.00317335
0

0
-0.00274161
-0.00333579
-0.0045736
-0.00647639
-0.00784719
-0.00641154
-0.0042522
-0.00252493
-0.00137628
-0.000698321
-0.000736229
-0.00252214
-0.00731151
-0.0128602
-0.0181285
-0.0160141
0.00309018
0.00570823
0.000896201
-0.00366422
0

0
-0.00272918
-0.00323464
-0.0042801
-0.00590212
-0.00702365
-0.00578495
-0.00391477
-0.00240379
-0.00138138
-0.000761966
-0.000785579
-0.00245306
-0.00701122
-0.0122431
-0.0173733
-0.0158629
0.00247994
0.00454952
-6.62516e-05
-0.00420974
0

0
-0.00269203
-0.00308357
-0.00388977
-0.00516407
-0.00603023
-0.00501153
-0.00348568
-0.00224077
-0.00137489
-0.000831777
-0.000842188
-0.0023482
-0.00657731
-0.0112987
-0.0160457
-0.0151873
0.00145857
0.00290985
-0.00126354
-0.00480698
0

0
-0.00271279
-0.00308593
-0.00389437
-0.00517001
-0.00603233
-0.00500592
-0.00347844
-0.00223502
-0.00137096
-0.000829762
-0.000844193
-0.00235944
-0.0066001
-0.0113249
-0.0160687
-0.0151678
0.00153412
0.00291088
-0.00128338
-0.00482024
0

0
0
0
0
0
0
0
0
0
0
0
0
0
0
0
0
0
0
0
0
0
0


0
0
0
0
0
0
0
0
0
0
0
0
0
0
0
0
0
0
0
0
0
0

0
0
0
0
0
0
0
0
0
0
0
0
0
0
0
0
0
0
0
0
0
0

0
0
0
0
0
0
0
0
0
0
0
0
0
0
0
0
0
0
0
0
0
0

0
0
0
0
0
0
0
0
0
0
0
0
0
0
0
0
0
0
0
0
0
0

0
0
0
0
0
0
0
0
0
0
0
0
0
0
0
0
0
0
0
0
0
0

0
0
0
0
0
0
0
0
0
0
0
0
0
0
0
0
0
0
0
0
0
0

0
0
0
0
0
0
0
0
0
0
0
0
0
0
0
0
0
0
0
0
0
0

0
0
0
0
0
0
0
0
0
0
0
0
0
0
0
0
0
0
0
0
0
0

0
0
0
0
0
0
0
0
0
0
0
0
0
0
0
0
0
0
0
0
0
0

0
0
0
0
0
0
0
0
0
0
0
0
0
0
0
0
0
0
0
0
0
0

0
0
0
0
0
0
0
0
0
0
0
0
0
0
0
0
0
0
0
0
0
0

0
0
0
0
0
0
0
0
0
0
0
0
0
0
0
0
0
0
0
0
0
0

0
0
0
0
0
0
0
0
0
0
0
0
0
0
0
0
0
0
0
0
0
0

0
0
0
0
0
0
0
0
0
0
0
0
0
0
0
0
0
0
0
0
0
0

0
0
0
0
0
0
0
0
0
0
0
0
0
0
0
0
0
0
0
0
0
0

0
0
0
0
0
0
0
0
0
0
0
0
0
0
0
0
0
0
0
0
0
0

0
0
0
0
0
0
0
0
0
0
0
0
0
0
0
0
0
0
0
0
0
0


