0
0
0
0
0
0
0
0
0
0
0
0
-1.33328
0
0
0
0
0
0
0
0
0

0
-1.48892
-1.92245
-1.5887
-1.5874
-1.74504
-1.91941
-1.64694
-1.43876
-2.01054
-1.43965
-1.44403
-1.48327
-1.37269
-1.83618
-1.94519
-4.73032
-2.04202
-2.15278
-1.89754
-1.63999
0

0
-1.48305
1.79696
-1.38446
-1.62223
-1.54924
-1.88236
-1.6641
-1.80032
-2.01054
-1.44954
-1.40227
-0.288191
-1.43137
-1.78344
-2.00657
-3.06794
-2.71663
-2.12207
-1.83955
-1.59421
0

0
-1.44656
-1.87308
-1.50626
-1.61122
-1.92523
-1.36239
-1.56185
-1.85498
-1.78877
-1.47308
-1.405
-2.15268
-1.59467
-1.769
-2.19559
2.95639
-1.89783
-2.05985
-1.83188
-1.5955
0

0
-1.44049
-1.79525
-1.46892
-1.59031
-1.65207
-1.52113
-1.56748
-1.48664
-1.66513
-1.47509
-1.43134
-1.72129
-1.96737
-1.76075
-2.07603
-1.66606
-2.31856
-2.04202
-1.81884
-1.59587
0

0
-1.43728
-1.66434
-1.70159
-1.60281
-1.79264
-1.59796
-1.56684
-1.68294
-1.61741
-1.47062
-1.45642
-1.48327
-1.61626
-1.74574
-3.38461
-1.93459
-2.40066
-1.96842
-1.79608
-1.59607
0

0
-1.43555
-1.60073
-1.63562
-1.59573
-1.8772
-1.64737
-1.56483
-1.87151
-1.58656
-1.46893
-1.44017
-1.51842
-1.65245
-1.89592
-1.77111
-1.83087
-2.46687
-2.55147
-1.78565
-1.59774
0

0
-1.43497
-1.57124
-1.59843
-1.5874
-1.90645
-1.68152
-1.56072
-1.88391
-1.54587
-1.46443
-1.432
-1.46972
-1.62499
-1.96323
-2.1439
-1.94091
-2.62348
-2.64181
-1.70896
-1.59789
0

0
-1.43516
-1.55694
-1.57906
-1.59583
-1.74255
-1.6641
-1.5526
-0.669348
-1.44223
-1.45487
-1.42266
-1.44109
-1.64569
-2.08155
-2.43811
-2.01732
-2.82789
-2.72218
-1.65958
-1.60094
0

0
-1.43584
-1.54924
-1.56713
-1.64368
-1.11027
-1.49399
-1.5119
-1.12961
-1.44139
-1.44954
-1.41239
-1.42178
-1.61082
-2.20883
-2.6594
-2.00934
-3.13424
-2.85549
-2.44623
-1.61364
0

0
-1.43686
-1.54466
-1.55867
-1.67365
-0.24423
-1.19166
-1.46691
-1.2466
-1.43876
-1.44574
-1.40073
-1.40978
-1.06992
-2.32621
-2.59826
-1.71611
-1.24484
-2.55147
-2.27759
-1.61311
0

0
-1.43798
-1.54492
-1.55545
-1.60024
-1.52757
-1.51382
-1.49308
-1.27788
-1.437
-1.44323
-1.38823
-1.39881
1.33563
-2.36846
-1.87456
-0.552888
-3.1489
-3.04308
-2.15959
-1.61354
0

0
-1.43843
-1.56424
-1.55074
-1.5868
-1.5649
-1.52854
-1.49656
-1.32744
-1.44305
-1.43736
-1.38064
-1.34648
-1.96737
-2.20455
-0.343805
0.997983
-3.34481
-3.23437
-2.08075
-1.61448
0

0
-1.438
-1.60281
-1.57489
-1.58676
-1.66267
-1.55284
-1.50117
-1.61332
-1.46468
-1.43314
-1.37245
-1.3246
-1.52022
-1.05314
2.11208
2.73173
-3.38461
-3.43231
-2.01223
-1.61594
0

0
-1.44066
-1.52774
-1.54805
-1.59508
-1.77896
-1.57517
-1.50861
-1.51809
-1.45657
-1.42288
-1.36468
-1.29745
-1.26834
1.23184
-1.24484
3.98271
-3.54349
-3.65445
-1.94245
-1.61539
0

0
-1.41647
-1.51608
-1.5228
-1.57489
-1.87482
-1.56517
-1.48803
-1.46013
-1.43028
-1.39567
-1.34102
-1.26367
-1.14952
-1.08526
-1.24795
5.28034
-4.24935
-3.74119
-1.82081
-1.59107
0

0
0
0
0
0
0
0
0
0
0
0
0
0
0
0
0
0
0
-2.01896
0
0
0


0
1.48892
1.92245
1.5887
1.5874
1.74504
1.91941
1.64694
1.43876
2.01054
1.43965
1.44403
1.48327
1.37269
1.83618
1.94519
4.73032
2.04202
2.15278
1.89754
1.63999
-1.59789

1.48892
-1.48892
-1.92245
-1.5887
-1.5874
-1.74504
-1.91941
-1.64694
-1.43876
-2.01054
-1.43965
-1.44403
-1.48327
-1.37269
-1.83618
-1.94519
-4.73032
-2.04202
-2.15278
-1.89754
-1.63999
-1.63999

1.48305
-1.48305
1.79696
-1.38446
-1.62223
-1.54924
-1.88236
-1.6641
-1.80032
-2.01054
-1.44954
-1.40227
-0.288191
-1.43137
-1.78344
-2.00657
-3.06794
-2.71663
-2.12207
-1.83955
-1.59421
-1.59421

1.44656
-1.44656
-1.87308
-1.50626
-1.61122
-1.92523
-1.36239
-1.56185
-1.85498
-1.78877
-1.47308
-1.405
-2.15268
-1.59467
-1.769
-2.19559
2.95639
-1.89783
-2.05985
-1.83188
-1.5955
-1.5955

1.44049
-1.44049
-1.79525
-1.46892
-1.59031
-1.65207
-1.52113
-1.56748
-1.48664
-1.66513
-1.47509
-1.43134
-1.72129
-1.96737
-1.76075
-2.07603
-1.66606
-2.31856
-2.04202
-1.81884
-1.59587
-1.59587

1.43728
-1.43728
-1.66434
-1.70159
-1.60281
-1.79264
-1.59796
-1.56684
-1.68294
-1.61741
-1.47062
-1.45642
-1.48327
-1.61626
-1.74574
-3.38461
-1.93459
-2.40066
-1.96842
-1.79608
-1.59607
-1.59607

1.43555
-1.43555
-1.60073
-1.63562
-1.59573
-1.8772
-1.64737
-1.56483
-1.87151
-1.58656
-1.46893
-1.44017
-1.51842
-1.65245
-1.89592
-1.77111
-1.83087
-2.46687
-2.55147
-1.78565
-1.59774
-1.59774

1.43497
-1.43497
-1.57124
-1.59843
-1.5874
-1.90645
-1.68152
-1.56072
-1.88391
-1.54587
-1.46443
-1.432
-1.46972
-1.62499
-1.96323
-2.1439
-1.94091
-2.62348
-2.64181
-1.70896
-1.59789
-1.59789

1.43516
-1.43516
-1.55694
-1.57906
-1.59583
-1.74255
-1.6641
-1.5526
-0.669348
-1.44223
-1.45487
-1.42266
-1.44109
-1.64569
-2.08155
-2.43811
-2.01732
-2.82789
-2.72218
-1.65958
-1.60094
-1.60094

1.43584
-1.43584
-1.54924
-1.56713
-1.64368
-1.11027
-1.49399
-1.5119
-1.12961
-1.44139
-1.44954
-1.41239
-1.42178
-1.61082
-2.20883
-2.6594
-2.00934
-3.13424
-2.85549
-2.44623
-1.61364
-1.61364

1.43686
-1.43686
-1.54466
-1.55867
-1.67365
-0.24423
-1.19166
-1.46691
-1.2466
-1.43876
-1.44574
-1.40073
-1.40978
-1.06992
-2.32621
-2.59826
-1.71611
-1.24484
-2.55147
-2.27759
-1.61311
-1.61311

1.43798
-1.43798
-1.54492
-1.55545
-1.60024
-1.52757
-1.51382
-1.49308
-1.27788
-1.437
-1.44323
-1.38823
-1.39881
1.33563
-2.36846
-1.87456
-0.552888
-3.1489
-3.04308
-2.15959
-1.61354
-1.61354

1.43843
-1.43843
-1.56424
-1.55074
-1.5868
-1.5649
-1.52854
-1.49656
-1.32744
-1.44305
-1.43736
-1.38064
-1.34648
-1.96737
-2.20455
-0.343805
0.997983
-3.34481
-3.23437
-2.08075
-1.61448
-1.61448

1.438
-1.438
-1.60281
-1.57489
-1.58676
-1.66267
-1.55284
-1.50117
-1.61332
-1.46468
-1.43314
-1.37245
-1.3246
-1.52022
-1.05314
2.11208
2.73173
-3.38461
-3.43231
-2.01223
-1.61594
-1.61594

1.44066
-1.44066
-1.52774
-1.54805
-1.59508
-1.77896
-1.57517
-1.50861
-1.51809
-1.45657
-1.42288
-1.36468
-1.29745
-1.26834
1.23184
-1.24484
3.98271
-3.54349
-3.65445
-1.94245
-1.61539
-1.61539

1.41647
-1.41647
-1.51608
-1.5228
-1.57489
-1.87482
-1.56517
-1.48803
-1.46013
-1.43028
-1.39567
-1.34102
-1.26367
-1.14952
-1.08526
-1.24795
5.28034
-4.24935
-3.74119
-1.82081
-1.59107
-1.59107

0
-1.41647
-1.51608
-1.5228
-1.57489
-1.87482
-1.56517
-1.48803
-1.46013
-1.43028
-1.39567
-1.34102
-1.26367
-1.14952
-1.08526
-1.24795
5.28034
-4.24935
-3.74119
-1.82081
-1.59107
0


0
1.47667
1.31456
1.54834
1.66179
1.55708
1.76768
1.66817
1.67004
1.7056
1.51665
1.46719
1.24881
1.51879
1.80993
2.06122
2.9921
2.37361
2.19416
1.9276
1.65967
0

1.47667
-1.47667
-1.31456
-1.54834
-1.66179
-1.55708
-1.76768
-1.66817
-1.67004
-1.7056
-1.51665
-1.46719
-1.24881
-1.51879
-1.80993
-2.06122
-2.9921
-2.37361
-2.19416
-1.9276
-1.65967
-1.65967

1.43873
-1.43873
-0.513603
-1.49033
-1.6037
-1.86993
-1.73147
-1.6048
-1.64613
-1.75196
-1.47582
-1.42711
-1.22995
-1.50196
-1.76696
-2.01532
-2.90879
-2.23692
-2.11491
-1.86519
-1.61136
-1.61136

1.44097
-1.44097
-1.32538
-1.50566
-1.61583
-1.78114
-1.63425
-1.62457
-1.69022
-1.74506
-1.48689
-1.43601
-1.42775
-1.56678
-1.77006
-2.11065
1.02949
-2.2451
-2.15182
-1.86588
-1.61251
-1.61251

1.44107
-1.44107
-1.53367
-1.54424
-1.61339
-1.72372
-1.57232
-1.5886
-1.65977
-1.67748
-1.49204
-1.44669
-1.62916
-1.65229
-1.78136
-2.1152
-2.03614
-2.32014
-2.17717
-1.86404
-1.61325
-1.61325

1.4428
-1.4428
-1.59926
-1.57639
-1.60621
-1.73518
-1.59942
-1.58099
-1.62745
-1.61889
-1.49011
-1.45746
-1.54122
-1.60711
-1.79799
-1.92438
-1.91555
-2.37231
-2.30364
-1.86454
-1.61413
-1.61413

1.44422
-1.44422
-1.59395
-1.61605
-1.61092
-1.76517
-1.62201
-1.57514
-1.64504
-1.58077
-1.48516
-1.45458
-1.5096
-1.63168
-1.80176
-2.61469
-2.01275
-2.4813
-2.33963
-1.85629
-1.61495
-1.61495

1.44534
-1.44534
-1.58142
-1.60646
-1.61096
-1.77961
-1.6329
-1.56613
-1.6086
-1.54613
-1.4795
-1.44703
-1.48256
-1.59589
-1.86945
-1.97349
-1.98533
-2.56674
-2.50876
-1.88371
-1.61736
-1.61736

1.44649
-1.44649
-1.5728
-1.59364
-1.61182
-1.7192
-1.6251
-1.55149
-1.34497
-1.505
-1.47249
-1.43841
-1.4532
-1.55128
-1.90072
-2.16027
-2.06569
-2.64974
-2.63893
-1.95882
-1.62013
-1.62013

1.44777
-1.44777
-1.56814
-1.58472
-1.62329
-1.30494
-1.54781
-1.53193
-1.24359
-1.46919
-1.46479
-1.42872
-1.42802
-1.47193
-1.94568
-2.32189
-2.09395
-2.62151
-2.69946
-2.02577
-1.62237
-1.62237

1.44918
-1.44918
-1.56632
-1.57877
-1.64184
-0.481711
-1.37659
-1.50692
-1.31419
-1.46155
-1.45894
-1.41844
-1.40395
-1.20521
-1.97308
-2.33561
-1.86182
-3.12297
-2.9717
-2.18606
-1.62841
-1.62841

1.4507
-1.4507
-1.56668
-1.57618
-1.61773
-1.69413
-1.52267
-1.5092
-1.36315
-1.4599
-1.45389
-1.40804
-1.38043
-0.496346
-2.0107
-1.73824
-1.0553
-3.22382
-3.03469
-2.16712
-1.63013
-1.63013

1.45232
-1.45232
-1.56921
-1.57543
-1.60848
-1.63448
-1.55098
-1.51487
-1.40877
-1.46181
-1.44914
-1.3983
-1.35703
-1.17748
-1.89538
-0.389946
0.457157
-3.43428
-3.21066
-2.12862
-1.63198
-1.63198

1.45363
-1.45363
-1.57575
-1.57532
-1.60858
-1.68121
-1.5728
-1.52139
-1.47888
-1.46743
-1.44385
-1.38971
-1.33371
-1.37993
-1.17428
0.896264
2.10149
-3.50037
-3.37574
-2.09481
-1.63404
-1.63404

1.45174
-1.45174
-1.57965
-1.56927
-1.61174
-1.75753
-1.59214
-1.52521
-1.51783
-1.46992
-1.43604
-1.37922
-1.30953
-1.262
0.0588633
-1.60479
3.42358
-3.58251
-3.48013
-2.0574
-1.6328
-1.6328

1.42777
-1.42777
-1.5326
-1.54077
-1.59109
-1.79874
-1.57912
-1.50373
-1.47476
-1.4436
-1.40828
-1.35326
-1.27559
-1.16587
-1.07233
-1.26295
4.64317
-3.59579
-3.43386
-2.00255
-1.60504
-1.60504

0
-1.42777
-1.5326
-1.54077
-1.59109
-1.79874
-1.57912
-1.50373
-1.47476
-1.4436
-1.40828
-1.35326
-1.27559
-1.16587
-1.07233
-1.26295
4.64317
-3.59579
-3.43386
-2.00255
-1.60504
0


0
1.47096
1.28665
1.56272
1.68377
1.33448
1.70123
1.66856
1.68512
1.70951
1.5443
1.48944
1.38402
1.57073
1.79938
2.0345
2.20299
2.31083
2.23335
1.95843
1.67777
0

1.47096
-1.47096
-1.28665
-1.56272
-1.68377
-1.33448
-1.70123
-1.66856
-1.68512
-1.70951
-1.5443
-1.48944
-1.38402
-1.57073
-1.79938
-2.0345
-2.20299
-2.31083
-2.23335
-1.95843
-1.67777
-1.67777

1.43188
-1.43188
-1.17104
-1.52374
-1.61887
-1.94876
-1.70121
-1.62086
-1.63754
-1.67245
-1.50121
-1.45094
-1.36535
-1.53373
-1.75445
-1.97572
-2.3334
-2.26969
-2.16805
-1.89613
-1.62855
-1.62855

1.43713
-1.43713
-1.3081
-1.53092
-1.61783
-1.8776
-1.6752
-1.6219
-1.64799
-1.67821
-1.5047
-1.45624
-1.4217
-1.56041
-1.75922
-1.98534
-1.35203
-2.30681
-2.19933
-1.89912
-1.62939
-1.62939

1.4426
-1.4426
-1.45539
-1.55213
-1.619
-1.76263
-1.62911
-1.60949
-1.64492
-1.65465
-1.50679
-1.46248
-1.51474
-1.59232
-1.76453
-1.99736
-1.5663
-2.29331
-2.24516
-1.90421
-1.63014
-1.63014

1.44785
-1.44785
-1.53999
-1.57157
-1.61769
-1.68886
-1.61334
-1.59606
-1.6193
-1.61831
-1.50516
-1.4671
-1.53217
-1.59377
-1.76774
-2.01193
-1.84697
-2.3568
-2.30829
-1.91197
-1.63108
-1.63108

1.45211
-1.45211
-1.57288
-1.59473
-1.61876
-1.68439
-1.61548
-1.58648
-1.59802
-1.58523
-1.50069
-1.46662
-1.49885
-1.58512
-1.77163
-2.08026
-1.95625
-2.43635
-2.37026
-1.92512
-1.63229
-1.63229

1.45532
-1.45532
-1.58149
-1.60355
-1.61971
-1.70479
-1.61944
-1.57685
-1.56524
-1.55661
-1.49481
-1.46089
-1.48259
-1.56418
-1.78278
-2.076
-2.00913
-2.52638
-2.4695
-1.95378
-1.63412
-1.63412

1.45785
-1.45785
-1.58251
-1.60186
-1.61877
-1.69518
-1.61705
-1.5653
-1.48411
-1.52875
-1.48801
-1.45311
-1.45984
-1.51471
-1.78926
-1.98851
-2.04937
-2.63644
-2.58914
-1.99534
-1.63619
-1.63619

1.46002
-1.46002
-1.5821
-1.59792
-1.62047
-1.49975
-1.58486
-1.55189
-1.40115
-1.50176
-1.48062
-1.44406
-1.43518
-1.43672
-1.7851
-2.06254
-2.08228
-2.83401
-2.7329
-2.0371
-1.63842
-1.63842

1.46202
-1.46202
-1.58191
-1.59457
-1.62817
-1.02048
-1.50427
-1.53673
-1.39709
-1.48725
-1.4739
-1.43429
-1.4098
-1.29194
-1.77771
-2.07996
-1.9589
-3.16091
-2.88669
-2.10608
-1.64217
-1.64217

1.46396
-1.46396
-1.58213
-1.5927
-1.62328
-1.52476
-1.52609
-1.53027
-1.42091
-1.48179
-1.46807
-1.42428
-1.3848
-1.05857
-1.76519
-1.71926
-1.38756
-3.25676
-3.00338
-2.14474
-1.64538
-1.64538

1.46585
-1.46585
-1.58287
-1.59186
-1.62183
-1.63641
-1.56508
-1.53363
-1.44908
-1.48074
-1.46279
-1.41454
-1.36354
-1.13806
-1.6758
-0.772935
-0.130135
-3.36044
-3.1111
-2.14564
-1.6479
-1.6479

1.46738
-1.46738
-1.58505
-1.59087
-1.62381
-1.68403
-1.58822
-1.53882
-1.48099
-1.48226
-1.45749
-1.40521
-1.34314
-1.25151
-1.31309
0.0647285
1.45535
-3.30451
-3.18906
-2.13392
-1.65006
-1.65006

1.46553
-1.46553
-1.58428
-1.58613
-1.62586
-1.73405
-1.60474
-1.54139
-1.50758
-1.482
-1.44944
-1.39395
-1.32087
-1.2354
-0.762702
-1.33502
2.75104
-3.08733
-3.20926
-2.11048
-1.64819
-1.64819

1.44042
-1.44042
-1.5504
-1.55742
-1.60293
-1.74838
-1.58936
-1.51866
-1.48767
-1.45738
-1.42174
-1.36648
-1.28794
-1.17869
-1.04921
-1.23013
3.79059
-2.96105
-3.19904
-2.0493
-1.61901
-1.61901

0
-1.44042
-1.5504
-1.55742
-1.60293
-1.74838
-1.58936
-1.51866
-1.48767
-1.45738
-1.42174
-1.36648
-1.28794
-1.17869
-1.04921
-1.23013
3.79059
-2.96105
-3.19904
-2.0493
-1.61901
0


0
1.47741
1.3922
1.58604
1.67283
1.38104
1.72072
1.6787
1.68543
1.69214
1.5652
1.51209
1.46169
1.59579
1.78652
1.98588
2.03501
2.30371
2.26606
1.98647
1.69488
0

1.47741
-1.47741
-1.3922
-1.58604
-1.67283
-1.38104
-1.72072
-1.6787
-1.68543
-1.69214
-1.5652
-1.51209
-1.46169
-1.59579
-1.78652
-1.98588
-2.03501
-2.30371
-2.26606
-1.98647
-1.69488
-1.69488

1.43889
-1.43889
-1.35674
-1.54488
-1.62303
-1.71118
-1.66661
-1.62917
-1.63665
-1.64669
-1.52115
-1.47196
-1.4257
-1.55375
-1.74097
-1.93277
-2.04707
-2.25638
-2.19996
-1.92386
-1.64505
-1.64505

1.4434
-1.4434
-1.39764
-1.55186
-1.61737
-1.85131
-1.6793
-1.62784
-1.63626
-1.64564
-1.52171
-1.47493
-1.45096
-1.56301
-1.74249
-1.93059
-1.92972
-2.29055
-2.22518
-1.9281
-1.64576
-1.64576

1.4494
-1.4494
-1.46727
-1.5641
-1.61887
-1.8597
-1.66107
-1.62064
-1.6311
-1.63425
-1.52152
-1.47815
-1.48985
-1.57404
-1.74208
-1.93311
-1.75718
-2.30337
-2.26423
-1.93588
-1.64645
-1.64645

1.45574
-1.45574
-1.52658
-1.5784
-1.62182
-1.76135
-1.63796
-1.6099
-1.61522
-1.61351
-1.51945
-1.48005
-1.51024
-1.57581
-1.73878
-1.93779
-1.83234
-2.34059
-2.31268
-1.94759
-1.6474
-1.6474

1.46143
-1.46143
-1.56306
-1.59321
-1.62433
-1.69193
-1.62639
-1.59978
-1.59442
-1.58997
-1.5153
-1.47896
-1.49785
-1.56371
-1.73237
-1.94216
-1.91522
-2.40635
-2.37559
-1.96485
-1.64862
-1.64862

1.46607
-1.46607
-1.58136
-1.60363
-1.62602
-1.6707
-1.62251
-1.59037
-1.56894
-1.56741
-1.50969
-1.47427
-1.48294
-1.54165
-1.72368
-1.94337
-1.96871
-2.49672
-2.4556
-1.98877
-1.65014
-1.65014

1.46979
-1.46979
-1.58965
-1.60777
-1.6264
-1.65687
-1.61872
-1.58071
-1.53092
-1.54603
-1.50317
-1.46727
-1.46489
-1.50132
-1.71005
-1.89631
-2.0023
-2.61922
-2.55703
-2.0186
-1.65195
-1.65195

1.47284
-1.47284
-1.59343
-1.60826
-1.6265
-1.58958
-1.60524
-1.57055
-1.48697
-1.52611
-1.49617
-1.45884
-1.4434
-1.44028
-1.68754
-1.87765
-2.02459
-2.78081
-2.67093
-2.05254
-1.65413
-1.65413

1.47546
-1.47546
-1.59536
-1.60756
-1.62837
-1.42497
-1.5735
-1.56025
-1.46762
-1.5117
-1.48937
-1.44955
-1.42004
-1.35286
-1.65578
-1.84934
-1.95944
-2.92357
-2.77285
-2.09178
-1.65692
-1.65692

1.47781
-1.47781
-1.59658
-1.60687
-1.62954
-1.48111
-1.55812
-1.55296
-1.4711
-1.50375
-1.48317
-1.43987
-1.39644
-1.24702
-1.61046
-1.63542
-1.58018
-3.0212
-2.86569
-2.12679
-1.66
-1.66

1.47997
-1.47997
-1.59763
-1.60649
-1.6312
-1.60627
-1.57928
-1.55277
-1.48457
-1.50029
-1.47756
-1.43022
-1.37475
-1.2155
-1.52252
-1.07125
-0.626766
-3.00001
-2.92859
-2.14474
-1.66282
-1.66282

1.48166
-1.48166
-1.5987
-1.60585
-1.63486
-1.67013
-1.60022
-1.55587
-1.502
-1.49939
-1.4721
-1.42065
-1.35455
-1.2334
-1.32415
-0.52666
0.808895
-2.83807
-2.96737
-2.14898
-1.66506
-1.66506

1.47987
-1.47987
-1.596
-1.60161
-1.63662
-1.71304
-1.61461
-1.55684
-1.5168
-1.49673
-1.4639
-1.40893
-1.33319
-1.22403
-1.05688
-1.03662
2.05031
-2.61082
-2.9906
-2.13923
-1.66287
-1.66287

1.45433
-1.45433
-1.56665
-1.57284
-1.61246
-1.71516
-1.5976
-1.53301
-1.50015
-1.47165
-1.43596
-1.38057
-1.30085
-1.18868
-1.05094
-1.09941
2.87366
-2.48091
-2.96862
-2.08993
-1.63291
-1.63291

0
-1.45433
-1.56665
-1.57284
-1.61246
-1.71516
-1.5976
-1.53301
-1.50015
-1.47165
-1.43596
-1.38057
-1.30085
-1.18868
-1.05094
-1.09941
2.87366
-2.48091
-2.96862
-2.08993
-1.63291
0


0
1.49084
1.48069
1.60834
1.62388
1.61908
1.80477
1.69473
1.68609
1.68114
1.58205
1.53263
1.5063
1.60977
1.77385
1.94486
2.00425
2.29914
2.28694
2.01012
1.71109
0

1.49084
-1.49084
-1.48069
-1.60834
-1.62388
-1.61908
-1.80477
-1.69473
-1.68609
-1.68114
-1.58205
-1.53263
-1.5063
-1.60977
-1.77385
-1.94486
-2.00425
-2.29914
-2.28694
-2.01012
-1.71109
-1.71109

1.45178
-1.45178
-1.44544
-1.56438
-1.59846
-1.49029
-1.68597
-1.63874
-1.63717
-1.63454
-1.53766
-1.49118
-1.46601
-1.56647
-1.72762
-1.89433
-1.97788
-2.24267
-2.21805
-1.94708
-1.66077
-1.66077

1.45574
-1.45574
-1.46703
-1.56982
-1.61392
-1.42095
-1.64608
-1.63302
-1.63408
-1.63186
-1.53728
-1.49265
-1.47664
-1.56829
-1.72634
-1.8913
-1.97387
-2.26641
-2.23729
-1.95168
-1.66147
-1.66147

1.46112
-1.46112
-1.50193
-1.57837
-1.62089
-1.51893
-1.64124
-1.62797
-1.62792
-1.62416
-1.536
-1.49388
-1.49291
-1.56968
-1.72166
-1.88549
-1.90018
-2.2904
-2.26907
-1.9602
-1.66215
-1.66215

1.46725
-1.46725
-1.53858
-1.58894
-1.62524
-1.6386
-1.64056
-1.62095
-1.61662
-1.61114
-1.53351
-1.49407
-1.50348
-1.56618
-1.71306
-1.87731
-1.87713
-2.32108
-2.31116
-1.97279
-1.66308
-1.66308

1.47321
-1.47321
-1.56745
-1.59982
-1.62917
-1.66968
-1.63618
-1.61276
-1.60098
-1.59488
-1.52953
-1.49218
-1.49906
-1.55342
-1.69976
-1.86487
-1.89863
-2.37016
-2.36509
-1.98962
-1.66424
-1.66424

1.47847
-1.47847
-1.58643
-1.60894
-1.63227
-1.66347
-1.63171
-1.60445
-1.58217
-1.57781
-1.52429
-1.48778
-1.48708
-1.53141
-1.68135
-1.84653
-1.92224
-2.43812
-2.43057
-2.01048
-1.66563
-1.66563

1.4829
-1.4829
-1.59772
-1.61481
-1.63418
-1.65173
-1.62744
-1.59617
-1.55923
-1.56114
-1.51816
-1.48132
-1.47149
-1.49758
-1.65651
-1.80687
-1.93457
-2.52014
-2.50664
-2.03503
-1.66729
-1.66729

1.48659
-1.48659
-1.6042
-1.6178
-1.63519
-1.62628
-1.62007
-1.58793
-1.53428
-1.54569
-1.51158
-1.47342
-1.4527
-1.45028
-1.62289
-1.7573
-1.93248
-2.6026
-2.58547
-2.06252
-1.6693
-1.6693

1.48972
-1.48972
-1.60802
-1.61908
-1.63615
-1.5735
-1.6061
-1.58006
-1.5173
-1.53314
-1.50498
-1.46459
-1.4317
-1.38986
-1.57819
-1.68921
-1.87585
-2.66505
-2.65739
-2.09167
-1.67171
-1.67171

1.49244
-1.49244
-1.61044
-1.61962
-1.63768
-1.55056
-1.59293
-1.57387
-1.5126
-1.52463
-1.49877
-1.45528
-1.40981
-1.32331
-1.51769
-1.52726
-1.62005
-2.69998
-2.71991
-2.11967
-1.67445
-1.67445

1.49487
-1.49487
-1.61217
-1.61992
-1.64025
-1.60599
-1.59872
-1.57173
-1.51674
-1.51971
-1.49305
-1.44584
-1.38849
-1.27608
-1.42839
-1.18379
-0.934149
-2.65933
-2.76693
-2.14086
-1.67724
-1.67724

1.49676
-1.49676
-1.61328
-1.61977
-1.64416
-1.65915
-1.61259
-1.57268
-1.52548
-1.5171
-1.4875
-1.4363
-1.36813
-1.25285
-1.2897
-0.814141
0.238694
-2.50907
-2.8006
-2.15307
-1.6795
-1.6795

1.4951
-1.4951
-1.61039
-1.61592
-1.64557
-1.69677
-1.62358
-1.57191
-1.53267
-1.51272
-1.47922
-1.42444
-1.34696
-1.23063
-1.12689
-0.880763
1.39133
-2.28067
-2.81751
-2.15174
-1.67718
-1.67718

1.46942
-1.46942
-1.58223
-1.58726
-1.62082
-1.69362
-1.60505
-1.54697
-1.51361
-1.48658
-1.45097
-1.3955
-1.31459
-1.19887
-1.05712
-0.939668
2.03138
-2.14325
-2.79381
-2.10872
-1.64677
-1.64677

0
-1.46942
-1.58223
-1.58726
-1.62082
-1.69362
-1.60505
-1.54697
-1.51361
-1.48658
-1.45097
-1.3955
-1.31459
-1.19887
-1.05712
-0.939668
2.03138
-2.14325
-2.79381
-2.10872
-1.64677
0


0
1.50804
1.5431
1.62692
1.65812
1.60951
1.72886
1.69409
1.6879
1.67714
1.59708
1.5512
1.53551
1.61961
1.76319
1.91419
1.99894
2.29044
2.29725
2.02886
1.72638
0

1.50804
-1.50804
-1.5431
-1.62692
-1.65812
-1.60951
-1.72886
-1.69409
-1.6879
-1.67714
-1.59708
-1.5512
-1.53551
-1.61961
-1.76319
-1.91419
-1.99894
-2.29044
-2.29725
-2.02886
-1.72638
-1.72638

1.46823
-1.46823
-1.50328
-1.58253
-1.60989
-1.56899
-1.68555
-1.64715
-1.63995
-1.63032
-1.55239
-1.50887
-1.494
-1.57568
-1.71638
-1.86411
-1.95729
-2.22908
-2.22695
-1.9656
-1.67568
-1.67568

1.47176
-1.47176
-1.51662
-1.58701
-1.61644
-1.54701
-1.6646
-1.64314
-1.637
-1.6279
-1.55185
-1.50951
-1.49802
-1.57443
-1.71327
-1.86006
-1.96105
-2.24555
-2.2419
-1.97025
-1.67651
-1.67651

1.47646
-1.47646
-1.53662
-1.59348
-1.62375
-1.55862
-1.64984
-1.63772
-1.63124
-1.62208
-1.55023
-1.50953
-1.504
-1.57112
-1.70573
-1.85002
-1.93555
-2.26676
-2.26784
-1.97867
-1.67725
-1.67725

1.48199
-1.48199
-1.55952
-1.60153
-1.62995
-1.60197
-1.64493
-1.63175
-1.62246
-1.61297
-1.54757
-1.50861
-1.5075
-1.5639
-1.69348
-1.83445
-1.90552
-2.29181
-2.30328
-1.99084
-1.67818
-1.67818

1.48764
-1.48764
-1.58041
-1.61002
-1.63507
-1.63781
-1.64293
-1.62512
-1.61075
-1.6013
-1.54373
-1.5061
-1.50391
-1.55021
-1.67574
-1.81256
-1.89134
-2.32439
-2.34734
-2.00643
-1.67929
-1.67929

1.49292
-1.49292
-1.59664
-1.61772
-1.6392
-1.65245
-1.64068
-1.61812
-1.59681
-1.58835
-1.53882
-1.5017
-1.49401
-1.52897
-1.65179
-1.7822
-1.88295
-2.36434
-2.39862
-2.02503
-1.68059
-1.68059

1.49759
-1.49759
-1.60802
-1.62368
-1.64221
-1.6532
-1.63764
-1.61104
-1.58108
-1.57523
-1.5331
-1.49556
-1.48012
-1.4992
-1.62054
-1.73706
-1.86727
-2.40569
-2.45458
-2.04624
-1.68213
-1.68213

1.5016
-1.5016
-1.61558
-1.62766
-1.6442
-1.64457
-1.63298
-1.60409
-1.5649
-1.56283
-1.52693
-1.48809
-1.46324
-1.46026
-1.58022
-1.67468
-1.83452
-2.4394
-2.51091
-2.06944
-1.68397
-1.68397

1.50505
-1.50505
-1.62054
-1.6301
-1.64559
-1.6257
-1.6257
-1.59763
-1.55197
-1.55215
-1.52066
-1.47969
-1.44415
-1.4131
-1.52854
-1.58767
-1.75906
-2.4585
-2.56363
-2.09363
-1.68616
-1.68616

1.50806
-1.50806
-1.62388
-1.63157
-1.64715
-1.60957
-1.61822
-1.59239
-1.54526
-1.544
-1.51462
-1.47077
-1.42382
-1.3617
-1.46179
-1.44296
-1.55658
-2.45475
-2.6104
-2.11734
-1.68866
-1.68866

1.51074
-1.51074
-1.62627
-1.6325
-1.64964
-1.62695
-1.61851
-1.58955
-1.54462
-1.53848
-1.50898
-1.46165
-1.4033
-1.31486
-1.37375
-1.20014
-1.06381
-2.40238
-2.64959
-2.13811
-1.69134
-1.69134

1.51286
-1.51286
-1.62776
-1.63282
-1.65311
-1.65952
-1.62598
-1.58898
-1.54797
-1.53484
-1.5035
-1.45234
-1.38314
-1.27755
-1.25946
-0.921697
-0.178515
-2.26716
-2.67936
-2.15354
-1.69361
-1.69361

1.51139
-1.51139
-1.62513
-1.62935
-1.65392
-1.68792
-1.63286
-1.5867
-1.55014
-1.52933
-1.49527
-1.4406
-1.36207
-1.24532
-1.13745
-0.820171
0.821286
-2.06432
-2.69366
-2.15721
-1.69129
-1.69129

1.48572
-1.48572
-1.59737
-1.6009
-1.62876
-1.68067
-1.61254
-1.56074
-1.52811
-1.5022
-1.46679
-1.41132
-1.32937
-1.21067
-1.06109
-0.817057
1.35361
-1.92773
-2.66793
-2.11902
-1.66069
-1.66069

0
-1.48572
-1.59737
-1.6009
-1.62876
-1.68067
-1.61254
-1.56074
-1.52811
-1.5022
-1.46679
-1.41132
-1.32937
-1.21067
-1.06109
-0.817057
1.35361
-1.92773
-2.66793
-2.11902
-1.66069
0


0
1.52737
1.58695
1.64468
1.66985
1.63422
1.72203
1.70167
1.69309
1.67885
1.6112
1.56812
1.55676
1.62806
1.75588
1.89295
1.99663
2.27956
2.30042
2.0429
1.74067
0

1.52737
-1.52737
-1.58695
-1.64468
-1.66985
-1.63422
-1.72203
-1.70167
-1.69309
-1.67885
-1.6112
-1.56812
-1.55676
-1.62806
-1.75588
-1.89295
-1.99663
-2.27956
-2.30042
-2.0429
-1.74067
-1.74067

1.48695
-1.48695
-1.54457
-1.59953
-1.62258
-1.59395
-1.67651
-1.65411
-1.64514
-1.63185
-1.56628
-1.52525
-1.51468
-1.58371
-1.70854
-1.84235
-1.94737
-2.21596
-2.23014
-1.97981
-1.68976
-1.68976

1.4903
-1.4903
-1.55361
-1.6035
-1.62627
-1.59294
-1.67101
-1.65256
-1.64307
-1.63013
-1.56598
-1.52563
-1.51601
-1.58131
-1.70447
-1.83727
-1.94821
-2.22762
-2.24264
-1.98467
-1.69092
-1.69092

1.49448
-1.49448
-1.56653
-1.60876
-1.63164
-1.5957
-1.66149
-1.64843
-1.63828
-1.62562
-1.56438
-1.52504
-1.51728
-1.57583
-1.69522
-1.82486
-1.93434
-2.24327
-2.26426
-1.99281
-1.6918
-1.6918

1.49938
-1.49938
-1.58179
-1.61517
-1.6374
-1.61209
-1.65523
-1.64325
-1.6312
-1.61869
-1.56175
-1.52345
-1.51677
-1.56658
-1.68069
-1.80519
-1.90892
-2.26119
-2.29392
-2.00429
-1.69276
-1.69276

1.50452
-1.50452
-1.59691
-1.62203
-1.64274
-1.63316
-1.65218
-1.6375
-1.62202
-1.60975
-1.55807
-1.52052
-1.51225
-1.55214
-1.66021
-1.77748
-1.88114
-2.28079
-2.33007
-2.0187
-1.69382
-1.69382

1.50951
-1.50951
-1.60998
-1.62853
-1.64728
-1.64855
-1.6502
-1.63141
-1.61124
-1.59957
-1.55345
-1.51605
-1.5032
-1.53156
-1.63301
-1.73986
-1.85112
-2.30064
-2.37101
-2.0356
-1.69504
-1.69504

1.51407
-1.51407
-1.62023
-1.63401
-1.65084
-1.65553
-1.64796
-1.62522
-1.59947
-1.58896
-1.5481
-1.51012
-1.49049
-1.50426
-1.59806
-1.68849
-1.81144
-2.31678
-2.41463
-2.05456
-1.69647
-1.69647

1.51813
-1.51813
-1.62777
-1.63817
-1.6534
-1.65526
-1.64479
-1.61916
-1.58769
-1.57869
-1.54231
-1.50298
-1.47496
-1.47008
-1.55392
-1.61893
-1.75165
-2.32416
-2.45856
-2.07506
-1.69817
-1.69817

1.52169
-1.52169
-1.63315
-1.64108
-1.65523
-1.64921
-1.64047
-1.61356
-1.57762
-1.5695
-1.53639
-1.49498
-1.45729
-1.42975
-1.49869
-1.52414
-1.65221
-2.318
-2.50078
-2.09638
-1.70019
-1.70019

1.52485
-1.52485
-1.63701
-1.64306
-1.65693
-1.64283
-1.63622
-1.60893
-1.57096
-1.562
-1.53062
-1.48647
-1.43826
-1.38548
-1.42983
-1.38763
-1.46342
-2.29087
-2.53973
-2.11762
-1.70254
-1.70254

1.52771
-1.52771
-1.63987
-1.64444
-1.65918
-1.64884
-1.6354
-1.6059
-1.56824
-1.55643
-1.52521
-1.47775
-1.41867
-1.34108
-1.34439
-1.19106
-1.08505
-2.22718
-2.57422
-2.13749
-1.70515
-1.70515

1.53007
-1.53007
-1.64176
-1.64515
-1.66208
-1.66693
-1.63915
-1.60448
-1.56858
-1.55235
-1.51996
-1.46884
-1.39906
-1.29984
-1.24253
-0.961285
-0.426544
-2.10524
-2.60212
-2.1541
-1.70749
-1.70749

1.52889
-1.52889
-1.63953
-1.64207
-1.66225
-1.68593
-1.64261
-1.60117
-1.56764
-1.54626
-1.51199
-1.45746
-1.37831
-1.26247
-1.13881
-0.804102
0.381276
-1.93257
-2.61643
-2.16053
-1.70532
-1.70532

1.50335
-1.50335
-1.61212
-1.61392
-1.6368
-1.67451
-1.62057
-1.57447
-1.54341
-1.51852
-1.48345
-1.42808
-1.34531
-1.22429
-1.0652
-0.748674
0.853428
-1.80088
-2.58919
-2.12553
-1.67478
-1.67478

0
-1.50335
-1.61212
-1.61392
-1.6368
-1.67451
-1.62057
-1.57447
-1.54341
-1.51852
-1.48345
-1.42808
-1.34531
-1.22429
-1.0652
-0.748674
0.853428
-1.80088
-2.58919
-2.12553
-1.67478
0


0
1.54786
1.61792
1.66057
1.68199
1.6568
1.72473
1.71067
1.70062
1.68477
1.62469
1.58352
1.57322
1.63634
1.75268
1.88038
1.99437
2.26882
2.29878
2.05241
1.75382
0

1.54786
-1.54786
-1.61792
-1.66057
-1.68199
-1.6568
-1.72473
-1.71067
-1.70062
-1.68477
-1.62469
-1.58352
-1.57322
-1.63634
-1.75268
-1.88038
-1.99437
-2.26882
-2.29878
-2.05241
-1.75382
-1.75382

1.50731
-1.50731
-1.57476
-1.61536
-1.63547
-1.61294
-1.67749
-1.66285
-1.65279
-1.63779
-1.57985
-1.54061
-1.53112
-1.59185
-1.7049
-1.82881
-1.94081
-2.20457
-2.22987
-1.99013
-1.70308
-1.70308

1.51083
-1.51083
-1.58195
-1.61937
-1.63877
-1.61655
-1.67659
-1.66256
-1.6517
-1.63693
-1.58011
-1.54123
-1.53171
-1.58933
-1.70063
-1.82321
-1.93895
-2.21398
-2.24191
-1.99576
-1.70488
-1.70488

1.51467
-1.51467
-1.59139
-1.62394
-1.64289
-1.62019
-1.67175
-1.6596
-1.64779
-1.63331
-1.5787
-1.54042
-1.53097
-1.583
-1.69053
-1.80941
-1.92616
-2.22549
-2.26107
-2.00379
-1.70595
-1.70595

1.51903
-1.51903
-1.60254
-1.6293
-1.64768
-1.62873
-1.66675
-1.6552
-1.64183
-1.62762
-1.57619
-1.53849
-1.52845
-1.57279
-1.67474
-1.78743
-1.90212
-2.238
-2.28706
-2.01475
-1.70694
-1.70694

1.52363
-1.52363
-1.61404
-1.63499
-1.65248
-1.64114
-1.66323
-1.65003
-1.63417
-1.62025
-1.57267
-1.53531
-1.52306
-1.55795
-1.65274
-1.75637
-1.86905
-2.24977
-2.31847
-2.02832
-1.70796
-1.70796

1.52817
-1.52817
-1.6246
-1.64051
-1.6568
-1.65283
-1.66082
-1.64448
-1.62526
-1.61175
-1.56828
-1.5308
-1.51425
-1.53782
-1.62378
-1.71449
-1.82703
-2.25885
-2.35376
-2.04411
-1.70909
-1.70909

1.53243
-1.53243
-1.63348
-1.64535
-1.66032
-1.66053
-1.6586
-1.63881
-1.61568
-1.60275
-1.56323
-1.52502
-1.50228
-1.512
-1.58689
-1.65878
-1.77118
-2.26229
-2.39129
-2.06169
-1.71041
-1.71041

1.53629
-1.53629
-1.64046
-1.64924
-1.66297
-1.66351
-1.65598
-1.63327
-1.6062
-1.59389
-1.55776
-1.51816
-1.48771
-1.48048
-1.54083
-1.58505
-1.69209
-2.25638
-2.42951
-2.08058
-1.71198
-1.71198

1.53976
-1.53976
-1.64575
-1.65215
-1.66491
-1.66274
-1.65289
-1.62816
-1.59785
-1.58577
-1.55216
-1.51051
-1.47111
-1.44382
-1.48412
-1.48739
-1.57363
-2.23662
-2.46704
-2.10026
-1.71386
-1.71386

1.5429
-1.5429
-1.64973
-1.65426
-1.66659
-1.66134
-1.65008
-1.62386
-1.59168
-1.57889
-1.54669
-1.50239
-1.45314
-1.40335
-1.41507
-1.35641
-1.38397
-2.19663
-2.50274
-2.1201
-1.71609
-1.71609

1.54583
-1.54583
-1.65281
-1.65583
-1.66857
-1.66501
-1.6492
-1.62081
-1.58825
-1.57355
-1.54158
-1.49411
-1.43447
-1.36116
-1.33244
-1.18341
-1.06442
-2.1263
-2.53559
-2.13933
-1.71868
-1.71868

1.54841
-1.54841
-1.65501
-1.6568
-1.671
-1.67603
-1.6512
-1.619
-1.58716
-1.56946
-1.53671
-1.48574
-1.41562
-1.31954
-1.238
-0.981849
-0.553846
-2.01375
-2.56378
-2.1565
-1.72117
-1.72117

1.54762
-1.54762
-1.65326
-1.65414
-1.67072
-1.68855
-1.65255
-1.61524
-1.58466
-1.56335
-1.52924
-1.47499
-1.39552
-1.2803
-1.14361
-0.81034
0.085309
-1.86456
-2.57964
-2.16462
-1.71938
-1.71938

1.52248
-1.52248
-1.62641
-1.62651
-1.64526
-1.67392
-1.62943
-1.58831
-1.55933
-1.53553
-1.50099
-1.44587
-1.36255
-1.23972
-1.07225
-0.722971
0.50948
-1.73809
-2.55189
-2.13187
-1.68928
-1.68928

0
-1.52248
-1.62641
-1.62651
-1.64526
-1.67392
-1.62943
-1.58831
-1.55933
-1.53553
-1.50099
-1.44587
-1.36255
-1.23972
-1.07225
-0.722971
0.50948
-1.73809
-2.55189
-2.13187
-1.68928
0


0
1.56829
1.63892
1.67416
1.69328
1.67217
1.73229
1.72032
1.70954
1.69333
1.63717
1.59712
1.58622
1.64479
1.7537
1.87574
1.99307
2.2588
2.29251
2.05697
1.76547
0

1.56829
-1.56829
-1.63892
-1.67416
-1.69328
-1.67217
-1.73229
-1.72032
-1.70954
-1.69333
-1.63717
-1.59712
-1.58622
-1.64479
-1.7537
-1.87574
-1.99307
-2.2588
-2.29251
-2.05697
-1.76547
-1.76547

1.52908
-1.52908
-1.59708
-1.63036
-1.64842
-1.62883
-1.68548
-1.67352
-1.6629
-1.64749
-1.59365
-1.5555
-1.54544
-1.6013
-1.70644
-1.82397
-1.93797
-2.19596
-2.22668
-1.99693
-1.71618
-1.71618

1.53293
-1.53293
-1.60387
-1.63473
-1.6522
-1.63326
-1.6858
-1.67398
-1.66263
-1.64738
-1.59454
-1.55661
-1.54619
-1.59913
-1.7024
-1.81826
-1.9347
-2.20539
-2.2399
-2.00376
-1.71873
-1.71873

1.53655
-1.53655
-1.61181
-1.63896
-1.65584
-1.63753
-1.68271
-1.67157
-1.65926
-1.64425
-1.59335
-1.55579
-1.54481
-1.5926
-1.692
-1.80376
-1.92109
-2.21544
-2.25856
-2.01204
-1.72
-1.72

1.54047
-1.54047
-1.62095
-1.64363
-1.6599
-1.64408
-1.67864
-1.66759
-1.65388
-1.63914
-1.59093
-1.55372
-1.54147
-1.58206
-1.6757
-1.78069
-1.8968
-2.22589
-2.28332
-2.02288
-1.721
-1.721

1.54455
-1.54455
-1.63041
-1.64851
-1.66399
-1.6529
-1.67506
-1.66272
-1.64694
-1.63251
-1.58752
-1.55042
-1.53561
-1.5671
-1.65308
-1.74805
-1.86174
-2.23505
-2.31313
-2.03612
-1.72196
-1.72196

1.5486
-1.5486
-1.63931
-1.65322
-1.66771
-1.66172
-1.67218
-1.65739
-1.63893
-1.62486
-1.5833
-1.5459
-1.52686
-1.54724
-1.62342
-1.70414
-1.81461
-2.24082
-2.34664
-2.05145
-1.723
-1.723

1.55243
-1.55243
-1.64701
-1.65738
-1.67074
-1.66822
-1.66955
-1.65192
-1.63039
-1.61673
-1.57845
-1.54022
-1.51532
-1.52223
-1.5858
-1.64622
-1.75065
-2.24043
-2.38244
-2.06842
-1.7242
-1.7242

1.55594
-1.55594
-1.65324
-1.66075
-1.673
-1.67149
-1.66678
-1.64655
-1.622
-1.60867
-1.57321
-1.53356
-1.50137
-1.4921
-1.53912
-1.57054
-1.66076
-2.23029
-2.41919
-2.0866
-1.72563
-1.72563

1.55911
-1.55911
-1.65809
-1.66331
-1.67463
-1.67218
-1.66387
-1.64158
-1.61453
-1.60121
-1.56785
-1.52618
-1.48552
-1.45733
-1.48215
-1.47218
-1.53016
-2.20589
-2.45566
-2.10551
-1.72735
-1.72735

1.56202
-1.56202
-1.66181
-1.66517
-1.67598
-1.6725
-1.6614
-1.63736
-1.60876
-1.59478
-1.56262
-1.51837
-1.46834
-1.41894
-1.41376
-1.34505
-1.33489
-2.16134
-2.49088
-2.12466
-1.72945
-1.72945

1.56483
-1.56483
-1.66479
-1.66659
-1.67756
-1.67587
-1.66046
-1.63426
-1.60519
-1.5897
-1.55778
-1.51049
-1.45046
-1.37841
-1.33351
-1.18497
-1.03877
-2.08927
-2.52409
-2.14359
-1.73198
-1.73198

1.56748
-1.56748
-1.66712
-1.66762
-1.67958
-1.68426
-1.66175
-1.63232
-1.60366
-1.58584
-1.55332
-1.50266
-1.43242
-1.33756
-1.24374
-1.00101
-0.608359
-1.98326
-2.55392
-2.1612
-1.73465
-1.73465

1.5672
-1.5672
-1.66592
-1.66543
-1.6792
-1.69379
-1.6623
-1.62864
-1.60084
-1.5802
-1.54661
-1.49277
-1.41327
-1.29833
-1.15453
-0.830732
-0.0840668
-1.84979
-2.57256
-2.17074
-1.7335
-1.7335

1.54312
-1.54312
-1.64023
-1.63892
-1.65445
-1.67797
-1.63931
-1.60241
-1.57582
-1.55325
-1.51942
-1.46469
-1.38112
-1.25707
-1.08431
-0.727302
0.303449
-1.72919
-2.5464
-2.14024
-1.70464
-1.70464

0
-1.54312
-1.64023
-1.63892
-1.65445
-1.67797
-1.63931
-1.60241
-1.57582
-1.55325
-1.51942
-1.46469
-1.38112
-1.25707
-1.08431
-0.727302
0.303449
-1.72919
-2.5464
-2.14024
-1.70464
0


0
1.45523
1.52038
1.55296
1.57066
1.55019
1.6087
1.59702
1.58614
1.57018
1.5159
1.47658
1.46467
1.52108
1.6252
1.74339
1.85931
2.11416
2.14751
1.92341
1.64285
0

1.45523
-1.56829
-1.63892
-1.67416
-1.69328
-1.67217
-1.73229
-1.72032
-1.70954
-1.69333
-1.63717
-1.59712
-1.58622
-1.64479
-1.7537
-1.87574
-1.99307
-2.2588
-2.29251
-2.05697
-1.76547
-1.64285

1.42158
-1.52908
-1.59708
-1.63036
-1.64842
-1.62883
-1.68548
-1.67352
-1.6629
-1.64749
-1.59365
-1.5555
-1.54544
-1.6013
-1.70644
-1.82397
-1.93797
-2.19596
-2.22668
-1.99693
-1.71618
-1.60031

1.42497
-1.53293
-1.60387
-1.63473
-1.6522
-1.63326
-1.6858
-1.67398
-1.66263
-1.64738
-1.59454
-1.55661
-1.54619
-1.59913
-1.7024
-1.81826
-1.9347
-2.20539
-2.2399
-2.00376
-1.71873
-1.60246

1.42823
-1.53655
-1.61181
-1.63896
-1.65584
-1.63753
-1.68271
-1.67157
-1.65926
-1.64425
-1.59335
-1.55579
-1.54481
-1.5926
-1.692
-1.80376
-1.92109
-2.21544
-2.25856
-2.01204
-1.72
-1.60355

1.43175
-1.54047
-1.62095
-1.64363
-1.6599
-1.64408
-1.67864
-1.66759
-1.65388
-1.63914
-1.59093
-1.55372
-1.54147
-1.58206
-1.6757
-1.78069
-1.8968
-2.22589
-2.28332
-2.02288
-1.721
-1.60442

1.43541
-1.54455
-1.63041
-1.64851
-1.66399
-1.6529
-1.67506
-1.66272
-1.64694
-1.63251
-1.58752
-1.55042
-1.53561
-1.5671
-1.65308
-1.74805
-1.86174
-2.23505
-2.31313
-2.03612
-1.72196
-1.60527

1.43901
-1.5486
-1.63931
-1.65322
-1.66771
-1.66172
-1.67218
-1.65739
-1.63893
-1.62486
-1.5833
-1.5459
-1.52686
-1.54724
-1.62342
-1.70414
-1.81461
-2.24082
-2.34664
-2.05145
-1.723
-1.60619

1.44238
-1.55243
-1.64701
-1.65738
-1.67074
-1.66822
-1.66955
-1.65192
-1.63039
-1.61673
-1.57845
-1.54022
-1.51532
-1.52223
-1.5858
-1.64622
-1.75065
-2.24043
-2.38244
-2.06842
-1.7242
-1.60725

1.44543
-1.55594
-1.65324
-1.66075
-1.673
-1.67149
-1.66678
-1.64655
-1.622
-1.60867
-1.57321
-1.53356
-1.50137
-1.4921
-1.53912
-1.57054
-1.66076
-2.23029
-2.41919
-2.0866
-1.72563
-1.6085

1.44815
-1.55911
-1.65809
-1.66331
-1.67463
-1.67218
-1.66387
-1.64158
-1.61453
-1.60121
-1.56785
-1.52618
-1.48552
-1.45733
-1.48215
-1.47218
-1.53016
-2.20589
-2.45566
-2.10551
-1.72735
-1.61002

1.45061
-1.56202
-1.66181
-1.66517
-1.67598
-1.6725
-1.6614
-1.63736
-1.60876
-1.59478
-1.56262
-1.51837
-1.46834
-1.41894
-1.41376
-1.34505
-1.33489
-2.16134
-2.49088
-2.12466
-1.72945
-1.61185

1.45295
-1.56483
-1.66479
-1.66659
-1.67756
-1.67587
-1.66046
-1.63426
-1.60519
-1.5897
-1.55778
-1.51049
-1.45046
-1.37841
-1.33351
-1.18497
-1.03877
-2.08927
-2.52409
-2.14359
-1.73198
-1.61407

1.45516
-1.56748
-1.66712
-1.66762
-1.67958
-1.68426
-1.66175
-1.63232
-1.60366
-1.58584
-1.55332
-1.50266
-1.43242
-1.33756
-1.24374
-1.00101
-0.608359
-1.98326
-2.55392
-2.1612
-1.73465
-1.61645

1.45499
-1.5672
-1.66592
-1.66543
-1.6792
-1.69379
-1.6623
-1.62864
-1.60084
-1.5802
-1.54661
-1.49277
-1.41327
-1.29833
-1.15453
-0.830732
-0.0840668
-1.84979
-2.57256
-2.17074
-1.7335
-1.61573

1.43397
-1.54312
-1.64023
-1.63892
-1.65445
-1.67797
-1.63931
-1.60241
-1.57582
-1.55325
-1.51942
-1.46469
-1.38112
-1.25707
-1.08431
-0.727302
0.303449
-1.72919
-2.5464
-2.14024
-1.70464
-1.59045

0
-1.43397
-1.52317
-1.52089
-1.53399
-1.55491
-1.51954
-1.48622
-1.46212
-1.44082
-1.40774
-1.35339
-1.26965
-1.14478
-0.969792
-0.621293
0.351672
-1.64058
-2.42712
-2.02012
-1.59045
0


0
0
0
0
0
0
0
0
0
0
0
0
0
0
0
0
0
0
0
0
0
0

0
0
0
0
0
0
0
0
0
0
0
0
0
0
0
0
0
0
0
0
0
0

0
0
0
0
0
0
0
0
0
0
0
0
0
0
0
0
0
0
0
0
0
0

0
0
0
0
0
0
0
0
0
0
0
0
0
0
0
0
0
0
0
0
0
0

0
0
0
0
0
0
0
0
0
0
0
0
0
0
0
0
0
0
0
0
0
0

0
0
0
0
0
0
0
0
0
0
0
0
0
0
0
0
0
0
0
0
0
0

0
0
0
0
0
0
0
0
0
0
0
0
0
0
0
0
0
0
0
0
0
0

0
0
0
0
0
0
0
0
0
0
0
0
0
0
0
0
0
0
0
0
0
0

0
0
0
0
0
0
0
0
0
0
0
0
0
0
0
0
0
0
0
0
0
0

0
0
0
0
0
0
0
0
0
0
0
0
0
0
0
0
0
0
0
0
0
0

0
0
0
0
0
0
0
0
0
0
0
0
0
0
0
0
0
0
0
0
0
0

0
0
0
0
0
0
0
0
0
0
0
0
0
0
0
0
0
0
0
0
0
0

0
0
0
0
0
0
0
0
0
0
0
0
0
0
0
0
0
0
0
0
0
0

0
0
0
0
0
0
0
0
0
0
0
0
0
0
0
0
0
0
0
0
0
0

0
0
0
0
0
0
0
0
0
0
0
0
0
0
0
0
0
0
0
0
0
0

0
0
0
0
0
0
0
0
0
0
0
0
0
0
0
0
0
0
0
0
0
0

0
0
0
0
0
0
0
0
0
0
0
0
0
0
0
0
0
0
0
0
0
0


