0
0
0
0
0
0
0
0
0
0
0
0
0
0
0
0
0
0
0
0
0
0

0
0
0
0
0
0
0
0
0
0
0
0
0
0
0
0
0
0
0
0
0
0

0
0
0
0
0
0
0
0
0
0
0
0
0
0
0
0
0
0
0
0
0
0

0
0
0
0
0
0
0
0
0
0
0
0
0
0
0
0
0
0
0
0
0
0

0
0
0
0
0
0
0
0
0
0
0
0
0
0
0
0
0
0
0
0
0
0

0
0
0
0
0
0
0
0
0
0
0
0
0
0
0
0
0
0
0
0
0
0

0
0
0
0
0
0
0
0
0
0
0
0
0
0
0
0
0
0
0
0
0
0

0
0
0
0
0
0
0
0
0
0
0
0
0
0
0
0
0
0
0
0
0
0

0
0
0
0
0
0
0
0
0
0
0
0
0
0
0
0
0
0
0
0
0
0

0
0
0
0
0
0
0
0
0
0
0
0
0
0
0
0
0
0
0
0
0
0

0
0
0
0
0
0
0
0
0
0
0
0
0
0
0
0
0
0
0
0
0
0

0
0
0
0
0
0
0
0
0
0
0
0
0
0
0
0
0
0
0
0
0
0

0
0
0
0
0
0
0
0
0
0
0
0
0
0
0
0
0
0
0
0
0
0

0
0
0
0
0
0
0
0
0
0
0
0
0
0
0
0
0
0
0
0
0
0

0
0
0
0
0
0
0
0
0
0
0
0
0
0
0
0
0
0
0
0
0
0

0
0
0
0
0
0
0
0
0
0
0
0
0
0
0
0
0
0
0
0
0
0

0
0
0
0
0
0
0
0
0
0
0
0
0
0
0
0
0
0
0
0
0
0


0
0
0
0
0
0
0
0
0
0
0
0
0
0
0
0
0
0
0
0
0
0

0
1.02557e-22
-4.06174e-20
1.23276e-17
-3.02301e-15
3.83757e-13
7.7206e-15
8.94031e-17
8.02715e-19
7.60001e-21
4.67787e-23
2.64289e-25
5.21321e-28
4.0503e-30
1.93246e-32
8.93438e-35
4.54827e-36
9.89475e-39
2.26787e-41
3.90261e-44
4.8702e-47
0

0
7.74121e-25
-2.97035e-22
1.767e-19
-6.89762e-17
2.42725e-15
1.11777e-16
2.37022e-18
1.8881e-20
1.33688e-22
5.95461e-25
2.3733e-27
2.78588e-29
1.57208e-31
5.12138e-34
1.48359e-36
3.72931e-38
6.89505e-41
1.31066e-43
1.85561e-46
1.86707e-49
0

0
1.80929e-26
-1.04784e-23
4.73964e-21
-1.91068e-18
2.63394e-16
4.38087e-18
3.36812e-20
2.53099e-22
1.44232e-24
5.85672e-27
1.9691e-29
1.31262e-31
7.39967e-34
1.86414e-36
3.40026e-39
1.98313e-40
3.95276e-43
5.37882e-46
5.3554e-49
3.79466e-52
0

0
3.39719e-28
-2.5466e-25
1.62176e-22
-8.8689e-20
2.92695e-17
1.95044e-19
1.05238e-21
4.90719e-24
2.10457e-26
7.15315e-29
1.97864e-31
8.10655e-34
2.34078e-36
4.38581e-39
6.08151e-42
2.21092e-43
4.23678e-46
6.26991e-49
5.59694e-52
2.94724e-55
0

0
1.84803e-30
-1.65529e-27
1.24666e-24
-8.78036e-22
3.55995e-19
1.7762e-21
7.72645e-24
3.1504e-26
1.09751e-28
3.24456e-31
7.40495e-34
1.05207e-36
2.53186e-39
3.31461e-42
8.11512e-44
1.56224e-46
4.17419e-49
6.12576e-52
4.69218e-55
1.79447e-58
0

0
8.41656e-33
-8.83775e-30
7.89981e-27
-5.80892e-24
3.07859e-21
1.06559e-23
3.80907e-26
1.355e-28
3.96742e-31
1.00899e-33
2.10083e-36
6.08351e-39
1.2078e-41
1.56619e-44
-1.17416e-47
-2.15416e-50
2.18334e-52
4.17027e-55
2.54702e-58
6.06995e-62
0

0
3.16895e-35
-3.90397e-32
4.12998e-29
-3.68666e-26
2.35559e-23
5.50181e-26
1.63637e-28
4.93948e-31
1.23017e-33
2.73945e-36
5.18747e-39
1.77579e-41
2.46001e-44
2.52486e-47
3.32379e-50
3.37268e-53
1.79289e-55
3.25029e-58
1.13848e-61
1.2531e-65
0

0
1.51175e-37
-2.2027e-34
2.75586e-31
-2.91918e-28
2.05978e-25
3.30718e-28
8.50798e-31
2.19196e-33
4.85923e-36
9.1215e-39
1.46312e-41
3.47979e-44
3.77232e-47
2.92148e-50
2.54079e-53
1.00231e-56
1.22639e-58
1.87067e-61
2.81899e-65
0
0

0
9.22462e-40
-1.56906e-36
2.29014e-33
-2.86319e-30
2.23094e-27
4.70784e-30
1.14772e-32
2.48228e-35
4.77011e-38
7.63099e-41
1.02066e-43
1.24813e-46
1.2001e-49
8.14279e-53
1.08505e-56
1.52028e-60
7.13588e-62
6.15255e-65
0
0
0

0
1.99943e-42
-3.89784e-39
6.62159e-36
-1.01153e-32
2.79604e-29
1.07449e-31
2.14875e-34
4.01629e-37
6.61451e-40
8.97108e-43
1.00242e-45
9.13371e-49
7.03783e-52
3.97798e-55
1.8508e-58
5.26503e-62
4.01759e-65
0
0
0
0

0
8.15e-45
-1.89873e-41
3.79289e-38
-6.7176e-35
1.81303e-31
4.85276e-34
9.38603e-37
1.48055e-39
2.02985e-42
2.2722e-45
2.00982e-48
1.45063e-51
7.28723e-55
2.50094e-58
4.92019e-62
-3.05152e-66
0
0
0
0
0

0
1.66479e-47
-4.72612e-44
1.14967e-40
-2.52157e-37
6.84257e-34
1.46371e-36
2.34979e-39
3.07363e-42
3.50985e-45
3.21989e-48
2.3315e-51
1.26963e-54
4.22586e-58
8.75556e-62
8.91955e-66
0
0
0
0
0
0

0
1.54796e-50
-5.50675e-47
1.68015e-43
-4.68054e-40
1.419e-36
2.40265e-39
3.12111e-42
3.24597e-45
2.92213e-48
2.12198e-51
1.15785e-54
4.37584e-58
7.2394e-62
5.11993e-66
0
0
0
0
0
0
0

0
4.97655e-54
-2.36948e-50
9.75713e-47
-3.71102e-43
1.4102e-39
1.8152e-42
1.7552e-45
1.40215e-48
9.7528e-52
5.40737e-55
2.12389e-58
4.87799e-62
2.27773e-66
0
0
0
0
0
0
0
0

0
-4.11877e-58
1.47256e-54
3.69653e-52
-5.00251e-47
4.42184e-43
3.17919e-46
8.93558e-50
-4.00271e-53
-4.79899e-56
-2.32002e-59
-6.65752e-63
-1.0579e-66
0
0
0
0
0
0
0
0
0

0
0
0
0
0
0
0
0
0
0
0
0
0
0
0
0
0
0
0
0
0
0


0
0
0
0
0
0
0
0
0
0
0
0
0
0
0
0
0
0
0
0
0
0

0
9.86373e-20
-3.21199e-17
8.55348e-15
-1.70448e-12
1.71951e-10
4.4089e-12
7.02604e-14
8.16638e-16
8.17307e-18
5.87513e-20
3.70826e-22
1.19707e-24
1.03523e-26
5.54757e-29
2.84869e-31
4.54204e-33
1.56165e-35
4.62392e-38
1.00141e-40
1.58453e-43
0

0
1.99802e-21
-8.00349e-19
2.99065e-16
-8.13971e-14
1.10617e-11
2.07292e-13
2.71643e-15
2.48229e-17
1.98788e-19
1.13763e-21
5.56749e-24
3.58091e-26
2.21648e-28
8.82554e-31
3.32591e-33
2.33311e-35
8.10701e-38
2.2437e-40
4.31189e-43
5.74218e-46
0

0
3.091e-23
-1.56516e-20
6.45202e-18
-2.20939e-15
4.43357e-13
5.80824e-15
5.09478e-17
3.82408e-19
2.44599e-21
1.19429e-23
4.83482e-26
2.41278e-28
1.16636e-30
3.62208e-33
1.06156e-35
-5.01689e-38
-9.3501e-41
3.26454e-44
2.7996e-46
3.82123e-49
0

0
3.44788e-25
-2.1609e-22
1.14592e-19
-4.98849e-17
1.47741e-14
1.25958e-16
8.25581e-19
4.6743e-21
2.36008e-23
9.68185e-26
3.24744e-28
8.79519e-31
2.88834e-33
6.95903e-36
2.16712e-38
7.14086e-41
1.71094e-43
4.28449e-46
7.13694e-49
6.41945e-52
0

0
1.82087e-27
-1.37542e-24
8.82888e-22
-4.45322e-19
1.66835e-16
1.03969e-18
5.43374e-21
2.59532e-23
1.07732e-25
3.77116e-28
1.06482e-30
7.03762e-34
4.31106e-36
7.85347e-39
7.69606e-41
9.93557e-44
3.01424e-46
8.87728e-49
1.09277e-51
6.88728e-55
0

0
4.22143e-30
-3.61996e-27
2.65986e-24
-1.62785e-21
7.93507e-19
3.50383e-21
1.48993e-23
6.16635e-26
2.20004e-28
6.93852e-31
1.78673e-33
3.78195e-36
8.25668e-39
1.22391e-41
-9.51994e-44
-1.56609e-46
-1.68648e-50
1.17619e-51
1.07845e-54
4.46118e-58
0

0
1.78362e-33
-1.55413e-30
1.23731e-27
-1.07972e-24
1.04001e-21
1.75521e-24
3.075e-27
4.3875e-30
1.30925e-32
9.99479e-35
4.23651e-37
2.97653e-39
2.76953e-42
1.24645e-45
6.82698e-47
1.25297e-49
1.60512e-52
1.18336e-54
7.31101e-58
1.80382e-61
0

0
-5.30094e-36
5.53966e-33
-4.74689e-30
3.06428e-27
-9.72964e-25
-6.01133e-27
-2.68049e-29
-1.04247e-31
-3.30829e-34
-8.63965e-37
-1.86515e-39
-1.95115e-42
-4.28923e-45
-6.50527e-48
-3.96927e-50
-7.72345e-53
4.98646e-56
8.56302e-58
3.15672e-61
3.50727e-65
0

0
7.10904e-39
-9.45877e-36
1.03665e-32
-8.6125e-30
4.01039e-27
2.12057e-29
7.76464e-32
2.30925e-34
5.70342e-37
1.13209e-39
1.79948e-42
1.95243e-45
3.49361e-48
5.41289e-51
1.85416e-53
3.82477e-56
6.21945e-59
4.59052e-61
7.15128e-65
0
0

0
-1.17081e-41
2.06097e-38
-2.99629e-35
3.45624e-32
-3.7846e-29
-1.68649e-31
-4.44297e-34
-9.1936e-37
-1.60735e-39
-2.22517e-42
-2.29997e-45
-1.44207e-48
-9.50642e-52
-7.47141e-55
-5.72475e-57
-1.42142e-59
1.04734e-63
1.22931e-64
0
0
0

0
1.21881e-44
-2.73807e-41
4.89151e-38
-6.58181e-35
6.73579e-32
3.16267e-34
7.96385e-37
1.4051e-39
1.95297e-42
1.94013e-45
1.08134e-48
-2.61872e-52
-1.42639e-54
-1.88727e-57
1.02431e-61
3.44123e-63
5.71345e-66
0
0
0
0

0
-5.39297e-48
1.59426e-44
-3.50839e-41
4.7171e-38
-2.10586e-35
-1.83626e-37
-5.07548e-40
-7.72863e-43
-8.23451e-46
-4.62336e-49
1.49543e-52
6.08689e-55
1.09047e-57
1.24189e-60
7.12722e-64
-3.30961e-67
0
0
0
0
0

0
9.04481e-52
-4.3314e-48
1.43709e-44
-1.81096e-41
1.88882e-40
4.9541e-41
1.56667e-43
1.67079e-46
1.09676e-49
-3.40271e-53
-1.53196e-55
-1.77147e-58
-2.82326e-61
-3.61147e-64
-3.56236e-67
0
0
0
0
0
0

0
6.17537e-56
7.33275e-52
-2.5648e-48
4.52633e-45
2.48333e-43
-8.23761e-45
-2.68953e-47
-1.98794e-50
7.12956e-54
3.14164e-56
3.39241e-59
2.25696e-62
3.28955e-65
5.94118e-68
0
0
0
0
0
0
0

0
-6.60002e-59
4.18771e-56
2.60817e-52
-7.78474e-49
6.21641e-47
1.00024e-48
2.20844e-51
-1.21291e-54
-5.56608e-57
-5.99618e-60
-3.46504e-63
-1.30657e-66
-1.40674e-69
0
0
0
0
0
0
0
0

0
0
0
0
0
0
0
0
0
0
0
0
0
0
0
0
0
0
0
0
0
0


0
0
0
0
0
0
0
0
0
0
0
0
0
0
0
0
0
0
0
0
0
0

0
7.03593e-17
-1.90465e-14
4.13566e-12
-6.6025e-10
5.85584e-08
1.83696e-09
3.67463e-11
5.35218e-13
6.3543e-15
5.67676e-17
4.20559e-19
2.21572e-21
1.77799e-23
1.04407e-25
5.83474e-28
4.86956e-30
2.14323e-32
7.6183e-35
1.98518e-37
3.85599e-40
0

0
2.08181e-18
-7.15132e-16
2.07224e-13
-4.61148e-11
6.55883e-09
1.35063e-10
1.90668e-12
2.07991e-14
1.91798e-16
1.35919e-18
8.04031e-21
4.59389e-23
2.9596e-25
1.39912e-27
6.33296e-30
3.35046e-32
1.39548e-34
4.68395e-37
1.08543e-39
1.78866e-42
0

0
3.09853e-20
-1.30769e-17
4.62677e-15
-1.30454e-12
2.39678e-10
3.67478e-12
3.91346e-14
3.42809e-16
2.55866e-18
1.50744e-20
7.32278e-23
3.26474e-25
1.7384e-27
6.60391e-30
2.45594e-32
2.45275e-35
1.71328e-37
8.99586e-40
2.13066e-42
3.02059e-45
0

0
2.72839e-22
-1.4055e-19
6.10962e-17
-2.1569e-14
5.29078e-12
5.85266e-14
4.78563e-16
3.33982e-18
2.02356e-20
1.00245e-22
4.04283e-25
1.27949e-27
5.31842e-30
1.55705e-32
5.07618e-35
9.95178e-38
4.09542e-40
1.87283e-42
3.71503e-45
4.14174e-48
0

0
1.18135e-24
-7.26043e-22
3.78637e-19
-1.5997e-16
5.02234e-14
4.1003e-16
2.66776e-18
1.54849e-20
7.82676e-23
3.34114e-25
1.14855e-27
2.19982e-30
7.76818e-33
1.58895e-35
4.08204e-38
4.55709e-41
4.0212e-43
2.81887e-45
4.69261e-48
3.95163e-51
0

0
1.54396e-27
-1.03205e-24
5.88701e-22
-2.8615e-19
1.20712e-16
6.63441e-19
3.39381e-21
1.72729e-23
7.90043e-26
3.24932e-28
1.05109e-30
2.72275e-33
5.88389e-36
7.77603e-39
-1.6395e-41
-4.4502e-44
2.2281e-46
3.58102e-48
4.61887e-51
2.77789e-54
0

0
-2.06594e-30
1.66278e-27
-1.08649e-24
5.18681e-22
-1.19168e-19
-1.37023e-21
-8.69685e-24
-4.34551e-26
-1.75085e-28
-5.60913e-31
-1.47479e-33
-2.83823e-36
-9.15288e-39
-1.98224e-41
-2.1309e-44
-1.17222e-47
1.74068e-49
3.68024e-51
3.46292e-54
1.40221e-57
0

0
1.38984e-33
-1.54992e-30
1.35776e-27
-8.47244e-25
2.67854e-22
2.49223e-24
1.28252e-26
5.28745e-29
1.61348e-31
3.68779e-34
6.34385e-37
5.4791e-40
3.51517e-42
1.13147e-44
2.17348e-47
2.08639e-50
1.83521e-52
3.18775e-54
1.9766e-57
4.8106e-61
0

0
-3.80368e-37
1.05387e-33
-1.55272e-30
1.51025e-27
-8.59104e-25
-4.97158e-27
-1.69069e-29
-4.25123e-32
-7.0339e-35
-3.01387e-38
2.18938e-40
8.13358e-43
1.10211e-45
-8.15047e-49
-6.17693e-51
-5.18531e-54
1.35918e-55
2.22388e-57
7.86672e-61
8.6753e-65
0

0
-1.25312e-39
3.01223e-37
1.26965e-33
-2.64434e-30
3.01692e-27
1.07036e-29
1.76984e-32
-3.44752e-36
-1.27597e-37
-4.75243e-40
-1.11695e-42
-1.91013e-45
-3.28839e-48
-4.19574e-51
-3.70361e-54
-5.62576e-57
9.0864e-59
1.13919e-60
1.67662e-64
0
0

0
3.00354e-42
-2.82378e-39
1.13597e-36
1.46029e-33
-2.61452e-30
-6.23801e-33
1.28823e-35
1.12792e-37
3.84537e-40
8.74035e-43
1.47297e-45
1.92282e-48
2.88531e-51
3.89855e-54
5.3221e-57
6.68663e-60
9.48502e-62
3.48966e-64
0
0
0

0
-2.94079e-45
3.87685e-42
-3.51751e-39
1.22594e-36
4.47889e-34
-4.26773e-36
-4.37582e-38
-1.59727e-40
-3.85908e-43
-6.70194e-46
-8.81736e-49
-9.24853e-52
-1.27751e-54
-1.85551e-57
-3.39456e-60
-3.51005e-63
5.017e-65
0
0
0
0

0
1.55336e-48
-2.59986e-45
3.22811e-42
-1.96459e-39
1.67539e-37
6.02009e-39
3.66715e-41
9.84657e-44
1.88906e-46
2.60138e-49
2.70272e-52
2.29819e-55
3.12505e-58
5.5309e-61
1.34781e-63
8.48802e-67
0
0
0
0
0

0
-5.24161e-52
1.12017e-48
-1.51921e-45
1.17398e-42
-6.2631e-41
-2.91602e-42
-1.61129e-44
-3.64631e-47
-5.5715e-50
-5.98104e-53
-4.77538e-56
-3.16504e-59
-4.27973e-62
-1.01794e-64
-1.84168e-67
0
0
0
0
0
0

0
1.11058e-55
-2.98149e-52
4.69188e-49
-4.36227e-46
9.9719e-45
8.53321e-46
4.46085e-48
8.63726e-51
1.04354e-53
8.51334e-57
4.97771e-60
2.36865e-63
2.98302e-66
6.71462e-69
0
0
0
0
0
0
0

0
0
0
0
0
0
0
0
0
0
0
0
0
0
0
0
0
0
0
0
0
0


0
0
0
0
0
0
0
0
0
0
0
0
0
0
0
0
0
0
0
0
0
0

0
2.88028e-14
-6.41439e-12
1.10992e-09
-1.40018e-07
1.20131e-05
4.55188e-07
1.13295e-08
2.06701e-10
2.96557e-12
3.30017e-14
3.00323e-16
2.1992e-18
1.79182e-20
1.1689e-22
7.06724e-25
4.52897e-27
2.23669e-29
8.88673e-32
2.65427e-34
6.13866e-37
0

0
1.20609e-15
-3.42571e-13
7.90867e-11
-1.4026e-08
1.77115e-06
4.63962e-08
8.0135e-10
1.07384e-11
1.18302e-13
1.03258e-15
7.45281e-18
4.68365e-20
3.20795e-22
1.74737e-24
8.93511e-27
4.50673e-29
2.03496e-31
7.43689e-34
1.95284e-36
3.84304e-39
0

0
2.21294e-17
-7.8061e-15
2.28297e-12
-5.29036e-10
8.59772e-08
1.60451e-09
2.07383e-11
2.17576e-13
1.92091e-15
1.37186e-17
8.09632e-20
4.10314e-22
2.3381e-24
1.0393e-26
4.38866e-29
1.34607e-31
6.04567e-34
2.3844e-36
5.78661e-39
9.65914e-42
0

0
1.92377e-19
-8.23608e-17
2.96244e-14
-8.64377e-12
1.82085e-09
2.48672e-11
2.48646e-13
2.09589e-15
1.51465e-17
9.07082e-20
4.46343e-22
1.78264e-24
8.16782e-27
2.8318e-29
9.51769e-32
2.01464e-34
9.8944e-37
4.73201e-39
1.05065e-41
1.4371e-44
0

0
7.32963e-22
-3.72789e-19
1.60781e-16
-5.7086e-14
1.52653e-11
1.54918e-13
1.23044e-15
8.59413e-18
5.23007e-20
2.70683e-22
1.13905e-24
3.39804e-27
1.19633e-29
2.83131e-32
5.48395e-35
5.26274e-38
7.83019e-40
6.44854e-42
1.29203e-44
1.39688e-47
0

0
5.94589e-25
-3.08741e-22
1.36174e-19
-5.37893e-17
1.96812e-14
1.18779e-16
6.76712e-19
4.31007e-21
2.65612e-23
1.48386e-25
6.10959e-28
1.76919e-30
2.7804e-33
-2.74006e-36
-3.97838e-38
-1.03729e-40
3.06753e-43
7.18049e-45
1.21504e-47
9.93358e-51
0

0
-1.11753e-27
7.17073e-25
-3.72885e-22
1.439e-19
-3.09834e-17
-4.03344e-19
-3.15307e-21
-1.93503e-23
-9.68135e-26
-3.91956e-28
-1.3191e-30
-3.66304e-33
-1.17121e-35
-2.66542e-38
-3.41225e-41
-2.89334e-44
1.87538e-46
7.14985e-48
9.34968e-51
5.52916e-54
0

0
9.74191e-31
-8.102e-28
5.41374e-25
-2.61968e-22
6.85969e-20
8.21581e-22
5.44269e-24
2.75417e-26
1.08556e-28
3.3808e-31
8.72834e-34
1.82761e-36
7.8802e-39
2.57462e-41
6.1863e-44
1.01648e-46
3.50362e-49
6.58684e-51
6.05821e-54
2.43385e-57
0

0
-6.60965e-34
7.6175e-31
-6.92746e-28
4.5881e-25
-1.79163e-22
-1.56498e-24
-7.74656e-27
-2.90172e-29
-8.46703e-32
-1.89973e-34
-3.30459e-37
-4.10572e-40
-2.56184e-42
-1.28108e-44
-4.59048e-47
-8.67633e-50
1.83183e-52
5.15718e-54
3.08861e-57
7.52536e-61
0

0
3.52237e-37
-6.45637e-34
8.40553e-31
-7.78629e-28
4.66958e-25
2.87527e-27
1.02707e-29
2.66102e-32
5.07731e-35
5.97957e-38
1.4502e-42
-1.90536e-43
-1.05046e-46
3.15911e-48
2.20038e-50
4.58841e-53
2.18313e-55
3.36641e-57
1.13285e-60
1.25916e-64
0

0
-4.45924e-41
3.57495e-37
-7.25628e-34
8.77492e-31
-5.91227e-28
-3.30094e-30
-9.31323e-33
-1.59291e-35
-1.12756e-38
3.05714e-41
1.36125e-43
3.13139e-46
6.71317e-49
4.40641e-52
-6.96154e-54
-1.62142e-56
1.96408e-58
1.63073e-60
2.27036e-64
0
0

0
-1.37507e-43
-2.50476e-41
3.29081e-37
-5.53378e-34
3.54031e-31
2.00609e-33
4.29554e-36
2.07894e-39
-1.43547e-41
-5.5026e-44
-1.18436e-46
-1.93515e-49
-4.09249e-52
-7.77113e-55
9.14273e-58
3.13307e-60
1.42674e-61
4.23424e-64
0
0
0

0
1.34831e-46
-1.13578e-43
-1.63127e-41
1.73634e-37
-1.05341e-34
-5.859e-37
-3.36528e-40
3.81413e-42
1.51615e-44
3.31462e-47
5.14659e-50
6.59092e-53
1.33455e-55
3.63494e-58
4.10789e-61
1.30763e-64
5.39767e-65
0
0
0
0

0
-6.51123e-50
8.83211e-47
-6.27696e-44
-6.42649e-42
1.53745e-38
2.6289e-41
-6.35495e-43
-2.92683e-45
-6.99814e-48
-1.11163e-50
-1.30616e-53
-1.31167e-56
-2.55632e-59
-9.51028e-62
-2.19226e-64
-1.8169e-67
0
0
0
0
0

0
1.91533e-53
-3.49671e-50
3.78382e-47
-1.82421e-44
-3.01785e-43
4.37982e-44
3.73641e-46
1.09043e-48
1.92282e-51
2.29881e-54
2.0164e-57
1.51784e-60
2.7809e-63
1.25476e-65
3.10713e-68
0
0
0
0
0
0

0
0
0
0
0
0
0
0
0
0
0
0
0
0
0
0
0
0
0
0
0
0


0
0
0
0
0
0
0
0
0
0
0
0
0
0
0
0
0
0
0
0
0
0

0
4.11026e-12
-7.01759e-10
8.75276e-08
-7.24586e-06
0.000946628
3.24845e-05
1.20479e-06
3.0445e-08
5.67189e-10
8.15029e-12
9.48222e-14
9.14991e-16
8.12045e-18
5.99249e-20
3.96444e-22
2.38401e-24
1.23474e-26
5.20921e-29
1.72553e-31
4.6522e-34
0

0
3.78867e-13
-8.84928e-11
1.62514e-08
-2.25637e-06
0.000272978
8.60642e-06
1.84594e-07
3.06331e-09
4.09062e-11
4.45003e-13
4.05938e-15
3.17244e-17
2.29552e-19
1.39808e-21
7.70425e-24
3.80664e-26
1.70517e-28
6.29078e-31
1.79026e-33
4.09707e-36
0

0
9.6716e-15
-2.8991e-12
7.11724e-10
-1.40089e-07
2.28087e-05
4.62594e-07
6.90813e-09
8.53882e-11
8.87354e-13
7.75141e-15
5.77221e-17
3.7282e-19
2.22946e-21
1.11879e-23
5.08241e-26
1.96013e-28
7.88769e-31
2.77971e-33
7.03828e-36
1.36628e-38
0

0
9.28196e-17
-3.41789e-14
1.05777e-11
-2.71932e-09
5.85283e-07
8.26297e-09
9.33308e-11
9.10223e-13
7.66691e-15
5.54852e-17
3.43768e-19
1.80824e-21
8.84445e-24
3.54001e-26
1.26227e-28
3.59888e-31
1.48365e-33
5.9555e-36
1.39939e-38
2.28253e-41
0

0
3.34836e-19
-1.46859e-16
5.51294e-14
-1.7609e-11
4.72856e-09
4.99163e-11
4.45607e-13
3.57288e-15
2.53255e-17
1.57199e-19
8.26987e-22
3.4422e-24
1.29531e-26
3.56459e-29
7.07582e-32
7.05044e-35
9.61876e-37
7.27496e-39
1.65766e-41
2.23007e-44
0

0
2.08723e-22
-9.15806e-20
3.55358e-17
-1.36717e-14
5.29938e-12
2.97135e-14
1.59892e-16
1.11261e-18
8.56721e-21
6.15215e-23
3.1956e-25
1.03932e-27
5.48643e-31
-1.20747e-32
-7.31012e-35
-2.24191e-37
4.5631e-41
6.74042e-42
1.43231e-44
1.53025e-47
0

0
-4.33769e-25
2.34105e-22
-1.02111e-19
3.32841e-17
-6.30083e-15
-9.72515e-17
-9.0041e-19
-6.55221e-21
-3.90623e-23
-1.92175e-25
-8.07028e-28
-2.93755e-30
-1.02427e-32
-2.49045e-35
-2.57655e-38
1.61351e-41
6.87393e-44
6.17069e-45
1.06688e-47
8.67791e-51
0

0
3.64279e-28
-2.50139e-25
1.36413e-22
-5.30144e-20
1.09741e-17
1.74992e-19
1.45447e-21
8.88879e-24
4.2304e-26
1.61377e-28
5.27986e-31
1.56926e-33
7.54412e-36
2.90781e-38
7.86398e-41
1.50274e-43
3.50968e-46
5.69973e-48
7.2254e-51
4.2821e-54
0

0
-2.20947e-31
2.04662e-28
-1.48021e-25
7.58207e-23
-2.14128e-20
-2.6974e-22
-1.75703e-24
-8.27919e-27
-2.99378e-29
-8.4364e-32
-1.9441e-34
-3.94809e-37
-2.76976e-39
-1.67222e-41
-7.06123e-44
-1.66452e-46
4.297e-50
4.50972e-51
4.07584e-54
1.65761e-57
0

0
9.77459e-35
-1.37135e-31
1.3857e-28
-9.66605e-26
3.86585e-23
3.58977e-25
1.7524e-27
5.98767e-30
1.50536e-32
2.58616e-35
2.14789e-38
-3.63587e-41
3.41999e-43
5.87086e-45
4.15665e-47
1.09272e-49
1.79569e-52
3.21355e-54
1.864e-57
4.61997e-61
0

0
-1.38578e-38
6.18646e-35
-9.74474e-32
9.12985e-29
-4.43258e-26
-3.40927e-28
-1.27482e-30
-2.92227e-33
-3.5104e-36
3.65696e-39
3.16147e-41
1.0139e-43
2.39379e-46
-9.55578e-49
-1.79337e-50
-5.09929e-53
1.0946e-55
1.83686e-57
6.0591e-61
6.89099e-65
0

0
-2.32995e-41
-4.00451e-39
3.95146e-35
-5.43965e-32
2.87437e-29
1.98677e-31
5.36813e-34
4.26244e-37
-2.06546e-39
-1.04135e-41
-2.81422e-44
-6.0093e-47
-1.75779e-49
-2.52945e-52
5.38561e-54
1.65442e-56
9.24579e-59
7.38054e-61
1.03124e-64
0
0

0
2.34956e-44
-1.72724e-41
-8.17556e-40
1.69895e-35
-1.03688e-32
-6.03782e-35
-4.07199e-38
5.36639e-40
2.5262e-42
6.60724e-45
1.25707e-47
2.08115e-50
6.09402e-53
2.3341e-55
-7.62114e-58
-2.95464e-60
4.57117e-62
1.5069e-64
0
0
0

0
-1.17922e-47
1.37623e-44
-8.93119e-42
-1.13747e-42
1.88742e-36
1.52536e-39
-8.81121e-41
-4.5606e-43
-1.2673e-45
-2.40116e-48
-3.47449e-51
-4.54164e-54
-1.28199e-56
-8.01872e-59
-1.37962e-61
-5.28168e-65
1.1196e-65
0
0
0
0

0
3.74273e-51
-5.81884e-48
5.68921e-45
-2.60375e-42
2.73995e-41
6.95967e-42
5.74103e-44
1.88601e-46
3.8836e-49
5.60801e-52
6.18172e-55
6.21534e-58
1.64833e-60
1.48199e-62
7.19242e-65
9.44726e-68
0
0
0
0
0

0
0
0
0
0
0
0
0
0
0
0
0
0
0
0
0
0
0
0
0
0
0


0
0
0
0
0
0
0
0
0
0
0
0
0
0
0
0
0
0
0
0
0
0

0
1.97702e-14
-4.3172e-12
7.22163e-10
-8.7883e-08
7.36004e-06
3.05727e-07
7.70014e-09
1.42693e-10
2.06161e-12
2.41107e-14
2.36018e-16
2.09006e-18
1.5377e-20
9.65143e-23
5.37714e-25
2.5882e-27
1.08201e-29
3.66697e-32
1.00125e-34
2.30175e-37
0

0
5.5002e-16
-1.54223e-13
3.47617e-11
-6.22854e-09
9.02397e-07
2.02791e-08
3.37674e-10
4.60451e-12
5.1934e-14
4.97357e-16
4.11048e-18
3.20741e-20
1.98225e-22
1.05263e-24
4.93187e-27
1.94975e-29
6.75539e-32
1.9038e-34
4.30254e-37
8.36137e-40
0

0
4.5592e-18
-1.49222e-15
3.97431e-13
-8.76722e-11
1.76188e-08
2.61656e-10
3.39929e-12
3.91487e-14
3.83943e-16
3.31697e-18
2.50801e-20
1.85422e-22
9.76325e-25
4.39453e-27
1.70792e-29
5.6053e-32
1.6416e-34
4.01358e-37
7.51964e-40
1.22707e-42
0

0
8.80895e-21
-2.78739e-18
6.59045e-16
-1.45651e-13
7.58596e-11
3.70683e-13
3.90928e-15
5.78118e-17
6.64593e-19
6.68596e-21
5.51833e-23
4.66334e-25
2.05443e-27
7.52038e-30
2.23775e-32
5.75223e-35
1.50642e-37
3.22488e-40
4.48736e-43
6.00268e-46
0

0
-3.01779e-23
1.79775e-20
-8.82066e-18
3.32612e-15
-6.92665e-13
-9.85538e-15
-8.08215e-17
-5.08474e-19
-2.54298e-21
-7.95251e-24
2.33622e-27
4.19289e-28
1.44394e-30
3.47846e-33
4.04957e-36
-2.48487e-39
1.11751e-41
-5.22937e-44
-2.50651e-46
-2.83133e-49
0

0
-6.75252e-26
3.65309e-23
-1.65831e-20
6.29541e-18
-1.79031e-15
-1.65147e-17
-1.24046e-19
-8.36055e-22
-4.8679e-24
-2.31955e-26
-8.61633e-29
-2.04986e-31
-9.3377e-34
-3.84362e-36
-1.20995e-38
-3.28409e-41
-6.74839e-44
-3.70021e-46
-6.80382e-49
-5.88922e-52
0

0
7.76142e-29
-5.23138e-26
2.81581e-23
-1.1091e-20
2.33563e-18
3.39374e-20
2.68288e-22
1.56442e-24
7.2156e-27
2.5226e-29
6.07417e-32
-1.03743e-34
-3.00505e-37
-4.05503e-40
2.29029e-42
1.11715e-44
-1.61929e-47
-4.41591e-49
-6.49761e-52
-4.16548e-55
0

0
-4.74742e-32
4.15045e-29
-2.80975e-26
1.34677e-23
-3.31182e-21
-4.39487e-23
-2.97279e-25
-1.40908e-27
-5.09209e-30
-1.32189e-32
-2.01022e-35
8.49946e-38
4.31065e-40
2.19668e-42
7.08533e-45
1.69983e-47
5.52301e-51
-4.05402e-52
-4.3716e-55
-1.92531e-58
0

0
1.9374e-35
-2.40923e-32
2.15508e-29
-1.31947e-26
4.0877e-24
4.3729e-26
2.3773e-28
8.6615e-31
2.28473e-33
3.72542e-36
6.84476e-40
-3.02741e-41
-2.12777e-43
-1.67919e-45
-8.82509e-48
-2.41598e-50
-2.65449e-53
-3.29804e-55
-2.28454e-58
-6.11515e-62
0

0
-3.5377e-39
8.92693e-36
-1.08712e-32
7.63389e-30
-1.41704e-27
-2.41905e-29
-1.19662e-31
-3.30282e-34
-5.22666e-37
8.32798e-41
2.87266e-42
6.2588e-45
4.87445e-47
6.74579e-49
5.82665e-51
1.66057e-53
-4.19008e-57
-2.00025e-58
-8.10726e-62
-9.96448e-66
0

0
-4.27815e-43
-1.59404e-39
2.08216e-36
4.82381e-34
-4.55703e-30
-6.88842e-33
1.498e-35
6.70671e-38
8.91021e-41
-9.14032e-44
-4.3076e-46
2.33894e-48
9.2244e-51
-1.05735e-52
-2.46923e-54
-7.16523e-57
-9.23652e-60
-8.73124e-62
-1.51844e-65
0
0

0
-1.30042e-45
1.9454e-42
-9.79635e-40
-2.33577e-36
5.16595e-33
1.20963e-35
-9.26479e-39
-1.01144e-40
-2.98224e-43
-6.11429e-46
-1.11249e-48
-3.0375e-51
-1.20142e-53
-4.24063e-56
5.74657e-58
1.73672e-60
-4.38242e-63
-1.96602e-65
0
0
0

0
2.0719e-48
-3.14956e-45
2.98377e-42
-5.02024e-40
-1.82492e-36
1.12674e-39
3.8281e-41
1.44386e-43
3.31245e-46
5.66091e-49
8.03847e-52
1.31382e-54
4.51287e-57
3.20925e-59
2.13e-62
-5.28952e-65
-1.2613e-66
0
0
0
0

0
-1.21406e-51
2.24928e-48
-2.86723e-45
1.93422e-42
-9.59164e-41
-6.72474e-42
-3.55874e-44
-9.51654e-47
-1.72841e-49
-2.34898e-52
-2.57467e-55
-2.97743e-58
-8.93015e-61
-9.20709e-63
-5.01896e-65
-6.22071e-68
0
0
0
0
0

0
3.96737e-55
-9.10542e-52
1.44411e-48
-1.34359e-45
3.20096e-43
4.42839e-45
1.71734e-47
3.64221e-50
5.25696e-53
5.55538e-56
4.57491e-59
3.74334e-62
9.55827e-65
1.25087e-66
8.42557e-69
0
0
0
0
0
0

0
0
0
0
0
0
0
0
0
0
0
0
0
0
0
0
0
0
0
0
0
0


0
0
0
0
0
0
0
0
0
0
0
0
0
0
0
0
0
0
0
0
0
0

0
2.71045e-17
-7.05845e-15
1.43562e-12
-2.19587e-10
2.32234e-08
6.82105e-10
1.35897e-11
2.07512e-13
2.52739e-15
2.55636e-17
2.20678e-19
1.77882e-21
1.12693e-23
6.15645e-26
2.95196e-28
1.19795e-30
4.07802e-33
1.11383e-35
2.50647e-38
4.88892e-41
0

0
3.98162e-19
-1.26721e-16
3.24913e-14
-6.63982e-12
1.06599e-09
2.00768e-11
2.94631e-13
3.56288e-15
3.57297e-17
3.06979e-19
2.29736e-21
1.65485e-23
8.99098e-26
4.21707e-28
1.72344e-30
5.91522e-33
1.70279e-35
3.95829e-38
7.5005e-41
1.23282e-43
0

0
1.92435e-21
-6.9297e-19
2.01228e-16
-4.69347e-14
8.95997e-12
1.35993e-13
1.72848e-15
1.8457e-17
1.64474e-19
1.27239e-21
8.65454e-24
5.89452e-26
2.76398e-28
1.10557e-30
3.7771e-33
1.08332e-35
2.66108e-38
5.5805e-41
9.10927e-44
1.24872e-46
0

0
3.24015e-24
-1.40067e-21
5.07978e-19
-1.52384e-16
3.54891e-14
4.28058e-16
4.14549e-18
3.49558e-20
2.59814e-22
1.77319e-24
1.11677e-26
8.24142e-29
3.21722e-31
1.02805e-33
2.62523e-36
5.63461e-39
1.28022e-41
3.13468e-44
4.85998e-47
5.50606e-50
0

0
4.05901e-27
-2.45974e-24
1.27374e-21
-5.2484e-19
1.27079e-16
1.50924e-18
1.08962e-20
6.13886e-23
2.91521e-25
1.17745e-27
4.60783e-30
4.20312e-32
1.08792e-34
1.47437e-37
-2.12301e-40
-1.52977e-42
-1.46563e-45
8.68537e-48
1.75321e-50
1.46735e-53
0

0
5.14676e-30
-3.44732e-27
1.93278e-24
-8.73596e-22
2.49791e-19
2.34513e-21
1.50956e-23
7.87551e-26
3.33781e-28
9.51778e-31
6.46124e-34
-1.58037e-35
-7.6959e-38
-2.85766e-40
-7.27153e-43
-1.49396e-45
-1.17286e-48
1.06027e-50
1.83345e-53
1.16895e-56
0

0
-5.61472e-33
4.51971e-30
-2.88383e-27
1.34352e-24
-3.18234e-22
-4.06641e-24
-2.7021e-26
-1.28078e-28
-4.7004e-31
-1.22921e-33
-2.0617e-36
-9.7101e-39
-1.40275e-41
1.40896e-44
2.11282e-46
6.57625e-49
9.1227e-52
1.49514e-53
1.78243e-56
8.11521e-60
0

0
2.78264e-36
-2.91711e-33
2.30047e-30
-1.27365e-27
3.46461e-25
3.9962e-27
2.314e-29
9.10818e-32
2.67307e-34
5.43739e-37
7.9443e-40
6.07539e-42
2.10278e-44
1.12034e-46
4.53228e-49
1.12659e-51
1.39884e-54
1.42512e-56
1.13168e-59
3.20254e-63
0

0
-7.29734e-40
1.20992e-36
-1.26937e-33
8.67217e-31
-2.74555e-28
-2.68811e-30
-1.30005e-32
-3.98045e-35
-8.18058e-38
-8.77527e-41
-2.48467e-44
-1.33994e-45
-9.20034e-48
-9.4185e-50
-6.30314e-52
-1.63562e-54
-3.47927e-58
9.30861e-60
4.48607e-63
5.88057e-67
0

0
-3.25737e-44
-2.52127e-40
4.31699e-37
-3.65124e-34
1.20294e-31
1.09082e-33
4.44719e-36
9.44074e-39
6.18645e-42
-2.74893e-44
-8.1163e-47
5.9254e-50
1.93588e-51
3.76395e-53
4.13114e-55
1.04535e-57
5.76405e-61
4.46799e-63
9.26487e-67
0
0

0
1.56061e-46
-8.03829e-44
-5.08013e-41
1.83281e-37
-2.68376e-34
-5.929e-37
-4.76498e-40
2.46394e-42
1.32249e-44
3.60586e-47
6.46017e-50
1.38014e-52
3.59638e-55
-4.05384e-57
-1.48748e-58
-3.54902e-61
1.35556e-64
1.07967e-66
0
0
0

0
-1.98741e-49
2.80485e-46
-2.65546e-43
5.44205e-41
2.77106e-37
-2.20163e-40
-3.57851e-42
-1.21555e-44
-2.66506e-47
-4.45491e-50
-6.17411e-53
-1.13977e-55
-4.47826e-58
-3.48687e-60
1.51186e-62
3.61856e-65
5.26718e-68
0
0
0
0

0
1.70142e-52
-3.34264e-49
4.75981e-46
-3.96159e-43
4.60028e-41
1.56056e-42
6.32635e-45
1.47515e-47
2.44106e-50
3.13438e-53
3.36037e-56
4.37366e-59
1.52211e-61
1.85798e-63
9.66176e-66
1.08077e-68
0
0
0
0
0

0
-8.20614e-56
2.0488e-52
-3.70629e-49
4.24965e-46
-1.79193e-43
-1.60245e-45
-4.76417e-48
-8.77624e-51
-1.15779e-53
-1.1675e-56
-9.50584e-60
-8.59287e-63
-2.47685e-65
-3.75979e-67
-2.77755e-69
0
0
0
0
0
0

0
2.31548e-59
-7.33217e-56
1.64155e-52
-2.326e-49
1.13961e-46
8.3143e-49
2.03385e-51
3.05017e-54
3.19447e-57
2.45227e-60
1.44301e-63
8.60879e-67
1.87544e-69
2.70666e-71
0
0
0
0
0
0
0

0
0
0
0
0
0
0
0
0
0
0
0
0
0
0
0
0
0
0
0
0
0


0
0
0
0
0
0
0
0
0
0
0
0
0
0
0
0
0
0
0
0
0
0

0
1.66334e-20
-5.07238e-18
1.22163e-15
-2.24699e-13
2.8537e-11
6.6032e-13
1.08552e-14
1.4051e-16
1.47608e-18
1.31585e-20
1.01962e-22
7.41388e-25
4.10959e-27
1.96924e-29
8.18095e-32
2.80772e-34
7.60438e-37
1.61188e-39
2.87237e-42
4.62731e-45
0

0
1.39049e-22
-4.96827e-20
1.42285e-17
-3.20771e-15
5.30557e-13
9.119e-15
1.21516e-16
1.33394e-18
1.21454e-20
9.59618e-23
6.68633e-25
4.47346e-27
2.16286e-29
9.01084e-32
3.224e-34
9.42648e-37
2.11371e-39
3.62659e-42
5.19676e-45
6.92317e-48
0

0
3.14301e-25
-1.22106e-22
3.76022e-20
-9.35188e-18
1.97437e-15
2.42845e-17
2.8798e-19
3.03596e-21
2.65911e-23
2.0504e-25
1.39536e-27
9.44341e-30
3.99726e-32
1.43278e-34
4.30635e-37
1.04831e-39
1.8671e-42
2.40906e-45
2.35835e-48
2.40074e-51
0

0
-1.5375e-29
2.30738e-26
-1.26702e-23
2.75327e-21
1.01661e-18
-1.54822e-20
-2.16004e-22
-1.37785e-24
-4.08271e-27
2.85888e-29
4.99657e-31
5.82007e-33
2.07492e-35
5.79698e-38
1.21085e-40
1.96643e-43
1.85125e-46
-1.88197e-49
-8.19093e-52
-9.04835e-55
0

0
-5.29966e-31
3.08888e-28
-1.49781e-25
5.57258e-23
-1.06329e-20
-1.66106e-22
-1.34833e-24
-8.35736e-27
-4.34645e-29
-1.87273e-31
-6.74047e-34
-9.67846e-37
-5.02188e-39
-2.21146e-41
-7.51987e-44
-1.79712e-46
-2.67388e-49
-6.00791e-52
-8.1987e-55
-5.83417e-58
0

0
-2.81315e-34
1.99975e-31
-1.23754e-28
6.23332e-26
-1.78558e-23
-1.63225e-25
-8.98646e-28
-3.92012e-30
-1.46391e-32
-4.46562e-35
-1.30686e-37
-9.95053e-40
-2.69314e-42
-5.60413e-45
-7.47328e-48
-3.54813e-51
-2.71678e-55
-3.10018e-55
-4.04306e-58
-1.91287e-61
0

0
3.13623e-37
-2.61815e-34
1.75978e-31
-8.76726e-29
2.15558e-26
2.58705e-28
1.58614e-30
6.99659e-33
2.47968e-35
7.01681e-38
1.76867e-40
2.25226e-43
8.55262e-46
2.52825e-48
8.13657e-51
1.38841e-53
-3.10489e-57
-3.04814e-58
-2.74355e-61
-7.88732e-65
0

0
-1.27678e-40
1.38012e-37
-1.12859e-34
6.50862e-32
-1.7807e-29
-1.96547e-31
-1.08535e-33
-4.09952e-36
-1.1936e-38
-2.73031e-41
-5.71483e-44
2.96652e-47
1.30768e-49
2.81428e-51
1.92902e-53
4.39445e-56
1.01978e-59
-2.42079e-61
-1.32484e-64
-1.80092e-68
0

0
2.2866e-44
-4.13563e-41
4.53463e-38
-3.14288e-35
9.42596e-33
9.30869e-35
4.47068e-37
1.35229e-39
2.87031e-42
4.4682e-45
7.41584e-48
-1.88428e-50
-1.55039e-52
-3.04284e-54
-2.80369e-56
-5.94717e-59
-2.50017e-62
-1.31016e-64
-3.11463e-68
0
0

0
3.21036e-48
4.71318e-45
-1.05814e-41
9.22018e-39
-2.71976e-36
-2.64811e-38
-1.10681e-40
-2.35339e-43
-1.91771e-46
2.44599e-49
4.84478e-52
2.59827e-54
3.7119e-56
1.16551e-57
1.6711e-59
3.16061e-62
9.29183e-67
-3.35094e-68
0
0
0

0
-2.11861e-51
-7.61891e-49
3.94873e-45
-2.81726e-42
-3.24428e-39
9.26104e-42
5.37855e-44
1.10797e-46
9.79307e-50
9.43966e-54
8.86334e-56
1.67259e-57
8.67561e-60
-2.35421e-62
-4.15796e-63
-6.29117e-66
-1.45064e-69
0
0
0
0

0
-3.71849e-54
1.00767e-50
-1.81061e-47
1.87585e-44
-4.17987e-42
-7.70106e-44
-2.60673e-46
-5.24867e-49
-7.52558e-52
-8.74056e-55
-9.44079e-58
-1.7832e-60
-9.02211e-63
-1.45197e-64
-4.49538e-67
-5.15759e-70
0
0
0
0
0

0
5.1286e-57
-1.47857e-53
3.10265e-50
-4.21064e-47
2.69636e-44
1.72112e-46
4.26428e-49
6.92002e-52
8.20308e-55
7.63849e-58
6.04721e-61
6.5287e-64
2.53378e-66
4.91955e-68
3.63418e-70
0
0
0
0
0
0

0
-2.57271e-60
9.09732e-57
-2.32124e-53
3.8833e-50
-2.88042e-47
-1.5194e-49
-3.06192e-52
-4.0314e-55
-3.81108e-58
-2.73396e-61
-1.57858e-64
-1.06493e-67
-2.94532e-70
-5.14844e-72
0
0
0
0
0
0
0

0
6.6237e-64
-3.00768e-60
9.52899e-57
-1.93835e-53
1.51633e-50
7.24948e-53
1.21064e-55
1.28001e-58
9.44554e-62
5.01406e-65
1.96056e-68
7.55699e-72
1.15669e-74
0
0
0
0
0
0
0
0

0
0
0
0
0
0
0
0
0
0
0
0
0
0
0
0
0
0
0
0
0
0


0
0
0
0
0
0
0
0
0
0
0
0
0
0
0
0
0
0
0
0
0
0

0
5.19323e-24
-1.81666e-21
5.02368e-19
-1.05857e-16
1.47545e-14
2.96047e-16
4.23002e-18
4.82317e-20
4.50374e-22
3.63023e-24
2.58293e-26
1.68441e-28
8.24918e-31
3.47893e-33
1.25551e-35
3.63131e-38
7.68847e-41
1.23466e-43
1.69403e-46
2.19622e-49
0

0
2.54842e-26
-9.9957e-24
3.0873e-21
-7.28568e-19
1.1969e-16
1.9356e-18
2.46274e-20
2.55982e-22
2.18827e-24
1.63782e-26
1.09139e-28
6.72438e-31
2.91777e-33
1.08253e-35
3.40008e-38
8.4163e-41
1.44665e-43
1.81608e-46
1.94813e-49
2.03894e-52
0

0
1.79891e-29
-6.32485e-27
1.58141e-24
-3.45319e-22
1.09499e-19
4.41256e-22
6.12186e-24
1.18749e-25
1.42341e-27
1.35274e-29
1.05757e-31
7.44071e-34
2.89178e-36
9.34995e-39
2.4886e-41
5.07097e-44
6.26304e-47
5.09662e-50
3.30237e-53
2.26158e-56
0

0
-2.77563e-32
1.3758e-29
-5.06641e-27
1.29689e-24
-1.96135e-22
-3.65335e-24
-4.34305e-26
-3.79245e-28
-2.4779e-30
-1.21198e-32
-4.01531e-35
5.12175e-39
-1.50579e-42
-3.11006e-43
-1.941e-45
-6.06702e-48
-1.17251e-50
-9.46263e-54
-2.79522e-57
-2.36767e-60
0

0
1.7896e-35
-1.41645e-32
8.18626e-30
-3.1498e-27
4.79518e-25
1.02472e-26
8.4424e-29
4.41129e-31
1.56171e-33
2.25262e-36
-1.20043e-38
-1.05077e-40
-4.04624e-43
-1.24078e-45
-3.02162e-48
-5.19397e-51
-2.65285e-54
6.86161e-57
1.09316e-59
5.4084e-63
0

0
2.3044e-38
-1.43612e-35
7.58586e-33
-3.3315e-30
8.2441e-28
8.71883e-30
5.68051e-32
3.22274e-34
1.61427e-36
6.63252e-39
2.21346e-41
4.73041e-44
1.42077e-46
3.93769e-49
8.7379e-52
1.41861e-54
1.5237e-57
6.37646e-60
5.90112e-63
1.88326e-66
0

0
-1.61602e-41
1.30003e-38
-8.27817e-36
3.91487e-33
-8.96773e-31
-1.14115e-32
-7.44531e-35
-3.528e-37
-1.33295e-39
-3.90604e-42
-8.89256e-45
-1.45537e-47
-2.966e-50
-5.17619e-53
-3.42379e-56
-7.48294e-59
-6.75192e-63
3.82357e-63
2.28746e-66
3.19624e-70
0

0
4.96225e-45
-5.20043e-42
4.06083e-39
-2.22168e-36
5.57158e-34
6.55582e-36
3.85146e-38
1.53653e-40
4.64878e-43
1.05581e-45
1.79255e-48
3.19978e-51
5.78264e-54
6.27676e-56
5.83554e-58
1.00778e-60
3.94007e-64
2.30779e-66
6.11923e-70
0
0

0
-6.63555e-49
1.13599e-45
-1.18694e-42
7.67587e-40
-2.02444e-37
-2.22051e-39
-1.16624e-41
-3.79202e-44
-8.61563e-47
-1.39305e-49
-1.58773e-52
-4.1031e-55
-1.76784e-57
-6.16975e-59
-7.77161e-61
-1.17049e-63
-1.27792e-67
6.56886e-70
0
0
0

0
-7.51916e-53
-7.74563e-50
1.93089e-46
-1.58201e-43
3.97013e-41
4.49908e-43
2.12926e-45
5.06294e-48
5.80724e-51
3.56217e-55
-8.95944e-57
1.19236e-59
3.27446e-61
2.00033e-62
3.73866e-64
4.32194e-67
4.59393e-71
0
0
0
0

0
5.53412e-56
-4.96323e-53
4.91147e-50
-6.5943e-47
3.16343e-44
2.57041e-46
5.00749e-49
6.50263e-52
1.40074e-54
3.0654e-57
4.62983e-60
1.54714e-62
1.30805e-64
2.32597e-66
-3.69642e-68
-1.67311e-71
0
0
0
0
0

0
-7.20982e-59
2.25829e-55
-5.63636e-52
9.3682e-49
-8.01039e-46
-3.59812e-48
-7.9376e-51
-1.1381e-53
-1.20631e-56
-1.05021e-59
-8.53652e-63
-1.3594e-65
-9.59901e-68
-2.86828e-69
-1.92414e-71
0
0
0
0
0
0

0
9.16021e-62
-3.6519e-58
1.05963e-54
-2.02464e-51
2.14992e-48
8.4772e-51
1.49544e-53
1.75928e-56
1.50656e-59
1.00328e-62
5.59632e-66
4.40208e-69
1.94219e-71
4.75033e-73
0
0
0
0
0
0
0

0
-4.45045e-65
2.25081e-61
-8.02715e-58
1.86494e-54
-2.06174e-51
-7.50778e-54
-1.08308e-56
-1.02444e-59
-6.83118e-63
-3.32826e-66
-1.23945e-69
-5.2739e-73
-1.19234e-75
0
0
0
0
0
0
0
0

0
1.00445e-68
-6.7947e-65
3.09034e-61
-8.87543e-58
1.02754e-54
3.43323e-57
4.01314e-60
2.95273e-63
1.45502e-66
4.90132e-70
1.10961e-73
1.98255e-77
0
0
0
0
0
0
0
0
0

0
0
0
0
0
0
0
0
0
0
0
0
0
0
0
0
0
0
0
0
0
0


0
0
0
0
0
0
0
0
0
0
0
0
0
0
0
0
0
0
0
0
0
0

0
1.09576e-27
-4.30881e-25
1.32868e-22
-3.06904e-20
4.53179e-18
8.27195e-20
1.07903e-21
1.11564e-23
9.40603e-26
6.86921e-28
4.4558e-30
2.58768e-32
1.08375e-34
3.97129e-37
1.23883e-39
3.02898e-42
5.18306e-45
6.77857e-48
7.73699e-51
8.25461e-54
0

0
3.2624e-30
-1.38926e-27
4.56794e-25
-1.12587e-22
1.94283e-20
2.90044e-22
3.54178e-24
3.50919e-26
2.81165e-28
1.96532e-30
1.22853e-32
6.85202e-35
2.54871e-37
8.26455e-40
2.25413e-42
4.7044e-45
6.35505e-48
6.35798e-51
5.59291e-54
4.69884e-57
0

0
7.49501e-36
1.21981e-31
-8.35424e-29
2.46225e-26
-1.22475e-24
-7.78473e-26
-8.81691e-28
-4.39851e-30
3.91149e-33
3.27595e-34
3.91967e-36
3.06934e-38
1.00491e-40
2.82995e-43
6.41529e-46
1.02387e-48
6.12695e-52
-9.88964e-56
-4.18449e-58
-3.65141e-61
0

0
-2.16419e-37
-4.79132e-35
8.16413e-32
-2.93197e-29
-5.63358e-28
1.37662e-28
1.41236e-30
4.96511e-33
-1.63317e-35
-3.58389e-37
-2.58797e-39
-1.11666e-41
-3.9991e-44
-1.18348e-46
-2.83938e-49
-4.95285e-52
-4.94855e-55
-3.61776e-58
-2.26668e-61
-1.01086e-64
0

0
7.48525e-40
-2.12173e-37
-3.25531e-35
4.95714e-32
-5.77888e-30
-2.06634e-31
-8.86832e-34
3.94633e-36
6.50648e-38
3.99688e-40
1.39657e-42
2.21171e-45
4.33721e-48
7.38735e-51
9.67906e-54
1.99192e-56
6.52496e-59
-6.27314e-63
-3.16222e-65
-6.61911e-70
0

0
-1.28647e-42
8.50338e-40
-4.31131e-37
1.62216e-34
-3.11758e-32
-4.51664e-34
-3.67448e-36
-2.20026e-38
-9.89471e-41
-3.10356e-43
-6.08584e-46
-3.372e-49
7.20985e-52
4.63419e-54
1.36758e-56
1.75101e-59
-5.80235e-63
-6.82774e-65
-4.30416e-68
-6.38442e-72
0

0
5.58419e-46
-4.75121e-43
3.00402e-40
-1.34101e-37
2.72314e-35
3.9191e-37
2.75713e-39
1.30567e-41
4.49643e-44
1.04402e-46
1.39378e-49
-1.49826e-53
-4.03016e-55
-1.52707e-57
-3.14915e-60
-3.32871e-63
-1.83481e-66
-2.70972e-68
-8.10335e-72
0
0

0
-1.22323e-49
1.37234e-46
-1.06839e-43
5.54663e-41
-1.23224e-38
-1.6054e-40
-1.00299e-42
-3.9476e-45
-1.07087e-47
-1.83508e-50
-1.44138e-53
2.42135e-56
9.17031e-59
8.81989e-61
1.08381e-62
1.26746e-65
1.24408e-69
-8.36237e-72
0
0
0

0
1.02313e-53
-2.0739e-50
2.20019e-47
-1.33689e-44
3.0078e-42
3.75046e-44
2.12906e-46
6.77546e-49
1.3111e-51
1.24075e-54
-5.8124e-58
-5.63856e-60
-1.61731e-62
-7.30699e-64
-1.24933e-65
-1.14882e-68
-9.8727e-73
0
0
0
0

0
1.81828e-57
3.77052e-55
-2.26683e-51
1.83335e-48
-3.73647e-46
-5.01711e-48
-2.59278e-50
-5.5168e-53
-2.12072e-56
1.45539e-58
3.66237e-61
5.96452e-64
1.74324e-66
1.6695e-67
3.9884e-69
1.94541e-72
0
0
0
0
0

0
-6.81505e-61
4.91334e-58
2.51159e-55
-1.01322e-51
9.49321e-49
4.18855e-51
6.66105e-54
3.27154e-58
-2.46754e-59
-5.30813e-62
-5.78903e-65
-3.15547e-69
9.37601e-70
5.46937e-71
2.1301e-73
0
0
0
0
0
0

0
-3.46135e-64
2.49349e-60
-9.99943e-57
2.35929e-53
-2.97327e-50
-8.43378e-53
-1.25972e-55
-1.2597e-58
-8.66371e-62
-4.62029e-65
-2.46518e-68
-3.65652e-71
-4.65455e-73
-2.06173e-74
0
0
0
0
0
0
0

0
8.64013e-67
-5.11124e-63
2.10247e-59
-5.58737e-56
8.63649e-53
2.34138e-55
3.04189e-58
2.5707e-61
1.53124e-64
6.82585e-68
2.45918e-71
1.13069e-74
5.11804e-77
0
0
0
0
0
0
0
0

0
-4.24111e-70
3.21661e-66
-1.64159e-62
5.27621e-59
-8.46094e-56
-2.1798e-58
-2.26615e-61
-1.50553e-64
-6.78789e-68
-2.1137e-71
-4.45974e-75
-7.79365e-79
0
0
0
0
0
0
0
0
0

0
7.98125e-74
-8.62774e-70
5.85444e-66
-2.40417e-62
4.1003e-59
9.57018e-62
7.75945e-65
3.83959e-68
1.19388e-71
2.22742e-75
2.08706e-79
0
0
0
0
0
0
0
0
0
0

0
0
0
0
0
0
0
0
0
0
0
0
0
0
0
0
0
0
0
0
0
0


0
0
0
0
0
0
0
0
0
0
0
0
0
0
0
0
0
0
0
0
0
0

0
0
0
0
0
0
0
0
0
0
0
0
0
0
0
0
0
0
0
0
0
0

0
0
0
0
0
0
0
0
0
0
0
0
0
0
0
0
0
0
0
0
0
0

0
0
0
0
0
0
0
0
0
0
0
0
0
0
0
0
0
0
0
0
0
0

0
0
0
0
0
0
0
0
0
0
0
0
0
0
0
0
0
0
0
0
0
0

0
0
0
0
0
0
0
0
0
0
0
0
0
0
0
0
0
0
0
0
0
0

0
0
0
0
0
0
0
0
0
0
0
0
0
0
0
0
0
0
0
0
0
0

0
0
0
0
0
0
0
0
0
0
0
0
0
0
0
0
0
0
0
0
0
0

0
0
0
0
0
0
0
0
0
0
0
0
0
0
0
0
0
0
0
0
0
0

0
0
0
0
0
0
0
0
0
0
0
0
0
0
0
0
0
0
0
0
0
0

0
0
0
0
0
0
0
0
0
0
0
0
0
0
0
0
0
0
0
0
0
0

0
0
0
0
0
0
0
0
0
0
0
0
0
0
0
0
0
0
0
0
0
0

0
0
0
0
0
0
0
0
0
0
0
0
0
0
0
0
0
0
0
0
0
0

0
0
0
0
0
0
0
0
0
0
0
0
0
0
0
0
0
0
0
0
0
0

0
0
0
0
0
0
0
0
0
0
0
0
0
0
0
0
0
0
0
0
0
0

0
0
0
0
0
0
0
0
0
0
0
0
0
0
0
0
0
0
0
0
0
0

0
0
0
0
0
0
0
0
0
0
0
0
0
0
0
0
0
0
0
0
0
0


