0
0
0
0
0
0
0
0
0
0
0
0
0
0
0
0
0
0
0
0
0
0

0
-1.27944
-1.67902
-1.36591
-1.37469
-1.51433
-1.65538
-1.41532
-1.23535
-1.74455
-1.22402
-1.23554
-1.18804
-1.16118
-1.58492
-1.68729
-4.42765
-1.79241
-1.8941
-1.66231
-1.42024
0

0
-1.28156
1.5682
-1.19051
-1.41242
-1.3338
-1.6367
-1.46137
-1.55761
-1.74455
-1.24283
-1.20108
-0.2312
-1.24234
-1.54501
-1.74699
-2.87911
-2.46694
-1.88038
-1.61886
-1.38605
0

0
-1.24733
-1.63247
-1.29439
-1.40036
-1.67777
-1.17664
-1.34493
-1.60941
-1.54869
-1.2656
-1.202
-1.90179
-1.38959
-1.5314
-1.91925
2.90083
-1.64302
-1.81197
-1.61189
-1.38686
0

0
-1.24242
-1.53954
-1.25382
-1.37907
-1.46724
-1.32445
-1.35469
-1.27301
-1.4379
-1.26686
-1.22372
-1.4812
-1.65095
-1.51755
-1.77176
-1.32588
-2.0341
-1.79241
-1.60143
-1.38699
0

0
-1.23973
-1.42674
-1.47838
-1.39272
-1.59359
-1.39264
-1.35486
-1.45018
-1.3967
-1.26251
-1.24739
-1.18804
-1.41307
-1.49699
-3.19144
-1.65924
-2.12328
-1.70472
-1.58218
-1.38689
0

0
-1.23823
-1.37563
-1.41485
-1.38468
-1.67504
-1.43792
-1.35313
-1.6232
-1.3698
-1.26116
-1.23065
-1.27411
-1.42605
-1.64372
-1.43143
-1.54695
-2.18494
-2.3053
-1.58398
-1.38843
0

0
-1.23767
-1.35207
-1.38087
-1.37469
-1.71298
-1.47215
-1.34905
-1.66106
-1.33522
-1.25691
-1.22294
-1.23866
-1.38974
-1.69895
-1.859
-1.66965
-2.3425
-2.38228
-1.51546
-1.38803
0

0
-1.2377
-1.34042
-1.36297
-1.37939
-1.56606
-1.46137
-1.34357
-0.557858
-1.23794
-1.24775
-1.21436
-1.21798
-1.40237
-1.805
-2.12451
-1.74951
-2.54728
-2.45647
-1.44784
-1.39
0

0
-1.23807
-1.3338
-1.3515
-1.4247
-0.931859
-1.29786
-1.30654
-0.961389
-1.23818
-1.24283
-1.20503
-1.20292
-1.3861
-1.90966
-2.37329
-1.7678
-2.87727
-2.59191
-2.17936
-1.40338
0

0
-1.23867
-1.32925
-1.34277
-1.45717
0.0109462
-0.968918
-1.25925
-1.06474
-1.23535
-1.23919
-1.19437
-1.193
-0.959872
-2.03801
-2.37336
-1.54838
-0.934015
-2.3053
-2.02267
-1.40202
0

0
-1.23931
-1.32818
-1.33897
-1.38075
-1.25802
-1.28724
-1.28274
-1.09013
-1.23284
-1.2368
-1.18269
-1.18588
1.1431
-2.12436
-1.72801
-0.474857
-2.87971
-2.77907
-1.92164
-1.40203
0

0
-1.23922
-1.34575
-1.33206
-1.36403
-1.31726
-1.30363
-1.28474
-1.12533
-1.23699
-1.23106
-1.17565
-1.13762
-1.65095
-2.01703
-0.220304
0.991199
-3.11419
-2.97575
-1.85004
-1.40242
0

0
-1.23784
-1.39272
-1.35186
-1.3604
-1.40876
-1.32606
-1.28715
-1.39141
-1.25783
-1.22737
-1.16771
-1.11731
-1.26818
-0.947496
2.26624
2.67171
-3.19144
-3.18233
-1.78116
-1.40331
0

0
-1.24099
-1.31077
-1.33015
-1.36726
-1.51478
-1.34704
-1.29357
-1.30522
-1.25014
-1.21811
-1.16115
-1.09257
-1.05838
1.29483
-0.934015
3.90686
-3.38095
-3.42171
-1.70298
-1.40322
0

0
-1.22235
-1.30616
-1.30974
-1.35186
-1.61114
-1.34312
-1.27845
-1.25557
-1.2294
-1.19649
-1.14262
-1.06409
-0.945555
-0.86318
-1.00648
5.24462
-4.10921
-3.54665
-1.56782
-1.38539
0

0
0
0
0
0
0
0
0
0
0
0
0
0
0
0
0
0
0
0
0
0
0


0
0
0
0
0
0
0
0
0
0
0
0
0
0
0
0
0
0
0
0
0
0

0
-1.2782
-1.60498
-1.37388
-1.3875
-1.51379
-1.65787
-1.42719
-1.25423
-1.75271
-1.23759
-1.24483
-1.17826
-1.17538
-1.59113
-1.69605
-4.15563
-1.835
-1.90846
-1.67527
-1.43102
0

0
-1.27625
1.62412
-1.18539
-1.41504
-1.35449
-1.62495
-1.46156
-1.55427
-1.7182
-1.24863
-1.20665
-0.261565
-1.24318
-1.54605
-1.74946
-2.68754
-2.42569
-1.88647
-1.62529
-1.39136
0

0
-1.24156
-1.57228
-1.29967
-1.40379
-1.67104
-1.1956
-1.35106
-1.59947
-1.54801
-1.27066
-1.20658
-1.85182
-1.39595
-1.53384
-1.9221
3.01244
-1.61662
-1.82207
-1.6187
-1.3922
0

0
-1.23703
-1.53061
-1.26508
-1.38387
-1.47769
-1.3324
-1.35986
-1.28738
-1.44083
-1.27181
-1.22836
-1.47283
-1.63771
-1.52265
-1.79618
-1.35618
-2.03316
-1.80693
-1.6087
-1.3923
0

0
-1.23465
-1.42646
-1.47548
-1.39711
-1.59554
-1.39842
-1.35964
-1.45425
-1.4003
-1.2676
-1.25121
-1.19274
-1.41429
-1.5026
-2.99029
-1.66377
-2.12191
-1.73435
-1.59082
-1.39222
0

0
-1.23334
-1.37835
-1.41714
-1.38911
-1.67315
-1.44247
-1.35761
-1.61687
-1.37342
-1.26594
-1.23485
-1.27684
-1.42716
-1.64423
-1.48082
-1.56043
-2.18397
-2.28418
-1.59142
-1.39366
0

0
-1.23288
-1.35583
-1.38474
-1.37956
-1.70664
-1.47469
-1.35329
-1.62143
-1.33745
-1.26145
-1.22718
-1.24184
-1.39146
-1.69925
-1.8622
-1.67729
-2.33376
-2.37505
-1.52773
-1.39333
0

0
-1.23296
-1.34459
-1.36727
-1.38503
-1.55661
-1.4601
-1.34743
-0.581635
-1.24115
-1.25222
-1.21857
-1.2213
-1.40038
-1.7992
-2.11796
-1.75655
-2.5244
-2.45261
-1.48396
-1.3955
0

0
-1.23337
-1.33818
-1.35593
-1.42934
-0.925706
-1.29397
-1.31013
-0.973463
-1.24222
-1.24724
-1.20918
-1.20619
-1.36381
-1.90098
-2.35056
-1.76698
-2.82096
-2.58383
-2.15016
-1.40801
0

0
-1.23398
-1.33387
-1.34736
-1.45848
-0.00626413
-0.978208
-1.2644
-1.07232
-1.23954
-1.24355
-1.1985
-1.19635
-0.859318
-2.01696
-2.32897
-1.51088
-1.05167
-2.3396
-2.01701
-1.40692
0

0
-1.23462
-1.33335
-1.34361
-1.38448
-1.27804
-1.29408
-1.2878
-1.09832
-1.23732
-1.24091
-1.18705
-1.18841
1.11356
-2.07312
-1.65243
-0.378803
-2.74912
-2.76836
-1.92255
-1.40702
0

0
-1.23451
-1.35119
-1.3377
-1.3687
-1.32619
-1.3092
-1.28971
-1.14113
-1.24201
-1.23528
-1.17988
-1.13999
-1.62912
-1.93975
-0.0875272
1.16548
-3.0305
-2.96817
-1.85306
-1.40747
0

0
-1.23327
-1.3926
-1.35559
-1.36544
-1.41557
-1.33179
-1.29218
-1.38787
-1.26217
-1.23139
-1.17197
-1.11994
-1.24883
-0.821928
2.20274
2.89901
-3.02966
-3.16699
-1.78493
-1.40839
0

0
-1.23569
-1.31589
-1.33402
-1.37122
-1.51929
-1.3522
-1.29792
-1.30658
-1.25398
-1.22174
-1.16481
-1.09512
-1.04891
1.2874
-1.00415
4.21747
-3.06958
-3.38933
-1.70469
-1.40777
0

0
-1.21391
-1.30681
-1.31039
-1.35155
-1.60349
-1.34381
-1.2792
-1.2561
-1.23029
-1.19748
-1.14369
-1.06508
-0.945153
-0.882826
-1.01302
5.37048
-3.78808
-3.49296
-1.57663
-1.38629
0

0
0
0
0
0
0
0
0
0
0
0
0
0
0
0
0
0
0
0
0
0
0


0
0
0
0
0
0
0
0
0
0
0
0
0
0
0
0
0
0
0
0
0
0

0
-1.26945
-1.12093
-1.33904
-1.4506
-1.35318
-1.53104
-1.45023
-1.44768
-1.4735
-1.30604
-1.26249
-1.03545
-1.30458
-1.56867
-1.8
-2.6004
-2.12038
-1.94694
-1.70312
-1.44892
0

0
-1.2372
-0.419831
-1.2848
-1.39884
-1.63935
-1.50118
-1.39689
-1.42874
-1.51678
-1.27294
-1.22765
-1.04989
-1.29757
-1.53137
-1.76212
-2.35081
-1.9953
-1.87893
-1.64931
-1.40714
0

0
-1.23846
-1.13052
-1.30262
-1.40753
-1.57155
-1.42164
-1.41086
-1.4617
-1.50716
-1.28283
-1.23479
-1.23221
-1.35524
-1.53309
-1.84846
1.21248
-1.96403
-1.90879
-1.65061
-1.40795
0

0
-1.23858
-1.32121
-1.33599
-1.4047
-1.51983
-1.37533
-1.37936
-1.43423
-1.4502
-1.28688
-1.2431
-1.38759
-1.41854
-1.5413
-1.85904
-1.70615
-2.04939
-1.93289
-1.65062
-1.40842
0

0
-1.24001
-1.37517
-1.36674
-1.39857
-1.53431
-1.39875
-1.37258
-1.41175
-1.40096
-1.28478
-1.25168
-1.28618
-1.37929
-1.5558
-1.6525
-1.63195
-2.09868
-2.05064
-1.6542
-1.40903
0

0
-1.24119
-1.37307
-1.39912
-1.40172
-1.55914
-1.41753
-1.36699
-1.4245
-1.36763
-1.28017
-1.24758
-1.27516
-1.40507
-1.56002
-2.26268
-1.73124
-2.2009
-2.0983
-1.65057
-1.40958
0

0
-1.24212
-1.36472
-1.39085
-1.40047
-1.56832
-1.42544
-1.35831
-1.38072
-1.33597
-1.27468
-1.24046
-1.25599
-1.36859
-1.61746
-1.72046
-1.71863
-2.28687
-2.25358
-1.67709
-1.41153
0

0
-1.24301
-1.35858
-1.37967
-1.39999
-1.50708
-1.41481
-1.34455
-1.1597
-1.29827
-1.26794
-1.23247
-1.23351
-1.32361
-1.64431
-1.87691
-1.79721
-2.37198
-2.37744
-1.74605
-1.414
0

0
-1.24393
-1.35503
-1.37134
-1.40926
-1.10007
-1.33642
-1.32569
-1.08134
-1.26774
-1.26082
-1.22353
-1.2131
-1.24531
-1.67902
-2.01305
-1.83346
-2.34404
-2.43957
-1.80922
-1.41607
0

0
-1.24487
-1.35352
-1.36522
-1.42483
-0.248337
-1.16199
-1.30081
-1.13581
-1.26038
-1.25529
-1.21401
-1.19271
-1.00939
-1.69435
-2.02439
-1.63516
-2.78312
-2.69324
-1.9388
-1.42102
0

0
-1.24584
-1.35392
-1.36192
-1.39835
-1.44679
-1.3078
-1.30272
-1.17543
-1.25828
-1.25041
-1.20435
-1.17232
-0.434147
-1.71763
-1.46129
-0.887265
-2.93279
-2.77406
-1.92561
-1.42224
0

0
-1.2468
-1.35649
-1.36005
-1.38766
-1.39497
-1.33107
-1.30614
-1.21487
-1.25958
-1.24568
-1.19528
-1.15027
-1.0012
-1.60032
-0.11957
0.574484
-3.12304
-2.9449
-1.89465
-1.42358
0

0
-1.24748
-1.36167
-1.35839
-1.38549
-1.43795
-1.35069
-1.31068
-1.27499
-1.26423
-1.24057
-1.18706
-1.12828
-1.1397
-0.923677
1.13183
2.2301
-3.15946
-3.11028
-1.86263
-1.42514
0

0
-1.24554
-1.36329
-1.35209
-1.38654
-1.50538
-1.36816
-1.31315
-1.30556
-1.26563
-1.23325
-1.1774
-1.10557
-1.04047
0.203122
-1.32211
3.59435
-3.15908
-3.22463
-1.82317
-1.42403
0

0
-1.22414
-1.32166
-1.32693
-1.367
-1.54105
-1.35701
-1.29363
-1.26928
-1.24225
-1.20865
-1.15433
-1.07524
-0.959644
-0.866149
-1.01553
4.85257
-3.09453
-3.1875
-1.76633
-1.39946
0

0
0
0
0
0
0
0
0
0
0
0
0
0
0
0
0
0
0
0
0
0
0


0
0
0
0
0
0
0
0
0
0
0
0
0
0
0
0
0
0
0
0
0
0

0
-1.26543
-1.12129
-1.35224
-1.46891
-1.16511
-1.47357
-1.44949
-1.4594
-1.48477
-1.33121
-1.2805
-1.17326
-1.35063
-1.55836
-1.77573
-1.96355
-2.04988
-1.97958
-1.72985
-1.46465
0

0
-1.23197
-1.02314
-1.31778
-1.41059
-1.70335
-1.4775
-1.40854
-1.42025
-1.45117
-1.29495
-1.2476
-1.16584
-1.32185
-1.51945
-1.7261
-2.00975
-2.01349
-1.92388
-1.67635
-1.42216
0

0
-1.23622
-1.14167
-1.32563
-1.4084
-1.64856
-1.45576
-1.4087
-1.42811
-1.45226
-1.29814
-1.25197
-1.22222
-1.34633
-1.52282
-1.73507
-1.16412
-2.03617
-1.95214
-1.67993
-1.42279
0

0
-1.24065
-1.26332
-1.3446
-1.40828
-1.55179
-1.4198
-1.39696
-1.42335
-1.43034
-1.29961
-1.25674
-1.29512
-1.37234
-1.52649
-1.74197
-1.36518
-2.02867
-1.99483
-1.68598
-1.42332
0

0
-1.24487
-1.3311
-1.36222
-1.40663
-1.48822
-1.40757
-1.38511
-1.40265
-1.39905
-1.29772
-1.25982
-1.29801
-1.36891
-1.52833
-1.75257
-1.59267
-2.08622
-2.0573
-1.69514
-1.42401
0

0
-1.24828
-1.35779
-1.38146
-1.40693
-1.47906
-1.40821
-1.37615
-1.38392
-1.37029
-1.29337
-1.25821
-1.27071
-1.36161
-1.53158
-1.80544
-1.6886
-2.16073
-2.12094
-1.70923
-1.42494
0

0
-1.25084
-1.36555
-1.38808
-1.40658
-1.49018
-1.4091
-1.36673
-1.35126
-1.34452
-1.28774
-1.25248
-1.25875
-1.34043
-1.54026
-1.78943
-1.73637
-2.24496
-2.21714
-1.73753
-1.42647
0

0
-1.25283
-1.36705
-1.38613
-1.40428
-1.47417
-1.40307
-1.35536
-1.27945
-1.31916
-1.28125
-1.24513
-1.24052
-1.29389
-1.54333
-1.72048
-1.77495
-2.34545
-2.32908
-1.77783
-1.42826
0

0
-1.25447
-1.36704
-1.38218
-1.40408
-1.28064
-1.36804
-1.34211
-1.21258
-1.29562
-1.27433
-1.2367
-1.21994
-1.22182
-1.53493
-1.77262
-1.80463
-2.51806
-2.4629
-1.81884
-1.43017
0

0
-1.2559
-1.36696
-1.37849
-1.40926
-0.793741
-1.2867
-1.32704
-1.20872
-1.28281
-1.26802
-1.2276
-1.19808
-1.09594
-1.51902
-1.77318
-1.69628
-2.82126
-2.61283
-1.87726
-1.43327
0

0
-1.25722
-1.36711
-1.37593
-1.40196
-1.30094
-1.31172
-1.32071
-1.22717
-1.27751
-1.26243
-1.21825
-1.17606
-0.913639
-1.49523
-1.43411
-1.17786
-2.92796
-2.73083
-1.90831
-1.43577
0

0
-1.25844
-1.36761
-1.37415
-1.39851
-1.39514
-1.34427
-1.32242
-1.25055
-1.27608
-1.25726
-1.2091
-1.15618
-0.975165
-1.40044
-0.541323
0.00819336
-3.03088
-2.84446
-1.90982
-1.4377
0

0
-1.25932
-1.36901
-1.37218
-1.39841
-1.44059
-1.36444
-1.32582
-1.27758
-1.27691
-1.25209
-1.20026
-1.13648
-1.04624
-1.06587
0.289132
1.58278
-2.9634
-2.9302
-1.89957
-1.43939
0

0
-1.25741
-1.36737
-1.367
-1.39876
-1.48646
-1.37922
-1.32722
-1.2986
-1.27611
-1.24467
-1.18987
-1.11526
-1.02078
-0.57964
-1.06082
2.9172
-2.71835
-2.96035
-1.87714
-1.43778
0

0
-1.23512
-1.33714
-1.34139
-1.37754
-1.49934
-1.36593
-1.30667
-1.28055
-1.25415
-1.22017
-1.16555
-1.0856
-0.970711
-0.837522
-0.962226
4.00584
-2.53402
-2.95714
-1.81994
-1.412
0

0
0
0
0
0
0
0
0
0
0
0
0
0
0
0
0
0
0
0
0
0
0


0
0
0
0
0
0
0
0
0
0
0
0
0
0
0
0
0
0
0
0
0
0

0
-1.27141
-1.21108
-1.37306
-1.45552
-1.16399
-1.49475
-1.45812
-1.46053
-1.46742
-1.3499
-1.29974
-1.24624
-1.37276
-1.54635
-1.73253
-1.80827
-2.03878
-2.00688
-1.75405
-1.47961
0

0
-1.23836
-1.18028
-1.33782
-1.41129
-1.48543
-1.44854
-1.41508
-1.41884
-1.42762
-1.31235
-1.26554
-1.21878
-1.33788
-1.50686
-1.68626
-1.80131
-1.99715
-1.95105
-1.70039
-1.43661
0

0
-1.24214
-1.21708
-1.34444
-1.4058
-1.61024
-1.45938
-1.41347
-1.41819
-1.42495
-1.31283
-1.26796
-1.24339
-1.34657
-1.5075
-1.68353
-1.68623
-2.02479
-1.97521
-1.70515
-1.43716
0

0
-1.24705
-1.27517
-1.3555
-1.40652
-1.61532
-1.44405
-1.40633
-1.41269
-1.41346
-1.31237
-1.27028
-1.2752
-1.35527
-1.50617
-1.68316
-1.54342
-2.03699
-2.01271
-1.71353
-1.43768
0

0
-1.25217
-1.32301
-1.36793
-1.40852
-1.53413
-1.42483
-1.39644
-1.39851
-1.3947
-1.3101
-1.27113
-1.28751
-1.35407
-1.50205
-1.68431
-1.59801
-2.07227
-2.0608
-1.72586
-1.43842
0

0
-1.2567
-1.35213
-1.38029
-1.41005
-1.47529
-1.41421
-1.38696
-1.37988
-1.37384
-1.30598
-1.26922
-1.27469
-1.34196
-1.49512
-1.68565
-1.66197
-2.13259
-2.12237
-1.7435
-1.4394
0

0
-1.26038
-1.36696
-1.38838
-1.41047
-1.45344
-1.40876
-1.37775
-1.35589
-1.35362
-1.30057
-1.26433
-1.26196
-1.32037
-1.48558
-1.67604
-1.70318
-2.21429
-2.20048
-1.7677
-1.44067
0

0
-1.26328
-1.37388
-1.39115
-1.40935
-1.43396
-1.4021
-1.36808
-1.3214
-1.33431
-1.29435
-1.25756
-1.24649
-1.28231
-1.4701
-1.63025
-1.72804
-2.32427
-2.29716
-1.7974
-1.4422
0

0
-1.26561
-1.37708
-1.39087
-1.40769
-1.36177
-1.38557
-1.35785
-1.28451
-1.31661
-1.28774
-1.24958
-1.22784
-1.22624
-1.44484
-1.60495
-1.74056
-2.47172
-2.40637
-1.83019
-1.44401
0

0
-1.26754
-1.37864
-1.38948
-1.40753
-1.1981
-1.35289
-1.3475
-1.26856
-1.30387
-1.28132
-1.24084
-1.20722
-1.14902
-1.40857
-1.56222
-1.67415
-2.61025
-2.50851
-1.86601
-1.44633
0

0
-1.26919
-1.37947
-1.38801
-1.40658
-1.26607
-1.34038
-1.34021
-1.27081
-1.29656
-1.2754
-1.23174
-1.18601
-1.06112
-1.35729
-1.35135
-1.32708
-2.70306
-2.60198
-1.89597
-1.44878
0

0
-1.27063
-1.38003
-1.3867
-1.40628
-1.3733
-1.358
-1.33903
-1.28146
-1.29303
-1.26995
-1.22262
-1.16585
-1.03185
-1.26547
-0.827993
-0.444319
-2.69241
-2.67128
-1.91164
-1.451
0

0
-1.27166
-1.38045
-1.38512
-1.40785
-1.42986
-1.37554
-1.34066
-1.2956
-1.29168
-1.26464
-1.21355
-1.1464
-1.03412
-1.0778
-0.311324
0.944212
-2.53568
-2.71701
-1.91585
-1.45277
0

0
-1.26982
-1.37752
-1.38056
-1.40813
-1.46908
-1.38801
-1.34068
-1.30721
-1.28889
-1.25712
-1.20275
-1.12594
-1.01458
-0.839843
-0.790504
2.20676
-2.2988
-2.74619
-1.90761
-1.45091
0

0
-1.24719
-1.35126
-1.35482
-1.38604
-1.47167
-1.37311
-1.31919
-1.2916
-1.26654
-1.23245
-1.17765
-1.09667
-0.979776
-0.835272
-0.831055
3.05672
-2.14381
-2.73214
-1.8634
-1.42446
0

0
0
0
0
0
0
0
0
0
0
0
0
0
0
0
0
0
0
0
0
0
0


0
0
0
0
0
0
0
0
0
0
0
0
0
0
0
0
0
0
0
0
0
0

0
-1.28323
-1.28555
-1.39304
-1.40448
-1.356
-1.57566
-1.47279
-1.4616
-1.45685
-1.3649
-1.31761
-1.28792
-1.38509
-1.53472
-1.69538
-1.76959
-2.03147
-2.02427
-1.77435
-1.49382
0

0
-1.24974
-1.25567
-1.35547
-1.38516
-1.28189
-1.46684
-1.42333
-1.41927
-1.41623
-1.32686
-1.28224
-1.2548
-1.34834
-1.49457
-1.65082
-1.74095
-1.98308
-1.96628
-1.72036
-1.4504
0

0
-1.25308
-1.27485
-1.3604
-1.40027
-1.21589
-1.4291
-1.41755
-1.41626
-1.41293
-1.3264
-1.28334
-1.265
-1.34999
-1.49267
-1.64667
-1.72691
-2.00377
-1.98556
-1.72547
-1.45096
0

0
-1.25752
-1.30444
-1.36799
-1.40673
-1.30765
-1.42433
-1.41237
-1.41023
-1.40508
-1.32499
-1.284
-1.27846
-1.35043
-1.48745
-1.63936
-1.66177
-2.02517
-2.01678
-1.73447
-1.4515
0

0
-1.26248
-1.33437
-1.37702
-1.41018
-1.41541
-1.42389
-1.40554
-1.39967
-1.39285
-1.32238
-1.2835
-1.28517
-1.34556
-1.47836
-1.62934
-1.63969
-2.05429
-2.05829
-1.74751
-1.45224
0

0
-1.26724
-1.3575
-1.38599
-1.41292
-1.4456
-1.41974
-1.39765
-1.38528
-1.37806
-1.3184
-1.28105
-1.27918
-1.33245
-1.46469
-1.61467
-1.6521
-2.1
-2.11128
-1.76473
-1.45318
0

0
-1.27139
-1.37265
-1.39312
-1.41462
-1.44047
-1.41449
-1.38947
-1.3678
-1.36263
-1.31329
-1.27642
-1.26789
-1.31093
-1.44578
-1.59153
-1.66534
-2.16265
-2.17571
-1.78598
-1.45434
0

0
-1.27483
-1.38168
-1.39734
-1.41496
-1.42652
-1.40837
-1.38112
-1.34683
-1.34755
-1.30742
-1.27006
-1.25374
-1.27866
-1.4199
-1.54888
-1.66766
-2.23914
-2.25047
-1.81064
-1.45573
0

0
-1.27764
-1.38685
-1.3991
-1.41427
-1.39705
-1.39876
-1.37272
-1.32507
-1.33365
-1.30115
-1.26247
-1.23678
-1.23458
-1.38465
-1.49597
-1.65413
-2.31868
-2.32888
-1.83755
-1.45739
0

0
-1.27996
-1.38978
-1.39938
-1.41348
-1.34404
-1.38359
-1.36468
-1.31065
-1.32242
-1.29489
-1.25407
-1.21773
-1.17967
-1.33769
-1.42079
-1.58815
-2.38092
-2.40205
-1.8652
-1.45938
0

0
-1.28191
-1.39148
-1.39898
-1.41322
-1.32865
-1.37131
-1.35828
-1.30631
-1.31463
-1.28893
-1.24523
-1.19766
-1.12071
-1.27465
-1.25764
-1.34361
-2.4142
-2.46676
-1.89071
-1.4616
0

0
-1.28357
-1.39251
-1.39829
-1.41395
-1.37732
-1.37579
-1.35546
-1.30915
-1.30986
-1.28339
-1.23624
-1.17772
-1.07704
-1.18424
-0.934945
-0.710473
-2.37785
-2.51738
-1.9099
-1.46382
0

0
-1.28476
-1.39294
-1.39718
-1.41592
-1.42291
-1.387
-1.3553
-1.3158
-1.30704
-1.27801
-1.22717
-1.15822
-1.04939
-1.05055
-0.592511
0.392562
-2.23839
-2.55527
-1.92153
-1.46563
0

0
-1.28303
-1.38995
-1.39305
-1.41601
-1.45615
-1.39612
-1.35382
-1.32111
-1.3028
-1.27042
-1.21623
-1.13799
-1.02157
-0.900907
-0.651946
1.53059
-2.01922
-2.57752
-1.92165
-1.46366
0

0
-1.26028
-1.36482
-1.36739
-1.39347
-1.45374
-1.37963
-1.33136
-1.30351
-1.27955
-1.24549
-1.19061
-1.10863
-0.989201
-0.839083
-0.690833
2.17949
-1.87604
-2.56102
-1.88413
-1.43683
0

0
0
0
0
0
0
0
0
0
0
0
0
0
0
0
0
0
0
0
0
0
0


0
0
0
0
0
0
0
0
0
0
0
0
0
0
0
0
0
0
0
0
0
0

0
-1.29828
-1.33854
-1.40945
-1.43638
-1.39281
-1.50403
-1.47127
-1.46332
-1.45285
-1.37829
-1.33403
-1.31517
-1.3938
-1.52499
-1.66719
-1.75801
-2.02201
-2.03264
-1.79033
-1.50724
0

0
-1.26417
-1.30488
-1.37154
-1.39552
-1.35639
-1.46481
-1.43029
-1.42179
-1.41217
-1.33991
-1.29784
-1.28019
-1.35614
-1.48426
-1.62295
-1.71951
-1.96971
-1.97337
-1.73615
-1.46351
0

0
-1.26713
-1.3166
-1.37553
-1.40161
-1.33728
-1.44548
-1.42615
-1.41882
-1.40937
-1.33923
-1.29818
-1.28394
-1.35473
-1.48062
-1.61773
-1.71739
-1.98486
-1.98893
-1.7413
-1.46417
0

0
-1.27101
-1.33365
-1.38115
-1.4081
-1.34942
-1.43203
-1.42071
-1.41321
-1.40346
-1.3375
-1.29782
-1.28868
-1.35102
-1.47269
-1.60665
-1.69127
-2.00437
-2.01497
-1.75019
-1.46476
0

0
-1.27548
-1.35254
-1.38792
-1.41326
-1.38697
-1.42703
-1.41472
-1.40482
-1.3947
-1.33475
-1.29643
-1.29033
-1.3432
-1.46012
-1.58998
-1.66299
-2.02837
-2.0503
-1.76281
-1.46551
0

0
-1.28
-1.36939
-1.39482
-1.41713
-1.417
-1.42433
-1.4081
-1.39382
-1.38383
-1.3309
-1.29352
-1.28552
-1.32927
-1.44213
-1.56663
-1.64648
-2.06001
-2.09429
-1.77885
-1.46642
0

0
-1.28415
-1.38231
-1.40081
-1.4198
-1.4284
-1.42102
-1.40106
-1.38079
-1.37194
-1.32609
-1.28892
-1.27565
-1.30839
-1.41786
-1.53393
-1.63256
-2.09899
-2.14576
-1.79789
-1.4675
0

0
-1.28777
-1.39129
-1.40515
-1.42123
-1.42662
-1.41653
-1.39384
-1.36629
-1.35996
-1.32057
-1.28282
-1.26253
-1.27967
-1.38605
-1.48643
-1.60983
-2.14029
-2.20237
-1.81934
-1.46879
0

0
-1.29082
-1.39718
-1.40775
-1.42156
-1.41527
-1.41023
-1.38668
-1.35175
-1.34869
-1.31465
-1.27556
-1.24681
-1.24274
-1.34492
-1.42198
-1.56845
-2.17541
-2.25994
-1.84238
-1.47032
0

0
-1.29338
-1.40092
-1.40898
-1.42132
-1.39541
-1.40174
-1.37995
-1.34035
-1.33898
-1.30864
-1.26748
-1.22906
-1.19869
-1.29231
-1.33227
-1.48411
-2.19611
-2.31438
-1.86588
-1.47211
0

0
-1.29554
-1.40328
-1.40935
-1.42126
-1.38176
-1.39394
-1.37437
-1.33423
-1.33148
-1.30283
-1.25893
-1.21009
-1.15114
-1.2249
-1.18794
-1.2831
-2.19343
-2.3632
-1.88837
-1.47415
0

0
-1.29739
-1.40479
-1.40922
-1.42206
-1.39749
-1.39345
-1.37094
-1.33308
-1.3262
-1.29735
-1.25018
-1.19071
-1.10691
-1.13745
-0.956969
-0.823203
-2.14491
-2.40464
-1.90788
-1.47631
0

0
-1.29877
-1.40549
-1.40855
-1.42376
-1.42519
-1.3991
-1.36949
-1.33519
-1.3225
-1.29202
-1.24128
-1.1714
-1.06896
-1.02677
-0.698357
-0.00441744
-2.02144
-2.43738
-1.92277
-1.47814
0

0
-1.29719
-1.40276
-1.40478
-1.42338
-1.44961
-1.40445
-1.36673
-1.3363
-1.3173
-1.28449
-1.23043
-1.15131
-1.03446
-0.911781
-0.601894
0.950065
-1.83451
-2.45632
-1.92772
-1.47618
0

0
-1.27443
-1.37803
-1.37928
-1.40052
-1.44305
-1.38618
-1.34337
-1.31626
-1.29321
-1.25933
-1.20447
-1.12166
-1.00002
-0.842327
-0.589978
1.47681
-1.70319
-2.43736
-1.89489
-1.44916
0

0
0
0
0
0
0
0
0
0
0
0
0
0
0
0
0
0
0
0
0
0
0


0
0
0
0
0
0
0
0
0
0
0
0
0
0
0
0
0
0
0
0
0
0

0
-1.31522
-1.37612
-1.4252
-1.44698
-1.41444
-1.49686
-1.47755
-1.468
-1.45415
-1.39095
-1.34919
-1.33498
-1.40137
-1.51833
-1.64749
-1.75231
-2.01135
-2.03476
-1.80216
-1.51981
0

0
-1.28057
-1.34015
-1.38659
-1.40659
-1.37958
-1.45667
-1.43624
-1.4265
-1.41342
-1.35234
-1.31248
-1.29917
-1.36318
-1.4771
-1.60287
-1.70839
-1.95714
-1.97538
-1.74812
-1.4759
0

0
-1.28335
-1.34804
-1.39002
-1.40993
-1.37814
-1.45063
-1.43421
-1.42421
-1.41133
-1.3518
-1.31254
-1.30022
-1.36052
-1.47247
-1.59668
-1.70602
-1.96843
-1.9887
-1.7534
-1.47681
0

0
-1.28678
-1.35904
-1.39449
-1.41455
-1.38135
-1.44164
-1.42992
-1.41945
-1.40671
-1.35006
-1.31163
-1.30085
-1.35481
-1.46288
-1.58342
-1.69038
-1.98357
-2.01088
-1.76202
-1.47751
0

0
-1.29074
-1.37169
-1.3998
-1.41925
-1.39587
-1.43549
-1.42463
-1.41257
-1.39994
-1.34733
-1.30971
-1.2994
-1.34529
-1.44811
-1.56302
-1.66524
-2.00149
-2.041
-1.77398
-1.47829
0

0
-1.29484
-1.38395
-1.40529
-1.4233
-1.4132
-1.43184
-1.41876
-1.4038
-1.39147
-1.34364
-1.30649
-1.29412
-1.33076
-1.42746
-1.53449
-1.6373
-2.02186
-2.0778
-1.78889
-1.47917
0

0
-1.29876
-1.39436
-1.41029
-1.42639
-1.4249
-1.42881
-1.41252
-1.39361
-1.38197
-1.33909
-1.30187
-1.28492
-1.31045
-1.40011
-1.49576
-1.6054
-2.04325
-2.11974
-1.80626
-1.48018
0

0
-1.30228
-1.4024
-1.41427
-1.42838
-1.42884
-1.42526
-1.40612
-1.38262
-1.37216
-1.33388
-1.29594
-1.27262
-1.28389
-1.36494
-1.44319
-1.5624
-2.0618
-2.16476
-1.82557
-1.48138
0

0
-1.30535
-1.40819
-1.41702
-1.42934
-1.42609
-1.4207
-1.39979
-1.37178
-1.36271
-1.32829
-1.28895
-1.25783
-1.25101
-1.32055
-1.37275
-1.49819
-2.07225
-2.21036
-1.84614
-1.48279
0

0
-1.30797
-1.41219
-1.41865
-1.4296
-1.41859
-1.41519
-1.39386
-1.36259
-1.35424
-1.32257
-1.28119
-1.24111
-1.21259
-1.26519
-1.27763
-1.39416
-2.06922
-2.25433
-1.8672
-1.48445
0

0
-1.31023
-1.4149
-1.41944
-1.42973
-1.41222
-1.41012
-1.38881
-1.35638
-1.34726
-1.31698
-1.27296
-1.22308
-1.17057
-1.19667
-1.14325
-1.20625
-2.04545
-2.29501
-1.88782
-1.48637
0

0
-1.31221
-1.41674
-1.41968
-1.43039
-1.41739
-1.40844
-1.3852
-1.35345
-1.34192
-1.31169
-1.26452
-1.2044
-1.12801
-1.11266
-0.955369
-0.848624
-1.98732
-2.33128
-1.90695
-1.48848
0

0
-1.31377
-1.41774
-1.41934
-1.43164
-1.43261
-1.4108
-1.38301
-1.35302
-1.33784
-1.30656
-1.25594
-1.18556
-1.08728
-1.01392
-0.740292
-0.241592
-1.87699
-2.36153
-1.92319
-1.49037
0

0
-1.31242
-1.41535
-1.41591
-1.43074
-1.44862
-1.41309
-1.37936
-1.35155
-1.33216
-1.29923
-1.24539
-1.16579
-1.04941
-0.914768
-0.592116
0.510952
-1.72109
-2.37989
-1.9308
-1.48853
0

0
-1.28974
-1.39091
-1.39065
-1.40761
-1.43809
-1.39319
-1.35535
-1.32969
-1.30753
-1.274
-1.2193
-1.13587
-1.01242
-0.846395
-0.536416
0.964206
-1.60013
-2.35933
-1.90091
-1.46154
0

0
0
0
0
0
0
0
0
0
0
0
0
0
0
0
0
0
0
0
0
0
0


0
0
0
0
0
0
0
0
0
0
0
0
0
0
0
0
0
0
0
0
0
0

0
-1.33322
-1.40293
-1.43938
-1.4579
-1.43444
-1.49861
-1.48537
-1.47481
-1.4594
-1.40314
-1.36316
-1.35034
-1.40891
-1.51541
-1.6357
-1.74839
-2.00104
-2.03251
-1.80994
-1.53138
0

0
-1.29846
-1.36617
-1.40067
-1.41802
-1.39683
-1.45745
-1.44395
-1.43346
-1.4188
-1.36462
-1.3264
-1.31438
-1.37055
-1.47384
-1.59039
-1.70123
-1.94632
-1.97426
-1.75664
-1.48764
0

0
-1.30131
-1.37233
-1.404
-1.4208
-1.39948
-1.45556
-1.44299
-1.43194
-1.41744
-1.36446
-1.32657
-1.31454
-1.3676
-1.46887
-1.58365
-1.69732
-1.95567
-1.98699
-1.76247
-1.48903
0

0
-1.30443
-1.38035
-1.4078
-1.42422
-1.40268
-1.45044
-1.43968
-1.42793
-1.41365
-1.36286
-1.32545
-1.31337
-1.36105
-1.45841
-1.56913
-1.68322
-1.96744
-2.00694
-1.77095
-1.48988
0

0
-1.30795
-1.3896
-1.41216
-1.42804
-1.4101
-1.44527
-1.43507
-1.42206
-1.40803
-1.36024
-1.32325
-1.31031
-1.35071
-1.44245
-1.54667
-1.65909
-1.98078
-2.03377
-1.78242
-1.49068
0

0
-1.3116
-1.39895
-1.41666
-1.43163
-1.42018
-1.44125
-1.42972
-1.41464
-1.40095
-1.35669
-1.31986
-1.30446
-1.33588
-1.42037
-1.51524
-1.62653
-1.99426
-2.06622
-1.79652
-1.49153
0

0
-1.31515
-1.40737
-1.42084
-1.43455
-1.42892
-1.43792
-1.42396
-1.40612
-1.39292
-1.35236
-1.31523
-1.29552
-1.31599
-1.3914
-1.473
-1.5847
-2.00595
-2.10285
-1.81282
-1.49248
0

0
-1.31842
-1.41429
-1.42431
-1.43657
-1.43376
-1.43453
-1.41804
-1.39705
-1.3845
-1.34742
-1.30944
-1.28379
-1.29074
-1.35454
-1.41703
-1.52847
-2.0128
-2.14199
-1.8308
-1.49358
0

0
-1.32133
-1.41961
-1.42685
-1.43767
-1.43431
-1.43066
-1.41219
-1.38815
-1.37625
-1.34211
-1.30269
-1.26973
-1.26017
-1.3086
-1.34344
-1.4487
-2.01086
-2.18193
-1.84991
-1.49489
0

0
-1.32386
-1.42348
-1.42848
-1.43808
-1.43179
-1.42639
-1.4067
-1.38033
-1.36868
-1.33667
-1.29522
-1.25383
-1.2248
-1.25224
-1.24679
-1.33016
-1.99549
-2.22113
-1.86953
-1.49643
0

0
-1.32608
-1.42624
-1.42936
-1.43823
-1.42937
-1.42257
-1.40193
-1.37443
-1.3622
-1.33133
-1.28732
-1.23662
-1.18585
-1.18404
-1.11893
-1.14436
-1.96062
-2.25839
-1.88904
-1.49825
0

0
-1.3281
-1.42821
-1.42974
-1.43866
-1.43196
-1.42068
-1.39828
-1.37084
-1.35703
-1.32629
-1.27926
-1.21868
-1.14504
-1.10314
-0.953331
-0.841266
-1.8975
-2.2928
-1.90779
-1.50034
0

0
-1.32981
-1.42944
-1.4296
-1.4395
-1.44093
-1.42143
-1.39573
-1.36921
-1.35293
-1.32147
-1.27111
-1.20048
-1.10421
-1.01153
-0.7634
-0.369567
-1.79658
-2.323
-1.92467
-1.50236
0

0
-1.32876
-1.42741
-1.4265
-1.4382
-1.45125
-1.42181
-1.39165
-1.36644
-1.34722
-1.31456
-1.26107
-1.18129
-1.06524
-0.920574
-0.601492
0.218758
-1.66341
-2.34258
-1.93385
-1.50082
0

0
-1.30636
-1.40341
-1.40164
-1.41503
-1.43779
-1.4009
-1.36741
-1.34366
-1.3225
-1.28953
-1.23515
-1.15136
-1.02649
-0.853402
-0.517915
0.614928
-1.54994
-2.32152
-1.90597
-1.47418
0

0
0
0
0
0
0
0
0
0
0
0
0
0
0
0
0
0
0
0
0
0
0


0
0
0
0
0
0
0
0
0
0
0
0
0
0
0
0
0
0
0
0
0
0

0
-1.34992
-1.42034
-1.45077
-1.4674
-1.44746
-1.50457
-1.49332
-1.48226
-1.46649
-1.41374
-1.37481
-1.36172
-1.41608
-1.51606
-1.63121
-1.74644
-1.99276
-2.02747
-1.81346
-1.54086
0

0
-1.31595
-1.38427
-1.41289
-1.42858
-1.40997
-1.46359
-1.4525
-1.44164
-1.42659
-1.37603
-1.33882
-1.32652
-1.37827
-1.47467
-1.58553
-1.69776
-1.93873
-1.97122
-1.76162
-1.49803
0

0
-1.31899
-1.38997
-1.41641
-1.43158
-1.41337
-1.46282
-1.45212
-1.44073
-1.42581
-1.37632
-1.3393
-1.32666
-1.37548
-1.46978
-1.57862
-1.69284
-1.9479
-1.98465
-1.76828
-1.49995
0

0
-1.32192
-1.3967
-1.41988
-1.43454
-1.4169
-1.45917
-1.44927
-1.43716
-1.42247
-1.37487
-1.33815
-1.32489
-1.36871
-1.45902
-1.56352
-1.67834
-1.95841
-2.00403
-1.77689
-1.50093
0

0
-1.32508
-1.40434
-1.42366
-1.43773
-1.42244
-1.45474
-1.44502
-1.4318
-1.41738
-1.37234
-1.33585
-1.32119
-1.3581
-1.4426
-1.54015
-1.65406
-1.96995
-2.02969
-1.78819
-1.50175
0

0
-1.32834
-1.41211
-1.42751
-1.44076
-1.42956
-1.45065
-1.43993
-1.42503
-1.41096
-1.3689
-1.33239
-1.31505
-1.34322
-1.41999
-1.50745
-1.61978
-1.98102
-2.06063
-1.80196
-1.50256
0

0
-1.33152
-1.41926
-1.43106
-1.44323
-1.43611
-1.44698
-1.43438
-1.4173
-1.40367
-1.36472
-1.32779
-1.30624
-1.32363
-1.39046
-1.46365
-1.5738
-1.98958
-2.09551
-1.81779
-1.50344
0

0
-1.33447
-1.42531
-1.43401
-1.4449
-1.44018
-1.44335
-1.42865
-1.40912
-1.39599
-1.35998
-1.32212
-1.29489
-1.29913
-1.35306
-1.40609
-1.51122
-1.99278
-2.13289
-1.8352
-1.50447
0

0
-1.3371
-1.43006
-1.43617
-1.44575
-1.44122
-1.43947
-1.42297
-1.40112
-1.38841
-1.35488
-1.31557
-1.28136
-1.26978
-1.30674
-1.33126
-1.42329
-1.98691
-2.17127
-1.85365
-1.50568
0

0
-1.33941
-1.4336
-1.43754
-1.44595
-1.44009
-1.43545
-1.41763
-1.39399
-1.38137
-1.34965
-1.30834
-1.26607
-1.23603
-1.25038
-1.23467
-1.29622
-1.96749
-2.20931
-1.87262
-1.50711
0

0
-1.34147
-1.43616
-1.43825
-1.44587
-1.43905
-1.43195
-1.41294
-1.38837
-1.37525
-1.34452
-1.30072
-1.24951
-1.19881
-1.18305
-1.11105
-1.10849
-1.929
-2.24598
-1.89159
-1.50883
0

0
-1.34339
-1.43804
-1.43852
-1.44598
-1.44112
-1.42995
-1.40923
-1.38464
-1.37028
-1.33971
-1.29298
-1.23223
-1.15938
-1.10455
-0.957477
-0.829105
-1.86496
-2.28054
-1.91013
-1.51088
0

0
-1.34515
-1.43935
-1.43841
-1.44647
-1.44773
-1.43003
-1.40655
-1.38262
-1.36636
-1.33522
-1.28529
-1.21471
-1.11931
-1.01728
-0.783036
-0.430878
-1.77028
-2.31197
-1.92741
-1.51303
0

0
-1.34445
-1.43771
-1.43564
-1.44502
-1.45543
-1.42965
-1.40248
-1.37954
-1.36099
-1.32888
-1.27591
-1.1963
-1.08057
-0.930821
-0.621708
0.0500045
-1.65132
-2.33365
-1.9377
-1.51197
0

0
-1.32272
-1.41448
-1.41151
-1.42225
-1.44079
-1.40863
-1.37862
-1.35686
-1.33679
-1.30452
-1.25065
-1.16688
-1.04125
-0.86406
-0.523496
0.404978
-1.5436
-2.31342
-1.91142
-1.48613
0

0
0
0
0
0
0
0
0
0
0
0
0
0
0
0
0
0
0
0
0
0
0


0
0
0
0
0
0
0
0
0
0
0
0
0
0
0
0
0
0
0
0
0
0

0
-1.35038
-1.41047
-1.4406
-1.45701
-1.43712
-1.49411
-1.48268
-1.47171
-1.45602
-1.40353
-1.36494
-1.35208
-1.40637
-1.50583
-1.62023
-1.73475
-1.9793
-2.01232
-1.79902
-1.52897
0

0
-1.32152
-1.37995
-1.40841
-1.42395
-1.40533
-1.45907
-1.44776
-1.43695
-1.42191
-1.3714
-1.33437
-1.32223
-1.37412
-1.47042
-1.58101
-1.693
-1.93306
-1.96405
-1.75443
-1.49226
0

0
-1.32451
-1.38555
-1.41182
-1.42686
-1.40862
-1.45822
-1.44733
-1.43598
-1.42109
-1.37163
-1.33479
-1.32232
-1.37132
-1.46554
-1.57416
-1.68818
-1.94209
-1.9772
-1.76088
-1.49407
0

0
-1.32743
-1.39224
-1.41525
-1.4298
-1.41208
-1.45454
-1.4445
-1.43245
-1.41778
-1.37021
-1.33367
-1.32059
-1.36463
-1.45494
-1.5593
-1.674
-1.95268
-1.9964
-1.76933
-1.49502
0

0
-1.3306
-1.39984
-1.41899
-1.43297
-1.41758
-1.45008
-1.44028
-1.42713
-1.41274
-1.36772
-1.3314
-1.31696
-1.35415
-1.43873
-1.53628
-1.65016
-1.96439
-2.02186
-1.78044
-1.49578
0

0
-1.33387
-1.40759
-1.4228
-1.43598
-1.42469
-1.44597
-1.43522
-1.42042
-1.40638
-1.36433
-1.32798
-1.3109
-1.33943
-1.41641
-1.50407
-1.61653
-1.97576
-2.05261
-1.79399
-1.49653
0

0
-1.33706
-1.41473
-1.42632
-1.43844
-1.43125
-1.44228
-1.4297
-1.41273
-1.39914
-1.3602
-1.32343
-1.30217
-1.32006
-1.38724
-1.46094
-1.57154
-1.98483
-2.08735
-1.80958
-1.49734
0

0
-1.34002
-1.42077
-1.42925
-1.44011
-1.43534
-1.43863
-1.42399
-1.40459
-1.39151
-1.3555
-1.31782
-1.29093
-1.2958
-1.35031
-1.4043
-1.51047
-1.98882
-2.12463
-1.82674
-1.49828
0

0
-1.34266
-1.42552
-1.43139
-1.44095
-1.43639
-1.43474
-1.41832
-1.3966
-1.38396
-1.35044
-1.31131
-1.2775
-1.2667
-1.30457
-1.3307
-1.42486
-1.98414
-2.16301
-1.84494
-1.49939
0

0
-1.34497
-1.42906
-1.43275
-1.44113
-1.43522
-1.43071
-1.41298
-1.38946
-1.37695
-1.34525
-1.30413
-1.26231
-1.23322
-1.24889
-1.23572
-1.30146
-1.96647
-2.20117
-1.86365
-1.50072
0

0
-1.34703
-1.43162
-1.43345
-1.44103
-1.43405
-1.42715
-1.40827
-1.38381
-1.37082
-1.34014
-1.29655
-1.24585
-1.19622
-1.18232
-1.11407
-1.11947
-1.93053
-2.23809
-1.88238
-1.50233
0

0
-1.34894
-1.43349
-1.43371
-1.44111
-1.43594
-1.42507
-1.40454
-1.38003
-1.36584
-1.33534
-1.28885
-1.22864
-1.15698
-1.10456
-0.962275
-0.848218
-1.8701
-2.27309
-1.9007
-1.50427
0

0
-1.35075
-1.43485
-1.43365
-1.44163
-1.44246
-1.4251
-1.40187
-1.37802
-1.36195
-1.33091
-1.28121
-1.2112
-1.11701
-1.01769
-0.78824
-0.458107
-1.77994
-2.30538
-1.91792
-1.50639
0

0
-1.35063
-1.43385
-1.43149
-1.44079
-1.45074
-1.42525
-1.39838
-1.37553
-1.35715
-1.32514
-1.27235
-1.19318
-1.07837
-0.930776
-0.624784
0.0231522
-1.66486
-2.32936
-1.92923
-1.50599
0

0
-1.33226
-1.41409
-1.41087
-1.42167
-1.4401
-1.40785
-1.37793
-1.35622
-1.33616
-1.30387
-1.24996
-1.16617
-1.04056
-0.863554
-0.52308
0.393696
-1.55834
-2.31507
-1.90758
-1.48386
0

0
0
0
0
0
0
0
0
0
0
0
0
0
0
0
0
0
0
0
0
0
0


0
0
0
0
0
0
0
0
0
0
0
0
0
0
0
0
0
0
0
0
0
0

0
0
0
0
0
0
0
0
0
0
0
0
0
0
0
0
0
0
0
0
0
0

0
0
0
0
0
0
0
0
0
0
0
0
0
0
0
0
0
0
0
0
0
0

0
0
0
0
0
0
0
0
0
0
0
0
0
0
0
0
0
0
0
0
0
0

0
0
0
0
0
0
0
0
0
0
0
0
0
0
0
0
0
0
0
0
0
0

0
0
0
0
0
0
0
0
0
0
0
0
0
0
0
0
0
0
0
0
0
0

0
0
0
0
0
0
0
0
0
0
0
0
0
0
0
0
0
0
0
0
0
0

0
0
0
0
0
0
0
0
0
0
0
0
0
0
0
0
0
0
0
0
0
0

0
0
0
0
0
0
0
0
0
0
0
0
0
0
0
0
0
0
0
0
0
0

0
0
0
0
0
0
0
0
0
0
0
0
0
0
0
0
0
0
0
0
0
0

0
0
0
0
0
0
0
0
0
0
0
0
0
0
0
0
0
0
0
0
0
0

0
0
0
0
0
0
0
0
0
0
0
0
0
0
0
0
0
0
0
0
0
0

0
0
0
0
0
0
0
0
0
0
0
0
0
0
0
0
0
0
0
0
0
0

0
0
0
0
0
0
0
0
0
0
0
0
0
0
0
0
0
0
0
0
0
0

0
0
0
0
0
0
0
0
0
0
0
0
0
0
0
0
0
0
0
0
0
0

0
0
0
0
0
0
0
0
0
0
0
0
0
0
0
0
0
0
0
0
0
0

0
0
0
0
0
0
0
0
0
0
0
0
0
0
0
0
0
0
0
0
0
0


