0.5
0.5
-1.74954
0.5
0.5
0.5
0.5
-3.68458
0.5
0.5
-0.25334
0.5
0.5
0.5
0.5
0.5
0.5
0.5
0.5
0.5
0.5
0.5

0.5
-2.81608
0.975457
-1.59184
1.49263
-1.56903
-2.32632
-4.47855
-5.02098
0.905815
-3.05049
-5.06202
-1.54568
1.50058
-2.94234
-1.8885
-9.29359
-1.0006
-2.22161
-1.17196
-1.17196
0.5

0.5
1.02393
-4.58321
0.14243
1.43718
-0.608651
-2.54478
-5.01514
-1.42633
-0.102308
-2.47918
-4.47638
1.1455
-1.9208
-1.90992
-3.4273
-6.0932
-2.56346
-4.2535
-0.838872
-0.838872
0.5

0.5
-1.86211
0.0811121
-2.02643
3.03142
-1.53218
-2.6236
-5.30005
-1.11417
-0.827883
-2.52858
-1.88782
-1.07361
-0.766075
-1.69726
-4.56266
-5.9658
-1.72533
-3.81495
-1.00989
-1.00989
0.5

0.5
-3.50958
1.96262
-1.28407
2.9969
-1.5288
-2.31473
-3.54877
-0.678307
-2.38716
-2.45237
-0.400207
-1.93102
-0.079185
-1.95756
-3.4037
-8.37535
-0.789384
-3.14694
-1.29591
-1.29591
0.5

0.5
-0.305465
-0.801262
-0.689026
0.402289
-0.957294
-1.26785
-2.38302
-1.95694
-1.82996
-2.28043
0.911146
3.42391
-2.85574
-3.07217
-7.55666
-5.92078
-1.94938
-2.90119
-1.47376
-1.47376
0.5

0.5
3.74285
-3.89458
-0.755785
-0.563728
-1.12611
-0.879747
-2.19345
-2.77469
-1.49879
-1.91894
0.395303
1.13683
-4.75985
-5.27634
-6.28733
-3.06216
-3.62416
-2.7622
-1.68518
-1.68518
0

0.5
4.58175
-4.27626
-1.35672
-0.0682382
-1.36556
-1.52731
-2.85613
-1.58653
-1.60585
-1.55696
-1.24898
-1.58795
-0.893854
-5.83163
-3.13102
-4.57979
-3.4961
-2.58402
-2.27394
-2.27394
0.5

0.5
1.38631
-1.31044
-1.31999
-0.151942
-1.37157
-2.07577
-4.7407
0.520032
-1.82684
-1.59696
-2.55027
-5.04219
2.447
-3.4273
-2.93916
-5.43594
-3.22185
-2.04458
-3.43879
-3.43879
0.5

0.5
0.276905
-0.330093
-0.972975
-0.94247
-0.957294
-2.20991
-4.94057
1.02832
-1.58606
-1.92648
-3.51713
-8.10582
5.2028
-2.47675
-6.70593
-1.59723
-2.99442
-1.27179
-4.22258
-4.22258
0.5

0.5
0.59564
-0.596043
-0.930949
-0.489606
-1.88937
-1.26785
-3.68335
-0.443564
-1.39615
-2.40695
-4.71642
-7.25331
6.88606
-2.66023
-6.16202
-0.475808
-2.48542
-1.51225
-3.61858
-3.61858
0.5

0.5
0.360094
-0.443535
-0.907335
0.145352
-2.61555
-2.56683
-2.04289
-2.30583
-1.55004
-3.51713
-3.7556
1.50058
-0.881424
-3.65016
-5.25052
-1.2719
-0.868947
-2.11452
-2.52856
-2.52856
0.5

0.5
-0.029115
-0.385901
-0.496283
0.441136
-2.90448
-2.4924
-1.61088
-2.8234
-1.74314
-2.06311
-1.27783
5.25199
-12.1177
-5.01978
-4.03544
-1.88786
0.300289
-2.12282
-2.42195
-2.42195
0.5

0.5
0.00166755
-0.882105
0.14243
0.217732
-2.69282
-2.33303
-1.60234
-2.47764
-1.82996
-1.91894
-0.871277
-1.70849
-8.49064
-7.90522
-2.44535
-1.80507
-0.400653
-1.43588
-2.85874
-2.85874
0.5

0.5
0.0403333
-1.0825
0.388968
0.312738
-2.62403
-2.14737
-1.86718
-2.02066
-1.78901
-1.75832
-1.71394
-4.38393
-3.71954
-4.2171
-2.30672
-1.29789
-1.17496
-1.44877
-2.59838
-2.59838
0.5

0.5
-0.0915133
-0.689026
0.156081
0.598249
-2.55279
-1.9726
-1.77036
-1.73503
-1.63805
-1.59144
-1.92682
-4.75016
-1.15861
-2.16536
-2.47675
1.18709
-1.4583
-2.90119
-2.01311
-2.01311
0.5

0.5
0.5
0.5
0.5
0.5
0.5
0.5
0.5
0.5
0.5
0.5
0.5
0.5
0.5
0.5
0.5
0.5
0.5
0.5
0.5
0.5
0.5


0.5
2.81608
-0.975457
1.59184
-1.49263
1.56903
2.32632
4.47855
5.02098
-0.905815
3.05049
5.06202
1.54568
-1.50058
2.94234
1.8885
9.29359
1.0006
2.22161
1.17196
1.17196
0.5

0.5
-2.81608
0.975457
-1.59184
1.49263
-1.56903
-2.32632
-4.47855
-5.02098
0.905815
-3.05049
-5.06202
-1.54568
1.50058
-2.94234
-1.8885
-9.29359
-1.0006
-2.22161
-1.17196
-1.17196
0.5

0.5
1.02393
-4.58321
0.14243
1.43718
-0.608651
-2.54478
-5.01514
-1.42633
-0.102308
-2.47918
-4.47638
1.1455
-1.9208
-1.90992
-3.4273
-6.0932
-2.56346
-4.2535
-0.838872
-0.838872
0.5

0.5
-1.86211
0.0811121
-2.02643
3.03142
-1.53218
-2.6236
-5.30005
-1.11417
-0.827883
-2.52858
-1.88782
-1.07361
-0.766075
-1.69726
-4.56266
-5.9658
-1.72533
-3.81495
-1.00989
-1.00989
0.5

0.5
-3.50958
1.96262
-1.28407
2.9969
-1.5288
-2.31473
-3.54877
-0.678307
-2.38716
-2.45237
-0.400207
-1.93102
-0.079185
-1.95756
-3.4037
-8.37535
-0.789384
-3.14694
-1.29591
-1.29591
0.5

0.5
-0.305465
-0.801262
-0.689026
0.402289
-0.957294
-1.26785
-2.38302
-1.95694
-1.82996
-2.28043
0.911146
3.42391
-2.85574
-3.07217
-7.55666
-5.92078
-1.94938
-2.90119
-1.47376
-1.47376
0.5

0.5
3.74285
-3.89458
-0.755785
-0.563728
-1.12611
-0.879747
-2.19345
-2.77469
-1.49879
-1.91894
0.395303
1.13683
-4.75985
-5.27634
-6.28733
-3.06216
-3.62416
-2.7622
-1.68518
-1.68518
1.08985

0.5
4.58175
-4.27626
-1.35672
-0.0682382
-1.36556
-1.52731
-2.85613
-1.58653
-1.60585
-1.55696
-1.24898
-1.58795
-0.893854
-5.83163
-3.13102
-4.57979
-3.4961
-2.58402
-2.27394
-2.27394
0.5

0.5
1.38631
-1.31044
-1.31999
-0.151942
-1.37157
-2.07577
-4.7407
0.520032
-1.82684
-1.59696
-2.55027
-5.04219
2.447
-3.4273
-2.93916
-5.43594
-3.22185
-2.04458
-3.43879
-3.43879
0.5

0.5
0.276905
-0.330093
-0.972975
-0.94247
-0.957294
-2.20991
-4.94057
1.02832
-1.58606
-1.92648
-3.51713
-8.10582
5.2028
-2.47675
-6.70593
-1.59723
-2.99442
-1.27179
-4.22258
-4.22258
0.5

0.5
0.59564
-0.596043
-0.930949
-0.489606
-1.88937
-1.26785
-3.68335
-0.443564
-1.39615
-2.40695
-4.71642
-7.25331
6.88606
-2.66023
-6.16202
-0.475808
-2.48542
-1.51225
-3.61858
-3.61858
0.5

0.5
0.360094
-0.443535
-0.907335
0.145352
-2.61555
-2.56683
-2.04289
-2.30583
-1.55004
-3.51713
-3.7556
1.50058
-0.881424
-3.65016
-5.25052
-1.2719
-0.868947
-2.11452
-2.52856
-2.52856
0.5

0.5
-0.029115
-0.385901
-0.496283
0.441136
-2.90448
-2.4924
-1.61088
-2.8234
-1.74314
-2.06311
-1.27783
5.25199
-12.1177
-5.01978
-4.03544
-1.88786
0.300289
-2.12282
-2.42195
-2.42195
0.5

0.5
0.00166755
-0.882105
0.14243
0.217732
-2.69282
-2.33303
-1.60234
-2.47764
-1.82996
-1.91894
-0.871277
-1.70849
-8.49064
-7.90522
-2.44535
-1.80507
-0.400653
-1.43588
-2.85874
-2.85874
0.5

0.5
0.0403333
-1.0825
0.388968
0.312738
-2.62403
-2.14737
-1.86718
-2.02066
-1.78901
-1.75832
-1.71394
-4.38393
-3.71954
-4.2171
-2.30672
-1.29789
-1.17496
-1.44877
-2.59838
-2.59838
0.5

0.5
-0.0915133
-0.689026
0.156081
0.598249
-2.55279
-1.9726
-1.77036
-1.73503
-1.63805
-1.59144
-1.92682
-4.75016
-1.15861
-2.16536
-2.47675
1.18709
-1.4583
-2.90119
-2.01311
-2.01311
0.5

0.5
-0.0915133
-0.689026
0.156081
0.598249
-2.55279
-1.9726
-1.77036
-1.73503
-1.63805
-1.59144
-1.92682
-4.75016
-1.15861
-2.16536
-2.47675
-1.24098
-2.01311
-2.90119
-2.01311
-2.01311
0.5


0.5
3.69474
-1.83416
0.56196
-0.234633
1.63656
2.28488
4.23495
3.79433
2.51732
3.19797
4.21491
4.15074
3.35456
2.72549
1.73936
11.5991
4.14391
1.46389
1.55304
1.55304
0.5

0.5
-3.69474
1.83416
-0.56196
0.234633
-1.63656
-2.28488
-4.23495
-3.79433
-2.51732
-3.19797
-4.21491
-4.15074
-3.35456
-2.72549
-1.73936
-11.5991
-4.14391
-1.46389
-1.55304
-1.55304
0.5

0.5
-3.82062
1.87808
-1.25193
-0.812956
-0.816813
-1.90883
-2.83723
-3.85999
-0.0486563
-2.28664
-3.77611
-0.980672
-2.2521
-1.63818
-0.973859
-2.16917
-6.26705
-3.21029
-1.38637
-1.38637
0.5

0.5
-2.608
1.06438
-1.1048
1.59152
-1.61994
-2.60726
-3.64016
-2.41746
-0.713222
-2.39548
-3.67839
-0.326209
-1.67428
-1.38852
-3.51162
-3.39297
-3.72067
-3.69141
-1.37242
-1.37242
0.5

0.5
-4.89426
3.38502
-0.900346
3.34145
-2.14022
-2.80461
-3.87435
-0.82599
-2.23782
-2.46165
-1.83658
-2.89664
0.302996
-1.63361
-3.28641
-7.29998
-1.82918
-3.23071
-1.51538
-1.51538
0.5

0.5
-3.23358
2.05363
-0.0928343
1.26405
-1.07308
-1.94128
-2.64536
-1.27303
-3.11008
-2.3974
-0.0806056
-4.4289
0.136397
-3.05821
-4.34055
-8.2845
-2.18619
-3.13053
-1.64919
-1.64919
0.5

0.5
0.782797
-1.1167
-0.205837
-1.10291
-0.64186
-0.867662
-1.86288
-2.81721
-1.95242
-2.16864
0.557911
-0.557531
-2.75011
-4.74709
-6.59817
-3.35228
-3.2921
-3.28916
-1.74668
-1.74668
0.5

0.5
4.63621
-4.06546
-1.04659
-0.808547
-1.09825
-1.14273
-2.38889
-2.57759
-1.49306
-1.79495
-0.980075
-2.87548
0.146021
-5.31059
-4.70126
-2.80099
-3.12794
-3.21093
-2.12983
-2.12983
0.5

0.5
2.68839
-2.15913
-1.36375
0.00190832
-1.56504
-1.9367
-3.16891
-1.17615
-1.82893
-1.71479
-3.26614
-10.0799
6.97729
-2.85576
-1.92305
-6.01761
-2.72783
-2.63967
-3.06305
-3.06305
0.5

0.5
0.144851
0.0159715
-0.98365
-0.601495
-1.46583
-2.37581
-4.47785
0.44697
-1.85067
-2.00806
-4.65048
-16.0085
11.7354
-0.268967
-4.64188
-3.66636
-2.82539
-1.74074
-4.09312
-4.09312
0.5

0.5
0.311523
-0.217968
-0.803054
-1.20792
-1.37111
-2.77373
-4.1123
0.0284182
-1.60173
-2.29283
-5.78201
-14.4359
9.43798
-0.809759
-6.17955
-0.709678
-3.04616
-1.24235
-3.95663
-3.95663
0.5

0.5
0.577332
-0.454098
-0.93366
-0.449309
-2.10931
-2.42823
-2.3937
-1.90542
-1.6067
-2.25283
-4.52475
-6.24736
2.418
-3.58307
-5.12211
-1.41696
-1.79721
-1.97815
-2.59118
-2.59118
0.5

0.5
0.185933
-0.254581
-0.746097
0.14527
-2.55041
-2.40237
-1.48295
-2.82905
-1.79857
-2.30471
-1.76852
3.78215
-6.90213
-5.86422
-4.47829
-2.8116
-0.12458
-2.6384
-1.97051
-1.97051
0.5

0.5
-0.0708431
-0.321351
-0.268446
-0.0861112
-2.30101
-2.23877
-1.7686
-2.38459
-1.86516
-1.98306
-0.672686
1.34682
-8.01402
-5.31003
-3.37917
-2.42384
-0.447036
-1.91933
-2.55192
-2.55192
0.5

0.5
-0.00104782
-0.677791
0.120763
-0.195598
-2.11599
-2.03658
-1.83797
-2.01039
-1.79604
-1.79239
-1.53051
-5.22246
-1.90302
-4.24562
-2.26831
-2.21757
-1.29505
-0.873506
-2.73203
-2.73203
0.5

0.5
0.0480835
-0.75148
0.147375
0.0657397
-2.14312
-1.88022
-1.73947
-1.7776
-1.66627
-1.68834
-2.34758
-7.25077
1.52997
-2.55785
-2.17283
-2.80806
-1.29809
-0.556201
-2.19472
-2.19472
0.5

0.5
0.0480835
-0.75148
0.147375
0.0657397
-2.14312
-1.88022
-1.73947
-1.7776
-1.66627
-1.68834
-2.34758
-7.25077
1.52997
-2.55785
-2.17283
-2.80806
-1.29809
-0.556201
-2.19472
-2.19472
0.5


0.5
3.71689
-1.9058
-0.0558397
0.530716
1.42821
2.26168
2.46195
2.73795
2.52719
3.10933
3.97424
4.4225
3.79275
2.32867
1.53589
6.66019
2.94967
1.20622
1.49262
1.49262
0.5

0.5
-3.71689
1.9058
0.0558397
-0.530716
-1.42821
-2.26168
-2.46195
-2.73795
-2.52719
-3.10933
-3.97424
-4.4225
-3.79275
-2.32867
-1.53589
-6.66019
-2.94967
-1.20622
-1.49262
-1.49262
0.5

0.5
-5.07173
3.48734
0.00705559
-1.23619
-0.649393
-2.02908
-2.34001
-2.46191
-1.85272
-2.30301
-3.05145
-2.69483
-2.16509
-1.48383
-0.45993
-2.51986
-6.00311
-2.4215
-1.5039
-1.5039
0.5

0.5
-4.51405
3.31004
-0.346631
0.0275742
-1.29629
-2.06918
-2.64234
-3.05846
-0.992302
-2.29931
-3.44222
-1.25443
-1.94456
-1.21573
-2.39183
-2.63737
-4.90996
-3.42467
-1.65999
-1.65999
0.5

0.5
-3.67959
2.57635
-0.647603
2.64799
-2.53672
-2.56145
-3.2379
-1.91536
-1.53756
-2.35882
-3.07928
-1.58845
-0.336302
-1.41078
-3.7458
-5.31032
-2.65286
-3.2694
-1.71824
-1.71824
0.5

0.5
-3.81959
2.6725
-0.248635
2.78226
-2.12928
-2.54333
-2.98249
-0.953435
-2.79918
-2.36261
-1.3107
-3.32
1.20841
-2.4149
-2.2663
-8.23992
-2.39797
-3.04467
-1.86222
-1.86222
0.5

0.5
-2.14118
1.49075
0.218052
-0.512265
-0.556985
-1.40493
-1.96406
-2.00653
-2.72555
-2.24015
0.0693058
-3.24177
-0.0769209
-4.2574
-5.6033
-4.64669
-3.24446
-3.20505
-1.93037
-1.93037
0.5

0.5
2.20853
-1.8465
-0.448978
-1.80016
-0.367156
-0.845468
-1.88509
-2.88545
-1.68998
-1.9439
-0.129737
-3.78738
0.231036
-5.30418
-5.54131
-1.92273
-3.05543
-3.45821
-2.02154
-2.02154
0.5

0.5
3.83853
-2.96246
-1.23342
-0.684734
-1.17455
-1.53361
-2.68954
-2.03744
-1.597
-1.73737
-2.42375
-9.93121
6.70845
-3.024
-3.70268
-3.57246
-2.38284
-3.19262
-2.60427
-2.60427
0.5

0.5
0.958803
-0.491992
-1.10894
-0.126836
-1.72742
-2.12801
-3.53687
-0.701213
-1.85934
-1.93073
-3.96295
-14.0509
8.73452
0.301694
-3.65987
-4.49529
-2.30214
-2.18022
-3.73386
-3.73386
0.5

0.5
-0.1433
0.221839
-0.682625
-0.895188
-1.53616
-2.28837
-4.17597
0.154763
-1.76781
-2.27002
-3.83987
-6.4737
0.612792
-0.506715
-6.37881
-1.29627
-2.51049
-0.994717
-4.40585
-4.40585
0.5

0.5
0.369638
-0.297103
-0.730711
-0.871025
-1.76593
-2.43694
-3.10988
-0.996881
-1.66906
-2.44196
-2.84919
10.0902
-14.6737
-4.28165
-4.81822
-1.84133
-2.02582
-1.02207
-3.45565
-3.45565
0.5

0.5
0.405233
-0.304395
-0.814848
-0.0345262
-2.37006
-2.34665
-1.73723
-2.46865
-1.79094
-2.29585
-1.76752
34.1742
-40.3924
-6.26315
-2.82189
-3.28783
-0.762736
-2.41689
-1.80335
-1.80335
0.5

0.5
0.0519542
-0.104888
-0.537892
-0.0102449
-2.27054
-2.20033
-1.56731
-2.53363
-1.88167
-2.01323
-0.824854
-6.45898
-0.994801
-5.08181
-2.38699
-2.55537
-0.670146
-2.73281
-1.77667
-1.77667
0.5

0.5
-0.0203197
-0.315094
-0.143968
-0.405796
-1.87509
-2.00262
-1.83119
-2.02049
-1.81378
-1.83106
-1.34325
-12.1886
5.36514
-3.64006
-2.31693
-1.5904
-1.34405
-1.84722
-2.51167
-2.51167
0.5

0.5
0.0894971
-0.624067
0.0699394
-0.262069
-1.84568
-1.82838
-1.73371
-1.8023
-1.67909
-1.74112
-2.68024
-9.86343
4.3237
-2.6924
-1.79268
-1.75874
-1.48552
-1.39502
-2.51585
-2.51585
0.5

0.5
0.0894971
-0.624067
0.0699394
-0.262069
-1.84568
-1.82838
-1.73371
-1.8023
-1.67909
-1.74112
-2.68024
-9.86343
4.3237
-2.6924
-1.79268
-1.75874
-1.48552
-1.39502
-2.51585
-2.51585
0.5


0.5
2.46498
-0.698347
0.253739
0.261527
1.37964
2.12316
2.97922
2.95109
2.55181
3.20871
3.9229
4.44772
4.3178
2.10498
1.53792
10.1259
2.08698
1.20034
1.61066
1.61066
0.5

0.5
-2.46498
0.698347
-0.253739
-0.261527
-1.37964
-2.12316
-2.97922
-2.95109
-2.55181
-3.20871
-3.9229
-4.44772
-4.3178
-2.10498
-1.53792
-10.1259
-2.08698
-1.20034
-1.61066
-1.61066
0.5

0.5
-2.36666
0.901647
-0.48606
-0.928487
-0.619375
-1.95336
-2.51866
-2.18516
-1.81703
-2.34114
-2.99019
-3.22007
-2.47836
-1.31439
-1.10539
-4.63288
-3.61083
-1.82035
-1.46764
-1.46764
0.5

0.5
-2.63932
1.69762
-0.211207
-1.03215
-0.573992
-1.81243
-2.34897
-2.5138
-1.76723
-2.35975
-2.94719
-2.72302
-1.99011
-1.12979
-1.31783
-2.85842
-5.42282
-2.94572
-1.82986
-1.82986
0.5

0.5
-2.75292
1.93446
-0.24132
0.782294
-1.89363
-1.96999
-2.46923
-2.73771
-1.42358
-2.33698
-3.1453
-1.9567
-1.04179
-1.25143
-2.9889
-3.95394
-3.83848
-3.19087
-1.91238
-1.91238
0.5

0.5
-2.42106
1.70208
-0.257703
2.83858
-2.95634
-2.41821
-2.80307
-1.73861
-2.1402
-2.34025
-2.65407
-2.83413
0.602895
-2.07835
-3.03122
-5.99622
-3.03963
-3.0271
-2.02558
-2.02558
0.5

0.5
-2.38862
1.76098
0.171074
1.44293
-1.74857
-2.16173
-2.35085
-1.43142
-2.89688
-2.29368
-1.28213
-3.84642
1.30148
-3.74546
-2.94536
-5.74576
-3.26672
-3.13243
-2.13696
-2.13696
0.5

0.5
-0.463454
0.443385
0.145765
-1.67787
-0.124911
-1.18361
-1.79082
-2.39716
-2.37221
-2.10881
-0.309504
-4.68779
0.909899
-5.31745
-5.17033
-2.18405
-3.08371
-3.45792
-2.18157
-2.18157
0.5

0.5
2.6126
-1.83108
-0.696298
-1.99693
-0.253381
-1.13803
-2.0742
-2.63243
-1.69524
-1.86027
-1.13698
-8.12187
3.99505
-4.31403
-4.37665
-2.12382
-2.30609
-3.61121
-2.33424
-2.33424
0.5

0.5
2.35331
-1.51642
-1.13797
-0.674626
-1.34011
-1.84045
-2.79975
-1.75561
-1.73981
-1.86675
-3.07003
-15.9084
12.0369
-0.965936
-3.78111
-3.68124
-1.99718
-2.99579
-3.05638
-3.05638
0.5

0.5
0.228723
0.055534
-0.790182
-0.525093
-1.743
-2.25883
-3.45844
-0.752513
-1.85107
-2.13945
-3.82111
-33.2813
29.0432
0.513796
-5.91623
-2.12893
-2.04747
-1.64856
-4.08384
-4.08384
0.5

0.5
-0.0672599
0.0275825
-0.514081
-0.931939
-1.70158
-2.3231
-3.49237
-0.549528
-1.7671
-2.37264
-2.96047
70.2814
-81.4666
-2.97464
-5.51496
-1.55657
-1.9605
-0.608511
-4.17538
-4.17538
0.5

0.5
0.341177
-0.341063
-0.597153
-0.436472
-2.08543
-2.27842
-2.42078
-1.61242
-1.78251
-2.38979
-2.06227
73.221
-79.0628
-6.07587
-2.68481
-2.83005
-1.40559
-0.995407
-2.889
-2.889
0.5

0.5
0.317781
-0.31399
-0.540938
-0.0440628
-2.21147
-2.14984
-1.61218
-2.39674
-1.87281
-2.15783
-2.04237
-23.5489
17.0382
-5.16141
-1.70284
-2.74449
-0.988949
-2.20867
-1.66201
-1.66201
0.5

0.5
0.134013
-0.262724
-0.302764
-0.373391
-1.8274
-1.97596
-1.69419
-2.13573
-1.83661
-1.90169
-1.81503
-19.4002
12.703
-3.69188
-2.15206
-1.83283
-1.21221
-2.20842
-1.8654
-1.8654
0.5

0.5
0.095109
-0.345501
-0.143429
-0.54016
-1.60721
-1.79637
-1.72729
-1.80842
-1.69866
-1.76979
-2.48799
-7.54632
6.15688
-2.56301
-2.09998
-1.71591
-1.36197
-1.45399
-2.34852
-2.34852
0.5

0.5
0.095109
-0.345501
-0.143429
-0.54016
-1.60721
-1.79637
-1.72729
-1.80842
-1.69866
-1.76979
-2.48799
-7.54632
6.15688
-2.56301
-2.09998
-1.71591
-1.36197
-1.45399
-2.34852
-2.34852
0.5


0.5
2.10576
-0.37464
0.127524
0.538775
1.32019
2.04957
2.64644
2.95109
2.75699
3.26058
3.91947
4.34525
4.37475
2.32028
1.69936
8.54928
2.98817
1.53275
1.72186
1.72186
0.5

0.5
-2.10576
0.37464
-0.127524
-0.538775
-1.32019
-2.04957
-2.64644
-2.95109
-2.75699
-3.26058
-3.91947
-4.34525
-4.37475
-2.32028
-1.69936
-8.54928
-2.98817
-1.53275
-1.72186
-1.72186
0.5

0.5
-1.62987
0.275058
-0.372337
-0.685991
-1.0184
-1.80829
-2.23216
-2.27472
-1.91156
-2.34625
-2.88975
-3.1914
-2.7999
-1.49448
-1.12668
-5.80339
-2.10893
-1.52257
-1.47121
-1.47121
0.5

0.5
-1.70088
0.859741
-0.308711
-1.17031
-0.390413
-1.84559
-2.34845
-2.20626
-1.99829
-2.37279
-2.82872
-3.14729
-2.23833
-1.30185
-1.16856
-3.93597
-4.42819
-2.50033
-1.86757
-1.86757
0.5

0.5
-1.88714
1.25328
-0.196332
-0.947744
-0.571717
-1.73176
-2.24913
-2.42285
-1.87076
-2.34653
-2.82155
-2.69166
-1.65272
-1.12955
-2.12464
-3.23954
-4.74781
-2.97908
-2.05116
-2.05116
0.5

0.5
-1.77552
1.29674
-0.144664
1.08068
-2.17496
-1.8993
-2.3241
-2.40089
-1.83222
-2.33258
-2.75526
-2.55956
-0.668188
-1.36894
-3.10847
-4.22547
-3.85017
-3.01121
-2.15368
-2.15368
0.5

0.5
-1.4985
1.18417
-0.0256639
2.22575
-2.79715
-2.21293
-2.39522
-1.79543
-2.41345
-2.3012
-2.23355
-3.32549
0.67741
-2.51795
-2.72309
-5.44083
-3.48608
-3.09839
-2.24978
-2.24978
0.5

0.5
-0.947637
0.904932
0.20191
0.107535
-1.24806
-1.84582
-2.04149
-1.87328
-2.66997
-2.20978
-1.3227
-4.26984
1.41151
-4.55639
-3.93411
-3.59473
-3.16247
-3.36038
-2.3312
-2.3312
0.5

0.5
0.798214
-0.286315
-0.147321
-2.11434
-0.0198035
-1.25641
-1.90909
-2.43108
-2.13668
-2.01823
-0.852846
-5.85266
1.85511
-5.88705
-4.23552
-2.07809
-2.36606
-3.59514
-2.42713
-2.42713
0.5

0.5
2.20961
-1.32955
-0.830365
-1.88748
-0.418394
-1.46538
-2.33461
-2.25116
-1.77812
-1.8993
-1.82933
-8.74153
3.90213
-4.17103
-3.57451
-2.35961
-1.68567
-3.45998
-2.68133
-2.68133
0.5

0.5
1.20225
-0.591895
-0.952421
-0.841683
-1.41279
-1.98724
-2.88472
-1.51108
-1.8155
-2.0262
-2.89975
-9.84761
4.37716
-0.803433
-4.72582
-2.0773
-1.74704
-2.58318
-3.33039
-3.33039
0.5

0.5
0.0282782
0.0976895
-0.613033
-0.794148
-1.69555
-2.20051
-3.12921
-0.984189
-1.82784
-2.23774
-2.84021
3.50042
-10.4098
-0.193029
-5.93872
-0.928466
-2.06609
-1.24067
-3.97128
-3.97128
0.5

0.5
0.0444292
-0.0797706
-0.464516
-0.76203
-1.80364
-2.17028
-2.6759
-1.27165
-1.79527
-2.32919
-2.79387
18.1585
-24.3534
-2.98367
-3.84978
-1.91727
-1.76964
-0.709969
-3.56661
-3.56661
0.5

0.5
0.293911
-0.270865
-0.48576
-0.31752
-2.02674
-2.07354
-1.90526
-1.97349
-1.83684
-2.24499
-3.30218
-17.2521
14.3222
-4.85476
-1.7828
-2.83433
-1.16626
-1.41422
-2.37789
-2.37789
0.5

0.5
0.265045
-0.251744
-0.401423
-0.323938
-1.85106
-1.93837
-1.64796
-2.11868
-1.83448
-2.01392
-2.41939
-6.11369
1.32465
-4.29928
-1.69213
-2.25384
-1.06669
-2.12956
-1.78867
-1.78867
0.5

0.5
0.176464
-0.219142
-0.294909
-0.571227
-1.54574
-1.78838
-1.69521
-1.85068
-1.72168
-1.81122
-1.99721
-11.3879
2.70582
-2.8142
-1.99446
-1.57386
-1.26116
-1.95296
-1.91773
-1.91773
0.5

0.5
0.176464
-0.219142
-0.294909
-0.571227
-1.54574
-1.78838
-1.69521
-1.85068
-1.72168
-1.81122
-1.99721
-11.3879
2.70582
-2.8142
-1.99446
-1.57386
-1.26116
-1.95296
-1.91773
-1.91773
0.5


0.5
1.89706
-0.170616
0.17178
0.676714
1.27178
2.02301
2.64883
2.93969
2.87623
3.32645
3.89511
4.27312
4.0878
2.57322
2.22447
7.73368
3.89217
1.82358
1.8113
1.8113
0.5

0.5
-1.89706
0.170616
-0.17178
-0.676714
-1.27178
-2.02301
-2.64883
-2.93969
-2.87623
-3.32645
-3.89511
-4.27312
-4.0878
-2.57322
-2.22447
-7.73368
-3.89217
-1.82358
-1.8113
-1.8113
0.5

0.5
-1.25884
-0.0592368
-0.396485
-0.603757
-1.13922
-1.70132
-2.10002
-2.1754
-2.00615
-2.33673
-2.77535
-3.11716
-2.78456
-1.68845
-1.18878
-5.98759
-1.62969
-1.54456
-1.50414
-1.50414
0.5

0.5
-0.999845
0.249291
-0.295171
-0.589388
-1.05229
-1.76816
-2.1851
-2.26129
-2.06968
-2.40853
-2.84235
-3.085
-2.46386
-1.69864
-1.43103
-4.44116
-3.42278
-2.23154
-1.89931
-1.89931
0.5

0.5
-1.17712
0.675833
-0.256413
-1.20072
-0.358295
-1.75971
-2.20341
-2.22715
-2.06685
-2.35409
-2.67519
-2.97583
-2.07257
-1.39732
-1.51625
-3.58228
-4.44234
-2.77861
-2.12409
-2.12409
0.5

0.5
-1.18018
0.874239
-0.136122
-0.795411
-0.699521
-1.68714
-2.15127
-2.33417
-2.02367
-2.34085
-2.66893
-2.74151
-1.67179
-1.10476
-2.37418
-3.67072
-4.30008
-2.96835
-2.25415
-2.25415
0.5

0.5
-0.978791
0.879457
-0.0556202
0.997217
-2.20972
-1.85929
-2.19487
-2.19702
-2.14411
-2.31642
-2.44206
-2.91289
-0.877108
-1.35646
-2.94073
-4.1673
-4.09854
-3.02884
-2.36648
-2.36648
0.5

0.5
-0.599687
0.736406
0.0522584
1.30416
-2.37556
-2.04531
-2.13441
-1.95789
-2.47449
-2.26319
-1.97026
-3.39655
0.272701
-2.94379
-3.30497
-3.99733
-3.87969
-3.19949
-2.45289
-2.45289
0.5

0.5
0.182274
0.272932
0.0240651
-0.707584
-0.99058
-1.71625
-1.98054
-2.13715
-2.416
-2.15093
-1.41394
-4.0489
0.798313
-5.09259
-4.22119
-2.51791
-2.84726
-3.47299
-2.50297
-2.50297
0.5

0.5
1.28147
-0.526069
-0.426755
-2.09477
-0.208006
-1.47142
-2.10818
-2.28926
-2.02419
-2.01215
-1.40249
-4.81765
0.539785
-6.14984
-3.51071
-2.23462
-1.28986
-3.55425
-2.58244
-2.58244
0.5

0.5
1.46644
-0.75122
-0.838066
-1.64038
-0.738147
-1.72445
-2.47647
-1.94621
-1.83623
-2.00215
-2.19217
-4.35813
-0.88948
-4.27054
-3.14615
-1.99898
-0.925866
-3.07633
-2.841
-2.841
0.5

0.5
0.543968
-0.201247
-0.756249
-0.941979
-1.45326
-2.01912
-2.74416
-1.44233
-1.82882
-2.13462
-2.72972
-0.0387887
-6.10978
-1.00498
-4.76172
-1.04238
-1.65293
-2.03943
-3.28875
-3.28875
0.5

0.5
0.0511544
0.00542779
-0.501776
-0.857901
-1.62107
-2.0718
-2.61809
-1.32037
-1.81536
-2.24315
-2.92172
2.2192
-8.66676
-0.500125
-4.54205
-0.987626
-2.21801
-1.1234
-3.44755
-3.44755
0.5

0.5
0.173253
-0.137346
-0.426891
-0.658553
-1.73522
-1.99074
-2.11491
-1.67599
-1.81502
-2.2187
-3.06686
-7.33065
2.01225
-2.61834
-2.66964
-1.98811
-1.69671
-1.14727
-2.84566
-2.84566
0.5

0.5
0.293783
-0.21443
-0.415344
-0.450402
-1.75547
-1.88057
-1.71749
-1.96058
-1.80905
-2.06651
-2.6309
-4.76062
-0.0503708
-4.03409
-1.68182
-2.28926
-1.04409
-1.76257
-2.07377
-2.07377
0.5

0.5
0.273089
-0.203205
-0.3673
-0.497824
-1.58548
-1.75932
-1.627
-1.87639
-1.72522
-1.88908
-2.23332
-5.75118
1.00089
-3.42224
-1.68534
-1.79938
-1.00445
-1.96239
-1.8063
-1.8063
0.5

0.5
0.273089
-0.203205
-0.3673
-0.497824
-1.58548
-1.75932
-1.627
-1.87639
-1.72522
-1.88908
-2.23332
-5.75118
1.00089
-3.42224
-1.68534
-1.79938
-1.00445
-1.96239
-1.8063
-1.8063
0.5


0.5
1.81549
-0.0922435
0.174749
0.723898
1.30999
2.0192
2.62118
2.98301
2.98382
3.40043
3.91844
4.21807
3.88725
2.68766
2.54653
7.22496
4.51603
1.95672
1.89923
1.89923
0.5

0.5
-1.81549
0.0922435
-0.174749
-0.723898
-1.30999
-2.0192
-2.62118
-2.98301
-2.98382
-3.40043
-3.91844
-4.21807
-3.88725
-2.68766
-2.54653
-7.22496
-4.51603
-1.95672
-1.89923
-1.89923
0.5

0.5
-1.05894
-0.236032
-0.407395
-0.689722
-1.0897
-1.60626
-1.97627
-2.11979
-2.03866
-2.31136
-2.69007
-2.94111
-2.59897
-1.74279
-1.48743
-4.9756
-2.09674
-1.69725
-1.52445
-1.52445
0.5

0.5
-0.742731
0.0356898
-0.30775
-0.631734
-1.06576
-1.71078
-2.09935
-2.22905
-2.15652
-2.42747
-2.78291
-3.0631
-2.55922
-1.88188
-1.63889
-4.79099
-2.74816
-2.17559
-1.94119
-1.94119
0.5

0.5
-0.675611
0.278496
-0.267168
-0.639563
-0.980075
-1.7261
-2.10608
-2.22023
-2.13481
-2.37887
-2.68195
-2.9262
-2.2972
-1.71156
-1.52946
-4.15
-3.49639
-2.62265
-2.18002
-2.18002
0.5

0.5
-0.713862
0.541961
-0.187528
-0.977961
-0.569157
-1.70922
-2.10379
-2.23096
-2.14144
-2.3479
-2.57195
-2.8231
-2.08161
-1.49843
-1.857
-3.82522
-4.0038
-2.87923
-2.33712
-2.33712
0.5

0.5
-0.563386
0.618463
-0.081377
-0.535337
-1.01086
-1.67691
-2.08143
-2.25071
-2.16896
-2.33141
-2.48358
-2.7395
-1.77944
-1.30975
-2.46845
-3.70313
-4.32037
-2.99582
-2.46541
-2.46541
0.5

0.5
-0.277006
0.572889
-0.0216284
0.729597
-2.13657
-1.87051
-2.09173
-2.14467
-2.3003
-2.29731
-2.22502
-2.87249
-1.32096
-1.67219
-2.99395
-3.54059
-4.50206
-3.10312
-2.56041
-2.56041
0.5

0.5
0.169031
0.355045
-0.0153912
0.4268
-1.96089
-1.94764
-2.05096
-2.09473
-2.39611
-2.22876
-1.8707
-3.03348
-0.785207
-3.21261
-3.90771
-2.52994
-3.97043
-3.26195
-2.6033
-2.6033
0.5

0.5
0.768641
-0.07868
-0.220544
-1.17053
-0.902827
-1.71564
-2.05426
-2.18325
-2.21213
-2.12013
-1.62923
-3.12688
-0.711408
-5.24619
-4.27174
-1.65402
-2.29759
-3.36976
-2.60684
-2.60684
0.5

0.5
1.14197
-0.463602
-0.60236
-1.8407
-0.555427
-1.65179
-2.22723
-2.08344
-1.94818
-2.0428
-1.89302
-2.85025
-1.76065
-5.91132
-3.33138
-2.0499
-0.24615
-3.17997
-2.64828
-2.64828
0.5

0.5
0.823778
-0.367406
-0.754289
-1.3309
-1.07031
-1.83216
-2.41692
-1.75801
-1.83607
-2.07776
-2.48346
-1.88519
-3.74809
-4.14702
-2.81278
-2.02581
-0.12444
-2.54332
-2.81672
-2.81672
0.5

0.5
0.293311
-0.0923591
-0.59706
-0.887822
-1.5006
-1.95201
-2.41252
-1.52487
-1.81414
-2.16082
-2.86559
-2.19921
-4.07057
-1.4277
-3.50102
-1.20655
-1.69527
-1.71075
-2.99021
-2.99021
0.5

0.5
0.170898
-0.0703704
-0.443624
-0.780397
-1.57474
-1.91996
-2.14335
-1.59992
-1.80177
-2.16938
-2.9201
-4.41698
-1.50939
-1.17874
-3.29492
-1.27905
-2.17122
-1.30821
-2.83041
-2.83041
0.5

0.5
0.273214
-0.152612
-0.411563
-0.625258
-1.59477
-1.8258
-1.79966
-1.79484
-1.7783
-2.07129
-2.66987
-4.03951
-1.04374
-2.85327
-2.24748
-1.84351
-1.41072
-1.53989
-2.33651
-2.33651
0.5

0.5
0.316336
-0.177721
-0.400391
-0.512403
-1.55365
-1.71727
-1.6037
-1.80831
-1.70453
-1.93059
-2.42467
-4.38084
-0.26533
-3.48333
-1.66874
-1.96436
-0.897285
-1.78596
-1.9821
-1.9821
0.5

0.5
0.316336
-0.177721
-0.400391
-0.512403
-1.55365
-1.71727
-1.6037
-1.80831
-1.70453
-1.93059
-2.42467
-4.38084
-0.26533
-3.48333
-1.66874
-1.96436
-0.897285
-1.78596
-1.9821
-1.9821
0.5


0.5
1.79165
-0.0607376
0.191158
0.788931
1.32547
2.04483
2.65954
3.02716
3.09051
3.4883
3.9662
4.21877
3.82023
2.72345
2.64588
7.24476
4.89979
2.03243
1.99235
1.99235
0.5

0.5
-1.79165
0.0607376
-0.191158
-0.788931
-1.32547
-2.04483
-2.65954
-3.02716
-3.09051
-3.4883
-3.9662
-4.21877
-3.82023
-2.72345
-2.64588
-7.24476
-4.89979
-2.03243
-1.99235
-1.99235
0.5

0.5
-0.952468
-0.300142
-0.416584
-0.724781
-1.04781
-1.53583
-1.88089
-2.04834
-2.02979
-2.26102
-2.58049
-2.77073
-2.38474
-1.67731
-1.53238
-4.28628
-2.50789
-1.77737
-1.52269
-1.52269
0.5

0.5
-0.60589
-0.0939418
-0.324047
-0.678289
-1.0759
-1.66864
-2.04651
-2.21701
-2.21268
-2.44935
-2.76543
-3.00102
-2.59084
-1.96524
-1.84259
-4.64276
-2.72209
-2.23781
-1.98205
-1.98205
0.5

0.5
-0.424787
0.105056
-0.272899
-0.664793
-1.01147
-1.68503
-2.04889
-2.19987
-2.18998
-2.39261
-2.65557
-2.87849
-2.4311
-1.90769
-1.81894
-4.27413
-2.94136
-2.56589
-2.23155
-2.23155
0.5

0.5
-0.377045
0.311624
-0.207348
-0.64134
-0.951266
-1.70834
-2.05254
-2.20851
-2.19723
-2.36394
-2.56253
-2.78371
-2.31079
-1.80486
-1.81523
-4.06295
-3.45051
-2.81688
-2.40493
-2.40493
0.5

0.5
-0.253785
0.431692
-0.119206
-0.707705
-0.898751
-1.68742
-2.04643
-2.22223
-2.22024
-2.34235
-2.4659
-2.69084
-2.19922
-1.67469
-2.08646
-3.91665
-3.90874
-2.97851
-2.54337
-2.54337
0.5

0.5
-0.00858163
0.430513
-0.0565134
-0.233574
-1.40934
-1.74479
-2.04844
-2.20561
-2.26703
-2.319
-2.33141
-2.65481
-2.06018
-1.60893
-2.58226
-3.51557
-4.49108
-3.06082
-2.64324
-2.64324
0.5

0.5
0.296428
0.31905
-0.0647485
0.317652
-1.98086
-1.90839
-2.05785
-2.14965
-2.31393
-2.26937
-2.12049
-2.65945
-1.83149
-2.1215
-3.39484
-2.44968
-4.66666
-3.10037
-2.67426
-2.67426
0.5

0.5
0.612702
0.0762341
-0.182367
-0.379621
-1.55181
-1.87787
-2.0602
-2.12627
-2.24118
-2.18507
-1.93147
-2.60639
-1.59283
-3.63468
-4.31298
-1.06328
-3.48291
-3.12573
-2.64219
-2.64219
0.5

0.5
0.831699
-0.209562
-0.439476
-1.40064
-0.881127
-1.73178
-2.10894
-2.07166
-2.03856
-2.09478
-1.95879
-2.52336
-1.74502
-5.21582
-4.13929
-0.961197
-1.12452
-3.05386
-2.61386
-2.61386
0.5

0.5
0.777224
-0.312929
-0.649542
-1.47151
-0.920067
-1.73847
-2.1956
-1.88943
-1.87314
-2.06545
-2.30647
-2.50662
-2.43807
-5.21547
-3.0683
-1.90647
0.506821
-2.67898
-2.65198
-2.65198
0.5

0.5
0.483426
-0.186602
-0.627165
-1.03228
-1.31902
-1.83025
-2.20554
-1.69192
-1.8078
-2.0988
-2.68198
-2.93555
-2.77908
-3.4358
-2.45146
-2.25838
-0.0543691
-2.0339
-2.70977
-2.70977
0.5

0.5
0.280814
-0.0910818
-0.490591
-0.786182
-1.50835
-1.84525
-2.06137
-1.63756
-1.78103
-2.1096
-2.78457
-3.54378
-2.28891
-1.83651
-2.58329
-1.66082
-1.57237
-1.53224
-2.64058
-2.64058
0.5

0.5
0.279473
-0.114839
-0.418566
-0.69077
-1.50847
-1.77572
-1.82332
-1.70184
-1.74446
-2.04367
-2.63956
-3.54127
-1.74119
-2.02655
-2.50356
-1.42051
-1.7893
-1.47053
-2.38831
-2.38831
0.5

0.5
0.319206
-0.145922
-0.403025
-0.603964
-1.46204
-1.6787
-1.63476
-1.70304
-1.6722
-1.93089
-2.45653
-3.55209
-1.16663
-2.78063
-2.11812
-1.6724
-1.24226
-1.57062
-2.15079
-2.15079
0.5

0.5
0.319206
-0.145922
-0.403025
-0.603964
-1.46204
-1.6787
-1.63476
-1.70304
-1.6722
-1.93089
-2.45653
-3.55209
-1.16663
-2.78063
-2.11812
-1.6724
-1.24226
-1.57062
-2.15079
-2.15079
0.5


0.5
1.79537
-0.0448936
0.20589
0.842609
1.36371
2.09939
2.72615
3.10607
3.19694
3.59291
4.05669
4.27257
3.86753
2.75165
2.66936
7.36908
5.16577
2.11694
2.08671
2.08671
0.5

0.5
-1.79537
0.0448936
-0.20589
-0.842609
-1.36371
-2.09939
-2.72615
-3.10607
-3.19694
-3.59291
-4.05669
-4.27257
-3.86753
-2.75165
-2.66936
-7.36908
-5.16577
-2.11694
-2.08671
-2.08671
0.5

0.5
-0.88279
-0.303524
-0.410534
-0.737185
-0.997889
-1.4693
-1.79143
-1.95718
-1.97023
-2.17405
-2.45187
-2.59117
-2.19392
-1.54309
-1.36103
-3.94646
-2.60751
-1.74992
-1.49356
-1.49356
0.5

0.5
-0.563718
-0.148588
-0.339899
-0.70862
-1.08631
-1.65868
-2.03153
-2.22133
-2.25527
-2.47648
-2.76845
-2.96171
-2.60175
-1.99431
-1.93636
-4.44028
-2.91834
-2.31989
-2.01625
-2.01625
0.5

0.5
-0.308099
0.0306806
-0.279518
-0.683259
-1.02109
-1.66888
-2.0201
-2.18912
-2.22093
-2.40242
-2.63916
-2.82788
-2.5042
-1.99985
-1.98963
-4.20277
-2.81894
-2.58835
-2.26652
-2.26652
0.5

0.5
-0.201902
0.207316
-0.208553
-0.629744
-1.01464
-1.68631
-2.02416
-2.1976
-2.22984
-2.37473
-2.55441
-2.73459
-2.45318
-1.96469
-2.00693
-4.10104
-3.13744
-2.80194
-2.44912
-2.44912
0.5

0.5
-0.0509501
0.318307
-0.135233
-0.55807
-1.07488
-1.70604
-2.02753
-2.20822
-2.25222
-2.35237
-2.46115
-2.65296
-2.41766
-1.89829
-2.12988
-4.07414
-3.545
-2.96956
-2.59665
-2.59665
0.5

0.5
0.182525
0.335139
-0.0792609
-0.399481
-1.31159
-1.74128
-2.03417
-2.20772
-2.27639
-2.32833
-2.35834
-2.59869
-2.36913
-1.83033
-2.41138
-3.76508
-4.2105
-3.04067
-2.69264
-2.69264
0.5

0.5
0.438358
0.25696
-0.0929591
-0.119067
-1.67313
-1.84605
-2.04907
-2.17083
-2.27276
-2.28065
-2.2273
-2.56747
-2.22601
-1.99877
-3.00345
-2.506
-4.75135
-3.02045
-2.70273
-2.70273
0.5

0.5
0.621518
0.096254
-0.197391
-0.293128
-1.64488
-1.88497
-2.05964
-2.10665
-2.19894
-2.20322
-2.1097
-2.52719
-1.97222
-2.8553
-3.92361
-0.782937
-3.97832
-2.97112
-2.64469
-2.64469
0.5

0.5
0.691148
-0.0966662
-0.384537
-1.00418
-1.1738
-1.79171
-2.06773
-2.02303
-2.04747
-2.11921
-2.10499
-2.51951
-1.79097
-4.24664
-4.22183
-0.339297
-1.69774
-2.89376
-2.60085
-2.60085
0.5

0.5
0.654409
-0.215882
-0.560409
-1.33041
-1.00272
-1.73118
-2.08333
-1.89769
-1.89601
-2.0706
-2.28614
-2.65378
-1.93051
-4.8992
-3.44449
-1.32557
0.262705
-2.6248
-2.61429
-2.61429
0.5

0.5
0.522882
-0.195858
-0.595159
-1.10255
-1.22809
-1.75932
-2.06411
-1.7578
-1.80533
-2.06482
-2.54155
-2.95612
-2.23478
-4.01567
-2.53212
-2.22105
0.356798
-2.1133
-2.61489
-2.61489
0.5

0.5
0.375467
-0.124679
-0.509193
-0.823496
-1.43108
-1.77384
-1.95911
-1.67488
-1.75425
-2.0533
-2.64808
-3.19117
-2.32028
-2.56813
-2.22013
-2.07642
-0.856056
-1.6424
-2.51755
-2.51755
0.5

0.5
0.31586
-0.10896
-0.430141
-0.705538
-1.45488
-1.72373
-1.79367
-1.65816
-1.70407
-1.99515
-2.56512
-3.19159
-2.06586
-1.9761
-2.28482
-1.48426
-1.61759
-1.47266
-2.34177
-2.34177
0.5

0.5
0.32097
-0.122888
-0.40098
-0.654846
-1.39954
-1.6416
-1.65093
-1.62202
-1.63214
-1.9013
-2.42798
-3.13029
-1.68889
-2.12456
-2.23024
-1.32122
-1.50916
-1.46454
-2.19004
-2.19004
0.5

0.5
0.32097
-0.122888
-0.40098
-0.654846
-1.39954
-1.6416
-1.65093
-1.62202
-1.63214
-1.9013
-2.42798
-3.13029
-1.68889
-2.12456
-2.23024
-1.32122
-1.50916
-1.46454
-2.19004
-2.19004
0.5


0.5
1.83182
-0.0471477
0.21938
0.888683
1.4232
2.18987
2.83135
3.21541
3.31334
3.72047
4.18767
4.39162
3.9876
2.80659
2.70688
7.52751
5.29747
2.20878
2.18747
2.18747
0.5

0.5
-1.83182
0.0471477
-0.21938
-0.888683
-1.4232
-2.18987
-2.83135
-3.21541
-3.31334
-3.72047
-4.18767
-4.39162
-3.9876
-2.80659
-2.70688
-7.52751
-5.29747
-2.20878
-2.18747
-2.18747
0.5

0.5
-0.806597
-0.282548
-0.391277
-0.702681
-0.946852
-1.39219
-1.6868
-1.83545
-1.85094
-2.03868
-2.29117
-2.40313
-2.02327
-1.39095
-1.16351
-3.58674
-2.43023
-1.6621
-1.42696
-1.42696
0.5

0.5
-0.554557
-0.14897
-0.344371
-0.73717
-1.09953
-1.6884
-2.06087
-2.25214
-2.29583
-2.51712
-2.80241
-2.97517
-2.63888
-2.00783
-1.94775
-4.39823
-3.02294
-2.39039
-2.06343
-2.06343
0.5

0.5
-0.277623
0.0261796
-0.279298
-0.680675
-1.03
-1.67979
-2.0221
-2.19162
-2.23408
-2.41162
-2.63844
-2.80433
-2.53918
-2.01938
-2.0226
-4.20185
-2.85253
-2.62005
-2.28571
-2.28571
0.5

0.5
-0.154128
0.192422
-0.204078
-0.637465
-1.02203
-1.68902
-2.02143
-2.19599
-2.24093
-2.37998
-2.55061
-2.70791
-2.51384
-2.00881
-2.0877
-4.19177
-3.13273
-2.8098
-2.46249
-2.46249
0.5

0.5
0.0189951
0.28949
-0.132278
-0.524122
-1.12657
-1.70978
-2.02363
-2.20453
-2.26352
-2.35595
-2.45781
-2.62982
-2.49909
-1.96635
-2.24377
-4.20956
-3.54771
-2.96165
-2.60805
-2.60805
0.5

0.5
0.262966
0.299504
-0.0839408
-0.352635
-1.37595
-1.75543
-2.0309
-2.20144
-2.28208
-2.32743
-2.35671
-2.58662
-2.4586
-1.92812
-2.52134
-3.91331
-4.23308
-3.01644
-2.69442
-2.69442
0.5

0.5
0.514879
0.218523
-0.104812
-0.193205
-1.6394
-1.83468
-2.0388
-2.15962
-2.25393
-2.26889
-2.23997
-2.56379
-2.29562
-2.08488
-2.98406
-2.51181
-4.7168
-2.97475
-2.68359
-2.68359
0.5

0.5
0.668003
0.0707215
-0.21415
-0.399055
-1.55378
-1.85166
-2.04418
-2.07942
-2.15499
-2.18405
-2.15092
-2.54947
-1.99232
-2.80979
-3.63199
-0.668159
-3.83011
-2.91541
-2.61326
-2.61326
0.5

0.5
0.688261
-0.0891095
-0.387135
-0.947024
-1.18214
-1.77804
-2.04786
-1.97548
-2.00879
-2.10599
-2.16964
-2.57823
-1.7311
-3.96717
-3.859
-0.228235
-1.57779
-2.84146
-2.58092
-2.58092
0.5

0.5
0.62266
-0.18474
-0.537423
-1.23219
-1.05491
-1.72998
-2.04723
-1.85589
-1.87682
-2.06373
-2.32083
-2.70733
-1.77747
-4.53333
-3.31065
-1.17781
0.241231
-2.57607
-2.60907
-2.60907
0.5

0.5
0.513483
-0.178862
-0.567638
-1.07212
-1.23915
-1.73978
-2.00364
-1.73895
-1.78707
-2.04431
-2.50161
-2.89757
-2.07939
-3.85279
-2.57243
-2.13169
0.322805
-2.07149
-2.59403
-2.59403
0.5

0.5
0.398235
-0.129117
-0.496091
-0.820179
-1.40508
-1.73195
-1.88706
-1.66097
-1.72092
-2.00839
-2.56108
-3.00245
-2.2717
-2.62971
-2.21854
-2.08891
-0.791907
-1.61602
-2.46259
-2.46259
0.5

0.5
0.337372
-0.111522
-0.425355
-0.695192
-1.42109
-1.67639
-1.73853
-1.62308
-1.65797
-1.93937
-2.48207
-2.97996
-2.13082
-1.99165
-2.19463
-1.47432
-1.53504
-1.44145
-2.2832
-2.2832
0.5

0.5
0.331184
-0.117821
-0.395721
-0.649707
-1.36725
-1.60051
-1.62212
-1.57065
-1.58398
-1.85003
-2.36609
-2.91482
-1.84965
-1.95377
-2.12655
-1.21254
-1.50558
-1.40839
-2.15218
-2.15218
0.5

0.5
0.331184
-0.117821
-0.395721
-0.649707
-1.36725
-1.60051
-1.62212
-1.57065
-1.58398
-1.85003
-2.36609
-2.91482
-1.84965
-1.95377
-2.12655
-1.21254
-1.50558
-1.40839
-2.15218
-2.15218
0.5


0.5
0.5
0.5
0.5
0.5
0.5
0.5
0.5
0.5
0.5
0.5
0.5
0.5
0.5
0.5
0.5
0.5
0.5
0.5
0.5
0.5
0.5

0.5
-1.83182
0.0471477
-0.21938
-0.888683
-1.4232
-2.18987
-2.83135
-3.21541
-3.31334
-3.72047
-4.18767
-4.39162
-3.9876
-2.80659
-2.70688
-7.52751
-5.29747
-2.20878
-2.18747
-2.18747
0.5

0.5
-0.806597
-0.282548
-0.391277
-0.702681
-0.946852
-1.39219
-1.6868
-1.83545
-1.85094
-2.03868
-2.29117
-2.40313
-2.02327
-1.39095
-1.16351
-3.58674
-2.43023
-1.6621
-1.42696
-1.42696
0.5

0.5
-0.554557
-0.14897
-0.344371
-0.73717
-1.09953
-1.6884
-2.06087
-2.25214
-2.29583
-2.51712
-2.80241
-2.97517
-2.63888
-2.00783
-1.94775
-4.39823
-3.02294
-2.39039
-2.06343
-2.06343
0.5

0.5
-0.277623
0.0261796
-0.279298
-0.680675
-1.03
-1.67979
-2.0221
-2.19162
-2.23408
-2.41162
-2.63844
-2.80433
-2.53918
-2.01938
-2.0226
-4.20185
-2.85253
-2.62005
-2.28571
-2.28571
0.5

0.5
-0.154128
0.192422
-0.204078
-0.637465
-1.02203
-1.68902
-2.02143
-2.19599
-2.24093
-2.37998
-2.55061
-2.70791
-2.51384
-2.00881
-2.0877
-4.19177
-3.13273
-2.8098
-2.46249
-2.46249
0.5

0.5
0.0189951
0.28949
-0.132278
-0.524122
-1.12657
-1.70978
-2.02363
-2.20453
-2.26352
-2.35595
-2.45781
-2.62982
-2.49909
-1.96635
-2.24377
-4.20956
-3.54771
-2.96165
-2.60805
-2.60805
0.5

0.5
0.262966
0.299504
-0.0839408
-0.352635
-1.37595
-1.75543
-2.0309
-2.20144
-2.28208
-2.32743
-2.35671
-2.58662
-2.4586
-1.92812
-2.52134
-3.91331
-4.23308
-3.01644
-2.69442
-2.69442
0.5

0.5
0.514879
0.218523
-0.104812
-0.193205
-1.6394
-1.83468
-2.0388
-2.15962
-2.25393
-2.26889
-2.23997
-2.56379
-2.29562
-2.08488
-2.98406
-2.51181
-4.7168
-2.97475
-2.68359
-2.68359
0.5

0.5
0.668003
0.0707215
-0.21415
-0.399055
-1.55378
-1.85166
-2.04418
-2.07942
-2.15499
-2.18405
-2.15092
-2.54947
-1.99232
-2.80979
-3.63199
-0.668159
-3.83011
-2.91541
-2.61326
-2.61326
0.5

0.5
0.688261
-0.0891095
-0.387135
-0.947024
-1.18214
-1.77804
-2.04786
-1.97548
-2.00879
-2.10599
-2.16964
-2.57823
-1.7311
-3.96717
-3.859
-0.228235
-1.57779
-2.84146
-2.58092
-2.58092
0.5

0.5
0.62266
-0.18474
-0.537423
-1.23219
-1.05491
-1.72998
-2.04723
-1.85589
-1.87682
-2.06373
-2.32083
-2.70733
-1.77747
-4.53333
-3.31065
-1.17781
0.241231
-2.57607
-2.60907
-2.60907
0.5

0.5
0.513483
-0.178862
-0.567638
-1.07212
-1.23915
-1.73978
-2.00364
-1.73895
-1.78707
-2.04431
-2.50161
-2.89757
-2.07939
-3.85279
-2.57243
-2.13169
0.322805
-2.07149
-2.59403
-2.59403
0.5

0.5
0.398235
-0.129117
-0.496091
-0.820179
-1.40508
-1.73195
-1.88706
-1.66097
-1.72092
-2.00839
-2.56108
-3.00245
-2.2717
-2.62971
-2.21854
-2.08891
-0.791907
-1.61602
-2.46259
-2.46259
0.5

0.5
0.337372
-0.111522
-0.425355
-0.695192
-1.42109
-1.67639
-1.73853
-1.62308
-1.65797
-1.93937
-2.48207
-2.97996
-2.13082
-1.99165
-2.19463
-1.47432
-1.53504
-1.44145
-2.2832
-2.2832
0.5

0.5
0.331184
-0.117821
-0.395721
-0.649707
-1.36725
-1.60051
-1.62212
-1.57065
-1.58398
-1.85003
-2.36609
-2.91482
-1.84965
-1.95377
-2.12655
-1.21254
-1.50558
-1.40839
-2.15218
-2.15218
0.5

0.5
0.380465
-0.045689
-0.31149
-0.571946
-1.19644
-1.43668
-1.49868
-1.47022
-1.52693
-1.78201
-2.18768
-2.38793
-2.0891
-1.9686
-1.95176
-1.22744
-1.31232
-1.39966
-2.04319
-2.04319
0.5


