0.5
0.5
0.342753
0.5
0.5
0.5
0.5
0.395228
0.5
0.5
0.407492
0.5
0.5
0.5
0.5
0.5
0.5
0.5
0.5
0.5
0.5
0.5

0.5
0.333535
0.55017
0.58584
0.659373
0.381383
0.124329
0.38551
-0.348493
0.625742
0.220908
-0.0606481
0.854595
-0.0537361
0.642975
1.37118
0.104189
0.143894
-0.193552
-0.139107
-0.139107
0.5

0.5
0.34321
0.427994
0.534152
0.607143
0.365221
0.090162
0.350189
0.377159
-0.235415
0.155235
-0.0436701
0.820061
0.733777
0.62166
1.74864
-0.372138
0.104401
-0.222042
-0.156824
-0.156824
0.5

0.5
0.328994
0.482129
0.556774
0.580316
0.173673
0.331198
0.394273
0.250615
-0.0835682
0.153521
0.449377
0.179366
0.654549
0.697803
0.510226
1.53395
0.142118
-0.246066
-0.151378
-0.151378
0.5

0.5
0.345668
0.482512
0.541764
0.470055
0.300648
0.308751
0.305454
0.315017
6.47597e-05
0.166026
0.464648
0.136503
0.599322
0.697126
0.1763
1.07163
0.168756
-0.279553
-0.144006
-0.144006
0.5

0.5
0.404289
0.498793
0.482954
0.486678
0.26495
0.280735
0.3333
0.219736
0.170875
0.184058
0.450524
-0.00526774
0.587211
0.761644
0.189817
1.06196
0.169079
-0.344349
-0.133865
-0.133865
0.5

0.5
0.422863
0.498825
0.457784
0.521849
0.238037
0.247735
0.380789
0.130684
0.0732626
0.185842
0.375466
0.419614
0.614403
0.88511
0.148433
1.08901
0.236875
-0.514152
-0.122929
-0.122929
0

0.5
0.430067
0.494654
0.464077
0.557913
0.21256
0.214371
0.368739
0.0866317
0.118259
0.185148
0.331542
0.370299
0.655168
0.831014
0.35913
1.1726
0.257794
-0.621083
-0.117807
-0.117807
0.5

0.5
0.434426
0.491737
0.476364
0.571405
0.207739
0.187585
-0.106805
0.589273
0.171617
0.182694
0.289525
0.383956
0.696545
1.74864
0.398829
1.26726
0.259348
-0.71608
-0.169047
-0.169047
0.5

0.5
0.438496
0.490916
0.497604
0.464027
0.26495
0.193254
-0.0622828
0.462113
0.195041
0.179491
0.252382
0.360682
0.841237
0.465114
0.209499
1.4188
0.254162
-0.523378
-0.410996
-0.410996
0.5

0.5
0.443266
0.491951
0.520422
0.181936
0.49081
0.280735
-0.00219911
0.397433
0.203111
0.187552
0.217443
0.23373
1.06689
0.703424
0.0755773
1.76115
0.124905
-0.61912
-0.432411
-0.432411
0.5

0.5
0.449862
0.494817
0.517007
0.356579
0.260102
0.215896
0.0364648
0.349533
0.201399
0.252382
0.183512
-0.0537361
1.4293
0.393828
0.0302039
2.1768
0.122698
-0.683989
-0.410513
-0.410513
0.5

0.5
0.460839
0.495841
0.522528
0.453475
0.201048
0.174501
0.0782111
0.289905
0.190863
0.151052
0.146873
0.105105
0.93528
-0.271096
0.418561
3.01602
0.155575
-0.779141
-0.374445
-0.374445
0.5

0.5
0.475132
0.496364
0.534152
0.536513
0.131327
0.145228
0.176556
0.162745
0.170875
0.185842
0.116829
0.186115
0.285673
-2.23417
1.25191
4.76543
0.242052
-0.857172
-0.337524
-0.337524
0.5

0.5
0.475279
0.497602
0.545199
0.621534
0.0434468
0.111923
0.163619
0.151675
0.150629
0.107758
0.084628
0.071401
-0.684122
0.698895
0.433071
5.04625
0.33133
-0.864032
-0.30456
-0.30456
0.5

0.5
0.455131
0.482954
0.535894
0.666877
-0.0582919
0.0746467
0.130751
0.134175
0.12624
0.0954419
0.0578827
0.0100952
-0.0664247
0.218622
0.465114
-0.171586
-0.208628
-0.344349
-0.281414
-0.281414
0.5

0.5
0.5
0.5
0.5
0.5
0.5
0.5
0.5
0.5
0.5
0.5
0.5
0.5
0.5
0.5
0.5
0.5
0.5
0.5
0.5
0.5
0.5


0.5
-0.333535
-0.55017
-0.58584
-0.659373
-0.381383
-0.124329
-0.38551
0.348493
-0.625742
-0.220908
0.0606481
-0.854595
0.0537361
-0.642975
-1.37118
-0.104189
-0.143894
0.193552
0.139107
0.139107
0.5

0.5
0.333535
0.55017
0.58584
0.659373
0.381383
0.124329
0.38551
-0.348493
0.625742
0.220908
-0.0606481
0.854595
-0.0537361
0.642975
1.37118
0.104189
0.143894
-0.193552
-0.139107
-0.139107
0.5

0.5
0.34321
0.427994
0.534152
0.607143
0.365221
0.090162
0.350189
0.377159
-0.235415
0.155235
-0.0436701
0.820061
0.733777
0.62166
1.74864
-0.372138
0.104401
-0.222042
-0.156824
-0.156824
0.5

0.5
0.328994
0.482129
0.556774
0.580316
0.173673
0.331198
0.394273
0.250615
-0.0835682
0.153521
0.449377
0.179366
0.654549
0.697803
0.510226
1.53395
0.142118
-0.246066
-0.151378
-0.151378
0.5

0.5
0.345668
0.482512
0.541764
0.470055
0.300648
0.308751
0.305454
0.315017
6.47597e-05
0.166026
0.464648
0.136503
0.599322
0.697126
0.1763
1.07163
0.168756
-0.279553
-0.144006
-0.144006
0.5

0.5
0.404289
0.498793
0.482954
0.486678
0.26495
0.280735
0.3333
0.219736
0.170875
0.184058
0.450524
-0.00526774
0.587211
0.761644
0.189817
1.06196
0.169079
-0.344349
-0.133865
-0.133865
0.5

0.5
0.422863
0.498825
0.457784
0.521849
0.238037
0.247735
0.380789
0.130684
0.0732626
0.185842
0.375466
0.419614
0.614403
0.88511
0.148433
1.08901
0.236875
-0.514152
-0.122929
-0.122929
0.281249

0.5
0.430067
0.494654
0.464077
0.557913
0.21256
0.214371
0.368739
0.0866317
0.118259
0.185148
0.331542
0.370299
0.655168
0.831014
0.35913
1.1726
0.257794
-0.621083
-0.117807
-0.117807
0.5

0.5
0.434426
0.491737
0.476364
0.571405
0.207739
0.187585
-0.106805
0.589273
0.171617
0.182694
0.289525
0.383956
0.696545
1.74864
0.398829
1.26726
0.259348
-0.71608
-0.169047
-0.169047
0.5

0.5
0.438496
0.490916
0.497604
0.464027
0.26495
0.193254
-0.0622828
0.462113
0.195041
0.179491
0.252382
0.360682
0.841237
0.465114
0.209499
1.4188
0.254162
-0.523378
-0.410996
-0.410996
0.5

0.5
0.443266
0.491951
0.520422
0.181936
0.49081
0.280735
-0.00219911
0.397433
0.203111
0.187552
0.217443
0.23373
1.06689
0.703424
0.0755773
1.76115
0.124905
-0.61912
-0.432411
-0.432411
0.5

0.5
0.449862
0.494817
0.517007
0.356579
0.260102
0.215896
0.0364648
0.349533
0.201399
0.252382
0.183512
-0.0537361
1.4293
0.393828
0.0302039
2.1768
0.122698
-0.683989
-0.410513
-0.410513
0.5

0.5
0.460839
0.495841
0.522528
0.453475
0.201048
0.174501
0.0782111
0.289905
0.190863
0.151052
0.146873
0.105105
0.93528
-0.271096
0.418561
3.01602
0.155575
-0.779141
-0.374445
-0.374445
0.5

0.5
0.475132
0.496364
0.534152
0.536513
0.131327
0.145228
0.176556
0.162745
0.170875
0.185842
0.116829
0.186115
0.285673
-2.23417
1.25191
4.76543
0.242052
-0.857172
-0.337524
-0.337524
0.5

0.5
0.475279
0.497602
0.545199
0.621534
0.0434468
0.111923
0.163619
0.151675
0.150629
0.107758
0.084628
0.071401
-0.684122
0.698895
0.433071
5.04625
0.33133
-0.864032
-0.30456
-0.30456
0.5

0.5
0.455131
0.482954
0.535894
0.666877
-0.0582919
0.0746467
0.130751
0.134175
0.12624
0.0954419
0.0578827
0.0100952
-0.0664247
0.218622
0.465114
-0.171586
-0.208628
-0.344349
-0.281414
-0.281414
0.5

0.5
0.455131
0.482954
0.535894
0.666877
-0.0582919
0.0746467
0.130751
0.134175
0.12624
0.0954419
0.0578827
0.0100952
-0.0664247
0.218622
0.465114
-0.137872
-0.281414
-0.344349
-0.281414
-0.281414
0.5


0.5
-0.0614153
-0.849839
-0.586416
-0.586006
-0.273698
-0.225565
-0.316801
-0.431205
0.0944238
-0.19482
-0.276196
-0.422578
-0.793236
-0.673659
-0.56781
-0.723743
-0.434399
0.089399
0.0611545
0.0611545
0.5

0.5
0.0614153
0.849839
0.586416
0.586006
0.273698
0.225565
0.316801
0.431205
-0.0944238
0.19482
0.276196
0.422578
0.793236
0.673659
0.56781
0.723743
0.434399
-0.089399
-0.0611545
-0.0611545
0.5

0.5
-0.0657506
0.975886
0.553491
0.511589
0.344066
0.211112
0.291172
0.285466
0.0532233
0.173947
0.186252
0.471507
0.606228
0.595594
0.857404
0.47462
0.300841
-0.126233
-0.0860915
-0.0860915
0.5

0.5
0.102222
0.74748
0.53959
0.487228
0.366027
0.244584
0.308164
0.285432
0.0203942
0.175697
0.216163
0.492485
0.595361
0.613028
0.271391
1.24444
0.241871
-0.155616
-0.0841833
-0.0841833
0.5

0.5
0.256091
0.609182
0.52273
0.468891
0.319114
0.290711
0.319366
0.255093
0.0454659
0.179876
0.341339
0.430307
0.527654
0.623507
0.246141
0.96693
0.27475
-0.188751
-0.0831349
-0.0831349
0.5

0.5
0.361653
0.521047
0.510403
0.4553
0.315579
0.288547
0.291448
0.256452
0.0679231
0.187353
0.366226
0.457899
0.54818
0.636413
0.24785
0.967131
0.289823
-0.242171
-0.0828916
-0.0828916
0.5

0.5
0.408794
0.506642
0.481686
0.461035
0.29715
0.271989
0.279549
0.238763
0.119224
0.194341
0.336281
0.32743
0.551965
0.748143
0.258808
0.971946
0.258449
-0.244431
-0.083956
-0.083956
0.5

0.5
0.429486
0.499962
0.47825
0.478678
0.275903
0.250257
0.255366
0.236674
0.143209
0.194362
0.309106
0.336852
0.587325
0.529233
0.397743
1.02302
0.286058
-0.316435
-0.0997245
-0.0997245
0.5

0.5
0.440357
0.496271
0.482874
0.472489
0.281702
0.231031
0.157284
0.294439
0.167021
0.191592
0.277355
0.306578
0.633866
0.371836
0.443265
1.08323
0.313795
-0.363067
-0.125092
-0.125092
0.5

0.5
0.447913
0.495349
0.492888
0.36855
0.369574
0.233911
0.0672351
0.364742
0.192473
0.186352
0.245157
0.23549
0.720997
0.682217
0.428095
1.18849
0.319612
-0.435149
-0.138629
-0.138629
0.5

0.5
0.454749
0.496755
0.504961
0.222192
0.472081
0.256785
0.0816998
0.336885
0.20149
0.175412
0.212562
0.0506478
0.954904
0.387623
0.297284
1.3731
0.339475
-0.407175
-0.233262
-0.233262
0.5

0.5
0.462211
0.50002
0.510828
0.365269
0.289121
0.227816
0.10193
0.301661
0.201434
0.156615
0.179838
-0.264169
1.27978
-0.098391
0.270347
1.50087
0.330654
-0.40839
-0.257077
-0.257077
0.5

0.5
0.471791
0.503549
0.51715
0.446079
0.235079
0.198291
0.121472
0.265913
0.195222
0.156257
0.151838
-0.0757045
0.745333
-0.700286
0.567882
2.17692
0.325435
-0.443275
-0.250548
-0.250548
0.5

0.5
0.483998
0.504758
0.526587
0.504987
0.186757
0.171987
0.146843
0.223948
0.182638
0.137581
0.125876
0.0928582
0.197767
-0.736665
1.05992
3.08062
0.394342
-0.456801
-0.237958
-0.237958
0.5

0.5
0.489467
0.501615
0.534307
0.558547
0.128091
0.142356
0.166198
0.173295
0.162041
0.130859
0.10016
0.0704412
-0.257901
0.415504
0.211287
4.45483
0.640282
-0.445556
-0.225462
-0.225462
0.5

0.5
0.46797
0.486002
0.521551
0.575302
0.0624482
0.10788
0.144767
0.146243
0.137817
0.109338
0.0754233
0.0299751
-0.0341554
0.133686
0.307993
3.78849
0.725069
-0.778992
-0.211275
-0.211275
0.5

0.5
0.46797
0.486002
0.521551
0.575302
0.0624482
0.10788
0.144767
0.146243
0.137817
0.109338
0.0754233
0.0299751
-0.0341554
0.133686
0.307993
3.78849
0.725069
-0.778992
-0.211275
-0.211275
0.5


0.5
-0.169199
-0.750981
-0.564829
-0.483862
-0.109096
-0.237128
-0.322824
-0.266545
-0.169329
-0.220537
-0.26624
-0.479343
-0.565822
-0.587269
-0.40935
-0.820604
-0.356246
0.029296
0.0023446
0.0023446
0.5

0.5
0.169199
0.750981
0.564829
0.483862
0.109096
0.237128
0.322824
0.266545
0.169329
0.220537
0.26624
0.479343
0.565822
0.587269
0.40935
0.820604
0.356246
-0.029296
-0.0023446
-0.0023446
0.5

0.5
0.118446
0.718969
0.511786
0.394629
0.304842
0.231848
0.284868
0.254872
0.0981979
0.184556
0.233378
0.417638
0.537842
0.534672
0.454469
0.641699
0.290571
-0.0650768
-0.0319112
-0.0319112
0.5

0.5
0.18329
0.673241
0.513667
0.446067
0.369308
0.256216
0.287045
0.26147
0.0936752
0.187176
0.243356
0.406308
0.535629
0.536631
0.274698
0.882258
0.283803
-0.0778454
-0.0305525
-0.0305525
0.5

0.5
0.270859
0.600522
0.507874
0.448178
0.354168
0.277559
0.289193
0.256438
0.100906
0.190003
0.283177
0.367158
0.527018
0.542163
0.223681
0.960165
0.304324
-0.100423
-0.0311518
-0.0311518
0.5

0.5
0.3472
0.540052
0.497444
0.438161
0.334726
0.283837
0.279221
0.25149
0.121409
0.194405
0.311027
0.330582
0.508486
0.546305
0.342198
0.902511
0.308522
-0.12267
-0.0329721
-0.0329721
0.5

0.5
0.397003
0.50909
0.48734
0.439929
0.318589
0.275345
0.264313
0.245808
0.139923
0.198015
0.30301
0.331825
0.505438
0.567893
0.3788
0.885241
0.310474
-0.15487
-0.0377229
-0.0377229
0.5

0.5
0.424609
0.498307
0.479822
0.451321
0.299547
0.259299
0.246541
0.241929
0.1584
0.198656
0.286099
0.316063
0.510528
0.611009
0.409016
0.908295
0.309814
-0.182983
-0.0455012
-0.0455012
0.5

0.5
0.440177
0.494174
0.479548
0.453933
0.291773
0.241577
0.208147
0.260255
0.175148
0.196623
0.263961
0.288088
0.531553
0.566654
0.495039
0.963098
0.316001
-0.224146
-0.0576771
-0.0576771
0.5

0.5
0.450346
0.493384
0.48425
0.404724
0.327501
0.231908
0.154642
0.290755
0.19047
0.1926
0.238411
0.237605
0.569464
0.506173
0.49752
1.02686
0.309306
-0.260615
-0.0755412
-0.0755412
0.5

0.5
0.458531
0.495021
0.49225
0.293633
0.407553
0.238772
0.136245
0.292771
0.199467
0.186829
0.211134
0.141389
0.638657
0.460133
0.453966
1.14296
0.273726
-0.27248
-0.103833
-0.103833
0.5

0.5
0.466495
0.498648
0.498579
0.337987
0.342362
0.238312
0.142467
0.274902
0.200719
0.179461
0.183566
-0.0077773
0.732544
0.17275
0.401833
1.46633
0.331262
-0.259455
-0.1326
-0.1326
0.5

0.5
0.475379
0.503361
0.506103
0.424103
0.264839
0.213715
0.151395
0.251207
0.196293
0.168603
0.15866
-0.0118348
0.624074
-0.29392
0.482822
2.07898
0.448007
-0.239959
-0.138428
-0.138428
0.5

0.5
0.485346
0.506471
0.515282
0.473878
0.221956
0.190526
0.16132
0.222884
0.186471
0.157465
0.135864
0.0532578
0.300207
-0.467579
0.602821
2.9822
0.676075
-0.219839
-0.131144
-0.131144
0.5

0.5
0.490771
0.502318
0.519014
0.50964
0.17763
0.164011
0.167184
0.188608
0.169446
0.140576
0.112219
0.066546
-0.0190991
0.0504501
-0.257219
3.90615
1.01912
-0.187253
-0.120917
-0.120917
0.5

0.5
0.4748
0.483014
0.503395
0.513492
0.126351
0.131776
0.153659
0.155102
0.145703
0.12031
0.0892408
0.0466217
-0.0184857
0.0770722
-0.251879
4.274
1.24028
-0.0594162
-0.115565
-0.115565
0.5

0.5
0.4748
0.483014
0.503395
0.513492
0.126351
0.131776
0.153659
0.155102
0.145703
0.12031
0.0892408
0.0466217
-0.0184857
0.0770722
-0.251879
4.274
1.24028
-0.0594162
-0.115565
-0.115565
0.5


0.5
-0.278934
-0.66241
-0.543979
-0.371288
0.0346439
-0.247411
-0.311696
-0.283221
-0.174941
-0.232442
-0.290654
-0.420616
-0.526263
-0.53279
-0.416364
-0.770931
-0.400318
-0.051956
-0.0650242
-0.0650242
0.5

0.5
0.278934
0.66241
0.543979
0.371288
-0.0346439
0.247411
0.311696
0.283221
0.174941
0.232442
0.290654
0.420616
0.526263
0.53279
0.416364
0.770931
0.400318
0.051956
0.0650242
0.0650242
0.5

0.5
0.254605
0.611777
0.496954
0.263433
0.311342
0.251964
0.27764
0.24834
0.141351
0.196958
0.248412
0.37809
0.479655
0.483816
0.412497
0.667722
0.326488
0.0117014
0.0301113
0.0301113
0.5

0.5
0.275257
0.598508
0.494284
0.361302
0.404562
0.273603
0.278511
0.251898
0.139691
0.198598
0.253787
0.372238
0.481112
0.486824
0.430825
0.661214
0.315178
0.00531383
0.0313053
0.0313053
0.5

0.5
0.315617
0.567246
0.492255
0.412191
0.385591
0.281678
0.27671
0.251648
0.141773
0.200155
0.267086
0.355649
0.474876
0.49006
0.343434
0.763543
0.319575
-0.00692078
0.0308752
0.0308752
0.5

0.5
0.360872
0.533764
0.4884
0.430786
0.347823
0.283759
0.271224
0.24947
0.150101
0.202282
0.28105
0.335976
0.465352
0.492692
0.343511
0.784861
0.329688
-0.0210672
0.0295986
0.0295986
0.5

0.5
0.398477
0.509607
0.482969
0.432166
0.33154
0.278959
0.260932
0.246944
0.162177
0.204145
0.28049
0.319119
0.460187
0.491332
0.391069
0.787282
0.338415
-0.0374506
0.0272725
0.0272725
0.5

0.5
0.424568
0.497494
0.478671
0.434781
0.319267
0.268348
0.247073
0.245178
0.174108
0.204321
0.269809
0.303224
0.458686
0.495019
0.425357
0.80134
0.34444
-0.0549063
0.0238542
0.0238542
0.5

0.5
0.441607
0.492846
0.477568
0.437873
0.309039
0.255164
0.226597
0.248652
0.184957
0.20247
0.254246
0.27956
0.463979
0.474967
0.472304
0.831658
0.355035
-0.0722149
0.018469
0.018469
0.5

0.5
0.453383
0.492118
0.479685
0.425299
0.312155
0.244286
0.199529
0.258886
0.194397
0.198789
0.234931
0.242784
0.476354
0.449392
0.506465
0.875718
0.376342
-0.0823452
0.00999512
0.00999512
0.5

0.5
0.462787
0.493799
0.484119
0.382027
0.33857
0.241337
0.180366
0.263035
0.200701
0.193374
0.213231
0.187176
0.496609
0.38655
0.478424
0.974313
0.425692
-0.0761977
-0.00179777
-0.00179777
0.5

0.5
0.471696
0.497147
0.489684
0.359187
0.344119
0.241495
0.175449
0.255575
0.202213
0.186273
0.190545
0.115791
0.509231
0.216794
0.369188
1.27319
0.479118
-0.061471
-0.0157381
-0.0157381
0.5

0.5
0.481238
0.501421
0.496216
0.40663
0.294988
0.228058
0.177059
0.241066
0.199146
0.177766
0.16862
0.0737635
0.446849
-0.0844149
0.195478
1.90826
0.624208
-0.0361727
-0.0225874
-0.0225874
0.5

0.5
0.491017
0.50482
0.503556
0.448167
0.255455
0.209118
0.179851
0.221803
0.191421
0.167093
0.147738
0.074405
0.279206
-0.28203
-0.0806691
2.83713
0.895807
-0.00693162
-0.0205543
-0.0205543
0.5

0.5
0.495503
0.501773
0.505352
0.47399
0.218479
0.185484
0.178064
0.195967
0.176685
0.152064
0.125767
0.0746535
0.0843307
-0.129635
-0.825456
3.68469
1.22249
0.0156562
-0.0162136
-0.0162136
0.5

0.5
0.480758
0.480895
0.487843
0.470277
0.175743
0.155081
0.16333
0.164671
0.154034
0.131432
0.103383
0.0626721
0.00550845
-0.0449042
-0.993375
4.06034
1.38732
-0.00642232
-0.0175131
-0.0175131
0.5

0.5
0.480758
0.480895
0.487843
0.470277
0.175743
0.155081
0.16333
0.164671
0.154034
0.131432
0.103383
0.0626721
0.00550845
-0.0449042
-0.993375
4.06034
1.38732
-0.00642232
-0.0175131
-0.0175131
0.5


0.5
-0.352021
-0.601367
-0.522804
-0.274421
-0.183033
-0.288624
-0.310414
-0.282115
-0.208346
-0.245296
-0.296665
-0.390234
-0.476036
-0.485626
-0.427018
-0.680447
-0.404721
-0.130455
-0.134964
-0.134964
0.5

0.5
0.352021
0.601367
0.522804
0.274421
0.183033
0.288624
0.310414
0.282115
0.208346
0.245296
0.296665
0.390234
0.476036
0.485626
0.427018
0.680447
0.404721
0.130455
0.134964
0.134964
0.5

0.5
0.321694
0.555057
0.477249
0.259752
0.331479
0.267749
0.274547
0.246853
0.170909
0.208333
0.255686
0.347702
0.431537
0.439315
0.391007
0.601859
0.341178
0.087019
0.0948623
0.0948623
0.5

0.5
0.336283
0.548768
0.47868
0.298698
0.436484
0.288097
0.274891
0.24875
0.170774
0.209285
0.257538
0.344876
0.433509
0.44311
0.411764
0.594839
0.336353
0.085132
0.0962487
0.0962487
0.5

0.5
0.357588
0.535349
0.478543
0.346644
0.437137
0.292485
0.272577
0.248979
0.171727
0.209856
0.261743
0.3358
0.430505
0.44376
0.397033
0.625322
0.336413
0.0795636
0.0966885
0.0966885
0.5

0.5
0.383773
0.518579
0.477235
0.394572
0.38012
0.28952
0.268216
0.24791
0.175583
0.210651
0.266636
0.322724
0.424517
0.442769
0.381236
0.66061
0.345208
0.0727813
0.0970236
0.0970236
0.5

0.5
0.409103
0.504005
0.475455
0.417767
0.346798
0.283852
0.261102
0.246225
0.181763
0.211163
0.266508
0.308635
0.418167
0.440763
0.391433
0.675842
0.357266
0.0658945
0.0972458
0.0972458
0.5

0.5
0.429844
0.49493
0.473891
0.425431
0.33057
0.275635
0.251253
0.244677
0.188765
0.210686
0.259579
0.293801
0.413098
0.436651
0.414996
0.686186
0.372031
0.0606143
0.0972331
0.0972331
0.5

0.5
0.445493
0.491012
0.473616
0.428723
0.320307
0.265732
0.238338
0.244703
0.195393
0.208791
0.248229
0.274565
0.409711
0.422959
0.444602
0.699807
0.393412
0.0587733
0.0964574
0.0964574
0.5

0.5
0.45742
0.490597
0.47506
0.426667
0.315333
0.256332
0.222724
0.246905
0.200982
0.205429
0.233631
0.24768
0.407502
0.393334
0.471913
0.725968
0.425716
0.0626573
0.0943769
0.0943769
0.5

0.5
0.467375
0.492448
0.47802
0.411939
0.320257
0.250278
0.208782
0.247997
0.204714
0.200664
0.216661
0.211231
0.403425
0.34203
0.460797
0.808273
0.468967
0.073247
0.0910451
0.0910451
0.5

0.5
0.476834
0.49584
0.482271
0.39196
0.328078
0.2472
0.201063
0.244079
0.205595
0.194554
0.198328
0.167473
0.38814
0.230299
0.34625
1.05251
0.538675
0.092414
0.087032
0.087032
0.5

0.5
0.486756
0.500133
0.487629
0.40476
0.30922
0.239459
0.198356
0.235093
0.203213
0.187085
0.179683
0.12982
0.33773
0.0344011
0.0509223
1.57324
0.669077
0.117569
0.0851544
0.0851544
0.5

0.5
0.496642
0.503602
0.49321
0.43054
0.280929
0.225517
0.196859
0.221585
0.196902
0.177539
0.160892
0.108627
0.234474
-0.149934
-0.466891
2.3493
0.89255
0.147251
0.0870871
0.0870871
0.5

0.5
0.501104
0.500434
0.492996
0.447749
0.249941
0.205002
0.190804
0.201362
0.183836
0.163173
0.140189
0.0945379
0.108969
-0.174851
-1.09687
3.07004
1.15303
0.174827
0.0884111
0.0884111
0.5

0.5
0.486461
0.479373
0.474151
0.439236
0.212167
0.176291
0.173647
0.173453
0.162184
0.142514
0.117859
0.0800985
0.0322103
-0.13952
-1.37622
3.38197
1.28762
0.183789
0.0809812
0.0809812
0.5

0.5
0.486461
0.479373
0.474151
0.439236
0.212167
0.176291
0.173647
0.173453
0.162184
0.142514
0.117859
0.0800985
0.0322103
-0.13952
-1.37622
3.38197
1.28762
0.183789
0.0809812
0.0809812
0.5


0.5
-0.400317
-0.563491
-0.507189
-0.476367
-0.573289
-0.346424
-0.313816
-0.284218
-0.231429
-0.256415
-0.298728
-0.365713
-0.434481
-0.445965
-0.422869
-0.597077
-0.410075
-0.208092
-0.20684
-0.20684
0.5

0.5
0.400317
0.563491
0.507189
0.476367
0.573289
0.346424
0.313816
0.284218
0.231429
0.256415
0.298728
0.365713
0.434481
0.445965
0.422869
0.597077
0.410075
0.208092
0.20684
0.20684
0.5

0.5
0.367521
0.519385
0.463774
0.408436
0.460761
0.293787
0.274265
0.24773
0.193936
0.218662
0.258188
0.323865
0.39057
0.400587
0.378767
0.532676
0.350481
0.160345
0.16156
0.16156
0.5

0.5
0.377878
0.517129
0.465899
0.38067
0.424837
0.293412
0.273451
0.248741
0.193938
0.219159
0.258737
0.322833
0.392577
0.404179
0.389947
0.528523
0.348433
0.160939
0.163149
0.163149
0.5

0.5
0.390964
0.511304
0.467017
0.372017
0.406963
0.295949
0.271506
0.248639
0.194162
0.219033
0.259426
0.317317
0.390863
0.404557
0.391857
0.535808
0.349344
0.159931
0.164536
0.164536
0.5

0.5
0.406931
0.503538
0.467449
0.38488
0.384794
0.294716
0.268185
0.247838
0.195768
0.218944
0.260241
0.30869
0.386693
0.402913
0.385059
0.554103
0.356431
0.159161
0.166536
0.166536
0.5

0.5
0.423665
0.496053
0.467502
0.402905
0.359559
0.289788
0.263047
0.246464
0.198677
0.218586
0.25891
0.298013
0.381024
0.399173
0.384962
0.568455
0.36917
0.159838
0.169062
0.169062
0.5

0.5
0.439039
0.490868
0.467649
0.414752
0.341307
0.282873
0.256044
0.244898
0.202273
0.217555
0.253801
0.285685
0.37466
0.392356
0.394537
0.5772
0.386939
0.163012
0.171943
0.171943
0.5

0.5
0.452113
0.488642
0.468355
0.420304
0.329892
0.275008
0.247283
0.243661
0.205823
0.215533
0.245317
0.270397
0.367573
0.379113
0.410049
0.586927
0.410943
0.169752
0.174863
0.174863
0.5

0.5
0.463137
0.488962
0.46993
0.421118
0.323251
0.267271
0.237206
0.24301
0.208746
0.212398
0.234181
0.250419
0.358771
0.353973
0.425444
0.609291
0.443027
0.180609
0.177489
0.177489
0.5

0.5
0.47297
0.491165
0.472426
0.416107
0.321567
0.260925
0.227422
0.242008
0.21051
0.208144
0.220974
0.224835
0.345491
0.309645
0.419295
0.672661
0.485903
0.195908
0.179722
0.179722
0.5

0.5
0.482595
0.494724
0.47585
0.407689
0.322461
0.256113
0.220124
0.238898
0.210538
0.202804
0.206334
0.194691
0.3218
0.228434
0.337248
0.842918
0.548467
0.215985
0.181866
0.181866
0.5

0.5
0.492726
0.499073
0.480162
0.40898
0.315172
0.250111
0.215639
0.232791
0.208353
0.196301
0.190864
0.164556
0.277417
0.0947607
0.0878156
1.21405
0.652827
0.240542
0.184792
0.184792
0.5

0.5
0.502745
0.502542
0.484211
0.420945
0.298091
0.239835
0.211755
0.222986
0.202939
0.187757
0.174412
0.139406
0.205139
-0.0549643
-0.388749
1.79446
0.820786
0.268311
0.188574
0.188574
0.5

0.5
0.507219
0.499335
0.482237
0.429347
0.273699
0.222373
0.203203
0.206532
0.191031
0.174147
0.155059
0.118273
0.118995
-0.137258
-0.946159
2.35821
1.01495
0.29071
0.188513
0.188513
0.5

0.5
0.492536
0.47823
0.462304
0.416717
0.239941
0.195382
0.184228
0.181341
0.170093
0.153474
0.13263
0.0994085
0.0577676
-0.147664
-1.22845
2.59237
1.1165
0.288851
0.175942
0.175942
0.5

0.5
0.492536
0.47823
0.462304
0.416717
0.239941
0.195382
0.184228
0.181341
0.170093
0.153474
0.13263
0.0994085
0.0577676
-0.147664
-1.22845
2.59237
1.1165
0.288851
0.175942
0.175942
0.5


0.5
-0.434363
-0.538996
-0.500515
-0.414247
-0.405056
-0.335558
-0.312092
-0.286387
-0.249832
-0.26601
-0.298658
-0.345433
-0.398037
-0.411171
-0.408432
-0.522071
-0.412637
-0.281653
-0.27805
-0.27805
0.5

0.5
0.434363
0.538996
0.500515
0.414247
0.405056
0.335558
0.312092
0.286387
0.249832
0.26601
0.298658
0.345433
0.398037
0.411171
0.408432
0.522071
0.412637
0.281653
0.27805
0.27805
0.5

0.5
0.400372
0.495869
0.456521
0.38116
0.380793
0.297519
0.274314
0.249548
0.211915
0.227625
0.25827
0.304121
0.354949
0.366492
0.362111
0.466007
0.355991
0.229679
0.227832
0.227832
0.5

0.5
0.408435
0.495979
0.457265
0.387043
0.386573
0.298181
0.273752
0.25013
0.211883
0.227877
0.258464
0.304067
0.356906
0.369668
0.368506
0.463607
0.355742
0.231604
0.229504
0.229504
0.5

0.5
0.41737
0.494007
0.457987
0.387282
0.383663
0.298745
0.271977
0.249692
0.211555
0.227312
0.257847
0.300696
0.355916
0.370047
0.371741
0.463866
0.357413
0.233542
0.231634
0.231634
0.5

0.5
0.427843
0.49109
0.458934
0.390821
0.374014
0.297832
0.269389
0.24883
0.211877
0.22666
0.256985
0.295
0.352951
0.368514
0.370618
0.469717
0.363412
0.236893
0.23499
0.23499
0.5

0.5
0.439165
0.48813
0.459908
0.398974
0.360396
0.29444
0.265623
0.247518
0.212841
0.225739
0.25494
0.28732
0.348242
0.364767
0.369238
0.476873
0.37436
0.242304
0.239375
0.239375
0.5

0.5
0.450379
0.486164
0.461003
0.407289
0.347302
0.289185
0.260589
0.245902
0.21421
0.224321
0.250771
0.27785
0.34204
0.357988
0.37171
0.482643
0.390205
0.25034
0.244575
0.244575
0.5

0.5
0.460854
0.485801
0.462402
0.412823
0.337301
0.283006
0.254412
0.244197
0.215602
0.222195
0.244295
0.266112
0.334115
0.34612
0.377746
0.490153
0.411239
0.261345
0.250318
0.250318
0.5

0.5
0.470527
0.487098
0.464263
0.415075
0.330596
0.27671
0.247425
0.242514
0.216633
0.219242
0.235782
0.251259
0.323513
0.325336
0.383572
0.507717
0.4386
0.275389
0.256321
0.256321
0.5

0.5
0.479794
0.489815
0.466675
0.414111
0.326812
0.270968
0.240363
0.240563
0.216948
0.215429
0.225571
0.232753
0.30818
0.289852
0.376867
0.553014
0.47494
0.292534
0.262423
0.262423
0.5

0.5
0.489262
0.493646
0.469696
0.411192
0.324673
0.265954
0.234238
0.237624
0.216194
0.210756
0.214041
0.210961
0.284484
0.229639
0.323665
0.665485
0.526589
0.312954
0.268681
0.268681
0.5

0.5
0.499411
0.498124
0.473255
0.410763
0.320281
0.260615
0.229405
0.232979
0.213957
0.2051
0.201492
0.187551
0.247372
0.135364
0.157764
0.907543
0.605726
0.336605
0.275238
0.275238
0.5

0.5
0.509488
0.501628
0.476121
0.41509
0.309979
0.252524
0.224404
0.225451
0.209064
0.197472
0.187457
0.164476
0.193883
0.0210269
-0.17909
1.30313
0.723516
0.361762
0.281115
0.281115
0.5

0.5
0.513974
0.498369
0.472701
0.41634
0.291342
0.237534
0.214483
0.211521
0.197927
0.184574
0.169617
0.141677
0.131446
-0.067304
-0.60099
1.71788
0.857164
0.380042
0.280706
0.280706
0.5

0.5
0.499252
0.477258
0.451887
0.399984
0.261289
0.212174
0.194389
0.188267
0.177455
0.163918
0.147175
0.119693
0.0830176
-0.101158
-0.835798
1.89933
0.92726
0.374671
0.264387
0.264387
0.5

0.5
0.499252
0.477258
0.451887
0.399984
0.261289
0.212174
0.194389
0.188267
0.177455
0.163918
0.147175
0.119693
0.0830176
-0.101158
-0.835798
1.89933
0.92726
0.374671
0.264387
0.264387
0.5


0.5
-0.459809
-0.522155
-0.491238
-0.434942
-0.409845
-0.342222
-0.312374
-0.288236
-0.263628
-0.273129
-0.296589
-0.327392
-0.36595
-0.381033
-0.390871
-0.459849
-0.415962
-0.347658
-0.343363
-0.343363
0.5

0.5
0.459809
0.522155
0.491238
0.434942
0.409845
0.342222
0.312374
0.288236
0.263628
0.273129
0.296589
0.327392
0.36595
0.381033
0.390871
0.459849
0.415962
0.347658
0.343363
0.343363
0.5

0.5
0.42505
0.479411
0.44823
0.392107
0.369673
0.302654
0.274435
0.251016
0.225285
0.234246
0.256223
0.28656
0.323556
0.336804
0.344125
0.409087
0.3609
0.291807
0.288769
0.288769
0.5

0.5
0.431925
0.480787
0.449376
0.393437
0.369273
0.302203
0.274129
0.251381
0.225207
0.234381
0.256397
0.287098
0.325432
0.339547
0.348063
0.407691
0.361791
0.29423
0.290323
0.290323
0.5

0.5
0.438576
0.480954
0.450121
0.393809
0.367126
0.301299
0.27259
0.250715
0.224476
0.233554
0.255386
0.285111
0.324872
0.339902
0.350159
0.405505
0.363742
0.297657
0.292789
0.292789
0.5

0.5
0.44594
0.480796
0.451212
0.395135
0.362723
0.300015
0.270504
0.249724
0.223974
0.232549
0.253956
0.281442
0.322732
0.338668
0.35042
0.405146
0.368698
0.303175
0.296935
0.296935
0.5

0.5
0.453913
0.480657
0.452537
0.39851
0.355921
0.297503
0.267669
0.248371
0.223715
0.23127
0.251717
0.276142
0.318967
0.335473
0.349553
0.406196
0.377257
0.310922
0.302473
0.302473
0.5

0.5
0.462187
0.481017
0.454065
0.402907
0.34822
0.293704
0.263992
0.246706
0.223621
0.229596
0.248201
0.26925
0.313541
0.329681
0.349463
0.407839
0.389665
0.321037
0.309139
0.309139
0.5

0.5
0.470492
0.482258
0.455828
0.406662
0.34125
0.289062
0.259533
0.244821
0.223518
0.227401
0.243172
0.260564
0.306176
0.31996
0.350715
0.41153
0.406193
0.333529
0.316653
0.316653
0.5

0.5
0.478791
0.484536
0.457885
0.408873
0.335796
0.284112
0.254495
0.242776
0.223196
0.224598
0.236662
0.249675
0.296147
0.303827
0.351408
0.422038
0.427695
0.348328
0.32474
0.32474
0.5

0.5
0.487301
0.487818
0.460288
0.409391
0.331901
0.279282
0.249246
0.240484
0.222442
0.221149
0.228826
0.236266
0.282091
0.277297
0.344671
0.449559
0.456135
0.36543
0.333204
0.333204
0.5

0.5
0.496413
0.491958
0.463071
0.408773
0.329005
0.274732
0.244259
0.23766
0.221043
0.217038
0.219869
0.220404
0.261857
0.234293
0.311559
0.516079
0.495333
0.384885
0.341943
0.341943
0.5

0.5
0.506433
0.496594
0.466111
0.408567
0.325512
0.269993
0.239692
0.233831
0.218651
0.212107
0.209884
0.202637
0.232769
0.168896
0.212322
0.659246
0.551661
0.406537
0.350745
0.350745
0.5

0.5
0.516484
0.500144
0.468104
0.409454
0.318687
0.263258
0.234333
0.227709
0.214034
0.205278
0.198145
0.183381
0.193269
0.0856843
0.00316732
0.904672
0.629796
0.428359
0.358026
0.358026
0.5

0.5
0.520953
0.496831
0.463555
0.40598
0.304157
0.250067
0.223764
0.215452
0.203391
0.193031
0.181888
0.16173
0.146848
0.00898601
-0.279958
1.18534
0.714715
0.442072
0.357397
0.357397
0.5

0.5
0.506212
0.475745
0.442073
0.386706
0.277249
0.226096
0.203084
0.193559
0.183235
0.172464
0.159636
0.138309
0.107261
-0.033018
-0.458368
1.32276
0.756053
0.432513
0.33843
0.33843
0.5

0.5
0.506212
0.475745
0.442073
0.386706
0.277249
0.226096
0.203084
0.193559
0.183235
0.172464
0.159636
0.138309
0.107261
-0.033018
-0.458368
1.32276
0.756053
0.432513
0.33843
0.33843
0.5


0.5
-0.477859
-0.509085
-0.482982
-0.435136
-0.392984
-0.342206
-0.311016
-0.288212
-0.271664
-0.27594
-0.291608
-0.311243
-0.339651
-0.358199
-0.377474
-0.417517
-0.421836
-0.398557
-0.392691
-0.392691
0.5

0.5
0.477859
0.509085
0.482982
0.435136
0.392984
0.342206
0.311016
0.288212
0.271664
0.27594
0.291608
0.311243
0.339651
0.358199
0.377474
0.417517
0.421836
0.398557
0.392691
0.392691
0.5

0.5
0.442361
0.466265
0.439868
0.392524
0.354515
0.302921
0.272828
0.250507
0.232803
0.236548
0.251064
0.270514
0.297347
0.313672
0.330041
0.369084
0.366621
0.339318
0.334621
0.334621
0.5

0.5
0.44866
0.468371
0.44125
0.393853
0.355381
0.302927
0.272853
0.250786
0.232741
0.236659
0.251326
0.271375
0.299039
0.315945
0.332724
0.368994
0.368399
0.341606
0.335841
0.335841
0.5

0.5
0.454067
0.469797
0.442147
0.394459
0.3546
0.301827
0.27162
0.24998
0.23176
0.235684
0.250249
0.270205
0.298577
0.316042
0.3337
0.366668
0.370567
0.345196
0.338072
0.338072
0.5

0.5
0.459673
0.471293
0.44336
0.395267
0.352731
0.30039
0.269927
0.248868
0.230741
0.234456
0.248674
0.267791
0.296775
0.314769
0.333777
0.364299
0.374833
0.351093
0.342195
0.342195
0.5

0.5
0.465634
0.472934
0.444835
0.396707
0.349661
0.298346
0.267712
0.247438
0.229711
0.232936
0.246447
0.264057
0.293478
0.311783
0.332994
0.362422
0.381599
0.359112
0.347881
0.347881
0.5

0.5
0.471978
0.474894
0.446526
0.398684
0.345759
0.295564
0.264931
0.245716
0.228667
0.231071
0.24336
0.258956
0.288538
0.306602
0.331937
0.361216
0.391176
0.369131
0.354841
0.354841
0.5

0.5
0.478699
0.477363
0.448425
0.400641
0.341688
0.292168
0.261611
0.243749
0.227554
0.228798
0.239256
0.252378
0.281703
0.298387
0.330889
0.361386
0.403912
0.381032
0.362794
0.362794
0.5

0.5
0.485863
0.480472
0.450542
0.402083
0.337983
0.288412
0.257855
0.241576
0.226282
0.226064
0.234088
0.244137
0.272498
0.285647
0.32896
0.365027
0.420475
0.394743
0.371489
0.371489
0.5

0.5
0.493651
0.48426
0.452895
0.402827
0.334854
0.284536
0.253844
0.239189
0.224749
0.222844
0.227906
0.234075
0.260139
0.266002
0.322782
0.376783
0.442167
0.410285
0.380733
0.380733
0.5

0.5
0.502357
0.488687
0.4555
0.403048
0.332179
0.280666
0.249795
0.236488
0.222836
0.219118
0.220804
0.22218
0.243496
0.236032
0.303329
0.406721
0.471159
0.427687
0.390351
0.390351
0.5

0.5
0.512182
0.493466
0.458182
0.403182
0.329297
0.276553
0.245701
0.233157
0.220251
0.214706
0.212744
0.208558
0.221218
0.192253
0.250794
0.473455
0.510388
0.446678
0.399948
0.399948
0.5

0.5
0.522148
0.497042
0.459565
0.402711
0.324286
0.270736
0.24039
0.227905
0.215741
0.208471
0.202825
0.19285
0.192261
0.135419
0.138599
0.595284
0.560493
0.46501
0.407592
0.407592
0.5

0.5
0.526527
0.493614
0.454158
0.3966
0.312314
0.258742
0.229592
0.216716
0.205367
0.196724
0.187927
0.173196
0.157384
0.0763537
-0.0262354
0.748299
0.609616
0.474503
0.40643
0.40643
0.5

0.5
0.511728
0.47249
0.432136
0.375379
0.287687
0.235794
0.208662
0.195752
0.185433
0.176315
0.166047
0.149541
0.124121
0.0350641
-0.14868
0.831856
0.625951
0.461606
0.385855
0.385855
0.5

0.5
0.511728
0.47249
0.432136
0.375379
0.287687
0.235794
0.208662
0.195752
0.185433
0.176315
0.166047
0.149541
0.124121
0.0350641
-0.14868
0.831856
0.625951
0.461606
0.385855
0.385855
0.5


0.5
-0.486533
-0.499611
-0.476263
-0.433332
-0.385367
-0.340724
-0.308522
-0.28633
-0.27325
-0.274258
-0.285393
-0.300542
-0.3249
-0.347603
-0.372964
-0.401143
-0.428481
-0.424094
-0.414621
-0.414621
0.5

0.5
0.486533
0.499611
0.476263
0.433332
0.385367
0.340724
0.308522
0.28633
0.27325
0.274258
0.285393
0.300542
0.3249
0.347603
0.372964
0.401143
0.428481
0.424094
0.414621
0.414621
0.5

0.5
0.449626
0.455474
0.431823
0.389286
0.34534
0.300368
0.269274
0.247529
0.233395
0.233882
0.243945
0.258828
0.281321
0.301406
0.323661
0.3516
0.371059
0.361871
0.353947
0.353947
0.5

0.5
0.455793
0.458036
0.433451
0.390503
0.346339
0.300711
0.269572
0.247855
0.233468
0.234077
0.244346
0.259827
0.282852
0.303403
0.32602
0.352827
0.373377
0.363827
0.354888
0.354888
0.5

0.5
0.46075
0.460147
0.434533
0.391064
0.346036
0.299745
0.268567
0.246997
0.232429
0.23306
0.243293
0.25894
0.282223
0.303142
0.326469
0.351488
0.375708
0.366863
0.3566
0.3566
0.5

0.5
0.465665
0.462557
0.435909
0.391791
0.345189
0.298373
0.267117
0.245816
0.231204
0.23173
0.241681
0.256982
0.280282
0.301503
0.326207
0.349524
0.379711
0.372126
0.360172
0.360172
0.5

0.5
0.470783
0.465219
0.437529
0.392702
0.343777
0.29659
0.265225
0.244323
0.229825
0.230076
0.239433
0.253824
0.276827
0.298155
0.325251
0.347532
0.385648
0.379343
0.365306
0.365306
0.5

0.5
0.476264
0.468154
0.439351
0.393764
0.341854
0.294365
0.262895
0.242547
0.228319
0.228078
0.236458
0.249359
0.271651
0.292671
0.323708
0.345937
0.393825
0.388319
0.371732
0.371732
0.5

0.5
0.482229
0.471437
0.441359
0.394821
0.339597
0.291726
0.260159
0.240527
0.226683
0.22571
0.232668
0.243497
0.264501
0.284398
0.32145
0.345108
0.404645
0.398954
0.379204
0.379204
0.5

0.5
0.488816
0.475145
0.443546
0.395703
0.337244
0.288769
0.257084
0.238297
0.224893
0.222945
0.228014
0.236148
0.255019
0.272294
0.317704
0.345738
0.418727
0.411246
0.387518
0.387518
0.5

0.5
0.49622
0.479338
0.445923
0.396352
0.334949
0.285604
0.253773
0.23588
0.222911
0.219775
0.222512
0.227265
0.242734
0.254856
0.310441
0.349219
0.437064
0.425285
0.396516
0.396516
0.5

0.5
0.504707
0.484024
0.4485
0.396885
0.332736
0.282303
0.250334
0.233253
0.220676
0.216186
0.21621
0.21687
0.227086
0.230194
0.295405
0.358308
0.461034
0.441129
0.40602
0.40602
0.5

0.5
0.514432
0.48896
0.451084
0.397377
0.3303
0.278675
0.246671
0.230177
0.217938
0.211994
0.209021
0.204965
0.207509
0.196733
0.264795
0.377622
0.491937
0.458445
0.415569
0.415569
0.5

0.5
0.524328
0.492575
0.452218
0.39672
0.326126
0.273385
0.241567
0.225367
0.213426
0.206026
0.199966
0.190929
0.183472
0.155044
0.209096
0.411191
0.528182
0.474767
0.423044
0.423044
0.5

0.5
0.528446
0.488896
0.446229
0.389575
0.315276
0.261926
0.230713
0.214654
0.203076
0.194464
0.185727
0.17242
0.15467
0.110004
0.130675
0.449982
0.558053
0.481709
0.421288
0.421288
0.5

0.5
0.513156
0.467284
0.423472
0.367109
0.291604
0.239331
0.209555
0.194031
0.183103
0.174054
0.164056
0.148883
0.125225
0.0732298
0.0658492
0.459655
0.557849
0.466676
0.399845
0.399845
0.5

0.5
0.513156
0.467284
0.423472
0.367109
0.291604
0.239331
0.209555
0.194031
0.183103
0.174054
0.164056
0.148883
0.125225
0.0732298
0.0658492
0.459655
0.557849
0.466676
0.399845
0.399845
0.5


0.5
0.5
0.5
0.5
0.5
0.5
0.5
0.5
0.5
0.5
0.5
0.5
0.5
0.5
0.5
0.5
0.5
0.5
0.5
0.5
0.5
0.5

0.5
0.486533
0.499611
0.476263
0.433332
0.385367
0.340724
0.308522
0.28633
0.27325
0.274258
0.285393
0.300542
0.3249
0.347603
0.372964
0.401143
0.428481
0.424094
0.414621
0.414621
0.5

0.5
0.449626
0.455474
0.431823
0.389286
0.34534
0.300368
0.269274
0.247529
0.233395
0.233882
0.243945
0.258828
0.281321
0.301406
0.323661
0.3516
0.371059
0.361871
0.353947
0.353947
0.5

0.5
0.455793
0.458036
0.433451
0.390503
0.346339
0.300711
0.269572
0.247855
0.233468
0.234077
0.244346
0.259827
0.282852
0.303403
0.32602
0.352827
0.373377
0.363827
0.354888
0.354888
0.5

0.5
0.46075
0.460147
0.434533
0.391064
0.346036
0.299745
0.268567
0.246997
0.232429
0.23306
0.243293
0.25894
0.282223
0.303142
0.326469
0.351488
0.375708
0.366863
0.3566
0.3566
0.5

0.5
0.465665
0.462557
0.435909
0.391791
0.345189
0.298373
0.267117
0.245816
0.231204
0.23173
0.241681
0.256982
0.280282
0.301503
0.326207
0.349524
0.379711
0.372126
0.360172
0.360172
0.5

0.5
0.470783
0.465219
0.437529
0.392702
0.343777
0.29659
0.265225
0.244323
0.229825
0.230076
0.239433
0.253824
0.276827
0.298155
0.325251
0.347532
0.385648
0.379343
0.365306
0.365306
0.5

0.5
0.476264
0.468154
0.439351
0.393764
0.341854
0.294365
0.262895
0.242547
0.228319
0.228078
0.236458
0.249359
0.271651
0.292671
0.323708
0.345937
0.393825
0.388319
0.371732
0.371732
0.5

0.5
0.482229
0.471437
0.441359
0.394821
0.339597
0.291726
0.260159
0.240527
0.226683
0.22571
0.232668
0.243497
0.264501
0.284398
0.32145
0.345108
0.404645
0.398954
0.379204
0.379204
0.5

0.5
0.488816
0.475145
0.443546
0.395703
0.337244
0.288769
0.257084
0.238297
0.224893
0.222945
0.228014
0.236148
0.255019
0.272294
0.317704
0.345738
0.418727
0.411246
0.387518
0.387518
0.5

0.5
0.49622
0.479338
0.445923
0.396352
0.334949
0.285604
0.253773
0.23588
0.222911
0.219775
0.222512
0.227265
0.242734
0.254856
0.310441
0.349219
0.437064
0.425285
0.396516
0.396516
0.5

0.5
0.504707
0.484024
0.4485
0.396885
0.332736
0.282303
0.250334
0.233253
0.220676
0.216186
0.21621
0.21687
0.227086
0.230194
0.295405
0.358308
0.461034
0.441129
0.40602
0.40602
0.5

0.5
0.514432
0.48896
0.451084
0.397377
0.3303
0.278675
0.246671
0.230177
0.217938
0.211994
0.209021
0.204965
0.207509
0.196733
0.264795
0.377622
0.491937
0.458445
0.415569
0.415569
0.5

0.5
0.524328
0.492575
0.452218
0.39672
0.326126
0.273385
0.241567
0.225367
0.213426
0.206026
0.199966
0.190929
0.183472
0.155044
0.209096
0.411191
0.528182
0.474767
0.423044
0.423044
0.5

0.5
0.528446
0.488896
0.446229
0.389575
0.315276
0.261926
0.230713
0.214654
0.203076
0.194464
0.185727
0.17242
0.15467
0.110004
0.130675
0.449982
0.558053
0.481709
0.421288
0.421288
0.5

0.5
0.513156
0.467284
0.423472
0.367109
0.291604
0.239331
0.209555
0.194031
0.183103
0.174054
0.164056
0.148883
0.125225
0.0732298
0.0658492
0.459655
0.557849
0.466676
0.399845
0.399845
0.5

0.5
0.51293
0.470986
0.430621
0.37824
0.307878
0.259268
0.231955
0.218204
0.209152
0.202248
0.194832
0.182814
0.162488
0.115446
0.10913
0.490751
0.583944
0.494966
0.429954
0.429954
0.5


