0
0
0
0
0
0
0
0
0
0
0
0
0
0
0
0
0
0
0
0
0
0

0
0
0
0
0
0
0
0
0
0
0
0
0
0
0
0
0
0
0
0
0
0

0
0
0
0
0
0
0
0
0
0
0
0
0
0
0
0
0
0
0
0
0
0

0
0
0
0
0
0
0
0
0
0
0
0
0
0
0
0
0
0
0
0
0
0

0
0
0
0
0
0
0
0
0
0
0
0
0
0
0
0
0
0
0
0
0
0

0
0
0
0
0
0
0
0
0
0
0
0
0
0
0
0
0
0
0
0
0
0

0
0
0
0
0
0
0
0
0
0
0
0
0
0
0
0
0
0
0
0
0
0

0
0
0
0
0
0
0
0
0
0
0
0
0
0
0
0
0
0
0
0
0
0

0
0
0
0
0
0
0
0
0
0
0
0
0
0
0
0
0
0
0
0
0
0

0
0
0
0
0
0
0
0
0
0
0
0
0
0
0
0
0
0
0
0
0
0

0
0
0
0
0
0
0
0
0
0
0
0
0
0
0
0
0
0
0
0
0
0

0
0
0
0
0
0
0
0
0
0
0
0
0
0
0
0
0
0
0
0
0
0

0
0
0
0
0
0
0
0
0
0
0
0
0
0
0
0
0
0
0
0
0
0

0
0
0
0
0
0
0
0
0
0
0
0
0
0
0
0
0
0
0
0
0
0

0
0
0
0
0
0
0
0
0
0
0
0
0
0
0
0
0
0
0
0
0
0

0
0
0
0
0
0
0
0
0
0
0
0
0
0
0
0
0
0
0
0
0
0

0
0
0
0
0
0
0
0
0
0
0
0
0
0
0
0
0
0
0
0
0
0


0
0
0
0
0
0
0
0
0
0
0
0
0
0
0
0
0
0
0
0
0
0

0
-0.0269653
-0.0262614
-0.0224484
0.0337944
0.604396
0.0379772
-0.0174499
-0.0192754
-0.0148171
-0.0157873
-0.0140667
-0.0124117
-0.00557085
-0.0145473
-0.00809952
-0.00695824
-0.00605488
-0.00536891
-0.00492521
-0.00262867
0

0
-0.0124605
-0.0121375
0.0330727
-0.00508832
0.457763
-0.110421
-0.00746688
-0.00882382
-0.0107384
-0.00715771
-0.0063374
-0.00822247
-0.00489574
-0.00422709
-0.0036462
-0.00335654
-0.00274918
-0.00244483
-0.00225451
-6.91785e-05
0

0
-0.0124327
-0.0119607
-0.00957821
0.0259278
-0.401334
0.172444
-0.00625759
-0.0151715
-0.00801228
-0.00713966
-0.00635851
-0.00296107
-0.00486562
-0.00423077
-0.00365233
-0.00295043
-0.00275214
-0.00245067
-0.00226054
-7.44587e-05
0

0
-0.0124221
-0.0125927
0.155925
0.0108942
0.864798
0.0188465
-0.00796051
-0.00237618
-0.00792761
-0.00713924
-0.00634485
-0.00715425
-0.00459551
-0.00423503
-0.00365629
-0.00316141
-0.00275922
-0.00245675
-0.00226682
-7.87749e-05
0

0
-0.0124105
-0.0114736
-0.149209
-0.0227446
0.121562
0.00759081
-0.00840448
-0.00879457
-0.0092532
-0.00586498
0.00388742
-4.03841
4.00869
0.00602102
-0.00366424
-0.00316279
-0.0027655
-0.00236916
-0.00227267
-8.2286e-05
0

0
-0.0123984
-0.0119909
-0.0110353
0.00298514
0.134498
0.00576022
-0.00866474
-0.00880938
-0.00796347
-0.00713841
-0.00635206
-0.00574736
-0.00474501
-0.00424343
-0.00366627
-0.00317252
-0.00277085
-0.00256319
-0.00228043
-8.51821e-05
0

0
-0.0123864
-0.0119935
-0.0111742
0.0039499
0.260881
0.00890751
-0.00873532
-0.0222892
-0.00804766
-0.00713808
-0.0063533
-0.00560245
-0.00489594
-0.00424808
-0.00367121
-0.00317826
-0.00277739
-0.00247587
-0.00228658
-8.76051e-05
0

0
-0.012375
-0.0120009
-0.0113939
0.00630732
0.649438
0.0182167
-0.00896219
0.00463886
-0.00787293
-0.00713779
-0.00635458
-0.00560497
-0.00488556
-0.00795079
-1.54593e-05
-0.00316086
-0.00278371
-0.00248187
-0.00246515
-9.07379e-05
0

0
-0.0123645
-0.0120168
-0.0118308
-0.0239033
8.22798
-0.0946338
-0.010387
-0.00885999
-0.00795902
-0.00713763
-0.00635589
-0.00560754
-0.00489052
-0.00760709
-0.000365593
-0.00316903
-0.00279024
-0.00248996
-0.00212877
-9.03497e-05
0

0
-0.0123547
-0.0120391
-0.0125243
-0.000381478
-7.89107
-0.0762769
-0.0283237
-0.00901866
-0.00795934
-0.00713804
-0.00635679
-0.00561017
-0.00490642
-0.0042617
-0.0036874
-0.00319471
-0.00279362
-0.00250074
-0.00230752
-9.2964e-05
0

0
-0.0123454
-0.012057
-0.0129299
-0.030675
-0.82045
-0.0405567
-0.0111461
-0.00893552
-0.00793692
-0.0131416
-0.000415682
-0.00558262
-0.0049276
-0.00424274
-0.00369271
-0.0032024
-0.00280351
-0.00250331
-0.00231496
-9.43148e-05
0

0
-0.0123361
-0.0120675
-0.0130584
-0.0267252
-0.28098
-0.0295933
-0.0111543
-0.0131682
-0.00798717
-0.00713791
-0.0063599
-0.00561557
-0.00491425
-0.00429345
0.00230413
-0.00317086
-0.0028103
-0.00251051
-0.00232242
-9.55116e-05
0

0
-0.012306
-0.0120317
-0.0131383
-0.0228502
-0.12505
-0.0234666
-0.0111178
-0.00474555
-0.0079337
-0.00693109
-0.00656624
-0.00561965
-0.00494536
0.00283162
-0.00966283
-0.00325305
-0.00281727
-0.00251786
-0.00233002
-9.65777e-05
0

0
-0.0123168
-0.0120644
-0.0130161
-0.0204587
-0.0694281
-0.0202285
-0.0110245
-0.00896262
-0.00795922
-0.00713792
-0.00636304
-0.00562114
-0.00489558
-0.0113663
-0.00375538
-0.00348726
-0.00255884
-0.00252534
-0.00233775
-9.75238e-05
0

0
-0.00950218
-0.00672847
-0.0015741
0.00759623
-0.0213613
0.00871707
0.000339109
-0.00399274
-0.00582116
-0.00617484
-0.00586965
-0.00531953
-0.00470654
-0.00411039
0.00652201
-4.02192
3.99591
0.00754588
-0.00213354
-1.3149e-05
0

0
0
0
0
0
0
0
0
0
0
0
0
0
0
0
0
0
0
0
0
0
0


0
0
0
0
0
0
0
0
0
0
0
0
0
0
0
0
0
0
0
0
0
0

0
-0.0275727
-0.0267773
-0.0259986
-0.0696969
-0.0283297
-0.0230573
-0.0212915
-0.0206288
-0.0179262
-0.0161515
-0.0143923
-0.0126751
-0.0110723
-0.00959003
-0.00826905
-0.0071351
-0.00658628
-0.00551731
-0.0050603
-0.00275458
0

0
-0.0130017
-0.0272491
-0.0122474
-0.0102142
-0.484528
-0.01403
0.0145456
-0.00895144
-0.00830591
-0.0074827
-0.00667109
-0.00588177
-0.00513648
-0.00445248
-0.00384421
-0.00332381
-0.00290094
-0.00258292
-0.00238286
-0.000188235
0

0
-0.0130481
-0.012441
-0.0121481
-0.0118123
-0.0123662
-0.0107143
-0.0098729
-0.0091074
-0.00830457
-0.00748596
-0.00667229
-0.0058838
-0.0051397
-0.00445655
-0.00384899
-0.00332915
-0.00290672
-0.00258903
-0.00238917
-0.000193808
0

0
-0.0130387
-0.0124324
-0.0121352
-0.0117668
-0.011011
-0.0106494
-0.00987114
-0.00910438
-0.00830341
-0.00748608
-0.00667362
-0.00588654
-0.00510976
-0.00446065
-0.00385409
-0.00333477
-0.00291277
-0.0025954
-0.00239574
-0.000198423
0

0
-0.0130289
-0.0124243
-0.0121369
-0.0117415
-0.0108373
-0.0106136
-0.00986679
-0.00910202
-0.00830227
-0.00748616
-0.00667497
-0.00603872
-0.00499675
-0.00446114
-0.00494731
-0.00334737
-0.00291897
-0.00260191
-0.00240247
-0.000202241
0

0
-0.0130188
-0.012416
-0.012124
-0.0117283
-0.0109675
-0.0105956
-0.00986244
-0.00909938
-0.00830102
-0.00748633
-0.00667636
-0.0058914
-0.00515027
-0.00446977
-0.00386448
-0.00334637
-0.0029253
-0.00260858
-0.00240936
-0.000205452
0

0
-0.0130084
-0.0124076
-0.0121157
-0.0117236
-0.0110448
-0.0105902
-0.00985817
-0.0090972
-0.00829978
-0.00748645
-0.00667777
-0.00589401
-0.00515394
-0.00447436
-0.0038698
-0.00335237
-0.00293177
-0.00261539
-0.0024164
-0.000208197
0

0
-0.0129978
-0.012399
-0.0121073
-0.0117321
-0.0145772
-0.0106079
-0.00985403
-0.0090935
-0.00829852
-0.00748657
-0.0066792
-0.00589666
-0.00515769
-0.0044792
-0.00387514
-0.00335849
-0.00293838
-0.00262235
-0.0024236
-0.000210582
0

0
-0.0129872
-0.0123903
-0.0120987
-0.0119003
-0.0234249
-0.0105775
-0.00984949
-0.00909125
-0.00829723
-0.00748669
-0.00668066
-0.00589936
-0.0051615
-0.00448398
-0.00388075
-0.00336474
-0.00294506
-0.00262945
-0.00243094
-0.000212685
0

0
-0.0129765
-0.0123814
-0.0120896
-0.0119147
0.00310454
-0.0111254
-0.00984489
-0.00908848
-0.00829592
-0.00748681
-0.00668215
-0.00590212
-0.0051658
-0.00448872
-0.00388659
-0.00337553
-0.00178228
-0.00266083
-0.00243865
-0.000214567
0

0
-0.0129657
-0.0123723
-0.0120811
-0.011703
-0.0140855
-0.0105887
-0.00983916
-0.00908567
-0.00829459
-0.00748713
-0.00668346
-0.0058813
-0.0113783
-0.00453301
-0.00389241
-0.00337761
-0.00295898
-0.0026441
-0.0024461
-0.000216269
0

0
-0.012955
-0.0123621
-0.0120728
-0.0116736
-0.0111589
-0.010548
-0.00983488
-0.00908298
-0.00829323
-0.00748705
-0.0066852
-0.00590778
-0.00517368
-0.00449876
-0.00389807
-0.00338423
-0.00296619
-0.00265164
-0.00245391
-0.000217825
0

0
-0.0130064
0.00426769
-0.0191833
-0.011706
-0.0112606
-0.0105334
-0.00983053
-0.00907976
-0.00829185
-0.00748717
-0.00668678
-0.00591068
-0.00517751
-0.00450361
-0.00390464
-0.00339098
-0.00297348
-0.00265932
-0.00246186
-0.000219258
0

0
-0.0129333
-0.0123429
-0.0120543
-0.0116499
-0.0112218
-0.0105224
-0.0098254
-0.00907653
-0.00829026
-0.00748721
-0.00668832
-0.00591361
-0.00518167
-0.00450946
-0.00391051
-0.00339784
-0.0029809
-0.00266714
-0.00246996
-0.000220578
0

0
-0.0101179
-0.00700388
-0.000660748
0.013984
0.0737686
0.0158199
0.00145228
-0.0041029
-0.00615148
-0.00652414
-0.00619501
-0.00561209
-0.00496585
-0.00433833
-0.00376815
-0.0034473
-0.00270417
-0.00257429
-0.00238719
-0.00013717
0

0
0
0
0
0
0
0
0
0
0
0
0
0
0
0
0
0
0
0
0
0
0


0
0
0
0
0
0
0
0
0
0
0
0
0
0
0
0
0
0
0
0
0
0

0
-0.0275555
-0.0267599
-0.0261476
-0.025752
-0.0383537
-0.0236521
-0.0212982
-0.0196437
-0.0179165
-0.0161517
-0.014395
-0.0126907
-0.0110798
-0.00959889
-0.00827964
-0.00714832
-0.00622594
-0.00552839
-0.00507416
-0.00276297
0

0
-0.0130483
-0.0124403
-0.0121505
-0.0120277
-0.0279038
-0.0110522
-0.00988147
-0.00910748
-0.00830464
-0.00748609
-0.0066725
-0.0058842
-0.00514006
-0.00445695
-0.00384943
-0.00332962
-0.0029072
-0.00258952
-0.00238968
-0.000189457
0

0
-0.0130396
-0.0124322
-0.0121418
-0.0118674
-0.00895813
-0.010813
-0.00987434
-0.00910482
-0.00830342
-0.0074861
-0.00667367
-0.00588645
-0.00514328
-0.00446101
-0.0038542
-0.00333496
-0.00291298
-0.00259562
-0.00239598
-0.000195029
0

0
-0.0130302
-0.0124244
-0.0121334
-0.0117824
-0.009194
-0.0106853
-0.00986857
-0.00910222
-0.00830226
-0.00748622
-0.006675
-0.00588889
-0.00514671
-0.00446531
-0.00385922
-0.00334057
-0.00291903
-0.00260198
-0.00240255
-0.000199643
0

0
-0.0130203
-0.0124163
-0.012125
-0.0117426
-0.0104715
-0.0106231
-0.00986353
-0.00909959
-0.00830108
-0.00748634
-0.00667635
-0.00589138
-0.00515023
-0.00446971
-0.00386441
-0.0033463
-0.00292521
-0.00260849
-0.00240927
-0.00020346
0

0
-0.0130102
-0.012408
-0.0121166
-0.0117225
-0.0109433
-0.0105921
-0.00985878
-0.00909695
-0.00829986
-0.00748646
-0.00667772
-0.00589392
-0.00515381
-0.0044742
-0.00386961
-0.00335216
-0.00293154
-0.00261514
-0.00241615
-0.000206669
0

0
-0.0129998
-0.0123996
-0.0121081
-0.0117107
-0.0111416
-0.0105759
-0.00985413
-0.00909427
-0.00829863
-0.00748658
-0.00667913
-0.00589652
-0.00515748
-0.00447879
-0.00387497
-0.00335814
-0.002938
-0.00262195
-0.00242319
-0.000209412
0

0
-0.0129893
-0.012391
-0.0120996
-0.0117036
-0.0116633
-0.0105696
-0.00984947
-0.00909156
-0.00829736
-0.00748669
-0.00668056
-0.00589916
-0.00516121
-0.00448347
-0.00388045
-0.00336426
-0.0029446
-0.0026289
-0.00243038
-0.000211795
0

0
-0.0129787
-0.0123823
-0.0120909
-0.0117013
-0.0146184
-0.010576
-0.0098446
-0.00908882
-0.00829608
-0.00748681
-0.00668202
-0.00590186
-0.00516502
-0.00448825
-0.00388604
-0.00337049
-0.00295134
-0.00263599
-0.00243772
-0.000213897
0

0
-0.012968
-0.0123734
-0.0120821
-0.0116948
-0.0156661
-0.0105724
-0.00983962
-0.00908604
-0.00829477
-0.00748693
-0.0066835
-0.00590461
-0.00516891
-0.00449312
-0.00389173
-0.00337686
-0.00295817
-0.00264324
-0.00244521
-0.000215777
0

0
-0.0129572
-0.0123644
-0.0120736
-0.0116727
-0.0114993
-0.0105446
-0.00983537
-0.00908323
-0.00829343
-0.00748705
-0.00668501
-0.0059074
-0.00517311
-0.00449808
-0.00389754
-0.00338335
-0.00296523
-0.00265062
-0.00245286
-0.000217478
0

0
-0.0129465
-0.0123551
-0.012065
-0.0116599
-0.0110896
-0.0105311
-0.00983113
-0.00908039
-0.00829207
-0.00748717
-0.00668654
-0.00591025
-0.00517689
-0.00450314
-0.00390346
-0.00338996
-0.00297238
-0.00265816
-0.00246066
-0.000219032
0

0
-0.0129358
-0.0123455
-0.0120565
-0.0116512
-0.0111195
-0.0105231
-0.00982682
-0.00907748
-0.00829069
-0.00748729
-0.0066881
-0.00591315
-0.00518099
-0.00450829
-0.00390949
-0.0033967
-0.00297966
-0.00266583
-0.00246861
-0.000220463
0

0
-0.0129249
-0.0123357
-0.0120464
-0.0116416
-0.011142
-0.0105152
-0.0098217
-0.0090741
-0.0082891
-0.00748732
-0.00668964
-0.00591607
-0.00518514
-0.00451351
-0.00391561
-0.00340355
-0.00298707
-0.00267364
-0.0024767
-0.000221782
0

0
-0.0101091
-0.00699188
-0.000677963
0.0125879
0.0524069
0.0141034
0.001409
-0.00409633
-0.00614968
-0.00652424
-0.00619632
-0.00561449
-0.00496923
-0.00434257
-0.00377312
-0.00328172
-0.0028813
-0.0025806
-0.00239374
-0.000138182
0

0
0
0
0
0
0
0
0
0
0
0
0
0
0
0
0
0
0
0
0
0
0


0
0
0
0
0
0
0
0
0
0
0
0
0
0
0
0
0
0
0
0
0
0

0
-0.0275377
-0.0267429
-0.0261428
-0.0276257
0.321626
-0.0261052
-0.0213234
-0.0196387
-0.0179139
-0.0161519
-0.0143978
-0.0126959
-0.0110872
-0.00960826
-0.0082906
-0.00716055
-0.00623913
-0.00554228
-0.00508852
-0.00277166
0

0
-0.0130394
-0.0124316
-0.0121472
-0.0124076
-0.207035
-0.0116742
-0.00989006
-0.00910514
-0.00830343
-0.00748622
-0.00667391
-0.00588681
-0.00514374
-0.00446155
-0.00385481
-0.00333562
-0.00291367
-0.00259633
-0.00239673
-0.000190693
0

0
-0.0130306
-0.0124239
-0.0121357
-0.011984
0.0270792
-0.0110219
-0.0098744
-0.00910238
-0.00830221
-0.00748623
-0.00667509
-0.00588906
-0.00514695
-0.00446561
-0.00385958
-0.00334096
-0.00291946
-0.00260243
-0.00240303
-0.000196264
0

0
-0.0130213
-0.0124161
-0.0121263
-0.0118197
-0.00692522
-0.010752
-0.00986609
-0.00909973
-0.00830106
-0.00748635
-0.00667641
-0.00589149
-0.00515038
-0.00446991
-0.00386459
-0.00334656
-0.00292549
-0.00260878
-0.00240959
-0.000200877
0

0
-0.0130115
-0.012408
-0.0121175
-0.0117535
-0.0108319
-0.0106434
-0.00986017
-0.00909708
-0.00829987
-0.00748647
-0.00667775
-0.00589397
-0.00515389
-0.00447429
-0.00386972
-0.00335228
-0.00293167
-0.00261528
-0.0024163
-0.000204692
0

0
-0.0130013
-0.0123997
-0.0121089
-0.0117223
-0.0112326
-0.0105952
-0.00985505
-0.00909442
-0.00829866
-0.00748658
-0.00667913
-0.00589651
-0.00515747
-0.00447878
-0.00387496
-0.00335813
-0.00293799
-0.00262193
-0.00242318
-0.000207899
0

0
-0.012991
-0.0123913
-0.0121004
-0.0117045
-0.0112829
-0.0105709
-0.00985021
-0.00909174
-0.00829742
-0.0074867
-0.00668052
-0.0058991
-0.00516112
-0.00448336
-0.00388031
-0.0033641
-0.00294444
-0.00262873
-0.0024302
-0.000210641
0

0
-0.0129804
-0.0123828
-0.0120919
-0.0116919
-0.0113686
-0.0105566
-0.00984547
-0.00908903
-0.00829616
-0.00748681
-0.00668195
-0.00590173
-0.00516485
-0.00448803
-0.00388578
-0.00337021
-0.00295103
-0.00263567
-0.00243739
-0.000213023
0

0
-0.0129698
-0.012374
-0.0120832
-0.0116803
-0.0114784
-0.0105456
-0.00984074
-0.00908629
-0.00829487
-0.00748693
-0.0066834
-0.00590442
-0.00516865
-0.0044928
-0.00389136
-0.00337644
-0.00295776
-0.00264276
-0.00244472
-0.000215123
0

0
-0.0129591
-0.0123652
-0.0120746
-0.0116694
-0.011462
-0.0105368
-0.0098361
-0.00908351
-0.00829356
-0.00748704
-0.00668488
-0.00590716
-0.00517252
-0.00449766
-0.00389704
-0.00338279
-0.00296463
-0.00264999
-0.00245221
-0.000217001
0

0
-0.0129484
-0.0123561
-0.012066
-0.0116597
-0.011239
-0.0105292
-0.00983171
-0.0090807
-0.00829222
-0.00748716
-0.00668638
-0.00590995
-0.00517647
-0.00450261
-0.00390284
-0.00338927
-0.00297163
-0.00265737
-0.00245984
-0.0002187
0

0
-0.0129377
-0.0123469
-0.0120573
-0.011651
-0.0111303
-0.0105222
-0.0098274
-0.00907786
-0.00829086
-0.00748727
-0.00668791
-0.00591279
-0.00518049
-0.00450766
-0.00390875
-0.00339587
-0.00297877
-0.00266489
-0.00246763
-0.000220253
0

0
-0.0129271
-0.0123376
-0.0120486
-0.0116431
-0.0111191
-0.010516
-0.00982305
-0.00907495
-0.00828948
-0.00748739
-0.00668946
-0.00591568
-0.00518458
-0.00451279
-0.00391476
-0.0034026
-0.00298604
-0.00267256
-0.00247557
-0.000221682
0

0
-0.0129161
-0.0123275
-0.0120387
-0.011634
-0.0111214
-0.0105089
-0.00981793
-0.00907157
-0.00828789
-0.00748742
-0.006691
-0.00591859
-0.00518872
-0.00451801
-0.00392088
-0.00340944
-0.00299345
-0.00268036
-0.00248366
-0.000222998
0

0
-0.0101
-0.00697792
-0.000675665
0.0115182
0.0368855
0.0128011
0.00139112
-0.00408744
-0.00614767
-0.00652433
-0.00619767
-0.00561696
-0.00497272
-0.00434695
-0.00377824
-0.00328745
-0.00288749
-0.00258713
-0.00240049
-0.0001392
0

0
0
0
0
0
0
0
0
0
0
0
0
0
0
0
0
0
0
0
0
0
0


0
0
0
0
0
0
0
0
0
0
0
0
0
0
0
0
0
0
0
0
0
0

0
-0.0275191
-0.0267253
-0.0261812
-0.101431
-0.156863
0.160933
-0.0214383
-0.0196334
-0.0179112
-0.016152
-0.0144007
-0.0127014
-0.0110949
-0.00961794
-0.00830193
-0.00717321
-0.00625279
-0.00555667
-0.00510339
-0.00278064
0

0
-0.0130301
-0.0124231
-0.0121467
-0.0146372
-0.169745
-0.0145869
-0.0099064
-0.00910262
-0.00830217
-0.00748634
-0.00667537
-0.0058895
-0.00514754
-0.00446631
-0.00386037
-0.00334182
-0.00292037
-0.00260337
-0.00240401
-0.000191948
0

0
-0.0130214
-0.0124153
-0.012129
-0.0122658
-0.0871998
-0.0114546
-0.00987387
-0.00909978
-0.00830096
-0.00748637
-0.00667655
-0.00589174
-0.00515075
-0.00447036
-0.00386513
-0.00334715
-0.00292614
-0.00260946
-0.00241031
-0.000197518
0

0
-0.013012
-0.0124075
-0.0121186
-0.0118758
-0.022216
-0.0108315
-0.00986286
-0.00909711
-0.00829981
-0.00748648
-0.00667786
-0.00589417
-0.00515417
-0.00447465
-0.00387013
-0.00335274
-0.00293217
-0.00261581
-0.00241686
-0.000202129
0

0
-0.0130022
-0.0123994
-0.0121096
-0.0117659
-0.0133847
-0.0106611
-0.00985636
-0.00909445
-0.00829862
-0.00748659
-0.0066792
-0.00589665
-0.00515766
-0.00447903
-0.00387525
-0.00335845
-0.00293834
-0.0026223
-0.00242357
-0.000205943
0

0
-0.0129922
-0.0123912
-0.0121009
-0.0117221
-0.0117897
-0.0105974
-0.00985109
-0.00909179
-0.00829741
-0.00748671
-0.00668057
-0.00589917
-0.00516123
-0.0044835
-0.00388048
-0.00336429
-0.00294464
-0.00262894
-0.00243043
-0.000209149
0

0
-0.0129818
-0.0123828
-0.0120924
-0.0116994
-0.0114106
-0.0105676
-0.00984622
-0.00908912
-0.00829617
-0.00748682
-0.00668196
-0.00590175
-0.00516488
-0.00448807
-0.00388583
-0.00337026
-0.00295109
-0.00263573
-0.00243745
-0.000211889
0

0
-0.0129713
-0.0123742
-0.0120839
-0.0116845
-0.011303
-0.0105508
-0.00984151
-0.00908641
-0.00829491
-0.00748693
-0.00668338
-0.00590439
-0.0051686
-0.00449273
-0.00389128
-0.00337635
-0.00295767
-0.00264266
-0.00244463
-0.000214269
0

0
-0.0129607
-0.0123655
-0.0120753
-0.0116723
-0.011242
-0.0105389
-0.00983688
-0.00908368
-0.00829362
-0.00748704
-0.00668483
-0.00590707
-0.00517239
-0.00449749
-0.00389685
-0.00338257
-0.00296439
-0.00264974
-0.00245195
-0.000216367
0

0
-0.01295
-0.0123566
-0.0120667
-0.0116614
-0.0111929
-0.0105296
-0.00983234
-0.0090809
-0.00829231
-0.00748715
-0.0066863
-0.0059098
-0.00517625
-0.00450234
-0.00390253
-0.00338892
-0.00297125
-0.00265697
-0.00245943
-0.000218243
0

0
-0.0129393
-0.0123476
-0.0120581
-0.0116519
-0.0111527
-0.0105223
-0.00982792
-0.00907809
-0.00829097
-0.00748726
-0.00668779
-0.00591258
-0.00518019
-0.00450728
-0.00390831
-0.00339539
-0.00297824
-0.00266434
-0.00246706
-0.000219941
0

0
-0.0129286
-0.0123385
-0.0120494
-0.0116435
-0.0111277
-0.0105159
-0.00982354
-0.00907525
-0.00828961
-0.00748738
-0.00668931
-0.00591541
-0.0051842
-0.00451232
-0.00391421
-0.00340198
-0.00298537
-0.00267185
-0.00247484
-0.000221492
0

0
-0.012918
-0.0123291
-0.0120406
-0.0116356
-0.0111186
-0.01051
-0.00981916
-0.00907235
-0.00828823
-0.00748749
-0.00669086
-0.00591829
-0.00518828
-0.00451744
-0.00392021
-0.0034087
-0.00299264
-0.00267951
-0.00248277
-0.000222919
0

0
-0.0129071
-0.0123191
-0.0120308
-0.0116264
-0.0111134
-0.0105031
-0.00981403
-0.00906897
-0.00828664
-0.00748752
-0.00669239
-0.00592119
-0.00519241
-0.00452265
-0.00392632
-0.00341553
-0.00300003
-0.0026873
-0.00249085
-0.000224233
0

0
-0.0100906
-0.00696309
-0.000652315
0.0109209
0.0279866
0.0120712
0.00140259
-0.0040773
-0.00614561
-0.00652445
-0.00619907
-0.00561951
-0.00497632
-0.00435147
-0.00378353
-0.00329336
-0.00289389
-0.00259387
-0.00240748
-0.000140229
0

0
0
0
0
0
0
0
0
0
0
0
0
0
0
0
0
0
0
0
0
0
0


0
0
0
0
0
0
0
0
0
0
0
0
0
0
0
0
0
0
0
0
0
0

0
-0.0275
-0.0267069
-0.0261095
-0.02775
0.18575
-0.0262477
-0.021307
-0.0196273
-0.0179084
-0.0161522
-0.0144037
-0.012707
-0.0111029
-0.00962794
-0.00831364
-0.00718628
-0.00626691
-0.00557154
-0.00511875
-0.00278992
0

0
-0.0130205
-0.0124141
-0.0121309
-0.012303
-0.012275
-0.0115952
-0.00988188
-0.00909971
-0.00830087
-0.00748647
-0.00667687
-0.00589227
-0.00515145
-0.00447121
-0.0038661
-0.00334821
-0.00292727
-0.00261064
-0.00241153
-0.000193222
0

0
-0.0130118
-0.0124064
-0.0121188
-0.0119451
-0.0162714
-0.0109822
-0.00986572
-0.00909697
-0.00829967
-0.0074865
-0.00667805
-0.00589451
-0.00515465
-0.00447526
-0.00387085
-0.00335354
-0.00293303
-0.00261672
-0.00241782
-0.000198791
0

0
-0.0130025
-0.0123986
-0.0121095
-0.011807
-0.014808
-0.0107388
-0.0098575
-0.00909434
-0.00829851
-0.00748661
-0.00667936
-0.00589693
-0.00515807
-0.00447953
-0.00387585
-0.00335912
-0.00293905
-0.00262306
-0.00242436
-0.000203401
0

0
-0.0129927
-0.0123905
-0.0121009
-0.0117438
-0.0126466
-0.010635
-0.00985172
-0.00909171
-0.00829733
-0.00748672
-0.00668069
-0.0058994
-0.00516155
-0.0044839
-0.00388095
-0.00336482
-0.00294521
-0.00262954
-0.00243106
-0.000207213
0

0
-0.0129827
-0.0123823
-0.0120925
-0.0117107
-0.011733
-0.0105862
-0.00984673
-0.00908906
-0.00829612
-0.00748683
-0.00668205
-0.00590192
-0.00516512
-0.00448837
-0.00388618
-0.00337065
-0.00295151
-0.00263618
-0.00243792
-0.000210417
0

0
-0.0129723
-0.012374
-0.012084
-0.0116906
-0.0113961
-0.0105604
-0.009842
-0.0090864
-0.00829488
-0.00748694
-0.00668344
-0.00590449
-0.00516875
-0.00449293
-0.00389151
-0.00337661
-0.00295795
-0.00264296
-0.00244493
-0.000213155
0

0
-0.0129619
-0.0123654
-0.0120756
-0.0116764
-0.0112673
-0.0105446
-0.00983739
-0.00908371
-0.00829362
-0.00748705
-0.00668485
-0.00590712
-0.00517246
-0.00449758
-0.00389696
-0.00338269
-0.00296452
-0.00264988
-0.0024521
-0.000215533
0

0
-0.0129513
-0.0123567
-0.0120671
-0.0116646
-0.0112021
-0.0105334
-0.00983285
-0.00908097
-0.00829233
-0.00748716
-0.00668629
-0.00590979
-0.00517624
-0.00450233
-0.00390251
-0.0033889
-0.00297123
-0.00265695
-0.00245942
-0.00021763
0

0
-0.0129406
-0.0123479
-0.0120585
-0.0116541
-0.0111598
-0.0105244
-0.00982837
-0.0090782
-0.00829102
-0.00748727
-0.00668776
-0.00591251
-0.0051801
-0.00450717
-0.00390818
-0.00339524
-0.00297808
-0.00266417
-0.00246689
-0.000219505
0

0
-0.0129299
-0.0123389
-0.0120499
-0.0116448
-0.0111353
-0.0105169
-0.00982394
-0.00907539
-0.00828968
-0.00748737
-0.00668925
-0.00591529
-0.00518402
-0.0045121
-0.00391395
-0.00340169
-0.00298507
-0.00267153
-0.00247451
-0.0002212
0

0
-0.0129193
-0.0123297
-0.0120412
-0.0116362
-0.0111221
-0.0105104
-0.00981955
-0.00907256
-0.00828832
-0.00748748
-0.00669076
-0.00591811
-0.00518802
-0.00451712
-0.00391984
-0.00340828
-0.00299218
-0.00267903
-0.00248228
-0.000222749
0

0
-0.0129086
-0.0123204
-0.0120325
-0.0116281
-0.0111142
-0.0105044
-0.00981514
-0.00906966
-0.00828694
-0.00748759
-0.0066923
-0.00592098
-0.00519209
-0.00452224
-0.00392583
-0.00341498
-0.00299944
-0.00268668
-0.0024902
-0.000224174
0

0
-0.0128977
-0.0123104
-0.0120226
-0.0116189
-0.0111069
-0.0104974
-0.00981
-0.00906628
-0.00828535
-0.00748762
-0.00669383
-0.00592388
-0.00519622
-0.00452743
-0.00393192
-0.0034218
-0.00300682
-0.00269446
-0.00249827
-0.000225487
0

0
-0.0100812
-0.00694864
-0.000617627
0.0106811
0.0236645
0.0117687
0.00143173
-0.00406735
-0.00614366
-0.00652459
-0.00620051
-0.00562214
-0.00498003
-0.00435612
-0.00378898
-0.00329946
-0.00290048
-0.00260082
-0.00241468
-0.000141269
0

0
0
0
0
0
0
0
0
0
0
0
0
0
0
0
0
0
0
0
0
0
0


0
0
0
0
0
0
0
0
0
0
0
0
0
0
0
0
0
0
0
0
0
0

0
-0.0274801
-0.0266878
-0.0260806
-0.0258067
-0.0516327
-0.0237273
-0.021265
-0.019621
-0.0179056
-0.0161523
-0.0144068
-0.0127128
-0.0111111
-0.00963826
-0.00832571
-0.00719977
-0.00628148
-0.00558689
-0.00513462
-0.00279948
0

0
-0.0130105
-0.0124048
-0.0121178
-0.0119462
-0.00927869
-0.0109867
-0.00986547
-0.00909662
-0.00829951
-0.0074866
-0.00667841
-0.00589512
-0.00515548
-0.00447626
-0.003872
-0.0033548
-0.00293438
-0.00261813
-0.00241928
-0.000194515
0

0
-0.0130019
-0.0123972
-0.0121083
-0.0117983
-0.0105511
-0.0107501
-0.00985724
-0.009094
-0.00829833
-0.00748663
-0.00667959
-0.00589736
-0.00515868
-0.0044803
-0.00387674
-0.00336012
-0.00294014
-0.0026242
-0.00242556
-0.000200083
0

0
-0.0129926
-0.0123894
-0.0120999
-0.0117425
-0.0117226
-0.0106488
-0.00985151
-0.00909144
-0.00829718
-0.00748674
-0.00668089
-0.00589977
-0.00516208
-0.00448457
-0.00388173
-0.00336569
-0.00294615
-0.00263053
-0.0024321
-0.000204691
0

0
-0.0129829
-0.0123814
-0.0120918
-0.0117131
-0.011677
-0.0105975
-0.00984663
-0.00908885
-0.00829599
-0.00748685
-0.00668222
-0.00590224
-0.00516556
-0.00448893
-0.00388683
-0.00337138
-0.0029523
-0.00263701
-0.00243879
-0.000208501
0

0
-0.0129729
-0.0123732
-0.0120836
-0.0116935
-0.0114543
-0.0105683
-0.00984205
-0.00908624
-0.00829478
-0.00748696
-0.00668358
-0.00590475
-0.00516911
-0.00449338
-0.00389204
-0.0033772
-0.00295859
-0.00264363
-0.00244564
-0.000211704
0

0
-0.0129626
-0.0123649
-0.0120753
-0.0116787
-0.0113058
-0.0105498
-0.00983755
-0.00908359
-0.00829355
-0.00748706
-0.00668496
-0.00590731
-0.00517274
-0.00449793
-0.00389736
-0.00338315
-0.00296502
-0.0026504
-0.00245264
-0.00021444
0

0
-0.0129521
-0.0123563
-0.012067
-0.0116667
-0.011224
-0.010537
-0.00983308
-0.00908091
-0.00829229
-0.00748717
-0.00668637
-0.00590993
-0.00517644
-0.00450257
-0.0039028
-0.00338922
-0.00297158
-0.00265732
-0.0024598
-0.000216817
0

0
-0.0129416
-0.0123477
-0.0120586
-0.0116561
-0.0111774
-0.010527
-0.00982863
-0.00907818
-0.008291
-0.00748727
-0.0066878
-0.00591259
-0.00518021
-0.00450731
-0.00390834
-0.00339542
-0.00297828
-0.00266438
-0.00246711
-0.000218912
0

0
-0.0129309
-0.0123388
-0.0120501
-0.0116463
-0.0111471
-0.0105187
-0.00982421
-0.00907542
-0.00828969
-0.00748738
-0.00668926
-0.00591531
-0.00518405
-0.00451214
-0.003914
-0.00340175
-0.00298512
-0.00267159
-0.00247457
-0.000220784
0

0
-0.0129203
-0.0123299
-0.0120415
-0.0116372
-0.0111281
-0.0105114
-0.0098198
-0.00907261
-0.00828835
-0.00748748
-0.00669074
-0.00591807
-0.00518797
-0.00451706
-0.00391977
-0.00340819
-0.0029921
-0.00267894
-0.00248218
-0.000222478
0

0
-0.0129096
-0.0123207
-0.0120328
-0.0116287
-0.0111165
-0.0105049
-0.0098154
-0.00906978
-0.00828699
-0.00748759
-0.00669225
-0.00592089
-0.00519196
-0.00452207
-0.00392564
-0.00341477
-0.0029992
-0.00268643
-0.00248995
-0.000224025
0

0
-0.012899
-0.0123114
-0.012024
-0.0116204
-0.0111084
-0.0104988
-0.00981099
-0.00906688
-0.00828561
-0.00748769
-0.00669379
-0.00592375
-0.00519602
-0.00452717
-0.00393162
-0.00342146
-0.00300645
-0.00269407
-0.00249786
-0.000225448
0

0
-0.0128881
-0.0123014
-0.0120142
-0.0116112
-0.0111002
-0.0104917
-0.00980585
-0.00906351
-0.00828401
-0.00748772
-0.0066953
-0.00592663
-0.00520013
-0.00453235
-0.0039377
-0.00342827
-0.00301382
-0.00270184
-0.00250591
-0.000226759
0

0
-0.0100717
-0.00693541
-0.000582593
0.0106331
0.0218406
0.0116963
0.00146457
-0.00405872
-0.0061419
-0.00652475
-0.00620198
-0.00562484
-0.00498384
-0.00436091
-0.0037946
-0.00330574
-0.00290728
-0.00260799
-0.00242211
-0.000142321
0

0
0
0
0
0
0
0
0
0
0
0
0
0
0
0
0
0
0
0
0
0
0


0
0
0
0
0
0
0
0
0
0
0
0
0
0
0
0
0
0
0
0
0
0

0
-0.0274597
-0.0266682
-0.0260584
-0.0253815
-0.0305357
-0.0230569
-0.0212461
-0.0196146
-0.0179026
-0.0161525
-0.0144099
-0.0127187
-0.0111196
-0.00964888
-0.00833816
-0.00721368
-0.00629651
-0.00560272
-0.00515098
-0.00280934
0

0
-0.0130003
-0.0123952
-0.0121065
-0.0118035
-0.0117222
-0.0107396
-0.00985555
-0.00909347
-0.00829812
-0.00748673
-0.00667999
-0.00589805
-0.00515962
-0.00448145
-0.00387807
-0.00336158
-0.0029417
-0.00262584
-0.00242726
-0.000195827
0

0
-0.0129917
-0.0123877
-0.0120981
-0.0117354
-0.0108715
-0.0106434
-0.00985022
-0.00909095
-0.00829695
-0.00748677
-0.00668117
-0.00590029
-0.00516282
-0.00448549
-0.00388281
-0.00336689
-0.00294746
-0.00263191
-0.00243353
-0.000201394
0

0
-0.0129825
-0.0123799
-0.0120903
-0.0117057
-0.011135
-0.0105955
-0.00984577
-0.00908846
-0.0082958
-0.00748687
-0.00668247
-0.00590269
-0.00516621
-0.00448974
-0.00388779
-0.00337245
-0.00295346
-0.00263823
-0.00244006
-0.000206
0

0
-0.0129728
-0.012372
-0.0120825
-0.0116892
-0.0112623
-0.0105686
-0.0098415
-0.00908592
-0.00829462
-0.00748698
-0.00668379
-0.00590515
-0.00516968
-0.00449409
-0.00389287
-0.00337814
-0.0029596
-0.0026447
-0.00244675
-0.000209808
0

0
-0.0129628
-0.0123638
-0.0120745
-0.0116769
-0.0112557
-0.0105512
-0.00983725
-0.00908333
-0.00829341
-0.00748708
-0.00668514
-0.00590765
-0.00517322
-0.00449854
-0.00389808
-0.00338395
-0.00296588
-0.00265131
-0.00245359
-0.000213009
0

0
-0.0129526
-0.0123555
-0.0120664
-0.0116663
-0.0112165
-0.0105386
-0.00983295
-0.0090807
-0.00829217
-0.00748719
-0.00668652
-0.00591021
-0.00517684
-0.00450308
-0.00390339
-0.00338988
-0.0029723
-0.00265807
-0.00246059
-0.000215744
0

0
-0.0129421
-0.012347
-0.0120581
-0.0116564
-0.0111813
-0.0105285
-0.00982861
-0.00907803
-0.00829091
-0.00748729
-0.00668792
-0.00591282
-0.00518053
-0.00450771
-0.00390881
-0.00339595
-0.00297885
-0.00266498
-0.00246773
-0.000218118
0

0
-0.0129316
-0.0123384
-0.0120498
-0.011647
-0.0111547
-0.01052
-0.00982425
-0.00907531
-0.00828963
-0.00748739
-0.00668935
-0.00591547
-0.00518429
-0.00451243
-0.00391435
-0.00340214
-0.00298554
-0.00267203
-0.00247503
-0.000220212
0

0
-0.012921
-0.0123295
-0.0120413
-0.0116379
-0.011135
-0.0105125
-0.00981988
-0.00907255
-0.00828832
-0.00748749
-0.0066908
-0.00591818
-0.00518812
-0.00451725
-0.00391999
-0.00340845
-0.00299237
-0.00267923
-0.00248249
-0.000222082
0

0
-0.0129103
-0.0123206
-0.0120328
-0.0116292
-0.0111206
-0.0105056
-0.00981551
-0.00906975
-0.00828698
-0.00748759
-0.00669228
-0.00592093
-0.00519203
-0.00452216
-0.00392574
-0.00341488
-0.00299933
-0.00268657
-0.00249009
-0.000223774
0

0
-0.0128997
-0.0123115
-0.0120241
-0.0116208
-0.0111101
-0.0104991
-0.00981112
-0.00906692
-0.00828562
-0.00748769
-0.00669378
-0.00592374
-0.00519601
-0.00452716
-0.00393161
-0.00342144
-0.00300643
-0.00269405
-0.00249784
-0.000225319
0

0
-0.0128891
-0.0123022
-0.0120154
-0.0116126
-0.0111019
-0.010493
-0.00980671
-0.00906403
-0.00828423
-0.0074878
-0.00669531
-0.00592659
-0.00520006
-0.00453225
-0.00393758
-0.00342813
-0.00301366
-0.00270168
-0.00250574
-0.00022674
0

0
-0.0128782
-0.0122922
-0.0120056
-0.0116033
-0.0110934
-0.010486
-0.00980157
-0.00906066
-0.00828264
-0.00748781
-0.00669682
-0.00592947
-0.00520416
-0.00453742
-0.00394365
-0.00343492
-0.00302102
-0.00270944
-0.00251379
-0.000228049
0

0
-0.0100621
-0.00692365
-0.000553859
0.0106563
0.0211673
0.0117125
0.0014921
-0.0040519
-0.00614033
-0.00652492
-0.0062035
-0.00562761
-0.00498777
-0.00436584
-0.00380038
-0.00331221
-0.00291428
-0.00261537
-0.00242975
-0.000143383
0

0
0
0
0
0
0
0
0
0
0
0
0
0
0
0
0
0
0
0
0
0
0


0
0
0
0
0
0
0
0
0
0
0
0
0
0
0
0
0
0
0
0
0
0

0
-0.0274386
-0.0266479
-0.0260371
-0.0252402
-0.0262493
-0.0228478
-0.0212324
-0.019608
-0.0178995
-0.0161526
-0.0144131
-0.0127248
-0.0111282
-0.0096598
-0.00835095
-0.00722799
-0.00631198
-0.00561902
-0.00516784
-0.00281948
0

0
-0.0129897
-0.0123853
-0.0120952
-0.0117397
-0.0119316
-0.0106349
-0.00984787
-0.00909019
-0.00829663
-0.00748683
-0.00668159
-0.00590104
-0.00516385
-0.00448677
-0.0038843
-0.00336854
-0.00294923
-0.00263376
-0.00243546
-0.000197149
0

0
-0.0129812
-0.0123778
-0.0120877
-0.0117049
-0.0112677
-0.0105928
-0.0098438
-0.00908776
-0.00829548
-0.00748687
-0.00668277
-0.00590328
-0.00516705
-0.0044908
-0.00388903
-0.00337385
-0.00295497
-0.00263982
-0.00244173
-0.000202715
0

0
-0.012972
-0.0123701
-0.0120802
-0.011685
-0.0111471
-0.0105664
-0.00984001
-0.00908532
-0.00829433
-0.00748697
-0.00668406
-0.00590567
-0.00517043
-0.00449505
-0.003894
-0.00337939
-0.00296096
-0.00264613
-0.00244825
-0.000207319
0

0
-0.0129624
-0.0123622
-0.0120726
-0.0116723
-0.0111561
-0.0105494
-0.00983614
-0.00908281
-0.00829315
-0.00748707
-0.00668538
-0.00590812
-0.00517389
-0.00449938
-0.00389908
-0.00338507
-0.0029671
-0.00265259
-0.00245493
-0.000211126
0

0
-0.0129524
-0.0123541
-0.0120649
-0.0116626
-0.011164
-0.0105373
-0.00983215
-0.00908026
-0.00829195
-0.00748717
-0.00668672
-0.00591061
-0.00517742
-0.00450382
-0.00390427
-0.00339087
-0.00297337
-0.0026592
-0.00246176
-0.000214325
0

0
-0.0129422
-0.0123458
-0.0120569
-0.0116538
-0.0111584
-0.0105278
-0.00982804
-0.00907765
-0.00829071
-0.00748727
-0.00668809
-0.00591316
-0.00518103
-0.00450835
-0.00390957
-0.0033968
-0.00297977
-0.00266595
-0.00246875
-0.000217058
0

0
-0.0129318
-0.0123373
-0.0120488
-0.0116454
-0.0111469
-0.0105197
-0.00982384
-0.00907499
-0.00828945
-0.00748737
-0.00668949
-0.00591576
-0.00518471
-0.00451297
-0.00391498
-0.00340285
-0.00298632
-0.00267285
-0.00247589
-0.000219431
0

0
-0.0129213
-0.0123287
-0.0120405
-0.0116371
-0.0111341
-0.0105124
-0.00981957
-0.00907228
-0.00828817
-0.00748747
-0.00669091
-0.00591841
-0.00518846
-0.00451768
-0.0039205
-0.00340903
-0.002993
-0.00267989
-0.00248318
-0.000221522
0

0
-0.0129107
-0.0123199
-0.0120321
-0.0116287
-0.0111219
-0.0105055
-0.00981526
-0.00906953
-0.00828686
-0.00748757
-0.00669235
-0.0059211
-0.00519228
-0.00452249
-0.00392614
-0.00341533
-0.00299981
-0.00268708
-0.00249062
-0.000223391
0

0
-0.0129
-0.012311
-0.0120236
-0.0116204
-0.0111112
-0.0104991
-0.00981092
-0.00906674
-0.00828552
-0.00748767
-0.00669382
-0.00592385
-0.00519618
-0.00452739
-0.00393188
-0.00342175
-0.00300677
-0.00269441
-0.00249821
-0.00022508
0

0
-0.0128894
-0.0123018
-0.012015
-0.0116122
-0.0111021
-0.0104928
-0.00980655
-0.00906391
-0.00828416
-0.00748777
-0.00669532
-0.00592665
-0.00520015
-0.00453238
-0.00393773
-0.0034283
-0.00301385
-0.00270188
-0.00250596
-0.000226623
0

0
-0.0128789
-0.0122926
-0.0120063
-0.011604
-0.0110941
-0.0104868
-0.00980215
-0.00906102
-0.00828278
-0.00748786
-0.00669684
-0.00592949
-0.00520419
-0.00453746
-0.00394369
-0.00343497
-0.00302107
-0.0027095
-0.00251385
-0.000228042
0

0
-0.012868
-0.0122826
-0.0119965
-0.0115947
-0.0110855
-0.0104797
-0.00979701
-0.00905766
-0.00828118
-0.00748788
-0.00669834
-0.00593236
-0.00520828
-0.00454261
-0.00394974
-0.00344175
-0.00302842
-0.00271725
-0.00252189
-0.000229349
0

0
-0.0100522
-0.00691294
-0.000532845
0.01069
0.0209514
0.0117452
0.00151137
-0.00404667
-0.00613883
-0.00652505
-0.00620502
-0.00563044
-0.00499178
-0.00437089
-0.00380631
-0.00331885
-0.00292147
-0.00262295
-0.00243761
-0.000144449
0

0
0
0
0
0
0
0
0
0
0
0
0
0
0
0
0
0
0
0
0
0
0


0
0
0
0
0
0
0
0
0
0
0
0
0
0
0
0
0
0
0
0
0
0

0
-0.0268119
-0.0251502
-0.0185085
0.0347457
0.3739
0.0380532
-0.0136836
-0.0182626
-0.0173443
-0.0157497
-0.0140712
-0.0124267
-0.0108686
-0.00943516
-0.00815751
-0.00706148
-0.00616769
-0.00549184
-0.00505242
-0.00270245
0

0
-0.0123771
-0.010942
-0.00514713
0.0408896
0.316329
0.0427261
-0.00289385
-0.00779344
-0.00774626
-0.00708335
-0.00633712
-0.00559885
-0.00489885
-0.00425557
-0.00368333
-0.00319375
-0.00279607
-0.0024973
-0.0023105
-7.04028e-05
0

0
-0.0123769
-0.0110133
-0.00608034
0.0298989
0.223226
0.0314981
-0.00385932
-0.00787177
-0.00775253
-0.00708419
-0.00633835
-0.005601
-0.00490191
-0.00425942
-0.00368785
-0.00319882
-0.00280155
-0.00250308
-0.00231648
-7.5682e-05
0

0
-0.0123783
-0.0111015
-0.0071324
0.0187923
0.141579
0.0201831
-0.00494397
-0.0079674
-0.0077609
-0.00708535
-0.00633973
-0.00560332
-0.00490515
-0.00426349
-0.00369261
-0.00320412
-0.00280728
-0.00250911
-0.00232271
-7.99929e-05
0

0
-0.0123802
-0.0111912
-0.00811461
0.00951596
0.0822611
0.0107554
-0.00595334
-0.00806425
-0.00776997
-0.00708663
-0.00634116
-0.0056057
-0.00490847
-0.00426764
-0.00369746
-0.00320955
-0.00281314
-0.00251528
-0.00232909
-8.34986e-05
0

0
-0.0123814
-0.0112711
-0.0089248
0.00263372
0.0436036
0.0037774
-0.00678296
-0.00815064
-0.00777858
-0.00708794
-0.00634263
-0.00560812
-0.00491186
-0.00427189
-0.00370243
-0.00321509
-0.00281913
-0.00252159
-0.00233561
-8.63893e-05
0

0
-0.0123812
-0.0113348
-0.00952886
-0.00201737
0.0203541
-0.000923775
-0.00739839
-0.00821991
-0.00778589
-0.00708915
-0.00634411
-0.0056106
-0.00491533
-0.00427622
-0.0037075
-0.00322076
-0.00282525
-0.00252804
-0.00234228
-8.88067e-05
0

0
-0.012379
-0.0113799
-0.00993531
-0.00486525
0.00757655
-0.00378579
-0.00780887
-0.00826978
-0.00779143
-0.00709021
-0.00634561
-0.00561312
-0.00491886
-0.00428065
-0.00371268
-0.00322654
-0.0028315
-0.00253463
-0.0023491
-9.08566e-05
0

0
-0.0123748
-0.0114074
-0.0101764
-0.00638984
0.00150879
-0.00529844
-0.00804829
-0.00830134
-0.00779508
-0.00709107
-0.00634711
-0.00561568
-0.00492246
-0.00428516
-0.00371796
-0.00323245
-0.00283789
-0.00254136
-0.00235606
-9.26176e-05
0

0
-0.0123687
-0.0114203
-0.0102955
-0.00704794
-0.000666433
-0.00593063
-0.00816247
-0.00831793
-0.00779702
-0.00709174
-0.00634861
-0.00561829
-0.00492613
-0.00428976
-0.00372335
-0.00323847
-0.0028444
-0.00254822
-0.00236317
-9.41489e-05
0

0
-0.0123611
-0.0114225
-0.0103368
-0.00723023
-0.00104306
-0.00608602
-0.00819847
-0.0083239
-0.00779758
-0.00709224
-0.00635011
-0.00562095
-0.00492986
-0.00429445
-0.00372884
-0.00324461
-0.00285104
-0.00255522
-0.00237042
-9.54939e-05
0

0
-0.0123523
-0.011418
-0.0103374
-0.00721524
-0.000906772
-0.00605146
-0.0081952
-0.0083235
-0.00779719
-0.0070926
-0.00635162
-0.00562365
-0.00493367
-0.00429923
-0.00373443
-0.00325087
-0.00285781
-0.00256236
-0.00237781
-9.6685e-05
0

0
-0.0123429
-0.0114099
-0.0103222
-0.00715709
-0.000809498
-0.00598303
-0.00817852
-0.00832005
-0.00779621
-0.00709286
-0.00635313
-0.00562639
-0.00493754
-0.00430409
-0.00374013
-0.00325724
-0.00286471
-0.00256963
-0.00238534
-9.77453e-05
0

0
-0.0123327
-0.0113999
-0.0103039
-0.00711256
-0.000836555
-0.00593539
-0.0081613
-0.00831536
-0.00779476
-0.00709296
-0.0063546
-0.00562915
-0.00494146
-0.00430902
-0.00374592
-0.00326372
-0.00287172
-0.00257703
-0.00239301
-9.86854e-05
0

0
-0.00951784
-0.00603016
0.00116916
0.0151991
0.0310717
0.0163199
0.00315988
-0.00330282
-0.00565258
-0.00613026
-0.00586124
-0.00532706
-0.00472469
-0.00413695
-0.00360205
-0.00314033
-0.00276423
-0.00248215
-0.00230814
-1.31749e-05
0

0
0
0
0
0
0
0
0
0
0
0
0
0
0
0
0
0
0
0
0
0
0


0
0
0
0
0
0
0
0
0
0
0
0
0
0
0
0
0
0
0
0
0
0

0
0
0
0
0
0
0
0
0
0
0
0
0
0
0
0
0
0
0
0
0
0

0
0
0
0
0
0
0
0
0
0
0
0
0
0
0
0
0
0
0
0
0
0

0
0
0
0
0
0
0
0
0
0
0
0
0
0
0
0
0
0
0
0
0
0

0
0
0
0
0
0
0
0
0
0
0
0
0
0
0
0
0
0
0
0
0
0

0
0
0
0
0
0
0
0
0
0
0
0
0
0
0
0
0
0
0
0
0
0

0
0
0
0
0
0
0
0
0
0
0
0
0
0
0
0
0
0
0
0
0
0

0
0
0
0
0
0
0
0
0
0
0
0
0
0
0
0
0
0
0
0
0
0

0
0
0
0
0
0
0
0
0
0
0
0
0
0
0
0
0
0
0
0
0
0

0
0
0
0
0
0
0
0
0
0
0
0
0
0
0
0
0
0
0
0
0
0

0
0
0
0
0
0
0
0
0
0
0
0
0
0
0
0
0
0
0
0
0
0

0
0
0
0
0
0
0
0
0
0
0
0
0
0
0
0
0
0
0
0
0
0

0
0
0
0
0
0
0
0
0
0
0
0
0
0
0
0
0
0
0
0
0
0

0
0
0
0
0
0
0
0
0
0
0
0
0
0
0
0
0
0
0
0
0
0

0
0
0
0
0
0
0
0
0
0
0
0
0
0
0
0
0
0
0
0
0
0

0
0
0
0
0
0
0
0
0
0
0
0
0
0
0
0
0
0
0
0
0
0

0
0
0
0
0
0
0
0
0
0
0
0
0
0
0
0
0
0
0
0
0
0


