0
0
0
0
0
0
0
0
0
0
0
0
0
0
0
0
0
0
0
0
0
0

0
0
0
0
0
0
0
0
0
0
0
0
0
0
0
0
0
0
0
0
0
0

0
0
0
0
0
0
0
0
0
0
0
0
0
0
0
0
0
0
0
0
0
0

0
0
0
0
0
0
0
0
0
0
0
0
0
0
0
0
0
0
0
0
0
0

0
0
0
0
0
0
0
0
0
0
0
0
0
0
0
0
0
0
0
0
0
0

0
0
0
0
0
0
0
0
0
0
0
0
0
0
0
0
0
0
0
0
0
0

0
0
0
0
0
0
0
0
0
0
0
0
0
0
0
0
0
0
0
0
0
0

0
0
0
0
0
0
0
0
0
0
0
0
0
0
0
0
0
0
0
0
0
0

0
0
0
0
0
0
0
0
0
0
0
0
0
0
0
0
0
0
0
0
0
0

0
0
0
0
0
0
0
0
0
0
0
0
0
0
0
0
0
0
0
0
0
0

0
0
0
0
0
0
0
0
0
0
0
0
0
0
0
0
0
0
0
0
0
0

0
0
0
0
0
0
0
0
0
0
0
0
0
0
0
0
0
0
0
0
0
0

0
0
0
0
0
0
0
0
0
0
0
0
0
0
0
0
0
0
0
0
0
0

0
0
0
0
0
0
0
0
0
0
0
0
0
0
0
0
0
0
0
0
0
0

0
0
0
0
0
0
0
0
0
0
0
0
0
0
0
0
0
0
0
0
0
0

0
0
0
0
0
0
0
0
0
0
0
0
0
0
0
0
0
0
0
0
0
0

0
0
0
0
0
0
0
0
0
0
0
0
0
0
0
0
0
0
0
0
0
0


0
0
0
0
0
0
0
0
0
0
0
0
0
0
0
0
0
0
0
0
0
0

0
-0.212187
-0.203829
-0.243489
-0.229778
-0.187259
-0.165698
-0.282574
0.01404
-1.43463
-0.150486
-0.180813
-0.721262
-0.073902
-0.332808
-0.367471
-0.136253
-0.0543472
-0.136907
-0.238386
-0.236303
0

0
-0.270051
-0.379219
-0.337719
-0.327219
-0.109096
-0.0013092
-0.403773
-0.0847398
-0.701688
-0.314496
-0.225365
-1.37122
-0.155782
-0.35643
-0.656039
1.06244
-0.275215
-0.135034
-0.319336
-0.313731
0

0
-0.339374
-0.378154
-0.452547
-0.417497
-0.0119254
-0.275968
-0.491143
-0.0136191
-0.741612
-0.45017
-0.382495
-1.05508
-0.360497
-0.438795
-0.64301
-0.0769829
0.0450051
-0.115521
-0.422454
-0.40548
0

0
-0.41485
-0.528163
-0.585391
-0.490734
-0.198324
-0.387726
-0.579629
-0.183921
-0.760407
-0.570319
-0.532658
-1.10721
-0.660559
-0.526099
-0.593726
-0.249605
0.13526
-0.0869213
-0.535027
-0.496282
0

0
-0.500757
-0.58436
-0.6286
-0.585352
-0.256822
-0.487924
-0.679755
-0.250704
-0.836103
-0.665867
-0.670401
-0.91265
-0.847099
-0.625838
-0.77034
-0.471046
0.259824
-0.0750495
-0.666108
-0.586304
0

0
-0.589422
-0.668219
-0.693988
-0.687181
-0.296481
-0.582226
-0.795706
-0.27305
-0.913114
-0.777976
-0.791344
-1.01109
-0.962352
-0.753501
-0.464536
-0.693528
0.381818
0.0199433
-0.843372
-0.675436
0

0
-0.679344
-0.760889
-0.770061
-0.793788
-0.319578
-0.673399
-0.911644
0.0318956
-1.00236
-0.879938
-0.90641
-1.09598
-1.0879
-0.843748
-0.52969
-0.925746
0.504984
0.13269
-1.05363
-0.763746
0

0
-0.770024
-0.855511
-0.851981
-0.899603
-0.330682
-0.756898
-0.939653
-0.57995
-1.01053
-0.970941
-1.0147
-1.19761
-1.21594
-1.07989
-0.333043
-1.16839
0.638959
0.275309
-1.43151
-0.852517
0

0
-0.861292
-0.950131
-0.938578
-0.976114
-0.354043
-0.822909
-0.982484
-0.820663
-1.06092
-1.05818
-1.11732
-1.30245
-1.36524
-1.03893
-0.325623
-1.50131
0.761777
0.365641
-1.33905
-0.942748
0

0
-0.953152
-1.04405
-1.02914
-0.98568
-0.542921
-0.862347
-1.02377
-0.998624
-1.11987
-1.14617
-1.21203
-1.38861
-1.50097
-1.01927
-0.24722
-1.9505
1.48596
0.606026
-1.41589
-1.03216
0

0
-1.04583
-1.13709
-1.1171
-1.03789
-0.564068
-0.943345
-1.08167
-1.1626
-1.18588
-1.2437
-1.29192
-1.43046
-2.12371
-0.883483
-0.226851
-2.54192
1.78943
0.671053
-1.54676
-1.12099
0

0
-1.14008
-1.22831
-1.20548
-1.1065
-0.575842
-1.01275
-1.15218
-1.35767
-1.26068
-1.32609
-1.38226
-1.51619
-2.24285
-0.668555
0.142109
-3.30929
2.1024
0.786135
-1.71757
-1.20876
0

0
-1.2365
-1.31552
-1.29706
-1.18589
-0.562077
-1.09398
-1.24588
-1.36312
-1.35394
-1.41823
-1.46109
-1.61939
-2.13788
0.153924
-1.54672
-4.39329
2.77087
0.932877
-1.90876
-1.29596
0

0
-1.32391
-1.39136
-1.37816
-1.26928
-0.501231
-1.17627
-1.33196
-1.42937
-1.43372
-1.49155
-1.53934
-1.69575
-2.08075
-0.945318
-1.36122
-5.24291
3.75209
1.08208
-2.07926
-1.37532
0

0
-1.32072
-1.38241
-1.3669
-1.25572
-0.249498
-1.1644
-1.31978
-1.42145
-1.42208
-1.48062
-1.52803
-1.68544
-2.10314
-0.856574
-1.31857
-5.42188
3.83118
1.0865
-2.05921
-1.36373
0

0
0
0
0
0
0
0
0
0
0
0
0
0
0
0
0
0
0
0
0
0
0


0
0
0
0
0
0
0
0
0
0
0
0
0
0
0
0
0
0
0
0
0
0

0
-0.213695
-1.18
-0.281119
-0.174936
-0.525311
-0.533331
-0.283676
-0.0202293
-0.168194
-0.230549
-0.240727
-0.463696
-0.140923
-0.293068
-0.0982954
-2.52581
0.0754504
-0.0907037
-0.230737
-0.241931
0

0
-0.273028
1.37982
-0.11948
-0.294199
-0.166726
-0.75876
-0.429953
-0.394566
-0.636098
-0.320286
-0.303937
0.806491
-0.126664
-0.407715
-0.278081
-1.6391
-0.515335
-0.0942579
-0.295625
-0.315939
0

0
-0.332555
0.423059
-0.231188
-0.390328
-0.515241
-0.418225
-0.484547
-0.713082
-0.715156
-0.445513
-0.387297
-0.406789
-0.289792
-0.519058
-0.475212
-0.334806
0.0370665
-0.0125828
-0.374131
-0.406495
0

0
-0.410829
-0.271769
-0.2715
-0.463986
-0.432727
-0.477617
-0.576546
-0.567674
-0.755077
-0.560713
-0.519882
-0.648083
-0.916008
-0.63845
-0.675456
-0.464372
-0.0211657
0.130961
-0.441359
-0.496122
0

0
-0.49897
-0.514893
-0.559612
-0.558065
-0.596825
-0.595595
-0.673169
-0.825284
-0.82907
-0.669461
-0.664132
-0.825296
-0.913534
-0.741325
-1.80883
-0.697361
-0.0332321
0.459626
-0.488278
-0.584912
0

0
-0.589492
-0.643635
-0.680697
-0.644128
-0.790718
-0.73672
-0.775167
-1.27756
-0.925088
-0.773314
-0.781766
-0.954697
-1.1102
-1.04538
-0.970202
-0.740209
0.00436232
0.213034
-0.497812
-0.67395
0

0
-0.680622
-0.749367
-0.768806
-0.72794
-0.93775
-0.885688
-0.881195
-1.52857
-1.00142
-0.873935
-0.894515
-1.05982
-1.34973
-1.31327
-1.37014
-0.91941
-0.031238
0.0706084
-0.386187
-0.761245
0

0
-0.772168
-0.848553
-0.855173
-0.826639
-0.936589
-0.983437
-0.966905
-0.674098
-0.999803
-0.966764
-1.00082
-1.16772
-1.68916
-1.68135
-1.93393
-1.08711
-0.189698
0.00434665
-0.262938
-0.851245
0

0
-0.86424
-0.943957
-0.941719
-0.937117
-0.793715
-0.950133
-1.00409
-0.807603
-1.04898
-1.05743
-1.10102
-1.27875
-1.94648
-2.19857
-2.25991
-1.18287
-0.520699
-0.0985397
-1.09046
-0.947452
0

0
-0.956999
-1.03739
-1.0283
-1.00678
-0.741916
-0.846039
-1.03311
-0.8959
-1.10965
-1.14742
-1.19523
-1.37638
-1.59074
-2.53637
-2.46851
-1.20727
1.45693
0.441939
-1.29837
-1.03774
0

0
-1.05041
-1.1362
-1.11506
-1.05889
-0.771881
-0.981479
-1.10611
-0.93808
-1.17675
-1.23665
-1.28498
-1.42631
-0.0933162
-2.56442
-2.67196
-0.949717
1.57443
0.449384
-1.36908
-1.12709
0

0
-1.14425
-1.2538
-1.2047
-1.13003
-0.758026
-1.05672
-1.18027
-1.02755
-1.25834
-1.32549
-1.37245
-1.49149
-1.8708
-2.49053
-2.6678
-0.864957
1.91147
0.459913
-1.43302
-1.21563
0

0
-1.24001
-1.36793
-1.31679
-1.21381
-0.816104
-1.14308
-1.26386
-1.3482
-1.35885
-1.41291
-1.45948
-1.58902
-2.03136
-1.95904
-1.89905
-0.783477
2.40758
0.446034
-1.4852
-1.30373
0

0
-1.33129
-1.40915
-1.39141
-1.30105
-0.896107
-1.22952
-1.35086
-1.41879
-1.43898
-1.49093
-1.53594
-1.66734
-1.98141
-1.04548
-1.71047
-1.12624
3.06185
0.346673
-1.52096
-1.38387
0

0
-1.32812
-1.40123
-1.37983
-1.28712
-0.875338
-1.21654
-1.33851
-1.40322
-1.42689
-1.47954
-1.52487
-1.65659
-1.98513
-1.10776
-1.68855
-1.23223
3.14456
0.357251
-1.51722
-1.37187
0

0
0
0
0
0
0
0
0
0
0
0
0
0
0
0
0
0
0
0
0
0
0


0
0
0
0
0
0
0
0
0
0
0
0
0
0
0
0
0
0
0
0
0
0

0
-0.220214
-0.402935
-0.209824
-0.231971
-0.509434
-0.384783
-0.288003
-0.266103
-0.220938
-0.253186
-0.245811
-0.135803
-0.229381
-0.296457
-0.305953
-1.44881
-0.278569
-0.127824
-0.230987
-0.245603
0

0
-0.263215
0.423976
-0.228926
-0.278309
-0.556522
-0.506072
-0.364911
-0.352353
-0.404496
-0.335156
-0.320129
-0.127772
-0.303903
-0.40933
-0.438563
-1.80588
-0.179065
-0.0713619
-0.286796
-0.318731
0

0
-0.334396
0.14839
-0.28397
-0.380306
-0.457949
-0.542749
-0.492284
-0.529168
-0.59484
-0.444489
-0.418611
-0.211093
-0.451136
-0.544581
-0.658152
1.08217
-0.117551
-0.0654251
-0.361985
-0.409156
0

0
-0.41313
-0.168862
-0.388081
-0.474369
-0.49032
-0.540486
-0.575029
-0.680099
-0.704508
-0.556411
-0.53072
-0.550034
-0.668387
-0.697453
-0.800979
-0.181455
-0.153581
-0.0312744
-0.431342
-0.499346
0

0
-0.500102
-0.436876
-0.497212
-0.556055
-0.62369
-0.620565
-0.665874
-0.784772
-0.783936
-0.663612
-0.654201
-0.743279
-0.867178
-0.869412
-0.837886
-0.604403
-0.182629
-0.0896613
-0.491505
-0.589314
0

0
-0.590882
-0.610153
-0.644241
-0.647811
-0.79393
-0.726132
-0.759902
-0.948743
-0.865213
-0.766156
-0.772558
-0.889745
-1.06869
-1.0396
-1.68144
-0.924404
-0.242791
-0.0208212
-0.529738
-0.678777
0

0
-0.682724
-0.737011
-0.756096
-0.741695
-0.930291
-0.83377
-0.852118
-1.09658
-0.944741
-0.865574
-0.883473
-1.01747
-1.26443
-1.30391
-1.49963
-1.08629
-0.246098
-0.0694156
-0.589374
-0.769121
0

0
-0.774926
-0.845966
-0.851823
-0.836881
-0.968181
-0.923584
-0.933824
-1.01049
-1.00767
-0.961184
-0.989199
-1.12977
-1.48001
-1.57033
-1.88476
-1.29506
-0.15788
-0.116414
-0.704779
-0.859321
0

0
-0.867521
-0.948034
-0.943194
-0.929519
-0.77592
-0.946791
-0.999259
-0.911633
-1.0529
-1.05227
-1.08982
-1.23499
-1.6726
-1.88251
-2.29616
-1.44429
0.195004
-0.0533633
-0.812575
-0.948918
0

0
-0.960754
-1.04745
-1.03376
-1.00576
-0.435889
-0.899865
-1.05282
-0.964976
-1.11626
-1.14198
-1.1858
-1.32716
-1.59407
-2.20752
-2.48999
-1.41151
-0.0522428
-0.251041
-1.11354
-1.04214
0

0
-1.05498
-1.14585
-1.12475
-1.07476
-0.864725
-1.00645
-1.11985
-1.04038
-1.18885
-1.2311
-1.27762
-1.39793
-0.96985
-2.41885
-2.3934
-1.2239
0.242826
-0.233573
-1.27605
-1.13318
0

0
-1.15063
-1.24454
-1.21672
-1.15377
-0.919728
-1.09679
-1.19853
-1.13031
-1.26832
-1.31993
-1.36661
-1.47468
-1.38396
-2.3558
-2.20286
-0.996505
0.390772
-0.325103
-1.3769
-1.22367
0

0
-1.24758
-1.34858
-1.30963
-1.23994
-0.985224
-1.18552
-1.28455
-1.25542
-1.35571
-1.4081
-1.45426
-1.56165
-1.79523
-1.87817
-1.95704
-0.949791
0.517522
-0.466522
-1.46504
-1.31397
0

0
-1.33537
-1.44729
-1.3954
-1.32459
-1.07249
-1.27193
-1.36781
-1.38262
-1.43987
-1.48697
-1.53145
-1.64022
-1.8755
-1.15025
-2.41302
-1.15015
0.466369
-0.583314
-1.54329
-1.39517
0

0
-1.33262
-1.4333
-1.38257
-1.31078
-1.05235
-1.25842
-1.35557
-1.36406
-1.42761
-1.4755
-1.52036
-1.6293
-1.8569
-1.23197
-2.31437
-1.28042
0.507039
-0.563332
-1.5314
-1.38298
0

0
0
0
0
0
0
0
0
0
0
0
0
0
0
0
0
0
0
0
0
0
0


0
0
0
0
0
0
0
0
0
0
0
0
0
0
0
0
0
0
0
0
0
0

0
-0.22192
-0.158949
-0.213217
-0.247926
-0.00539595
-0.306386
-0.272627
-0.27702
-0.272759
-0.25885
-0.251329
-0.204333
-0.266675
-0.301059
-0.334693
-0.497568
-0.19326
-0.153015
-0.234468
-0.247438
0

0
-0.2711
-0.0679776
-0.26616
-0.286194
-0.60115
-0.444496
-0.364296
-0.368038
-0.37649
-0.342612
-0.331584
-0.259226
-0.356983
-0.417669
-0.4656
-0.963766
-0.243899
-0.14506
-0.292606
-0.321282
0

0
-0.342008
-0.102236
-0.334033
-0.369845
-0.78553
-0.537626
-0.469582
-0.494284
-0.517838
-0.446261
-0.431626
-0.346373
-0.48646
-0.559376
-0.628074
-0.372502
-0.312622
-0.169991
-0.369971
-0.41209
0

0
-0.42036
-0.252247
-0.421191
-0.466073
-0.731642
-0.578258
-0.566789
-0.628051
-0.641564
-0.552362
-0.53838
-0.518773
-0.645436
-0.710565
-0.797365
-0.312221
-0.308121
-0.204974
-0.446205
-0.502713
0

0
-0.505482
-0.433752
-0.519995
-0.560473
-0.679355
-0.631835
-0.656194
-0.738693
-0.740185
-0.657243
-0.651212
-0.704156
-0.82241
-0.872201
-1.00119
-0.639371
-0.360829
-0.238816
-0.519905
-0.593256
0

0
-0.594923
-0.595265
-0.633388
-0.652841
-0.738664
-0.71084
-0.745542
-0.846165
-0.827324
-0.759065
-0.764567
-0.843647
-0.991662
-1.04616
-1.25238
-0.935332
-0.423016
-0.266913
-0.594877
-0.683708
0

0
-0.686356
-0.728521
-0.745867
-0.745299
-0.85975
-0.802762
-0.83402
-0.950333
-0.910503
-0.857929
-0.873507
-0.973571
-1.16391
-1.2412
-1.57124
-1.20096
-0.48098
-0.303969
-0.679944
-0.774206
0

0
-0.778633
-0.843707
-0.848264
-0.836337
-0.95756
-0.894371
-0.918362
-1.00093
-0.98688
-0.953815
-0.978175
-1.08986
-1.32457
-1.45572
-1.78567
-1.43209
-0.542713
-0.374192
-0.77815
-0.864578
0

0
-0.871486
-0.949538
-0.944286
-0.926367
-0.894137
-0.958397
-0.995128
-0.995079
-1.0528
-1.04647
-1.07867
-1.19507
-1.45848
-1.68698
-2.16562
-1.62866
-0.732912
-0.504045
-0.887062
-0.954956
0

0
-0.965055
-1.05057
-1.03759
-1.01221
-0.636333
-0.976234
-1.064
-1.02765
-1.12053
-1.13699
-1.17523
-1.28924
-1.4895
-1.943
-2.46233
-1.68089
-1.06385
-0.661719
-1.03912
-1.04646
0

0
-1.05967
-1.14873
-1.13016
-1.08829
-0.833907
-1.03363
-1.13393
-1.09505
-1.19524
-1.22654
-1.26826
-1.37198
-1.3552
-2.17769
-2.43473
-1.53143
-1.31534
-0.850801
-1.20073
-1.1384
0

0
-1.15571
-1.24528
-1.22268
-1.1719
-0.989779
-1.12689
-1.21384
-1.17779
-1.27562
-1.31558
-1.35855
-1.45324
-1.43048
-2.27551
-2.15955
-1.31164
-1.54416
-1.03145
-1.32286
-1.2298
0

0
-1.25303
-1.3421
-1.31533
-1.26099
-1.08692
-1.21979
-1.30049
-1.2733
-1.36108
-1.40401
-1.44688
-1.53864
-1.64158
-2.12713
-2.01845
-1.32895
-1.72119
-1.17604
-1.41851
-1.32069
0

0
-1.34091
-1.42875
-1.39894
-1.34544
-1.17462
-1.30575
-1.38282
-1.36947
-1.44144
-1.48258
-1.52444
-1.61569
-1.76676
-1.88179
-2.3969
-1.53376
-1.78601
-1.2382
-1.49072
-1.40179
0

0
-1.33815
-1.41599
-1.38619
-1.33148
-1.15503
-1.29191
-1.37052
-1.35496
-1.42967
-1.47115
-1.51333
-1.60487
-1.74695
-1.92293
-2.31685
-1.70204
-1.74361
-1.20259
-1.47803
-1.38953
0

0
0
0
0
0
0
0
0
0
0
0
0
0
0
0
0
0
0
0
0
0
0


0
0
0
0
0
1
0
0
0
0
0
0
0
0
0
0
0
0
0
0
0
0

0
-0.226119
-0.176298
-0.225543
-0.250899
1.19783
-0.23291
-0.262711
-0.272633
-0.272697
-0.259879
-0.255322
-0.240135
-0.277425
-0.301288
-0.327872
-0.32527
-0.22365
-0.19232
-0.241449
-0.248914
0

0
-0.279443
-0.196952
-0.284183
-0.319417
0.792853
-0.300093
-0.349075
-0.364912
-0.368192
-0.344752
-0.338022
-0.309334
-0.375442
-0.418393
-0.461008
-0.535531
-0.284073
-0.212848
-0.304152
-0.323556
0

0
-0.352285
-0.246678
-0.361954
-0.392013
0.143842
-0.43448
-0.452766
-0.477031
-0.48547
-0.446583
-0.43866
-0.408128
-0.498781
-0.557807
-0.616642
-0.675957
-0.38266
-0.264156
-0.386683
-0.414991
0

0
-0.430296
-0.343338
-0.446683
-0.472261
-0.42163
-0.545017
-0.552166
-0.59127
-0.599848
-0.549247
-0.542609
-0.535741
-0.636112
-0.702765
-0.783393
-0.609953
-0.455819
-0.323101
-0.469691
-0.506085
0

0
-0.513792
-0.471288
-0.540194
-0.562574
-0.640711
-0.627699
-0.645097
-0.698364
-0.703425
-0.651617
-0.649948
-0.682179
-0.786252
-0.854687
-0.964784
-0.744801
-0.534589
-0.383703
-0.553769
-0.597113
0

0
-0.601499
-0.605049
-0.641265
-0.655628
-0.722283
-0.705984
-0.734645
-0.797422
-0.797099
-0.75226
-0.758333
-0.816166
-0.935963
-1.01401
-1.16673
-0.979277
-0.646612
-0.454653
-0.640813
-0.688064
0

0
-0.691789
-0.73026
-0.745829
-0.74828
-0.801769
-0.790087
-0.822725
-0.890443
-0.884884
-0.850634
-0.864713
-0.939564
-1.0843
-1.18282
-1.41386
-1.2423
-0.807231
-0.54008
-0.731928
-0.778907
0

0
-0.783523
-0.844887
-0.84788
-0.839701
-0.88727
-0.87776
-0.908754
-0.966091
-0.967758
-0.946607
-0.968012
-1.05463
-1.2236
-1.36305
-1.65834
-1.51286
-1.04822
-0.65981
-0.828803
-0.869691
0

0
-0.876206
-0.95167
-0.945932
-0.92967
-0.930502
-0.958968
-0.991169
-1.01592
-1.04515
-1.04015
-1.06802
-1.1606
-1.34235
-1.55379
-1.95256
-1.77644
-1.38954
-0.817489
-0.934069
-0.960576
0

0
-0.969797
-1.0534
-1.04114
-1.01756
-0.890266
-1.01989
-1.06921
-1.06573
-1.12064
-1.13169
-1.16477
-1.25769
-1.41761
-1.75629
-2.26266
-1.95254
-1.77136
-0.992942
-1.05122
-1.05184
0

0
-1.0645
-1.15184
-1.13486
-1.10155
-0.910393
-1.07375
-1.14552
-1.13185
-1.19878
-1.22197
-1.25849
-1.3468
-1.43638
-1.95659
-2.4021
-1.93501
-2.14941
-1.18437
-1.17931
-1.14361
0

0
-1.16059
-1.24804
-1.22795
-1.18736
-1.03495
-1.15568
-1.2268
-1.21114
-1.28079
-1.31146
-1.34962
-1.43208
-1.48626
-2.10687
-2.29774
-1.79073
-2.36276
-1.34538
-1.29805
-1.23528
0

0
-1.25783
-1.34244
-1.32063
-1.27765
-1.14703
-1.24784
-1.31367
-1.29964
-1.36635
-1.40014
-1.43851
-1.51761
-1.6011
-2.14846
-2.21009
-1.78977
-2.44521
-1.459
-1.39894
-1.3263
0

0
-1.3454
-1.42514
-1.40332
-1.36159
-1.23891
-1.33325
-1.39514
-1.38499
-1.44533
-1.47862
-1.51628
-1.59401
-1.70396
-2.12252
-2.38134
-1.9851
-2.49381
-1.52578
-1.47606
-1.40711
0

0
-1.34268
-1.41267
-1.39049
-1.34757
-1.21978
-1.31935
-1.38281
-1.372
-1.43373
-1.46718
-1.50513
-1.5833
-1.6893
-2.1305
-2.33414
-2.15593
-2.46045
-1.48686
-1.4612
-1.39477
0

0
0
0
0
0
0
0
0
0
0
0
0
0
0
0
0
0
0
0
0
0
0


0
0
0
0
0
0
0
0
0
0
0
0
0
0
0
0
0
0
0
0
0
0

0
-0.230659
-0.207936
-0.235515
-0.224695
-0.295643
-0.321525
-0.267671
-0.268268
-0.268373
-0.259884
-0.257644
-0.254124
-0.279027
-0.297964
-0.318099
-0.305116
-0.255609
-0.226107
-0.24951
-0.250356
0

0
-0.287204
-0.253497
-0.298913
-0.298861
-0.295582
-0.376365
-0.349093
-0.357741
-0.35958
-0.344693
-0.341561
-0.333725
-0.379003
-0.41243
-0.446932
-0.44971
-0.329482
-0.269741
-0.317757
-0.325806
0

0
-0.362256
-0.322195
-0.380699
-0.391471
-0.255389
-0.435552
-0.44495
-0.463412
-0.467926
-0.445564
-0.44228
-0.435554
-0.498777
-0.546982
-0.597599
-0.623868
-0.437836
-0.341312
-0.405774
-0.417855
0

0
-0.44074
-0.40841
-0.466272
-0.479811
-0.338995
-0.518284
-0.540671
-0.568421
-0.574746
-0.546265
-0.544453
-0.549145
-0.624856
-0.684576
-0.753586
-0.723516
-0.551544
-0.419768
-0.494495
-0.509413
0

0
-0.523351
-0.512853
-0.557237
-0.568658
-0.524207
-0.609671
-0.63439
-0.670468
-0.676985
-0.646689
-0.648443
-0.673292
-0.757707
-0.826413
-0.917964
-0.834072
-0.671811
-0.505475
-0.584775
-0.600856
0

0
-0.60963
-0.626596
-0.653099
-0.659991
-0.670523
-0.698112
-0.725472
-0.76742
-0.773283
-0.746074
-0.753179
-0.79679
-0.892338
-0.972872
-1.09632
-1.01442
-0.821706
-0.602282
-0.677113
-0.692212
0

0
-0.698634
-0.740697
-0.752157
-0.752434
-0.773122
-0.785104
-0.81472
-0.859035
-0.864603
-0.84387
-0.856988
-0.914203
-1.02519
-1.12479
-1.29714
-1.24584
-1.01984
-0.714452
-0.771759
-0.783486
0

0
-0.789491
-0.850756
-0.851534
-0.844589
-0.861469
-0.872778
-0.902431
-0.942585
-0.951941
-0.939838
-0.958765
-1.02584
-1.15209
-1.28319
-1.51526
-1.51444
-1.27424
-0.846228
-0.869463
-0.874729
0

0
-0.881679
-0.956098
-0.949318
-0.935695
-0.937064
-0.958702
-0.98816
-1.01504
-1.03577
-1.03393
-1.05806
-1.13114
-1.26634
-1.44777
-1.75709
-1.81196
-1.57635
-0.995069
-0.971326
-0.966033
0

0
-0.975032
-1.05753
-1.0452
-1.0252
-0.981917
-1.03638
-1.07153
-1.08262
-1.11754
-1.12633
-1.15474
-1.22985
-1.35951
-1.61701
-2.01929
-2.08757
-1.90846
-1.15337
-1.07788
-1.0575
0

0
-1.06963
-1.156
-1.13961
-1.11301
-1.0107
-1.10558
-1.15349
-1.15494
-1.19972
-1.21741
-1.24885
-1.32249
-1.42843
-1.78324
-2.22022
-2.22477
-2.2338
-1.31087
-1.1888
-1.1492
0

0
-1.16561
-1.25211
-1.23309
-1.20115
-1.09284
-1.18398
-1.23727
-1.23496
-1.28389
-1.3075
-1.34056
-1.41098
-1.49571
-1.92537
-2.27398
-2.178
-2.46577
-1.45166
-1.29747
-1.24085
0

0
-1.26263
-1.34583
-1.32569
-1.29178
-1.19492
-1.27286
-1.32455
-1.32159
-1.37016
-1.39648
-1.42991
-1.49759
-1.58361
-2.01711
-2.26339
-2.12535
-2.56079
-1.55934
-1.39626
-1.33179
0

0
-1.34975
-1.42735
-1.40775
-1.3749
-1.28607
-1.35662
-1.40525
-1.40327
-1.44868
-1.47494
-1.50786
-1.574
-1.6692
-2.06131
-2.33386
-2.26483
-2.58718
-1.62193
-1.47382
-1.41224
0

0
-1.34707
-1.41482
-1.39478
-1.3609
-1.2682
-1.34291
-1.3929
-1.39086
-1.43709
-1.46346
-1.49667
-1.56334
-1.65773
-2.05721
-2.30883
-2.41513
-2.56483
-1.58792
-1.45815
-1.39983
0

0
0
0
0
0
0
0
0
0
0
0
0
0
0
0
0
0
0
0
0
0
0


0
0
0
0
0
0
0
0
0
0
0
0
0
0
0
0
0
0
0
0
0
0

0
-0.235024
-0.228717
-0.241529
-0.242955
-0.234198
-0.260882
-0.258761
-0.263847
-0.264722
-0.259759
-0.259052
-0.25998
-0.277356
-0.292521
-0.307988
-0.30192
-0.277559
-0.25264
-0.257622
-0.25195
0

0
-0.294341
-0.287197
-0.309711
-0.309127
-0.305176
-0.354387
-0.343
-0.350582
-0.352538
-0.344082
-0.343492
-0.344641
-0.376161
-0.402645
-0.429849
-0.427373
-0.365178
-0.315393
-0.331541
-0.328254
0

0
-0.371338
-0.365668
-0.394764
-0.396252
-0.363559
-0.440268
-0.439656
-0.452577
-0.456248
-0.443979
-0.443873
-0.447403
-0.492357
-0.531164
-0.572136
-0.581682
-0.482633
-0.403124
-0.424448
-0.420761
0

0
-0.450634
-0.451743
-0.481683
-0.485167
-0.428377
-0.519638
-0.533656
-0.553027
-0.558541
-0.543294
-0.544676
-0.555027
-0.611042
-0.661141
-0.717356
-0.723275
-0.610122
-0.496388
-0.517684
-0.512697
0

0
-0.53298
-0.547333
-0.571781
-0.574973
-0.529321
-0.604399
-0.626499
-0.651651
-0.65852
-0.642258
-0.646364
-0.667943
-0.73299
-0.793583
-0.867829
-0.855756
-0.748491
-0.596729
-0.61199
-0.604502
0

0
-0.618336
-0.649949
-0.665122
-0.665989
-0.647167
-0.692996
-0.718121
-0.747368
-0.755197
-0.740526
-0.748462
-0.782288
-0.856386
-0.92889
-1.02708
-1.01378
-0.905947
-0.705442
-0.707509
-0.696244
0

0
-0.706259
-0.755333
-0.760943
-0.758056
-0.756277
-0.782425
-0.808546
-0.839534
-0.848509
-0.837723
-0.850068
-0.894091
-0.978683
-1.06748
-1.19931
-1.2105
-1.09115
-0.823679
-0.804287
-0.787954
0

0
-0.796207
-0.860171
-0.857839
-0.850445
-0.853182
-0.871835
-0.897873
-0.927271
-0.938885
-0.933606
-0.950369
-1.00215
-1.09718
-1.20972
-1.38596
-1.44695
-1.30592
-0.951039
-0.902511
-0.879669
0

0
-0.887774
-0.962915
-0.954477
-0.942417
-0.940473
-0.960211
-0.986008
-1.00971
-1.0268
-1.02808
-1.04888
-1.10592
-1.20826
-1.35513
-1.58767
-1.72353
-1.54751
-1.08529
-1.00247
-0.97143
0

0
-0.980768
-1.06325
-1.05018
-1.03343
-1.0138
-1.04503
-1.07284
-1.08857
-1.11304
-1.12118
-1.14536
-1.20501
-1.30805
-1.50167
-1.80117
-2.01832
-1.81175
-1.22271
-1.10422
-1.06327
0

0
-1.07518
-1.16134
-1.14482
-1.12347
-1.07406
-1.1254
-1.15882
-1.16804
-1.19886
-1.21307
-1.23971
-1.29952
-1.39518
-1.64379
-1.99196
-2.24761
-2.07842
-1.35735
-1.20713
-1.15515
0

0
-1.17103
-1.25731
-1.2385
-1.21344
-1.14802
-1.20728
-1.24531
-1.25101
-1.28534
-1.30384
-1.3319
-1.39022
-1.47611
-1.77015
-2.10676
-2.31572
-2.29476
-1.48094
-1.30852
-1.24686
0

0
-1.26783
-1.35072
-1.33099
-1.30439
-1.23931
-1.2949
-1.33343
-1.33782
-1.37262
-1.39324
-1.4217
-1.47817
-1.56059
-1.86831
-2.15647
-2.28423
-2.40537
-1.58084
-1.40378
-1.33771
0

0
-1.35449
-1.43164
-1.41248
-1.38665
-1.32613
-1.37686
-1.41358
-1.41795
-1.45103
-1.47174
-1.49984
-1.55496
-1.63928
-1.9331
-2.20793
-2.34023
-2.43624
-1.64429
-1.48089
-1.41781
0

0
-1.35183
-1.41896
-1.39936
-1.37269
-1.30969
-1.36332
-1.40114
-1.40572
-1.43935
-1.46017
-1.48856
-1.54428
-1.62912
-1.92598
-2.1957
-2.46307
-2.42111
-1.6166
-1.46496
-1.40528
0

0
0
0
0
0
0
0
0
0
0
0
0
0
0
0
0
0
0
0
0
0
0


0
0
0
0
0
0
0
0
0
0
0
0
0
0
0
0
0
0
0
0
0
0

0
-0.239523
-0.242404
-0.247088
-0.247548
-0.239151
-0.255292
-0.257231
-0.261267
-0.262431
-0.260025
-0.2603
-0.262752
-0.274661
-0.286252
-0.297653
-0.297128
-0.291585
-0.273655
-0.265592
-0.253986
0

0
-0.301016
-0.309488
-0.318562
-0.317884
-0.309838
-0.337403
-0.338208
-0.345093
-0.347456
-0.343604
-0.344678
-0.349112
-0.370744
-0.391033
-0.411383
-0.41271
-0.388915
-0.351847
-0.344886
-0.331033
0

0
-0.379589
-0.393835
-0.406005
-0.404675
-0.392084
-0.431339
-0.434176
-0.444151
-0.4479
-0.442371
-0.444347
-0.451584
-0.482924
-0.512909
-0.543897
-0.551926
-0.510995
-0.451649
-0.441916
-0.423802
0

0
-0.459701
-0.481541
-0.494199
-0.492735
-0.469929
-0.518161
-0.527956
-0.541828
-0.547162
-0.540442
-0.543876
-0.555775
-0.59577
-0.635246
-0.678002
-0.691345
-0.639918
-0.55452
-0.538645
-0.515965
0

0
-0.542109
-0.574122
-0.584225
-0.582197
-0.556592
-0.604117
-0.620562
-0.638328
-0.645176
-0.638208
-0.643786
-0.662435
-0.710034
-0.758912
-0.815337
-0.828289
-0.777084
-0.661851
-0.635808
-0.608052
0

0
-0.626951
-0.671124
-0.676339
-0.672896
-0.654451
-0.692245
-0.712438
-0.733224
-0.741432
-0.735524
-0.743886
-0.770255
-0.825069
-0.884212
-0.957872
-0.973702
-0.924457
-0.773834
-0.733451
-0.700144
0

0
-0.714094
-0.770824
-0.770272
-0.764635
-0.755441
-0.782133
-0.803709
-0.82609
-0.835702
-0.832165
-0.843698
-0.877171
-0.939483
-1.01135
-1.10801
-1.14014
-1.08492
-0.890208
-0.831537
-0.79228
0

0
-0.80328
-0.87135
-0.865358
-0.856995
-0.853192
-0.872697
-0.894394
-0.916538
-0.928075
-0.927937
-0.942696
-0.981932
-1.0516
-1.14034
-1.26741
-1.33478
-1.26003
-1.01008
-0.930058
-0.884487
0

0
-0.894275
-0.97141
-0.960808
-0.949459
-0.945632
-0.962959
-0.984449
-1.00431
-1.01881
-1.02273
-1.04048
-1.08391
-1.15942
-1.2706
-1.43609
-1.56235
-1.45038
-1.13212
-1.02903
-0.976783
0

0
-0.986945
-1.07035
-1.05602
-1.04159
-1.0311
-1.05175
-1.07385
-1.08998
-1.10831
-1.11649
-1.13677
-1.18271
-1.26086
-1.40034
-1.6106
-1.81723
-1.6549
-1.25435
-1.12835
-1.06916
0

0
-1.08125
-1.16788
-1.15068
-1.13324
-1.10979
-1.13851
-1.16276
-1.17524
-1.19719
-1.20924
-1.2314
-1.27816
-1.35495
-1.52554
-1.77424
-2.05614
-1.86353
-1.37348
-1.22742
-1.16152
0

0
-1.17713
-1.26368
-1.24453
-1.22468
-1.19002
-1.22499
-1.2517
-1.2617
-1.28598
-1.30088
-1.32416
-1.37043
-1.44339
-1.63944
-1.89812
-2.19721
-2.04642
-1.48417
-1.3247
-1.25359
0

0
-1.27389
-1.35695
-1.337
-1.31609
-1.27802
-1.31349
-1.34095
-1.3497
-1.37453
-1.39091
-1.41455
-1.45971
-1.52986
-1.73563
-1.97632
-2.22218
-2.16269
-1.57839
-1.41729
-1.34459
0

0
-1.36017
-1.4374
-1.41801
-1.39765
-1.36105
-1.3943
-1.42082
-1.42917
-1.45305
-1.46956
-1.49297
-1.53711
-1.60692
-1.80718
-2.03455
-2.24601
-2.20941
-1.64397
-1.4936
-1.42441
0

0
-1.35748
-1.4245
-1.40468
-1.38368
-1.34557
-1.38075
-1.40819
-1.41687
-1.44117
-1.45781
-1.48151
-1.52629
-1.59709
-1.79963
-2.0293
-2.33593
-2.19949
-1.62156
-1.47771
-1.41166
0

0
0
0
0
0
0
0
0
0
0
0
0
0
0
0
0
0
0
0
0
0
0


0
0
0
0
0
0
0
0
0
0
0
0
0
0
0
0
0
0
0
0
0
0

0
-0.245098
-0.253315
-0.253176
-0.252414
-0.248323
-0.255855
-0.258062
-0.260984
-0.262396
-0.261762
-0.262621
-0.265268
-0.272948
-0.281367
-0.289323
-0.291861
-0.301663
-0.291156
-0.274107
-0.257479
0

0
-0.307235
-0.325364
-0.326036
-0.324083
-0.318557
-0.331809
-0.335573
-0.340963
-0.343681
-0.343217
-0.345375
-0.350488
-0.364228
-0.378581
-0.392232
-0.396369
-0.402537
-0.380151
-0.356742
-0.333733
0

0
-0.387108
-0.41397
-0.4154
-0.412293
-0.405645
-0.424559
-0.429854
-0.437516
-0.441536
-0.440837
-0.444155
-0.451944
-0.472164
-0.493589
-0.514494
-0.52258
-0.525917
-0.489889
-0.457809
-0.426779
0

0
-0.46797
-0.50349
-0.504713
-0.500584
-0.490926
-0.51463
-0.522978
-0.533066
-0.538467
-0.537732
-0.54245
-0.55355
-0.57983
-0.608361
-0.637173
-0.649516
-0.651051
-0.5994
-0.557599
-0.519119
0

0
-0.550588
-0.595243
-0.594976
-0.58984
-0.577786
-0.603441
-0.615502
-0.628069
-0.634846
-0.63444
-0.640859
-0.656085
-0.687932
-0.723664
-0.761449
-0.776409
-0.779367
-0.710163
-0.657072
-0.611439
0

0
-0.635178
-0.689431
-0.686495
-0.68018
-0.668961
-0.692739
-0.70768
-0.722394
-0.730473
-0.730929
-0.739345
-0.759216
-0.796297
-0.83967
-0.888282
-0.905687
-0.911173
-0.822205
-0.756328
-0.703848
0

0
-0.721796
-0.785582
-0.779279
-0.771551
-0.763469
-0.783169
-0.799662
-0.815845
-0.825177
-0.827078
-0.837685
-0.862086
-0.904309
-0.956436
-1.01892
-1.04304
-1.04721
-0.935174
-0.85536
-0.796396
0

0
-0.810411
-0.882909
-0.873098
-0.863754
-0.858717
-0.874503
-0.891499
-0.908242
-0.918916
-0.922762
-0.935584
-0.963902
-1.01109
-1.07385
-1.15443
-1.19423
-1.18857
-1.04856
-0.954157
-0.889117
0

0
-0.900977
-0.980673
-0.967582
-0.956498
-0.952758
-0.966225
-0.98319
-0.999485
-1.01177
-1.01788
-1.03277
-1.06413
-1.11558
-1.19138
-1.2949
-1.36451
-1.33637
-1.16176
-1.05271
-0.982038
0

0
-0.993487
-1.07832
-1.06236
-1.04949
-1.04436
-1.05775
-1.07473
-1.08975
-1.1039
-1.11238
-1.12903
-1.16242
-1.21664
-1.30776
-1.43809
-1.55578
-1.49089
-1.27386
-1.15094
-1.07516
0

0
-1.08797
-1.17543
-1.15713
-1.14255
-1.13321
-1.1487
-1.16617
-1.17962
-1.19556
-1.20621
-1.22417
-1.25851
-1.31347
-1.42044
-1.57577
-1.75323
-1.64834
-1.38312
-1.24844
-1.16841
0

0
-1.18435
-1.27144
-1.2515
-1.23556
-1.2213
-1.23932
-1.25757
-1.2697
-1.28687
-1.29917
-1.31791
-1.35224
-1.40614
-1.52555
-1.69309
-1.91136
-1.79516
-1.48627
-1.34416
-1.26149
0

0
-1.28172
-1.36515
-1.34454
-1.328
-1.31106
-1.32996
-1.34852
-1.35977
-1.3773
-1.3905
-1.40951
-1.44325
-1.49557
-1.6197
-1.78245
-1.98939
-1.9084
-1.57804
-1.43584
-1.35339
0

0
-1.3681
-1.44555
-1.42549
-1.40933
-1.39222
-1.41053
-1.42864
-1.43939
-1.45646
-1.46979
-1.48868
-1.52179
-1.57336
-1.69501
-1.84976
-2.02633
-1.97311
-1.64604
-1.51173
-1.43339
0

0
-1.36513
-1.43217
-1.41173
-1.39507
-1.37693
-1.39659
-1.41555
-1.42665
-1.4441
-1.45759
-1.47679
-1.51054
-1.56324
-1.68745
-1.84778
-2.08193
-1.96749
-1.6268
-1.49564
-1.42014
0

0
0
0
0
0
0
0
0
0
0
0
0
0
0
0
0
0
0
0
0
0
0


0
0
0
0
0
0
0
0
0
0
0
0
0
0
0
0
0
0
0
0
0
0

0
-0.253221
-0.26478
-0.26249
-0.261185
-0.25898
-0.262818
-0.264664
-0.266756
-0.268256
-0.268175
-0.269084
-0.271476
-0.276958
-0.284301
-0.291227
-0.295972
-0.315697
-0.309502
-0.286667
-0.265661
0

0
-0.312915
-0.336786
-0.33264
-0.32966
-0.326817
-0.33175
-0.335703
-0.339725
-0.342679
-0.344121
-0.34677
-0.351564
-0.359982
-0.37051
-0.38002
-0.386101
-0.411975
-0.399717
-0.36658
-0.337138
0

0
-0.393019
-0.427823
-0.422522
-0.418182
-0.414738
-0.421361
-0.42716
-0.432938
-0.437207
-0.439581
-0.443614
-0.450787
-0.462769
-0.477822
-0.491333
-0.499448
-0.534142
-0.515743
-0.469703
-0.429172
0

0
-0.47434
-0.519036
-0.512567
-0.50693
-0.503104
-0.511173
-0.518732
-0.526143
-0.531697
-0.535003
-0.540434
-0.550005
-0.565413
-0.585051
-0.60265
-0.612124
-0.655352
-0.6305
-0.571925
-0.521229
0

0
-0.55723
-0.611064
-0.603211
-0.596327
-0.592193
-0.601354
-0.610612
-0.619537
-0.626334
-0.63058
-0.637432
-0.649433
-0.668071
-0.692357
-0.714209
-0.723945
-0.775942
-0.744459
-0.673571
-0.613583
0

0
-0.641791
-0.704111
-0.694567
-0.686483
-0.682267
-0.691968
-0.702724
-0.713011
-0.72098
-0.726203
-0.734503
-0.748948
-0.770571
-0.799564
-0.825957
-0.834379
-0.895555
-0.857429
-0.774549
-0.706199
0

0
-0.728138
-0.798233
-0.786715
-0.777489
-0.773531
-0.783183
-0.795064
-0.806496
-0.815538
-0.821788
-0.831536
-0.848344
-0.872695
-0.90649
-0.937948
-0.943245
-1.01394
-0.969215
-0.874831
-0.799084
0

0
-0.81639
-0.893343
-0.879668
-0.86937
-0.865928
-0.875101
-0.887659
-0.899956
-0.909954
-0.917264
-0.928404
-0.947345
-0.974147
-1.01286
-1.0502
-1.05037
-1.13103
-1.07965
-0.974432
-0.892273
0

0
-0.906675
-0.98926
-0.973382
-0.962097
-0.959266
-0.967742
-0.980554
-0.993405
-1.00423
-1.01259
-1.02499
-1.04567
-1.07456
-1.11819
-1.16241
-1.15504
-1.24669
-1.18858
-1.07339
-0.985822
0

0
-0.999166
-1.08577
-1.06779
-1.05563
-1.05338
-1.06109
-1.07382
-1.08693
-1.09843
-1.10776
-1.12119
-1.1431
-1.17355
-1.22171
-1.27359
-1.2551
-1.36034
-1.2957
-1.17175
-1.07981
0

0
-1.09411
-1.18264
-1.16282
-1.14995
-1.14821
-1.15516
-1.16759
-1.1807
-1.19268
-1.20281
-1.21698
-1.2395
-1.27075
-1.32227
-1.3817
-1.34592
-1.47021
-1.40038
-1.26949
-1.17434
0

0
-1.19172
-1.27954
-1.25838
-1.24507
-1.24372
-1.24996
-1.26194
-1.27488
-1.28708
-1.29775
-1.31229
-1.33479
-1.36593
-1.41871
-1.48429
-1.42223
-1.57281
-1.50109
-1.36627
-1.26942
0

0
-1.29129
-1.37527
-1.35361
-1.34029
-1.33924
-1.34482
-1.35627
-1.3689
-1.38101
-1.3919
-1.40647
-1.42852
-1.45895
-1.51075
-1.58037
-1.49043
-1.6647
-1.5944
-1.46034
-1.36419
0

0
-1.37975
-1.45757
-1.43654
-1.42367
-1.42261
-1.42786
-1.43885
-1.45107
-1.46287
-1.47371
-1.48817
-1.50986
-1.53985
-1.59038
-1.66215
-1.56959
-1.73893
-1.66634
-1.53831
-1.44655
0

0
-1.37661
-1.44383
-1.42246
-1.40914
-1.40706
-1.41351
-1.42537
-1.43793
-1.45015
-1.4612
-1.47598
-1.49832
-1.5294
-1.58308
-1.66112
-1.60557
-1.73911
-1.64879
-1.52194
-1.43291
0

0
0
0
0
0
0
0
0
0
0
0
0
0
0
0
0
0
0
0
0
0
0


0
0
0
0
0
0
0
0
0
0
0
0
0
0
0
0
0
0
0
0
0
0

0
0
0
0
0
0
0
0
0
0
0
0
0
0
0
0
0
0
0
0
0
0

0
0
0
0
0
0
0
0
0
0
0
0
0
0
0
0
0
0
0
0
0
0

0
0
0
0
0
0
0
0
0
0
0
0
0
0
0
0
0
0
0
0
0
0

0
0
0
0
0
0
0
0
0
0
0
0
0
0
0
0
0
0
0
0
0
0

0
0
0
0
0
0
0
0
0
0
0
0
0
0
0
0
0
0
0
0
0
0

0
0
0
0
0
0
0
0
0
0
0
0
0
0
0
0
0
0
0
0
0
0

0
0
0
0
0
0
0
0
0
0
0
0
0
0
0
0
0
0
0
0
0
0

0
0
0
0
0
0
0
0
0
0
0
0
0
0
0
0
0
0
0
0
0
0

0
0
0
0
0
0
0
0
0
0
0
0
0
0
0
0
0
0
0
0
0
0

0
0
0
0
0
0
0
0
0
0
0
0
0
0
0
0
0
0
0
0
0
0

0
0
0
0
0
0
0
0
0
0
0
0
0
0
0
0
0
0
0
0
0
0

0
0
0
0
0
0
0
0
0
0
0
0
0
0
0
0
0
0
0
0
0
0

0
0
0
0
0
0
0
0
0
0
0
0
0
0
0
0
0
0
0
0
0
0

0
0
0
0
0
0
0
0
0
0
0
0
0
0
0
0
0
0
0
0
0
0

0
0
0
0
0
0
0
0
0
0
0
0
0
0
0
0
0
0
0
0
0
0

0
0
0
0
0
0
0
0
0
0
0
0
0
0
0
0
0
0
0
0
0
0


