0.5
0.5
-1.22034
0.5
0.5
0.5
0.5
-1.56916
0.5
0.5
0.156645
0.5
0.5
0.5
0.5
0.5
0.5
0.5
0.5
0.5
0.5
0.5

0.5
-1.77843
1.22468
-0.198254
0.901618
-0.588015
-1.3546
-1.96126
-2.38928
-0.0907467
-1.57233
-2.09411
-0.220176
-4.30393
-2.32089
-1.41577
-3.87069
-1.56552
-2.89424
-1.15437
-1.15437
0.5

0.5
0.432576
-1.88766
0.376786
0.953686
-0.0383814
-1.75933
-2.1322
-0.291192
-1.20875
-1.40484
-1.72922
0.618608
-2.20378
-1.68035
-2.09846
-3.07812
-1.49362
-3.42829
-1.15522
-1.15522
0.5

0.5
-1.35663
0.603928
-0.222143
1.60047
-0.700516
-1.57055
-1.98843
-0.149133
-1.78958
-1.47165
-0.590484
-0.460855
-1.61167
-1.57639
-1.57388
-4.51368
-1.43852
-2.90294
-1.26771
-1.26771
0.5

0.5
-2.23439
1.60226
0.186291
0.883996
-0.627326
-1.09656
-1.12315
-0.549502
-2.14611
-1.47827
-0.204369
0.267862
-2.02678
-1.7054
-4.01589
-3.04572
-1.87374
-2.62328
-1.34535
-1.34535
0.5

0.5
-0.102457
-0.132014
-0.0413208
0.179699
-0.800533
-0.536227
-0.716812
-1.31488
-1.24666
-1.42996
0.761526
4.02026
-3.65749
-2.02647
-4.46154
-1.39893
-2.44448
-2.49646
-1.35044
-1.35044
0.5

0.5
1.96432
-1.70515
-0.0969334
0.0522338
-0.843826
-0.568652
-0.786584
-1.53552
-1.46177
-1.25812
0.686759
0.232655
-3.2401
-2.89901
-2.31754
-2.67076
-3.01977
-2.34533
-1.3483
-1.3483
0

0.5
1.95796
-1.50815
-0.321106
0.0967663
-0.807258
-0.828504
-1.22527
-0.999192
-1.37994
-1.10832
-0.229035
-0.737105
-1.04409
-3.08239
-1.29635
-3.66948
-3.42653
-2.23745
-1.49938
-1.49938
0.5

0.5
0.947545
-0.53314
-0.248471
-0.0669205
-0.771612
-1.04111
-3.03338
0.614673
-1.27844
-1.11883
-0.974198
-2.05315
0.668049
-2.09846
-3.01124
-2.41251
-3.39469
-2.01361
-2.08192
-2.08192
0.5

0.5
0.599922
-0.201764
-0.106845
-0.317569
-0.800533
-1.14643
-3.22012
0.892425
-1.07534
-1.22362
-1.66746
-4.09412
2.75299
-2.29766
-4.16024
-1.05066
-2.76276
-1.46908
-2.84257
-2.84257
0.5

0.5
0.540711
-0.0878293
-0.0871877
-0.0267095
-1.1199
-0.536227
-2.54154
0.109672
-0.97186
-1.37875
-2.51577
-5.41925
4.92515
-1.83399
-4.56174
0.0968098
-2.10286
-1.2379
-2.98518
-2.98518
0.5

0.5
0.437369
0.0123083
-0.0750924
0.232577
-1.43407
-1.56273
-1.68494
-0.859511
-1.04418
-1.66746
-2.74598
-4.30393
4.16231
-2.01353
-4.16604
0.599355
-0.898635
-1.24911
-2.43751
-2.43751
0.5

0.5
0.295437
0.00963537
0.0692513
0.511473
-1.7044
-1.59266
-1.28276
-1.39365
-1.16705
-1.46906
-1.80831
-1.5416
-1.81596
-2.91891
-2.49749
0.734007
0.184413
-1.28976
-1.9622
-1.9622
0.5

0.5
0.189809
-0.178983
0.376786
0.519385
-1.75706
-1.55562
-1.01129
-1.63147
-1.24666
-1.25812
-1.29319
0.776757
-5.88446
-5.77097
-0.908862
0.898861
0.189671
-1.16684
-1.97006
-1.97006
0.5

0.5
0.101477
-0.203914
0.485938
0.545179
-1.77009
-1.45947
-1.14576
-1.44464
-1.2629
-1.4012
-1.38071
-1.79835
-4.05742
-3.12455
-2.2295
0.792673
-0.285233
-1.25523
-1.97658
-1.97658
0.5

0.5
0.0585264
-0.0413208
0.330529
0.714246
-1.79438
-1.35178
-1.16691
-1.22026
-1.18869
-1.27149
-1.37302
-2.17348
-2.56229
-1.53604
-2.29766
1.56805
-0.779102
-2.49646
-1.74341
-1.74341
0.5

0.5
0.5
0.5
0.5
0.5
0.5
0.5
0.5
0.5
0.5
0.5
0.5
0.5
0.5
0.5
0.5
0.5
0.5
0.5
0.5
0.5
0.5


0.5
1.77843
-1.22468
0.198254
-0.901618
0.588015
1.3546
1.96126
2.38928
0.0907467
1.57233
2.09411
0.220176
4.30393
2.32089
1.41577
3.87069
1.56552
2.89424
1.15437
1.15437
0.5

0.5
-1.77843
1.22468
-0.198254
0.901618
-0.588015
-1.3546
-1.96126
-2.38928
-0.0907467
-1.57233
-2.09411
-0.220176
-4.30393
-2.32089
-1.41577
-3.87069
-1.56552
-2.89424
-1.15437
-1.15437
0.5

0.5
0.432576
-1.88766
0.376786
0.953686
-0.0383814
-1.75933
-2.1322
-0.291192
-1.20875
-1.40484
-1.72922
0.618608
-2.20378
-1.68035
-2.09846
-3.07812
-1.49362
-3.42829
-1.15522
-1.15522
0.5

0.5
-1.35663
0.603928
-0.222143
1.60047
-0.700516
-1.57055
-1.98843
-0.149133
-1.78958
-1.47165
-0.590484
-0.460855
-1.61167
-1.57639
-1.57388
-4.51368
-1.43852
-2.90294
-1.26771
-1.26771
0.5

0.5
-2.23439
1.60226
0.186291
0.883996
-0.627326
-1.09656
-1.12315
-0.549502
-2.14611
-1.47827
-0.204369
0.267862
-2.02678
-1.7054
-4.01589
-3.04572
-1.87374
-2.62328
-1.34535
-1.34535
0.5

0.5
-0.102457
-0.132014
-0.0413208
0.179699
-0.800533
-0.536227
-0.716812
-1.31488
-1.24666
-1.42996
0.761526
4.02026
-3.65749
-2.02647
-4.46154
-1.39893
-2.44448
-2.49646
-1.35044
-1.35044
0.5

0.5
1.96432
-1.70515
-0.0969334
0.0522338
-0.843826
-0.568652
-0.786584
-1.53552
-1.46177
-1.25812
0.686759
0.232655
-3.2401
-2.89901
-2.31754
-2.67076
-3.01977
-2.34533
-1.3483
-1.3483
1.19519

0.5
1.95796
-1.50815
-0.321106
0.0967663
-0.807258
-0.828504
-1.22527
-0.999192
-1.37994
-1.10832
-0.229035
-0.737105
-1.04409
-3.08239
-1.29635
-3.66948
-3.42653
-2.23745
-1.49938
-1.49938
0.5

0.5
0.947545
-0.53314
-0.248471
-0.0669205
-0.771612
-1.04111
-3.03338
0.614673
-1.27844
-1.11883
-0.974198
-2.05315
0.668049
-2.09846
-3.01124
-2.41251
-3.39469
-2.01361
-2.08192
-2.08192
0.5

0.5
0.599922
-0.201764
-0.106845
-0.317569
-0.800533
-1.14643
-3.22012
0.892425
-1.07534
-1.22362
-1.66746
-4.09412
2.75299
-2.29766
-4.16024
-1.05066
-2.76276
-1.46908
-2.84257
-2.84257
0.5

0.5
0.540711
-0.0878293
-0.0871877
-0.0267095
-1.1199
-0.536227
-2.54154
0.109672
-0.97186
-1.37875
-2.51577
-5.41925
4.92515
-1.83399
-4.56174
0.0968098
-2.10286
-1.2379
-2.98518
-2.98518
0.5

0.5
0.437369
0.0123083
-0.0750924
0.232577
-1.43407
-1.56273
-1.68494
-0.859511
-1.04418
-1.66746
-2.74598
-4.30393
4.16231
-2.01353
-4.16604
0.599355
-0.898635
-1.24911
-2.43751
-2.43751
0.5

0.5
0.295437
0.00963537
0.0692513
0.511473
-1.7044
-1.59266
-1.28276
-1.39365
-1.16705
-1.46906
-1.80831
-1.5416
-1.81596
-2.91891
-2.49749
0.734007
0.184413
-1.28976
-1.9622
-1.9622
0.5

0.5
0.189809
-0.178983
0.376786
0.519385
-1.75706
-1.55562
-1.01129
-1.63147
-1.24666
-1.25812
-1.29319
0.776757
-5.88446
-5.77097
-0.908862
0.898861
0.189671
-1.16684
-1.97006
-1.97006
0.5

0.5
0.101477
-0.203914
0.485938
0.545179
-1.77009
-1.45947
-1.14576
-1.44464
-1.2629
-1.4012
-1.38071
-1.79835
-4.05742
-3.12455
-2.2295
0.792673
-0.285233
-1.25523
-1.97658
-1.97658
0.5

0.5
0.0585264
-0.0413208
0.330529
0.714246
-1.79438
-1.35178
-1.16691
-1.22026
-1.18869
-1.27149
-1.37302
-2.17348
-2.56229
-1.53604
-2.29766
1.56805
-0.779102
-2.49646
-1.74341
-1.74341
0.5

0.5
0.0585264
-0.0413208
0.330529
0.714246
-1.79438
-1.35178
-1.16691
-1.22026
-1.18869
-1.27149
-1.37302
-2.17348
-2.56229
-1.53604
-2.29766
0.61426
-1.74341
-2.49646
-1.74341
-1.74341
0.5


0.5
2.54123
-2.13615
-0.127885
-0.365131
0.767091
1.11096
2.07197
1.27063
1.31414
1.6646
1.51377
1.70847
2.2249
2.42606
0.877107
5.21984
2.62565
2.11228
1.36389
1.36389
0.5

0.5
-2.54123
2.13615
0.127885
0.365131
-0.767091
-1.11096
-2.07197
-1.27063
-1.31414
-1.6646
-1.51377
-1.70847
-2.2249
-2.42606
-0.877107
-5.21984
-2.62565
-2.11228
-1.36389
-1.36389
0.5

0.5
-3.29994
2.51429
-0.29097
-0.201048
-0.192418
-1.20405
-1.5768
-1.82931
-0.385068
-1.38352
-1.80915
-0.210595
-2.33972
-1.81014
-1.63264
-1.7143
-2.75225
-2.87098
-1.33149
-1.33149
0.5

0.5
-2.25894
1.65796
-0.047974
1.31271
-0.777922
-1.63282
-1.8005
-0.831184
-1.23407
-1.44066
-1.70652
-0.332987
-1.87936
-1.53622
-1.30313
-3.79954
-1.99627
-2.56768
-1.36795
-1.36795
0.5

0.5
-3.15007
2.55105
0.272819
1.28062
-0.748037
-1.48411
-1.479
-0.467742
-2.05385
-1.49592
-1.13316
-1.07871
-1.19043
-1.47635
-1.36074
-4.90733
-1.88528
-2.29838
-1.44116
-1.44116
0.5

0.5
-1.96743
1.61184
0.517321
0.321711
-0.640433
-0.836983
-0.887045
-1.05391
-2.1656
-1.49888
-0.324013
-1.62292
-2.1387
-1.78465
-4.34838
-2.26198
-2.55095
-2.23808
-1.45191
-1.45191
0.5

0.5
0.419203
-0.262186
0.172893
-0.146841
-0.703232
-0.531109
-0.752876
-1.5627
-1.52824
-1.40139
0.405379
0.161101
-3.10933
-2.34767
-3.27909
-1.82097
-2.90538
-2.31719
-1.39054
-1.39054
0.5

0.5
1.87633
-1.32433
-0.191606
-0.0583147
-0.734747
-0.736797
-1.00169
-1.45504
-1.3751
-1.24167
-0.151553
-0.605149
-1.47576
-3.18516
-1.28265
-3.42175
-3.2623
-2.34791
-1.36834
-1.36834
0.5

0.5
1.22469
-0.618135
-0.273087
0.0147955
-0.792343
-0.964774
-1.50192
-0.868892
-1.3446
-1.20259
-1.03769
-1.92796
0.497075
-3.08166
-1.72986
-3.29934
-3.07132
-2.34274
-1.65889
-1.65889
0.5

0.5
0.635298
-0.0867973
-0.124287
-0.274276
-0.695884
-1.20365
-2.66106
0.277438
-1.21752
-1.29506
-1.74735
-4.46897
2.64541
-2.02796
-3.54656
-1.63591
-2.37736
-2.03896
-2.37545
-2.37545
0.5

0.5
0.56594
-0.0028942
-0.0645634
-0.472352
-0.739356
-1.5113
-2.66024
0.214158
-1.08769
-1.43753
-2.77351
-8.93045
6.90548
-1.36658
-4.56749
-0.0540516
-2.06682
-1.39181
-2.92608
-2.92608
0.5

0.5
0.536847
0.043052
-0.0997962
-0.126888
-1.12513
-1.38424
-1.89001
-0.661237
-1.11033
-1.5681
-3.56596
-12.094
10.2971
-1.44359
-5.08696
0.835082
-1.35559
-1.16775
-2.58676
-2.58676
0.5

0.5
0.418606
0.0680955
-0.0539787
0.243876
-1.45579
-1.49894
-1.36232
-1.25967
-1.21669
-1.62252
-2.43649
-2.37283
-1.53901
-3.19637
-4.88638
0.674074
-0.313553
-1.31427
-1.89855
-1.89855
0.5

0.5
0.272921
0.0192919
0.125766
0.262153
-1.47311
-1.47814
-1.18802
-1.45575
-1.27622
-1.56505
-1.43417
1.48343
-5.94498
-4.03048
-3.85587
0.833868
-0.21538
-1.26368
-1.72174
-1.72174
0.5

0.5
0.177481
-0.074632
0.297943
0.200605
-1.40512
-1.36548
-1.09914
-1.43796
-1.26458
-1.40259
-1.34785
-0.735942
-3.99674
-3.77436
-3.19447
0.545421
-0.462023
-0.77177
-1.83439
-1.83439
0.5

0.5
0.135832
-0.0591128
0.282285
0.300427
-1.413
-1.25317
-1.11142
-1.24201
-1.19228
-1.30754
-1.42213
-2.24913
-2.25194
-2.29831
-3.07958
-0.0383133
-0.528696
-0.247947
-1.73368
-1.73368
0.5

0.5
0.135832
-0.0591128
0.282285
0.300427
-1.413
-1.25317
-1.11142
-1.24201
-1.19228
-1.30754
-1.42213
-2.24913
-2.25194
-2.29831
-3.07958
-0.0383133
-0.528696
-0.247947
-1.73368
-1.73368
0.5


0.5
1.7664
-1.43025
-0.331987
-0.135926
0.790407
1.16953
1.31483
1.58249
1.37164
1.66378
2.00872
1.87901
2.73653
2.29817
0.911069
4.01355
2.10578
1.62873
1.32903
1.32903
0.5

0.5
-1.7664
1.43025
0.331987
0.135926
-0.790407
-1.16953
-1.31483
-1.58249
-1.37164
-1.66378
-2.00872
-1.87901
-2.73653
-2.29817
-0.911069
-4.01355
-2.10578
-1.62873
-1.32903
-1.32903
0.5

0.5
-2.67748
2.18446
0.210914
-0.666579
-0.111739
-1.06502
-1.21784
-1.50552
-1.08984
-1.38254
-1.56815
-1.11955
-2.10441
-1.84189
-1.1173
-1.96041
-2.96274
-2.3673
-1.41112
-1.41112
0.5

0.5
-2.49005
2.11522
0.112402
0.421739
-0.699931
-1.21315
-1.39644
-1.50296
-0.9068
-1.3987
-1.60694
-0.774774
-1.99351
-1.55826
-1.5077
-2.64663
-2.54986
-2.37342
-1.42856
-1.42856
0.5

0.5
-2.13404
1.81011
0.135923
1.37229
-1.09857
-1.45428
-1.5529
-0.837754
-1.46361
-1.4533
-1.52596
-1.03989
-1.4954
-1.27089
-0.73911
-4.54332
-2.19584
-2.19003
-1.49112
-1.49112
0.5

0.5
-2.1249
1.81497
0.379382
0.827427
-0.789415
-1.20819
-1.16897
-0.768422
-1.93001
-1.49617
-1.16204
-1.0397
-1.33785
-1.09174
-2.35064
-3.37665
-2.54357
-2.11743
-1.54242
-1.54242
0.5

0.5
-1.006
0.996878
0.391184
-0.135766
-0.544598
-0.685439
-0.824929
-1.28573
-1.76174
-1.45793
-0.305424
-0.848028
-2.2077
-1.5988
-3.79695
-1.56332
-2.96961
-2.19212
-1.5426
-1.5426
0.5

0.5
0.960025
-0.496865
0.0367514
-0.374888
-0.524901
-0.631964
-0.879112
-1.50503
-1.41807
-1.33599
-0.100641
-0.736172
-1.78753
-2.6903
-2.33436
-2.27203
-3.07702
-2.30157
-1.49551
-1.49551
0.5

0.5
1.45545
-0.744693
-0.234128
-0.137472
-0.681959
-0.856389
-1.24487
-1.22312
-1.3281
-1.25227
-0.855192
-1.68565
0.0661025
-3.10915
-1.13145
-3.37686
-2.82749
-2.42333
-1.53139
-1.53139
0.5

0.5
0.836505
-0.146626
-0.188418
-0.170427
-0.740193
-1.02038
-1.85958
-0.587001
-1.2749
-1.29807
-1.58111
-3.32896
1.5769
-2.41585
-2.50424
-2.21513
-2.14043
-2.3281
-1.95689
-1.95689
0.5

0.5
0.546159
0.0814049
-0.0609201
-0.429951
-0.695888
-1.14964
-2.41175
-0.040999
-1.1729
-1.41685
-2.26149
-6.16814
3.69413
-1.31193
-3.98409
-0.493946
-1.69448
-1.77865
-2.6304
-2.6304
0.5

0.5
0.520493
0.0934204
-0.0630318
-0.355775
-0.910529
-1.32663
-2.09619
-0.420353
-1.1465
-1.55046
-3.02024
-8.6883
5.41686
-0.983149
-4.58824
0.336544
-1.49989
-1.13256
-2.82962
-2.82962
0.5

0.5
0.461771
0.11025
-0.0962879
0.0462944
-1.29257
-1.3986
-1.51091
-1.0726
-1.22524
-1.61847
-2.85264
-3.97372
-0.304633
-2.04572
-4.57777
0.0549059
-0.86754
-1.11682
-2.22276
-2.22276
0.5

0.5
0.343374
0.130747
-0.0416046
0.213744
-1.40106
-1.41977
-1.24525
-1.34316
-1.28683
-1.55094
-1.8573
-0.315237
-4.0162
-3.36674
-4.00892
-0.376215
-0.63898
-1.44537
-1.65611
-1.65611
0.5

0.5
0.245623
0.0596967
0.119831
0.0911783
-1.26594
-1.32487
-1.14265
-1.36458
-1.27282
-1.44499
-1.37382
-0.282019
-4.04877
-3.36078
-3.06252
-0.465555
-0.783914
-1.47566
-1.67162
-1.67162
0.5

0.5
0.197378
-0.0325671
0.228426
0.0672698
-1.18121
-1.20122
-1.07443
-1.2725
-1.2009
-1.33157
-1.42422
-2.30036
-1.99336
-2.6833
-2.42456
-0.478126
-0.864918
-1.28731
-1.73101
-1.73101
0.5

0.5
0.197378
-0.0325671
0.228426
0.0672698
-1.18121
-1.20122
-1.07443
-1.2725
-1.2009
-1.33157
-1.42422
-2.30036
-1.99336
-2.6833
-2.42456
-0.478126
-0.864918
-1.28731
-1.73101
-1.73101
0.5


0.5
0.990353
-0.711481
-0.22665
-0.314893
0.792923
1.09183
1.4856
1.39681
1.45413
1.70526
1.87939
2.05674
2.5512
2.2575
1.34237
4.87014
1.53271
1.29147
1.29673
1.29673
0.5

0.5
-0.990353
0.711481
0.22665
0.314893
-0.792923
-1.09183
-1.4856
-1.39681
-1.45413
-1.70526
-1.87939
-2.05674
-2.5512
-2.2575
-1.34237
-4.87014
-1.53271
-1.29147
-1.29673
-1.29673
0.5

0.5
-1.2899
0.882837
0.0316876
-0.586446
-0.110614
-1.06714
-1.36138
-1.20587
-1.22978
-1.41859
-1.46995
-1.6312
-2.13484
-1.76433
-0.749792
-3.17111
-2.18844
-1.89731
-1.41271
-1.41271
0.5

0.5
-1.37369
1.15811
0.154443
-0.498902
-0.141655
-0.991652
-1.21722
-1.43387
-1.15188
-1.43497
-1.6383
-1.18568
-2.10925
-1.587
-1.31729
-2.49566
-2.65596
-2.13444
-1.49856
-1.49856
0.5

0.5
-1.44095
1.29607
0.154212
0.54912
-0.880867
-1.1204
-1.30834
-1.35233
-1.17722
-1.44664
-1.54665
-1.12893
-1.98795
-1.33171
-1.21056
-3.26946
-2.51736
-2.10537
-1.55581
-1.55581
0.5

0.5
-1.35997
1.27221
0.235922
1.15012
-1.18978
-1.26804
-1.30103
-0.984775
-1.59929
-1.48
-1.48622
-1.27676
-1.70347
-1.15981
-0.984392
-3.8364
-2.58755
-2.06979
-1.60387
-1.60387
0.5

0.5
-1.12167
1.14256
0.369673
0.443405
-0.800428
-1.00903
-1.03647
-1.04328
-1.79776
-1.49461
-1.15699
-1.24897
-1.63648
-1.19221
-2.73296
-2.18705
-2.88746
-2.12278
-1.63272
-1.63272
0.5

0.5
-0.0906619
0.419272
0.255327
-0.353326
-0.466061
-0.707436
-0.896438
-1.35506
-1.58427
-1.43115
-0.570877
-1.1479
-1.71668
-1.84886
-3.11011
-1.72084
-2.98161
-2.21809
-1.64001
-1.64001
0.5

0.5
1.04371
-0.372004
-0.042496
-0.445519
-0.461501
-0.761315
-1.01666
-1.41027
-1.38091
-1.34552
-0.712675
-1.50437
-0.740038
-2.92783
-1.66272
-2.62916
-2.78605
-2.32585
-1.64162
-1.64162
0.5

0.5
1.07871
-0.271757
-0.18621
-0.260915
-0.634765
-0.961599
-1.38021
-1.11064
-1.31708
-1.34434
-1.37895
-2.58122
0.567408
-3.05425
-1.45673
-2.65463
-2.14129
-2.43838
-1.73922
-1.73922
0.5

0.5
0.687362
0.062048
-0.109538
-0.360139
-0.680618
-1.11732
-1.85948
-0.649356
-1.26352
-1.43599
-1.98564
-4.25526
1.58065
-1.90632
-2.9176
-1.50515
-1.48044
-2.22351
-2.14161
-2.14161
0.5

0.5
0.513727
0.143227
-0.0385887
-0.47802
-0.753697
-1.21669
-2.01322
-0.521799
-1.21787
-1.55024
-2.53041
-6.02616
2.52262
-0.979633
-3.88159
-0.638117
-1.27846
-1.53698
-2.62866
-2.62866
0.5

0.5
0.458106
0.116762
-0.0423265
-0.247385
-1.04364
-1.29704
-1.65811
-0.907631
-1.24316
-1.62436
-2.78762
-5.77488
1.68159
-1.38628
-3.79708
-0.659397
-1.11024
-1.02745
-2.53237
-2.53237
0.5

0.5
0.394153
0.0925005
-0.0254188
0.0598812
-1.27832
-1.32981
-1.30903
-1.2448
-1.29257
-1.60028
-2.36535
-3.56587
-0.562867
-2.4953
-3.14437
-1.01651
-0.844966
-1.0935
-1.93708
-1.93708
0.5

0.5
0.321825
0.076352
0.0426899
0.0343361
-1.19129
-1.27625
-1.16864
-1.30262
-1.283
-1.48466
-1.64527
-0.985824
-3.17204
-2.99794
-2.50099
-0.864705
-0.882457
-1.2759
-1.60689
-1.60689
0.5

0.5
0.271242
0.0427907
0.109401
-0.0911687
-1.0268
-1.16553
-1.06855
-1.24515
-1.21336
-1.36628
-1.38873
-1.30927
-3.15958
-2.70579
-2.15259
-0.708101
-0.906743
-1.17033
-1.61647
-1.61647
0.5

0.5
0.271242
0.0427907
0.109401
-0.0911687
-1.0268
-1.16553
-1.06855
-1.24515
-1.21336
-1.36628
-1.38873
-1.30927
-3.15958
-2.70579
-2.15259
-0.708101
-0.906743
-1.17033
-1.61647
-1.61647
0.5


0.5
0.760303
-0.509674
-0.244204
-0.0983688
0.678182
1.03432
1.33588
1.50547
1.48792
1.73337
1.96675
2.0967
2.64018
2.18881
1.50781
4.80741
1.57281
1.16567
1.28698
1.28698
0.5

0.5
-0.760303
0.509674
0.244204
0.0983688
-0.678182
-1.03432
-1.33588
-1.50547
-1.48792
-1.73337
-1.96675
-2.0967
-2.64018
-2.18881
-1.50781
-4.80741
-1.57281
-1.16567
-1.28698
-1.28698
0.5

0.5
-0.789868
0.41798
0.0276077
-0.211518
-0.556869
-1.01076
-1.24927
-1.27323
-1.26069
-1.44656
-1.59772
-1.64591
-2.1343
-1.76131
-1.0161
-3.34894
-1.82855
-1.60384
-1.38557
-1.38557
0.5

0.5
-0.873664
0.742106
0.0793024
-0.640533
-0.0263706
-0.988197
-1.24225
-1.26335
-1.28131
-1.44368
-1.50901
-1.57093
-2.07777
-1.61923
-1.10075
-2.75811
-2.38288
-1.94476
-1.52114
-1.52114
0.5

0.5
-0.875893
0.840874
0.137884
-0.495724
-0.130169
-0.943252
-1.18375
-1.35514
-1.25763
-1.45943
-1.58955
-1.31226
-2.00056
-1.41074
-1.26742
-2.77285
-2.52498
-2.04771
-1.59746
-1.59746
0.5

0.5
-0.849055
0.907743
0.168158
0.450563
-0.875805
-1.0338
-1.21559
-1.25578
-1.3514
-1.47385
-1.50602
-1.30212
-1.89705
-1.18626
-1.04652
-3.31583
-2.58258
-2.03561
-1.65406
-1.65406
0.5

0.5
-0.713256
0.868131
0.24332
0.79696
-1.12303
-1.09946
-1.14408
-1.1136
-1.59558
-1.49187
-1.42419
-1.3238
-1.77119
-1.07512
-1.61701
-2.86301
-2.79763
-2.0512
-1.70043
-1.70043
0.5

0.5
-0.304886
0.636442
0.273605
0.168202
-0.77185
-0.912658
-1.00245
-1.21132
-1.6351
-1.47896
-1.14235
-1.36778
-1.65721
-1.29343
-2.61903
-1.88077
-2.96933
-2.13425
-1.72596
-1.72596
0.5

0.5
0.457717
0.140979
0.130122
-0.423627
-0.446141
-0.78794
-1.0089
-1.34066
-1.47985
-1.42383
-0.920329
-1.49432
-1.31844
-2.06952
-2.34472
-2.03471
-2.79599
-2.24617
-1.7384
-1.7384
0.5

0.5
0.955349
-0.142459
-0.0676936
-0.460638
-0.475093
-0.875515
-1.17917
-1.2924
-1.36529
-1.39563
-1.20349
-2.01214
-0.4913
-2.98544
-1.5607
-2.46871
-2.1852
-2.34614
-1.78315
-1.78315
0.5

0.5
0.848708
0.00037109
-0.124044
-0.377202
-0.629156
-1.03
-1.48354
-1.0507
-1.31991
-1.44419
-1.71354
-2.91804
0.16473
-2.93794
-1.93125
-1.9272
-1.45049
-2.31805
-1.93896
-1.93896
0.5

0.5
0.606674
0.144539
-0.075218
-0.47446
-0.690095
-1.14892
-1.73404
-0.831006
-1.28643
-1.53455
-2.1513
-3.90156
0.419705
-1.89573
-2.85405
-1.15316
-1.10802
-1.96626
-2.23191
-2.23191
0.5

0.5
0.476386
0.155903
-0.0501359
-0.447711
-0.831777
-1.21644
-1.66077
-0.906895
-1.27656
-1.6016
-2.41434
-4.17968
0.0991997
-1.27384
-3.18588
-0.934833
-1.12044
-1.39263
-2.42241
-2.42241
0.5

0.5
0.413014
0.126035
-0.0420651
-0.191661
-1.06293
-1.24208
-1.36618
-1.16217
-1.29398
-1.59755
-2.32738
-3.55472
-0.643622
-1.75646
-2.79107
-1.17572
-1.07455
-1.14229
-2.17086
-2.17086
0.5

0.5
0.369327
0.10089
-0.00760182
-0.0560544
-1.10994
-1.21706
-1.17507
-1.26642
-1.28617
-1.51636
-1.90611
-2.44018
-1.44488
-2.45658
-2.22504
-1.27286
-0.992928
-1.27347
-1.74758
-1.74758
0.5

0.5
0.33486
0.0846731
0.0234374
-0.112091
-0.994314
-1.14014
-1.08858
-1.21162
-1.22432
-1.40343
-1.51582
-1.22981
-2.15427
-2.55349
-1.868
-1.10122
-0.964848
-1.33105
-1.55904
-1.55904
0.5

0.5
0.33486
0.0846731
0.0234374
-0.112091
-0.994314
-1.14014
-1.08858
-1.21162
-1.22432
-1.40343
-1.51582
-1.22981
-2.15427
-2.55349
-1.868
-1.10122
-0.964848
-1.33105
-1.55904
-1.55904
0.5


0.5
0.620274
-0.399599
-0.219355
0.0587611
0.581439
0.985141
1.31391
1.47107
1.54484
1.75804
1.95768
2.14349
2.56348
2.13342
1.66573
4.49626
1.92435
1.20098
1.2969
1.2969
0.5

0.5
-0.620274
0.399599
0.219355
-0.0587611
-0.581439
-0.985141
-1.31391
-1.47107
-1.54484
-1.75804
-1.95768
-2.14349
-2.56348
-2.13342
-1.66573
-4.49626
-1.92435
-1.20098
-1.2969
-1.2969
0.5

0.5
-0.544953
0.201342
-0.00180201
-0.18308
-0.613776
-0.958644
-1.19058
-1.26781
-1.29569
-1.45909
-1.5986
-1.70681
-2.09365
-1.74979
-1.2742
-3.32185
-1.66264
-1.45429
-1.35877
-1.35877
0.5

0.5
-0.464102
0.386064
0.0435716
-0.203235
-0.501179
-0.956474
-1.18786
-1.27035
-1.30838
-1.463
-1.57105
-1.64134
-2.03556
-1.64969
-1.14271
-2.93554
-2.12388
-1.78427
-1.5165
-1.5165
0.5

0.5
-0.51028
0.554629
0.0791887
-0.52917
-0.136427
-0.938349
-1.17326
-1.28382
-1.32269
-1.46413
-1.54614
-1.5318
-1.97211
-1.53865
-1.23504
-2.75673
-2.31152
-1.94936
-1.61875
-1.61875
0.5

0.5
-0.475473
0.62801
0.131494
-0.414056
-0.228335
-0.901638
-1.14963
-1.29839
-1.34613
-1.47717
-1.55377
-1.42839
-1.89996
-1.38598
-1.20835
-2.90541
-2.44298
-1.98661
-1.68647
-1.68647
0.5

0.5
-0.3894
0.655762
0.170826
0.28683
-0.819265
-0.972191
-1.13813
-1.23549
-1.44304
-1.48987
-1.49455
-1.42097
-1.83197
-1.21935
-1.1921
-2.95812
-2.66152
-2.01414
-1.74027
-1.74027
0.5

0.5
-0.172382
0.577556
0.210393
0.455357
-0.994805
-0.997383
-1.08107
-1.20781
-1.54886
-1.49481
-1.39723
-1.43796
-1.7835
-1.14773
-1.85697
-2.2754
-2.8869
-2.06834
-1.77872
-1.77872
0.5

0.5
0.23986
0.359293
0.17931
-0.0250052
-0.719205
-0.906631
-1.04211
-1.27915
-1.52258
-1.47605
-1.23857
-1.53924
-1.64461
-1.40172
-2.25907
-1.88179
-2.87814
-2.15133
-1.8065
-1.8065
0.5

0.5
0.691204
0.103011
0.0520607
-0.414737
-0.499468
-0.887288
-1.11839
-1.31196
-1.42761
-1.45443
-1.25997
-1.77419
-1.22212
-2.18421
-2.05092
-2.00081
-2.44385
-2.23217
-1.83604
-1.83604
0.5

0.5
0.842388
0.0430355
-0.0658126
-0.457168
-0.549447
-0.982153
-1.29492
-1.23034
-1.36683
-1.47388
-1.55711
-2.25084
-0.709124
-2.97563
-1.93085
-1.92895
-1.59285
-2.24892
-1.89962
-1.89962
0.5

0.5
0.702861
0.125203
-0.0912998
-0.450213
-0.669702
-1.09533
-1.4929
-1.08125
-1.3367
-1.53249
-1.91141
-2.83278
-0.566972
-2.89723
-2.2492
-1.48385
-0.924865
-2.08209
-2.02677
-2.02677
0.5

0.5
0.532615
0.164274
-0.0722568
-0.4799
-0.754374
-1.16104
-1.54712
-1.02242
-1.31363
-1.58226
-2.1448
-3.16697
-0.810521
-2.10119
-2.55758
-1.16084
-0.907812
-1.69227
-2.1577
-2.1577
0.5

0.5
0.440402
0.148363
-0.0572417
-0.374369
-0.878095
-1.17672
-1.39293
-1.11803
-1.3007
-1.58209
-2.16017
-2.9733
-1.21702
-1.69216
-2.51738
-1.15645
-1.11247
-1.32239
-2.11786
-2.11786
0.5

0.5
0.403231
0.124286
-0.0386073
-0.196043
-0.981544
-1.15746
-1.19928
-1.21374
-1.28274
-1.52348
-1.95035
-2.4149
-1.53544
-2.0186
-2.16411
-1.27867
-1.09607
-1.2429
-1.86014
-1.86014
0.5

0.5
0.380358
0.106816
-0.0210312
-0.137669
-0.959056
-1.10214
-1.09167
-1.18907
-1.22832
-1.43038
-1.6872
-1.78271
-1.70217
-2.31217
-1.82765
-1.28207
-0.971597
-1.28698
-1.62592
-1.62592
0.5

0.5
0.380358
0.106816
-0.0210312
-0.137669
-0.959056
-1.10214
-1.09167
-1.18907
-1.22832
-1.43038
-1.6872
-1.78271
-1.70217
-2.31217
-1.82765
-1.28207
-0.971597
-1.28698
-1.62592
-1.62592
0.5


0.5
0.53852
-0.34044
-0.20515
0.0708096
0.577547
0.955815
1.28416
1.49324
1.5785
1.78728
1.99325
2.15984
2.50553
2.08599
1.80006
4.08473
2.36261
1.30423
1.32051
1.32051
0.5

0.5
-0.53852
0.34044
0.20515
-0.0708096
-0.577547
-0.955815
-1.28416
-1.49324
-1.5785
-1.78728
-1.99325
-2.15984
-2.50553
-2.08599
-1.80006
-4.08473
-2.36261
-1.30423
-1.32051
-1.32051
0.5

0.5
-0.431266
0.0980226
-0.0256055
-0.244216
-0.583171
-0.911904
-1.1403
-1.25442
-1.31391
-1.46057
-1.59692
-1.71207
-2.00331
-1.69754
-1.40422
-3.15236
-1.73438
-1.41206
-1.34073
-1.34073
0.5

0.5
-0.273695
0.224516
0.0240949
-0.217964
-0.536983
-0.90704
-1.14651
-1.26422
-1.33092
-1.47379
-1.59135
-1.6819
-1.96917
-1.65948
-1.34842
-2.89839
-2.00236
-1.67587
-1.50163
-1.50163
0.5

0.5
-0.247508
0.3454
0.04017
-0.252407
-0.443896
-0.92453
-1.14478
-1.26871
-1.34213
-1.47243
-1.56227
-1.61189
-1.91075
-1.58182
-1.29136
-2.73713
-2.18878
-1.86228
-1.62388
-1.62388
0.5

0.5
-0.221536
0.44245
0.0836895
-0.39463
-0.284924
-0.898909
-1.13108
-1.27879
-1.3608
-1.47874
-1.55414
-1.53613
-1.86498
-1.49699
-1.27243
-2.75782
-2.28537
-1.93882
-1.70186
-1.70186
0.5

0.5
-0.144574
0.489579
0.127516
-0.265697
-0.408556
-0.885184
-1.11821
-1.27095
-1.40079
-1.49004
-1.53823
-1.50236
-1.82766
-1.39139
-1.19484
-2.84552
-2.40755
-1.98354
-1.76488
-1.76488
0.5

0.5
-0.00198131
0.484332
0.158047
0.150245
-0.783451
-0.943996
-1.10261
-1.24749
-1.46545
-1.4994
-1.49608
-1.51544
-1.81017
-1.28425
-1.36367
-2.62926
-2.59712
-2.02894
-1.81558
-1.81558
0.5

0.5
0.242737
0.39904
0.162624
0.183463
-0.876879
-0.964595
-1.08602
-1.2613
-1.49552
-1.50052
-1.43249
-1.57625
-1.78123
-1.27584
-1.81665
-2.09299
-2.76933
-2.08265
-1.85518
-1.85518
0.5

0.5
0.547393
0.255409
0.105735
-0.160917
-0.690213
-0.946251
-1.11542
-1.29691
-1.45942
-1.49576
-1.4099
-1.71596
-1.63261
-1.60422
-2.09713
-1.73409
-2.63842
-2.13358
-1.88742
-1.88742
0.5

0.5
0.745823
0.149613
0.00450098
-0.405342
-0.586105
-0.98034
-1.21493
-1.28754
-1.40709
-1.50562
-1.53945
-1.96432
-1.3317
-2.33233
-2.24342
-1.5017
-1.9931
-2.14792
-1.92019
-1.92019
0.5

0.5
0.725031
0.140949
-0.0700323
-0.44871
-0.65388
-1.06039
-1.34376
-1.21716
-1.37083
-1.53737
-1.7738
-2.30227
-1.12339
-2.91364
-2.3646
-1.30292
-1.11394
-2.05314
-1.9628
-1.9628
0.5

0.5
0.586665
0.161605
-0.0878411
-0.450692
-0.744239
-1.11965
-1.41343
-1.14278
-1.33981
-1.5654
-1.96434
-2.57127
-1.20925
-2.74268
-2.32797
-1.27155
-0.683908
-1.80361
-2.00547
-2.00547
0.5

0.5
0.477692
0.158188
-0.0767381
-0.41389
-0.811467
-1.13042
-1.35153
-1.13772
-1.30855
-1.56002
-2.01574
-2.57518
-1.4548
-2.14236
-2.18991
-1.28918
-0.876823
-1.49163
-1.99064
-1.99064
0.5

0.5
0.433063
0.140704
-0.0609809
-0.301606
-0.875229
-1.1078
-1.21019
-1.17504
-1.27618
-1.51342
-1.91705
-2.30392
-1.62753
-1.90501
-2.03596
-1.26244
-1.09484
-1.31274
-1.86255
-1.86255
0.5

0.5
0.413986
0.124209
-0.0503345
-0.21367
-0.883846
-1.06078
-1.09647
-1.15937
-1.22352
-1.43605
-1.7568
-1.95906
-1.6265
-2.00636
-1.8659
-1.25256
-1.04282
-1.274
-1.70067
-1.70067
0.5

0.5
0.413986
0.124209
-0.0503345
-0.21367
-0.883846
-1.06078
-1.09647
-1.15937
-1.22352
-1.43605
-1.7568
-1.95906
-1.6265
-2.00636
-1.8659
-1.25256
-1.04282
-1.274
-1.70067
-1.70067
0.5


0.5
0.491919
-0.318071
-0.195578
0.119845
0.546869
0.94498
1.28228
1.50607
1.61804
1.82058
2.0223
2.18893
2.44914
2.05448
1.8754
3.88757
2.6663
1.39884
1.35532
1.35532
0.5

0.5
-0.491919
0.318071
0.195578
-0.119845
-0.546869
-0.94498
-1.28228
-1.50607
-1.61804
-1.82058
-2.0223
-2.18893
-2.44914
-2.05448
-1.8754
-3.88757
-2.6663
-1.39884
-1.35532
-1.35532
0.5

0.5
-0.359959
0.0429362
-0.0462218
-0.260852
-0.573017
-0.877148
-1.10018
-1.23588
-1.31515
-1.45123
-1.58263
-1.69018
-1.90135
-1.62411
-1.45944
-2.89047
-1.90316
-1.42621
-1.32963
-1.32963
0.5

0.5
-0.181561
0.145109
0.00693457
-0.249528
-0.528518
-0.878603
-1.11768
-1.25707
-1.34462
-1.47963
-1.60113
-1.70028
-1.90898
-1.64583
-1.46891
-2.81235
-2.02455
-1.62515
-1.48611
-1.48611
0.5

0.5
-0.0983299
0.230449
0.0235177
-0.251399
-0.496045
-0.88686
-1.11923
-1.26028
-1.35476
-1.47839
-1.57802
-1.6509
-1.86118
-1.5964
-1.40005
-2.67177
-2.12517
-1.80361
-1.62117
-1.62117
0.5

0.5
-0.0502143
0.320037
0.052183
-0.265703
-0.436978
-0.896508
-1.11642
-1.26641
-1.3697
-1.48182
-1.56341
-1.60389
-1.82715
-1.54317
-1.35188
-2.65456
-2.19527
-1.89903
-1.70992
-1.70992
0.5

0.5
0.0241942
0.378538
0.0920364
-0.287878
-0.421187
-0.880116
-1.10949
-1.27072
-1.3933
-1.49071
-1.55643
-1.57325
-1.80616
-1.48494
-1.29287
-2.71964
-2.23916
-1.95913
-1.78094
-1.78094
0.5

0.5
0.142832
0.401734
0.123913
-0.147043
-0.567029
-0.89797
-1.10526
-1.26683
-1.428
-1.50178
-1.5442
-1.58159
-1.80228
-1.42547
-1.2682
-2.70999
-2.33324
-2.00877
-1.84137
-1.84137
0.5

0.5
0.314843
0.380335
0.136468
0.0430202
-0.772984
-0.95108
-1.10837
-1.26878
-1.45803
-1.51175
-1.52832
-1.6303
-1.80807
-1.39847
-1.46204
-2.39868
-2.48272
-2.05143
-1.89135
-1.89135
0.5

0.5
0.519978
0.313941
0.113493
-0.0300548
-0.793337
-0.981982
-1.13205
-1.28711
-1.45656
-1.5198
-1.5289
-1.72724
-1.77787
-1.50552
-1.82043
-1.86884
-2.54053
-2.07564
-1.92836
-1.92836
0.5

0.5
0.676243
0.23361
0.0455039
-0.267836
-0.696098
-1.00575
-1.19098
-1.29637
-1.42726
-1.53048
-1.59243
-1.87609
-1.65805
-1.90365
-2.23693
-1.29286
-2.2289
-2.05929
-1.94855
-1.94855
0.5

0.5
0.697629
0.183337
-0.0357742
-0.410302
-0.678941
-1.04913
-1.26783
-1.26885
-1.39102
-1.54521
-1.72476
-2.06559
-1.50276
-2.48371
-2.54017
-0.92481
-1.49299
-1.97315
-1.95219
-1.95219
0.5

0.5
0.606623
0.167473
-0.083712
-0.435845
-0.736081
-1.08772
-1.3139
-1.21339
-1.35222
-1.55182
-1.85267
-2.23495
-1.467
-2.73862
-2.47033
-0.99455
-0.820654
-1.79321
-1.94248
-1.94248
0.5

0.5
0.508775
0.159882
-0.0895494
-0.409659
-0.786938
-1.09287
-1.28542
-1.17127
-1.30972
-1.53552
-1.90243
-2.28287
-1.57519
-2.43547
-2.1373
-1.24419
-0.708814
-1.55567
-1.90799
-1.90799
0.5

0.5
0.46009
0.148399
-0.0773303
-0.347476
-0.816057
-1.06836
-1.19414
-1.15789
-1.26615
-1.49211
-1.85586
-2.16898
-1.68052
-2.02133
-1.90831
-1.27089
-0.945841
-1.36574
-1.82544
-1.82544
0.5

0.5
0.439634
0.135062
-0.0681535
-0.286199
-0.813211
-1.02438
-1.09998
-1.12896
-1.21184
-1.42467
-1.7541
-1.98488
-1.65889
-1.86578
-1.81448
-1.16131
-1.03494
-1.27606
-1.71524
-1.71524
0.5

0.5
0.439634
0.135062
-0.0681535
-0.286199
-0.813211
-1.02438
-1.09998
-1.12896
-1.21184
-1.42467
-1.7541
-1.98488
-1.65889
-1.86578
-1.81448
-1.16131
-1.03494
-1.27606
-1.71524
-1.71524
0.5


0.5
0.464502
-0.311668
-0.192183
0.138774
0.550909
0.953625
1.29716
1.53357
1.65732
1.86072
2.06402
2.22685
2.43822
2.04988
1.91333
3.85147
2.84168
1.4676
1.39811
1.39811
0.5

0.5
-0.464502
0.311668
0.192183
-0.138774
-0.550909
-0.953625
-1.29716
-1.53357
-1.65732
-1.86072
-2.06402
-2.22685
-2.43822
-2.04988
-1.91333
-3.85147
-2.84168
-1.4676
-1.39811
-1.39811
0.5

0.5
-0.314223
0.0235563
-0.056202
-0.290687
-0.542593
-0.847171
-1.06687
-1.20949
-1.30068
-1.4281
-1.55242
-1.65128
-1.80375
-1.54235
-1.42607
-2.67992
-2.00579
-1.44175
-1.31906
-1.31906
0.5

0.5
-0.140869
0.110923
-0.00506024
-0.253926
-0.529487
-0.865144
-1.10014
-1.25135
-1.35125
-1.4821
-1.6049
-1.70523
-1.8641
-1.62012
-1.50405
-2.73964
-2.10145
-1.61619
-1.47667
-1.47667
0.5

0.5
-0.0274431
0.17897
0.0135778
-0.26328
-0.502611
-0.869866
-1.1033
-1.25374
-1.36099
-1.48057
-1.58486
-1.66704
-1.82683
-1.59279
-1.45755
-2.63247
-2.11803
-1.77559
-1.61505
-1.61505
0.5

0.5
0.0455763
0.255487
0.0404847
-0.253305
-0.481464
-0.877736
-1.10377
-1.25919
-1.37482
-1.48361
-1.57114
-1.63455
-1.80189
-1.5567
-1.40594
-2.60125
-2.15763
-1.87493
-1.7119
-1.7119
0.5

0.5
0.127796
0.314378
0.0724333
-0.241842
-0.481868
-0.882268
-1.1035
-1.2657
-1.39384
-1.49127
-1.5648
-1.61687
-1.79006
-1.52243
-1.36937
-2.62393
-2.17611
-1.94657
-1.78975
-1.78975
0.5

0.5
0.242497
0.347203
0.102878
-0.192166
-0.549396
-0.892728
-1.10595
-1.27058
-1.41686
-1.50274
-1.56438
-1.62849
-1.79425
-1.49671
-1.34053
-2.64677
-2.20798
-2.00376
-1.85728
-1.85728
0.5

0.5
0.390974
0.350811
0.11807
-0.0909541
-0.678931
-0.934711
-1.11833
-1.27542
-1.43738
-1.51604
-1.5707
-1.67655
-1.80892
-1.49901
-1.38869
-2.51744
-2.2801
-2.04411
-1.91456
-1.91456
0.5

0.5
0.549263
0.323237
0.106184
-0.0680327
-0.768067
-0.98543
-1.14633
-1.28466
-1.4427
-1.52978
-1.59289
-1.7593
-1.81061
-1.58003
-1.62579
-2.06508
-2.34146
-2.05094
-1.95406
-1.95406
0.5

0.5
0.660936
0.272325
0.0578578
-0.200551
-0.751889
-1.02253
-1.19083
-1.29031
-1.42638
-1.54194
-1.64408
-1.86626
-1.76499
-1.82313
-2.06445
-1.33701
-2.19072
-2.00697
-1.96596
-1.96596
0.5

0.5
0.673242
0.218555
-0.0136337
-0.354589
-0.721164
-1.05126
-1.2371
-1.2748
-1.39365
-1.54759
-1.72311
-1.97844
-1.67814
-2.22404
-2.48981
-0.759397
-1.66076
-1.90434
-1.94904
-1.94904
0.5

0.5
0.602173
0.180968
-0.0709813
-0.416878
-0.739227
-1.06875
-1.25642
-1.23404
-1.35049
-1.5389
-1.79656
-2.06812
-1.62407
-2.51858
-2.53498
-0.743305
-1.01596
-1.74405
-1.91308
-1.91308
0.5

0.5
0.522414
0.161223
-0.0910651
-0.403386
-0.771395
-1.06375
-1.22897
-1.1862
-1.30131
-1.511
-1.82405
-2.09644
-1.65078
-2.42558
-2.19868
-1.07302
-0.740188
-1.55003
-1.86141
-1.86141
0.5

0.5
0.478975
0.149491
-0.0858736
-0.359962
-0.785042
-1.03704
-1.16348
-1.14744
-1.2504
-1.46461
-1.79177
-2.04137
-1.69651
-2.09364
-1.86938
-1.22755
-0.854383
-1.38297
-1.78577
-1.78577
0.5

0.5
0.458486
0.13854
-0.0782657
-0.321113
-0.770381
-0.994537
-1.09102
-1.10369
-1.19374
-1.40111
-1.71695
-1.93692
-1.66985
-1.86888
-1.72305
-1.1389
-0.95705
-1.28572
-1.69435
-1.69435
0.5

0.5
0.458486
0.13854
-0.0782657
-0.321113
-0.770381
-0.994537
-1.09102
-1.10369
-1.19374
-1.40111
-1.71695
-1.93692
-1.66985
-1.86888
-1.72305
-1.1389
-0.95705
-1.28572
-1.69435
-1.69435
0.5


0.5
0.452223
-0.318582
-0.19539
0.150149
0.566118
0.981485
1.33167
1.57311
1.70382
1.91096
2.11815
2.28405
2.48219
2.08204
1.94685
3.90694
2.92056
1.52371
1.45056
1.45056
0.5

0.5
-0.452223
0.318582
0.19539
-0.150149
-0.566118
-0.981485
-1.33167
-1.57311
-1.70382
-1.91096
-2.11815
-2.28405
-2.48219
-2.08204
-1.94685
-3.90694
-2.92056
-1.52371
-1.45056
-1.45056
0.5

0.5
-0.279824
0.0207069
-0.0584839
-0.291713
-0.525927
-0.824567
-1.03479
-1.17332
-1.26581
-1.38732
-1.50545
-1.59835
-1.72709
-1.46904
-1.35308
-2.52777
-1.96357
-1.42009
-1.29419
-1.29419
0.5

0.5
-0.120633
0.107452
-0.00570349
-0.261667
-0.525567
-0.86199
-1.09588
-1.24931
-1.35344
-1.48281
-1.60559
-1.70637
-1.85002
-1.60443
-1.49724
-2.70416
-2.13434
-1.62842
-1.47991
-1.47991
0.5

0.5
-0.00129393
0.169693
0.0118334
-0.262603
-0.502149
-0.868808
-1.09797
-1.25009
-1.36172
-1.4794
-1.58465
-1.67002
-1.81652
-1.58516
-1.4624
-2.62308
-2.12835
-1.77539
-1.61336
-1.61336
0.5

0.5
0.0806698
0.239815
0.0396258
-0.254482
-0.487877
-0.872856
-1.09867
-1.2554
-1.37566
-1.48222
-1.57151
-1.64233
-1.79608
-1.55651
-1.41387
-2.59988
-2.15495
-1.8705
-1.71027
-1.71027
0.5

0.5
0.170013
0.294956
0.0697403
-0.230089
-0.501608
-0.880469
-1.10036
-1.26274
-1.39488
-1.49007
-1.56543
-1.63094
-1.78852
-1.53025
-1.38497
-2.61733
-2.17039
-1.94471
-1.7904
-1.7904
0.5

0.5
0.288713
0.327527
0.0978236
-0.18075
-0.568028
-0.896515
-1.10623
-1.27055
-1.41658
-1.50229
-1.56808
-1.6487
-1.79673
-1.51628
-1.3777
-2.64274
-2.19854
-2.00533
-1.86083
-1.86083
0.5

0.5
0.436794
0.334903
0.112059
-0.110471
-0.674948
-0.935692
-1.12232
-1.27761
-1.43301
-1.51637
-1.5812
-1.70123
-1.81225
-1.53302
-1.41978
-2.54202
-2.25824
-2.04438
-1.91986
-1.91986
0.5

0.5
0.585181
0.316611
0.100675
-0.100261
-0.750339
-0.985271
-1.15257
-1.28308
-1.43437
-1.53009
-1.61148
-1.78301
-1.81204
-1.62672
-1.61078
-2.10994
-2.29283
-2.04244
-1.95743
-1.95743
0.5

0.5
0.67817
0.276656
0.0563318
-0.203874
-0.750469
-1.02422
-1.19271
-1.2805
-1.41569
-1.53963
-1.66264
-1.87562
-1.76901
-1.85457
-1.99791
-1.34239
-2.11615
-1.98424
-1.96253
-1.96253
0.5

0.5
0.674605
0.227648
-0.00939007
-0.338082
-0.730029
-1.04878
-1.22615
-1.26004
-1.38038
-1.53891
-1.72484
-1.95533
-1.6932
-2.18711
-2.386
-0.709564
-1.60542
-1.86899
-1.93649
-1.93649
0.5

0.5
0.600746
0.186474
-0.0646863
-0.402913
-0.741091
-1.05737
-1.23024
-1.22093
-1.33438
-1.52196
-1.77267
-2.00359
-1.6439
-2.4159
-2.44844
-0.665513
-1.01594
-1.70548
-1.89208
-1.89208
0.5

0.5
0.526582
0.161274
-0.0876137
-0.393818
-0.764934
-1.04529
-1.1949
-1.17458
-1.28228
-1.4865
-1.78081
-2.00505
-1.65495
-2.33896
-2.16034
-0.999522
-0.755647
-1.51964
-1.83222
-1.83222
0.5

0.5
0.487448
0.147
-0.0862474
-0.355099
-0.771422
-1.01449
-1.13306
-1.12955
-1.22722
-1.43456
-1.74264
-1.95459
-1.67577
-2.06195
-1.82996
-1.18607
-0.833775
-1.36421
-1.75114
-1.75114
0.5

0.5
0.4686
0.13594
-0.0806714
-0.324114
-0.751316
-0.97126
-1.06937
-1.07981
-1.16861
-1.37011
-1.67263
-1.87375
-1.63882
-1.85941
-1.6544
-1.12338
-0.909255
-1.27245
-1.66153
-1.66153
0.5

0.5
0.4686
0.13594
-0.0806714
-0.324114
-0.751316
-0.97126
-1.06937
-1.07981
-1.16861
-1.37011
-1.67263
-1.87375
-1.63882
-1.85941
-1.6544
-1.12338
-0.909255
-1.27245
-1.66153
-1.66153
0.5


0.5
0.5
0.5
0.5
0.5
0.5
0.5
0.5
0.5
0.5
0.5
0.5
0.5
0.5
0.5
0.5
0.5
0.5
0.5
0.5
0.5
0.5

0.5
-0.452223
0.318582
0.19539
-0.150149
-0.566118
-0.981485
-1.33167
-1.57311
-1.70382
-1.91096
-2.11815
-2.28405
-2.48219
-2.08204
-1.94685
-3.90694
-2.92056
-1.52371
-1.45056
-1.45056
0.5

0.5
-0.279824
0.0207069
-0.0584839
-0.291713
-0.525927
-0.824567
-1.03479
-1.17332
-1.26581
-1.38732
-1.50545
-1.59835
-1.72709
-1.46904
-1.35308
-2.52777
-1.96357
-1.42009
-1.29419
-1.29419
0.5

0.5
-0.120633
0.107452
-0.00570349
-0.261667
-0.525567
-0.86199
-1.09588
-1.24931
-1.35344
-1.48281
-1.60559
-1.70637
-1.85002
-1.60443
-1.49724
-2.70416
-2.13434
-1.62842
-1.47991
-1.47991
0.5

0.5
-0.00129393
0.169693
0.0118334
-0.262603
-0.502149
-0.868808
-1.09797
-1.25009
-1.36172
-1.4794
-1.58465
-1.67002
-1.81652
-1.58516
-1.4624
-2.62308
-2.12835
-1.77539
-1.61336
-1.61336
0.5

0.5
0.0806698
0.239815
0.0396258
-0.254482
-0.487877
-0.872856
-1.09867
-1.2554
-1.37566
-1.48222
-1.57151
-1.64233
-1.79608
-1.55651
-1.41387
-2.59988
-2.15495
-1.8705
-1.71027
-1.71027
0.5

0.5
0.170013
0.294956
0.0697403
-0.230089
-0.501608
-0.880469
-1.10036
-1.26274
-1.39488
-1.49007
-1.56543
-1.63094
-1.78852
-1.53025
-1.38497
-2.61733
-2.17039
-1.94471
-1.7904
-1.7904
0.5

0.5
0.288713
0.327527
0.0978236
-0.18075
-0.568028
-0.896515
-1.10623
-1.27055
-1.41658
-1.50229
-1.56808
-1.6487
-1.79673
-1.51628
-1.3777
-2.64274
-2.19854
-2.00533
-1.86083
-1.86083
0.5

0.5
0.436794
0.334903
0.112059
-0.110471
-0.674948
-0.935692
-1.12232
-1.27761
-1.43301
-1.51637
-1.5812
-1.70123
-1.81225
-1.53302
-1.41978
-2.54202
-2.25824
-2.04438
-1.91986
-1.91986
0.5

0.5
0.585181
0.316611
0.100675
-0.100261
-0.750339
-0.985271
-1.15257
-1.28308
-1.43437
-1.53009
-1.61148
-1.78301
-1.81204
-1.62672
-1.61078
-2.10994
-2.29283
-2.04244
-1.95743
-1.95743
0.5

0.5
0.67817
0.276656
0.0563318
-0.203874
-0.750469
-1.02422
-1.19271
-1.2805
-1.41569
-1.53963
-1.66264
-1.87562
-1.76901
-1.85457
-1.99791
-1.34239
-2.11615
-1.98424
-1.96253
-1.96253
0.5

0.5
0.674605
0.227648
-0.00939007
-0.338082
-0.730029
-1.04878
-1.22615
-1.26004
-1.38038
-1.53891
-1.72484
-1.95533
-1.6932
-2.18711
-2.386
-0.709564
-1.60542
-1.86899
-1.93649
-1.93649
0.5

0.5
0.600746
0.186474
-0.0646863
-0.402913
-0.741091
-1.05737
-1.23024
-1.22093
-1.33438
-1.52196
-1.77267
-2.00359
-1.6439
-2.4159
-2.44844
-0.665513
-1.01594
-1.70548
-1.89208
-1.89208
0.5

0.5
0.526582
0.161274
-0.0876137
-0.393818
-0.764934
-1.04529
-1.1949
-1.17458
-1.28228
-1.4865
-1.78081
-2.00505
-1.65495
-2.33896
-2.16034
-0.999522
-0.755647
-1.51964
-1.83222
-1.83222
0.5

0.5
0.487448
0.147
-0.0862474
-0.355099
-0.771422
-1.01449
-1.13306
-1.12955
-1.22722
-1.43456
-1.74264
-1.95459
-1.67577
-2.06195
-1.82996
-1.18607
-0.833775
-1.36421
-1.75114
-1.75114
0.5

0.5
0.4686
0.13594
-0.0806714
-0.324114
-0.751316
-0.97126
-1.06937
-1.07981
-1.16861
-1.37011
-1.67263
-1.87375
-1.63882
-1.85941
-1.6544
-1.12338
-0.909255
-1.27245
-1.66153
-1.66153
0.5

0.5
0.482478
0.177287
-0.0262614
-0.260311
-0.646745
-0.856768
-0.956731
-0.97608
-1.06396
-1.24378
-1.50805
-1.70389
-1.52811
-1.79562
-1.59226
-1.03728
-0.821732
-1.19394
-1.5264
-1.5264
0.5


