0.5
0.5
0.376623
0.5
0.5
0.5
0.5
0.420564
0.5
0.5
0.435323
0.5
0.5
0.5
0.5
0.5
0.5
0.5
0.5
0.5
0.5
0.5

0.5
0.371555
0.53972
0.584834
0.638611
0.422852
0.200646
0.412685
-0.230523
0.677543
0.298302
0.0562909
0.872226
0.107828
0.702318
1.49083
0.13443
0.222415
-0.0455849
-0.0340341
-0.0340341
0.5

0.5
0.363815
0.457248
0.529647
0.594332
0.398329
0.16953
0.386858
0.404898
-0.112375
0.231352
0.0717662
0.849657
0.765485
0.69396
1.79642
-0.270845
0.199478
-0.0733314
-0.0515439
-0.0515439
0.5

0.5
0.366413
0.484364
0.562544
0.5825
0.226359
0.374718
0.42394
0.303711
0.0263582
0.230368
0.501934
0.267761
0.689545
0.759619
0.597195
1.55503
0.280147
-0.0902636
-0.0490294
-0.0490294
0.5

0.5
0.380077
0.484527
0.549386
0.498188
0.334139
0.345801
0.342543
0.367902
0.0977552
0.240606
0.497826
0.196396
0.646148
0.750527
0.264005
1.17316
0.296508
-0.119491
-0.0462788
-0.0462788
0.5

0.5
0.418861
0.515313
0.48702
0.515565
0.299848
0.320229
0.37016
0.281176
0.238952
0.256131
0.453059
-0.152353
0.637614
0.809253
0.288866
1.15607
0.299053
-0.173646
-0.0426494
-0.0426494
0.5

0.5
0.433265
0.51274
0.476042
0.549232
0.276082
0.292083
0.412804
0.203513
0.158616
0.254334
0.40071
0.530014
0.667306
0.902573
0.268031
1.19245
0.389643
-0.370501
-0.0413659
-0.0413659
0

0.5
0.440243
0.506604
0.479816
0.581558
0.254113
0.263854
0.407212
0.1562
0.19532
0.2528
0.369322
0.453038
0.700824
0.885558
0.465069
1.28204
0.406967
-0.46534
-0.0401901
-0.0401901
0.5

0.5
0.444885
0.502091
0.487763
0.601891
0.246307
0.241452
0.00983846
0.592062
0.243272
0.250154
0.337907
0.453048
0.728709
1.79642
0.52158
1.38786
0.405661
-0.569555
-0.0791493
-0.0791493
0.5

0.5
0.448931
0.499636
0.503931
0.51996
0.299848
0.24632
0.047761
0.478565
0.260477
0.246104
0.308837
0.4298
0.845979
0.48294
0.328734
1.53788
0.40609
-0.404592
-0.310979
-0.310979
0.5

0.5
0.453165
0.498809
0.525381
0.20599
0.550746
0.320229
0.0972584
0.426437
0.26671
0.251083
0.280258
0.339952
0.993342
0.79738
0.219359
1.89463
0.274258
-0.524534
-0.320251
-0.320251
0.5

0.5
0.458449
0.499981
0.518909
0.353158
0.33478
0.29266
0.130976
0.390029
0.265245
0.308837
0.252333
0.107828
1.29062
0.565604
0.153719
2.3414
0.245893
-0.621006
-0.302583
-0.302583
0.5

0.5
0.467223
0.499397
0.521078
0.442468
0.279637
0.253698
0.16307
0.34503
0.25642
0.221686
0.220467
0.2056
0.966822
-0.0441536
0.490007
3.05346
0.270222
-0.73293
-0.273388
-0.273388
0.5

0.5
0.480468
0.497639
0.529647
0.518473
0.218546
0.227688
0.249318
0.232798
0.238952
0.254334
0.192668
0.238447
0.45746
-1.96303
1.23308
4.73039
0.33322
-0.841017
-0.23781
-0.23781
0.5

0.5
0.48085
0.499404
0.539124
0.597168
0.142126
0.198315
0.238356
0.227718
0.22319
0.183712
0.161205
0.143785
-0.507061
0.636833
0.454697
5.34503
0.439774
-0.918307
-0.197203
-0.197203
0.5

0.5
0.464022
0.48702
0.531341
0.643455
0.0475101
0.162277
0.208764
0.21094
0.200659
0.170763
0.133694
0.0846573
0.0137697
0.252414
0.48294
-0.245896
-0.176714
-0.173646
-0.164153
-0.164153
0.5

0.5
0.5
0.5
0.5
0.5
0.5
0.5
0.5
0.5
0.5
0.5
0.5
0.5
0.5
0.5
0.5
0.5
0.5
0.5
0.5
0.5
0.5


0.5
-0.371555
-0.53972
-0.584834
-0.638611
-0.422852
-0.200646
-0.412685
0.230523
-0.677543
-0.298302
-0.0562909
-0.872226
-0.107828
-0.702318
-1.49083
-0.13443
-0.222415
0.0455849
0.0340341
0.0340341
0.5

0.5
0.371555
0.53972
0.584834
0.638611
0.422852
0.200646
0.412685
-0.230523
0.677543
0.298302
0.0562909
0.872226
0.107828
0.702318
1.49083
0.13443
0.222415
-0.0455849
-0.0340341
-0.0340341
0.5

0.5
0.363815
0.457248
0.529647
0.594332
0.398329
0.16953
0.386858
0.404898
-0.112375
0.231352
0.0717662
0.849657
0.765485
0.69396
1.79642
-0.270845
0.199478
-0.0733314
-0.0515439
-0.0515439
0.5

0.5
0.366413
0.484364
0.562544
0.5825
0.226359
0.374718
0.42394
0.303711
0.0263582
0.230368
0.501934
0.267761
0.689545
0.759619
0.597195
1.55503
0.280147
-0.0902636
-0.0490294
-0.0490294
0.5

0.5
0.380077
0.484527
0.549386
0.498188
0.334139
0.345801
0.342543
0.367902
0.0977552
0.240606
0.497826
0.196396
0.646148
0.750527
0.264005
1.17316
0.296508
-0.119491
-0.0462788
-0.0462788
0.5

0.5
0.418861
0.515313
0.48702
0.515565
0.299848
0.320229
0.37016
0.281176
0.238952
0.256131
0.453059
-0.152353
0.637614
0.809253
0.288866
1.15607
0.299053
-0.173646
-0.0426494
-0.0426494
0.5

0.5
0.433265
0.51274
0.476042
0.549232
0.276082
0.292083
0.412804
0.203513
0.158616
0.254334
0.40071
0.530014
0.667306
0.902573
0.268031
1.19245
0.389643
-0.370501
-0.0413659
-0.0413659
0.22862

0.5
0.440243
0.506604
0.479816
0.581558
0.254113
0.263854
0.407212
0.1562
0.19532
0.2528
0.369322
0.453038
0.700824
0.885558
0.465069
1.28204
0.406967
-0.46534
-0.0401901
-0.0401901
0.5

0.5
0.444885
0.502091
0.487763
0.601891
0.246307
0.241452
0.00983846
0.592062
0.243272
0.250154
0.337907
0.453048
0.728709
1.79642
0.52158
1.38786
0.405661
-0.569555
-0.0791493
-0.0791493
0.5

0.5
0.448931
0.499636
0.503931
0.51996
0.299848
0.24632
0.047761
0.478565
0.260477
0.246104
0.308837
0.4298
0.845979
0.48294
0.328734
1.53788
0.40609
-0.404592
-0.310979
-0.310979
0.5

0.5
0.453165
0.498809
0.525381
0.20599
0.550746
0.320229
0.0972584
0.426437
0.26671
0.251083
0.280258
0.339952
0.993342
0.79738
0.219359
1.89463
0.274258
-0.524534
-0.320251
-0.320251
0.5

0.5
0.458449
0.499981
0.518909
0.353158
0.33478
0.29266
0.130976
0.390029
0.265245
0.308837
0.252333
0.107828
1.29062
0.565604
0.153719
2.3414
0.245893
-0.621006
-0.302583
-0.302583
0.5

0.5
0.467223
0.499397
0.521078
0.442468
0.279637
0.253698
0.16307
0.34503
0.25642
0.221686
0.220467
0.2056
0.966822
-0.0441536
0.490007
3.05346
0.270222
-0.73293
-0.273388
-0.273388
0.5

0.5
0.480468
0.497639
0.529647
0.518473
0.218546
0.227688
0.249318
0.232798
0.238952
0.254334
0.192668
0.238447
0.45746
-1.96303
1.23308
4.73039
0.33322
-0.841017
-0.23781
-0.23781
0.5

0.5
0.48085
0.499404
0.539124
0.597168
0.142126
0.198315
0.238356
0.227718
0.22319
0.183712
0.161205
0.143785
-0.507061
0.636833
0.454697
5.34503
0.439774
-0.918307
-0.197203
-0.197203
0.5

0.5
0.464022
0.48702
0.531341
0.643455
0.0475101
0.162277
0.208764
0.21094
0.200659
0.170763
0.133694
0.0846573
0.0137697
0.252414
0.48294
-0.245896
-0.176714
-0.173646
-0.164153
-0.164153
0.5

0.5
0.464022
0.48702
0.531341
0.643455
0.0475101
0.162277
0.208764
0.21094
0.200659
0.170763
0.133694
0.0846573
0.0137697
0.252414
0.48294
-0.185942
-0.164153
-0.173646
-0.164153
-0.164153
0.5


0.5
-0.160362
-0.775478
-0.582043
-0.589145
-0.348282
-0.283628
-0.359157
-0.449745
-0.00993661
-0.266994
-0.323841
-0.512078
-0.809685
-0.736719
-0.711531
-0.743893
-0.518368
-0.0492061
-0.0375004
-0.0375004
0.5

0.5
0.160362
0.775478
0.582043
0.589145
0.348282
0.283628
0.359157
0.449745
0.00993661
0.266994
0.323841
0.512078
0.809685
0.736719
0.711531
0.743893
0.518368
0.0492061
0.0375004
0.0375004
0.5

0.5
0.0454317
0.899142
0.561785
0.526382
0.388148
0.273995
0.340084
0.343678
0.129609
0.24915
0.25612
0.547
0.664782
0.674815
0.947136
0.570116
0.402724
0.0131679
0.0145057
0.0145057
0.5

0.5
0.193167
0.692201
0.5437
0.504633
0.38849
0.305459
0.354093
0.336179
0.113545
0.250073
0.30558
0.538833
0.649374
0.692046
0.372519
1.30777
0.360946
-0.0148711
0.0141959
0.0141959
0.5

0.5
0.316089
0.582065
0.528749
0.48481
0.359844
0.336022
0.358962
0.313659
0.137967
0.253777
0.397374
0.48948
0.595463
0.700054
0.345534
1.03847
0.388033
-0.0467181
0.0123903
0.0123903
0.5

0.5
0.391657
0.523008
0.518485
0.48068
0.352678
0.331193
0.340532
0.309677
0.158256
0.259384
0.405376
0.533257
0.614479
0.700158
0.323068
1.05162
0.409473
-0.104403
0.00875063
0.00875063
0.5

0.5
0.425468
0.514616
0.493061
0.484988
0.337482
0.317261
0.331747
0.294168
0.198367
0.263638
0.37711
0.42536
0.614924
0.803613
0.353528
1.07669
0.394445
-0.11833
0.00434021
0.00434021
0.5

0.5
0.441485
0.508473
0.490723
0.497537
0.320805
0.300474
0.30794
0.296874
0.219386
0.262579
0.356706
0.424287
0.644386
0.589321
0.490824
1.14208
0.426932
-0.195069
-0.0146251
-0.0146251
0.5

0.5
0.450569
0.504248
0.493761
0.492439
0.324961
0.286646
0.220328
0.35012
0.23968
0.259483
0.331994
0.393157
0.680185
0.443024
0.529298
1.21534
0.456802
-0.244798
-0.0453218
-0.0453218
0.5

0.5
0.457096
0.502187
0.501022
0.393319
0.410881
0.294942
0.156939
0.39864
0.259674
0.25451
0.306276
0.331917
0.734192
0.733946
0.535627
1.33802
0.475003
-0.30791
-0.0672603
-0.0672603
0.5

0.5
0.462983
0.501963
0.510245
0.231417
0.537266
0.328407
0.170229
0.376879
0.266407
0.245315
0.279524
0.189665
0.897035
0.50929
0.414688
1.53522
0.519733
-0.31316
-0.142726
-0.142726
0.5

0.5
0.469337
0.503247
0.513153
0.377181
0.344154
0.294837
0.185453
0.349038
0.265907
0.22945
0.252145
-0.052271
1.14721
0.0934521
0.365113
1.65979
0.479744
-0.345261
-0.161227
-0.161227
0.5

0.5
0.47745
0.504686
0.516888
0.443973
0.303154
0.27049
0.202255
0.31965
0.260399
0.227121
0.226898
0.0769843
0.733116
-0.544899
0.60813
2.28041
0.450495
-0.405196
-0.157236
-0.157236
0.5

0.5
0.488074
0.504395
0.523658
0.498893
0.259897
0.247791
0.22532
0.284823
0.250135
0.211199
0.202104
0.176677
0.289598
-0.728168
1.06809
3.1548
0.484272
-0.445914
-0.147207
-0.147207
0.5

0.5
0.493085
0.502874
0.531504
0.550769
0.208316
0.22213
0.239813
0.24597
0.233559
0.204647
0.176882
0.14475
-0.15414
0.444469
0.257976
4.50893
0.666113
-0.435808
-0.135859
-0.135859
0.5

0.5
0.474704
0.490293
0.521026
0.570514
0.146967
0.189123
0.219932
0.221067
0.211126
0.184201
0.151184
0.105478
0.0530694
0.178814
0.334586
3.75525
0.709088
-0.847282
-0.122176
-0.122176
0.5

0.5
0.474704
0.490293
0.521026
0.570514
0.146967
0.189123
0.219932
0.221067
0.211126
0.184201
0.151184
0.105478
0.0530694
0.178814
0.334586
3.75525
0.709088
-0.847282
-0.122176
-0.122176
0.5


0.5
-0.24042
-0.701911
-0.561856
-0.505537
-0.203531
-0.291687
-0.364064
-0.333149
-0.228236
-0.28889
-0.330834
-0.541854
-0.634521
-0.663769
-0.539834
-0.844425
-0.450309
-0.0988895
-0.0917105
-0.0917105
0.5

0.5
0.24042
0.701911
0.561856
0.505537
0.203531
0.291687
0.364064
0.333149
0.228236
0.28889
0.330834
0.541854
0.634521
0.663769
0.539834
0.844425
0.450309
0.0988895
0.0917105
0.0917105
0.5

0.5
0.197107
0.67906
0.519759
0.429931
0.35144
0.289261
0.334958
0.316638
0.174833
0.258696
0.302951
0.492251
0.60412
0.61854
0.566484
0.707337
0.397321
0.0652554
0.0654855
0.0654855
0.5

0.5
0.255238
0.63641
0.520197
0.464514
0.403171
0.311408
0.336649
0.318632
0.174212
0.260815
0.317011
0.479297
0.598435
0.619573
0.367617
0.965649
0.394287
0.0502201
0.064957
0.064957
0.5

0.5
0.325856
0.578275
0.513983
0.464546
0.389556
0.327746
0.337966
0.312674
0.183634
0.263249
0.35163
0.447715
0.587785
0.620602
0.353169
1.00838
0.416226
0.026276
0.0621263
0.0621263
0.5

0.5
0.382994
0.533797
0.504609
0.457588
0.374267
0.33065
0.329152
0.308104
0.201597
0.266524
0.36785
0.419943
0.577358
0.620086
0.449453
0.979626
0.426508
-0.000632303
0.0574909
0.0574909
0.5

0.5
0.4189
0.513026
0.496252
0.459349
0.360506
0.323226
0.316738
0.303341
0.217722
0.268548
0.356666
0.417407
0.573052
0.638592
0.465478
0.984794
0.431814
-0.0345063
0.0496001
0.0496001
0.5

0.5
0.439258
0.50503
0.490561
0.466936
0.345363
0.310928
0.300092
0.30211
0.23316
0.268035
0.342443
0.402371
0.576193
0.652571
0.50219
1.02673
0.441346
-0.0695387
0.0374002
0.0374002
0.5

0.5
0.45133
0.501211
0.489945
0.46588
0.340727
0.298199
0.267115
0.318717
0.247049
0.26548
0.324249
0.374205
0.589465
0.612277
0.574944
1.09717
0.454569
-0.113554
0.0207951
0.0207951
0.5

0.5
0.45957
0.499762
0.492843
0.41379
0.380205
0.293743
0.2265
0.341442
0.259279
0.261291
0.303171
0.327833
0.612573
0.56081
0.582618
1.17991
0.4533
-0.158497
0.00119208
0.00119208
0.5

0.5
0.466322
0.500161
0.498628
0.294026
0.471528
0.304615
0.214733
0.340975
0.265789
0.255514
0.280276
0.248411
0.652621
0.528402
0.549546
1.30224
0.409853
-0.188381
-0.0263996
-0.0263996
0.5

0.5
0.472858
0.502197
0.502658
0.358391
0.388618
0.301977
0.220091
0.326529
0.26624
0.248419
0.256707
0.13175
0.706715
0.292018
0.499539
1.57406
0.463207
-0.196363
-0.0489539
-0.0489539
0.5

0.5
0.480067
0.505327
0.508056
0.430634
0.325354
0.281245
0.227581
0.307457
0.262272
0.238991
0.234489
0.124341
0.60809
-0.157436
0.561
2.11859
0.547555
-0.200977
-0.0542918
-0.0542918
0.5

0.5
0.488388
0.507636
0.51542
0.476433
0.287433
0.261731
0.236253
0.284869
0.254289
0.229215
0.212966
0.156045
0.34449
-0.396709
0.684829
2.96054
0.716551
-0.200606
-0.0495701
-0.0495701
0.5

0.5
0.493911
0.504385
0.51964
0.51212
0.248516
0.239216
0.24129
0.257938
0.240599
0.214978
0.190058
0.148995
0.0610597
0.131193
-0.151637
3.88602
1.0011
-0.193017
-0.0413562
-0.0413562
0.5

0.5
0.480306
0.488322
0.506759
0.519031
0.200815
0.208657
0.227192
0.228493
0.218628
0.195251
0.166063
0.12464
0.0730912
0.13306
-0.18653
4.31822
1.22587
-0.0780366
-0.0373231
-0.0373231
0.5

0.5
0.480306
0.488322
0.506759
0.519031
0.200815
0.208657
0.227192
0.228493
0.218628
0.195251
0.166063
0.12464
0.0730912
0.13306
-0.18653
4.31822
1.22587
-0.0780366
-0.0373231
-0.0373231
0.5


0.5
-0.325224
-0.633201
-0.543498
-0.376123
-0.0174508
-0.290278
-0.356139
-0.33866
-0.24276
-0.299867
-0.354116
-0.49312
-0.593292
-0.613341
-0.524601
-0.817277
-0.486984
-0.16628
-0.152425
-0.152425
0.5

0.5
0.325224
0.633201
0.543498
0.376123
0.0174508
0.290278
0.356139
0.33866
0.24276
0.299867
0.354116
0.49312
0.593292
0.613341
0.524601
0.817277
0.486984
0.16628
0.152425
0.152425
0.5

0.5
0.305231
0.593302
0.50495
0.299525
0.334316
0.302865
0.328763
0.309677
0.214046
0.269957
0.319554
0.45557
0.553138
0.570644
0.51682
0.738569
0.427075
0.129981
0.122504
0.122504
0.5

0.5
0.324827
0.579867
0.50215
0.388973
0.4326
0.324215
0.329863
0.311162
0.214277
0.271345
0.32579
0.448594
0.551952
0.571442
0.513495
0.758109
0.420426
0.121032
0.122118
0.122118
0.5

0.5
0.358703
0.553717
0.499897
0.431676
0.41914
0.331697
0.328316
0.309638
0.218226
0.272697
0.338224
0.432462
0.545174
0.572012
0.44732
0.84411
0.428924
0.106353
0.119779
0.119779
0.5

0.5
0.393681
0.528179
0.496348
0.446584
0.388598
0.33265
0.323071
0.307434
0.22663
0.274208
0.347437
0.415379
0.536702
0.572106
0.451826
0.868539
0.440705
0.0891039
0.116009
0.116009
0.5

0.5
0.421412
0.511095
0.491698
0.448687
0.374099
0.328158
0.314046
0.30538
0.237095
0.275093
0.343184
0.402512
0.53167
0.568256
0.487679
0.887898
0.452323
0.0688949
0.110521
0.110521
0.5

0.5
0.440516
0.502563
0.488245
0.45034
0.363805
0.319722
0.301901
0.304614
0.247086
0.274384
0.332867
0.387398
0.528271
0.564925
0.515344
0.921893
0.463041
0.0461667
0.103285
0.103285
0.5

0.5
0.453291
0.498922
0.487194
0.449899
0.357167
0.309959
0.284453
0.30834
0.255975
0.272023
0.319179
0.364277
0.528726
0.539509
0.555515
0.974893
0.476798
0.0215333
0.0941904
0.0941904
0.5

0.5
0.462419
0.497953
0.488402
0.432653
0.364827
0.302854
0.263169
0.316188
0.263415
0.268176
0.302544
0.330042
0.532007
0.512799
0.583614
1.04301
0.495412
0.000987665
0.0831711
0.0831711
0.5

0.5
0.469869
0.498753
0.491418
0.386111
0.395339
0.302676
0.249745
0.318001
0.267909
0.262889
0.283825
0.28159
0.537557
0.458578
0.566813
1.14553
0.537734
-0.00568606
0.0702215
0.0702215
0.5

0.5
0.476956
0.500875
0.495309
0.377514
0.390414
0.30299
0.246854
0.311272
0.268508
0.256226
0.264039
0.222384
0.533458
0.31438
0.484216
1.38762
0.587119
-0.00564757
0.0575793
0.0575793
0.5

0.5
0.484576
0.503824
0.500329
0.421244
0.346742
0.291186
0.248402
0.299489
0.265604
0.248444
0.244441
0.185829
0.469817
0.0372524
0.342406
1.91952
0.69995
0.0039786
0.0516359
0.0516359
0.5

0.5
0.492743
0.506405
0.506488
0.458139
0.31318
0.27557
0.251039
0.284341
0.259313
0.239174
0.225088
0.175704
0.325722
-0.178351
0.116678
2.76208
0.914533
0.018778
0.0526572
0.0526572
0.5

0.5
0.497437
0.504534
0.509048
0.483908
0.281362
0.255966
0.249994
0.264114
0.247501
0.226322
0.204207
0.162551
0.158906
-0.0209683
-0.624113
3.6182
1.20527
0.0321253
0.0558475
0.0558475
0.5

0.5
0.485152
0.48692
0.494475
0.483251
0.241691
0.227475
0.235171
0.236338
0.226429
0.206392
0.181078
0.143474
0.0973579
0.0423366
-0.833775
4.08052
1.38941
0.00674501
0.0533688
0.0533688
0.5

0.5
0.485152
0.48692
0.494475
0.483251
0.241691
0.227475
0.235171
0.236338
0.226429
0.206392
0.181078
0.143474
0.0973579
0.0423366
-0.833775
4.08052
1.38941
0.00674501
0.0533688
0.0533688
0.5


0.5
-0.382951
-0.585151
-0.525347
-0.236046
-0.1442
-0.319792
-0.355158
-0.337459
-0.272377
-0.311647
-0.36229
-0.464682
-0.549232
-0.569699
-0.524814
-0.746759
-0.492235
-0.231885
-0.215223
-0.215223
0.5

0.5
0.382951
0.585151
0.525347
0.236046
0.1442
0.319792
0.355158
0.337459
0.272377
0.311647
0.36229
0.464682
0.549232
0.569699
0.524814
0.746759
0.492235
0.231885
0.215223
0.215223
0.5

0.5
0.359379
0.547624
0.487714
0.261275
0.320061
0.31328
0.326535
0.307746
0.241492
0.280572
0.327974
0.427709
0.510435
0.529147
0.494568
0.683584
0.439446
0.194203
0.181764
0.181764
0.5

0.5
0.372005
0.541407
0.488163
0.322686
0.455078
0.33603
0.327203
0.308675
0.242158
0.28136
0.330157
0.423854
0.510417
0.530739
0.507151
0.686994
0.437105
0.189846
0.181839
0.181839
0.5

0.5
0.390091
0.529732
0.487858
0.373964
0.465303
0.340886
0.325218
0.308196
0.24418
0.28186
0.334198
0.414686
0.506382
0.529709
0.49123
0.722397
0.44059
0.181773
0.180624
0.180624
0.5

0.5
0.410856
0.516493
0.486619
0.414996
0.416812
0.338261
0.321163
0.30698
0.24843
0.282322
0.337257
0.402805
0.500177
0.5269
0.481347
0.758046
0.450846
0.171954
0.178699
0.178699
0.5

0.5
0.429987
0.50581
0.485009
0.434787
0.388187
0.333286
0.31479
0.305565
0.254115
0.28227
0.334867
0.390456
0.493634
0.522173
0.49042
0.783838
0.463935
0.160963
0.176085
0.176085
0.5

0.5
0.445333
0.499405
0.483681
0.44127
0.374191
0.326531
0.306243
0.304514
0.260048
0.281193
0.327409
0.376566
0.487222
0.514408
0.508196
0.811814
0.479497
0.150087
0.172849
0.172849
0.5

0.5
0.456971
0.496579
0.483376
0.442791
0.366241
0.318869
0.29535
0.304826
0.265416
0.278878
0.316801
0.357919
0.480945
0.496646
0.531071
0.847456
0.500647
0.140814
0.168876
0.168876
0.5

0.5
0.46602
0.496151
0.484309
0.438397
0.363923
0.312057
0.282873
0.306487
0.26971
0.275333
0.303675
0.332489
0.473784
0.466561
0.551119
0.894122
0.531565
0.13606
0.164109
0.164109
0.5

0.5
0.473722
0.497341
0.486361
0.423265
0.370086
0.308148
0.272595
0.306571
0.272246
0.27061
0.288585
0.299466
0.46276
0.418213
0.543885
0.9779
0.574453
0.137786
0.158901
0.158901
0.5

0.5
0.481121
0.499694
0.489479
0.408279
0.3749
0.306115
0.267263
0.302693
0.272385
0.264778
0.27225
0.26116
0.440218
0.319435
0.46116
1.18028
0.638012
0.146823
0.154068
0.154068
0.5

0.5
0.488978
0.502817
0.49372
0.42294
0.356256
0.299294
0.265465
0.295196
0.270019
0.257909
0.255438
0.227437
0.388469
0.143993
0.23263
1.61036
0.747498
0.1617
0.15187
0.15187
0.5

0.5
0.497189
0.505646
0.498607
0.446281
0.332363
0.287871
0.264653
0.284603
0.264855
0.249602
0.238242
0.203885
0.296051
-0.0307957
-0.203831
2.29877
0.931023
0.180607
0.153154
0.153154
0.5

0.5
0.501857
0.503845
0.499564
0.463525
0.306489
0.2712
0.260209
0.268812
0.254401
0.237429
0.219033
0.183497
0.187841
-0.0475266
-0.817599
3.01529
1.16417
0.198871
0.154334
0.154334
0.5

0.5
0.4898
0.485964
0.483716
0.457713
0.271831
0.244583
0.243642
0.243677
0.234147
0.217525
0.19635
0.163343
0.123071
-0.0229367
-1.12766
3.40288
1.30958
0.202838
0.146847
0.146847
0.5

0.5
0.4898
0.485964
0.483716
0.457713
0.271831
0.244583
0.243642
0.243677
0.234147
0.217525
0.19635
0.163343
0.123071
-0.0229367
-1.12766
3.40288
1.30958
0.202838
0.146847
0.146847
0.5


0.5
-0.421504
-0.554947
-0.509974
-0.494423
-0.592028
-0.385093
-0.360325
-0.339125
-0.293947
-0.322198
-0.366108
-0.442163
-0.512098
-0.532668
-0.517211
-0.676687
-0.495899
-0.297099
-0.27965
-0.27965
0.5

0.5
0.421504
0.554947
0.509974
0.494423
0.592028
0.385093
0.360325
0.339125
0.293947
0.322198
0.366108
0.442163
0.512098
0.532668
0.517211
0.676687
0.495899
0.297099
0.27965
0.27965
0.5

0.5
0.395713
0.519255
0.475534
0.43287
0.49074
0.34145
0.327253
0.30842
0.262749
0.290417
0.331894
0.405835
0.473891
0.493038
0.48019
0.623118
0.44633
0.257118
0.242653
0.242653
0.5

0.5
0.404434
0.516642
0.47723
0.405013
0.456081
0.341503
0.326442
0.308893
0.263183
0.290772
0.332444
0.40378
0.474266
0.494739
0.48848
0.624643
0.445752
0.255665
0.243238
0.243238
0.5

0.5
0.415453
0.511377
0.478084
0.398192
0.438601
0.343765
0.324696
0.30849
0.264082
0.29066
0.3331
0.397948
0.471519
0.493654
0.487945
0.638697
0.448692
0.252334
0.24328
0.24328
0.5

0.5
0.428302
0.505019
0.478345
0.409637
0.418392
0.342637
0.321638
0.30759
0.266082
0.290414
0.333145
0.389625
0.466678
0.490493
0.482812
0.661517
0.457003
0.248548
0.243344
0.243344
0.5

0.5
0.441201
0.499364
0.478315
0.424029
0.39737
0.338471
0.317023
0.306365
0.268918
0.289743
0.330648
0.379675
0.460442
0.484992
0.483572
0.683574
0.46995
0.245211
0.243453
0.243453
0.5

0.5
0.452752
0.49568
0.478388
0.433234
0.382391
0.332768
0.310931
0.305097
0.272028
0.28834
0.324936
0.367938
0.453068
0.476049
0.490768
0.705273
0.487353
0.243288
0.243612
0.243612
0.5

0.5
0.462524
0.494179
0.478921
0.437224
0.373114
0.326479
0.303537
0.30413
0.274864
0.286019
0.316631
0.353077
0.444212
0.460471
0.501536
0.731091
0.510829
0.243944
0.243753
0.243753
0.5

0.5
0.470842
0.494473
0.480103
0.436957
0.368078
0.320526
0.295376
0.303477
0.276996
0.282729
0.306241
0.333896
0.432742
0.434437
0.510766
0.768291
0.542651
0.248287
0.243827
0.243827
0.5

0.5
0.478367
0.496106
0.481967
0.431823
0.367211
0.315838
0.28788
0.302223
0.278015
0.278488
0.294157
0.310014
0.416139
0.392138
0.503347
0.836393
0.585165
0.25699
0.243966
0.243966
0.5

0.5
0.485823
0.498743
0.484596
0.424995
0.367648
0.312217
0.282522
0.299179
0.277538
0.273345
0.280837
0.282527
0.389585
0.318643
0.440917
0.984263
0.644289
0.270265
0.244564
0.244564
0.5

0.5
0.493797
0.502052
0.488105
0.4284
0.3599
0.307117
0.27927
0.293955
0.275353
0.267319
0.266745
0.25484
0.345433
0.199676
0.249057
1.29237
0.735626
0.287613
0.246406
0.246406
0.5

0.5
0.50209
0.505022
0.491842
0.440227
0.345268
0.298763
0.276579
0.286242
0.270913
0.259905
0.251812
0.229952
0.279219
0.0648715
-0.14563
1.79795
0.878043
0.308037
0.249572
0.249572
0.5

0.5
0.506789
0.503295
0.491393
0.449506
0.325316
0.284785
0.270175
0.273405
0.261406
0.248463
0.234256
0.206768
0.203141
-0.00699419
-0.66606
2.34598
1.05266
0.325462
0.250266
0.250266
0.5

0.5
0.494748
0.485352
0.474501
0.439396
0.294683
0.259935
0.252255
0.250432
0.241736
0.228611
0.211866
0.184431
0.148685
-0.0209204
-0.967448
2.63064
1.16035
0.322618
0.238834
0.238834
0.5

0.5
0.494748
0.485352
0.474501
0.439396
0.294683
0.259935
0.252255
0.250432
0.241736
0.228611
0.211866
0.184431
0.148685
-0.0209204
-0.967448
2.63064
1.16035
0.322618
0.238834
0.238834
0.5


0.5
-0.448841
-0.53529
-0.50505
-0.435344
-0.44057
-0.376257
-0.35948
-0.341225
-0.311209
-0.331635
-0.367776
-0.423628
-0.479527
-0.500049
-0.501925
-0.610846
-0.49662
-0.359887
-0.344132
-0.344132
0.5

0.5
0.448841
0.53529
0.50505
0.435344
0.44057
0.376257
0.35948
0.341225
0.311209
0.331635
0.367776
0.423628
0.479527
0.500049
0.501925
0.610846
0.49662
0.359887
0.344132
0.344132
0.5

0.5
0.421842
0.500622
0.469835
0.408651
0.418373
0.34474
0.327854
0.310266
0.279572
0.299293
0.333539
0.387826
0.441999
0.461085
0.462666
0.563153
0.449414
0.317406
0.303697
0.303697
0.5

0.5
0.428413
0.50011
0.470263
0.412074
0.421682
0.345637
0.327194
0.310499
0.279752
0.299389
0.333529
0.386817
0.442572
0.462691
0.467768
0.56407
0.449893
0.317833
0.30473
0.30473
0.5

0.5
0.435831
0.498118
0.470789
0.412051
0.417987
0.346298
0.325589
0.309969
0.279896
0.29888
0.33288
0.383016
0.440643
0.461859
0.469687
0.569639
0.452735
0.317884
0.305921
0.305921
0.5

0.5
0.444297
0.495575
0.471487
0.415478
0.408782
0.345414
0.323198
0.309089
0.280556
0.298178
0.33166
0.377212
0.436912
0.459106
0.468469
0.580917
0.459557
0.318645
0.307787
0.307787
0.5

0.5
0.453154
0.493259
0.472232
0.422209
0.397003
0.342452
0.319787
0.307887
0.281625
0.297107
0.329019
0.369698
0.431543
0.45408
0.467589
0.5945
0.470702
0.320744
0.310267
0.310267
0.5

0.5
0.461713
0.491884
0.473104
0.428657
0.386185
0.338042
0.315365
0.306481
0.282845
0.295483
0.324406
0.360458
0.42455
0.445908
0.46926
0.609107
0.486351
0.324806
0.313295
0.313295
0.5

0.5
0.469626
0.491771
0.47424
0.432779
0.378027
0.332984
0.310098
0.305008
0.283904
0.293174
0.317887
0.348939
0.415531
0.432656
0.472658
0.627307
0.507231
0.33139
0.316771
0.316771
0.5

0.5
0.476951
0.492877
0.475736
0.434209
0.372604
0.327949
0.304341
0.303481
0.284513
0.29012
0.309717
0.334498
0.403504
0.411256
0.474387
0.655322
0.534645
0.340869
0.320597
0.320597
0.5

0.5
0.48403
0.495013
0.477656
0.433036
0.369582
0.323449
0.298745
0.30159
0.284412
0.286318
0.300148
0.316865
0.386643
0.377104
0.465101
0.706387
0.570712
0.353445
0.32476
0.32476
0.5

0.5
0.49134
0.497979
0.480082
0.43072
0.367631
0.319478
0.294037
0.298822
0.283369
0.281797
0.289466
0.296471
0.362006
0.321958
0.420511
0.80981
0.620012
0.369198
0.329386
0.329386
0.5

0.5
0.499305
0.501505
0.483067
0.431562
0.363195
0.315053
0.290389
0.2948
0.281184
0.27654
0.277934
0.274613
0.32584
0.237927
0.289579
1.016
0.691465
0.38793
0.334681
0.334681
0.5

0.5
0.507636
0.504619
0.48591
0.436745
0.354363
0.308584
0.286791
0.288868
0.277185
0.269965
0.265296
0.252569
0.276409
0.13635
0.0134474
1.35853
0.794727
0.408478
0.340091
0.340091
0.5

0.5
0.512359
0.502946
0.484307
0.439782
0.339356
0.29674
0.279313
0.277998
0.26832
0.259226
0.249454
0.229943
0.220194
0.0577603
-0.367137
1.75041
0.916282
0.424504
0.341181
0.341181
0.5

0.5
0.500294
0.484992
0.466564
0.426021
0.312217
0.273462
0.260547
0.25657
0.249024
0.239442
0.227369
0.20626
0.175264
0.0236312
-0.614301
1.96027
0.988935
0.419535
0.326951
0.326951
0.5

0.5
0.500294
0.484992
0.466564
0.426021
0.312217
0.273462
0.260547
0.25657
0.249024
0.239442
0.227369
0.20626
0.175264
0.0236312
-0.614301
1.96027
0.988935
0.419535
0.326951
0.326951
0.5


0.5
-0.469591
-0.521863
-0.49782
-0.451759
-0.439119
-0.382173
-0.360385
-0.343427
-0.324713
-0.339318
-0.36771
-0.407215
-0.450443
-0.471067
-0.483345
-0.553254
-0.49765
-0.41827
-0.405372
-0.405372
0.5

0.5
0.469591
0.521863
0.49782
0.451759
0.439119
0.382173
0.360385
0.343427
0.324713
0.339318
0.36771
0.407215
0.450443
0.471067
0.483345
0.553254
0.49765
0.41827
0.405372
0.405372
0.5

0.5
0.441829
0.487682
0.463402
0.417821
0.406282
0.34961
0.328691
0.312183
0.29265
0.306525
0.333402
0.371902
0.413552
0.432625
0.443501
0.50945
0.451865
0.373302
0.361757
0.361757
0.5

0.5
0.447217
0.488337
0.464108
0.418661
0.405532
0.349277
0.328184
0.312272
0.29263
0.306478
0.33326
0.371583
0.414266
0.434096
0.446637
0.509709
0.452977
0.37488
0.363099
0.363099
0.5

0.5
0.452625
0.488178
0.464657
0.418806
0.403187
0.348643
0.326765
0.311611
0.292244
0.305725
0.332199
0.36916
0.412941
0.433538
0.448101
0.510957
0.455586
0.377152
0.36516
0.36516
0.5

0.5
0.458553
0.487853
0.465499
0.42005
0.398822
0.347482
0.324825
0.310659
0.292028
0.304737
0.330586
0.365233
0.410149
0.431413
0.447977
0.514763
0.461056
0.380934
0.368422
0.368422
0.5

0.5
0.464836
0.487685
0.466558
0.422949
0.392696
0.345219
0.322226
0.309411
0.291944
0.303418
0.328052
0.359863
0.405844
0.427366
0.447082
0.520529
0.469856
0.386485
0.37273
0.37273
0.5

0.5
0.471229
0.488028
0.467814
0.42647
0.386145
0.341923
0.318943
0.307914
0.291884
0.301665
0.324276
0.35302
0.399911
0.420752
0.446603
0.527846
0.482291
0.394064
0.37794
0.37794
0.5

0.5
0.477576
0.48911
0.469283
0.429363
0.380356
0.338004
0.315069
0.306229
0.291695
0.299396
0.319181
0.344462
0.391994
0.410319
0.44651
0.538192
0.4988
0.403838
0.383897
0.383897
0.5

0.5
0.483907
0.490995
0.470999
0.430994
0.375849
0.333906
0.310816
0.304373
0.291211
0.296564
0.312844
0.333851
0.381371
0.393966
0.444893
0.555632
0.520232
0.415865
0.390437
0.390437
0.5

0.5
0.49043
0.493635
0.472994
0.431295
0.372611
0.329961
0.306511
0.302247
0.290281
0.293159
0.305404
0.320995
0.366835
0.368451
0.43616
0.588404
0.548173
0.430169
0.397458
0.397458
0.5

0.5
0.497466
0.496928
0.475312
0.430892
0.370071
0.326237
0.302517
0.299646
0.28877
0.289196
0.297027
0.306021
0.346633
0.32884
0.406151
0.653448
0.58554
0.446728
0.404916
0.404916
0.5

0.5
0.505328
0.500674
0.477939
0.431351
0.366834
0.322336
0.298947
0.296317
0.286511
0.284633
0.287841
0.289409
0.318777
0.27035
0.324629
0.780386
0.637169
0.465358
0.412733
0.412733
0.5

0.5
0.513642
0.503927
0.480122
0.433271
0.361162
0.31706
0.295006
0.2915
0.28277
0.278825
0.277423
0.271486
0.282362
0.196701
0.152436
0.994975
0.707283
0.484723
0.419952
0.419952
0.5

0.5
0.518365
0.502301
0.477617
0.432113
0.349703
0.306781
0.286996
0.281943
0.274332
0.268748
0.263319
0.25122
0.240299
0.128059
-0.0970357
1.25566
0.785805
0.49836
0.421515
0.421515
0.5

0.5
0.506274
0.484364
0.459214
0.415551
0.325432
0.284804
0.267778
0.261597
0.255277
0.249071
0.24164
0.22726
0.202513
0.0869499
-0.277413
1.40623
0.828673
0.490371
0.405215
0.405215
0.5

0.5
0.506274
0.484364
0.459214
0.415551
0.325432
0.284804
0.267778
0.261597
0.255277
0.249071
0.24164
0.22726
0.202513
0.0869499
-0.277413
1.40623
0.828673
0.490371
0.405215
0.405215
0.5


0.5
-0.484831
-0.51118
-0.491026
-0.453245
-0.423833
-0.382767
-0.359834
-0.344084
-0.333389
-0.34335
-0.364704
-0.391786
-0.425125
-0.447329
-0.467574
-0.511018
-0.50186
-0.466669
-0.455325
-0.455325
0.5

0.5
0.484831
0.51118
0.491026
0.453245
0.423833
0.382767
0.359834
0.344084
0.333389
0.34335
0.364704
0.391786
0.425125
0.447329
0.467574
0.511018
0.50186
0.466669
0.455325
0.455325
0.5

0.5
0.456427
0.477149
0.456696
0.419166
0.39221
0.350401
0.328016
0.312501
0.300867
0.310135
0.330252
0.356754
0.388527
0.408928
0.427175
0.469092
0.456211
0.419304
0.409002
0.409002
0.5

0.5
0.461173
0.478508
0.457611
0.420052
0.392504
0.350204
0.32775
0.312514
0.300725
0.310022
0.330137
0.35688
0.389266
0.410162
0.429052
0.469229
0.457894
0.421403
0.410423
0.410423
0.5

0.5
0.465428
0.47946
0.458299
0.420454
0.391559
0.349254
0.326569
0.311747
0.299975
0.309119
0.329003
0.355367
0.388268
0.409633
0.42955
0.468463
0.46044
0.424729
0.412849
0.412849
0.5

0.5
0.469853
0.480508
0.459261
0.421121
0.389665
0.347948
0.324972
0.310699
0.299169
0.307944
0.327347
0.35274
0.386055
0.407821
0.429151
0.468268
0.46503
0.429943
0.416789
0.416789
0.5

0.5
0.47452
0.481745
0.460462
0.422361
0.386819
0.346073
0.322918
0.309371
0.29831
0.306456
0.325019
0.34896
0.382511
0.404433
0.427977
0.468925
0.472006
0.437005
0.42202
0.42202
0.5

0.5
0.479431
0.483309
0.461869
0.423996
0.383398
0.343579
0.320395
0.307788
0.29737
0.304611
0.321869
0.343978
0.377487
0.399027
0.426437
0.470614
0.481642
0.44589
0.428341
0.428341
0.5

0.5
0.484593
0.485323
0.463469
0.425563
0.379928
0.340605
0.31745
0.305989
0.296297
0.302365
0.317815
0.337679
0.370725
0.390856
0.424596
0.474111
0.494253
0.45654
0.435544
0.435544
0.5

0.5
0.490085
0.487858
0.465262
0.426701
0.376798
0.33738
0.314194
0.303998
0.29502
0.299691
0.312858
0.329901
0.36178
0.378661
0.42158
0.481376
0.510382
0.46889
0.443437
0.443437
0.5

0.5
0.49607
0.490927
0.467252
0.427293
0.374145
0.334095
0.310789
0.3018
0.293468
0.296583
0.307056
0.320535
0.349966
0.360495
0.414626
0.49643
0.53102
0.482918
0.451872
0.451872
0.5

0.5
0.502797
0.494497
0.469454
0.427545
0.371834
0.330839
0.307411
0.299332
0.291575
0.293053
0.300501
0.309609
0.334361
0.333582
0.396789
0.527477
0.557794
0.498575
0.460719
0.460719
0.5

0.5
0.510505
0.49842
0.471808
0.427953
0.369352
0.327454
0.304101
0.296437
0.289202
0.289037
0.293228
0.297262
0.313963
0.295102
0.352834
0.58951
0.593004
0.515662
0.469753
0.469753
0.5

0.5
0.518757
0.501772
0.473504
0.428348
0.36546
0.323003
0.300122
0.292336
0.285591
0.283847
0.284696
0.28331
0.288107
0.245566
0.260084
0.699206
0.637719
0.532734
0.477775
0.477775
0.5

0.5
0.523433
0.500145
0.470304
0.424685
0.356339
0.313815
0.291899
0.283645
0.277413
0.27432
0.272144
0.265928
0.257144
0.193287
0.116626
0.842882
0.68359
0.543309
0.479293
0.479293
0.5

0.5
0.51129
0.482197
0.451383
0.406223
0.334195
0.292821
0.27248
0.264052
0.258526
0.254801
0.250975
0.242476
0.225009
0.153156
-0.00291721
0.932447
0.701512
0.532391
0.461496
0.461496
0.5

0.5
0.51129
0.482197
0.451383
0.406223
0.334195
0.292821
0.27248
0.264052
0.258526
0.254801
0.250975
0.242476
0.225009
0.153156
-0.00291721
0.932447
0.701512
0.532391
0.461496
0.461496
0.5


0.5
-0.492089
-0.502276
-0.48451
-0.45145
-0.415162
-0.381131
-0.357397
-0.342291
-0.33544
-0.342099
-0.358735
-0.379719
-0.408589
-0.434273
-0.460799
-0.492835
-0.508619
-0.493973
-0.480723
-0.480723
0.5

0.5
0.492089
0.502276
0.48451
0.45145
0.415162
0.381131
0.357397
0.342291
0.33544
0.342099
0.358735
0.379719
0.408589
0.434273
0.460799
0.492835
0.508619
0.493973
0.480723
0.480723
0.5

0.5
0.462637
0.467486
0.449364
0.416367
0.38262
0.348007
0.324814
0.309864
0.302088
0.308093
0.323604
0.34408
0.371156
0.394683
0.418835
0.450102
0.46129
0.444172
0.432171
0.432171
0.5

0.5
0.467159
0.469297
0.450499
0.417201
0.383153
0.347997
0.324759
0.309885
0.301955
0.308003
0.323577
0.344419
0.371819
0.395685
0.420149
0.450794
0.463447
0.446297
0.433495
0.433495
0.5

0.5
0.470934
0.470907
0.451368
0.417645
0.382772
0.347061
0.323764
0.309054
0.301039
0.307031
0.322457
0.343293
0.370782
0.394895
0.419939
0.449912
0.466142
0.449648
0.435762
0.435762
0.5

0.5
0.474702
0.472776
0.452484
0.41822
0.381957
0.345771
0.322383
0.307924
0.299931
0.305748
0.320806
0.341225
0.368581
0.392848
0.418955
0.448776
0.470462
0.454902
0.439586
0.439586
0.5

0.5
0.478625
0.474881
0.453816
0.418949
0.3807
0.344124
0.320624
0.306509
0.298651
0.304144
0.318566
0.338126
0.365063
0.389283
0.417202
0.447809
0.476619
0.461885
0.444742
0.444742
0.5

0.5
0.482815
0.477239
0.455328
0.419788
0.379051
0.342112
0.318506
0.304839
0.297216
0.302205
0.315669
0.333921
0.360062
0.383855
0.414737
0.447329
0.484819
0.470442
0.451012
0.451012
0.5

0.5
0.487369
0.479899
0.457006
0.42061
0.377148
0.339773
0.316066
0.30295
0.295624
0.299917
0.312068
0.328543
0.353376
0.37606
0.411416
0.447644
0.495332
0.480463
0.458191
0.458191
0.5

0.5
0.492402
0.48291
0.458838
0.421297
0.37517
0.337198
0.313371
0.300874
0.29386
0.297267
0.307743
0.321928
0.344722
0.365102
0.406632
0.4493
0.508559
0.491891
0.4661
0.4661
0.5

0.5
0.49808
0.486304
0.460824
0.421816
0.373231
0.334475
0.310508
0.298637
0.291908
0.294263
0.302722
0.31405
0.333743
0.349862
0.398918
0.4533
0.525158
0.504746
0.474601
0.474601
0.5

0.5
0.504626
0.490091
0.462974
0.422273
0.371364
0.331673
0.307572
0.29624
0.289744
0.290917
0.297063
0.304947
0.320042
0.328938
0.385318
0.461581
0.546028
0.51902
0.483548
0.483548
0.5

0.5
0.512245
0.494157
0.465207
0.422796
0.369415
0.328714
0.304549
0.293581
0.287257
0.287164
0.290765
0.294677
0.303264
0.301107
0.360299
0.477463
0.572103
0.534521
0.492668
0.492668
0.5

0.5
0.520448
0.497582
0.466669
0.422776
0.366468
0.324785
0.3007
0.289878
0.283676
0.282289
0.283233
0.282868
0.283085
0.266603
0.31614
0.504492
0.602644
0.5497
0.500631
0.500631
0.5

0.5
0.524975
0.495846
0.463007
0.418048
0.35856
0.316176
0.292431
0.281627
0.275562
0.273018
0.271531
0.267267
0.258718
0.228341
0.251166
0.537567
0.629392
0.557898
0.501661
0.501661
0.5

0.5
0.512466
0.477552
0.443468
0.398402
0.337432
0.29558
0.27281
0.262321
0.256622
0.253503
0.250658
0.24435
0.230423
0.192961
0.189646
0.547524
0.630359
0.544772
0.482829
0.482829
0.5

0.5
0.512466
0.477552
0.443468
0.398402
0.337432
0.29558
0.27281
0.262321
0.256622
0.253503
0.250658
0.24435
0.230423
0.192961
0.189646
0.547524
0.630359
0.544772
0.482829
0.482829
0.5


0.5
0.5
0.5
0.5
0.5
0.5
0.5
0.5
0.5
0.5
0.5
0.5
0.5
0.5
0.5
0.5
0.5
0.5
0.5
0.5
0.5
0.5

0.5
0.492089
0.502276
0.48451
0.45145
0.415162
0.381131
0.357397
0.342291
0.33544
0.342099
0.358735
0.379719
0.408589
0.434273
0.460799
0.492835
0.508619
0.493973
0.480723
0.480723
0.5

0.5
0.462637
0.467486
0.449364
0.416367
0.38262
0.348007
0.324814
0.309864
0.302088
0.308093
0.323604
0.34408
0.371156
0.394683
0.418835
0.450102
0.46129
0.444172
0.432171
0.432171
0.5

0.5
0.467159
0.469297
0.450499
0.417201
0.383153
0.347997
0.324759
0.309885
0.301955
0.308003
0.323577
0.344419
0.371819
0.395685
0.420149
0.450794
0.463447
0.446297
0.433495
0.433495
0.5

0.5
0.470934
0.470907
0.451368
0.417645
0.382772
0.347061
0.323764
0.309054
0.301039
0.307031
0.322457
0.343293
0.370782
0.394895
0.419939
0.449912
0.466142
0.449648
0.435762
0.435762
0.5

0.5
0.474702
0.472776
0.452484
0.41822
0.381957
0.345771
0.322383
0.307924
0.299931
0.305748
0.320806
0.341225
0.368581
0.392848
0.418955
0.448776
0.470462
0.454902
0.439586
0.439586
0.5

0.5
0.478625
0.474881
0.453816
0.418949
0.3807
0.344124
0.320624
0.306509
0.298651
0.304144
0.318566
0.338126
0.365063
0.389283
0.417202
0.447809
0.476619
0.461885
0.444742
0.444742
0.5

0.5
0.482815
0.477239
0.455328
0.419788
0.379051
0.342112
0.318506
0.304839
0.297216
0.302205
0.315669
0.333921
0.360062
0.383855
0.414737
0.447329
0.484819
0.470442
0.451012
0.451012
0.5

0.5
0.487369
0.479899
0.457006
0.42061
0.377148
0.339773
0.316066
0.30295
0.295624
0.299917
0.312068
0.328543
0.353376
0.37606
0.411416
0.447644
0.495332
0.480463
0.458191
0.458191
0.5

0.5
0.492402
0.48291
0.458838
0.421297
0.37517
0.337198
0.313371
0.300874
0.29386
0.297267
0.307743
0.321928
0.344722
0.365102
0.406632
0.4493
0.508559
0.491891
0.4661
0.4661
0.5

0.5
0.49808
0.486304
0.460824
0.421816
0.373231
0.334475
0.310508
0.298637
0.291908
0.294263
0.302722
0.31405
0.333743
0.349862
0.398918
0.4533
0.525158
0.504746
0.474601
0.474601
0.5

0.5
0.504626
0.490091
0.462974
0.422273
0.371364
0.331673
0.307572
0.29624
0.289744
0.290917
0.297063
0.304947
0.320042
0.328938
0.385318
0.461581
0.546028
0.51902
0.483548
0.483548
0.5

0.5
0.512245
0.494157
0.465207
0.422796
0.369415
0.328714
0.304549
0.293581
0.287257
0.287164
0.290765
0.294677
0.303264
0.301107
0.360299
0.477463
0.572103
0.534521
0.492668
0.492668
0.5

0.5
0.520448
0.497582
0.466669
0.422776
0.366468
0.324785
0.3007
0.289878
0.283676
0.282289
0.283233
0.282868
0.283085
0.266603
0.31614
0.504492
0.602644
0.5497
0.500631
0.500631
0.5

0.5
0.524975
0.495846
0.463007
0.418048
0.35856
0.316176
0.292431
0.281627
0.275562
0.273018
0.271531
0.267267
0.258718
0.228341
0.251166
0.537567
0.629392
0.557898
0.501661
0.501661
0.5

0.5
0.512466
0.477552
0.443468
0.398402
0.337432
0.29558
0.27281
0.262321
0.256622
0.253503
0.250658
0.24435
0.230423
0.192961
0.189646
0.547524
0.630359
0.544772
0.482829
0.482829
0.5

0.5
0.512232
0.480456
0.449225
0.407513
0.350826
0.312083
0.291401
0.282402
0.278193
0.276735
0.275907
0.272174
0.2613
0.228459
0.227031
0.573335
0.650898
0.566567
0.505904
0.505904
0.5


