0
0
0
0
0
0
0
0
0
0
0
0
0
0
0
0
0
0
0
0
0
0

0
0
0
0
0
0
0
0
0
0
0
0
0
0
0
0
0
0
0
0
0
0

0
0
0
0
0
0
0
0
0
0
0
0
0
0
0
0
0
0
0
0
0
0

0
0
0
0
0
0
0
0
0
0
0
0
0
0
0
0
0
0
0
0
0
0

0
0
0
0
0
0
0
0
0
0
0
0
0
0
0
0
0
0
0
0
0
0

0
0
0
0
0
0
0
0
0
0
0
0
0
0
0
0
0
0
0
0
0
0

0
0
0
0
0
0
0
0
0
0
0
0
0
0
0
0
0
0
0
0
0
0

0
0
0
0
0
0
0
0
0
0
0
0
0
0
0
0
0
0
0
0
0
0

0
0
0
0
0
0
0
0
0
0
0
0
0
0
0
0
0
0
0
0
0
0

0
0
0
0
0
0
0
0
0
0
0
0
0
0
0
0
0
0
0
0
0
0

0
0
0
0
0
0
0
0
0
0
0
0
0
0
0
0
0
0
0
0
0
0

0
0
0
0
0
0
0
0
0
0
0
0
0
0
0
0
0
0
0
0
0
0

0
0
0
0
0
0
0
0
0
0
0
0
0
0
0
0
0
0
0
0
0
0

0
0
0
0
0
0
0
0
0
0
0
0
0
0
0
0
0
0
0
0
0
0

0
0
0
0
0
0
0
0
0
0
0
0
0
0
0
0
0
0
0
0
0
0

0
0
0
0
0
0
0
0
0
0
0
0
0
0
0
0
0
0
0
0
0
0

0
0
0
0
0
0
0
0
0
0
0
0
0
0
0
0
0
0
0
0
0
0


0
0
0
0
0
0
0
0
0
0
0
0
0
0
0
0
0
0
0
0
0
0

0
-0.680648
0.207238
0.193494
-0.0768745
-0.839253
-0.604546
-0.719042
-0.474463
-0.271231
-0.141164
-0.058613
0.116576
-0.161608
0.12375
0.358141
-0.539267
-0.126428
-0.104133
-0.0640996
0.174903
0

0
0.526437
0.204229
0.185971
0.0108925
-0.296779
-0.632645
-0.62624
-0.400609
-0.20061
-0.0858499
0.0192315
0.0450158
0.0361305
0.0816272
0.0872982
0.0107523
-0.237071
-0.0235595
0.0534583
0.0895958
0

0
0.445013
0.193992
0.0445807
-0.323832
0.459537
-0.416948
-0.525637
-0.453948
-0.288738
-0.115097
-0.0449451
-0.0639661
-0.0303579
-0.00418866
-0.00184384
-0.0396162
-0.0537749
-0.0416837
-0.0197616
-0.0605385
0

0
0.386909
0.158107
0.187647
0.168248
0.0389075
-0.177777
-0.40006
-0.430526
-0.330794
0.101701
0.637959
-1.10641
-0.139645
-0.0462273
-0.0478809
-0.0512901
-0.0594074
-0.0530737
-0.029779
-0.0995858
0

0
0.338826
0.0397143
-0.00969526
0.213559
-0.461655
0.692548
-0.211669
-0.350603
-0.350675
-0.251023
-0.207298
-0.18625
-0.15629
-0.109995
-0.082581
-0.0788651
-0.109162
-0.0429971
-0.0372307
-0.110252
0

0
0.318167
0.110024
0.163292
0.167481
0.180869
0.084625
-0.0788976
-0.333625
-0.688576
-0.150716
0.245365
0.117786
-0.587941
-0.161832
-0.0514071
0.0833492
-0.361388
-0.0588762
-0.0544827
-0.112229
0

0
0.292192
0.0825831
0.135469
0.151977
0.713435
0.114462
0.0146556
-0.0969647
-0.175542
-0.200358
-0.210161
-0.207571
-0.216095
-0.189654
-0.267151
-0.522697
0.25685
-0.0772667
-0.0543305
-0.112043
0

0
0.266038
0.0549471
0.0964668
0.09829
-0.469788
0.0780344
0.0577196
0.00337931
-0.0596336
-0.112402
-0.150704
-0.177018
-0.190061
-0.187288
-0.178849
-0.162654
-0.240041
-0.37645
0.271654
-0.121836
0

0
0.227012
0.0239577
0.0659315
0.0607997
0.0539215
0.0644535
0.0575969
0.0344913
0.000590764
-0.0391073
-0.0790847
-0.115327
-0.144897
-0.159845
-0.162777
-0.154863
-0.143849
-0.124898
-0.0841496
-0.143191
0

0
0.816628
-0.373428
0.033777
0.038205
0.0393559
0.0430943
0.0412992
0.0340088
0.0206399
-0.00157892
-0.0282414
-0.057171
-0.0851307
-0.110905
-0.126048
-0.122385
-0.120029
-0.11554
-0.0928634
-0.174687
0

0
0.189736
-0.014614
0.0233718
0.0212463
0.0216675
0.0228496
0.0086751
-0.00937995
0.0613544
0.00769501
-0.00736748
-0.0248168
-0.048288
-0.077029
-0.0980751
-0.0672749
-0.0749503
-0.096011
-0.0816456
-0.144575
0

0
0.189084
-0.0246018
0.0108071
0.00583616
0.0044491
0.00423775
0.00349363
0.00296505
0.0029536
-0.00195208
-0.00780182
-0.01577
-0.0402288
-0.0817802
-0.489332
0.396798
-0.0514257
-0.0744684
-0.0739923
-0.153866
0

0
0.180852
-0.0365814
-0.000958709
-0.00742261
-0.0102852
-0.011908
-0.0127327
-0.014262
-0.0148761
-0.0164096
-0.0161841
0.0650031
0.183728
-0.338058
-0.0834213
-0.0374062
-0.0474146
-0.0559275
-0.0483109
-0.0985888
0

0
0.17925
-0.0463979
-0.00520031
-0.0218973
-0.0188457
-0.0254038
-0.0276931
-0.0296477
-0.031474
-0.03346
-0.0335254
-0.03212
-0.0369307
-0.0590157
-0.0567407
-0.0501292
-0.0503209
-0.0339796
0.00430231
-0.150627
0

0
0.0130988
-0.0544518
-0.00234714
0.000556592
-0.00320816
-0.00793618
-0.0148697
-0.0232304
-0.0331532
-0.0461933
-0.0518257
-0.0613563
-0.0616389
-0.0370585
-0.0482486
-0.0728647
-0.0792034
-0.0812574
-0.0768141
-0.0685295
0

0
0
0
0
0
0
0
0
0
0
0
0
0
0
0
0
0
0
0
0
0
0


0
0
0
0
0
0
0
0
0
0
0
0
0
0
0
0
0
0
0
0
0
0

0
-1.19923
-0.201775
-0.150636
-0.273063
-0.224772
-0.296258
-0.287679
-0.254835
-0.22971
-0.211182
-0.195575
-0.180462
-0.172717
-0.165014
-0.181484
-0.162674
-0.1503
-0.142726
-0.12058
0.128465
0

0
0.0387392
-0.18149
-0.153206
-0.20214
-0.19491
-0.183692
-0.180734
-0.150845
-0.122931
-0.105455
-0.092389
-0.0835959
-0.0797628
-0.0738227
-0.0798605
-0.0846869
-0.0671961
-0.0536862
-0.00397461
0.0691162
0

0
0.00134703
-0.14228
-0.0996932
-0.0917793
-0.174202
-0.160837
-0.154882
-0.142552
-0.12076
-0.108815
-0.100954
-0.0946676
-0.0909821
-0.0886092
-0.0877211
-0.0880885
-0.0855969
-0.0818476
-0.0765933
-0.0873911
0

0
-0.0178949
-0.142175
-0.0945454
-0.0937752
-0.130753
-0.141605
-0.140113
-0.139898
-0.132495
-0.118439
-0.123495
-0.10696
-0.101904
-0.100041
-0.0989835
-0.0984231
-0.0981988
-0.0981528
-0.100637
-0.133621
0

0
-0.0265055
-0.142527
-0.0928762
-0.0926286
-0.10513
-0.126968
-0.126428
-0.125426
-0.127094
-0.123749
-0.117966
-0.11459
-0.108152
-0.104045
-0.102047
-0.101607
-0.100664
-0.0998161
-0.103487
-0.141123
0

0
-0.029328
-0.143848
-0.0968921
-0.0992574
-0.108431
-0.124521
-0.130165
-0.120355
-0.111384
-0.109203
-0.110568
-0.116905
-0.113013
-0.108732
-0.105706
-0.104111
-0.101965
-0.100783
-0.104411
-0.139881
0

0
-0.0313435
-0.144059
-0.0968572
-0.100082
-0.103239
-0.115739
-0.127542
-0.131021
-0.12368
-0.112157
-0.103984
-0.101759
-0.104367
-0.103775
-0.102178
-0.100175
-0.0988499
-0.097563
-0.102214
-0.136756
0

0
-0.0341653
-0.143757
-0.0961392
-0.0945761
-0.0927094
-0.0946142
-0.104921
-0.114481
-0.116789
-0.111857
-0.10358
-0.0969412
-0.0952295
-0.0962154
-0.097624
-0.0994856
-0.097381
-0.096772
-0.0998932
-0.137572
0

0
-0.0413102
-0.143489
-0.0957038
-0.095118
-0.09549
-0.0965856
-0.1009
-0.109017
-0.116847
-0.120899
-0.117873
-0.111137
-0.105227
-0.101178
-0.0984537
-0.096989
-0.0968391
-0.0989017
-0.0991292
-0.142886
0

0
-0.059814
-0.143309
-0.0954605
-0.0951971
-0.095071
-0.0951919
-0.0960327
-0.0991105
-0.104966
-0.111045
-0.114443
-0.116463
-0.115241
-0.108687
-0.102692
-0.100307
-0.0994967
-0.0978398
-0.0953701
-0.144564
0

0
-0.0410369
-0.143648
-0.0960113
-0.0957738
-0.095434
-0.0950843
-0.0949247
-0.0952453
-0.0970872
-0.100068
-0.104988
-0.109619
-0.110098
-0.109723
-0.113578
-0.111279
-0.105188
-0.0982446
-0.097437
-0.146023
0

0
-0.0334181
-0.143912
-0.0961822
-0.0959958
-0.0958022
-0.0956155
-0.0954317
-0.0954728
-0.0956467
-0.0966298
-0.0984876
-0.100225
-0.10095
-0.106196
-0.106842
-0.107645
-0.103442
-0.102053
-0.113105
-0.149899
0

0
-0.0287479
-0.144045
-0.0963582
-0.0961657
-0.0959178
-0.0956192
-0.0954402
-0.0953657
-0.0954428
-0.0957385
-0.096287
-0.0975829
-0.102596
-0.101742
-0.103542
-0.100852
-0.102295
-0.107788
-0.117732
-0.147278
0

0
-0.0196171
-0.143384
-0.0957927
-0.0956714
-0.0955436
-0.0954008
-0.0952324
-0.0950897
-0.0950207
-0.0950182
-0.0952213
-0.0955479
-0.0953301
-0.0964307
-0.096946
-0.0986265
-0.101606
-0.103946
-0.108719
-0.139889
0

0
-0.166592
-0.131575
-0.0651291
-0.0553862
-0.0518188
-0.0516792
-0.054085
-0.0582134
-0.0632654
-0.0549691
-0.0761727
-0.0830647
-0.0849155
-0.0800845
-0.0881366
-0.105066
-0.115022
-0.113628
-0.1189
-0.112153
0

0
0
0
0
0
0
0
0
0
0
0
0
0
0
0
0
0
0
0
0
0
0


0
0
0
0
0
0
0
0
0
0
0
0
0
0
0
0
0
0
0
0
0
0

0
-1.22222
-0.20558
-0.276387
-0.577644
-0.287923
-0.339005
-0.414619
-0.426208
-0.361376
-0.303315
-0.262935
-0.232595
-0.210524
-0.194513
-0.183455
-0.1731
-0.162246
-0.152825
-0.128856
0.137892
0

0
0.029301
-0.192276
-0.20013
-0.316418
-0.132461
-0.124204
-0.0595104
-0.0405887
-0.0641792
-0.0787187
-0.0855697
-0.0891654
-0.0909766
-0.0907813
-0.089834
-0.0857063
-0.0746003
-0.0625974
-0.0175285
0.111634
0

0
-0.00134346
-0.145419
-0.104487
-0.208902
-0.279373
-0.192987
-0.175142
-0.119192
-0.104732
-0.0953582
-0.0883591
-0.0848339
-0.0837035
-0.083542
-0.0835682
-0.083159
-0.0812823
-0.0792773
-0.0689625
-0.0551841
0

0
-0.0187162
-0.143823
-0.0905931
-0.113979
-0.1205
-0.156183
-0.166453
-0.155474
-0.121589
-0.120732
-0.123001
-0.118663
-0.115074
-0.112802
-0.111022
-0.108972
-0.106671
-0.104497
-0.102615
-0.120391
0

0
-0.0264643
-0.144118
-0.0935703
-0.105114
-0.157607
-0.138504
-0.119688
-0.127839
-0.131172
-0.0994599
-0.0893928
-0.0895102
-0.0904991
-0.0915046
-0.0923739
-0.093443
-0.0944264
-0.0954126
-0.0983103
-0.128326
0

0
-0.029449
-0.144403
-0.0980519
-0.102011
-0.158461
-0.16356
-0.119724
-0.0943383
-0.0978085
-0.112797
-0.108118
-0.0939831
-0.0903611
-0.0891185
-0.0891366
-0.0894483
-0.0896709
-0.0900869
-0.0933633
-0.122857
0

0
-0.0297219
-0.144253
-0.098508
-0.0957483
-0.12597
-0.160513
-0.15445
-0.109273
-0.0821133
-0.0821516
-0.0916842
-0.102615
-0.0992062
-0.0940578
-0.0932093
-0.0925774
-0.0928086
-0.0925722
-0.097444
-0.120883
0

0
-0.0296869
-0.144036
-0.0969694
-0.0941612
-0.0955091
-0.124233
-0.144909
-0.142146
-0.11606
-0.0784735
-0.0642714
-0.071865
-0.0839817
-0.0907875
-0.0897875
-0.0883229
-0.0883489
-0.0885877
-0.0993295
-0.11677
0

0
-0.0305013
-0.143885
-0.0962614
-0.0950672
-0.0927406
-0.0980155
-0.119213
-0.140546
-0.138985
-0.122207
-0.0984416
-0.0775667
-0.0601981
-0.0642955
-0.079708
-0.0866682
-0.0865484
-0.0846248
-0.0932736
-0.124929
0

0
-0.032231
-0.143823
-0.0961416
-0.0955463
-0.0940809
-0.0932917
-0.0981452
-0.110986
-0.12504
-0.133892
-0.13154
-0.109525
-0.0912624
-0.0880587
-0.0785256
-0.0588716
-0.0595584
-0.0811662
-0.0705364
-0.157241
0

0
-0.0289874
-0.143876
-0.0962117
-0.0958543
-0.0951107
-0.0940915
-0.0937986
-0.0960287
-0.103933
-0.115445
-0.120323
-0.121399
-0.127364
-0.115988
-0.0850255
-0.0770849
-0.0949955
-0.0959172
-0.0516241
-0.146622
0

0
-0.0262002
-0.143915
-0.0963215
-0.096146
-0.0957142
-0.095
-0.0942759
-0.0941775
-0.0955162
-0.0981157
-0.103531
-0.114136
-0.118233
-0.110655
-0.111504
-0.123842
-0.119784
-0.0897865
-0.0639527
-0.128643
0

0
-0.0227864
-0.143941
-0.0963094
-0.0961245
-0.0959157
-0.0956513
-0.0951931
-0.0946819
-0.0943582
-0.0946682
-0.0968023
-0.0997358
-0.101059
-0.104522
-0.115181
-0.118451
-0.104322
-0.091039
-0.125322
-0.153363
0

0
-0.013919
-0.143259
-0.0957225
-0.0956113
-0.0954087
-0.0951216
-0.0948679
-0.0947078
-0.0945078
-0.0945573
-0.0948772
-0.0950981
-0.0959158
-0.0993577
-0.102648
-0.10141
-0.100104
-0.108724
-0.12956
-0.150932
0

0
-0.152463
-0.122742
-0.0557602
-0.0453456
-0.0404656
-0.0389804
-0.039956
-0.0427272
-0.0468483
-0.0516359
-0.0579608
-0.064654
-0.07012
-0.0725977
-0.0781889
-0.0936238
-0.11252
-0.115561
-0.10527
-0.108585
0

0
0
0
0
0
0
0
0
0
0
0
0
0
0
0
0
0
0
0
0
0
0


0
0
0
0
0
0
0
0
0
0
0
0
0
0
0
0
0
0
0
0
0
0

0
-1.2845
-0.252276
-0.709229
-2.54309
17.852
2.17924
-1.62427
-1.35721
-0.762067
-0.481184
-0.34807
-0.276081
-0.232085
-0.204988
-0.184483
-0.166741
-0.153565
-0.143386
-0.119764
0.0922802
0

0
0.00256531
-0.204364
-0.303934
-0.108173
-4.40563
6.07841
1.32564
-0.369117
-0.461372
-0.325085
-0.236197
-0.187994
-0.172375
-0.145775
-0.125135
-0.105784
-0.0871069
-0.0709326
-0.0132695
0.0594359
0

0
-0.0167612
-0.144355
-0.14948
-0.361277
-2.32999
1.37263
1.47135
0.00455465
-0.467559
-0.428844
-0.321954
-0.245232
-0.198013
-0.177856
-0.156985
-0.135579
-0.118399
-0.104632
-0.0706348
-0.0192036
0

0
-0.0274399
-0.146882
-0.111319
-0.40919
-0.229821
-0.0679579
1.6985
0.858279
0.0499419
-0.249231
-0.279419
-0.240148
-0.202243
-0.176171
-0.158577
-0.149818
-0.140936
-0.130942
-0.113398
-0.0851112
0

0
-0.0330277
-0.148889
-0.0901532
-0.348557
0.334591
-0.538679
0.512585
1.22045
0.675722
0.140486
-0.111997
-0.174424
-0.168283
-0.150013
-0.134541
-0.124001
-0.118854
-0.117971
-0.111954
-0.112569
0

0
-0.0360397
-0.147964
-0.0889762
-0.211313
0.414895
-0.421237
-0.572699
0.218008
0.764732
0.593345
0.190293
-0.0353952
-0.128538
-0.148871
-0.142573
-0.130312
-0.118892
-0.112042
-0.11051
-0.118294
0

0
-0.0339957
-0.146102
-0.0958406
-0.133451
0.0996556
0.278037
-0.335246
-0.442209
0.0248005
0.400077
0.457204
0.280469
0.053789
-0.0631035
-0.114975
-0.130286
-0.129694
-0.124628
-0.119025
-0.125669
0

0
-0.0307441
-0.144842
-0.0978616
-0.101924
-0.0694796
0.165431
0.135426
-0.233917
-0.371968
-0.165378
0.142468
0.274614
0.252655
0.171361
0.0456293
-0.0547461
-0.0986271
-0.111229
-0.122304
-0.104498
0

0
-0.0287099
-0.144344
-0.0972834
-0.0971025
-0.0909623
-0.0383809
0.0973098
0.133382
-0.0722988
-0.270637
-0.25885
-0.103552
0.0971755
0.171687
0.111727
0.0654722
0.0461923
-0.00995733
-0.122047
-0.0346924
0

0
-0.027446
-0.144149
-0.0968213
-0.0967223
-0.0948207
-0.0819843
-0.0361643
0.0351364
0.0587529
0.0140631
-0.0938571
-0.202967
-0.201866
-0.147218
-0.0495172
0.104531
0.11249
0.0142493
-0.114114
-0.0888955
0

0
-0.0257497
-0.144056
-0.0965924
-0.0965259
-0.0958468
-0.0926034
-0.0819306
-0.0576827
-0.0113501
0.029378
0.00258956
-0.0447226
-0.0583579
-0.113252
-0.144369
-0.126926
-0.121858
-0.153579
0.110928
-0.171561
0

0
-0.0238654
-0.14405
-0.0965487
-0.096453
-0.0961341
-0.0952011
-0.0924633
-0.0855448
-0.0720026
-0.0546156
-0.026849
0.0154689
0.000924125
-0.0752154
-0.116988
-0.0633667
-0.0699696
-0.0884866
0.0971645
-0.192602
0

0
-0.0207344
-0.144012
-0.0964594
-0.0964228
-0.0963011
-0.0958418
-0.0949305
-0.0932006
-0.0898444
-0.082973
-0.0697435
-0.0603516
-0.0628404
-0.0460452
0.0101438
0.00256699
-0.0851411
-0.109571
-0.187077
-0.0800057
0

0
-0.0119141
-0.143315
-0.095798
-0.0956905
-0.0954924
-0.0953025
-0.0950065
-0.0944625
-0.093411
-0.0914647
-0.0889416
-0.0872636
-0.0811434
-0.0618632
-0.0554689
-0.0832081
-0.0909823
-0.0720159
-0.0571611
-0.0785778
0

0
-0.144263
-0.116364
-0.0488882
-0.0376213
-0.0314386
-0.0283677
-0.0275278
-0.0283528
-0.0305374
-0.0343225
-0.0395781
-0.0441795
-0.0483455
-0.0555629
-0.0714011
-0.0865352
-0.0920975
-0.0804583
-0.0867414
-0.152645
0

0
0
0
0
0
0
0
0
0
0
0
0
0
0
0
0
0
0
0
0
0
0


0
0
0
0
0
0
0
0
0
0
0
0
0
0
0
0
0
0
0
0
0
0

0
-1.33085
-0.384745
-1.46738
-23.9153
-0.764623
26.8701
-4.69754
-4.15123
-1.92648
-0.931468
-0.520935
-0.337629
-0.24804
-0.198885
-0.171132
-0.156453
-0.146229
-0.138318
-0.116223
0.0155927
0

0
-0.0237038
-0.261995
-0.00557763
-11.6177
-8.75951
17.1482
3.51192
-2.1879
-2.12811
-1.27195
-0.741352
-0.461274
-0.297945
-0.219627
-0.169766
-0.135858
-0.108805
-0.0849548
-0.0380128
-0.152207
0

0
-0.0334023
-0.163721
0.0141315
-2.609
-11.0645
10.4507
7.32567
1.05374
-1.20382
-1.28633
-0.920228
-0.627798
-0.444504
-0.324783
-0.256384
-0.215033
-0.184643
-0.158273
-0.13862
-0.342098
0

0
-0.0253174
-0.146659
-0.166006
-0.429709
-11.5873
3.96814
6.53291
3.91372
0.711598
-0.659092
-0.845115
-0.688255
-0.512009
-0.382484
-0.297017
-0.237098
-0.200174
-0.176524
-0.168082
-0.413503
0

0
-0.0239669
-0.148227
-0.226091
-0.597208
-9.39451
-1.93034
3.9133
4.63745
2.79167
0.83199
-0.205856
-0.532333
-0.526127
-0.435307
-0.347783
-0.278951
-0.229299
-0.192912
-0.1824
-0.438517
0

0
-0.0316639
-0.148202
-0.152865
-0.409741
-3.92737
-5.44456
-0.978837
2.65513
3.17115
2.41112
1.18334
0.226483
-0.216506
-0.363515
-0.367721
-0.317503
-0.267925
-0.228805
-0.210773
-0.458918
0

0
-0.0349582
-0.146088
-0.110028
-0.161867
-0.842557
-3.72771
-3.45069
-0.968578
1.21469
2.29564
2.04495
1.34724
0.673661
0.137152
-0.118405
-0.217913
-0.260199
-0.255726
-0.223885
-0.492437
0

0
-0.031662
-0.145111
-0.101868
-0.115306
-0.224523
-1.06633
-2.43776
-2.81237
-1.52917
0.236605
1.1213
1.50025
1.3774
0.949324
0.555782
0.194474
-0.0453063
-0.109754
-0.0637403
-0.493217
0

0
-0.0283998
-0.144622
-0.0989046
-0.104755
-0.128155
-0.26879
-0.85278
-1.71004
-1.85058
-1.58173
-0.880876
0.266657
0.811973
0.885141
0.874967
0.67767
0.500075
0.339639
0.14842
-0.150416
0

0
-0.0262488
-0.144322
-0.0975847
-0.0997743
-0.106369
-0.133228
-0.242085
-0.519095
-0.96716
-1.43836
-1.31201
-0.913493
-0.814825
-0.24608
0.478597
0.669712
0.527312
0.411439
-0.195538
0.696816
0

0
-0.0245477
-0.144155
-0.0969713
-0.0977662
-0.0997721
-0.105708
-0.124813
-0.18006
-0.324038
-0.537703
-0.724249
-1.05921
-1.16622
-0.57709
-0.228709
-0.568106
-0.386927
0.0886552
0.287355
0.44459
0

0
-0.0227559
-0.144106
-0.0967288
-0.096971
-0.0975467
-0.0989656
-0.102724
-0.112957
-0.138133
-0.187996
-0.298459
-0.469723
-0.466158
-0.46399
-0.865185
-1.04046
-0.417355
0.19239
0.583598
-0.723008
0

0
-0.0196628
-0.144057
-0.0965997
-0.0967225
-0.0968341
-0.0970158
-0.0976946
-0.099435
-0.10373
-0.114043
-0.136389
-0.158975
-0.188916
-0.323039
-0.529675
-0.369608
-0.105741
-0.269958
-0.634063
-0.642833
0

0
-0.0108344
-0.143343
-0.0958562
-0.0958029
-0.095756
-0.0957781
-0.0957821
-0.0959545
-0.0964965
-0.0979476
-0.100754
-0.10499
-0.117884
-0.155283
-0.162318
-0.125143
-0.180342
-0.411519
-0.593602
-0.227909
0

0
-0.140146
-0.113172
-0.0453817
-0.0335363
-0.0264372
-0.0220273
-0.0194459
-0.0181675
-0.0169917
-0.0142477
-0.0130748
-0.0192573
-0.0127669
0.0316801
0.0477226
-0.043935
-0.0545909
0.0891298
-0.0279393
0.128918
0

0
0
0
0
0
0
0
0
0
0
0
0
0
0
0
0
0
0
0
0
0
0


0
0
0
0
0
0
0
0
0
0
0
0
0
0
0
0
0
0
0
0
0
0

0
-1.28154
-0.262919
-0.745849
-2.24639
10.5172
3.36692
-1.19442
-1.06218
-0.525557
-0.296155
-0.203027
-0.163567
-0.145889
-0.137352
-0.132706
-0.12998
-0.126679
-0.123241
-0.105758
0.129085
0

0
0.00219046
-0.160716
-0.260216
-0.489687
1.87875
4.22789
1.22204
-0.447367
-0.540355
-0.379115
-0.264569
-0.197361
-0.15636
-0.128362
-0.106736
-0.0889556
-0.0704763
-0.0515295
-0.00877301
0.101267
0

0
-0.0172152
-0.146466
-0.11787
-0.305051
-0.851706
1.76009
1.49868
0.354822
-0.200566
-0.238039
-0.188025
-0.152196
-0.132033
-0.120746
-0.113741
-0.10791
-0.100921
-0.091802
-0.0846468
-0.0718153
0

0
-0.0250517
-0.147996
-0.112572
-0.344587
-0.671067
0.242686
1.18507
0.739914
0.129497
-0.139753
-0.174227
-0.147102
-0.119164
-0.102805
-0.094616
-0.0905845
-0.0890292
-0.0883385
-0.0989077
-0.135463
0

0
-0.0300917
-0.146674
-0.108829
-0.273978
-0.404361
-0.0207714
0.509381
0.836449
0.509217
0.127901
-0.0903453
-0.14251
-0.13576
-0.119104
-0.104382
-0.0955186
-0.0917912
-0.090098
-0.102543
-0.149226
0

0
-0.0329542
-0.14569
-0.10265
-0.144278
-0.287189
-0.223299
0.0038659
0.315056
0.598326
0.422849
0.17292
-0.0127997
-0.101759
-0.120486
-0.115922
-0.108775
-0.101087
-0.0944518
-0.106808
-0.149198
0

0
-0.0317484
-0.145133
-0.100694
-0.107957
-0.146064
-0.25402
-0.217711
-0.0259315
0.193873
0.353985
0.343614
0.208845
0.0604334
-0.0386867
-0.0915576
-0.108114
-0.104825
-0.101388
-0.117121
-0.148007
0

0
-0.0289069
-0.144771
-0.0994241
-0.104695
-0.118055
-0.146771
-0.213791
-0.207008
-0.126637
0.0181691
0.180916
0.23618
0.188951
0.123211
0.0280054
-0.0390094
-0.0741548
-0.0959075
-0.128293
-0.122765
0

0
-0.0265227
-0.144495
-0.0983004
-0.10159
-0.109444
-0.119806
-0.133053
-0.170859
-0.195057
-0.151413
-0.0899758
-0.0158446
0.105805
0.154643
0.0797139
0.0519672
0.028085
-0.025747
-0.116641
-0.0701481
0

0
-0.0247628
-0.14429
-0.0975101
-0.0992884
-0.103217
-0.110356
-0.117887
-0.1229
-0.141042
-0.165873
-0.174366
-0.135585
-0.0721097
-0.0810548
-0.0296666
0.0747149
0.0909366
-0.00263386
-0.0850104
-0.11883
0

0
-0.0233063
-0.144155
-0.0970207
-0.0978984
-0.0997311
-0.103221
-0.108612
-0.11414
-0.11764
-0.121554
-0.135327
-0.152591
-0.161275
-0.147401
-0.0917531
-0.0233928
-0.10134
-0.12274
0.0933004
-0.194052
0

0
-0.0216618
-0.144117
-0.0967976
-0.0971651
-0.0979324
-0.0993945
-0.101881
-0.105456
-0.109519
-0.112958
-0.115767
-0.117088
-0.119486
-0.133858
-0.145724
-0.162418
-0.138097
-0.0877107
0.0776227
-0.163172
0

0
-0.0186432
-0.144064
-0.0966487
-0.0968728
-0.0971606
-0.0975673
-0.0984636
-0.0999339
-0.102088
-0.104782
-0.107349
-0.108842
-0.110724
-0.116825
-0.118558
-0.109363
-0.116129
-0.116063
-0.157788
-0.159396
0

0
-0.00984797
-0.143349
-0.0958882
-0.095889
-0.095934
-0.0961304
-0.0963352
-0.0967548
-0.0974482
-0.0985045
-0.0998604
-0.10133
-0.103154
-0.105262
-0.105119
-0.104447
-0.108682
-0.122619
-0.152094
-0.137197
0

0
-0.139716
-0.113652
-0.0458854
-0.0340698
-0.0270094
-0.0226995
-0.0203756
-0.0195623
-0.0196659
-0.0201008
-0.0222066
-0.028314
-0.032874
-0.0271131
-0.0271272
-0.0591355
-0.0992153
-0.0878257
-0.0659815
-0.0863224
0

0
0
0
0
0
0
0
0
0
0
0
0
0
0
0
0
0
0
0
0
0
0


0
0
0
0
0
0
0
0
0
0
0
0
0
0
0
0
0
0
0
0
0
0

0
-1.22055
-0.233609
-0.307718
-0.805749
-0.257683
-0.486468
-0.423522
-0.312835
-0.233749
-0.186052
-0.160526
-0.147439
-0.140763
-0.13729
-0.135199
-0.134035
-0.131738
-0.129632
-0.111601
0.142742
0

0
0.0437229
-0.153152
-0.137714
-0.137089
-0.378143
-0.208387
-0.214333
-0.249185
-0.237224
-0.206764
-0.180143
-0.158531
-0.140726
-0.125305
-0.110886
-0.0973908
-0.0813865
-0.0643966
-0.0139463
0.0965396
0

0
0.00566788
-0.145387
-0.101474
-0.129801
-0.358842
-0.239459
-0.13782
-0.109947
-0.110123
-0.116872
-0.115897
-0.113889
-0.112371
-0.110828
-0.108558
-0.105284
-0.0999964
-0.0924382
-0.0780303
-0.0830787
0

0
-0.0123715
-0.146092
-0.100588
-0.13578
-0.249412
-0.226241
-0.160218
-0.109118
-0.094517
-0.0898587
-0.0921034
-0.0924816
-0.0916109
-0.0904754
-0.0897845
-0.089238
-0.0886175
-0.0875893
-0.0889519
-0.134299
0

0
-0.0208422
-0.145194
-0.0994285
-0.122734
-0.181566
-0.225109
-0.186993
-0.134171
-0.0995684
-0.0929825
-0.090121
-0.090695
-0.0908128
-0.0903298
-0.0894582
-0.08868
-0.0881864
-0.0881711
-0.0918999
-0.147355
0

0
-0.0244337
-0.14457
-0.0983802
-0.105583
-0.117552
-0.177311
-0.192074
-0.162662
-0.124662
-0.0981988
-0.0910518
-0.0902107
-0.0912449
-0.0927924
-0.0932618
-0.0931243
-0.0927323
-0.0925793
-0.0963079
-0.151174
0

0
-0.0249468
-0.144413
-0.0976877
-0.0998142
-0.10249
-0.112284
-0.150984
-0.170483
-0.155754
-0.123728
-0.100831
-0.0905794
-0.0884102
-0.0886719
-0.0901973
-0.091723
-0.0927451
-0.0935729
-0.0989907
-0.150513
0

0
-0.0242463
-0.144329
-0.0975917
-0.0988661
-0.100929
-0.10052
-0.106362
-0.130907
-0.143142
-0.142796
-0.129052
-0.109023
-0.0942794
-0.0892143
-0.0878735
-0.0872709
-0.089021
-0.0907188
-0.0982496
-0.148693
0

0
-0.0233024
-0.144245
-0.0973616
-0.0985604
-0.100152
-0.10084
-0.0996102
-0.100467
-0.112399
-0.128583
-0.129988
-0.124458
-0.11708
-0.107261
-0.0954015
-0.0896905
-0.0895442
-0.0895433
-0.0931846
-0.152684
0

0
-0.0223701
-0.144158
-0.0970889
-0.0979965
-0.0993878
-0.100757
-0.100979
-0.0998594
-0.0989399
-0.101941
-0.109592
-0.119614
-0.125023
-0.116769
-0.108213
-0.104441
-0.103368
-0.0964694
-0.0825712
-0.168972
0

0
-0.0213857
-0.14409
-0.0968508
-0.0974428
-0.0984111
-0.0996691
-0.100786
-0.101099
-0.100407
-0.0993318
-0.0995014
-0.102065
-0.10465
-0.106782
-0.116347
-0.125205
-0.112884
-0.103122
-0.0771588
-0.18348
0

0
-0.0200056
-0.144079
-0.0967621
-0.097097
-0.0976018
-0.0984082
-0.0993871
-0.100296
-0.100805
-0.100656
-0.100033
-0.0995881
-0.0996376
-0.101627
-0.105742
-0.103
-0.102763
-0.105337
-0.107346
-0.182263
0

0
-0.0171297
-0.14403
-0.0965954
-0.0968178
-0.097201
-0.0975688
-0.097993
-0.098664
-0.0993504
-0.0999091
-0.100221
-0.10017
-0.0997812
-0.0996098
-0.0998986
-0.100389
-0.100469
-0.104518
-0.115381
-0.159031
0

0
-0.00841955
-0.143327
-0.0958783
-0.0959132
-0.0959541
-0.096146
-0.0965119
-0.0968136
-0.0971798
-0.0976574
-0.0981568
-0.0985656
-0.0988755
-0.0992661
-0.0996136
-0.0994938
-0.0994875
-0.100433
-0.110241
-0.156823
0

0
-0.142266
-0.117613
-0.0501737
-0.0389188
-0.0326563
-0.0294444
-0.0285026
-0.0295288
-0.0321816
-0.0361195
-0.0418245
-0.0500326
-0.0587238
-0.0642864
-0.0708824
-0.0880407
-0.11077
-0.115291
-0.103196
-0.12096
0

0
0
0
0
0
0
0
0
0
0
0
0
0
0
0
0
0
0
0
0
0
0


0
0
0
0
0
0
0
0
0
0
0
0
0
0
0
0
0
0
0
0
0
0

0
-1.18834
-0.223328
-0.191394
-0.32045
-0.233764
-0.245079
-0.234983
-0.205568
-0.178329
-0.158538
-0.145951
-0.138554
-0.13441
-0.132157
-0.130781
-0.130137
-0.128175
-0.12674
-0.108333
0.134004
0

0
0.0635136
-0.153799
-0.107265
-0.110096
-0.160366
-0.168972
-0.19493
-0.199571
-0.191788
-0.177858
-0.162083
-0.146571
-0.131946
-0.11817
-0.104708
-0.0918451
-0.0761178
-0.059948
-0.00589737
0.0704789
0

0
0.0180636
-0.144073
-0.0973052
-0.101926
-0.147596
-0.148801
-0.140685
-0.136372
-0.131765
-0.128369
-0.126478
-0.124902
-0.122996
-0.120495
-0.11715
-0.112814
-0.106446
-0.0982634
-0.0830033
-0.0999047
0

0
-0.0025411
-0.144519
-0.0979334
-0.101551
-0.125844
-0.139608
-0.126787
-0.118656
-0.113145
-0.109836
-0.106895
-0.104842
-0.103558
-0.102805
-0.102187
-0.101519
-0.100778
-0.099021
-0.0972803
-0.147539
0

0
-0.0117211
-0.144345
-0.0975059
-0.0998977
-0.112704
-0.130384
-0.129006
-0.114419
-0.107385
-0.103312
-0.101463
-0.100335
-0.0994189
-0.0984676
-0.097568
-0.0966388
-0.0955929
-0.0950908
-0.0963429
-0.15636
0

0
-0.0161305
-0.14422
-0.0970976
-0.0980313
-0.101718
-0.114092
-0.124442
-0.120627
-0.109501
-0.10307
-0.0997174
-0.0980178
-0.0971279
-0.0965874
-0.0962209
-0.0959914
-0.0959507
-0.0959742
-0.0972926
-0.158921
0

0
-0.0180424
-0.144133
-0.0969606
-0.0973805
-0.0978471
-0.10132
-0.110456
-0.117732
-0.115178
-0.108502
-0.101952
-0.0990947
-0.0976664
-0.0970716
-0.0967839
-0.0966384
-0.0965914
-0.0965954
-0.0981592
-0.160157
0

0
-0.0186986
-0.144108
-0.0969189
-0.0973224
-0.0977267
-0.0976989
-0.099989
-0.105625
-0.111008
-0.111364
-0.108391
-0.10193
-0.098933
-0.097228
-0.0963412
-0.0961016
-0.0961198
-0.0961215
-0.0976591
-0.161111
0

0
-0.0187527
-0.144073
-0.0968786
-0.0973883
-0.0978127
-0.0978014
-0.0977638
-0.09861
-0.101726
-0.105578
-0.10683
-0.107332
-0.104332
-0.100182
-0.0980821
-0.0969397
-0.0962349
-0.09585
-0.096545
-0.162671
0

0
-0.0184831
-0.144028
-0.0967801
-0.0972729
-0.0978373
-0.0981848
-0.0980725
-0.0976668
-0.0978227
-0.0991832
-0.101535
-0.103412
-0.1042
-0.103421
-0.10245
-0.100696
-0.0985682
-0.0974883
-0.0960968
-0.165619
0

0
-0.0179197
-0.144006
-0.0966926
-0.0970656
-0.0975844
-0.0980919
-0.0983835
-0.0983273
-0.0980078
-0.0977096
-0.0977746
-0.0985473
-0.0991842
-0.100874
-0.103076
-0.102262
-0.100239
-0.0992391
-0.0968023
-0.169642
0

0
-0.0167918
-0.143974
-0.0966275
-0.0969936
-0.0974013
-0.0977824
-0.0981045
-0.0983561
-0.0984031
-0.0982536
-0.098038
-0.0978956
-0.0979559
-0.0981342
-0.0984499
-0.0988888
-0.0991718
-0.100032
-0.101274
-0.169883
0

0
-0.0140753
-0.143949
-0.0964943
-0.0966495
-0.0969195
-0.0973251
-0.0977846
-0.0980392
-0.0982016
-0.0982953
-0.0983028
-0.0982419
-0.0982097
-0.0982845
-0.0983261
-0.0982037
-0.0983581
-0.0991657
-0.103031
-0.167226
0

0
-0.00546986
-0.14325
-0.0958116
-0.0958895
-0.0959681
-0.0960752
-0.0962303
-0.096552
-0.0969152
-0.097217
-0.0975336
-0.0977495
-0.0978942
-0.0981146
-0.0984503
-0.098506
-0.0985663
-0.0987858
-0.102942
-0.162627
0

0
-0.146059
-0.124308
-0.0573429
-0.0468657
-0.0416435
-0.0396723
-0.0401135
-0.0425345
-0.0466184
-0.0521437
-0.0589935
-0.0671949
-0.0757439
-0.083195
-0.0904197
-0.100304
-0.111206
-0.11399
-0.112383
-0.134821
0

0
0
0
0
0
0
0
0
0
0
0
0
0
0
0
0
0
0
0
0
0
0


0
0
0
0
0
0
0
0
0
0
0
0
0
0
0
0
0
0
0
0
0
0

0
-1.17491
-0.218319
-0.177017
-0.192811
-0.187176
-0.187675
-0.182821
-0.168726
-0.154553
-0.144117
-0.137522
-0.133754
-0.13178
-0.130862
-0.130321
-0.130092
-0.128319
-0.127207
-0.107958
0.127485
0

0
0.0723781
-0.155157
-0.106522
-0.106787
-0.120846
-0.139639
-0.159198
-0.166496
-0.164512
-0.157189
-0.147141
-0.135904
-0.12427
-0.112607
-0.100688
-0.0887782
-0.0735704
-0.0581431
-0.00585021
0.0651646
0

0
0.026678
-0.143595
-0.0965633
-0.098679
-0.109167
-0.114916
-0.121699
-0.123825
-0.123788
-0.123293
-0.122661
-0.121727
-0.12027
-0.118119
-0.115051
-0.110925
-0.104744
-0.0969494
-0.0783245
-0.104117
0

0
0.00673861
-0.143843
-0.09685
-0.0979611
-0.102979
-0.108687
-0.110376
-0.111254
-0.110108
-0.108597
-0.107419
-0.106621
-0.106061
-0.105575
-0.105007
-0.104209
-0.103059
-0.102105
-0.0999145
-0.153726
0

0
-0.00153329
-0.143761
-0.0966529
-0.097167
-0.0993512
-0.103724
-0.105467
-0.105528
-0.105202
-0.104308
-0.103192
-0.102228
-0.101529
-0.101068
-0.100771
-0.100631
-0.100991
-0.100317
-0.0995927
-0.161845
0

0
-0.0055699
-0.143631
-0.0965203
-0.0967718
-0.0973859
-0.0993242
-0.102397
-0.102552
-0.102088
-0.101792
-0.101374
-0.100906
-0.100473
-0.100151
-0.0998844
-0.0995945
-0.0986053
-0.0984574
-0.0988977
-0.162071
0

0
-0.00764778
-0.143575
-0.0963974
-0.0967005
-0.0968086
-0.0972733
-0.0987269
-0.100613
-0.100458
-0.0996318
-0.0993902
-0.0992681
-0.0990843
-0.0988479
-0.0983856
-0.0978292
-0.0980021
-0.0982644
-0.0987651
-0.161739
0

0
-0.00869115
-0.143531
-0.0964001
-0.0967345
-0.0968374
-0.0969137
-0.0971332
-0.0980053
-0.0990064
-0.0989781
-0.0982363
-0.0979977
-0.0977408
-0.0973526
-0.0973773
-0.0976169
-0.097704
-0.0978796
-0.0984978
-0.161689
0

0
-0.00914751
-0.143484
-0.0963718
-0.0968085
-0.0970924
-0.0970916
-0.0968931
-0.0969346
-0.0972972
-0.0977728
-0.0979685
-0.0975694
-0.0973509
-0.0973834
-0.0973438
-0.0972858
-0.0973326
-0.0975356
-0.0980955
-0.162263
0

0
-0.00921314
-0.143442
-0.096321
-0.0967828
-0.0971876
-0.0974104
-0.0973825
-0.0971731
-0.0969612
-0.096903
-0.0970836
-0.0972983
-0.0974931
-0.0975419
-0.0975063
-0.0974316
-0.0974697
-0.0976118
-0.0978617
-0.163747
0

0
-0.00890437
-0.143418
-0.0963272
-0.0968377
-0.0972834
-0.0976107
-0.0977629
-0.0977278
-0.0975717
-0.0973995
-0.0973202
-0.0973066
-0.0974
-0.0975252
-0.0976234
-0.0977002
-0.0978092
-0.0978684
-0.0979995
-0.165756
0

0
-0.00794632
-0.143362
-0.0961839
-0.0965927
-0.0970296
-0.097459
-0.0978241
-0.0980378
-0.0980844
-0.0980043
-0.0978542
-0.0977077
-0.0976334
-0.0976526
-0.0977264
-0.0978298
-0.0979487
-0.0980186
-0.0990767
-0.167194
0

0
-0.00536245
-0.143355
-0.0961547
-0.0965013
-0.0968154
-0.0971017
-0.0973578
-0.0976049
-0.0978124
-0.0979523
-0.0980256
-0.0980382
-0.0980082
-0.0980199
-0.0980738
-0.0981356
-0.0982222
-0.0983279
-0.100427
-0.167925
0

0
0.00314235
-0.142655
-0.0954897
-0.0958061
-0.0960618
-0.0962925
-0.0965148
-0.0967366
-0.0969593
-0.0971794
-0.0973902
-0.0975878
-0.0977791
-0.0979705
-0.0981461
-0.0982778
-0.0983833
-0.0984648
-0.100095
-0.163199
0

0
-0.146068
-0.132313
-0.0661028
-0.0566052
-0.0524526
-0.0515414
-0.0529172
-0.0560082
-0.0604356
-0.0659168
-0.072212
-0.0790102
-0.0858129
-0.0921766
-0.0982611
-0.104319
-0.109312
-0.110052
-0.112189
-0.139452
0

0
0
0
0
0
0
0
0
0
0
0
0
0
0
0
0
0
0
0
0
0
0


0
0
0
0
0
0
0
0
0
0
0
0
0
0
0
0
0
0
0
0
0
0

0
-1.18977
-0.0918542
-0.0894292
-0.212717
-0.429796
-0.566221
-0.547783
-0.448008
-0.339969
-0.255635
-0.1996
-0.165997
-0.147388
-0.137905
-0.133308
-0.131109
-0.128379
-0.127633
-0.112854
0.121781
0

0
0.0476129
-0.0373939
-0.0199988
-0.125438
-0.314491
-0.478078
-0.512577
-0.451592
-0.360279
-0.277054
-0.213711
-0.169005
-0.137968
-0.115911
-0.0988827
-0.0844251
-0.0678238
-0.052076
-0.0129799
0.0651408
0

0
-0.0150242
-0.0406186
-0.0125056
-0.0880515
-0.222104
-0.366413
-0.430931
-0.40964
-0.345743
-0.276915
-0.220556
-0.179947
-0.152419
-0.134055
-0.12133
-0.111461
-0.10145
-0.0909106
-0.0870862
-0.0974992
0

0
-0.0524864
-0.0551037
-0.0125139
-0.0568769
-0.147952
-0.267889
-0.352853
-0.371577
-0.340459
-0.288927
-0.237754
-0.195908
-0.164959
-0.143365
-0.12874
-0.118593
-0.110681
-0.104187
-0.115753
-0.152466
0

0
-0.07864
-0.0700361
-0.0149247
-0.0344182
-0.0902907
-0.180429
-0.266457
-0.314476
-0.318385
-0.292825
-0.255441
-0.218163
-0.186589
-0.162209
-0.144384
-0.131496
-0.121805
-0.115091
-0.127186
-0.169935
0

0
-0.101855
-0.0872972
-0.0239675
-0.0267987
-0.0559382
-0.114864
-0.185282
-0.242811
-0.272477
-0.274236
-0.257201
-0.231619
-0.204941
-0.181224
-0.161954
-0.146914
-0.135375
-0.126546
-0.138218
-0.180463
0

0
-0.12441
-0.106817
-0.0392561
-0.0323421
-0.0432741
-0.0757973
-0.123863
-0.173486
-0.212318
-0.233453
-0.237122
-0.228096
-0.21219
-0.194242
-0.177322
-0.162503
-0.149461
-0.1397
-0.151257
-0.191365
0

0
-0.146187
-0.127211
-0.0580135
-0.0461611
-0.0460357
-0.0601505
-0.0874252
-0.121839
-0.155641
-0.182528
-0.199083
-0.205012
-0.202418
-0.194553
-0.184074
-0.172277
-0.160859
-0.151923
-0.163788
-0.202648
0

0
-0.166369
-0.146918
-0.0774972
-0.0636382
-0.057673
-0.0607207
-0.0730868
-0.0927181
-0.115796
-0.138313
-0.157098
-0.17018
-0.177343
-0.179451
-0.17734
-0.172007
-0.164658
-0.158957
-0.171609
-0.211491
0

0
-0.184248
-0.164849
-0.0958845
-0.0816674
-0.0731668
-0.07037
-0.0736776
-0.0825552
-0.0954462
-0.110284
-0.12491
-0.137614
-0.1479
-0.155685
-0.159894
-0.159947
-0.158062
-0.157781
-0.17127
-0.214282
0

0
-0.199442
-0.180462
-0.112097
-0.0982232
-0.0890315
-0.0836896
-0.0822607
-0.0846388
-0.0902605
-0.0981461
-0.107058
-0.116184
-0.125347
-0.133542
-0.13908
-0.14207
-0.144958
-0.149489
-0.162577
-0.208825
0

0
-0.211779
-0.193858
-0.126124
-0.112874
-0.103807
-0.0976002
-0.0940181
-0.0929525
-0.0941928
-0.0972872
-0.101655
-0.107006
-0.113136
-0.118927
-0.123281
-0.127061
-0.131995
-0.137511
-0.149831
-0.197389
0

0
-0.220649
-0.205374
-0.138188
-0.125614
-0.117077
-0.110949
-0.106725
-0.104184
-0.103158
-0.103421
-0.104737
-0.107015
-0.110023
-0.113023
-0.115606
-0.118574
-0.122468
-0.126089
-0.139419
-0.187304
0

0
-0.222344
-0.214842
-0.148175
-0.136268
-0.128385
-0.122716
-0.118576
-0.115619
-0.113652
-0.112505
-0.112003
-0.112043
-0.112574
-0.113407
-0.114314
-0.115323
-0.116326
-0.117549
-0.132428
-0.177552
0

0
-0.389805
-0.223011
-0.138321
-0.11796
-0.107165
-0.101671
-0.0995082
-0.0994885
-0.100945
-0.103472
-0.106549
-0.109548
-0.112386
-0.115611
-0.119122
-0.121395
-0.120511
-0.118152
-0.139101
-0.153598
0

0
0
0
0
0
0
0
0
0
0
0
0
0
0
0
0
0
0
0
0
0
0


0
0
0
0
0
0
0
0
0
0
0
0
0
0
0
0
0
0
0
0
0
0

0
0
0
0
0
0
0
0
0
0
0
0
0
0
0
0
0
0
0
0
0
0

0
0
0
0
0
0
0
0
0
0
0
0
0
0
0
0
0
0
0
0
0
0

0
0
0
0
0
0
0
0
0
0
0
0
0
0
0
0
0
0
0
0
0
0

0
0
0
0
0
0
0
0
0
0
0
0
0
0
0
0
0
0
0
0
0
0

0
0
0
0
0
0
0
0
0
0
0
0
0
0
0
0
0
0
0
0
0
0

0
0
0
0
0
0
0
0
0
0
0
0
0
0
0
0
0
0
0
0
0
0

0
0
0
0
0
0
0
0
0
0
0
0
0
0
0
0
0
0
0
0
0
0

0
0
0
0
0
0
0
0
0
0
0
0
0
0
0
0
0
0
0
0
0
0

0
0
0
0
0
0
0
0
0
0
0
0
0
0
0
0
0
0
0
0
0
0

0
0
0
0
0
0
0
0
0
0
0
0
0
0
0
0
0
0
0
0
0
0

0
0
0
0
0
0
0
0
0
0
0
0
0
0
0
0
0
0
0
0
0
0

0
0
0
0
0
0
0
0
0
0
0
0
0
0
0
0
0
0
0
0
0
0

0
0
0
0
0
0
0
0
0
0
0
0
0
0
0
0
0
0
0
0
0
0

0
0
0
0
0
0
0
0
0
0
0
0
0
0
0
0
0
0
0
0
0
0

0
0
0
0
0
0
0
0
0
0
0
0
0
0
0
0
0
0
0
0
0
0

0
0
0
0
0
0
0
0
0
0
0
0
0
0
0
0
0
0
0
0
0
0


