0.5
0.5
0.464406
0.5
0.5
0.5
0.5
0.497642
0.5
0.5
0.529472
0.5
0.5
0.5
0.5
0.5
0.5
0.5
0.5
0.5
0.5
0.5

0.5
0.462617
0.520796
0.582694
0.573268
0.502345
0.418278
0.494799
0.212333
0.710225
0.504999
0.448686
0.795125
0.488488
0.828162
1.62873
0.278965
0.505126
0.404162
0.3372
0.3372
0.5

0.5
0.451234
0.509134
0.503019
0.551705
0.487344
0.404015
0.490883
0.502463
0.299993
0.463057
0.451193
0.811972
0.773265
0.832268
1.68029
0.0962986
0.509527
0.392822
0.32677
0.32677
0.5

0.5
0.461347
0.502053
0.582155
0.572734
0.422013
0.478866
0.506917
0.472621
0.365377
0.461228
0.62206
0.557099
0.732353
0.850907
0.729208
1.52355
0.683397
0.398899
0.321412
0.321412
0.5

0.5
0.467899
0.499672
0.577286
0.600055
0.403197
0.450871
0.468376
0.508267
0.395352
0.46056
0.598306
0.495044
0.706809
0.828308
0.525978
1.36957
0.680742
0.384973
0.311564
0.311564
0.5

0.5
0.47456
0.539122
0.487764
0.610548
0.384362
0.43854
0.483605
0.46743
0.450602
0.465991
0.449104
-0.497575
0.68639
0.878551
0.594766
1.32914
0.682039
0.377376
0.298775
0.298775
0.5

0.5
0.479194
0.531538
0.533233
0.644402
0.364596
0.426726
0.505066
0.43364
0.419546
0.45851
0.475087
0.769584
0.733929
0.851083
0.637031
1.3781
0.800939
0.149953
0.269023
0.269023
0

0.5
0.482013
0.524685
0.529113
0.671347
0.344886
0.415697
0.511659
0.395721
0.431313
0.45552
0.477291
0.680067
0.752533
0.913195
0.742196
1.46698
0.803125
0.101894
0.252925
0.252925
0.5

0.5
0.483749
0.518817
0.523961
0.703339
0.323145
0.409026
0.356619
0.593803
0.455871
0.45321
0.475103
0.642335
0.748049
1.68029
0.829498
1.59799
0.792434
0.0174443
0.239008
0.239008
0.5

0.5
0.484826
0.513796
0.520057
0.726454
0.384362
0.418298
0.372996
0.544411
0.460166
0.449297
0.468788
0.604497
0.805689
0.413873
0.621897
1.74055
0.793584
0.0350818
0.092255
0.092255
0.5

0.5
0.485545
0.508949
0.530915
0.283365
0.747474
0.43854
0.391027
0.525866
0.462279
0.445632
0.458426
0.56468
0.806587
0.889231
0.589415
2.08779
0.66487
-0.0975541
0.0872726
0.0872726
0.5

0.5
0.48611
0.505442
0.514464
0.325715
0.588627
0.523553
0.418315
0.5179
0.462503
0.468788
0.444923
0.488488
0.87838
0.854762
0.481415
2.60335
0.579065
-0.251663
0.0820046
0.0820046
0.5

0.5
0.487182
0.501596
0.505259
0.397127
0.531803
0.498504
0.429218
0.511182
0.459559
0.434886
0.429487
0.463802
0.873877
0.603889
0.619556
3.00634
0.595256
-0.402651
0.0848994
0.0848994
0.5

0.5
0.492501
0.494316
0.503019
0.449756
0.494539
0.484529
0.475319
0.452281
0.450602
0.45851
0.412355
0.419656
0.759148
-0.838152
1.15405
4.15488
0.588148
-0.580179
0.102359
0.102359
0.5

0.5
0.491149
0.493852
0.502967
0.499133
0.457181
0.470627
0.473405
0.458924
0.446767
0.417642
0.391316
0.362829
0.0475189
0.431793
0.45375
5.34102
0.68501
-0.894077
0.151368
0.151368
0.5

0.5
0.484789
0.487764
0.498722
0.537286
0.407683
0.450761
0.461776
0.454428
0.437335
0.408805
0.370659
0.313769
0.227251
0.289205
0.413873
-0.517724
-0.0101113
0.377376
0.24579
0.24579
0.5

0.5
0.5
0.5
0.5
0.5
0.5
0.5
0.5
0.5
0.5
0.5
0.5
0.5
0.5
0.5
0.5
0.5
0.5
0.5
0.5
0.5
0.5


0.5
-0.462617
-0.520796
-0.582694
-0.573268
-0.502345
-0.418278
-0.494799
-0.212333
-0.710225
-0.504999
-0.448686
-0.795125
-0.488488
-0.828162
-1.62873
-0.278965
-0.505126
-0.404162
-0.3372
-0.3372
0.5

0.5
0.462617
0.520796
0.582694
0.573268
0.502345
0.418278
0.494799
0.212333
0.710225
0.504999
0.448686
0.795125
0.488488
0.828162
1.62873
0.278965
0.505126
0.404162
0.3372
0.3372
0.5

0.5
0.451234
0.509134
0.503019
0.551705
0.487344
0.404015
0.490883
0.502463
0.299993
0.463057
0.451193
0.811972
0.773265
0.832268
1.68029
0.0962986
0.509527
0.392822
0.32677
0.32677
0.5

0.5
0.461347
0.502053
0.582155
0.572734
0.422013
0.478866
0.506917
0.472621
0.365377
0.461228
0.62206
0.557099
0.732353
0.850907
0.729208
1.52355
0.683397
0.398899
0.321412
0.321412
0.5

0.5
0.467899
0.499672
0.577286
0.600055
0.403197
0.450871
0.468376
0.508267
0.395352
0.46056
0.598306
0.495044
0.706809
0.828308
0.525978
1.36957
0.680742
0.384973
0.311564
0.311564
0.5

0.5
0.47456
0.539122
0.487764
0.610548
0.384362
0.43854
0.483605
0.46743
0.450602
0.465991
0.449104
-0.497575
0.68639
0.878551
0.594766
1.32914
0.682039
0.377376
0.298775
0.298775
0.5

0.5
0.479194
0.531538
0.533233
0.644402
0.364596
0.426726
0.505066
0.43364
0.419546
0.45851
0.475087
0.769584
0.733929
0.851083
0.637031
1.3781
0.800939
0.149953
0.269023
0.269023
0.0767128

0.5
0.482013
0.524685
0.529113
0.671347
0.344886
0.415697
0.511659
0.395721
0.431313
0.45552
0.477291
0.680067
0.752533
0.913195
0.742196
1.46698
0.803125
0.101894
0.252925
0.252925
0.5

0.5
0.483749
0.518817
0.523961
0.703339
0.323145
0.409026
0.356619
0.593803
0.455871
0.45321
0.475103
0.642335
0.748049
1.68029
0.829498
1.59799
0.792434
0.0174443
0.239008
0.239008
0.5

0.5
0.484826
0.513796
0.520057
0.726454
0.384362
0.418298
0.372996
0.544411
0.460166
0.449297
0.468788
0.604497
0.805689
0.413873
0.621897
1.74055
0.793584
0.0350818
0.092255
0.092255
0.5

0.5
0.485545
0.508949
0.530915
0.283365
0.747474
0.43854
0.391027
0.525866
0.462279
0.445632
0.458426
0.56468
0.806587
0.889231
0.589415
2.08779
0.66487
-0.0975541
0.0872726
0.0872726
0.5

0.5
0.48611
0.505442
0.514464
0.325715
0.588627
0.523553
0.418315
0.5179
0.462503
0.468788
0.444923
0.488488
0.87838
0.854762
0.481415
2.60335
0.579065
-0.251663
0.0820046
0.0820046
0.5

0.5
0.487182
0.501596
0.505259
0.397127
0.531803
0.498504
0.429218
0.511182
0.459559
0.434886
0.429487
0.463802
0.873877
0.603889
0.619556
3.00634
0.595256
-0.402651
0.0848994
0.0848994
0.5

0.5
0.492501
0.494316
0.503019
0.449756
0.494539
0.484529
0.475319
0.452281
0.450602
0.45851
0.412355
0.419656
0.759148
-0.838152
1.15405
4.15488
0.588148
-0.580179
0.102359
0.102359
0.5

0.5
0.491149
0.493852
0.502967
0.499133
0.457181
0.470627
0.473405
0.458924
0.446767
0.417642
0.391316
0.362829
0.0475189
0.431793
0.45375
5.34102
0.68501
-0.894077
0.151368
0.151368
0.5

0.5
0.484789
0.487764
0.498722
0.537286
0.407683
0.450761
0.461776
0.454428
0.437335
0.408805
0.370659
0.313769
0.227251
0.289205
0.413873
-0.517724
-0.0101113
0.377376
0.24579
0.24579
0.5

0.5
0.484789
0.487764
0.498722
0.537286
0.407683
0.450761
0.461776
0.454428
0.437335
0.408805
0.370659
0.313769
0.227251
0.289205
0.413873
-0.378176
0.24579
0.377376
0.24579
0.24579
0.5


0.5
-0.412518
-0.581692
-0.56845
-0.566093
-0.500834
-0.451231
-0.476246
-0.511549
-0.359853
-0.480948
-0.477162
-0.72871
-0.794603
-0.844825
-1.08812
-0.732075
-0.714257
-0.456335
-0.377303
-0.377303
0.5

0.5
0.412518
0.581692
0.56845
0.566093
0.500834
0.451231
0.476246
0.511549
0.359853
0.480948
0.477162
0.72871
0.794603
0.844825
1.08812
0.732075
0.714257
0.456335
0.377303
0.377303
0.5

0.5
0.364517
0.645932
0.572085
0.543747
0.503649
0.453199
0.46926
0.499121
0.39335
0.472388
0.485012
0.704869
0.75374
0.828338
1.09891
0.793423
0.66991
0.43969
0.365953
0.365953
0.5

0.5
0.422536
0.556753
0.560142
0.547454
0.472308
0.46284
0.482624
0.488393
0.401102
0.469904
0.533622
0.663183
0.739192
0.834536
0.660206
1.27984
0.693593
0.428575
0.359718
0.359718
0.5

0.5
0.455972
0.528904
0.553602
0.552736
0.460689
0.461471
0.479074
0.484468
0.414589
0.468733
0.539762
0.635646
0.730151
0.844303
0.609951
1.19005
0.711974
0.408543
0.34946
0.34946
0.5

0.5
0.47171
0.526611
0.545872
0.56921
0.442438
0.454892
0.480035
0.475341
0.42449
0.468282
0.490141
0.622431
0.710475
0.84482
0.540811
1.20238
0.734754
0.36476
0.334329
0.334329
0.5

0.5
0.479434
0.525227
0.531987
0.575972
0.432044
0.449367
0.481819
0.46589
0.436387
0.465952
0.490521
0.681117
0.720702
0.855778
0.659403
1.26926
0.772578
0.309052
0.31553
0.31553
0.5

0.5
0.483678
0.521112
0.528254
0.576196
0.428868
0.44643
0.472568
0.469493
0.445549
0.463282
0.489509
0.649029
0.730371
0.752258
0.744162
1.35396
0.799856
0.243153
0.291443
0.291443
0.5

0.5
0.486199
0.516741
0.524342
0.569126
0.431972
0.448538
0.427426
0.504644
0.455423
0.460427
0.484552
0.616084
0.740059
0.687627
0.765454
1.45693
0.823024
0.185475
0.260118
0.260118
0.5

0.5
0.487866
0.512607
0.520737
0.500045
0.496415
0.466769
0.418513
0.512856
0.461527
0.456815
0.476648
0.57687
0.740846
0.785524
0.778723
1.60445
0.860467
0.14061
0.216873
0.216873
0.5

0.5
0.489249
0.508589
0.518968
0.278176
0.724278
0.524124
0.429805
0.507201
0.463585
0.452167
0.465955
0.521818
0.757996
0.716395
0.730706
1.85223
0.984251
0.0750442
0.184374
0.184374
0.5

0.5
0.490925
0.504613
0.511093
0.380026
0.544139
0.503309
0.437201
0.499672
0.463152
0.446004
0.45299
0.442984
0.808987
0.602845
0.661217
2.07514
0.848931
-0.0345003
0.167985
0.167985
0.5

0.5
0.493879
0.499292
0.505957
0.425206
0.516933
0.492684
0.446538
0.490151
0.460683
0.440716
0.437819
0.441378
0.686901
0.213807
0.707707
2.50471
0.783699
-0.154716
0.160907
0.160907
0.5

0.5
0.499078
0.490315
0.504828
0.462475
0.491294
0.482341
0.463301
0.474261
0.456395
0.433394
0.421295
0.417401
0.525104
-0.298498
1.01192
3.20715
0.760068
-0.280167
0.162729
0.162729
0.5

0.5
0.497258
0.494387
0.50434
0.497941
0.465097
0.471376
0.469136
0.465485
0.451572
0.428172
0.403522
0.372631
0.20276
0.355314
0.358163
4.192
0.775431
-0.354885
0.173536
0.173536
0.5

0.5
0.489003
0.490965
0.499237
0.521816
0.431645
0.454337
0.462062
0.456416
0.441939
0.417509
0.384333
0.333806
0.267147
0.279359
0.261829
3.73961
0.753769
-0.806632
0.191699
0.191699
0.5

0.5
0.489003
0.490965
0.499237
0.521816
0.431645
0.454337
0.462062
0.456416
0.441939
0.417509
0.384333
0.333806
0.267147
0.279359
0.261829
3.73961
0.753769
-0.806632
0.191699
0.191699
0.5


0.5
-0.43113
-0.566739
-0.551798
-0.546611
-0.46625
-0.456491
-0.480999
-0.499383
-0.432265
-0.487557
-0.496003
-0.700522
-0.748741
-0.815192
-0.90901
-0.84838
-0.696452
-0.480699
-0.410097
-0.410097
0.5

0.5
0.43113
0.566739
0.551798
0.546611
0.46625
0.456491
0.480999
0.499383
0.432265
0.487557
0.496003
0.700522
0.748741
0.815192
0.90901
0.84838
0.696452
0.480699
0.410097
0.410097
0.5

0.5
0.415188
0.565308
0.542752
0.514235
0.501985
0.457817
0.475418
0.488522
0.422136
0.477371
0.503365
0.673231
0.731446
0.800476
0.887234
0.844948
0.685424
0.466079
0.39853
0.39853
0.5

0.5
0.438263
0.54644
0.541947
0.522412
0.498899
0.464616
0.477551
0.484823
0.426466
0.476557
0.519975
0.657245
0.723153
0.798629
0.716975
1.03844
0.699683
0.455098
0.392709
0.392709
0.5

0.5
0.458585
0.530904
0.538404
0.527263
0.485241
0.466009
0.477984
0.48135
0.433515
0.475675
0.524608
0.649423
0.715099
0.795002
0.69237
1.09033
0.721462
0.436184
0.383207
0.383207
0.5

0.5
0.471835
0.523426
0.532468
0.533192
0.472927
0.463927
0.476908
0.477578
0.441059
0.474685
0.507627
0.655894
0.711601
0.786102
0.718722
1.12551
0.743783
0.406056
0.369923
0.369923
0.5

0.5
0.479728
0.519926
0.527513
0.535175
0.465692
0.461529
0.474397
0.474982
0.447865
0.472769
0.503121
0.644316
0.704989
0.787147
0.720211
1.17526
0.764746
0.367996
0.3531
0.3531
0.5

0.5
0.484441
0.516814
0.523367
0.531337
0.463686
0.460712
0.467184
0.477494
0.454178
0.47041
0.499368
0.625245
0.70283
0.754622
0.758603
1.24807
0.788446
0.324157
0.332164
0.332164
0.5

0.5
0.487379
0.513655
0.519255
0.518851
0.469052
0.463241
0.452528
0.488415
0.459979
0.467617
0.4933
0.59926
0.700296
0.726109
0.788917
1.34138
0.812257
0.277943
0.307335
0.307335
0.5

0.5
0.489387
0.51057
0.514862
0.466924
0.510771
0.474001
0.444439
0.494832
0.464055
0.464182
0.484913
0.567108
0.694475
0.698645
0.800629
1.45908
0.834801
0.227168
0.280403
0.280403
0.5

0.5
0.491013
0.507586
0.511531
0.321564
0.642517
0.499376
0.446474
0.494067
0.465678
0.459964
0.474339
0.526688
0.684537
0.669612
0.789726
1.61629
0.825542
0.161303
0.255743
0.255743
0.5

0.5
0.49266
0.504757
0.507128
0.401439
0.54297
0.495739
0.45101
0.489909
0.465278
0.455044
0.461949
0.478028
0.667489
0.584422
0.749093
1.87602
0.822151
0.0928343
0.238725
0.238725
0.5

0.5
0.494651
0.502012
0.504406
0.439664
0.512637
0.488601
0.456661
0.48379
0.463305
0.449613
0.448221
0.454463
0.603048
0.353327
0.726935
2.24341
0.832116
0.0178242
0.228381
0.228381
0.5

0.5
0.496987
0.49958
0.503747
0.469415
0.490788
0.480837
0.463602
0.475921
0.460177
0.443864
0.433376
0.426651
0.489543
0.0173338
0.766106
2.80362
0.871163
-0.0555253
0.223885
0.223885
0.5

0.5
0.497951
0.498052
0.504006
0.495682
0.470938
0.47223
0.467888
0.469062
0.456107
0.437529
0.417508
0.390342
0.318889
0.279009
0.188917
3.52984
0.97347
-0.12473
0.224694
0.224694
0.5

0.5
0.491801
0.492792
0.498651
0.51042
0.445354
0.457398
0.462484
0.458443
0.446618
0.426814
0.399742
0.358129
0.305005
0.283725
-0.0526847
4.16229
1.09628
-0.147187
0.226081
0.226081
0.5

0.5
0.491801
0.492792
0.498651
0.51042
0.445354
0.457398
0.462484
0.458443
0.446618
0.426814
0.399742
0.358129
0.305005
0.283725
-0.0526847
4.16229
1.09628
-0.147187
0.226081
0.226081
0.5


0.5
-0.453178
-0.548917
-0.537554
-0.448368
-0.315483
-0.44223
-0.48189
-0.494174
-0.451044
-0.493296
-0.521213
-0.667592
-0.725377
-0.78737
-0.839138
-0.874945
-0.711118
-0.509654
-0.444529
-0.444529
0.5

0.5
0.453178
0.548917
0.537554
0.448368
0.315483
0.44223
0.48189
0.494174
0.451044
0.493296
0.521213
0.667592
0.725377
0.78737
0.839138
0.874945
0.711118
0.509654
0.444529
0.444529
0.5

0.5
0.446668
0.5395
0.528012
0.435077
0.488663
0.46085
0.47594
0.484524
0.442907
0.483701
0.516713
0.650522
0.710712
0.772855
0.820911
0.873598
0.699018
0.495035
0.432745
0.432745
0.5

0.5
0.455579
0.532923
0.527676
0.482187
0.524533
0.46991
0.47726
0.482943
0.445312
0.483252
0.522731
0.642466
0.705762
0.76941
0.775126
0.937367
0.707639
0.485967
0.427742
0.427742
0.5

0.5
0.466343
0.525209
0.52674
0.502127
0.50896
0.471787
0.477441
0.481025
0.449144
0.48251
0.52445
0.63534
0.699788
0.764206
0.74366
0.996385
0.723614
0.471168
0.41968
0.41968
0.5

0.5
0.475234
0.519638
0.524467
0.511359
0.493117
0.471099
0.476312
0.479347
0.45361
0.481389
0.518749
0.630866
0.69408
0.757392
0.741876
1.04092
0.741548
0.450175
0.408652
0.408652
0.5

0.5
0.481559
0.516181
0.521464
0.51356
0.485002
0.469961
0.47383
0.478569
0.45801
0.479705
0.512967
0.622496
0.687614
0.749405
0.751013
1.09073
0.760004
0.423981
0.394815
0.394815
0.5

0.5
0.485829
0.51359
0.518323
0.510246
0.482548
0.469667
0.46942
0.479844
0.462038
0.477509
0.507691
0.607787
0.680714
0.730889
0.769488
1.15518
0.780021
0.392751
0.378233
0.378233
0.5

0.5
0.48873
0.511265
0.514919
0.499524
0.486667
0.471385
0.463173
0.48351
0.465479
0.474811
0.50116
0.58756
0.672193
0.706178
0.789274
1.2392
0.800468
0.357471
0.35961
0.35961
0.5

0.5
0.490824
0.509071
0.511216
0.470518
0.506536
0.476828
0.458639
0.486489
0.467875
0.471532
0.492931
0.562363
0.659815
0.679132
0.800594
1.3498
0.818771
0.317646
0.34038
0.34038
0.5

0.5
0.492528
0.507008
0.507918
0.408903
0.555454
0.486909
0.45824
0.486579
0.468797
0.467612
0.483015
0.532378
0.64131
0.642038
0.796625
1.49782
0.833338
0.273659
0.322289
0.322289
0.5

0.5
0.49415
0.505141
0.505262
0.429138
0.530593
0.488821
0.46023
0.484334
0.468293
0.463092
0.47165
0.499311
0.612296
0.572734
0.767382
1.68997
0.857584
0.227933
0.307652
0.307652
0.5

0.5
0.495901
0.503506
0.503809
0.453969
0.508156
0.48521
0.463165
0.480594
0.46663
0.458102
0.459211
0.470933
0.559946
0.431403
0.701792
1.98327
0.895259
0.181802
0.297104
0.297104
0.5

0.5
0.497835
0.502169
0.503638
0.47549
0.491017
0.479812
0.466521
0.475975
0.464119
0.452775
0.445906
0.442221
0.48045
0.235653
0.572101
2.44073
0.963486
0.138702
0.290392
0.290392
0.5

0.5
0.499287
0.50099
0.503876
0.49443
0.475819
0.473235
0.468788
0.470964
0.460627
0.446826
0.431774
0.410771
0.382034
0.28537
0.112934
3.04891
1.07432
0.100544
0.28656
0.28656
0.5

0.5
0.494288
0.494618
0.498282
0.50296
0.455211
0.46021
0.463209
0.460576
0.451399
0.436179
0.415232
0.382619
0.341351
0.296651
-0.20517
3.6341
1.20185
0.0472886
0.280125
0.280125
0.5

0.5
0.494288
0.494618
0.498282
0.50296
0.455211
0.46021
0.463209
0.460576
0.451399
0.436179
0.415232
0.382619
0.341351
0.296651
-0.20517
3.6341
1.20185
0.0472886
0.280125
0.280125
0.5


0.5
-0.469283
-0.535452
-0.529382
-0.115617
-0.0494564
-0.419388
-0.481177
-0.492652
-0.46689
-0.500125
-0.535061
-0.646485
-0.705529
-0.762298
-0.803446
-0.863591
-0.716608
-0.538628
-0.479766
-0.479766
0.5

0.5
0.469283
0.535452
0.529382
0.115617
0.0494564
0.419388
0.481177
0.492652
0.46689
0.500125
0.535061
0.646485
0.705529
0.762298
0.803446
0.863591
0.716608
0.538628
0.479766
0.479766
0.5

0.5
0.463244
0.525581
0.517291
0.285168
0.347095
0.453225
0.476772
0.483473
0.458305
0.490485
0.526464
0.632734
0.692023
0.748255
0.78819
0.857769
0.704606
0.524539
0.467867
0.467867
0.5

0.5
0.468034
0.522724
0.517597
0.412194
0.532034
0.47568
0.478405
0.482784
0.459696
0.490091
0.528234
0.627948
0.688629
0.745187
0.775262
0.887364
0.711123
0.517861
0.46389
0.46389
0.5

0.5
0.474034
0.518913
0.518022
0.464835
0.539763
0.478463
0.478322
0.4818
0.46182
0.489362
0.528185
0.622206
0.683781
0.740251
0.760303
0.927453
0.722591
0.507229
0.45753
0.45753
0.5

0.5
0.479703
0.515533
0.517372
0.489111
0.512777
0.477224
0.477299
0.480951
0.464374
0.488235
0.525065
0.616066
0.678029
0.733682
0.755693
0.968164
0.736975
0.492722
0.448947
0.448947
0.5

0.5
0.484304
0.513013
0.515907
0.499034
0.49791
0.475982
0.475421
0.480572
0.466973
0.48663
0.520291
0.607851
0.671072
0.724804
0.759756
1.01316
0.752979
0.474565
0.438321
0.438321
0.5

0.5
0.487781
0.511091
0.513931
0.499724
0.492344
0.47547
0.472696
0.481005
0.469333
0.484538
0.514883
0.595858
0.662541
0.710735
0.769608
1.06852
0.770615
0.452953
0.425936
0.425936
0.5

0.5
0.490374
0.509469
0.511564
0.493743
0.493149
0.476207
0.469462
0.482204
0.471234
0.481953
0.508472
0.579858
0.651599
0.690934
0.780976
1.13905
0.789677
0.428323
0.412388
0.412388
0.5

0.5
0.492387
0.508016
0.508944
0.479794
0.50111
0.478694
0.466879
0.483237
0.472429
0.478845
0.50078
0.560075
0.63675
0.665612
0.787908
1.22946
0.810164
0.401216
0.398572
0.398572
0.5

0.5
0.494101
0.50672
0.506497
0.45805
0.516077
0.482638
0.46601
0.4831
0.472692
0.475197
0.491776
0.53692
0.616004
0.630535
0.784241
1.34527
0.83434
0.372851
0.385495
0.385495
0.5

0.5
0.495745
0.505611
0.504736
0.457134
0.513021
0.484323
0.466582
0.481663
0.471996
0.471047
0.481616
0.511459
0.58637
0.574698
0.759672
1.49863
0.868049
0.344637
0.374236
0.374236
0.5

0.5
0.497494
0.504722
0.503898
0.468225
0.501776
0.482653
0.467875
0.479235
0.470474
0.466487
0.470549
0.485895
0.543062
0.482303
0.691744
1.72341
0.91566
0.317725
0.365353
0.365353
0.5

0.5
0.499463
0.504078
0.503951
0.481607
0.490334
0.479118
0.469438
0.476191
0.468313
0.461613
0.458782
0.459644
0.484539
0.364255
0.532014
2.06545
0.98486
0.293025
0.358799
0.358799
0.5

0.5
0.501185
0.503231
0.504109
0.494364
0.479242
0.47421
0.470317
0.472437
0.465229
0.456085
0.446285
0.432372
0.418456
0.333507
0.191168
2.52273
1.08181
0.27027
0.353668
0.353668
0.5

0.5
0.496709
0.496521
0.498211
0.498156
0.462285
0.462646
0.464107
0.462683
0.456238
0.4456
0.430847
0.407245
0.376805
0.325771
-0.100922
2.95796
1.18109
0.239314
0.344194
0.344194
0.5

0.5
0.496709
0.496521
0.498211
0.498156
0.462285
0.462646
0.464107
0.462683
0.456238
0.4456
0.430847
0.407245
0.376805
0.325771
-0.100922
2.95796
1.18109
0.239314
0.344194
0.344194
0.5


0.5
-0.480429
-0.526694
-0.517781
-0.510202
-0.587988
-0.487191
-0.489049
-0.493618
-0.47937
-0.507093
-0.543532
-0.631398
-0.688331
-0.74023
-0.778944
-0.838949
-0.717804
-0.567485
-0.515503
-0.515503
0.5

0.5
0.480429
0.526694
0.517781
0.510202
0.587988
0.487191
0.489049
0.493618
0.47937
0.507093
0.543532
0.631398
0.688331
0.74023
0.778944
0.838949
0.717804
0.567485
0.515503
0.515503
0.5

0.5
0.473874
0.517058
0.509637
0.48576
0.55384
0.477374
0.479867
0.484221
0.470407
0.497329
0.53359
0.618875
0.675389
0.726638
0.765306
0.830564
0.705732
0.553915
0.503529
0.503529
0.5

0.5
0.476872
0.515678
0.511191
0.475579
0.539619
0.47984
0.480046
0.483823
0.471153
0.496902
0.53365
0.61566
0.67283
0.724217
0.761662
0.84773
0.710763
0.549398
0.500632
0.500632
0.5

0.5
0.480503
0.513784
0.512051
0.479322
0.525974
0.481211
0.47982
0.483255
0.472263
0.496143
0.5327
0.611068
0.668792
0.720064
0.756175
0.873901
0.719337
0.542308
0.496038
0.496038
0.5

0.5
0.48417
0.511918
0.512126
0.487712
0.512303
0.480903
0.479007
0.482714
0.473604
0.495013
0.530157
0.605321
0.663481
0.714242
0.753655
0.905367
0.730739
0.532791
0.489906
0.489906
0.5

0.5
0.48743
0.510375
0.511555
0.49372
0.502038
0.480008
0.477638
0.482356
0.474963
0.493458
0.526202
0.597898
0.656722
0.706222
0.755545
0.942063
0.744296
0.520987
0.482415
0.482415
0.5

0.5
0.490138
0.509161
0.510496
0.495372
0.496449
0.479337
0.475831
0.482292
0.476146
0.491459
0.521274
0.587982
0.648113
0.694721
0.760713
0.986614
0.759912
0.507129
0.473847
0.473847
0.5

0.5
0.492346
0.508176
0.509079
0.492858
0.495034
0.479326
0.473847
0.48246
0.476988
0.489007
0.515396
0.575217
0.636979
0.678666
0.766656
1.04215
0.777867
0.491633
0.464636
0.464636
0.5

0.5
0.494208
0.507362
0.507471
0.486567
0.497247
0.480159
0.472165
0.482519
0.477337
0.486094
0.508485
0.559618
0.622281
0.65705
0.769585
1.11202
0.799037
0.47517
0.455336
0.455336
0.5

0.5
0.495893
0.506698
0.505947
0.478253
0.501513
0.481526
0.471236
0.482046
0.477072
0.482726
0.500542
0.541446
0.602623
0.627068
0.764547
1.20091
0.825423
0.458681
0.44655
0.44655
0.5

0.5
0.497566
0.506195
0.504862
0.475581
0.501262
0.482151
0.471074
0.48088
0.476165
0.47894
0.49167
0.521252
0.576199
0.583145
0.743137
1.31876
0.859838
0.442986
0.438831
0.438831
0.5

0.5
0.499391
0.505886
0.504431
0.47978
0.496105
0.481127
0.471393
0.479104
0.47468
0.474804
0.482041
0.499844
0.540981
0.518938
0.687416
1.48599
0.905293
0.428678
0.432504
0.432504
0.5

0.5
0.50148
0.505749
0.504611
0.487234
0.489189
0.478762
0.471912
0.476894
0.472722
0.470388
0.471831
0.477434
0.496695
0.440657
0.561539
1.7306
0.965675
0.415918
0.427536
0.427536
0.5

0.5
0.503421
0.505246
0.504683
0.495138
0.481501
0.475093
0.471865
0.473925
0.469918
0.465314
0.460937
0.454343
0.448402
0.391164
0.329087
2.05461
1.04292
0.403945
0.423085
0.423085
0.5

0.5
0.499205
0.498514
0.498485
0.495227
0.467393
0.464649
0.465032
0.464714
0.461088
0.455032
0.446535
0.431925
0.411995
0.368772
0.112085
2.36255
1.11652
0.383561
0.412962
0.412962
0.5

0.5
0.499205
0.498514
0.498485
0.495227
0.467393
0.464649
0.465032
0.464714
0.461088
0.455032
0.446535
0.431925
0.411995
0.368772
0.112085
2.36255
1.11652
0.383561
0.412962
0.412962
0.5


0.5
-0.488456
-0.520701
-0.516261
-0.495653
-0.532512
-0.490187
-0.491383
-0.495274
-0.489572
-0.51391
-0.549441
-0.61992
-0.67318
-0.720646
-0.757939
-0.809069
-0.715943
-0.595758
-0.551362
-0.551362
0.5

0.5
0.488456
0.520701
0.516261
0.495653
0.532512
0.490187
0.491383
0.495274
0.489572
0.51391
0.549441
0.61992
0.67318
0.720646
0.757939
0.809069
0.715943
0.595758
0.551362
0.551362
0.5

0.5
0.48146
0.511429
0.507316
0.486663
0.522861
0.481553
0.482171
0.4859
0.480332
0.504025
0.539025
0.607966
0.66061
0.707457
0.745018
0.799174
0.703789
0.582591
0.539317
0.539317
0.5

0.5
0.483525
0.510834
0.507843
0.486014
0.520168
0.482783
0.482081
0.485618
0.480654
0.503561
0.53845
0.60565
0.658619
0.705652
0.744341
0.810014
0.707638
0.579918
0.537495
0.537495
0.5

0.5
0.485904
0.509968
0.508325
0.487443
0.514424
0.483487
0.481731
0.48519
0.481115
0.502772
0.537142
0.602034
0.655302
0.702397
0.742815
0.827112
0.714104
0.575772
0.534631
0.534631
0.5

0.5
0.488372
0.509074
0.508539
0.490607
0.507382
0.483324
0.481023
0.484722
0.481661
0.501647
0.534832
0.59721
0.650715
0.697655
0.742117
0.849384
0.722984
0.570302
0.530858
0.530858
0.5

0.5
0.490709
0.508312
0.508419
0.493479
0.501175
0.48265
0.479959
0.484281
0.482173
0.500146
0.531471
0.590972
0.644703
0.691053
0.743255
0.876555
0.73403
0.563656
0.52632
0.52632
0.5

0.5
0.492804
0.507731
0.507987
0.494674
0.496963
0.481926
0.478629
0.483905
0.482532
0.498249
0.527195
0.582943
0.636935
0.681848
0.745916
0.909694
0.747273
0.556075
0.52123
0.52123
0.5

0.5
0.494665
0.50732
0.507318
0.493811
0.494944
0.481468
0.477199
0.483559
0.48263
0.495952
0.522065
0.572869
0.626906
0.669133
0.748682
0.950643
0.76309
0.547916
0.515868
0.515868
0.5

0.5
0.496362
0.507055
0.506522
0.491153
0.49478
0.481387
0.475898
0.483107
0.482378
0.493259
0.516088
0.560697
0.613897
0.651785
0.749098
1.00186
0.782295
0.539697
0.510572
0.510572
0.5

0.5
0.497999
0.506924
0.505769
0.487794
0.495493
0.48152
0.474934
0.482371
0.481709
0.490186
0.509289
0.546543
0.596988
0.627888
0.743522
1.0672
0.80618
0.531992
0.50568
0.50568
0.5

0.5
0.49971
0.506943
0.505284
0.48625
0.494987
0.481364
0.47436
0.481256
0.480606
0.486766
0.501747
0.530686
0.575125
0.594462
0.725785
1.15372
0.836344
0.525252
0.501473
0.501473
0.5

0.5
0.501621
0.507118
0.50521
0.487888
0.492302
0.480436
0.474075
0.479777
0.479106
0.483053
0.493585
0.513504
0.547389
0.548766
0.684029
1.27362
0.874612
0.51972
0.498104
0.498104
0.5

0.5
0.503843
0.507415
0.505523
0.491832
0.48821
0.4787
0.473926
0.478007
0.477268
0.479102
0.484948
0.495297
0.513925
0.493868
0.597285
1.44273
0.922923
0.515317
0.495505
0.495505
0.5

0.5
0.50597
0.507254
0.505556
0.496313
0.483025
0.475854
0.473233
0.475504
0.474648
0.474493
0.475637
0.476391
0.477771
0.447226
0.449295
1.66288
0.981106
0.511077
0.492851
0.492851
0.5

0.5
0.501905
0.500623
0.499106
0.493606
0.471083
0.466206
0.465879
0.466648
0.465905
0.464427
0.462236
0.456593
0.44731
0.419135
0.305399
1.87144
1.03248
0.498444
0.483439
0.483439
0.5

0.5
0.501905
0.500623
0.499106
0.493606
0.471083
0.466206
0.465879
0.466648
0.465905
0.464427
0.462236
0.456593
0.44731
0.419135
0.305399
1.87144
1.03248
0.498444
0.483439
0.483439
0.5


0.5
-0.494743
-0.516642
-0.514276
-0.501107
-0.520125
-0.494119
-0.493774
-0.497472
-0.498234
-0.520452
-0.554035
-0.610706
-0.659637
-0.70295
-0.737994
-0.777527
-0.712347
-0.623258
-0.586943
-0.586943
0.5

0.5
0.494743
0.516642
0.514276
0.501107
0.520125
0.494119
0.493774
0.497472
0.498234
0.520452
0.554035
0.610706
0.659637
0.70295
0.737994
0.777527
0.712347
0.623258
0.586943
0.586943
0.5

0.5
0.487454
0.507601
0.505268
0.492092
0.510251
0.485048
0.484471
0.488072
0.488777
0.51046
0.54344
0.599113
0.647377
0.690128
0.725396
0.766599
0.700099
0.610399
0.574833
0.574833
0.5

0.5
0.48899
0.507453
0.505524
0.49204
0.508532
0.485319
0.484235
0.487813
0.488807
0.509975
0.542686
0.597432
0.645873
0.688888
0.725652
0.773183
0.70293
0.609298
0.574054
0.574054
0.5

0.5
0.490659
0.50719
0.505817
0.492513
0.505618
0.485412
0.483793
0.487401
0.488826
0.509177
0.541331
0.594684
0.643277
0.686537
0.725563
0.783658
0.707651
0.60764
0.572851
0.572851
0.5

0.5
0.4924
0.506933
0.506062
0.493678
0.501996
0.485111
0.483116
0.486903
0.488826
0.508073
0.539266
0.590908
0.639592
0.683012
0.725693
0.797836
0.714272
0.60556
0.571317
0.571317
0.5

0.5
0.49412
0.50676
0.506191
0.494923
0.498479
0.484472
0.482198
0.486347
0.488742
0.506637
0.536427
0.586006
0.634682
0.678047
0.726471
0.815662
0.722764
0.603197
0.569542
0.569542
0.5

0.5
0.49577
0.506713
0.506192
0.495606
0.495705
0.4837
0.481093
0.48575
0.48851
0.504858
0.532842
0.579797
0.628312
0.671173
0.727788
0.837651
0.733229
0.600739
0.567648
0.567648
0.5

0.5
0.497349
0.5068
0.506083
0.495413
0.493908
0.482969
0.479894
0.485097
0.488072
0.502737
0.528553
0.572135
0.620126
0.661718
0.728853
0.86488
0.745979
0.598458
0.565797
0.565797
0.5

0.5
0.498898
0.507012
0.505917
0.494427
0.492991
0.482368
0.478721
0.484338
0.48738
0.500283
0.523583
0.562956
0.609646
0.648802
0.728189
0.899094
0.761553
0.596652
0.564156
0.564156
0.5

0.5
0.500498
0.507356
0.505796
0.49316
0.492515
0.481844
0.477684
0.483405
0.486402
0.497515
0.517968
0.552305
0.5963
0.631154
0.723357
0.943089
0.780721
0.595622
0.56288
0.56288
0.5

0.5
0.502242
0.507833
0.50583
0.49255
0.491714
0.481195
0.476829
0.482253
0.485129
0.494461
0.511767
0.540312
0.579476
0.607081
0.710256
1.00154
0.804395
0.595576
0.562089
0.562089
0.5

0.5
0.50424
0.508439
0.5061
0.493317
0.490038
0.480195
0.476128
0.48089
0.483594
0.491173
0.505082
0.527191
0.558737
0.575219
0.681649
1.08168
0.833583
0.596553
0.561815
0.561815
0.5

0.5
0.506591
0.509133
0.506586
0.495355
0.487566
0.478761
0.475504
0.479338
0.481821
0.487685
0.498013
0.513175
0.534273
0.536893
0.626164
1.19219
0.869141
0.598375
0.561953
0.561953
0.5

0.5
0.508879
0.509315
0.50665
0.497588
0.484085
0.476421
0.474329
0.477093
0.479322
0.48354
0.490268
0.498393
0.507736
0.499564
0.536436
1.33357
0.910035
0.59998
0.561655
0.561655
0.5

0.5
0.504921
0.502832
0.500017
0.492846
0.473711
0.467294
0.466538
0.468431
0.470609
0.473697
0.477849
0.48118
0.482805
0.472039
0.446366
1.46416
0.942713
0.593
0.553646
0.553646
0.5

0.5
0.504921
0.502832
0.500017
0.492846
0.473711
0.467294
0.466538
0.468431
0.470609
0.473697
0.477849
0.48118
0.482805
0.472039
0.446366
1.46416
0.942713
0.593
0.553646
0.553646
0.5


0.5
-0.499951
-0.513475
-0.512287
-0.504538
-0.509608
-0.496322
-0.495768
-0.499599
-0.505461
-0.52621
-0.557411
-0.602431
-0.646971
-0.686539
-0.718947
-0.74761
-0.709524
-0.650178
-0.621387
-0.621387
0.5

0.5
0.499951
0.513475
0.512287
0.504538
0.509608
0.496322
0.495768
0.499599
0.505461
0.52621
0.557411
0.602431
0.646971
0.686539
0.718947
0.74761
0.709524
0.650178
0.621387
0.621387
0.5

0.5
0.492458
0.504587
0.503292
0.495408
0.500331
0.487102
0.4864
0.490149
0.495821
0.516124
0.546746
0.591133
0.634993
0.67404
0.706463
0.735778
0.697123
0.637542
0.609212
0.609212
0.5

0.5
0.49367
0.504728
0.503473
0.495452
0.499623
0.487005
0.486094
0.48987
0.495632
0.515633
0.546001
0.589974
0.633935
0.673285
0.706862
0.738999
0.699136
0.637817
0.60942
0.60942
0.5

0.5
0.494903
0.504863
0.503706
0.495598
0.498391
0.486747
0.485584
0.489415
0.495323
0.51484
0.544753
0.588012
0.632042
0.671752
0.707075
0.74413
0.702467
0.638317
0.609767
0.609767
0.5

0.5
0.496178
0.505052
0.503989
0.495972
0.49678
0.486266
0.484886
0.488835
0.494914
0.513767
0.54298
0.585275
0.629312
0.669398
0.707269
0.751274
0.707223
0.639147
0.610305
0.610305
0.5

0.5
0.497481
0.505333
0.504295
0.496441
0.495051
0.485558
0.484006
0.488144
0.49438
0.512404
0.540643
0.581715
0.625657
0.666061
0.707574
0.760499
0.713467
0.64039
0.611053
0.611053
0.5

0.5
0.498806
0.505726
0.504605
0.496785
0.493457
0.48469
0.482968
0.487354
0.493697
0.510748
0.537744
0.577254
0.620931
0.661456
0.707931
0.772063
0.721312
0.642172
0.612056
0.612056
0.5

0.5
0.500164
0.506235
0.504913
0.496855
0.492143
0.483745
0.481823
0.486467
0.492844
0.508807
0.534304
0.571816
0.614923
0.655186
0.70802
0.78655
0.73094
0.644607
0.613354
0.613354
0.5

0.5
0.501598
0.506869
0.50524
0.496656
0.491133
0.482794
0.480639
0.485478
0.491805
0.506592
0.530348
0.565363
0.607372
0.646718
0.707147
0.804972
0.742618
0.647798
0.614976
0.614976
0.5

0.5
0.503164
0.507626
0.505619
0.496358
0.490307
0.481846
0.479476
0.48437
0.49057
0.50412
0.525903
0.557899
0.597953
0.635281
0.704054
0.828997
0.756705
0.651841
0.61695
0.61695
0.5

0.5
0.504937
0.508503
0.506087
0.496277
0.489416
0.480845
0.47837
0.483135
0.489147
0.501424
0.521025
0.549492
0.586343
0.619918
0.696525
0.861343
0.773607
0.656749
0.619275
0.619275
0.5

0.5
0.507013
0.509494
0.506676
0.496709
0.488242
0.479716
0.47733
0.481786
0.487561
0.498545
0.515786
0.540256
0.572324
0.59983
0.680665
0.906081
0.793752
0.662431
0.6219
0.6219
0.5

0.5
0.509481
0.51055
0.507354
0.497675
0.486727
0.478397
0.476319
0.48032
0.485816
0.495502
0.510249
0.530332
0.555994
0.575335
0.650403
0.968069
0.817404
0.66866
0.624689
0.624689
0.5

0.5
0.511911
0.511057
0.507498
0.498431
0.484396
0.476339
0.474739
0.4782
0.48339
0.491806
0.504036
0.519613
0.537988
0.5493
0.601609
1.04804
0.843404
0.674351
0.626758
0.626758
0.5

0.5
0.508035
0.504737
0.500744
0.49221
0.475145
0.467524
0.466562
0.469619
0.474669
0.482186
0.492591
0.505008
0.518304
0.525814
0.549005
1.12149
0.860948
0.671093
0.620264
0.620264
0.5

0.5
0.508035
0.504737
0.500744
0.49221
0.475145
0.467524
0.466562
0.469619
0.474669
0.482186
0.492591
0.505008
0.518304
0.525814
0.549005
1.12149
0.860948
0.671093
0.620264
0.620264
0.5


0.5
-0.502281
-0.509176
-0.50887
-0.504787
-0.500605
-0.496263
-0.495721
-0.499596
-0.508792
-0.527826
-0.556195
-0.59203
-0.633661
-0.671978
-0.704549
-0.728341
-0.712771
-0.67444
-0.649175
-0.649175
0.5

0.5
0.502281
0.509176
0.50887
0.504787
0.500605
0.496263
0.495721
0.499596
0.508792
0.527826
0.556195
0.59203
0.633661
0.671978
0.704549
0.728341
0.712771
0.67444
0.649175
0.649175
0.5

0.5
0.494584
0.500325
0.499818
0.495506
0.491609
0.486844
0.4862
0.489998
0.498923
0.517599
0.545445
0.580887
0.621772
0.659506
0.691776
0.715524
0.699974
0.661726
0.636794
0.636794
0.5

0.5
0.495613
0.500684
0.500013
0.495552
0.49153
0.486537
0.485828
0.489659
0.498555
0.517093
0.544743
0.580075
0.620942
0.658911
0.691799
0.716435
0.701644
0.663037
0.637752
0.637752
0.5

0.5
0.496593
0.501116
0.500265
0.495579
0.491266
0.486021
0.485223
0.489099
0.497971
0.516279
0.543598
0.578642
0.619418
0.657669
0.691468
0.717834
0.704339
0.665118
0.639252
0.639252
0.5

0.5
0.497593
0.501647
0.500607
0.49565
0.490826
0.48533
0.484433
0.488367
0.497215
0.515196
0.542035
0.576615
0.617204
0.655763
0.690794
0.719898
0.708192
0.668011
0.641303
0.641303
0.5

0.5
0.498639
0.502278
0.501034
0.495768
0.490195
0.484457
0.48347
0.487475
0.496291
0.513846
0.540042
0.573979
0.614248
0.653088
0.68972
0.722695
0.713293
0.671738
0.643872
0.643872
0.5

0.5
0.499752
0.503006
0.501528
0.4959
0.489386
0.48341
0.482351
0.48644
0.495207
0.512235
0.537623
0.570714
0.61048
0.649507
0.688164
0.726288
0.719692
0.676286
0.646917
0.646917
0.5

0.5
0.500963
0.503837
0.502082
0.496011
0.488442
0.482217
0.481105
0.485283
0.493973
0.510377
0.534792
0.566809
0.605832
0.644858
0.685958
0.730749
0.727433
0.681621
0.650382
0.650382
0.5

0.5
0.502309
0.504775
0.502693
0.49609
0.487436
0.480931
0.479773
0.484027
0.492596
0.508287
0.531566
0.562256
0.600214
0.638908
0.682836
0.736246
0.736528
0.687674
0.654195
0.654195
0.5

0.5
0.50384
0.50582
0.503353
0.496144
0.486421
0.479592
0.478391
0.482691
0.491092
0.505989
0.52798
0.557073
0.593536
0.631357
0.678348
0.743011
0.747017
0.694396
0.658299
0.658299
0.5

0.5
0.505621
0.506969
0.504062
0.49623
0.485432
0.478237
0.476996
0.481294
0.489479
0.503515
0.524082
0.551307
0.585727
0.621861
0.671869
0.75147
0.758902
0.701668
0.662608
0.662608
0.5

0.5
0.507738
0.508214
0.50482
0.496416
0.484475
0.476885
0.475615
0.479855
0.487779
0.500901
0.519926
0.545032
0.576766
0.610123
0.662427
0.762221
0.772181
0.709361
0.667031
0.667031
0.5

0.5
0.510272
0.509509
0.505586
0.496705
0.483502
0.475508
0.474235
0.478364
0.485987
0.498157
0.515553
0.538333
0.566738
0.596146
0.648475
0.775972
0.786735
0.71727
0.671423
0.671423
0.5

0.5
0.512782
0.51023
0.505744
0.49648
0.48191
0.473524
0.472276
0.476253
0.483553
0.494769
0.510524
0.530923
0.555656
0.580515
0.62802
0.792482
0.801428
0.724344
0.674877
0.674877
0.5

0.5
0.50891
0.503978
0.498839
0.489207
0.473414
0.464814
0.46372
0.46764
0.474755
0.485285
0.499851
0.518571
0.540625
0.562363
0.602241
0.802764
0.80727
0.72205
0.669097
0.669097
0.5

0.5
0.50891
0.503978
0.498839
0.489207
0.473414
0.464814
0.46372
0.46764
0.474755
0.485285
0.499851
0.518571
0.540625
0.562363
0.602241
0.802764
0.80727
0.72205
0.669097
0.669097
0.5


0.5
0.5
0.5
0.5
0.5
0.5
0.5
0.5
0.5
0.5
0.5
0.5
0.5
0.5
0.5
0.5
0.5
0.5
0.5
0.5
0.5
0.5

0.5
0.502281
0.509176
0.50887
0.504787
0.500605
0.496263
0.495721
0.499596
0.508792
0.527826
0.556195
0.59203
0.633661
0.671978
0.704549
0.728341
0.712771
0.67444
0.649175
0.649175
0.5

0.5
0.494584
0.500325
0.499818
0.495506
0.491609
0.486844
0.4862
0.489998
0.498923
0.517599
0.545445
0.580887
0.621772
0.659506
0.691776
0.715524
0.699974
0.661726
0.636794
0.636794
0.5

0.5
0.495613
0.500684
0.500013
0.495552
0.49153
0.486537
0.485828
0.489659
0.498555
0.517093
0.544743
0.580075
0.620942
0.658911
0.691799
0.716435
0.701644
0.663037
0.637752
0.637752
0.5

0.5
0.496593
0.501116
0.500265
0.495579
0.491266
0.486021
0.485223
0.489099
0.497971
0.516279
0.543598
0.578642
0.619418
0.657669
0.691468
0.717834
0.704339
0.665118
0.639252
0.639252
0.5

0.5
0.497593
0.501647
0.500607
0.49565
0.490826
0.48533
0.484433
0.488367
0.497215
0.515196
0.542035
0.576615
0.617204
0.655763
0.690794
0.719898
0.708192
0.668011
0.641303
0.641303
0.5

0.5
0.498639
0.502278
0.501034
0.495768
0.490195
0.484457
0.48347
0.487475
0.496291
0.513846
0.540042
0.573979
0.614248
0.653088
0.68972
0.722695
0.713293
0.671738
0.643872
0.643872
0.5

0.5
0.499752
0.503006
0.501528
0.4959
0.489386
0.48341
0.482351
0.48644
0.495207
0.512235
0.537623
0.570714
0.61048
0.649507
0.688164
0.726288
0.719692
0.676286
0.646917
0.646917
0.5

0.5
0.500963
0.503837
0.502082
0.496011
0.488442
0.482217
0.481105
0.485283
0.493973
0.510377
0.534792
0.566809
0.605832
0.644858
0.685958
0.730749
0.727433
0.681621
0.650382
0.650382
0.5

0.5
0.502309
0.504775
0.502693
0.49609
0.487436
0.480931
0.479773
0.484027
0.492596
0.508287
0.531566
0.562256
0.600214
0.638908
0.682836
0.736246
0.736528
0.687674
0.654195
0.654195
0.5

0.5
0.50384
0.50582
0.503353
0.496144
0.486421
0.479592
0.478391
0.482691
0.491092
0.505989
0.52798
0.557073
0.593536
0.631357
0.678348
0.743011
0.747017
0.694396
0.658299
0.658299
0.5

0.5
0.505621
0.506969
0.504062
0.49623
0.485432
0.478237
0.476996
0.481294
0.489479
0.503515
0.524082
0.551307
0.585727
0.621861
0.671869
0.75147
0.758902
0.701668
0.662608
0.662608
0.5

0.5
0.507738
0.508214
0.50482
0.496416
0.484475
0.476885
0.475615
0.479855
0.487779
0.500901
0.519926
0.545032
0.576766
0.610123
0.662427
0.762221
0.772181
0.709361
0.667031
0.667031
0.5

0.5
0.510272
0.509509
0.505586
0.496705
0.483502
0.475508
0.474235
0.478364
0.485987
0.498157
0.515553
0.538333
0.566738
0.596146
0.648475
0.775972
0.786735
0.71727
0.671423
0.671423
0.5

0.5
0.512782
0.51023
0.505744
0.49648
0.48191
0.473524
0.472276
0.476253
0.483553
0.494769
0.510524
0.530923
0.555656
0.580515
0.62802
0.792482
0.801428
0.724344
0.674877
0.674877
0.5

0.5
0.50891
0.503978
0.498839
0.489207
0.473414
0.464814
0.46372
0.46764
0.474755
0.485285
0.499851
0.518571
0.540625
0.562363
0.602241
0.802764
0.80727
0.72205
0.669097
0.669097
0.5

0.5
0.508706
0.504662
0.500472
0.492095
0.477926
0.47052
0.470136
0.474431
0.481767
0.492484
0.507364
0.526756
0.550152
0.574425
0.617115
0.809947
0.810476
0.724612
0.671808
0.671808
0.5


