0
0
0
0
0
0
0
0
0
0
0
0
0
0
0
0
0
0
0
0
0
0

0
0
0
0
0
0
0
0
0
0
0
0
0
0
0
0
0
0
0
0
0
0

0
0
0
0
0
0
0
0
0
0
0
0
0
0
0
0
0
0
0
0
0
0

0
0
0
0
0
0
0
0
0
0
0
0
0
0
0
0
0
0
0
0
0
0

0
0
0
0
0
0
0
0
0
0
0
0
0
0
0
0
0
0
0
0
0
0

0
0
0
0
0
0
0
0
0
0
0
0
0
0
0
0
0
0
0
0
0
0

0
0
0
0
0
0
0
0
0
0
0
0
0
0
0
0
0
0
0
0
0
0

0
0
0
0
0
0
0
0
0
0
0
0
0
0
0
0
0
0
0
0
0
0

0
0
0
0
0
0
0
0
0
0
0
0
0
0
0
0
0
0
0
0
0
0

0
0
0
0
0
0
0
0
0
0
0
0
0
0
0
0
0
0
0
0
0
0

0
0
0
0
0
0
0
0
0
0
0
0
0
0
0
0
0
0
0
0
0
0

0
0
0
0
0
0
0
0
0
0
0
0
0
0
0
0
0
0
0
0
0
0

0
0
0
0
0
0
0
0
0
0
0
0
0
0
0
0
0
0
0
0
0
0

0
0
0
0
0
0
0
0
0
0
0
0
0
0
0
0
0
0
0
0
0
0

0
0
0
0
0
0
0
0
0
0
0
0
0
0
0
0
0
0
0
0
0
0

0
0
0
0
0
0
0
0
0
0
0
0
0
0
0
0
0
0
0
0
0
0

0
0
0
0
0
0
0
0
0
0
0
0
0
0
0
0
0
0
0
0
0
0


0
0
0
0
0
0
0
0
0
0
0
0
0
0
0
0
0
0
0
0
0
0

0.5
0.500435
0.51125
0.558793
0.530876
0.5008
0.495297
0.515017
0.488324
0.560324
0.533154
0.570276
0.604276
0.548673
0.654634
0.909491
0.542248
0.640955
0.586733
0.542289
0.54204
0

0.5
0.500697
0.511965
0.471107
0.52592
0.499167
0.494953
0.517438
0.528526
0.500618
0.529213
0.575418
0.609848
0.579123
0.650033
0.898814
0.485324
0.644674
0.586623
0.540774
0.540554
0

0.5
0.501362
0.5096
0.563385
0.541067
0.502178
0.495573
0.519192
0.525208
0.510179
0.5266
0.571204
0.617577
0.571031
0.644125
0.605312
0.954152
0.685964
0.586178
0.536476
0.536238
0

0.5
0.501801
0.508349
0.565963
0.611471
0.411877
0.485799
0.513631
0.532368
0.514349
0.522685
0.562815
0.621097
0.554718
0.637225
0.594698
0.90422
0.689225
0.582584
0.529773
0.529521
0

0.5
0.502016
0.519651
0.479315
0.625374
0.402775
0.483569
0.517105
0.52701
0.530947
0.520687
0.429474
-0.547878
0.524431
0.645474
0.620695
0.90477
0.693802
0.581198
0.520683
0.520395
0

0.5
0.501877
0.516606
0.549876
0.656826
0.377072
0.482765
0.522289
0.523337
0.518913
0.517561
0.463846
0.709752
0.557269
0.629794
0.640313
0.930632
0.727015
0.519197
0.506394
0.506302
0

0.5
0.501321
0.51341
0.544208
0.694875
0.338986
0.484401
0.526756
0.517163
0.521134
0.517175
0.483834
0.669775
0.5666
0.63268
0.653927
0.97824
0.72902
0.505807
0.493193
0.493097
0

0.5
0.500439
0.509551
0.534349
0.743609
0.285392
0.490458
0.510562
0.547924
0.524933
0.517836
0.497157
0.630368
0.563313
0.899876
0.665232
1.05086
0.7262
0.479677
0.478908
0.478776
0

0.5
0.499304
0.505094
0.519182
0.780191
0.402611
0.513248
0.517004
0.543429
0.526629
0.51887
0.504962
0.598513
0.564616
0.179344
0.598988
1.14911
0.720438
0.444257
0.460499
0.460577
0

0.5
0.497997
0.500148
0.507684
0.311872
0.830611
0.485894
0.520304
0.543433
0.528022
0.519915
0.508648
0.571967
0.555859
0.628948
0.589016
1.30028
0.694388
0.393478
0.444863
0.44497
0

0.5
0.496597
0.495235
0.489727
0.299469
0.715104
0.586137
0.533648
0.545749
0.529558
0.505136
0.50809
0.548203
0.553845
0.606711
0.518022
1.53142
0.65927
0.327862
0.42978
0.430016
0

0.5
0.495191
0.490577
0.478062
0.355163
0.658593
0.583278
0.539357
0.550393
0.530554
0.521038
0.508434
0.52626
0.550509
0.567661
0.437175
1.78898
0.636692
0.247435
0.417609
0.417986
0

0.5
0.494301
0.485887
0.470908
0.394844
0.625298
0.581134
0.55553
0.535312
0.531024
0.51758
0.505224
0.503898
0.536229
0.183925
0.676179
2.21384
0.576587
0.142429
0.411065
0.411575
0

0.5
0.492228
0.482289
0.466145
0.423372
0.603029
0.578695
0.558561
0.541024
0.532111
0.520496
0.503118
0.481733
0.378786
0.354341
0.372563
2.73499
0.519572
-0.0123888
0.414821
0.415286
0

0.5
0.4905
0.479257
0.463104
0.443813
0.588309
0.576647
0.560772
0.544991
0.533296
0.519848
0.499898
0.46224
0.380033
0.304735
0.172329
-0.641922
0.116188
0.560449
0.461363
0.460608
0

0
0
0
0
0
0
0
0
0
0
0
0
0
0
0
0
0
0
0
0
0
0


0
0
0
0
0
0
0
0
0
0
0
0
0
0
0
0
0
0
0
0
0
0

0.5
0.498147
0.514705
0.545419
0.523716
0.518207
0.50411
0.512537
0.526995
0.510801
0.530805
0.509128
0.677949
0.599606
0.654679
0.808112
0.635182
0.665208
0.592679
0.548947
0.548631
0

0.5
0.496121
0.520195
0.54924
0.521898
0.521772
0.507232
0.510722
0.529501
0.514319
0.530067
0.538925
0.633189
0.593187
0.652977
0.778058
0.675665
0.665513
0.59197
0.547599
0.547315
0

0.5
0.499613
0.51385
0.549423
0.538634
0.501058
0.502406
0.51679
0.528076
0.516195
0.527868
0.547063
0.624056
0.589079
0.652191
0.65567
0.800787
0.679922
0.589502
0.543629
0.543336
0

0.5
0.501282
0.512414
0.54944
0.570969
0.470428
0.497475
0.516958
0.528736
0.518325
0.525161
0.536907
0.626973
0.592575
0.661496
0.622593
0.832129
0.689324
0.583976
0.537481
0.537184
0

0.5
0.501857
0.514908
0.545949
0.59138
0.449681
0.495095
0.519027
0.527778
0.52006
0.522692
0.485486
0.598148
0.572617
0.685234
0.56592
0.851982
0.698467
0.572921
0.528986
0.528696
0

0.5
0.501833
0.514024
0.541958
0.60833
0.432681
0.495161
0.521702
0.527063
0.521876
0.52105
0.493535
0.663774
0.574154
0.651428
0.635319
0.88785
0.716172
0.549475
0.517924
0.517677
0

0.5
0.50139
0.511674
0.5368
0.620449
0.420179
0.498425
0.523541
0.52835
0.523744
0.520592
0.502192
0.636863
0.573797
0.628923
0.656508
0.933827
0.724621
0.529414
0.505701
0.505479
0

0.5
0.500643
0.508407
0.52861
0.6167
0.421353
0.506714
0.519901
0.53612
0.525901
0.520855
0.508747
0.61072
0.570487
0.619415
0.660529
0.994655
0.732124
0.506024
0.492228
0.492038
0

0.5
0.499695
0.504439
0.516971
0.568911
0.455228
0.523059
0.523379
0.538572
0.527523
0.521424
0.512744
0.586973
0.562265
0.613128
0.650691
1.07097
0.745465
0.477346
0.477362
0.477209
0

0.5
0.498682
0.499902
0.504484
0.370443
0.680582
0.556704
0.5295
0.540092
0.528808
0.522042
0.514379
0.565294
0.555579
0.597663
0.632915
1.18354
0.80213
0.444372
0.462785
0.462694
0

0.5
0.497863
0.494845
0.491826
0.375774
0.634092
0.566681
0.535373
0.541592
0.529874
0.522496
0.514094
0.54485
0.547127
0.568936
0.602198
1.36368
0.726729
0.384758
0.448059
0.448099
0

0.5
0.497904
0.488532
0.483249
0.402691
0.611408
0.569394
0.541095
0.542517
0.530865
0.522517
0.512491
0.526294
0.529943
0.507706
0.572284
1.60245
0.687539
0.317361
0.435236
0.43542
0

0.5
0.499714
0.477368
0.47966
0.425113
0.594304
0.569881
0.549464
0.54031
0.53158
0.522308
0.509913
0.50726
0.499492
0.355168
0.59647
1.91248
0.648341
0.236904
0.425735
0.426076
0

0.5
0.494917
0.481638
0.472317
0.44345
0.580878
0.56932
0.55359
0.541617
0.532553
0.521974
0.506835
0.48794
0.427009
0.364642
0.430729
2.29258
0.60801
0.144421
0.421186
0.421673
0

0.5
0.49173
0.481641
0.468428
0.458658
0.570086
0.568793
0.55674
0.543778
0.533425
0.521385
0.503642
0.471037
0.406335
0.344902
0.24354
2.61451
0.58658
0.00604871
0.421224
0.421837
0

0
0
0
0
0
0
0
0
0
0
0
0
0
0
0
0
0
0
0
0
0
0


0
0
0
0
0
0
0
0
0
0
0
0
0
0
0
0
0
0
0
0
0
0

0.5
0.499133
0.513883
0.53391
0.512808
0.530672
0.507574
0.51532
0.528263
0.519229
0.530961
0.519247
0.639446
0.601636
0.652458
0.747794
0.680919
0.666213
0.596337
0.555066
0.554759
0

0.5
0.499088
0.515042
0.536132
0.510943
0.533073
0.509517
0.516408
0.528627
0.520002
0.530914
0.535849
0.624393
0.59932
0.652005
0.728476
0.705471
0.670122
0.59563
0.55391
0.553635
0

0.5
0.500464
0.513693
0.537456
0.526173
0.516313
0.507501
0.518096
0.528244
0.520893
0.529638
0.540301
0.618851
0.596291
0.651546
0.682565
0.756392
0.678389
0.592679
0.550331
0.550052
0

0.5
0.501412
0.512908
0.537872
0.545273
0.49626
0.505031
0.519142
0.528386
0.522096
0.527894
0.534303
0.621224
0.593539
0.654428
0.656941
0.791244
0.687056
0.587056
0.544841
0.54456
0

0.5
0.501826
0.512952
0.536384
0.559957
0.480604
0.503754
0.520596
0.528406
0.523329
0.526129
0.516148
0.63468
0.587942
0.65896
0.645575
0.818989
0.696296
0.577444
0.537385
0.537109
0

0.5
0.501802
0.512006
0.533775
0.569405
0.470109
0.504482
0.522315
0.528829
0.52463
0.524919
0.515214
0.62836
0.583658
0.644881
0.655887
0.851807
0.707343
0.562662
0.528026
0.527767
0

0.5
0.501434
0.510083
0.52942
0.571105
0.466782
0.508023
0.523777
0.530412
0.526023
0.524395
0.517445
0.613331
0.579605
0.630402
0.667201
0.893098
0.716608
0.545974
0.517252
0.51701
0

0.5
0.500808
0.507363
0.522759
0.559686
0.475223
0.515406
0.524462
0.53377
0.527495
0.524341
0.519649
0.595987
0.574011
0.619089
0.672031
0.945859
0.725608
0.526066
0.505246
0.505029
0

0.5
0.500015
0.504002
0.513737
0.525073
0.504729
0.527707
0.527316
0.536108
0.528785
0.524506
0.520834
0.578503
0.565925
0.607807
0.669992
1.01312
0.735923
0.501427
0.492204
0.492023
0

0.5
0.49917
0.50014
0.503619
0.440177
0.582735
0.54531
0.531708
0.537827
0.529877
0.524701
0.520766
0.561474
0.556314
0.589946
0.662316
1.10208
0.745089
0.469735
0.478715
0.478593
0

0.5
0.498423
0.495871
0.494372
0.431155
0.58739
0.554661
0.536403
0.539222
0.530811
0.524784
0.519544
0.544845
0.543538
0.561781
0.648024
1.25103
0.726011
0.427195
0.465173
0.46514
0

0.5
0.497972
0.491181
0.487428
0.439989
0.580586
0.559078
0.541176
0.540159
0.531637
0.524648
0.517415
0.528836
0.524735
0.516356
0.62891
1.43363
0.707706
0.376272
0.452482
0.452561
0

0.5
0.497737
0.486355
0.482578
0.451288
0.572416
0.561056
0.546268
0.540369
0.532366
0.52436
0.514644
0.512614
0.497206
0.443844
0.607407
1.65871
0.689528
0.317337
0.441499
0.441706
0

0.5
0.495282
0.485207
0.47791
0.462214
0.564777
0.561813
0.550115
0.541412
0.533165
0.523996
0.511546
0.496312
0.457786
0.414149
0.512399
1.927
0.676317
0.252393
0.432854
0.43319
0

0.5
0.492937
0.484414
0.474522
0.472315
0.558076
0.562492
0.553423
0.54284
0.533817
0.523408
0.508416
0.481949
0.4339
0.394019
0.389122
2.23207
0.658968
0.179872
0.425252
0.425738
0

0
0
0
0
0
0
0
0
0
0
0
0
0
0
0
0
0
0
0
0
0
0


0
0
0
0
0
0
0
0
0
0
0
0
0
0
0
0
0
0
0
0
0
0

0.5
0.500261
0.512356
0.523087
0.475504
0.515986
0.507241
0.51783
0.527963
0.523262
0.532299
0.53452
0.617263
0.603397
0.64953
0.716083
0.700046
0.667933
0.600283
0.561459
0.56116
0

0.5
0.500842
0.513024
0.525865
0.482003
0.559621
0.512839
0.519168
0.528598
0.524132
0.532593
0.540062
0.612763
0.602443
0.649399
0.706495
0.714473
0.671376
0.599632
0.560513
0.560247
0

0.5
0.501316
0.512538
0.527856
0.508461
0.535633
0.512263
0.520123
0.528584
0.524637
0.531787
0.541449
0.609707
0.600116
0.64848
0.687642
0.740269
0.677039
0.596825
0.557376
0.557107
0

0.5
0.501744
0.512019
0.52894
0.526068
0.516064
0.511138
0.521094
0.528784
0.525362
0.530651
0.538229
0.60963
0.59727
0.64799
0.673676
0.766082
0.684052
0.591925
0.55261
0.552339
0

0.5
0.501933
0.511512
0.528575
0.538016
0.502478
0.510634
0.522267
0.529143
0.526196
0.529442
0.531322
0.611784
0.593323
0.646392
0.667732
0.791536
0.691893
0.584278
0.546204
0.545934
0

0.5
0.501847
0.510504
0.526795
0.544265
0.494711
0.511609
0.52365
0.529851
0.527116
0.528508
0.528769
0.606985
0.588874
0.639065
0.670757
0.820808
0.70046
0.573557
0.538246
0.537983
0

0.5
0.50151
0.508857
0.523405
0.543817
0.493352
0.514705
0.525148
0.531165
0.528115
0.527947
0.528258
0.597407
0.583768
0.629454
0.676551
0.856866
0.708825
0.56031
0.528954
0.528701
0

0.5
0.500969
0.506601
0.518245
0.534709
0.499969
0.520405
0.526813
0.533101
0.529152
0.527669
0.528143
0.58541
0.57736
0.619283
0.680774
0.902509
0.717002
0.544053
0.518513
0.518277
0

0.5
0.500288
0.503832
0.511484
0.514177
0.517035
0.528823
0.529394
0.5349
0.530124
0.527536
0.527654
0.572424
0.569103
0.607396
0.68189
0.961348
0.72462
0.523836
0.50713
0.506921
0

0.5
0.499533
0.500672
0.503941
0.479702
0.547302
0.539017
0.532789
0.536443
0.530992
0.527423
0.526505
0.559102
0.558817
0.590961
0.679551
1.03965
0.729125
0.498375
0.495134
0.494968
0

0.5
0.498784
0.497274
0.496996
0.466481
0.558828
0.546502
0.536501
0.537756
0.531757
0.527238
0.524661
0.545658
0.545624
0.567577
0.672904
1.14794
0.725301
0.46659
0.482902
0.482799
0

0.5
0.498072
0.493805
0.491374
0.466392
0.559445
0.551039
0.540272
0.53882
0.532444
0.52694
0.522236
0.532201
0.528299
0.534911
0.660526
1.28207
0.719855
0.429157
0.470947
0.470921
0

0.5
0.497238
0.490627
0.486974
0.470887
0.556522
0.553644
0.543978
0.539676
0.533088
0.526555
0.519399
0.518596
0.506063
0.492802
0.637792
1.44327
0.715275
0.387015
0.459764
0.45983
0

0.5
0.49577
0.488638
0.483176
0.476698
0.552697
0.555174
0.547225
0.540733
0.533747
0.526132
0.516366
0.50501
0.479662
0.461284
0.582767
1.62973
0.714309
0.341979
0.449649
0.449811
0

0.5
0.494124
0.487223
0.480269
0.482827
0.549131
0.556618
0.550247
0.541869
0.534228
0.525506
0.51335
0.492975
0.459438
0.440721
0.515452
1.83599
0.70884
0.291447
0.439213
0.439516
0

0
0
0
0
0
0
0
0
0
0
0
0
0
0
0
0
0
0
0
0
0
0


0
0
0
0
0
0
0
0
0
0
0
0
0
0
0
0
0
0
0
0
0
0

0.5
0.501049
0.510833
0.516158
0.145156
0.186112
0.486825
0.519072
0.528304
0.526572
0.534294
0.542798
0.604015
0.604389
0.646559
0.698586
0.705278
0.668132
0.60438
0.56802
0.567729
0

0.5
0.501707
0.511478
0.518169
0.402279
0.526958
0.513509
0.521321
0.529074
0.527408
0.534717
0.544728
0.602712
0.603981
0.646532
0.694404
0.714205
0.670916
0.603881
0.567293
0.567036
0

0.5
0.501886
0.511242
0.520779
0.481591
0.557139
0.516765
0.522131
0.529201
0.52772
0.534167
0.544772
0.600801
0.60212
0.645372
0.686319
0.729497
0.675086
0.601494
0.564623
0.564363
0

0.5
0.502047
0.510854
0.522315
0.508931
0.533125
0.516139
0.522942
0.529472
0.528174
0.533388
0.542852
0.599535
0.59957
0.643788
0.679708
0.748054
0.680601
0.597491
0.560581
0.560319
0

0.5
0.50208
0.510279
0.522513
0.522762
0.517585
0.515881
0.523918
0.529919
0.528728
0.532528
0.539584
0.598173
0.596196
0.641061
0.676948
0.768985
0.687021
0.591549
0.555185
0.554921
0

0.5
0.501939
0.509341
0.521385
0.528848
0.509931
0.516771
0.525106
0.530624
0.52936
0.531773
0.537302
0.594022
0.592009
0.635911
0.678429
0.793717
0.694046
0.583452
0.5485
0.548238
0

0.5
0.501621
0.50795
0.518896
0.528915
0.508219
0.519197
0.526525
0.531664
0.530054
0.531199
0.535862
0.587151
0.586895
0.628906
0.682074
0.82411
0.701285
0.573166
0.540648
0.540391
0

0.5
0.501149
0.506108
0.515073
0.523208
0.512014
0.523341
0.528251
0.532992
0.530778
0.530777
0.53467
0.578423
0.580561
0.620459
0.685735
0.862275
0.708469
0.560381
0.531775
0.531526
0

0.5
0.500554
0.503873
0.510141
0.511719
0.521268
0.529037
0.530483
0.534361
0.531481
0.530437
0.533311
0.568598
0.572673
0.610001
0.688127
0.910897
0.715086
0.544559
0.522047
0.521816
0

0.5
0.499886
0.501359
0.504674
0.496117
0.534637
0.535498
0.533173
0.535651
0.53213
0.530104
0.531573
0.558147
0.56294
0.596226
0.688473
0.97353
0.720017
0.525109
0.511691
0.511487
0

0.5
0.49918
0.498697
0.499478
0.486647
0.542902
0.540982
0.536094
0.536829
0.532722
0.529729
0.529414
0.547321
0.550906
0.577915
0.685795
1.05366
0.72231
0.50172
0.500981
0.500817
0

0.5
0.498431
0.496035
0.49501
0.483948
0.545552
0.544909
0.539057
0.537888
0.533269
0.529296
0.526886
0.536259
0.536114
0.554333
0.678372
1.15113
0.723893
0.474773
0.490249
0.490135
0

0.5
0.497585
0.493599
0.491305
0.484971
0.545247
0.547556
0.54194
0.538868
0.53379
0.528814
0.5241
0.525034
0.518501
0.526418
0.662598
1.26551
0.726319
0.445073
0.479801
0.479746
0

0.5
0.496532
0.491627
0.488116
0.487596
0.543745
0.549399
0.544619
0.539893
0.534313
0.528316
0.521199
0.513833
0.499032
0.500624
0.631593
1.39456
0.730787
0.413891
0.469822
0.469829
0

0.5
0.495315
0.490017
0.485605
0.490964
0.542258
0.551193
0.547209
0.540865
0.534648
0.527642
0.518352
0.503898
0.48309
0.482668
0.598212
1.53404
0.730689
0.378583
0.459026
0.459153
0

0
0
0
0
0
0
0
0
0
0
0
0
0
0
0
0
0
0
0
0
0
0


0
0
0
0
0
0
0
0
0
0
0
0
0
0
0
0
0
0
0
0
0
0

0.5
0.501546
0.50964
0.512349
0.470431
0.557869
0.515744
0.522315
0.52908
0.529361
0.536523
0.547773
0.595204
0.604788
0.643877
0.687982
0.70368
0.667144
0.608519
0.574633
0.574352
0

0.5
0.502187
0.510254
0.514818
0.485297
0.561117
0.5188
0.523416
0.529851
0.53015
0.537014
0.548614
0.594905
0.604646
0.643934
0.686496
0.709617
0.669402
0.608236
0.574134
0.573887
0

0.5
0.502247
0.510091
0.516752
0.497474
0.546815
0.519486
0.523965
0.530015
0.530344
0.536608
0.548188
0.5935
0.603122
0.642809
0.683152
0.719637
0.672544
0.606321
0.571922
0.571673
0

0.5
0.502279
0.509775
0.517977
0.508815
0.533075
0.519424
0.524627
0.530297
0.530627
0.536034
0.546854
0.591889
0.600914
0.641106
0.680458
0.733087
0.676863
0.603206
0.568587
0.568334
0

0.5
0.502227
0.509253
0.518259
0.51689
0.523264
0.519505
0.525439
0.530725
0.530982
0.535377
0.54488
0.58969
0.597969
0.638504
0.679675
0.749518
0.68205
0.598697
0.564151
0.563895
0

0.5
0.502059
0.508447
0.517521
0.520993
0.517723
0.520304
0.526445
0.531335
0.531396
0.534735
0.543006
0.586031
0.594214
0.634561
0.681097
0.769502
0.687848
0.592624
0.55866
0.558401
0

0.5
0.501767
0.50731
0.515745
0.52128
0.516057
0.522124
0.527683
0.532146
0.531855
0.534159
0.541355
0.580759
0.589545
0.629256
0.683979
0.794121
0.694022
0.584862
0.552192
0.551934
0

0.5
0.501354
0.505836
0.512991
0.518004
0.517898
0.525046
0.529194
0.533124
0.532338
0.533648
0.539758
0.574165
0.583787
0.622552
0.687278
0.824761
0.700332
0.575202
0.544859
0.544604
0

0.5
0.500849
0.50408
0.509475
0.511701
0.522728
0.528899
0.531031
0.534171
0.532815
0.53317
0.538027
0.56662
0.576736
0.614099
0.690134
0.863105
0.706457
0.563349
0.536783
0.536536
0

0.5
0.500276
0.50212
0.505571
0.503876
0.529223
0.533172
0.533147
0.535214
0.533268
0.532689
0.536054
0.558426
0.568189
0.603249
0.691812
0.911005
0.711985
0.549062
0.528127
0.527894
0

0.5
0.499646
0.500045
0.501737
0.498017
0.534241
0.537079
0.535421
0.536217
0.533694
0.532182
0.533809
0.549786
0.55793
0.589422
0.69145
0.969894
0.716793
0.532295
0.519092
0.518881
0

0.5
0.498977
0.497983
0.498294
0.495295
0.536748
0.540204
0.537736
0.537171
0.534095
0.53164
0.531327
0.540847
0.545822
0.5724
0.687729
1.03992
0.721566
0.513339
0.509898
0.509716
0

0.5
0.498251
0.496046
0.495309
0.494897
0.537424
0.542564
0.540004
0.538091
0.53448
0.53107
0.528676
0.531733
0.532023
0.552905
0.678625
1.12039
0.727006
0.492765
0.500754
0.500605
0

0.5
0.497454
0.494313
0.49268
0.495767
0.537146
0.544391
0.542179
0.539023
0.53487
0.530504
0.525973
0.522638
0.517247
0.533391
0.662083
1.2093
0.733507
0.471386
0.491794
0.49168
0

0.5
0.496506
0.492755
0.490536
0.497392
0.536846
0.546204
0.544304
0.539844
0.535068
0.529776
0.523334
0.514561
0.504975
0.519258
0.647064
1.30373
0.736085
0.44677
0.481863
0.481845
0

0
0
0
0
0
0
0
0
0
0
0
0
0
0
0
0
0
0
0
0
0
0


0
0
0
0
0
0
0
0
0
0
0
0
0
0
0
0
0
0
0
0
0
0

0.5
0.501856
0.508669
0.512035
0.495424
0.549426
0.520342
0.524327
0.530015
0.531778
0.53879
0.551149
0.588925
0.604814
0.641579
0.680714
0.698709
0.665349
0.612611
0.581194
0.580923
0

0.5
0.502477
0.509279
0.513531
0.49949
0.54533
0.521455
0.525244
0.530784
0.53253
0.539324
0.551681
0.588981
0.604843
0.641749
0.680543
0.702894
0.6672
0.61254
0.580912
0.580676
0

0.5
0.502483
0.509142
0.514564
0.50502
0.537848
0.521706
0.525629
0.530939
0.532641
0.539003
0.551143
0.587853
0.603597
0.64081
0.67939
0.709775
0.669584
0.6111
0.579145
0.578906
0

0.5
0.502456
0.508875
0.515296
0.510709
0.530459
0.521771
0.52614
0.531188
0.532803
0.538548
0.550106
0.586288
0.601742
0.63936
0.678681
0.719524
0.672944
0.6088
0.576489
0.576246
0

0.5
0.502368
0.508436
0.515456
0.515113
0.524686
0.52198
0.526789
0.53155
0.533011
0.538007
0.548678
0.584109
0.599241
0.637245
0.679033
0.731978
0.677079
0.605516
0.572963
0.572715
0

0.5
0.502199
0.507781
0.514925
0.517513
0.521124
0.522652
0.527605
0.532037
0.533257
0.537433
0.547114
0.581007
0.596031
0.63427
0.680641
0.747428
0.68181
0.601125
0.568598
0.568347
0

0.5
0.50194
0.506881
0.513666
0.517733
0.519832
0.523974
0.52861
0.532654
0.53353
0.536859
0.545514
0.576877
0.592023
0.630315
0.683214
0.766489
0.68699
0.595533
0.563458
0.563203
0

0.5
0.501596
0.505745
0.511739
0.515903
0.52063
0.525989
0.529829
0.533379
0.533817
0.536294
0.543843
0.571819
0.587111
0.625262
0.686254
0.789998
0.692445
0.588588
0.557613
0.557356
0

0.5
0.501182
0.504406
0.509294
0.512452
0.523091
0.528568
0.531266
0.534168
0.534106
0.535727
0.542037
0.566015
0.581173
0.618865
0.689192
0.818905
0.698021
0.58016
0.55116
0.550904
0

0.5
0.500703
0.502908
0.506556
0.508281
0.526399
0.531411
0.532883
0.534979
0.534386
0.535148
0.540049
0.559641
0.574092
0.610784
0.691501
0.854171
0.703562
0.570162
0.544219
0.543968
0

0.5
0.500185
0.501334
0.503811
0.504797
0.529301
0.534133
0.534614
0.535789
0.534653
0.534547
0.537875
0.552853
0.565777
0.600744
0.692526
0.896418
0.709084
0.558625
0.536925
0.536682
0

0.5
0.499634
0.499755
0.501258
0.502728
0.531138
0.536479
0.536385
0.536584
0.534905
0.533917
0.535532
0.545768
0.556226
0.588712
0.691426
0.945661
0.714846
0.545768
0.529435
0.529204
0

0.5
0.499053
0.498233
0.498959
0.501944
0.531988
0.5384
0.538142
0.537371
0.535155
0.533278
0.533087
0.538525
0.545628
0.575119
0.687177
1.00125
0.721093
0.531961
0.521889
0.521672
0

0.5
0.498453
0.496804
0.496877
0.501984
0.532228
0.540003
0.539859
0.538166
0.535414
0.532652
0.530621
0.531285
0.534467
0.561073
0.679239
1.06164
0.727888
0.517714
0.514397
0.514195
0

0.5
0.497693
0.495418
0.4951
0.502605
0.532465
0.541606
0.541524
0.538822
0.535478
0.531874
0.528216
0.524847
0.525207
0.550776
0.673773
1.12491
0.731571
0.500899
0.505916
0.505789
0

0
0
0
0
0
0
0
0
0
0
0
0
0
0
0
0
0
0
0
0
0
0


0
0
0
0
0
0
0
0
0
0
0
0
0
0
0
0
0
0
0
0
0
0

0.5
0.502064
0.507887
0.511795
0.504962
0.536792
0.52246
0.526014
0.531032
0.533928
0.541007
0.553662
0.584185
0.604642
0.639661
0.67513
0.692154
0.663055
0.616557
0.587591
0.587331
0

0.5
0.502672
0.508497
0.512817
0.507357
0.535011
0.523251
0.526847
0.531788
0.53465
0.541568
0.554127
0.584404
0.604809
0.639961
0.675597
0.695181
0.664588
0.616691
0.587518
0.587293
0

0.5
0.502656
0.508375
0.513301
0.510059
0.53127
0.523348
0.527113
0.531912
0.534699
0.5413
0.553607
0.583487
0.603816
0.639273
0.675474
0.699893
0.666376
0.615701
0.586177
0.58595
0

0.5
0.502607
0.508152
0.51364
0.512852
0.527425
0.523444
0.527488
0.532106
0.53477
0.540916
0.552756
0.58213
0.602321
0.638204
0.675738
0.706765
0.668939
0.614135
0.584166
0.583934
0

0.5
0.502512
0.5078
0.513651
0.515069
0.524277
0.523679
0.527978
0.532381
0.534863
0.540443
0.55162
0.580255
0.600296
0.636677
0.676678
0.715758
0.672157
0.611917
0.581499
0.581262
0

0.5
0.50236
0.507293
0.513233
0.516292
0.522228
0.524204
0.528594
0.532739
0.534971
0.539909
0.550295
0.577745
0.597692
0.634584
0.678394
0.72703
0.675927
0.608986
0.578206
0.577964
0

0.5
0.502146
0.50662
0.512362
0.516368
0.521403
0.525125
0.529353
0.533182
0.53509
0.539337
0.548834
0.574549
0.594456
0.631838
0.680782
0.740923
0.680141
0.605256
0.574323
0.574075
0

0.5
0.501875
0.505787
0.511069
0.515342
0.521719
0.526452
0.530262
0.533696
0.535216
0.538738
0.54725
0.57071
0.590522
0.628311
0.683546
0.757869
0.684717
0.600672
0.569911
0.569656
0

0.5
0.501546
0.504804
0.509436
0.513469
0.52293
0.528108
0.531314
0.534262
0.535342
0.538116
0.545524
0.566314
0.585815
0.623844
0.686388
0.778394
0.689559
0.595169
0.565037
0.564778
0

0.5
0.501176
0.503718
0.50761
0.511229
0.52461
0.529938
0.532487
0.534858
0.535466
0.53747
0.543651
0.56147
0.580285
0.618272
0.688945
0.80295
0.694611
0.588717
0.559777
0.559515
0

0.5
0.500776
0.502574
0.505749
0.509237
0.526214
0.531747
0.533743
0.535466
0.535579
0.536794
0.54163
0.556272
0.573903
0.611459
0.690796
0.831795
0.699881
0.581369
0.55423
0.553966
0

0.5
0.500354
0.501412
0.503964
0.507866
0.527384
0.533388
0.535038
0.53608
0.53569
0.536101
0.539494
0.550827
0.566711
0.603411
0.691437
0.864853
0.705452
0.573273
0.548498
0.548233
0

0.5
0.49992
0.500268
0.502306
0.507146
0.528076
0.534819
0.536341
0.536701
0.535806
0.535404
0.537292
0.545244
0.558866
0.59437
0.690371
0.901626
0.711373
0.564652
0.542675
0.542411
0

0.5
0.499488
0.49916
0.500763
0.506891
0.528435
0.536083
0.537637
0.537335
0.535935
0.534725
0.535086
0.539652
0.550687
0.584898
0.687501
0.941057
0.717581
0.555794
0.536843
0.53658
0

0.5
0.498876
0.497995
0.499357
0.506988
0.528795
0.537333
0.538857
0.53781
0.535867
0.533899
0.532927
0.534667
0.543927
0.578016
0.686852
0.981921
0.721483
0.544924
0.530062
0.529857
0

0
0
0
0
0
0
0
0
0
0
0
0
0
0
0
0
0
0
0
0
0
0


0
0
0
0
0
0
0
0
0
0
0
0
0
0
0
0
0
0
0
0
0
0

0.5
0.502229
0.507236
0.511608
0.511418
0.527997
0.523721
0.527493
0.532071
0.535884
0.543136
0.555683
0.580334
0.604386
0.638067
0.670468
0.685013
0.660535
0.620313
0.59373
0.59348
0

0.5
0.502832
0.507848
0.51238
0.51276
0.527674
0.524453
0.528272
0.532808
0.536581
0.543716
0.556153
0.580662
0.604677
0.638503
0.67125
0.687164
0.661807
0.620644
0.593856
0.593642
0

0.5
0.502807
0.507741
0.512518
0.513822
0.526119
0.524534
0.528446
0.532892
0.536579
0.543483
0.555693
0.57994
0.603928
0.638082
0.671625
0.690182
0.663095
0.62007
0.592921
0.592704
0

0.5
0.502756
0.507562
0.512572
0.514906
0.524491
0.524662
0.5287
0.533022
0.536576
0.543143
0.554986
0.578853
0.602794
0.63743
0.672364
0.694655
0.664973
0.619171
0.591521
0.5913
0

0.5
0.50267
0.507295
0.512455
0.51574
0.523128
0.524885
0.529033
0.533201
0.536571
0.542711
0.554051
0.577371
0.601256
0.636503
0.673576
0.700576
0.667384
0.61792
0.589672
0.589445
0

0.5
0.502547
0.506933
0.51212
0.516152
0.522226
0.525267
0.529453
0.533432
0.536562
0.542201
0.552923
0.575454
0.599293
0.635259
0.675311
0.708021
0.67026
0.616267
0.587389
0.587155
0

0.5
0.502387
0.506472
0.511551
0.516068
0.521857
0.525847
0.529963
0.533713
0.536551
0.541629
0.551635
0.573087
0.596872
0.63362
0.677487
0.717124
0.673566
0.614205
0.584707
0.584464
0

0.5
0.502184
0.505905
0.510754
0.515502
0.521986
0.526624
0.530563
0.534039
0.536535
0.541008
0.5502
0.570288
0.59395
0.631504
0.679985
0.728087
0.677244
0.611709
0.581668
0.581417
0

0.5
0.501948
0.505252
0.50978
0.514577
0.522515
0.527569
0.531252
0.534402
0.536517
0.540346
0.54863
0.567105
0.590506
0.628847
0.68265
0.741125
0.68125
0.608744
0.578308
0.578047
0

0.5
0.501686
0.504535
0.508702
0.5135
0.52327
0.528615
0.532019
0.534791
0.536491
0.539644
0.546925
0.563589
0.586519
0.625554
0.685279
0.756415
0.685547
0.605316
0.57468
0.574409
0

0.5
0.501405
0.503772
0.507584
0.512503
0.524027
0.529674
0.532844
0.535199
0.536463
0.538913
0.545107
0.559808
0.58199
0.621553
0.687619
0.774028
0.690137
0.601478
0.570845
0.570564
0

0.5
0.501113
0.502987
0.506484
0.51175
0.524635
0.530681
0.533707
0.535624
0.536437
0.538165
0.543204
0.555833
0.576967
0.616857
0.689416
0.793882
0.695018
0.5973
0.566862
0.566571
0

0.5
0.500821
0.502196
0.505427
0.51127
0.525054
0.531611
0.534593
0.536066
0.53642
0.537418
0.541258
0.551744
0.571556
0.611584
0.690435
0.815673
0.700157
0.592891
0.562787
0.562487
0

0.5
0.500539
0.501409
0.504409
0.511
0.525333
0.532483
0.535494
0.536527
0.536421
0.536688
0.539314
0.547637
0.565949
0.606011
0.690664
0.838813
0.70546
0.588374
0.558668
0.558358
0

0.5
0.500053
0.500482
0.503377
0.510853
0.525583
0.533305
0.536288
0.536813
0.536224
0.535816
0.537398
0.543957
0.561333
0.602103
0.692436
0.862557
0.709222
0.582335
0.553661
0.553394
0

0
0
0
0
0
0
0
0
0
0
0
0
0
0
0
0
0
0
0
0
0
0


0
0
0
0
0
0
0
0
0
0
0
0
0
0
0
0
0
0
0
0
0
0

0.5
0.502213
0.506539
0.511415
0.516271
0.52067
0.524653
0.528813
0.532937
0.537363
0.544585
0.556575
0.576069
0.603482
0.636177
0.666221
0.678633
0.659352
0.624967
0.59997
0.599703
0

0.5
0.502813
0.507152
0.512021
0.516911
0.521421
0.525393
0.529542
0.533646
0.538033
0.545173
0.557063
0.576477
0.603859
0.636694
0.667106
0.680015
0.660437
0.625519
0.600299
0.600068
0

0.5
0.502785
0.507056
0.511911
0.516868
0.521526
0.525501
0.529619
0.533675
0.537979
0.544958
0.55666
0.575912
0.603283
0.636441
0.667624
0.681531
0.661372
0.625403
0.599771
0.599536
0

0.5
0.502734
0.50691
0.511737
0.516766
0.521633
0.525646
0.529733
0.533718
0.537898
0.544641
0.556059
0.575059
0.602411
0.63605
0.668416
0.683821
0.662779
0.625232
0.598984
0.598744
0

0.5
0.502658
0.506713
0.511498
0.516599
0.521714
0.525816
0.52988
0.533779
0.537793
0.544227
0.555267
0.573923
0.601238
0.63551
0.669486
0.68689
0.664644
0.624993
0.597947
0.5977
0

0.5
0.50256
0.506467
0.51119
0.516361
0.521746
0.526
0.530059
0.533856
0.537666
0.543724
0.554297
0.572512
0.599757
0.634794
0.670811
0.690733
0.666972
0.624699
0.596678
0.596421
0

0.5
0.502437
0.506166
0.510809
0.51605
0.521725
0.526189
0.530267
0.533951
0.537521
0.543142
0.553163
0.570831
0.597952
0.633869
0.672372
0.695354
0.669747
0.624357
0.595197
0.594929
0

0.5
0.50229
0.505816
0.510364
0.515669
0.521646
0.526382
0.530505
0.534066
0.537362
0.542495
0.551884
0.568896
0.595826
0.63272
0.674108
0.700737
0.672962
0.623962
0.593523
0.593243
0

0.5
0.502127
0.505425
0.509871
0.51525
0.52154
0.52659
0.530779
0.534202
0.537192
0.541789
0.55047
0.566719
0.593378
0.631315
0.67597
0.706881
0.676579
0.623502
0.591671
0.591378
0

0.5
0.501949
0.504997
0.509338
0.514816
0.521419
0.526814
0.531089
0.534359
0.537016
0.541037
0.548942
0.564323
0.590613
0.629613
0.677838
0.713731
0.680599
0.623009
0.589673
0.589366
0

0.5
0.501762
0.504536
0.508778
0.514398
0.521305
0.527061
0.531437
0.53454
0.53684
0.540254
0.547325
0.561743
0.587553
0.627595
0.679627
0.721232
0.684975
0.62248
0.58755
0.587227
0

0.5
0.501574
0.50405
0.5082
0.514021
0.521214
0.527337
0.531824
0.534746
0.536672
0.539456
0.545646
0.55902
0.584237
0.625268
0.681252
0.729291
0.689643
0.621914
0.58532
0.584982
0

0.5
0.501392
0.503542
0.50761
0.513687
0.521152
0.527645
0.53225
0.534979
0.536519
0.538661
0.543939
0.556206
0.580729
0.622679
0.682648
0.737778
0.694519
0.621308
0.583003
0.58265
0

0.5
0.501225
0.503015
0.507006
0.513388
0.52112
0.527989
0.532714
0.53524
0.536389
0.537886
0.542239
0.553366
0.577128
0.619939
0.683837
0.74653
0.69949
0.62065
0.580611
0.580243
0

0.5
0.500831
0.502277
0.506253
0.513008
0.521027
0.52825
0.533041
0.535313
0.536062
0.536973
0.540549
0.550796
0.574142
0.618089
0.685774
0.755328
0.703548
0.618836
0.577378
0.577045
0

0
0
0
0
0
0
0
0
0
0
0
0
0
0
0
0
0
0
0
0
0
0


0
0
0
0
0
0
0
0
0
0
0
0
0
0
0
0
0
0
0
0
0
0

0
0
0
0
0
0
0
0
0
0
0
0
0
0
0
0
0
0
0
0
0
0

0
0
0
0
0
0
0
0
0
0
0
0
0
0
0
0
0
0
0
0
0
0

0
0
0
0
0
0
0
0
0
0
0
0
0
0
0
0
0
0
0
0
0
0

0
0
0
0
0
0
0
0
0
0
0
0
0
0
0
0
0
0
0
0
0
0

0
0
0
0
0
0
0
0
0
0
0
0
0
0
0
0
0
0
0
0
0
0

0
0
0
0
0
0
0
0
0
0
0
0
0
0
0
0
0
0
0
0
0
0

0
0
0
0
0
0
0
0
0
0
0
0
0
0
0
0
0
0
0
0
0
0

0
0
0
0
0
0
0
0
0
0
0
0
0
0
0
0
0
0
0
0
0
0

0
0
0
0
0
0
0
0
0
0
0
0
0
0
0
0
0
0
0
0
0
0

0
0
0
0
0
0
0
0
0
0
0
0
0
0
0
0
0
0
0
0
0
0

0
0
0
0
0
0
0
0
0
0
0
0
0
0
0
0
0
0
0
0
0
0

0
0
0
0
0
0
0
0
0
0
0
0
0
0
0
0
0
0
0
0
0
0

0
0
0
0
0
0
0
0
0
0
0
0
0
0
0
0
0
0
0
0
0
0

0
0
0
0
0
0
0
0
0
0
0
0
0
0
0
0
0
0
0
0
0
0

0
0
0
0
0
0
0
0
0
0
0
0
0
0
0
0
0
0
0
0
0
0

0
0
0
0
0
0
0
0
0
0
0
0
0
0
0
0
0
0
0
0
0
0


