0
0
0
0
0
0
0
0
0
0
0
0
0
0
0
0
0
0
0
0
0
0

0
-0.0292483
-0.0409224
-0.0287235
-0.0784976
-0.145832
-0.0690657
-0.0324555
-0.019644
-0.0572741
-0.0122256
-0.0287632
0.396261
-0.0540734
-0.0395878
-0.0415031
-0.510441
-0.0738685
-0.0838882
-0.0688004
-0.0440256
0

0
-0.0299105
0.036898
-0.0202802
-0.0991521
-0.0265663
-0.063274
-0.100548
-0.0451481
-0.0572741
-0.0148725
-0.0142203
-0.16777
-0.100089
-0.0384004
-0.0235163
-0.679313
-0.144799
-0.0846137
-0.0696507
-0.0440875
0

0
-0.0290365
-0.03854
-0.0216998
-0.0908824
-0.0752269
-0.0679144
-0.0346897
-0.0497535
-0.0431083
-0.0175653
-0.0105584
-0.12526
-0.117677
-0.0363603
0.00154321
0.53706
-0.0584861
-0.0795329
-0.0712715
-0.0441904
0

0
-0.0288257
-0.0330476
-0.0102007
-0.0868815
-0.307295
-0.0878134
-0.0402449
-0.0226774
-0.034969
-0.0167066
-0.00251531
-0.146711
0.0194978
-0.0245307
0.0850913
0.23538
-0.0701015
-0.0738685
-0.0739142
-0.0443391
0

0
-0.0285639
-0.0313094
-0.0513833
-0.0915563
-0.29158
-0.0892108
-0.0409155
-0.03312
-0.031995
-0.0152698
-0.000600959
0.396261
-0.191042
-0.0160055
-0.770261
0.0906081
-0.087683
-0.0532872
-0.0774865
-0.0445211
0

0
-0.0282488
-0.0303317
-0.0427497
-0.085461
-0.335113
-0.0915551
-0.0398902
-0.0433955
-0.028931
-0.0154423
0.00366391
0.178283
-0.102403
-0.0215114
0.112108
0.0802278
-0.108843
-0.186775
-0.0892121
-0.0448506
0

0
-0.0278643
-0.0293266
-0.0378511
-0.0784976
-0.454918
-0.0953229
-0.0375031
-0.0623214
-0.0270279
-0.0153377
0.00336429
0.106009
-0.0529275
-0.0134146
0.0328815
0.0591332
-0.144283
-0.180582
-0.0947858
-0.0450934
0

0
-0.027407
-0.0281163
-0.0337162
-0.0659008
-0.679804
-0.100548
-0.0346883
0.0157427
-0.0213699
-0.0150639
0.00156798
0.0660344
-0.0262664
-0.00842628
0.00821983
0.0611896
-0.202731
-0.197983
-0.100727
-0.0453779
0

0
-0.0268802
-0.0265663
-0.0295907
-0.0445078
-0.788722
-0.0943014
-0.0314413
-0.00198282
-0.0204295
-0.0148725
-0.000778894
0.04259
-0.0102217
0.0348135
-0.0525112
0.0798099
-0.336239
-0.23903
-0.109424
-0.0453038
0

0
-0.0262919
-0.0244069
-0.024995
-0.049518
1.21953
0.112382
-0.0218899
-0.00635155
-0.019644
-0.0145444
-0.00335735
0.0285027
0.000956015
0.00989606
-0.0796098
0.104252
0.52422
-0.186775
-0.111904
-0.0454182
0

0
-0.0256591
-0.0207857
-0.0216791
-0.00920507
0.484212
0.0668933
-0.0131965
-0.00317172
-0.018944
-0.0137628
-0.00625659
0.0198549
0.0255566
-0.0138436
-0.178498
0.201942
-0.437534
-0.329289
-0.118221
-0.0455501
0

0
-0.0250254
-0.0135398
-0.0199062
0.00765097
0.28573
0.0519617
-0.00822628
0.00797976
-0.0183188
-0.0150022
-0.00718519
0.0149228
0.0194978
-0.0603498
-0.290477
0.351598
-0.565722
-0.396745
-0.116317
-0.0454623
0

0
-0.0231662
-0.0915563
0.0257856
0.0179973
0.190448
0.0433856
-0.00474089
-0.0364546
-0.0203946
-0.0157016
-0.00852541
0.011925
0.0321484
-0.15271
0.823181
0.675474
-0.770261
-0.492902
-0.10429
-0.0452137
0

0
-0.0239132
-0.0111042
-0.0131694
0.0214788
0.139847
0.0373361
-0.0022715
-0.0231215
-0.0198639
-0.0169456
-0.00929778
0.0102018
0.0436407
0.356039
0.52422
1.13883
-1.10496
-0.629275
-0.0708453
-0.0447639
0

0
-0.0234327
-0.0186974
-0.00575235
0.0257856
0.117537
0.032614
-2.01307e-05
-0.01573
-0.0194081
-0.0180004
-0.0101952
0.0088196
0.0557342
0.190102
0.427332
1.86023
-1.64749
-0.834618
0.0130028
-0.0440543
0

0
0
0
0
0
0
0
0
0
0
0
0
0
0
0
0
0
0
0
0
0
0


0
0
0
0
0
0
0
0
0
0
0
0
0
0
0
0
0
0
0
0
0
0

0
-0.029019
-0.0408361
-0.0287055
-0.078235
-0.145597
-0.0693959
-0.0326403
-0.0196616
-0.0571944
-0.012388
-0.0292515
0.396842
-0.0519578
-0.0396446
-0.0405141
-0.504965
-0.0758674
-0.0838765
-0.0689125
-0.0441334
0

0
-0.0297718
0.0367446
-0.0199702
-0.0989056
-0.0271055
-0.0630961
-0.100289
-0.0453365
-0.0572049
-0.015039
-0.0140072
-0.164783
-0.100388
-0.0386859
-0.0222114
-0.660564
-0.146895
-0.0849391
-0.0697605
-0.0441967
0

0
-0.0288101
-0.0385033
-0.0216709
-0.0906038
-0.0753111
-0.0680092
-0.0348045
-0.0496699
-0.0431508
-0.0176744
-0.010418
-0.124537
-0.117547
-0.0367395
0.000703697
0.541425
-0.0547297
-0.0794761
-0.0713535
-0.0443051
0

0
-0.0286076
-0.0330595
-0.0102358
-0.0862405
-0.304806
-0.0885786
-0.0404537
-0.0227483
-0.0349403
-0.0167967
-0.00236994
-0.143414
0.018821
-0.0244921
0.0846061
0.235529
-0.0682011
-0.0739331
-0.0739624
-0.0444628
0

0
-0.0283495
-0.0312748
-0.0512293
-0.0910715
-0.290322
-0.0899051
-0.0411067
-0.0331651
-0.0320187
-0.0153568
-0.00110417
0.396992
-0.189984
-0.0155094
-0.748044
0.087197
-0.0865716
-0.0534883
-0.0774325
-0.0446567
0

0
-0.0280375
-0.0303102
-0.0426328
-0.0848653
-0.333156
-0.0923457
-0.0400743
-0.0434133
-0.0290044
-0.0155215
0.00338378
0.178879
-0.100584
-0.0220273
0.113751
0.0807435
-0.107349
-0.185597
-0.0896411
-0.0450275
0

0
-0.0276565
-0.0293121
-0.0377567
-0.0776627
-0.450734
-0.0963927
-0.0376796
-0.0621065
-0.0271751
-0.0154092
0.00316515
0.106107
-0.05199
-0.0136152
0.0323191
0.0594786
-0.142483
-0.180392
-0.0951774
-0.0452869
0

0
-0.0272034
-0.0281078
-0.0336448
-0.0646165
-0.670138
-0.102035
-0.0349913
0.0156099
-0.021229
-0.0151119
0.00142101
0.0660114
-0.0257506
-0.00824234
0.00765739
0.0617564
-0.19982
-0.197829
-0.101164
-0.0455873
0

0
-0.0266817
-0.026564
-0.0295502
-0.0431967
-0.757869
-0.0950565
-0.0316963
-0.00208856
-0.0203641
-0.0149142
-0.000891065
0.0425239
-0.00997728
0.0346874
-0.0527352
0.0806665
-0.332538
-0.239299
-0.109925
-0.0455395
0

0
-0.0260996
-0.0244116
-0.0249535
-0.0502913
1.23412
0.119109
-0.0213578
-0.00639412
-0.0195987
-0.0145802
-0.00344475
0.0284194
0.00118971
0.00981996
-0.0803419
0.103907
0.524037
-0.183292
-0.112229
-0.0456556
0

0
-0.025475
-0.0207972
-0.0216853
-0.00953086
0.485619
0.0690375
-0.0128479
-0.0031732
-0.0188886
-0.0137963
-0.00632069
0.019744
0.0256028
-0.0137873
-0.179288
0.206597
-0.408197
-0.327549
-0.118893
-0.0458014
0

0
-0.0248526
-0.0136786
-0.0197961
0.00734904
0.286146
0.0531396
-0.00797835
0.0078862
-0.0182212
-0.0150287
-0.00724618
0.0148293
0.0196416
-0.0604613
-0.271223
0.364363
-0.547994
-0.39587
-0.117069
-0.0457012
0

0
-0.022912
-0.0911779
0.0253311
0.0178743
0.190469
0.0441167
-0.00448307
-0.0363222
-0.0204673
-0.0157331
-0.0085813
0.0118198
0.0323933
-0.14814
0.82959
0.706358
-0.736035
-0.491139
-0.105032
-0.0454105
0

0
-0.0237523
-0.0111225
-0.0132097
0.0212488
0.139734
0.0378411
-0.0020663
-0.0230177
-0.0198824
-0.0169708
-0.00935449
0.010086
0.0432851
0.356686
0.521466
1.19745
-1.03547
-0.625496
-0.0711998
-0.0448543
0

0
-0.0232643
-0.0187367
-0.00583127
0.0255813
0.117388
0.0330309
0.000142987
-0.015657
-0.0193964
-0.018018
-0.0102508
0.00869427
0.0554833
0.189299
0.425995
1.89625
-1.56303
-0.826152
0.011053
-0.0438676
0

0
0
0
0
0
0
0
0
0
0
0
0
0
0
0
0
0
0
0
0
0
0


0
0
0
0
0
0
0
0
0
0
0
0
0
0
0
0
0
0
0
0
0
0

0
-0.0289466
-0.0268973
-0.0308877
-0.0846152
-0.135649
-0.0636325
-0.0462897
-0.0315278
-0.0371589
-0.0158921
-0.0169677
0.156601
-0.0506701
-0.0357
-0.043793
-0.306154
-0.0996413
-0.0872943
-0.0715089
-0.0450905
0

0
-0.0289907
-0.0130155
-0.0284651
-0.0873477
-0.134486
-0.0668951
-0.0589107
-0.0382918
-0.0417271
-0.0167334
-0.0124317
-0.0236436
-0.0667407
-0.0345999
-0.0370981
-0.251289
-0.107179
-0.0879972
-0.0724551
-0.0451551
0

0
-0.0288033
-0.0272932
-0.0284445
-0.0851002
-0.146222
-0.071527
-0.0461499
-0.0391895
-0.0379983
-0.0173338
-0.00895821
-0.039545
-0.0690947
-0.0317248
-0.0323251
0.100953
-0.0811362
-0.0880191
-0.0743879
-0.0452681
0

0
-0.0286533
-0.0300555
-0.0285179
-0.0835239
-0.207761
-0.0798189
-0.0431333
-0.0325308
-0.0336769
-0.0168925
-0.00389711
-0.0137458
-0.048216
-0.0259047
-0.0554303
0.0991889
-0.0804394
-0.0909313
-0.0775875
-0.0454353
0

0
-0.0284359
-0.0304787
-0.0392631
-0.0832027
-0.234157
-0.0831672
-0.0416259
-0.0336997
-0.0307195
-0.0161215
0.000269894
0.166174
-0.0827411
-0.0215118
-0.183526
0.0605283
-0.0915387
-0.101982
-0.0825313
-0.0456559
0

0
-0.0281367
-0.0301326
-0.0391725
-0.0794841
-0.267308
-0.0840812
-0.0397096
-0.0359612
-0.0281732
-0.0157354
0.00275861
0.110225
-0.0660386
-0.0169834
-0.0436013
0.0522596
-0.109389
-0.14769
-0.0904646
-0.0459418
0

0
-0.0277538
-0.0293715
-0.0365526
-0.0729184
-0.31286
-0.0821408
-0.0368034
-0.0348888
-0.0257922
-0.0154306
0.00260184
0.0772495
-0.0402534
-0.0087234
-0.0014057
0.0491013
-0.134455
-0.169027
-0.0974081
-0.04621
0

0
-0.027292
-0.0283132
-0.0330201
-0.0618582
-0.341286
-0.0732818
-0.0327355
-0.0129819
-0.0225944
-0.0151484
0.00120359
0.0538101
-0.0201603
0.00105274
0.00185286
0.0571796
-0.16369
-0.19149
-0.104356
-0.0464539
0

0
-0.0267612
-0.0270239
-0.0289029
-0.0448662
-0.235114
-0.0455967
-0.0274246
-0.0107428
-0.0209252
-0.0149536
-0.000712422
0.0376719
-0.00547387
0.0171632
-0.0109886
0.0789011
-0.176359
-0.217996
-0.111696
-0.046599
0

0
-0.0261767
-0.0256298
-0.0243269
-0.0286962
0.514278
0.042145
-0.019317
-0.0103866
-0.0198893
-0.0148031
-0.0027785
0.0269628
0.00631994
0.0157394
-0.0164269
0.117479
-0.0346074
-0.238457
-0.117314
-0.0467299
0

0
-0.0255588
-0.024629
-0.0195837
-0.00607317
0.276696
0.0448208
-0.0127211
-0.00905959
-0.0192047
-0.0147385
-0.00475838
0.0201018
0.0185056
0.01152
-0.0172154
0.197465
-0.326964
-0.312862
-0.122873
-0.0468162
0

0
-0.0249138
-0.0263324
-0.013686
0.00763681
0.19655
0.0421954
-0.00795963
-0.00864772
-0.0189245
-0.0152788
-0.0061185
0.0159427
0.0256746
0.0096994
0.0496492
0.328356
-0.487904
-0.387072
-0.123882
-0.0467645
0

0
-0.024102
-0.0407471
-0.00121364
0.0163064
0.148273
0.038657
-0.00454315
-0.0196787
-0.0194904
-0.0159263
-0.00732083
0.0134954
0.03632
0.0328419
0.437685
0.56594
-0.676718
-0.477662
-0.117497
-0.0465549
0

0
-0.0236883
-0.023561
-0.00657449
0.0211423
0.116057
0.035113
-0.00183425
-0.0182893
-0.0193832
-0.0167551
-0.00830487
0.0120584
0.0485605
0.189479
0.435089
0.928967
-0.911767
-0.588922
-0.0991828
-0.0461678
0

0
-0.0231351
-0.0187383
-0.00525911
0.025187
0.0943844
0.0318959
0.000537361
-0.0150006
-0.0191032
-0.0175967
-0.00926253
0.0109534
0.0595855
0.187582
0.426396
1.44267
-1.12888
-0.709207
-0.0653865
-0.0455922
0

0
0
0
0
0
0
0
0
0
0
0
0
0
0
0
0
0
0
0
0
0
0


0
0
0
0
0
0
0
0
0
0
0
0
0
0
0
0
0
0
0
0
0
0

0
-0.0289868
-0.0264204
-0.0334804
-0.086837
-0.144181
-0.0531994
-0.0465387
-0.0343279
-0.0349495
-0.0173205
-0.010909
0.0649969
-0.0430273
-0.0320278
-0.0433773
-0.181899
-0.0973386
-0.0903448
-0.0735686
-0.0459038
0

0
-0.0289502
-0.0238317
-0.0328452
-0.0818437
-0.210935
-0.0663062
-0.0493911
-0.036088
-0.035662
-0.017521
-0.00957736
0.0102431
-0.0479964
-0.0308549
-0.0408055
-0.13657
-0.0964543
-0.0916606
-0.0746069
-0.0459702
0

0
-0.0288894
-0.0274244
-0.0329133
-0.0786209
-0.164546
-0.0693843
-0.0460127
-0.0360615
-0.0341169
-0.017546
-0.00740841
-0.0014935
-0.0485861
-0.028234
-0.0403828
-0.0171746
-0.0880731
-0.0945399
-0.0767537
-0.0460867
0

0
-0.0287834
-0.0294025
-0.0337935
-0.0765367
-0.169858
-0.0730251
-0.0434133
-0.033866
-0.0317342
-0.0171577
-0.00412947
0.0153701
-0.0440489
-0.024146
-0.0521126
0.0240382
-0.0874505
-0.101145
-0.0802053
-0.0462585
0

0
-0.0285939
-0.0300995
-0.0368087
-0.0747144
-0.181288
-0.074325
-0.0412349
-0.0330007
-0.029482
-0.0165845
-0.000847647
0.0722371
-0.0475595
-0.0194364
-0.0762178
0.0276776
-0.0949769
-0.114704
-0.0851927
-0.0464807
0

0
-0.0283106
-0.0300142
-0.0369253
-0.0710514
-0.193736
-0.0728157
-0.03871
-0.0320606
-0.0273632
-0.0161091
0.000892891
0.0664441
-0.040332
-0.0128657
-0.0380747
0.0307387
-0.108594
-0.138993
-0.0917771
-0.0467431
0

0
-0.0279354
-0.029435
-0.0350667
-0.0645755
-0.199338
-0.0671798
-0.0353476
-0.0287912
-0.0252736
-0.015736
0.000982638
0.0530908
-0.026725
-0.00413698
-0.00749261
0.0369395
-0.1269
-0.161079
-0.0987603
-0.047011
0

0
-0.0274775
-0.0285336
-0.0320069
-0.0541578
-0.17955
-0.0545606
-0.0309077
-0.0205399
-0.0230982
-0.0154534
6.69252e-05
0.0405727
-0.0129369
0.00606207
0.00792894
0.0503296
-0.147094
-0.184673
-0.106035
-0.0472628
0

0
-0.0269511
-0.027454
-0.0281426
-0.0390894
-0.0964591
-0.0305144
-0.0254084
-0.0165798
-0.0215085
-0.0152795
-0.00133819
0.0307019
-0.000840455
0.0176641
0.0171885
0.0747382
-0.163245
-0.212278
-0.113504
-0.0474724
0

0
-0.0263754
-0.0264041
-0.0237389
-0.021733
0.167547
0.0104486
-0.0188413
-0.0146116
-0.0204142
-0.0152152
-0.00290236
0.0235805
0.00987054
0.0256074
0.0324908
0.115278
-0.177147
-0.24698
-0.120514
-0.0476427
0

0
-0.0257708
-0.0257952
-0.0190121
-0.00565978
0.164722
0.0260221
-0.0130649
-0.0134058
-0.0196986
-0.0152992
-0.00440593
0.0187956
0.0200876
0.0344259
0.0635842
0.182343
-0.301505
-0.301908
-0.126833
-0.0477547
0

0
-0.0251498
-0.0263994
-0.0138415
0.00589057
0.135737
0.0305717
-0.0085213
-0.0134666
-0.0193407
-0.0156445
-0.00566617
0.015808
0.0293115
0.0501786
0.136384
0.288762
-0.426767
-0.366625
-0.130598
-0.0477714
0

0
-0.024493
-0.0285339
-0.00810676
0.0138
0.111103
0.0313136
-0.00500395
-0.0161538
-0.0193277
-0.0161408
-0.00676745
0.0140729
0.0397028
0.0836288
0.302445
0.460788
-0.567108
-0.442156
-0.130074
-0.0476762
0

0
-0.0238414
-0.0231678
-0.0068446
0.0191821
0.0917271
0.0306248
-0.00210797
-0.0159893
-0.0191999
-0.0167521
-0.00775142
0.0130735
0.0510261
0.150757
0.370633
0.717508
-0.714742
-0.526804
-0.123725
-0.0474705
0

0
-0.0231848
-0.0188916
-0.00520522
0.0234948
0.0762789
0.0295345
0.000432039
-0.014558
-0.0189968
-0.017411
-0.00870727
0.01231
0.0614908
0.181111
0.407369
1.05364
-0.842424
-0.611388
-0.111708
-0.0471581
0

0
0
0
0
0
0
0
0
0
0
0
0
0
0
0
0
0
0
0
0
0
0


0
0
0
0
0
0
0
0
0
0
0
0
0
0
0
0
0
0
0
0
0
0

0
-0.0292425
-0.0280869
-0.0349485
-0.0872069
-0.215328
-0.0384126
-0.0445448
-0.0348445
-0.0327164
-0.0180987
-0.00873094
0.0301688
-0.0352303
-0.0286683
-0.0403765
-0.116365
-0.0929285
-0.0924691
-0.0750045
-0.0465713
0

0
-0.0292092
-0.0277356
-0.0348709
-0.0738271
-0.218641
-0.0607491
-0.0458161
-0.0351823
-0.0325964
-0.0180782
-0.00812377
0.0137902
-0.0365066
-0.0274598
-0.038782
-0.0907141
-0.0917929
-0.0942686
-0.0760892
-0.0466391
0

0
-0.0291524
-0.0288556
-0.0349643
-0.068867
-0.176244
-0.0662523
-0.0444981
-0.0347894
-0.0316453
-0.0179147
-0.00677022
0.00899645
-0.0361231
-0.0249154
-0.037471
-0.0417239
-0.0892517
-0.0983064
-0.0783113
-0.0467575
0

0
-0.0290449
-0.0298117
-0.0353744
-0.0671481
-0.146883
-0.0665124
-0.0424824
-0.0335373
-0.0301461
-0.0175439
-0.0046987
0.0174432
-0.0336754
-0.0210345
-0.0388865
-0.0101946
-0.0902134
-0.105766
-0.0817798
-0.0469311
0

0
-0.0288581
-0.0302213
-0.0360411
-0.0653541
-0.138756
-0.0654542
-0.0402078
-0.0322046
-0.0284839
-0.0170636
-0.00255513
0.0367819
-0.0313337
-0.015839
-0.0392054
0.00450148
-0.0962953
-0.118031
-0.0865687
-0.0471528
0

0
-0.0285797
-0.030109
-0.0355603
-0.0619008
-0.137365
-0.0622622
-0.0374564
-0.0304412
-0.0267857
-0.0166104
-0.00129119
0.0394426
-0.0255616
-0.00878658
-0.0218968
0.0147078
-0.107188
-0.135594
-0.092581
-0.0474102
0

0
-0.0282103
-0.0295846
-0.0338163
-0.0558714
-0.129894
-0.0555107
-0.0339669
-0.0275122
-0.0250795
-0.0162381
-0.00105885
0.035098
-0.0166666
0.000125319
-0.00110017
0.0261016
-0.122269
-0.1555
-0.0993706
-0.0476827
0

0
-0.0277583
-0.0287657
-0.0310434
-0.0466163
-0.104936
-0.0436406
-0.0296162
-0.0231988
-0.0234191
-0.0159647
-0.00157736
0.0291583
-0.00667782
0.010566
0.0172862
0.0425206
-0.141021
-0.178393
-0.106716
-0.0479512
0

0
-0.0272382
-0.0277775
-0.0275007
-0.0340779
-0.0490818
-0.0254964
-0.0245002
-0.0199091
-0.0220448
-0.0158039
-0.00252418
0.0237332
0.00320025
0.0222836
0.0358128
0.0675627
-0.164491
-0.205914
-0.114427
-0.0481978
0

0
-0.0266673
-0.0267747
-0.023448
-0.0197855
0.053898
-0.00229487
-0.0189247
-0.0176832
-0.0210016
-0.015763
-0.00365076
0.0195085
0.0127242
0.0345047
0.0606676
0.105571
-0.201589
-0.240636
-0.122154
-0.0484105
0

0
-0.026063
-0.0259515
-0.0191388
-0.00686445
0.0885408
0.0127105
-0.0137704
-0.0162449
-0.0202627
-0.015858
-0.00478735
0.0165677
0.0221148
0.0492717
0.0988934
0.162893
-0.275433
-0.285919
-0.129462
-0.0485738
0

0
-0.025435
-0.0254421
-0.014759
0.00322548
0.0883946
0.0203078
-0.00942736
-0.0156367
-0.019796
-0.016111
-0.00583304
0.0147337
0.0314906
0.0699043
0.160583
0.24857
-0.36272
-0.339442
-0.135432
-0.0486696
0

0
-0.0247767
-0.0248273
-0.0106448
0.0107229
0.0800511
0.0239213
-0.00584894
-0.0158213
-0.0195368
-0.0164879
-0.0067902
0.0137203
0.0414311
0.100162
0.253553
0.37578
-0.457993
-0.399798
-0.139164
-0.0486902
0

0
-0.0240884
-0.022137
-0.00792806
0.0163769
0.0706916
0.0256065
-0.00280653
-0.0153736
-0.0193159
-0.0169564
-0.00769127
0.0131866
0.0517618
0.140636
0.323533
0.555045
-0.552703
-0.464404
-0.140156
-0.0486431
0

0
-0.0234062
-0.0191862
-0.00561352
0.0210418
0.062035
0.0265246
-0.0001089
-0.0144472
-0.0190989
-0.0174755
-0.00858706
0.0127795
0.061502
0.172243
0.375303
0.773008
-0.636861
-0.52736
-0.138761
-0.0485234
0

0
0
0
0
0
0
0
0
0
0
0
0
0
0
0
0
0
0
0
0
0
0


0
0
0
0
0
0
0
0
0
0
0
0
0
0
0
0
0
0
0
0
0
0

0
-0.029655
-0.0297072
-0.0355186
-0.0342201
0.0651259
-0.0848521
-0.0462955
-0.0348707
-0.0311104
-0.0186856
-0.00831266
0.0148464
-0.0290579
-0.0258231
-0.0364058
-0.0819965
-0.0888122
-0.0934532
-0.0757693
-0.0470899
0

0
-0.0296218
-0.0297318
-0.0354759
-0.048777
0.0954828
-0.0582992
-0.0444005
-0.0346819
-0.0308441
-0.0185972
-0.00791472
0.010153
-0.0290398
-0.024574
-0.0348045
-0.0682656
-0.0884504
-0.0954554
-0.0768573
-0.0471586
0

0
-0.0295519
-0.0301317
-0.0355656
-0.054577
0.00319841
-0.0559786
-0.0429136
-0.0341109
-0.0301435
-0.0183872
-0.00702962
0.00890885
-0.0280149
-0.0219856
-0.0321799
-0.0445841
-0.0882914
-0.09979
-0.0790618
-0.0472781
0

0
-0.0294288
-0.0305078
-0.0356416
-0.0563995
-0.0591295
-0.0571049
-0.0411483
-0.033058
-0.029085
-0.0180486
-0.0057191
0.0130809
-0.0256598
-0.0180146
-0.0289038
-0.0237785
-0.0903517
-0.107089
-0.0824391
-0.0474526
0

0
-0.0292324
-0.0306162
-0.0354905
-0.0560053
-0.0852669
-0.0564712
-0.0389606
-0.0316721
-0.0278275
-0.0176387
-0.00436045
0.0205591
-0.0222517
-0.0125494
-0.0229657
-0.00878366
-0.095863
-0.117977
-0.0870011
-0.0476748
0

0
-0.0289512
-0.0303876
-0.0346233
-0.0533855
-0.0922966
-0.0532692
-0.0362309
-0.0298595
-0.0264755
-0.0172366
-0.00346411
0.0233683
-0.0170901
-0.00534362
-0.0101749
0.0038252
-0.10517
-0.132612
-0.0926618
-0.0479333
0

0
-0.0285839
-0.0298436
-0.0328766
-0.0482728
-0.0865242
-0.0469453
-0.0328441
-0.0274442
-0.0250943
-0.0168948
-0.00319216
0.0225262
-0.0102065
0.00362712
0.00661504
0.0174198
-0.11838
-0.150405
-0.0992139
-0.0482131
0

0
-0.0281372
-0.0290465
-0.0303106
-0.0405186
-0.0673305
-0.0369954
-0.0287759
-0.0245428
-0.023759
-0.0166408
-0.00344615
0.0201469
-0.00229379
0.0142549
0.0253113
0.0349099
-0.135986
-0.171669
-0.106479
-0.0484986
0

0
-0.0276226
-0.0280793
-0.0270866
-0.0304148
-0.0324392
-0.0235044
-0.0241567
-0.0219085
-0.0225851
-0.0164899
-0.00404691
0.0175585
0.00605025
0.0265036
0.0469192
0.0591667
-0.159828
-0.197349
-0.114277
-0.0487745
0

0
-0.0270552
-0.0270366
-0.0234193
-0.0191052
0.0158312
-0.00818434
-0.0192847
-0.0197898
-0.0216275
-0.0164498
-0.0048287
0.0153963
0.0145761
0.0404837
0.0745227
0.0934941
-0.194437
-0.228732
-0.122353
-0.0490277
0

0
-0.0264495
-0.0260014
-0.0195451
-0.00848965
0.0449722
0.00411592
-0.0146434
-0.0181955
-0.020892
-0.0165255
-0.00566998
0.0138794
0.0232882
0.0572208
0.111911
0.142135
-0.244792
-0.26674
-0.130353
-0.0492453
0

0
-0.0258135
-0.0249718
-0.0156846
0.000401548
0.0549964
0.0122777
-0.0105228
-0.0171055
-0.0203586
-0.0167178
-0.00649956
0.0129947
0.0322443
0.0781697
0.162748
0.210625
-0.304632
-0.310482
-0.137761
-0.049417
0

0
-0.0251504
-0.0237193
-0.0120868
0.00751598
0.0560412
0.0174059
-0.00695585
-0.0163802
-0.0199795
-0.0170098
-0.00730153
0.0126013
0.0415411
0.104311
0.226703
0.305429
-0.368847
-0.358509
-0.144094
-0.0495397
0

0
-0.0244679
-0.0217939
-0.00905806
0.0132767
0.0537886
0.0207462
-0.00382723
-0.0155845
-0.0196785
-0.0173793
-0.00809216
0.012483
0.0509628
0.134359
0.286733
0.430587
-0.43208
-0.408717
-0.149149
-0.049621
0

0
-0.0237981
-0.0196561
-0.00639653
0.0182047
0.0507328
0.0232353
-0.00101412
-0.0146781
-0.0194184
-0.0177967
-0.00890002
0.0123965
0.0598906
0.161945
0.338423
0.573776
-0.490089
-0.457259
-0.152997
-0.0496456
0

0
0
0
0
0
0
0
0
0
0
0
0
0
0
0
0
0
0
0
0
0
0


0
0
0
0
0
0
0
0
0
0
0
0
0
0
0
0
0
0
0
0
0
0

0
-0.0301767
-0.0310102
-0.0355639
-0.0358078
0.0393949
-0.0624593
-0.0440197
-0.0346208
-0.0301186
-0.0192773
-0.0087904
0.00671877
-0.0248167
-0.0237091
-0.0326688
-0.0634706
-0.0851815
-0.0932938
-0.0758594
-0.0474583
0

0
-0.0301394
-0.031047
-0.0356178
-0.0414367
0.0267937
-0.0552583
-0.0429991
-0.0343426
-0.0298619
-0.0191764
-0.00849719
0.00557329
-0.0243243
-0.0224286
-0.0309082
-0.0558021
-0.0854068
-0.0953142
-0.0769215
-0.0475275
0

0
-0.0300563
-0.0311664
-0.035647
-0.0459163
-0.00904047
-0.0521862
-0.0416344
-0.0337264
-0.0293109
-0.0189722
-0.00789567
0.00568435
-0.0229722
-0.0197931
-0.0274982
-0.0426262
-0.0863296
-0.0995698
-0.0790584
-0.0476473
0

0
-0.0299179
-0.0312386
-0.035512
-0.0482683
-0.0394287
-0.0512313
-0.0399515
-0.032746
-0.0285036
-0.0186762
-0.00704625
0.00796685
-0.0205658
-0.0157493
-0.0223712
-0.0285967
-0.0889648
-0.106416
-0.0822988
-0.0478224
0

0
-0.0297104
-0.0311369
-0.0350327
-0.0484974
-0.0575622
-0.0497879
-0.0378508
-0.0314291
-0.0275179
-0.0183291
-0.00616875
0.0114067
-0.0170887
-0.010191
-0.0146281
-0.0156983
-0.0941506
-0.116192
-0.086635
-0.0480457
0

0
-0.0294247
-0.0307978
-0.0339844
-0.0465531
-0.0640186
-0.0465704
-0.0352365
-0.0297612
-0.0264274
-0.0179839
-0.00553777
0.0134577
-0.0124035
-0.0029816
-0.00297242
-0.00311867
-0.102383
-0.129064
-0.0920065
-0.0483071
0

0
-0.0290591
-0.0302136
-0.032258
-0.0423727
-0.0603677
-0.0409912
-0.0320514
-0.0277347
-0.0252959
-0.0176839
-0.00528218
0.0138497
-0.00656048
0.00593214
0.0121821
0.0108551
-0.114054
-0.145027
-0.0982976
-0.0485946
0

0
-0.028618
-0.0294131
-0.0298718
-0.0360324
-0.0472382
-0.0328724
-0.0283168
-0.0254728
-0.0241896
-0.017457
-0.005384
0.0132534
0.000162112
0.0165587
0.0304071
0.0281552
-0.129798
-0.164337
-0.105376
-0.048895
0

0
-0.0281112
-0.028446
-0.0269356
-0.0279203
-0.0254763
-0.02259
-0.0241628
-0.0232734
-0.0231797
-0.0173193
-0.00575371
0.0123318
0.00746962
0.02896
0.0523356
0.050873
-0.150837
-0.187491
-0.113092
-0.0491953
0

0
-0.0275512
-0.0273688
-0.0236181
-0.0188799
0.0011576
-0.0113957
-0.0198262
-0.0213201
-0.022312
-0.0172784
-0.00629026
0.0115063
0.0151858
0.0433334
0.0795296
0.0813721
-0.178982
-0.215022
-0.121244
-0.0494835
0

0
-0.0269497
-0.0262235
-0.0201149
-0.0100614
0.021807
-0.00142429
-0.0156088
-0.0196791
-0.0216026
-0.017336
-0.00691105
0.0109757
0.0232415
0.0601565
0.113799
0.122424
-0.215169
-0.247088
-0.129564
-0.0497492
0

0
-0.0263174
-0.0250049
-0.0166135
-0.00221677
0.0334066
0.0063263
-0.0117219
-0.018348
-0.0210437
-0.0174886
-0.00756445
0.0107788
0.031599
0.0799343
0.156306
0.177172
-0.256986
-0.283062
-0.137724
-0.0499854
0

0
-0.0256636
-0.0236325
-0.0132825
0.00447018
0.0387545
0.0120482
-0.00822837
-0.0172464
-0.0206074
-0.0177243
-0.00823155
0.0108479
0.0401828
0.102677
0.205745
0.248497
-0.30134
-0.321787
-0.145424
-0.0501905
0

0
-0.0250024
-0.0220148
-0.0102435
0.0101901
0.0408719
0.0163694
-0.00508095
-0.0162196
-0.0202546
-0.0180274
-0.00891854
0.0110455
0.0487639
0.127224
0.255798
0.337043
-0.345234
-0.361724
-0.152519
-0.0503701
0

0
-0.0243599
-0.0203159
-0.00747847
0.0152374
0.041743
0.0199148
-0.00221294
-0.0152223
-0.0199557
-0.0183747
-0.00963904
0.011205
0.0568834
0.150727
0.302077
0.433704
-0.386499
-0.40026
-0.158868
-0.0505017
0

0
0
0
0
0
0
0
0
0
0
0
0
0
0
0
0
0
0
0
0
0
0


0
0
0
0
0
0
0
0
0
0
0
0
0
0
0
0
0
0
0
0
0
0

0
-0.0307819
-0.032055
-0.035706
-0.0363161
0.0129871
-0.0519509
-0.0423773
-0.0344586
-0.0296418
-0.0199541
-0.00975218
0.00160831
-0.0223983
-0.0225017
-0.0298538
-0.0532095
-0.081884
-0.0920971
-0.0752978
-0.0476761
0

0
-0.0307404
-0.0320543
-0.0357226
-0.0387216
0.00166412
-0.0498852
-0.0417078
-0.0341686
-0.0294202
-0.0198599
-0.00953131
0.00151831
-0.0217383
-0.0212135
-0.0279997
-0.0485064
-0.082431
-0.0940456
-0.076319
-0.0477455
0

0
-0.0306482
-0.0320394
-0.0356591
-0.0414124
-0.0160176
-0.0481928
-0.040562
-0.0335667
-0.0289714
-0.0196788
-0.0091085
0.00203585
-0.0202674
-0.0185754
-0.024262
-0.0401441
-0.0838377
-0.0980821
-0.0783638
-0.0478654
0

0
-0.0304995
-0.0319522
-0.0353871
-0.0431412
-0.0324886
-0.0469358
-0.0390153
-0.0326518
-0.0283234
-0.0194269
-0.00853617
0.00348832
-0.0178866
-0.0145396
-0.018518
-0.0300096
-0.0866947
-0.104427
-0.0814488
-0.0480406
0

0
-0.0302849
-0.0317234
-0.0347615
-0.0433466
-0.0436467
-0.0451531
-0.0370374
-0.0314366
-0.0275231
-0.0191363
-0.00794771
0.00542668
-0.0145609
-0.00902238
-0.0103371
-0.0191602
-0.09158
-0.113303
-0.085562
-0.0482647
0

0
-0.029998
-0.0313081
-0.0336469
-0.0417604
-0.0479967
-0.0420351
-0.0345786
-0.029935
-0.0266238
-0.0188463
-0.00749973
0.00693955
-0.0102731
-0.00193138
0.00081393
-0.00743672
-0.0989555
-0.124877
-0.0906611
-0.0485288
0

0
-0.0296369
-0.0306922
-0.0319727
-0.0382977
-0.0454411
-0.0371487
-0.0316191
-0.0281826
-0.0256786
-0.0185916
-0.00728532
0.00772937
-0.00507877
0.00679592
0.015059
0.00604565
-0.109236
-0.139275
-0.0966702
-0.0488225
0

0
-0.0292053
-0.0298886
-0.0297496
-0.0330687
-0.0364426
-0.0304354
-0.0282001
-0.0262734
-0.024741
-0.0183978
-0.0073168
0.00796581
0.000881624
0.0172075
0.0325068
0.0225289
-0.122919
-0.156689
-0.103491
-0.0491346
0

0
-0.0287112
-0.028927
-0.0270597
-0.0264288
-0.0222125
-0.0222605
-0.0244387
-0.0243581
-0.0238623
-0.0182803
-0.00755443
0.00794161
0.00744654
0.0293766
0.0536283
0.0434678
-0.140658
-0.17736
-0.110997
-0.0494536
0

0
-0.0281646
-0.027844
-0.0240359
-0.0189955
-0.00544728
-0.0134583
-0.0205184
-0.0225585
-0.0230796
-0.0182468
-0.00793944
0.0078965
0.014489
0.0434292
0.0792294
0.0704858
-0.163073
-0.201451
-0.119024
-0.0497692
0

0
-0.0275774
-0.0266692
-0.0208351
-0.0115145
0.00939279
-0.00514828
-0.0166485
-0.0209409
-0.022411
-0.0182985
-0.00841792
0.00796887
0.0219161
0.0595378
0.110098
0.105323
-0.190129
-0.228844
-0.127363
-0.0500725
0

0
-0.0269616
-0.0254121
-0.0176092
-0.00453899
0.0200499
0.00196575
-0.0129887
-0.0195206
-0.0218566
-0.0184312
-0.00895221
0.00820058
0.0296348
0.0777677
0.146442
0.149639
-0.220561
-0.258995
-0.135774
-0.050358
0

0
-0.0263298
-0.0240608
-0.0144831
0.00170872
0.0269367
0.00778416
-0.00960974
-0.0182663
-0.0214023
-0.0186358
-0.00952515
0.00855664
0.0375083
0.0978189
0.187114
0.20446
-0.252586
-0.291003
-0.144033
-0.0506241
0

0
-0.025699
-0.022616
-0.0115349
0.00727801
0.0313886
0.012583
-0.00650322
-0.0171173
-0.0210261
-0.0189004
-0.010137
0.0089465
0.0453122
0.118791
0.229154
0.269022
-0.284521
-0.323729
-0.15199
-0.0508744
0

0
-0.0250908
-0.0211645
-0.00879894
0.0123096
0.0346601
0.016731
-0.00364253
-0.016045
-0.020706
-0.0192051
-0.0107917
0.00925315
0.0526709
0.138996
0.269212
0.337047
-0.315078
-0.355319
-0.159401
-0.0510819
0

0
0
0
0
0
0
0
0
0
0
0
0
0
0
0
0
0
0
0
0
0
0


0
0
0
0
0
0
0
0
0
0
0
0
0
0
0
0
0
0
0
0
0
0

0
-0.0314587
-0.0329317
-0.0359561
-0.0362928
-0.00254913
-0.0468756
-0.041367
-0.0344691
-0.0295853
-0.0207445
-0.0109725
-0.00197865
-0.0216144
-0.0223149
-0.0282829
-0.0475497
-0.0787801
-0.0899935
-0.0741211
-0.0477445
0

0
-0.031415
-0.0329017
-0.0359287
-0.037542
-0.00955827
-0.0461611
-0.0408463
-0.0341906
-0.029396
-0.0206624
-0.0108031
-0.00177859
-0.0209119
-0.0210471
-0.0264205
-0.0442776
-0.0794675
-0.0918375
-0.0750944
-0.0478137
0

0
-0.0313187
-0.03282
-0.0357939
-0.0391727
-0.0198537
-0.0452303
-0.0398597
-0.0336237
-0.0290191
-0.0205073
-0.0104931
-0.00119114
-0.0194376
-0.0184603
-0.0226324
-0.03823
-0.0810507
-0.0956204
-0.077037
-0.0479332
0

0
-0.0311663
-0.0326529
-0.0354428
-0.0403041
-0.029838
-0.0440836
-0.0384488
-0.0327764
-0.0284778
-0.020296
-0.010087
-0.000126519
-0.0171455
-0.0145144
-0.0168081
-0.0302574
-0.083919
-0.101498
-0.0799606
-0.048108
0

0
-0.0309515
-0.032358
-0.0347563
-0.0403362
-0.0369451
-0.0422816
-0.036605
-0.0316624
-0.0278058
-0.0200551
-0.00967377
0.00119512
-0.0140167
-0.00914414
-0.00870007
-0.0208984
-0.0884935
-0.109637
-0.0838541
-0.048332
0

0
-0.0306691
-0.0319034
-0.033636
-0.0389245
-0.0397261
-0.039351
-0.0343076
-0.0303054
-0.0270442
-0.019816
-0.00935261
0.00239198
-0.010063
-0.00227909
0.00199465
-0.0101165
-0.0951636
-0.12019
-0.0886856
-0.0485973
0

0
-0.0303182
-0.0312763
-0.0320311
-0.0359449
-0.0376875
-0.0350119
-0.0315587
-0.0287478
-0.0262361
-0.0196074
-0.00919163
0.00326541
-0.00533581
0.00613922
0.0154992
0.00260689
-0.104284
-0.133297
-0.0944004
-0.0488947
0

0
-0.0299021
-0.0304824
-0.0299512
-0.0314838
-0.0310869
-0.0292615
-0.0284071
-0.0270619
-0.0254255
-0.0194516
-0.00921229
0.00383234
7.47912e-05
0.0161624
0.032049
0.0181016
-0.11621
-0.149095
-0.100919
-0.0492142
0

0
-0.0294269
-0.0295416
-0.0274626
-0.025835
-0.0209112
-0.0224038
-0.024957
-0.0253427
-0.0246524
-0.0193633
-0.00939872
0.00421451
0.00606231
0.0278439
0.0519947
0.037389
-0.131267
-0.16769
-0.108133
-0.0495455
0

0
-0.0289023
-0.0284809
-0.0246742
-0.0194661
-0.00894818
-0.0150182
-0.0213562
-0.0236758
-0.0239477
-0.0193495
-0.00971661
0.00454149
0.0125242
0.041234
0.0757669
0.0615828
-0.149619
-0.189082
-0.115905
-0.0498793
0

0
-0.0283397
-0.0273264
-0.0217156
-0.0129108
0.0025126
-0.0077998
-0.0177649
-0.0221188
-0.0233288
-0.0194111
-0.0101293
0.00490166
0.0193603
0.056345
0.103663
0.0917623
-0.17101
-0.213057
-0.124059
-0.0502079
0

0
-0.0277515
-0.0260977
-0.018713
-0.00659687
0.0119756
-0.0012556
-0.0143129
-0.0206963
-0.0228002
-0.0195443
-0.0106085
0.00532726
0.0264551
0.0730548
0.135527
0.128741
-0.194635
-0.239125
-0.132397
-0.0505262
0

0
-0.027152
-0.0248097
-0.0157694
-0.00074713
0.0191984
0.00443983
-0.011071
-0.0194029
-0.0223555
-0.0197414
-0.0111388
0.00579683
0.0336539
0.0909789
0.170414
0.172645
-0.219395
-0.266551
-0.140726
-0.0508323
0

0
-0.0265587
-0.0234881
-0.012952
0.00461287
0.0247074
0.00938803
-0.0080515
-0.0182145
-0.0219816
-0.0199924
-0.0117172
0.00624627
0.0407458
0.109392
0.206526
0.222259
-0.244257
-0.294437
-0.148883
-0.0511281
0

0
-0.0259897
-0.0221933
-0.0103125
0.00953073
0.0292318
0.0137942
-0.00525238
-0.0171154
-0.0216613
-0.0202794
-0.0123411
0.00658965
0.0474071
0.127076
0.241295
0.273189
-0.26835
-0.321399
-0.15659
-0.0513847
0

0
0
0
0
0
0
0
0
0
0
0
0
0
0
0
0
0
0
0
0
0
0


0
0
0
0
0
0
0
0
0
0
0
0
0
0
0
0
0
0
0
0
0
0

0
-0.0322011
-0.0336996
-0.0363421
-0.0363362
-0.00925965
-0.0446097
-0.0409475
-0.0346824
-0.0298786
-0.0216519
-0.0123226
-0.00459965
-0.0223001
-0.023199
-0.0280645
-0.0447475
-0.0758011
-0.0871132
-0.0723758
-0.047666
0

0
-0.0321582
-0.0336564
-0.0362934
-0.0371834
-0.0141163
-0.04427
-0.0404976
-0.034422
-0.0297138
-0.0215824
-0.0121868
-0.00434435
-0.021612
-0.0219791
-0.026258
-0.0421069
-0.076518
-0.0888503
-0.0732996
-0.0477349
0

0
-0.0320629
-0.0335481
-0.0361272
-0.0383616
-0.0215326
-0.0436685
-0.0396142
-0.0338948
-0.0293862
-0.0214508
-0.0119435
-0.00378548
-0.0201948
-0.0194932
-0.0225776
-0.0371128
-0.0781085
-0.0923918
-0.0751375
-0.0478535
0

0
-0.0319138
-0.0333511
-0.035749
-0.0391981
-0.0289538
-0.0426815
-0.0383156
-0.0331113
-0.0289165
-0.0212741
-0.0116335
-0.00291337
-0.0180253
-0.0157088
-0.0169262
-0.0302395
-0.0808727
-0.0978663
-0.0779006
-0.0480269
0

0
-0.0317058
-0.0330345
-0.0350556
-0.0391413
-0.0343638
-0.0409949
-0.0365956
-0.032086
-0.0283324
-0.0210759
-0.0113261
-0.00186927
-0.0150963
-0.0105717
-0.00912135
-0.0217983
-0.0851534
-0.105417
-0.0815794
-0.0482494
0

0
-0.0314353
-0.0325739
-0.0339644
-0.037839
-0.0364646
-0.0382707
-0.0344438
-0.0308442
-0.0276675
-0.0208829
-0.0110957
-0.000868868
-0.0114281
-0.00402572
0.00106363
-0.0117591
-0.0912857
-0.115185
-0.0861502
-0.0485139
0

0
-0.0311019
-0.0319584
-0.0324337
-0.035151
-0.0347177
-0.034308
-0.0318707
-0.0294264
-0.026959
-0.0207201
-0.0109974
-5.40424e-05
-0.00706932
0.0039813
0.0138544
0.000251458
-0.0995811
-0.127304
-0.0915675
-0.0488117
0

0
-0.030708
-0.0311916
-0.030473
-0.0311429
-0.0292882
-0.0291279
-0.0289265
-0.0278927
-0.0262439
-0.0206072
-0.0110534
0.000553522
-0.00209264
0.0134915
0.0294857
0.0148619
-0.110314
-0.141882
-0.0977635
-0.0491335
0

0
-0.0302597
-0.030289
-0.0281406
-0.0260664
-0.0209832
-0.0229952
-0.0257063
-0.0263154
-0.0255565
-0.0205574
-0.0112568
0.00101229
0.003416
0.0245345
0.0482322
0.0328547
-0.123683
-0.158976
-0.104644
-0.0494699
0

0
-0.0297659
-0.0292735
-0.0255322
-0.0203123
-0.011147
-0.0163708
-0.0223393
-0.0247629
-0.0249229
-0.0205765
-0.011583
0.00140362
0.00936306
0.0371157
0.0703489
0.0550582
-0.139711
-0.178529
-0.112085
-0.0498121
0

0
-0.0292374
-0.0281699
-0.0227622
-0.0143173
-0.00132617
-0.00978288
-0.018963
-0.0232862
-0.0243597
-0.0206651
-0.0120031
0.00179117
0.0156485
0.0511781
0.0959256
0.0821971
-0.158126
-0.200309
-0.119931
-0.050153
0

0
-0.0286867
-0.027001
-0.0199424
-0.00844619
0.00735205
-0.00364408
-0.0156924
-0.021913
-0.0238728
-0.020819
-0.0124925
0.00220126
0.0221533
0.0665331
0.124678
0.114671
-0.17832
-0.223867
-0.128002
-0.0504875
0

0
-0.0281279
-0.0257905
-0.0171656
-0.00291444
0.0144981
0.00185809
-0.0125971
-0.0206487
-0.0234591
-0.021031
-0.0130362
0.00261912
0.0287242
0.0827882
0.155775
0.152226
-0.199492
-0.248556
-0.136117
-0.0508134
0

0
-0.0275782
-0.0245696
-0.0144953
0.00222042
0.0203268
0.00675403
-0.00969846
-0.0194835
-0.0231097
-0.0212916
-0.013629
0.0029949
0.0351668
0.0993184
0.187845
0.193553
-0.220869
-0.273588
-0.144105
-0.0511314
0

0
-0.0270532
-0.0233877
-0.0119867
0.00696433
0.025308
0.0111708
-0.00700549
-0.0184083
-0.0228102
-0.0215836
-0.0142645
0.00326071
0.0411955
0.115129
0.218778
0.235282
-0.241752
-0.297841
-0.151688
-0.051413
0

0
0
0
0
0
0
0
0
0
0
0
0
0
0
0
0
0
0
0
0
0
0


0
0
0
0
0
0
0
0
0
0
0
0
0
0
0
0
0
0
0
0
0
0

0
-0.0324411
-0.0337027
-0.0363467
-0.0362955
-0.00919913
-0.044738
-0.0409182
-0.0346461
-0.0298442
-0.0216033
-0.0122726
-0.00459285
-0.0223752
-0.0232082
-0.0281122
-0.0448766
-0.0759602
-0.0871258
-0.0722568
-0.0475518
0

0
-0.0323992
-0.0336608
-0.0363006
-0.0371525
-0.0140626
-0.0443796
-0.04047
-0.0343881
-0.029681
-0.0215348
-0.0121369
-0.00433682
-0.021686
-0.0219873
-0.026305
-0.042242
-0.0766987
-0.0888696
-0.073178
-0.0476187
0

0
-0.0323032
-0.0335524
-0.0361361
-0.038344
-0.0214904
-0.0437462
-0.0395866
-0.0338628
-0.0293546
-0.021404
-0.0118928
-0.0037758
-0.0202647
-0.0194972
-0.022621
-0.0372566
-0.0783254
-0.0924172
-0.0750051
-0.0477298
0

0
-0.032153
-0.0333552
-0.0357591
-0.0391941
-0.0289255
-0.0427266
-0.0382882
-0.0330821
-0.0288868
-0.0212284
-0.0115817
-0.00289995
-0.0180887
-0.0157063
-0.0169649
-0.0303988
-0.0811429
-0.0979
-0.0777514
-0.047892
0

0
-0.0319435
-0.0330378
-0.0350655
-0.0391479
-0.0343489
-0.0410135
-0.03657
-0.0320606
-0.0283051
-0.0210316
-0.0112728
-0.00185043
-0.0151504
-0.01056
-0.00915493
-0.0219829
-0.0854941
-0.105459
-0.0814066
-0.0480997
0

0
-0.0316708
-0.032576
-0.0339723
-0.0378511
-0.0364602
-0.0382733
-0.0344227
-0.0308236
-0.0276434
-0.0208404
-0.0110412
-0.000843242
-0.0114689
-0.00400146
0.00103594
-0.0119812
-0.0917164
-0.115237
-0.0859464
-0.0483457
0

0
-0.0313346
-0.0319586
-0.0324376
-0.0351622
-0.0347194
-0.0343063
-0.0318578
-0.0294118
-0.0269386
-0.0206799
-0.0109421
-2.0482e-05
-0.00709216
0.00402189
0.0138336
-2.2122e-05
-0.100126
-0.127362
-0.0913246
-0.0486218
0

0
-0.0309374
-0.0311892
-0.0304707
-0.031147
-0.0292905
-0.0291328
-0.0289253
-0.0278852
-0.0262277
-0.0205696
-0.0109978
0.000595977
-0.00209292
0.0135529
0.029474
0.0145207
-0.111001
-0.141945
-0.0974728
-0.0489189
0

0
-0.0304853
-0.0302835
-0.0281303
-0.0260582
-0.0209806
-0.0230147
-0.0257198
-0.0263159
-0.0255448
-0.0205227
-0.0112011
0.00106449
0.00344217
0.0246222
0.0482329
0.0324285
-0.12455
-0.15904
-0.104296
-0.049228
0

0
-0.0299873
-0.0292644
-0.0255128
-0.0202886
-0.0111355
-0.0164088
-0.0223688
-0.0247721
-0.0249158
-0.0205448
-0.0115275
0.00146632
0.00941911
0.0372361
0.0703671
0.0545281
-0.140802
-0.178591
-0.111671
-0.049541
0

0
-0.0294543
-0.0281568
-0.0227331
-0.0142777
-0.00130464
-0.00983862
-0.0190084
-0.0233043
-0.0243571
-0.0206363
-0.0119477
0.00186506
0.0157374
0.0513381
0.095968
0.0815431
-0.159492
-0.200365
-0.119442
-0.0498513
0

0
-0.0288987
-0.026984
-0.0199038
-0.0083921
0.00738099
-0.00371373
-0.0157521
-0.02194
-0.0238746
-0.0207932
-0.0124372
0.00228686
0.0222773
0.0667398
0.124753
0.113873
-0.180012
-0.223913
-0.127432
-0.0501546
0

0
-0.028335
-0.0257693
-0.0171181
-0.00284824
0.0145316
0.00177871
-0.012669
-0.0206843
-0.0234651
-0.021008
-0.0129808
0.00271673
0.0288847
0.0830475
0.155891
0.151266
-0.201562
-0.248592
-0.13546
-0.0504496
0

0
-0.0277804
-0.0245443
-0.0144396
0.00229636
0.0203622
0.00666812
-0.00978091
-0.0195271
-0.0231197
-0.0212715
-0.0135737
0.00310446
0.0353645
0.0996347
0.188013
0.192416
-0.223356
-0.273613
-0.143361
-0.0507377
0

0
-0.027252
-0.0233584
-0.0119206
0.00705627
0.0253534
0.0110876
-0.00709388
-0.0184593
-0.0228251
-0.0215676
-0.0142107
0.00338185
0.0414405
0.115539
0.219087
0.234064
-0.244691
-0.297881
-0.150878
-0.0509957
0

0
0
0
0
0
0
0
0
0
0
0
0
0
0
0
0
0
0
0
0
0
0


0
0
0
0
0
0
0
0
0
0
0
0
0
0
0
0
0
0
0
0
0
0

0
0
0
0
0
0
0
0
0
0
0
0
0
0
0
0
0
0
0
0
0
0

0
0
0
0
0
0
0
0
0
0
0
0
0
0
0
0
0
0
0
0
0
0

0
0
0
0
0
0
0
0
0
0
0
0
0
0
0
0
0
0
0
0
0
0

0
0
0
0
0
0
0
0
0
0
0
0
0
0
0
0
0
0
0
0
0
0

0
0
0
0
0
0
0
0
0
0
0
0
0
0
0
0
0
0
0
0
0
0

0
0
0
0
0
0
0
0
0
0
0
0
0
0
0
0
0
0
0
0
0
0

0
0
0
0
0
0
0
0
0
0
0
0
0
0
0
0
0
0
0
0
0
0

0
0
0
0
0
0
0
0
0
0
0
0
0
0
0
0
0
0
0
0
0
0

0
0
0
0
0
0
0
0
0
0
0
0
0
0
0
0
0
0
0
0
0
0

0
0
0
0
0
0
0
0
0
0
0
0
0
0
0
0
0
0
0
0
0
0

0
0
0
0
0
0
0
0
0
0
0
0
0
0
0
0
0
0
0
0
0
0

0
0
0
0
0
0
0
0
0
0
0
0
0
0
0
0
0
0
0
0
0
0

0
0
0
0
0
0
0
0
0
0
0
0
0
0
0
0
0
0
0
0
0
0

0
0
0
0
0
0
0
0
0
0
0
0
0
0
0
0
0
0
0
0
0
0

0
0
0
0
0
0
0
0
0
0
0
0
0
0
0
0
0
0
0
0
0
0

0
0
0
0
0
0
0
0
0
0
0
0
0
0
0
0
0
0
0
0
0
0


