0
0
0
0
0
0
0
0
0
0
0
0
0
0
0
0
0
0
0
0
0
0

0
0
0
0
0
0
0
0
0
0
0
0
0
0
0
0
0
0
0
0
0
0

0
0
0
0
0
0
0
0
0
0
0
0
0
0
0
0
0
0
0
0
0
0

0
0
0
0
0
0
0
0
0
0
0
0
0
0
0
0
0
0
0
0
0
0

0
0
0
0
0
0
0
0
0
0
0
0
0
0
0
0
0
0
0
0
0
0

0
0
0
0
0
0
0
0
0
0
0
0
0
0
0
0
0
0
0
0
0
0

0
0
0
0
0
0
0
0
0
0
0
0
0
0
0
0
0
0
0
0
0
0

0
0
0
0
0
0
0
0
0
0
0
0
0
0
0
0
0
0
0
0
0
0

0
0
0
0
0
0
0
0
0
0
0
0
0
0
0
0
0
0
0
0
0
0

0
0
0
0
0
0
0
0
0
0
0
0
0
0
0
0
0
0
0
0
0
0

0
0
0
0
0
0
0
0
0
0
0
0
0
0
0
0
0
0
0
0
0
0

0
0
0
0
0
0
0
0
0
0
0
0
0
0
0
0
0
0
0
0
0
0

0
0
0
0
0
0
0
0
0
0
0
0
0
0
0
0
0
0
0
0
0
0

0
0
0
0
0
0
0
0
0
0
0
0
0
0
0
0
0
0
0
0
0
0

0
0
0
0
0
0
0
0
0
0
0
0
0
0
0
0
0
0
0
0
0
0

0
0
0
0
0
0
0
0
0
0
0
0
0
0
0
0
0
0
0
0
0
0

0
0
0
0
0
0
0
0
0
0
0
0
0
0
0
0
0
0
0
0
0
0


0
0
0
0
0
0
0
0
0
0
0
0
0
0
0
0
0
0
0
0
0
0

0.5
0.498564
0.500179
0.507387
0.501235
0.485951
0.489782
0.493527
0.495475
0.496649
0.492892
0.500872
0.572202
0.529759
0.530447
0.559251
0.539018
0.543745
0.529008
0.520352
0.52036
0

0.5
0.498955
0.500642
0.476006
0.501702
0.485389
0.490413
0.494233
0.497306
0.494887
0.493054
0.503729
0.574255
0.506225
0.529045
0.559001
0.53147
0.544646
0.529076
0.520349
0.52032
0

0.5
0.498924
0.500913
0.509279
0.507336
0.489109
0.485633
0.494329
0.497215
0.495437
0.492286
0.496804
0.591511
0.499855
0.527665
0.526589
0.587477
0.54719
0.528386
0.519542
0.519514
0

0.5
0.498803
0.500925
0.510134
0.537007
0.449011
0.483692
0.494397
0.49791
0.495685
0.491151
0.490107
0.601203
0.487214
0.526957
0.526572
0.581956
0.54782
0.527218
0.518308
0.51828
0

0.5
0.498608
0.498205
0.48765
0.548195
0.441646
0.482982
0.495122
0.497968
0.501123
0.490214
0.429657
-0.532407
0.461936
0.527525
0.528929
0.586493
0.548265
0.525818
0.516621
0.516593
0

0.5
0.498369
0.497981
0.513871
0.565614
0.424029
0.482975
0.496201
0.498169
0.496468
0.490527
0.452199
0.635921
0.486213
0.526252
0.530151
0.596165
0.550049
0.519976
0.514375
0.514363
0

0.5
0.498098
0.497565
0.512132
0.591492
0.396108
0.484369
0.497547
0.498262
0.497117
0.49198
0.470828
0.603589
0.495848
0.526156
0.529669
0.611514
0.549339
0.516602
0.511738
0.511732
0

0.5
0.497792
0.496616
0.508286
0.629485
0.353009
0.48837
0.498254
0.500459
0.49786
0.49388
0.483255
0.575821
0.499107
0.559606
0.526343
0.633974
0.5472
0.511338
0.508552
0.508571
0

0.5
0.497457
0.495196
0.500778
0.655237
0.439015
0.50072
0.500329
0.50079
0.498563
0.49588
0.491308
0.55561
0.499465
0.269334
0.510916
0.665894
0.542732
0.503644
0.505908
0.505915
0

0.5
0.497116
0.493468
0.490802
0.362148
0.704361
0.484228
0.501798
0.501428
0.499225
0.497825
0.496378
0.540778
0.500287
0.518623
0.508193
0.711736
0.533625
0.494002
0.50198
0.502025
0

0.5
0.496801
0.491719
0.482663
0.365817
0.626019
0.525555
0.505058
0.502191
0.499881
0.491375
0.499223
0.529647
0.500584
0.507056
0.48994
0.779708
0.517376
0.48142
0.497994
0.498072
0

0.5
0.496541
0.490141
0.478274
0.401001
0.589151
0.526069
0.506947
0.503045
0.500492
0.500957
0.501336
0.521043
0.4993
0.493529
0.454063
0.874131
0.490983
0.465379
0.494143
0.494263
0

0.5
0.496352
0.48887
0.476088
0.424416
0.566514
0.525603
0.508549
0.503244
0.501145
0.490474
0.502045
0.514146
0.496242
0.447175
0.452488
1.0091
0.448633
0.445361
0.490869
0.491042
0

0.5
0.495829
0.488176
0.475004
0.43891
0.553129
0.524783
0.509573
0.503974
0.501825
0.502585
0.503212
0.508465
0.484166
0.446674
0.368687
1.19481
0.383234
0.420734
0.488879
0.489113
0

0.5
0.495412
0.48783
0.47455
0.446495
0.546859
0.524004
0.510394
0.504504
0.502414
0.5028
0.503576
0.503771
0.481912
0.432022
0.268472
-0.540243
0.240319
0.523651
0.491396
0.49118
0

0
0
0
0
0
0
0
0
0
0
0
0
0
0
0
0
0
0
0
0
0
0


0
0
0
0
0
0
0
0
0
0
0
0
0
0
0
0
0
0
0
0
0
0

0.5
0.498307
0.499779
0.502775
0.488457
0.504608
0.4931
0.493784
0.496801
0.495748
0.49374
0.475956
0.601734
0.516024
0.530327
0.551147
0.547799
0.54474
0.529405
0.52072
0.520714
0

0.5
0.498557
0.500646
0.504463
0.489298
0.50669
0.493534
0.493418
0.497511
0.496231
0.494039
0.492018
0.577509
0.514204
0.53042
0.5486
0.552068
0.545599
0.529474
0.520742
0.520698
0

0.5
0.498711
0.500243
0.505694
0.500943
0.49325
0.490655
0.494762
0.497632
0.496302
0.493676
0.494088
0.577409
0.511519
0.530522
0.534578
0.56722
0.546891
0.52876
0.519985
0.519941
0

0.5
0.498696
0.499884
0.507321
0.518916
0.475537
0.488535
0.495255
0.497934
0.496472
0.493028
0.488897
0.583858
0.51214
0.533203
0.528757
0.573887
0.547863
0.527539
0.518831
0.518786
0

0.5
0.498553
0.498718
0.509266
0.531336
0.46283
0.487454
0.495916
0.498217
0.496728
0.492468
0.467922
0.599344
0.500368
0.539447
0.513885
0.580465
0.548692
0.525591
0.517257
0.517214
0

0.5
0.498346
0.498181
0.509409
0.543826
0.449976
0.487422
0.496804
0.498565
0.497166
0.492819
0.473802
0.597479
0.501935
0.531421
0.52891
0.590631
0.549815
0.522326
0.515243
0.515204
0

0.5
0.498096
0.49753
0.508097
0.556839
0.436375
0.488898
0.497919
0.499085
0.497719
0.493907
0.48236
0.578408
0.504516
0.527126
0.53164
0.60472
0.549908
0.518674
0.512841
0.512805
0

0.5
0.497811
0.496551
0.504839
0.565363
0.426867
0.49273
0.499036
0.500021
0.498349
0.495374
0.489606
0.560903
0.505354
0.524911
0.530186
0.624106
0.549241
0.513969
0.510082
0.510052
0

0.5
0.497506
0.495221
0.499008
0.549157
0.438851
0.500078
0.500764
0.500727
0.498994
0.496957
0.494908
0.546515
0.504382
0.522385
0.525245
0.649955
0.547979
0.507792
0.507119
0.5071
0

0.5
0.497216
0.493628
0.491296
0.437806
0.552546
0.512108
0.502742
0.501421
0.499626
0.498501
0.498492
0.535097
0.504002
0.514719
0.518036
0.685125
0.551029
0.500793
0.503714
0.503707
0

0.5
0.497017
0.491903
0.485082
0.424457
0.561717
0.517714
0.504697
0.502127
0.50023
0.499904
0.500771
0.526014
0.50272
0.504738
0.505575
0.743428
0.529987
0.48893
0.500044
0.500065
0

0.5
0.497086
0.489935
0.481359
0.432821
0.554695
0.520012
0.50633
0.5028
0.500843
0.501041
0.502176
0.51889
0.500069
0.491491
0.48666
0.819704
0.509355
0.475458
0.49642
0.496476
0

0.5
0.497615
0.486712
0.480024
0.443401
0.545648
0.520731
0.507695
0.503336
0.501416
0.501961
0.502988
0.513003
0.49609
0.468508
0.464921
0.919525
0.480633
0.459573
0.493145
0.493244
0

0.5
0.496399
0.488142
0.477884
0.452007
0.53837
0.520732
0.508681
0.50389
0.502025
0.502542
0.503531
0.508059
0.489238
0.457004
0.418307
1.04742
0.441002
0.441479
0.49056
0.49071
0

0.5
0.495657
0.488434
0.47705
0.458048
0.533005
0.520544
0.509497
0.50437
0.502511
0.502856
0.503716
0.503911
0.485955
0.446438
0.359474
1.19741
0.387359
0.42078
0.488649
0.488889
0

0
0
0
0
0
0
0
0
0
0
0
0
0
0
0
0
0
0
0
0
0
0


0
0
0
0
0
0
0
0
0
0
0
0
0
0
0
0
0
0
0
0
0
0

0.5
0.498261
0.498993
0.498394
0.472274
0.522471
0.495509
0.494797
0.497201
0.49658
0.495133
0.487982
0.570326
0.519504
0.530746
0.546233
0.552249
0.545003
0.529743
0.521101
0.521095
0

0.5
0.498641
0.499532
0.500076
0.477903
0.517261
0.495563
0.495294
0.497806
0.497091
0.495601
0.494785
0.56514
0.518778
0.531088
0.544299
0.555845
0.545873
0.529827
0.52115
0.521107
0

0.5
0.498667
0.499419
0.501745
0.491061
0.503918
0.493822
0.495696
0.497963
0.497166
0.495424
0.496291
0.564306
0.517084
0.531266
0.538793
0.562848
0.546753
0.529137
0.520449
0.520405
0

0.5
0.498621
0.499148
0.503493
0.504776
0.48997
0.492166
0.496122
0.498213
0.497322
0.49512
0.493681
0.566979
0.515222
0.532335
0.534807
0.569119
0.547676
0.527982
0.519383
0.519339
0

0.5
0.498493
0.498594
0.504893
0.515658
0.478716
0.491165
0.49668
0.498524
0.497573
0.494925
0.487515
0.573644
0.51172
0.534
0.531587
0.576043
0.548587
0.526232
0.517943
0.5179
0

0.5
0.49831
0.498053
0.505208
0.524328
0.469597
0.491147
0.497436
0.498919
0.49794
0.495229
0.488404
0.568901
0.510756
0.530268
0.533959
0.585286
0.549447
0.523692
0.516123
0.516082
0

0.5
0.498083
0.497375
0.504213
0.530055
0.463257
0.492483
0.498408
0.499441
0.498408
0.496004
0.491872
0.559058
0.510603
0.52697
0.535309
0.597737
0.549855
0.520478
0.513941
0.513903
0

0.5
0.497822
0.496456
0.501639
0.52912
0.463302
0.495638
0.499578
0.500118
0.498945
0.497068
0.495564
0.548311
0.509995
0.523978
0.534681
0.614442
0.549669
0.516368
0.511429
0.511396
0

0.5
0.497543
0.495278
0.497355
0.513611
0.4775
0.500939
0.501058
0.500788
0.499515
0.498245
0.498606
0.538448
0.508666
0.520196
0.531924
0.636708
0.548567
0.511088
0.50863
0.508605
0

0.5
0.497279
0.493907
0.49198
0.474343
0.515053
0.507817
0.502709
0.501455
0.500089
0.49941
0.500811
0.529995
0.507063
0.514058
0.526998
0.666677
0.545616
0.5044
0.505522
0.505509
0

0.5
0.497068
0.492439
0.487347
0.458741
0.530374
0.512566
0.504322
0.502114
0.500654
0.500477
0.50227
0.522924
0.504864
0.505814
0.518906
0.710808
0.536214
0.495505
0.502202
0.502208
0

0.5
0.496971
0.490938
0.484144
0.457029
0.532665
0.515251
0.505734
0.502735
0.501204
0.501379
0.503161
0.517063
0.501854
0.495188
0.506743
0.767233
0.522877
0.484899
0.498866
0.498898
0

0.5
0.496969
0.489521
0.482186
0.460174
0.530379
0.516583
0.506916
0.50329
0.50173
0.502114
0.503668
0.512126
0.498035
0.481835
0.489817
0.837549
0.504763
0.472749
0.495718
0.49578
0

0.5
0.496348
0.489303
0.480714
0.464289
0.527121
0.517147
0.507843
0.503803
0.50224
0.502672
0.503967
0.507925
0.493532
0.470937
0.462941
0.921155
0.481681
0.459579
0.492964
0.493061
0

0.5
0.495846
0.489262
0.479881
0.468056
0.52402
0.517455
0.508629
0.504246
0.502641
0.502999
0.50399
0.504349
0.490358
0.462299
0.432697
1.01152
0.452272
0.445447
0.490459
0.490636
0

0
0
0
0
0
0
0
0
0
0
0
0
0
0
0
0
0
0
0
0
0
0


0
0
0
0
0
0
0
0
0
0
0
0
0
0
0
0
0
0
0
0
0
0

0.5
0.498228
0.498224
0.493956
0.443652
0.544633
0.49731
0.49576
0.497581
0.497356
0.49676
0.49701
0.554087
0.521757
0.531072
0.544037
0.554075
0.54516
0.530129
0.521539
0.521534
0

0.5
0.498657
0.498739
0.496157
0.458146
0.538403
0.497779
0.496367
0.498177
0.497903
0.497262
0.499326
0.552904
0.521512
0.531431
0.543179
0.556662
0.545944
0.530237
0.521617
0.521575
0

0.5
0.498628
0.498707
0.498261
0.479367
0.516441
0.496455
0.496609
0.498333
0.497989
0.49719
0.49989
0.552321
0.520354
0.531385
0.540818
0.560849
0.546613
0.529604
0.520975
0.520932
0

0.5
0.49856
0.498548
0.500143
0.493873
0.501289
0.495083
0.496943
0.498564
0.498142
0.497082
0.498798
0.552963
0.518889
0.531459
0.538806
0.565907
0.547441
0.52859
0.520011
0.519968
0

0.5
0.498441
0.498224
0.501451
0.504019
0.490636
0.4942
0.497413
0.498869
0.498373
0.49707
0.496842
0.553863
0.517027
0.531216
0.53763
0.57212
0.548307
0.527082
0.51871
0.518667
0

0.5
0.498275
0.497778
0.501852
0.510683
0.483483
0.494152
0.498061
0.499255
0.49869
0.497331
0.496869
0.550952
0.515685
0.529282
0.538183
0.580217
0.549118
0.524992
0.517077
0.517035
0

0.5
0.498069
0.497172
0.501159
0.513687
0.479932
0.495206
0.498909
0.499735
0.499087
0.497882
0.498222
0.545263
0.514581
0.526818
0.538764
0.5909
0.54967
0.522274
0.515117
0.515078
0

0.5
0.49783
0.496366
0.499258
0.511557
0.481396
0.497565
0.49996
0.500301
0.499544
0.498634
0.499965
0.538489
0.513269
0.523957
0.538495
0.604978
0.549753
0.518801
0.512856
0.51282
0

0.5
0.497576
0.495368
0.496222
0.502177
0.489972
0.501206
0.501213
0.500902
0.500037
0.499482
0.50155
0.531753
0.511568
0.52029
0.536985
0.623489
0.548983
0.514386
0.51032
0.51029
0

0.5
0.497319
0.494229
0.492533
0.485987
0.505367
0.505531
0.502577
0.501514
0.500542
0.500336
0.502761
0.525592
0.509526
0.515255
0.533967
0.647945
0.546608
0.508834
0.507531
0.50751
0

0.5
0.497091
0.493044
0.489136
0.475807
0.515303
0.509107
0.503917
0.502116
0.501042
0.501128
0.503569
0.520165
0.507049
0.508738
0.5289
0.680451
0.5413
0.501933
0.504576
0.504568
0

0.5
0.496902
0.491907
0.486522
0.472174
0.519159
0.511558
0.505129
0.502689
0.501528
0.50182
0.504044
0.51547
0.504095
0.500776
0.52122
0.721022
0.533306
0.493822
0.501574
0.501584
0

0.5
0.496701
0.490944
0.484681
0.472177
0.519604
0.513056
0.506163
0.503217
0.501994
0.502405
0.504285
0.511415
0.500748
0.491756
0.510275
0.769459
0.522605
0.484774
0.498681
0.498712
0

0.5
0.496353
0.490428
0.483366
0.473671
0.518636
0.51392
0.50701
0.503694
0.502431
0.502882
0.50439
0.507907
0.49725
0.483256
0.49494
0.823936
0.509584
0.475312
0.496051
0.496106
0

0.5
0.496031
0.490166
0.482568
0.475614
0.517346
0.514549
0.507744
0.5041
0.502765
0.503165
0.504281
0.504876
0.494538
0.476578
0.479452
0.879643
0.493212
0.465369
0.493543
0.493666
0

0
0
0
0
0
0
0
0
0
0
0
0
0
0
0
0
0
0
0
0
0
0


0
0
0
0
0
0
0
0
0
0
0
0
0
0
0
0
0
0
0
0
0
0

0.5
0.498184
0.497609
0.490278
0.254418
0.411007
0.493956
0.496481
0.497981
0.498126
0.498365
0.502011
0.543102
0.523045
0.531319
0.543222
0.554473
0.545176
0.530539
0.522009
0.522005
0

0.5
0.498624
0.498138
0.493262
0.42978
0.554637
0.49934
0.497186
0.498573
0.498682
0.498874
0.50301
0.542989
0.52304
0.531648
0.54305
0.556416
0.545883
0.530674
0.522116
0.522074
0

0.5
0.498581
0.498149
0.495764
0.467981
0.528222
0.498423
0.497379
0.49872
0.498771
0.498855
0.503138
0.542509
0.522201
0.531434
0.542035
0.559329
0.546441
0.530135
0.521544
0.521501
0

0.5
0.498508
0.498064
0.497702
0.486101
0.509381
0.497223
0.497654
0.498936
0.498916
0.498839
0.502656
0.542229
0.521084
0.531106
0.541186
0.563367
0.547161
0.529257
0.520677
0.520634
0

0.5
0.498396
0.497848
0.498961
0.496388
0.498524
0.496438
0.498053
0.499222
0.499123
0.498896
0.501935
0.541571
0.519749
0.530421
0.540794
0.568623
0.547969
0.527992
0.519518
0.519475
0

0.5
0.498245
0.497493
0.499416
0.502142
0.492294
0.496344
0.498609
0.49958
0.499397
0.499109
0.501821
0.539341
0.518418
0.529003
0.541053
0.575473
0.548761
0.526267
0.518066
0.518023
0

0.5
0.498058
0.496983
0.498984
0.504363
0.489614
0.497106
0.499338
0.500012
0.499734
0.499496
0.50229
0.535659
0.517046
0.52705
0.541432
0.584389
0.549405
0.524022
0.516328
0.516287
0

0.5
0.497844
0.496308
0.497651
0.502994
0.490503
0.498787
0.500238
0.500506
0.50012
0.500017
0.503018
0.531177
0.515488
0.524579
0.541435
0.595927
0.549716
0.521168
0.514324
0.514285
0

0.5
0.497607
0.49548
0.495539
0.497894
0.495097
0.501268
0.501283
0.501039
0.500539
0.50061
0.503734
0.526498
0.513656
0.521431
0.540739
0.61077
0.549408
0.517587
0.512078
0.512044
0

0.5
0.497368
0.494559
0.493001
0.490327
0.502248
0.504143
0.502408
0.501586
0.500971
0.501214
0.504285
0.521995
0.511535
0.517372
0.539078
0.629748
0.548058
0.513178
0.509627
0.509598
0

0.5
0.497141
0.493614
0.490544
0.484389
0.508024
0.506756
0.503524
0.50213
0.501403
0.501786
0.504633
0.517859
0.509111
0.512349
0.536132
0.653629
0.545173
0.507878
0.507033
0.507014
0

0.5
0.496918
0.492713
0.488486
0.481265
0.511223
0.508777
0.504554
0.502652
0.501827
0.502303
0.504799
0.514152
0.506415
0.506461
0.531574
0.682426
0.540702
0.501793
0.504397
0.50439
0

0.5
0.496696
0.491954
0.486916
0.480286
0.512445
0.510197
0.505455
0.503137
0.502231
0.50275
0.50483
0.510866
0.503532
0.50002
0.525072
0.715519
0.534735
0.495172
0.501838
0.501845
0

0.5
0.496448
0.491412
0.485753
0.48049
0.512562
0.511151
0.506213
0.503573
0.502602
0.503124
0.504777
0.507967
0.500661
0.493702
0.516515
0.751231
0.52763
0.488424
0.499482
0.499503
0

0.5
0.496224
0.491072
0.485016
0.481296
0.512357
0.511929
0.506882
0.503942
0.502881
0.503345
0.504572
0.50544
0.498394
0.488753
0.508666
0.786439
0.518476
0.481369
0.497193
0.497274
0

0
0
0
0
0
0
0
0
0
0
0
0
0
0
0
0
0
0
0
0
0
0


0
0
0
0
0
0
0
0
0
0
0
0
0
0
0
0
0
0
0
0
0
0

0.5
0.498144
0.497245
0.490938
0.438007
0.552378
0.499723
0.497222
0.498379
0.498861
0.499835
0.505012
0.53516
0.523657
0.531521
0.543029
0.554158
0.545082
0.530945
0.522486
0.522482
0

0.5
0.498584
0.49776
0.493013
0.458387
0.538969
0.500128
0.497828
0.498965
0.499418
0.500349
0.505622
0.535336
0.523779
0.531825
0.543208
0.555698
0.545747
0.53113
0.522627
0.522586
0

0.5
0.498539
0.497777
0.494848
0.474208
0.52215
0.499344
0.497987
0.499102
0.499504
0.500351
0.505586
0.534883
0.523134
0.531545
0.542841
0.557898
0.546215
0.530666
0.522117
0.522075
0

0.5
0.498466
0.497721
0.496399
0.48574
0.509872
0.498451
0.498224
0.4993
0.499635
0.500367
0.505316
0.534291
0.522243
0.531096
0.542592
0.561127
0.546855
0.529933
0.521349
0.521306
0

0.5
0.498362
0.497558
0.49744
0.493303
0.50179
0.497851
0.498571
0.499563
0.499817
0.500435
0.50496
0.533295
0.521152
0.530355
0.542598
0.565456
0.547604
0.528892
0.520326
0.520283
0

0.5
0.498224
0.49727
0.497853
0.497703
0.496974
0.497769
0.49905
0.499888
0.500052
0.500594
0.504795
0.531507
0.519921
0.529191
0.542906
0.571102
0.548379
0.527486
0.519049
0.519006
0

0.5
0.498058
0.496849
0.497591
0.49948
0.494831
0.498315
0.499673
0.500274
0.500335
0.500857
0.504866
0.528926
0.518548
0.527604
0.543309
0.57836
0.549087
0.52567
0.517525
0.517483
0

0.5
0.49786
0.496289
0.496667
0.498878
0.495082
0.499499
0.500431
0.500709
0.500658
0.501204
0.505069
0.525813
0.516983
0.525562
0.543546
0.587581
0.54959
0.523388
0.515776
0.515735
0

0.5
0.497648
0.495619
0.495211
0.496225
0.497422
0.501211
0.5013
0.501179
0.501008
0.501601
0.505281
0.522476
0.515198
0.522997
0.543402
0.599168
0.5497
0.520559
0.51382
0.513782
0

0.5
0.497432
0.494881
0.493452
0.492408
0.501002
0.503188
0.50223
0.501665
0.501372
0.502012
0.505424
0.519156
0.513189
0.519812
0.542676
0.613524
0.549185
0.517145
0.511695
0.51166
0

0.5
0.497208
0.494116
0.491672
0.488992
0.504304
0.505086
0.503157
0.502152
0.501742
0.502411
0.505467
0.516003
0.510975
0.516004
0.541173
0.630916
0.547831
0.513147
0.509461
0.509432
0

0.5
0.496996
0.493395
0.490101
0.486764
0.506561
0.506683
0.504028
0.502621
0.502104
0.502779
0.505417
0.513093
0.508594
0.511649
0.538689
0.651204
0.54558
0.508658
0.507193
0.507172
0

0.5
0.496792
0.492771
0.488826
0.485679
0.507784
0.507919
0.504806
0.503057
0.502443
0.503098
0.505286
0.510447
0.506135
0.506984
0.535106
0.673779
0.542508
0.503872
0.504992
0.504979
0

0.5
0.496594
0.492276
0.487837
0.485362
0.508303
0.508837
0.505476
0.503452
0.502758
0.503375
0.50512
0.508079
0.503746
0.502376
0.530524
0.697382
0.538823
0.499074
0.502952
0.502949
0

0.5
0.496425
0.491934
0.487188
0.485571
0.50862
0.509634
0.506072
0.503784
0.50299
0.503529
0.504846
0.505993
0.501853
0.498797
0.526702
0.720049
0.533773
0.49405
0.500957
0.501004
0

0
0
0
0
0
0
0
0
0
0
0
0
0
0
0
0
0
0
0
0
0
0


0
0
0
0
0
0
0
0
0
0
0
0
0
0
0
0
0
0
0
0
0
0

0.5
0.498115
0.497078
0.492455
0.465704
0.530541
0.499913
0.497706
0.498754
0.499545
0.501138
0.506903
0.529195
0.523824
0.53169
0.543061
0.5535
0.544929
0.531345
0.52295
0.522947
0

0.5
0.498554
0.497575
0.493786
0.473281
0.523427
0.500115
0.498291
0.499334
0.5001
0.501653
0.507396
0.529457
0.52402
0.531992
0.543426
0.554781
0.545556
0.531564
0.523122
0.523081
0

0.5
0.498509
0.497576
0.494942
0.481352
0.514757
0.499547
0.498433
0.49946
0.500178
0.501659
0.507301
0.529031
0.523501
0.531708
0.543378
0.556501
0.545963
0.531178
0.52267
0.522629
0

0.5
0.498439
0.49752
0.495997
0.488116
0.507477
0.498954
0.498648
0.499642
0.500294
0.501677
0.507095
0.528391
0.522762
0.531258
0.543438
0.559085
0.546539
0.530581
0.521996
0.521954
0

0.5
0.498341
0.497378
0.496725
0.492978
0.502211
0.498573
0.498959
0.499881
0.50045
0.501727
0.506838
0.527421
0.521831
0.53058
0.543666
0.56259
0.547234
0.529739
0.5211
0.521058
0

0.5
0.498217
0.497135
0.497015
0.49597
0.498897
0.498561
0.49938
0.500175
0.500648
0.501831
0.50663
0.52599
0.520726
0.529614
0.544072
0.567146
0.547985
0.528612
0.519985
0.519942
0

0.5
0.498064
0.496779
0.496818
0.497267
0.497324
0.498986
0.499915
0.500517
0.500883
0.501994
0.506503
0.524093
0.519449
0.528324
0.544555
0.572928
0.548736
0.527182
0.518665
0.518622
0

0.5
0.497889
0.49632
0.496167
0.497081
0.497275
0.499848
0.500556
0.500902
0.50115
0.502208
0.506427
0.521846
0.517994
0.526691
0.544991
0.580143
0.549374
0.525391
0.517152
0.517109
0

0.5
0.497702
0.49578
0.49515
0.495712
0.498444
0.501057
0.501281
0.501316
0.501439
0.502456
0.506356
0.519413
0.516356
0.524669
0.545211
0.588992
0.5498
0.523213
0.51547
0.515428
0

0.5
0.497498
0.495177
0.493905
0.493684
0.500319
0.502451
0.502051
0.501746
0.501743
0.502718
0.506252
0.516936
0.514546
0.52222
0.545109
0.599662
0.549868
0.520637
0.513656
0.513617
0

0.5
0.497298
0.494564
0.49262
0.491706
0.502226
0.50384
0.502823
0.502178
0.502053
0.502979
0.506102
0.514527
0.512589
0.519358
0.544542
0.612197
0.549476
0.517675
0.511756
0.51172
0

0.5
0.497105
0.493983
0.49144
0.490222
0.503729
0.505081
0.503558
0.502594
0.502352
0.503216
0.505896
0.512241
0.510531
0.516162
0.543404
0.626407
0.548588
0.514411
0.509837
0.509805
0

0.5
0.496924
0.493466
0.490435
0.489316
0.504724
0.506108
0.504226
0.502985
0.502637
0.503429
0.505658
0.510126
0.508451
0.51279
0.541657
0.641794
0.547226
0.510982
0.507974
0.507947
0

0.5
0.496761
0.493038
0.489624
0.488862
0.505312
0.506924
0.504811
0.503339
0.502901
0.503617
0.50541
0.508202
0.506457
0.509462
0.53938
0.657487
0.545516
0.507594
0.50625
0.506229
0

0.5
0.496625
0.492727
0.489077
0.488809
0.505809
0.507663
0.505335
0.503636
0.503092
0.503708
0.505088
0.506491
0.504871
0.506907
0.537707
0.672268
0.542837
0.504013
0.50455
0.504572
0

0
0
0
0
0
0
0
0
0
0
0
0
0
0
0
0
0
0
0
0
0
0


0
0
0
0
0
0
0
0
0
0
0
0
0
0
0
0
0
0
0
0
0
0

0.5
0.498101
0.497058
0.494033
0.480165
0.515253
0.49924
0.498012
0.499093
0.500171
0.502276
0.508141
0.524562
0.523715
0.531838
0.543166
0.552718
0.544745
0.531708
0.523378
0.523375
0

0.5
0.49854
0.497536
0.494951
0.483681
0.512477
0.499551
0.498595
0.499669
0.500721
0.502789
0.508597
0.52486
0.523961
0.53215
0.543631
0.553817
0.545344
0.53196
0.523575
0.523535
0

0.5
0.498495
0.497513
0.49559
0.487653
0.50819
0.499236
0.498733
0.499785
0.500789
0.502788
0.508478
0.524476
0.523529
0.531892
0.543738
0.555176
0.545707
0.531648
0.523179
0.523138
0

0.5
0.498427
0.497441
0.496189
0.491283
0.504239
0.498935
0.498941
0.499952
0.500888
0.502793
0.508285
0.523887
0.522904
0.531488
0.543957
0.557235
0.54623
0.53117
0.522589
0.522547
0

0.5
0.498336
0.497301
0.496591
0.49405
0.501203
0.498787
0.499232
0.50017
0.50102
0.502815
0.508045
0.523049
0.5221
0.530908
0.544312
0.560033
0.546874
0.5305
0.521807
0.521765
0

0.5
0.49822
0.497079
0.496706
0.495808
0.499218
0.498885
0.499611
0.500433
0.501183
0.502864
0.507797
0.521916
0.521122
0.530115
0.544797
0.563641
0.547607
0.529625
0.520843
0.5208
0

0.5
0.498082
0.496775
0.496507
0.496594
0.49825
0.499274
0.50008
0.500739
0.501375
0.502944
0.507559
0.52049
0.519981
0.529098
0.545376
0.568162
0.548367
0.528509
0.519701
0.519658
0

0.5
0.497928
0.496395
0.496011
0.496517
0.498166
0.49994
0.500629
0.50108
0.501592
0.503054
0.507331
0.518835
0.518681
0.527818
0.545931
0.573681
0.549108
0.527147
0.518404
0.51836
0

0.5
0.497754
0.495945
0.495265
0.495769
0.498779
0.500826
0.501237
0.501446
0.501829
0.503186
0.507097
0.517032
0.517224
0.526252
0.546405
0.580309
0.549741
0.52552
0.516974
0.516931
0

0.5
0.497574
0.495458
0.494373
0.494647
0.499807
0.501837
0.501879
0.501827
0.50208
0.503332
0.506846
0.515175
0.515636
0.524406
0.546707
0.588097
0.550193
0.523617
0.515437
0.515394
0

0.5
0.497396
0.494966
0.493444
0.493492
0.500932
0.502869
0.502527
0.502207
0.50233
0.503473
0.506564
0.513323
0.513941
0.522298
0.546755
0.597007
0.550396
0.521467
0.513837
0.513796
0

0.5
0.497225
0.494494
0.492564
0.492534
0.50191
0.503824
0.503147
0.502576
0.502577
0.503607
0.506261
0.511536
0.512186
0.519981
0.546476
0.606854
0.550323
0.519134
0.512229
0.512189
0

0.5
0.497067
0.494068
0.49179
0.49186
0.502651
0.504654
0.503719
0.502923
0.502813
0.503729
0.505948
0.509851
0.510435
0.51756
0.545848
0.617276
0.549978
0.516717
0.510671
0.510635
0

0.5
0.49693
0.493707
0.491145
0.491436
0.503172
0.505348
0.504225
0.50324
0.503032
0.50384
0.505642
0.508296
0.508764
0.515176
0.544915
0.6277
0.549412
0.514352
0.509232
0.509198
0

0.5
0.496816
0.493439
0.490703
0.4913
0.503673
0.505993
0.504681
0.503503
0.503187
0.503872
0.505287
0.506898
0.507427
0.51337
0.544405
0.637381
0.548125
0.511805
0.507799
0.507802
0

0
0
0
0
0
0
0
0
0
0
0
0
0
0
0
0
0
0
0
0
0
0


0
0
0
0
0
0
0
0
0
0
0
0
0
0
0
0
0
0
0
0
0
0

0.5
0.498103
0.497138
0.495635
0.489837
0.505082
0.498201
0.498185
0.499392
0.500731
0.503269
0.509002
0.520803
0.523454
0.531966
0.543287
0.551944
0.544556
0.53202
0.523747
0.523745
0

0.5
0.498541
0.497598
0.496286
0.491456
0.504333
0.498655
0.49877
0.499963
0.501277
0.503777
0.509443
0.521126
0.523735
0.532297
0.543803
0.5529
0.545136
0.532302
0.523969
0.523929
0

0.5
0.498496
0.497549
0.496532
0.493061
0.502578
0.49859
0.498915
0.500072
0.501334
0.503764
0.509311
0.520794
0.523371
0.532071
0.543987
0.553974
0.545464
0.532054
0.52362
0.523579
0

0.5
0.498431
0.497454
0.496741
0.494586
0.500883
0.498571
0.499127
0.500226
0.501417
0.503749
0.509114
0.520291
0.522837
0.531729
0.544294
0.555604
0.545945
0.531677
0.523102
0.523061
0

0.5
0.498343
0.497302
0.49683
0.495756
0.49955
0.498659
0.499409
0.500424
0.501525
0.503737
0.508866
0.519604
0.522138
0.531248
0.544724
0.557808
0.546555
0.531163
0.522423
0.522381
0

0.5
0.498235
0.49709
0.496756
0.496475
0.498692
0.498899
0.499764
0.500663
0.501657
0.503734
0.50858
0.518721
0.521285
0.530625
0.545279
0.56062
0.547255
0.530484
0.521584
0.521541
0

0.5
0.498111
0.49682
0.496501
0.496737
0.498316
0.499306
0.500186
0.500938
0.501811
0.503743
0.508273
0.517652
0.520284
0.529827
0.545903
0.56407
0.548032
0.529648
0.520601
0.520557
0

0.5
0.497966
0.49649
0.496067
0.496582
0.498365
0.499866
0.500662
0.501241
0.501986
0.503768
0.507951
0.516429
0.519135
0.528834
0.546559
0.5682
0.548833
0.52865
0.519495
0.519451
0

0.5
0.497811
0.496116
0.495496
0.496114
0.498752
0.500549
0.501181
0.501567
0.502177
0.503809
0.507617
0.515099
0.517863
0.527663
0.547206
0.573037
0.549609
0.527464
0.51828
0.518235
0

0.5
0.497652
0.495721
0.494846
0.495473
0.499355
0.501309
0.501725
0.501903
0.502376
0.503853
0.507265
0.513706
0.516487
0.526312
0.547792
0.578573
0.550302
0.526097
0.516983
0.516937
0

0.5
0.497494
0.495321
0.494169
0.494799
0.500023
0.50208
0.502269
0.502239
0.502578
0.503899
0.506898
0.512295
0.515034
0.52479
0.548242
0.584739
0.550884
0.524585
0.515643
0.515597
0

0.5
0.497343
0.494937
0.49352
0.494206
0.500645
0.502813
0.502795
0.502566
0.502778
0.503945
0.506527
0.510908
0.513544
0.523142
0.548517
0.591392
0.55132
0.522967
0.514301
0.514256
0

0.5
0.497206
0.494587
0.492936
0.493742
0.501165
0.503473
0.503285
0.502876
0.50297
0.50399
0.506161
0.509574
0.512067
0.521433
0.548592
0.598288
0.551595
0.521309
0.513006
0.512962
0

0.5
0.497089
0.494287
0.492437
0.493407
0.501578
0.504045
0.503723
0.503159
0.50315
0.504033
0.505812
0.508322
0.51066
0.519751
0.548474
0.605084
0.551716
0.519693
0.51181
0.511767
0

0.5
0.496991
0.494061
0.492091
0.49327
0.502013
0.50459
0.504118
0.503393
0.503274
0.504016
0.505435
0.507182
0.50952
0.51849
0.548618
0.611343
0.551281
0.517896
0.510603
0.510593
0

0
0
0
0
0
0
0
0
0
0
0
0
0
0
0
0
0
0
0
0
0
0


0
0
0
0
0
0
0
0
0
0
0
0
0
0
0
0
0
0
0
0
0
0

0.5
0.498106
0.497263
0.497144
0.496953
0.496262
0.496847
0.498241
0.49962
0.501154
0.503982
0.509397
0.517419
0.523184
0.53212
0.543416
0.551286
0.544463
0.532333
0.524062
0.524053
0

0.5
0.498545
0.497707
0.497601
0.497508
0.496858
0.49746
0.498836
0.500188
0.501694
0.504482
0.509831
0.517767
0.523493
0.532459
0.543951
0.552128
0.545034
0.532645
0.524305
0.524258
0

0.5
0.498499
0.497632
0.497543
0.497585
0.497029
0.497663
0.498995
0.500289
0.501742
0.504457
0.509692
0.517488
0.523174
0.532259
0.544169
0.552972
0.54535
0.532459
0.523999
0.52395
0

0.5
0.498433
0.497509
0.497426
0.497605
0.497229
0.497943
0.499219
0.500432
0.50181
0.504421
0.509489
0.517074
0.522705
0.531954
0.544503
0.554246
0.545825
0.532186
0.523548
0.523496
0

0.5
0.498348
0.497341
0.497239
0.497549
0.497442
0.498291
0.499504
0.500615
0.501897
0.504379
0.509228
0.516531
0.522087
0.531544
0.544946
0.555954
0.546425
0.531812
0.522957
0.522903
0

0.5
0.498246
0.497128
0.496972
0.497411
0.497668
0.4987
0.499843
0.500833
0.502003
0.504333
0.50892
0.515868
0.52132
0.531009
0.545483
0.558088
0.547159
0.531339
0.522235
0.522178
0

0.5
0.498125
0.496869
0.496621
0.49718
0.497913
0.49916
0.500225
0.50108
0.502127
0.504289
0.508573
0.515091
0.520406
0.530339
0.546098
0.560654
0.547996
0.530771
0.521398
0.521337
0

0.5
0.497991
0.496573
0.496199
0.496859
0.498173
0.49966
0.500643
0.501352
0.502268
0.504252
0.508202
0.51422
0.519368
0.529549
0.546755
0.563631
0.548913
0.530102
0.520462
0.520397
0

0.5
0.49785
0.496253
0.495726
0.49648
0.498463
0.500196
0.501086
0.501641
0.50242
0.504218
0.507807
0.513268
0.518226
0.52864
0.547456
0.567014
0.549861
0.529316
0.519439
0.51937
0

0.5
0.497705
0.495919
0.495221
0.496068
0.49877
0.500747
0.501541
0.501938
0.502578
0.504187
0.507399
0.512256
0.516999
0.527608
0.548127
0.570743
0.55084
0.528444
0.51836
0.518286
0

0.5
0.497562
0.495585
0.494711
0.495658
0.499084
0.501297
0.501995
0.502235
0.50274
0.504162
0.506986
0.51121
0.515715
0.526472
0.548745
0.574756
0.551807
0.527499
0.517251
0.517173
0

0.5
0.497427
0.495265
0.49422
0.49528
0.499397
0.501827
0.502434
0.502525
0.502902
0.504143
0.506578
0.510154
0.514409
0.525262
0.549277
0.578953
0.552728
0.526503
0.516147
0.516065
0

0.5
0.497304
0.494972
0.493769
0.494955
0.499695
0.502324
0.502848
0.5028
0.50306
0.504129
0.506185
0.509114
0.513121
0.524019
0.549695
0.583197
0.553566
0.525491
0.515084
0.514998
0

0.5
0.497201
0.494718
0.493377
0.494687
0.499971
0.502773
0.503223
0.503054
0.503209
0.504123
0.505816
0.508114
0.511893
0.522793
0.549981
0.587323
0.554286
0.524503
0.514102
0.514012
0

0.5
0.497115
0.494523
0.493099
0.494556
0.500302
0.503213
0.503561
0.503262
0.503308
0.50407
0.505433
0.507187
0.510883
0.521873
0.550408
0.591125
0.554546
0.523315
0.513089
0.513024
0

0
0
0
0
0
0
0
0
0
0
0
0
0
0
0
0
0
0
0
0
0
0


0
0
0
0
0
0
0
0
0
0
0
0
0
0
0
0
0
0
0
0
0
0

0
0
0
0
0
0
0
0
0
0
0
0
0
0
0
0
0
0
0
0
0
0

0
0
0
0
0
0
0
0
0
0
0
0
0
0
0
0
0
0
0
0
0
0

0
0
0
0
0
0
0
0
0
0
0
0
0
0
0
0
0
0
0
0
0
0

0
0
0
0
0
0
0
0
0
0
0
0
0
0
0
0
0
0
0
0
0
0

0
0
0
0
0
0
0
0
0
0
0
0
0
0
0
0
0
0
0
0
0
0

0
0
0
0
0
0
0
0
0
0
0
0
0
0
0
0
0
0
0
0
0
0

0
0
0
0
0
0
0
0
0
0
0
0
0
0
0
0
0
0
0
0
0
0

0
0
0
0
0
0
0
0
0
0
0
0
0
0
0
0
0
0
0
0
0
0

0
0
0
0
0
0
0
0
0
0
0
0
0
0
0
0
0
0
0
0
0
0

0
0
0
0
0
0
0
0
0
0
0
0
0
0
0
0
0
0
0
0
0
0

0
0
0
0
0
0
0
0
0
0
0
0
0
0
0
0
0
0
0
0
0
0

0
0
0
0
0
0
0
0
0
0
0
0
0
0
0
0
0
0
0
0
0
0

0
0
0
0
0
0
0
0
0
0
0
0
0
0
0
0
0
0
0
0
0
0

0
0
0
0
0
0
0
0
0
0
0
0
0
0
0
0
0
0
0
0
0
0

0
0
0
0
0
0
0
0
0
0
0
0
0
0
0
0
0
0
0
0
0
0

0
0
0
0
0
0
0
0
0
0
0
0
0
0
0
0
0
0
0
0
0
0


