0
0
0
0
0
0
0
0
0
0
0
0
0
0
0
0
0
0
0
0
0
0

0
0
0
0
0
0
0
0
0
0
0
0
0
0
0
0
0
0
0
0
0
0

0
0
0
0
0
0
0
0
0
0
0
0
0
0
0
0
0
0
0
0
0
0

0
0
0
0
0
0
0
0
0
0
0
0
0
0
0
0
0
0
0
0
0
0

0
0
0
0
0
0
0
0
0
0
0
0
0
0
0
0
0
0
0
0
0
0

0
0
0
0
0
0
0
0
0
0
0
0
0
0
0
0
0
0
0
0
0
0

0
0
0
0
0
0
0
0
0
0
0
0
0
0
0
0
0
0
0
0
0
0

0
0
0
0
0
0
0
0
0
0
0
0
0
0
0
0
0
0
0
0
0
0

0
0
0
0
0
0
0
0
0
0
0
0
0
0
0
0
0
0
0
0
0
0

0
0
0
0
0
0
0
0
0
0
0
0
0
0
0
0
0
0
0
0
0
0

0
0
0
0
0
0
0
0
0
0
0
0
0
0
0
0
0
0
0
0
0
0

0
0
0
0
0
0
0
0
0
0
0
0
0
0
0
0
0
0
0
0
0
0

0
0
0
0
0
0
0
0
0
0
0
0
0
0
0
0
0
0
0
0
0
0

0
0
0
0
0
0
0
0
0
0
0
0
0
0
0
0
0
0
0
0
0
0

0
0
0
0
0
0
0
0
0
0
0
0
0
0
0
0
0
0
0
0
0
0

0
0
0
0
0
0
0
0
0
0
0
0
0
0
0
0
0
0
0
0
0
0

0
0
0
0
0
0
0
0
0
0
0
0
0
0
0
0
0
0
0
0
0
0


0
0
0
0
0
0
0
0
0
0
0
0
0
0
0
0
0
0
0
0
0
0

0
-0.643547
-0.639082
-0.710844
-0.47129
-0.757955
-0.882414
-0.930412
0.528965
-4.76615
-0.669232
-0.686917
-3.23701
-0.241445
-0.941823
-0.711477
-1.55315
0.676986
-0.311301
-1.02825
-0.780832
0

0
-0.840945
-2.086
-0.981764
-0.891249
0.0713944
0.0708036
-1.18224
-0.255555
-1.78672
-1.04576
-0.810354
-3.7291
-0.308654
-0.905394
-1.05036
0.948746
-0.176503
-0.298535
-1.37255
-0.951715
0

0
-1.01929
-1.64869
-1.35994
-1.17844
-0.0290251
-0.665244
-1.50358
-0.210457
-1.97805
-1.43015
-1.19652
-3.15973
-0.86655
-1.03589
-1.15619
-0.628494
0.0716953
-0.438153
-1.82204
-1.24246
0

0
-1.16461
-3.14192
-1.6835
-1.37542
-0.583258
-1.11391
-1.755
-0.453079
-2.07375
-1.77452
-1.6275
-3.66908
-3.1533
-1.28977
-0.920944
-2.34896
0.21441
-0.527749
-2.26209
-1.52075
0

0
-1.46882
-2.66542
-1.88149
-1.61431
-0.811347
-1.49998
-2.03907
-0.684818
-2.38738
-2.04413
-2.08426
-3.13848
-1.66252
-1.61028
-0.193746
-2.2359
0.186568
-0.530058
-2.70517
-1.79532
0

0
-1.79716
-2.35892
-2.10264
-1.89358
-0.954952
-1.74616
-2.35453
-0.718404
-2.65826
-2.36099
-2.46132
-3.1
-2.17443
-1.82314
-0.735357
-1.96334
0.198877
-0.893604
-3.16065
-2.06636
0

0
-2.09822
-2.54058
-2.32172
-2.16956
-1.03157
-1.97006
-2.60504
0.312069
-2.86589
-2.65875
-2.78233
-3.37592
-2.53611
-1.90906
-0.669725
-2.48394
0.210342
-1.12791
-3.74403
-2.33398
0

0
-2.38531
-2.80199
-2.59608
-2.40463
-1.15687
-2.17985
-2.62758
-1.83362
-2.87933
-2.92707
-3.07803
-3.63743
-2.89453
-1.93254
-0.767824
-3.0175
0.143002
-1.27606
-4.5414
-2.59946
0

0
-2.66709
-3.04098
-2.86917
-2.58241
-1.41583
-2.39323
-2.73463
-2.8052
-3.01464
-3.17489
-3.34516
-3.77796
-3.64604
-1.772
-0.679941
-3.58184
0.0878761
-1.43715
-4.2044
-2.86936
0

0
-2.94605
-3.27349
-3.12746
-2.74494
-1.42953
-2.65704
-2.88626
-3.24805
-3.21002
-3.42133
-3.57339
-3.81984
-4.19261
-1.42642
-0.825026
-4.34453
1.59644
-1.40872
-4.03895
-3.13972
0

0
-3.2244
-3.50393
-3.37508
-2.96507
-1.57516
-2.87943
-3.11335
-3.63511
-3.42064
-3.67542
-3.76731
-3.98263
-7.64261
-1.13936
-0.855634
-5.36449
1.13323
-2.10316
-4.16655
-3.39914
0

0
-3.50333
-3.71733
-3.57146
-3.24087
-1.38069
-3.09052
-3.36551
-4.12429
-3.66815
-3.9091
-4.00216
-4.18696
-7.70284
-0.925954
0.377879
-6.55813
1.1155
-2.45611
-4.48846
-3.65396
0

0
-3.78289
-3.94121
-3.77439
-3.49632
-1.40505
-3.3495
-3.66343
-3.99609
-3.95792
-4.16913
-4.24938
-4.51084
-4.76164
0.45289
-3.32215
-7.54723
1.4406
-2.61358
-4.68948
-3.91876
0

0
-3.98583
-4.16933
-4.0565
-3.70573
-1.29666
-3.57382
-3.88318
-4.13571
-4.16421
-4.35259
-4.43854
-4.71434
-5.2438
-1.64951
-3.65712
-7.99052
1.46126
-2.75602
-4.77238
-4.1162
0

0
-3.92335
-4.07948
-3.93909
-3.61665
-0.65428
-3.48226
-3.79124
-4.1084
-4.07672
-4.27263
-4.35763
-4.63168
-5.60547
-1.63597
-3.14043
-7.9347
1.57265
-2.65058
-4.70607
-4.0361
0

0
0
0
0
0
0
0
0
0
0
0
0
0
0
0
0
0
0
0
0
0
0


0
0
0
0
0
0
0
0
0
0
0
0
0
0
0
0
0
0
0
0
0
0

0
-0.784535
-2.59969
-0.660432
-0.312092
-2.05364
-2.27629
-0.949699
-0.046051
-0.494513
-0.912932
-0.894499
-0.783463
-0.768708
-1.07366
-1.26626
-4.70432
0.698293
-0.364845
-0.875549
-0.862414
0

0
-0.612159
4.39568
-0.122167
-0.639749
-0.999504
-2.17299
-1.13311
-1.34094
-2.64778
-1.03729
-0.931578
1.81185
-0.401054
-1.43274
-1.64215
-2.19572
0.344778
-0.208442
-1.01885
-0.977522
0

0
-0.943826
3.35838
-0.611454
-1.13967
-1.05922
-0.926061
-1.50319
-2.51924
-2.53796
-1.39331
-1.21636
-1.18685
-1.04193
-1.90366
-2.6807
3.99598
-0.248606
-0.364295
-1.26526
-1.27777
0

0
-1.19878
-1.22622
-1.24226
-1.41334
-1.12282
-1.06071
-1.76392
-2.59841
-2.1793
-1.766
-1.61948
-3.42379
-4.2996
-2.53393
-3.16817
-1.45222
-0.216391
-0.502017
-1.39959
-1.56616
0

0
-1.48209
-3.07701
-1.9419
-1.627
-1.57697
-1.69413
-2.0377
-3.19181
-2.27851
-2.09716
-2.07137
-3.67288
-3.72063
-3.41806
-2.55032
-3.16129
-0.48479
-0.642777
-1.43657
-1.85202
0

0
-1.81418
-2.75625
-2.29706
-1.90218
-1.88404
-2.06681
-2.34531
-3.57767
-2.58029
-2.37762
-2.46481
-3.33207
-3.47063
-4.34595
-3.4704
-1.73738
-0.610301
-0.84574
-1.46021
-2.1358
0

0
-2.12866
-2.58987
-2.42692
-2.21997
-1.79545
-2.23761
-2.62179
-2.58
-2.79588
-2.68441
-2.78423
-3.41326
-3.96205
-4.85078
-3.8653
-1.20065
-0.68605
-1.52651
-1.80459
-2.41399
0

0
-2.42403
-2.82263
-2.64921
-2.53219
-1.61655
-2.33229
-2.72813
-0.480523
-2.91327
-2.9732
-3.08095
-3.73071
-3.71515
-4.63829
-4.77184
-1.335
-0.961524
-2.09133
-3.19524
-2.68218
0

0
-2.71431
-3.12667
-2.94958
-2.77942
-1.61332
-2.46843
-2.80243
-1.90418
-3.04718
-3.24027
-3.35747
-3.8794
-2.66717
-4.07893
-4.8265
-1.31989
-1.33169
-2.26069
-4.57911
-2.94789
0

0
-3.00382
-3.41629
-3.25706
-2.94599
-2.0606
-2.76514
-3.01234
-2.78038
-3.29912
-3.49701
-3.60596
-3.69168
-0.890183
-3.33536
-4.80268
-1.12677
0.936493
-1.7589
-4.1736
-3.22923
0

0
-3.29417
-3.67709
-3.54222
-3.14103
-2.68475
-3.14567
-3.25858
-3.20689
-3.545
-3.74715
-3.82942
-3.5751
-1.11337
-3.058
-4.51902
-0.869507
1.43795
-2.19224
-3.56421
-3.51021
0

0
-3.58662
-3.87354
-3.73147
-3.44313
-2.54688
-3.37289
-3.53224
-3.9184
-3.80042
-4.00437
-4.06479
-4.37837
-8.74744
-3.57304
-3.23661
-0.837799
1.02021
-2.92428
-3.87708
-3.77699
0

0
-3.87937
-4.03392
-3.81126
-3.72989
-2.88824
-3.60529
-3.82308
-4.48375
-4.07635
-4.25536
-4.32952
-4.52507
-6.00034
-2.19471
-2.02092
-1.19547
0.775211
-3.18738
-4.37608
-4.04613
0

0
-4.08346
-4.28126
-4.169
-3.93575
-3.31783
-3.8345
-4.04272
-4.3876
-4.27788
-4.44444
-4.50843
-4.69015
-4.11255
0.374684
-4.94768
-1.99914
0.569623
-3.24172
-4.61134
-4.24066
0

0
-4.02324
-4.2018
-4.06486
-3.84386
-3.12343
-3.74386
-3.95054
-4.32111
-4.19234
-4.36457
-4.43065
-4.61482
-4.89222
-0.188708
-4.26095
-2.02608
0.688451
-3.17624
-4.47132
-4.16144
0

0
0
0
0
0
0
0
0
0
0
0
0
0
0
0
0
0
0
0
0
0
0


0
0
0
0
0
0
0
0
0
0
0
0
0
0
0
0
0
0
0
0
0
0

0
-0.794579
-1.18967
-0.733996
-0.988766
-1.28368
-1.01901
-0.972075
-1.55399
-0.421875
-1.00429
-0.964815
0.158216
-1.27189
-1.29131
-1.65663
-1.60955
-1.22164
-0.778169
-0.930165
-0.938965
0

0
-0.74169
2.72515
-0.759668
-0.679508
-2.77649
-1.71455
-1.15037
-0.84355
-0.951438
-1.07654
-1.07671
-1.43844
-1.40224
-1.51275
-1.66178
-2.87554
-0.200237
-0.588904
-0.998593
-1.02574
0

0
-0.950294
1.40283
-0.797867
-1.07448
-1.25496
-2.01626
-1.47669
-1.63586
-2.23876
-1.40239
-1.33734
-0.314157
-1.62719
-2.01341
-2.09267
1.96077
-0.652917
-0.835591
-1.28252
-1.31512
0

0
-1.20397
0.49876
-1.12835
-1.46825
-0.947926
-1.37713
-1.77647
-2.35894
-2.43835
-1.75791
-1.6307
-1.72835
-1.57181
-2.4122
-2.82364
1.98871
-0.62454
-1.17839
-1.55816
-1.60276
0

0
-1.49512
-1.61477
-1.58065
-1.73916
-1.12361
-1.51588
-2.02387
-2.40086
-2.37227
-2.098
-2.03467
-3.11861
-3.96803
-2.84826
-3.90705
-1.7103
-0.845356
-1.37652
-1.84132
-1.88929
0

0
-1.82177
-2.76686
-2.20122
-1.98698
-1.75476
-1.97236
-2.3073
-2.99335
-2.54733
-2.40562
-2.45
-3.49327
-3.9461
-3.47225
-3.84908
-2.77356
-1.18408
-1.46353
-2.11297
-2.17284
0

0
-2.15169
-2.84081
-2.56191
-2.27528
-2.07871
-2.3453
-2.60871
-3.26213
-2.82238
-2.69671
-2.798
-3.45819
-4.35649
-4.38103
-3.88806
-1.8127
-1.34433
-1.80786
-2.27782
-2.45619
0

0
-2.46239
-2.91374
-2.76002
-2.58121
-2.0077
-2.58864
-2.85691
-2.4702
-3.00455
-2.98723
-3.10276
-3.62927
-4.73618
-5.09339
-4.23484
-1.36155
-1.42098
-2.62436
-2.42854
-2.7424
0

0
-2.76325
-3.15611
-3.00552
-2.87882
-1.98324
-2.72661
-2.98525
-1.79571
-3.12408
-3.26374
-3.3888
-3.8536
-4.06584
-4.98588
-5.08427
-1.34175
-1.92812
-3.5052
-3.36717
-3.02769
0

0
-3.06358
-3.45121
-3.28912
-3.12441
-2.40482
-2.88515
-3.13528
-2.66539
-3.34238
-3.53268
-3.65322
-3.84662
-2.18528
-4.09147
-5.49074
-1.26595
-3.56273
-4.12132
-4.67847
-3.30684
0

0
-3.36472
-3.76414
-3.57339
-3.33645
-3.10256
-3.22136
-3.38312
-3.20999
-3.61622
-3.80191
-3.89542
-3.62745
0.675528
-3.19091
-6.18036
-1.17775
-2.09274
-3.61341
-4.5069
-3.59598
0

0
-3.66393
-4.0802
-3.85918
-3.60399
-3.43133
-3.61205
-3.67411
-3.58282
-3.8908
-4.06915
-4.13988
-4.0781
-4.13935
-3.45523
-5.89086
-1.16913
-2.15234
-3.79813
-4.18554
-3.88005
0

0
-3.9569
-4.34883
-4.14196
-3.91279
-3.3382
-3.8427
-3.96363
-4.15192
-4.176
-4.33214
-4.40028
-4.57686
-7.75975
-3.60484
-5.04377
-1.69124
-2.91871
-4.24007
-4.46657
-4.15274
0

0
-4.15557
-4.46866
-4.2595
-4.10954
-3.63322
-4.02546
-4.16626
-4.50286
-4.36879
-4.50736
-4.57955
-4.71372
-6.16877
-3.21184
-5.03961
-2.32181
-3.16144
-4.41295
-4.73881
-4.33743
0

0
-4.0989
-4.40778
-4.20014
-4.01799
-3.51947
-3.94229
-4.0778
-4.32582
-4.28349
-4.43052
-4.50179
-4.60718
-6.0806
-3.36252
-5.1569
-2.39623
-3.00539
-4.29185
-4.64492
-4.26092
0

0
0
0
0
0
0
0
0
0
0
0
0
0
0
0
0
0
0
0
0
0
0


0
0
0
0
0
0
0
0
0
0
0
0
0
0
0
0
0
0
0
0
0
0

0
-0.823981
-0.121248
-0.870953
-0.966325
0.278514
-1.02867
-0.995321
-1.06824
-1.03146
-1.00237
-1.0054
-1.03371
-1.21809
-1.27564
-1.3683
-0.203622
-1.11524
-1.06308
-0.988753
-0.963017
0

0
-0.855943
-0.201929
-0.901934
-0.949481
-2.18739
-1.20668
-1.13472
-1.30056
-0.99397
-1.13764
-1.11898
-0.835327
-1.3861
-1.52059
-1.7848
-1.83773
-1.32479
-1.00354
-1.08122
-1.07057
0

0
-1.03668
0.142235
-1.09014
-1.0956
-3.26248
-1.78034
-1.45762
-1.43362
-1.51169
-1.43776
-1.4171
-1.39981
-1.70314
-1.94565
-2.24973
-2.99373
-1.38248
-1.23533
-1.38317
-1.35718
0

0
-1.26151
-0.261069
-1.2728
-1.44152
-2.27401
-1.93626
-1.78345
-1.92879
-2.18898
-1.75767
-1.70747
-1.42417
-2.06584
-2.37103
-2.6925
0.386823
-1.79352
-1.55311
-1.68746
-1.64087
0

0
-1.53278
-1.04372
-1.6294
-1.80169
-1.48676
-1.78433
-2.056
-2.40936
-2.45428
-2.09534
-2.04104
-2.35107
-2.6054
-2.82325
-3.23327
-0.245089
-2.16838
-1.96521
-1.98381
-1.92829
0

0
-1.84269
-2.14586
-2.03969
-2.07851
-1.55433
-1.99818
-2.32187
-2.62244
-2.58664
-2.41583
-2.42179
-3.10556
-3.59745
-3.37406
-4.19375
-2.13574
-3.09405
-2.48243
-2.24273
-2.21611
0

0
-2.17178
-2.78109
-2.51145
-2.35439
-2.12272
-2.37378
-2.60881
-2.96924
-2.80292
-2.71716
-2.7878
-3.4191
-3.91791
-4.10571
-4.73443
-2.48061
-4.11751
-2.88423
-2.48778
-2.50405
0

0
-2.49456
-3.01304
-2.83924
-2.65699
-2.4746
-2.6999
-2.88384
-3.03268
-3.04541
-3.01018
-3.10816
-3.58325
-4.25096
-5.02972
-4.50854
-1.93632
-4.76772
-3.49639
-2.7747
-2.79247
0

0
-2.8063
-3.21962
-3.09192
-2.96055
-2.50218
-2.9194
-3.10464
-2.68568
-3.23541
-3.29541
-3.402
-3.76941
-4.14966
-5.69487
-4.79693
-1.64676
-5.00849
-4.1702
-3.14847
-3.08183
0

0
-3.11434
-3.48004
-3.36118
-3.24025
-2.54071
-3.08328
-3.2874
-2.7001
-3.41879
-3.57118
-3.67814
-3.89616
-3.1279
-5.68122
-5.14906
-1.6252
-5.46591
-4.7438
-3.79051
-3.37431
0

0
-3.42281
-3.75946
-3.6456
-3.49126
-3.04278
-3.33481
-3.5087
-3.20165
-3.67726
-3.84376
-3.93725
-3.90281
-1.79106
-5.15565
-5.66021
-1.65815
-6.13759
-5.10072
-4.55743
-3.66465
0

0
-3.72826
-4.03885
-3.92568
-3.75044
-3.78823
-3.704
-3.78531
-3.57936
-3.9557
-4.11358
-4.18689
-4.04376
-2.61623
-5.0546
-6.24062
-1.82245
-5.45825
-4.86966
-4.55431
-3.9505
0

0
-4.02105
-4.3122
-4.19469
-4.0412
-3.89233
-4.01983
-4.07836
-3.887
-4.2296
-4.37611
-4.44023
-4.42369
-4.75017
-5.5274
-6.03836
-2.22959
-5.62562
-5.04039
-4.52168
-4.22303
0

0
-4.21235
-4.48605
-4.36872
-4.23343
-3.9387
-4.1796
-4.27062
-4.12028
-4.41479
-4.54789
-4.61227
-4.6614
-5.68984
-5.76552
-5.82126
-2.73307
-5.85893
-5.26512
-4.69575
-4.4006
0

0
-4.15844
-4.40873
-4.29209
-4.14311
-3.86636
-4.09185
-4.18516
-4.0082
-4.33236
-4.47186
-4.53708
-4.54604
-5.10227
-5.69274
-5.89473
-2.86957
-5.75349
-5.16214
-4.65291
-4.32569
0

0
0
0
0
0
0
0
0
0
0
0
0
0
0
0
0
0
0
0
0
0
0


0
0
0
0
0
1
0
0
0
0
0
0
0
0
0
0
0
0
0
0
0
0

0
-0.86489
-0.670206
-0.941392
-0.966078
1.29493
-0.98715
-1.00232
-1.03146
-1.01996
-1.01396
-1.01949
-1.06043
-1.15585
-1.22237
-1.31176
-1.10325
-1.48922
-1.22144
-1.04151
-0.981732
0

0
-0.904021
-0.553818
-0.984509
-1.07642
0.987987
-0.994542
-1.13313
-1.21067
-1.16193
-1.15797
-1.15601
-1.12815
-1.37032
-1.47999
-1.65328
-1.16163
-1.5699
-1.27138
-1.15731
-1.10269
0

0
-1.11838
-0.695179
-1.22565
-1.27594
-0.89833
-1.40715
-1.45772
-1.52002
-1.47408
-1.47187
-1.46195
-1.41914
-1.71914
-1.90342
-2.15467
-2.23725
-2.21675
-1.59579
-1.46746
-1.39557
0

0
-1.33887
-0.840306
-1.452
-1.49162
-2.6029
-1.88994
-1.76986
-1.83147
-1.90959
-1.77932
-1.76115
-1.72726
-2.05921
-2.32048
-2.62905
-2.0881
-2.89171
-1.97668
-1.7691
-1.68085
0

0
-1.59402
-1.26519
-1.72404
-1.81116
-2.61297
-2.08445
-2.07852
-2.22698
-2.32995
-2.10049
-2.07563
-2.12009
-2.47702
-2.76408
-3.16213
-1.12033
-3.60559
-2.43335
-2.06615
-1.96912
0

0
-1.88529
-1.91584
-2.07698
-2.14551
-2.12567
-2.1853
-2.35487
-2.56154
-2.6002
-2.42245
-2.41974
-2.74055
-3.04763
-3.27025
-3.83915
-1.90135
-4.48472
-2.87558
-2.35649
-2.25945
0

0
-2.20214
-2.56882
-2.46638
-2.44071
-2.18859
-2.43401
-2.63185
-2.83052
-2.82256
-2.73228
-2.77385
-3.21355
-3.56784
-3.88461
-4.7297
-2.76649
-5.35808
-3.34559
-2.64161
-2.5504
0

0
-2.52597
-2.99661
-2.84588
-2.73294
-2.59927
-2.75657
-2.91304
-3.06009
-3.06362
-3.03085
-3.10617
-3.50368
-3.89378
-4.65623
-5.37111
-2.8204
-5.92271
-3.75027
-2.92552
-2.84159
0

0
-2.84501
-3.27704
-3.1561
-3.03439
-2.85782
-3.04411
-3.17446
-3.10406
-3.29811
-3.32157
-3.41116
-3.72102
-4.00679
-5.52188
-5.32751
-2.49962
-6.15203
-4.27645
-3.24597
-3.13396
0

0
-3.15935
-3.53746
-3.4353
-3.33047
-2.91884
-3.2641
-3.40443
-3.0979
-3.51552
-3.60453
-3.69672
-3.89937
-3.67527
-6.10712
-5.36533
-2.39713
-6.16961
-4.79362
-3.67139
-3.42783
0

0
-3.4716
-3.80939
-3.71606
-3.60454
-3.13123
-3.47957
-3.63291
-3.3364
-3.75373
-3.88111
-3.96646
-4.02531
-3.05327
-6.13359
-5.4611
-2.56111
-6.34026
-5.15404
-4.19441
-3.72146
0

0
-3.77843
-4.08301
-3.99558
-3.8674
-3.68296
-3.77761
-3.89234
-3.70402
-4.02554
-4.15189
-4.2234
-4.16394
-2.99809
-5.90381
-5.95418
-2.79417
-6.68423
-5.33936
-4.62002
-4.00815
0

0
-4.06945
-4.34656
-4.26284
-4.14151
-4.16271
-4.11268
-4.17303
-4.02728
-4.29866
-4.41244
-4.47336
-4.4168
-3.73106
-5.95769
-6.39971
-3.09604
-6.73648
-5.32313
-4.73717
-4.27854
0

0
-4.25592
-4.51433
-4.43401
-4.32641
-4.23805
-4.29455
-4.36093
-4.23007
-4.47706
-4.58012
-4.63862
-4.6321
-4.36884
-6.15391
-6.42828
-3.42959
-6.90147
-5.44358
-4.80304
-4.45064
0

0
-4.20359
-4.43805
-4.3559
-4.23772
-4.1241
-4.19792
-4.27705
-4.13001
-4.39683
-4.50484
-4.56498
-4.54263
-4.07646
-6.12224
-6.33588
-3.6028
-6.80536
-5.39339
-4.76074
-4.37648
0

0
0
0
0
0
0
0
0
0
0
0
0
0
0
0
0
0
0
0
0
0
0


0
0
0
0
0
0
0
0
0
0
0
0
0
0
0
0
0
0
0
0
0
0

0
-0.894308
-0.883116
-0.976322
-0.949218
-1.09699
-1.06987
-1.01368
-1.02558
-1.0273
-1.02429
-1.03007
-1.0601
-1.12159
-1.17829
-1.24957
-1.22472
-1.5572
-1.29027
-1.07685
-0.998936
0

0
-0.955693
-0.849765
-1.06928
-1.06709
-0.716773
-1.19926
-1.16504
-1.19283
-1.18716
-1.17886
-1.18393
-1.21181
-1.33987
-1.43617
-1.55904
-1.34806
-1.87686
-1.45343
-1.21967
-1.13441
0

0
-1.18185
-1.04337
-1.31715
-1.36518
-0.464724
-1.35431
-1.46699
-1.51887
-1.5082
-1.49378
-1.49423
-1.50031
-1.6987
-1.84974
-2.03674
-1.84249
-2.42017
-1.80323
-1.53012
-1.42888
0

0
-1.41324
-1.25246
-1.57153
-1.61465
-1.1297
-1.68726
-1.77327
-1.82911
-1.84853
-1.8027
-1.79888
-1.81191
-2.04079
-2.25795
-2.51157
-2.4966
-3.07017
-2.18448
-1.83721
-1.71908
0

0
-1.66461
-1.54884
-1.84117
-1.87872
-2.25169
-2.07724
-2.08408
-2.16079
-2.22005
-2.11613
-2.10987
-2.15082
-2.41012
-2.68057
-3.00043
-2.30496
-3.6845
-2.57864
-2.14198
-2.01022
0

0
-1.94316
-1.98322
-2.15166
-2.19051
-2.62919
-2.33693
-2.38309
-2.49842
-2.55338
-2.43335
-2.43554
-2.58172
-2.83613
-3.13359
-3.56833
-2.4381
-4.25468
-2.97341
-2.44449
-2.30286
0

0
-2.24645
-2.49101
-2.49865
-2.50797
-2.57906
-2.55774
-2.6677
-2.79519
-2.82917
-2.74633
-2.77275
-3.03363
-3.28787
-3.63839
-4.31698
-3.15523
-5.01632
-3.35649
-2.74174
-2.59652
0

0
-2.56379
-2.94615
-2.85725
-2.81047
-2.71432
-2.82887
-2.95067
-3.05506
-3.08582
-3.05062
-3.10413
-3.39269
-3.65679
-4.21988
-5.13761
-3.61248
-5.84606
-3.75518
-3.03649
-2.89067
0

0
-2.88403
-3.29781
-3.19307
-3.10951
-2.99866
-3.12454
-3.22807
-3.25102
-3.33997
-3.34678
-3.41713
-3.6695
-3.88801
-4.87958
-5.65808
-3.5416
-6.36856
-4.17946
-3.34374
-3.18533
0

0
-3.20233
-3.5907
-3.49577
-3.40676
-3.21832
-3.39285
-3.48915
-3.38052
-3.58629
-3.63553
-3.71164
-3.89626
-3.90228
-5.50766
-5.69353
-3.30161
-6.40469
-4.63555
-3.68692
-3.48053
0

0
-3.51775
-3.86858
-3.78248
-3.69367
-3.38131
-3.62778
-3.73873
-3.56112
-3.83359
-3.91675
-3.99034
-4.08753
-3.71679
-5.88268
-5.58043
-3.30706
-6.22393
-5.01572
-4.07819
-3.77471
0

0
-3.82581
-4.14039
-4.06102
-3.96617
-3.68311
-3.88284
-3.99504
-3.85084
-4.09611
-4.18896
-4.25425
-4.26986
-3.63627
-5.92797
-5.6749
-3.60046
-6.24612
-5.22773
-4.46711
-4.06164
0

0
-4.11535
-4.39849
-4.325
-4.23009
-4.13152
-4.17976
-4.26184
-4.1655
-4.36313
-4.44772
-4.50452
-4.49279
-3.93251
-5.90931
-6.0773
-3.9781
-6.55388
-5.34356
-4.73581
-4.33087
0

0
-4.29754
-4.5601
-4.49069
-4.40465
-4.3417
-4.37282
-4.44093
-4.36334
-4.53636
-4.61134
-4.6647
-4.67356
-4.30853
-5.9936
-6.30208
-4.25215
-6.765
-5.41419
-4.83213
-4.49858
0

0
-4.24587
-4.48332
-4.41139
-4.3174
-4.20273
-4.27666
-4.35933
-4.26931
-4.45777
-4.53609
-4.59098
-4.59797
-4.1544
-5.98728
-6.18386
-4.39008
-6.66938
-5.372
-4.76228
-4.42392
0

0
0
0
0
0
0
0
0
0
0
0
0
0
0
0
0
0
0
0
0
0
0


0
0
0
0
0
0
0
0
0
0
0
0
0
0
0
0
0
0
0
0
0
0

0
-0.922173
-0.977859
-1.00383
-1.00854
-0.885672
-0.978853
-1.01697
-1.02815
-1.03409
-1.03333
-1.03881
-1.06061
-1.09802
-1.14124
-1.18665
-1.18196
-1.48042
-1.29898
-1.09672
-1.01471
0

0
-1.006
-1.04731
-1.13656
-1.12046
-1.09017
-1.21615
-1.19023
-1.20533
-1.20954
-1.20533
-1.21223
-1.243
-1.32137
-1.40094
-1.48815
-1.43895
-1.85779
-1.53333
-1.27487
-1.17076
0

0
-1.23979
-1.26199
-1.39818
-1.3933
-1.24946
-1.50842
-1.49544
-1.51974
-1.5235
-1.51402
-1.5203
-1.54877
-1.67142
-1.7913
-1.92148
-1.83342
-2.31702
-1.8778
-1.58142
-1.46184
0

0
-1.47971
-1.50462
-1.6638
-1.68339
-1.35817
-1.72555
-1.79381
-1.8323
-1.84457
-1.82335
-1.8277
-1.85656
-2.01359
-2.182
-2.36192
-2.33164
-2.79916
-2.23234
-1.89235
-1.75478
0

0
-1.73433
-1.78314
-1.94175
-1.96556
-1.76767
-2.02707
-2.09816
-2.14944
-2.18048
-2.13572
-2.13941
-2.18302
-2.36396
-2.58023
-2.81418
-2.7207
-3.30067
-2.59457
-2.20454
-2.05033
0

0
-2.0079
-2.12758
-2.23936
-2.25832
-2.39698
-2.35911
-2.40432
-2.47226
-2.51367
-2.45023
-2.45813
-2.54465
-2.73723
-2.99128
-3.29813
-2.92246
-3.79993
-2.95677
-2.51377
-2.34668
0

0
-2.30179
-2.53172
-2.56152
-2.56892
-2.75893
-2.64792
-2.70252
-2.78248
-2.82046
-2.76372
-2.78436
-2.93585
-3.12979
-3.42469
-3.86886
-3.43974
-4.39406
-3.31717
-2.81895
-2.64374
0

0
-2.61132
-2.94329
-2.89834
-2.87976
-2.92778
-2.92034
-2.99339
-3.06718
-3.103
-3.07196
-3.11044
-3.30275
-3.49778
-3.8904
-4.55121
-4.05223
-5.12818
-3.68533
-3.12099
-2.9411
0

0
-2.92878
-3.31213
-3.23166
-3.18345
-3.13985
-3.20449
-3.27947
-3.3205
-3.37469
-3.37311
-3.42632
-3.61664
-3.79305
-4.39162
-5.21252
-4.27993
-5.82219
-4.06555
-3.42493
-3.23834
0

0
-3.24815
-3.63229
-3.54654
-3.48181
-3.38702
-3.48727
-3.55726
-3.5365
-3.64012
-3.66691
-3.72749
-3.88511
-3.97591
-4.89857
-5.58813
-4.05679
-6.18564
-4.45911
-3.74072
-3.5351
0

0
-3.56573
-3.92376
-3.84265
-3.77309
-3.60243
-3.75038
-3.82504
-3.74798
-3.9018
-3.95264
-4.01358
-4.12097
-4.04087
-5.31927
-5.60495
-3.80171
-6.11486
-4.82403
-4.07503
-3.82978
0

0
-3.87538
-4.19894
-4.1239
-4.05226
-3.83735
-4.00457
-4.088
-4.0028
-4.16512
-4.22761
-4.28388
-4.34052
-4.09382
-5.55703
-5.52861
-3.93387
-5.93899
-5.09538
-4.40998
-4.11681
0

0
-4.16468
-4.45571
-4.38662
-4.31556
-4.15387
-4.27062
-4.34842
-4.28821
-4.42638
-4.48625
-4.53637
-4.56716
-4.29294
-5.65615
-5.69407
-4.38478
-6.06645
-5.26755
-4.69514
-4.38548
0

0
-4.34349
-4.61288
-4.54806
-4.48183
-4.37797
-4.45205
-4.51829
-4.47616
-4.59384
-4.64656
-4.69325
-4.72924
-4.53504
-5.71725
-5.9343
-4.72438
-6.31803
-5.34999
-4.82973
-4.54994
0

0
-4.29125
-4.53362
-4.46634
-4.39429
-4.25561
-4.36116
-4.43745
-4.38842
-4.51582
-4.57005
-4.6179
-4.65694
-4.43958
-5.69328
-5.87291
-4.78973
-6.27683
-5.29789
-4.74539
-4.47364
0

0
0
0
0
0
0
0
0
0
0
0
0
0
0
0
0
0
0
0
0
0
0


0
0
0
0
0
0
0
0
0
0
0
0
0
0
0
0
0
0
0
0
0
0

0
-0.950138
-1.03631
-1.02953
-1.02254
-0.999641
-1.02978
-1.0323
-1.03558
-1.04177
-1.04211
-1.04679
-1.06101
-1.0813
-1.11157
-1.13148
-1.11214
-1.33841
-1.27086
-1.10688
-1.02994
0

0
-1.05202
-1.17005
-1.19132
-1.18663
-1.12622
-1.19105
-1.21168
-1.2231
-1.22995
-1.22945
-1.23643
-1.26077
-1.30661
-1.36383
-1.41074
-1.38869
-1.69601
-1.54363
-1.31545
-1.2039
0

0
-1.29642
-1.422
-1.47084
-1.45957
-1.4143
-1.52462
-1.52043
-1.53463
-1.54241
-1.5393
-1.54763
-1.57695
-1.65078
-1.73759
-1.81168
-1.7648
-2.11299
-1.89672
-1.63228
-1.4999
0

0
-1.54215
-1.68006
-1.74528
-1.7405
-1.65299
-1.8107
-1.82229
-1.84283
-1.85382
-1.84563
-1.85414
-1.88622
-1.98624
-2.10558
-2.20975
-2.16746
-2.50715
-2.23428
-1.94281
-1.79238
0

0
-1.80104
-1.96137
-2.02959
-2.03429
-1.91186
-2.0798
-2.1253
-2.15642
-2.17522
-2.15759
-2.16647
-2.20659
-2.32732
-2.4808
-2.62076
-2.59712
-2.92546
-2.58217
-2.25925
-2.09087
0

0
-2.07462
-2.27444
-2.32585
-2.33209
-2.28899
-2.38222
-2.43147
-2.47338
-2.5001
-2.47208
-2.48354
-2.54353
-2.67864
-2.86255
-3.04719
-2.96113
-3.36134
-2.9338
-2.57532
-2.39173
0

0
-2.36448
-2.6235
-2.63701
-2.63817
-2.71065
-2.69589
-2.73739
-2.78762
-2.81694
-2.78697
-2.80528
-2.89815
-3.04073
-3.25392
-3.5107
-3.39838
-3.83012
-3.28573
-2.88869
-2.69373
0

0
-2.66914
-2.99104
-2.96012
-2.94964
-3.03109
-2.99619
-3.03865
-3.08957
-3.11909
-3.09916
-3.12812
-3.25138
-3.39758
-3.65846
-4.03945
-3.99457
-4.38817
-3.63784
-3.19843
-2.99606
0

0
-2.98404
-3.34822
-3.28572
-3.25838
-3.28262
-3.28842
-3.33434
-3.37333
-3.40901
-3.40584
-3.44548
-3.57966
-3.72149
-4.07613
-4.60812
-4.47264
-5.0198
-3.99348
-3.50525
-3.29767
0

0
-3.30366
-3.67777
-3.60252
-3.56041
-3.53291
-3.57709
-3.62311
-3.63545
-3.69034
-3.70509
-3.75168
-3.87563
-3.9872
-4.49418
-5.09288
-4.51187
-5.5592
-4.35061
-3.81194
-3.59723
0

0
-3.62253
-3.97991
-3.9039
-3.85377
-3.77941
-3.85522
-3.90271
-3.88349
-3.96455
-3.99499
-4.04357
-4.14264
-4.18488
-4.87431
-5.34537
-4.20905
-5.78925
-4.69144
-4.12031
-3.89253
0

0
-3.93291
-4.25985
-4.18784
-4.1349
-4.01965
-4.11972
-4.17265
-4.13797
-4.23252
-4.27228
-4.31863
-4.38859
-4.34843
-5.16322
-5.38929
-4.07919
-5.735
-4.97749
-4.4227
-4.17871
0

0
-4.22173
-4.51704
-4.45034
-4.39823
-4.28113
-4.37681
-4.43146
-4.40349
-4.49101
-4.53111
-4.5732
-4.62429
-4.55009
-5.35025
-5.46749
-4.42272
-5.73452
-5.18742
-4.6955
-4.44617
0

0
-4.39769
-4.67144
-4.60903
-4.56014
-4.47098
-4.54459
-4.59465
-4.57789
-4.65316
-4.68891
-4.72796
-4.77767
-4.72902
-5.43846
-5.6325
-4.82496
-5.90099
-5.28723
-4.84201
-4.60808
0

0
-4.34418
-4.58878
-4.52437
-4.47129
-4.36734
-4.45657
-4.51293
-4.49429
-4.57437
-4.61026
-4.65005
-4.70384
-4.65326
-5.39187
-5.61546
-4.85577
-5.91497
-5.22275
-4.75482
-4.52973
0

0
0
0
0
0
0
0
0
0
0
0
0
0
0
0
0
0
0
0
0
0
0


0
0
0
0
0
0
0
0
0
0
0
0
0
0
0
0
0
0
0
0
0
0

0
-0.99766
-1.09854
-1.0777
-1.07193
-1.06433
-1.07487
-1.07384
-1.07518
-1.0809
-1.07973
-1.08275
-1.09167
-1.10287
-1.12688
-1.13016
-1.08698
-1.26696
-1.28185
-1.14788
-1.07282
0

0
-1.07222
-1.22475
-1.20773
-1.19777
-1.18103
-1.20206
-1.20769
-1.21195
-1.21926
-1.22176
-1.22851
-1.24467
-1.2658
-1.30002
-1.3065
-1.2511
-1.48124
-1.47653
-1.30446
-1.20298
0

0
-1.34163
-1.52952
-1.52329
-1.51208
-1.49031
-1.52888
-1.53583
-1.54356
-1.55236
-1.55413
-1.56285
-1.58558
-1.62293
-1.67704
-1.69464
-1.61579
-1.89784
-1.87969
-1.66183
-1.52585
0

0
-1.59861
-1.81193
-1.81432
-1.80241
-1.78195
-1.83979
-1.84407
-1.85455
-1.86496
-1.86543
-1.87571
-1.90338
-1.95708
-2.03096
-2.06025
-1.95722
-2.25921
-2.23135
-1.98636
-1.8268
0

0
-1.8643
-2.10308
-2.1082
-2.09949
-2.06759
-2.13771
-2.15317
-2.16873
-2.18209
-2.17956
-2.1911
-2.22452
-2.29338
-2.38798
-2.43235
-2.31207
-2.62206
-2.58184
-2.31109
-2.13063
0

0
-2.14134
-2.40867
-2.40845
-2.40259
-2.37795
-2.43737
-2.46352
-2.48583
-2.50297
-2.49633
-2.50977
-2.55285
-2.63448
-2.74878
-2.8138
-2.66485
-2.99507
-2.93438
-2.63613
-2.43732
0

0
-2.43195
-2.73294
-2.71778
-2.71177
-2.72679
-2.74874
-2.77576
-2.80423
-2.82392
-2.81502
-2.83206
-2.89035
-2.98178
-3.11463
-3.21288
-3.03633
-3.38468
-3.28836
-2.96075
-2.74657
0

0
-2.7367
-3.07235
-3.03619
-3.02661
-3.07309
-3.06326
-3.08794
-3.11967
-3.14034
-3.13387
-3.15652
-3.2318
-3.33049
-3.48638
-3.64329
-3.50084
-3.81518
-3.64198
-3.28373
-3.05776
0

0
-3.05377
-3.41491
-3.35953
-3.34301
-3.38564
-3.3738
-3.39764
-3.42744
-3.44995
-3.45031
-3.47929
-3.5656
-3.6682
-3.86232
-4.10472
-4.01605
-4.30376
-3.99315
-3.60335
-3.36959
0

0
-3.37879
-3.74694
-3.68003
-3.65526
-3.67574
-3.67826
-3.70186
-3.72327
-3.75167
-3.7609
-3.79487
-3.88189
-3.97951
-4.23403
-4.55461
-4.36944
-4.80477
-4.33545
-3.91684
-3.67934
0

0
-3.70427
-4.05874
-3.98835
-3.95701
-3.95277
-3.97167
-3.99577
-4.0046
-4.04286
-4.0606
-4.09686
-4.17519
-4.25267
-4.5819
-4.91025
-4.40208
-5.19595
-4.65481
-4.21932
-3.9818
0

0
-4.01805
-4.34399
-4.27537
-4.24041
-4.21273
-4.24644
-4.27307
-4.27261
-4.31872
-4.34229
-4.37803
-4.4429
-4.4903
-4.8781
-5.12378
-4.31088
-5.38682
-4.93086
-4.50267
-4.26868
0

0
-4.3037
-4.59794
-4.53332
-4.4976
-4.45854
-4.4985
-4.52772
-4.52692
-4.57323
-4.59818
-4.63163
-4.68549
-4.71387
-5.10765
-5.27259
-4.4652
-5.48104
-5.15239
-4.7559
-4.5298
0

0
-4.47172
-4.74462
-4.68368
-4.64911
-4.61486
-4.6509
-4.6801
-4.68353
-4.72564
-4.74877
-4.78012
-4.83077
-4.86225
-5.22432
-5.40047
-4.77747
-5.58762
-5.26364
-4.89651
-4.68306
0

0
-4.41638
-4.65901
-4.59672
-4.55943
-4.51937
-4.56315
-4.59681
-4.60089
-4.645
-4.66754
-4.69911
-4.75289
-4.78695
-5.16093
-5.37967
-4.81462
-5.59458
-5.19085
-4.81078
-4.60314
0

0
0
0
0
0
0
0
0
0
0
0
0
0
0
0
0
0
0
0
0
0
0


0
0
0
0
0
0
0
0
0
0
0
0
0
0
0
0
0
0
0
0
0
0

0
-1.10633
-1.22433
-1.20756
-1.20661
-1.20132
-1.21278
-1.2075
-1.20725
-1.21191
-1.2061
-1.2067
-1.21467
-1.22643
-1.25502
-1.25686
-1.20872
-1.39033
-1.43899
-1.29521
-1.20181
0

0
-1.09584
-1.25943
-1.22983
-1.21989
-1.2185
-1.22332
-1.22257
-1.22411
-1.23125
-1.23304
-1.23871
-1.25028
-1.26122
-1.28659
-1.27434
-1.19332
-1.39253
-1.45399
-1.31253
-1.2173
0

0
-1.3691
-1.58361
-1.55279
-1.54074
-1.53964
-1.54769
-1.54856
-1.55148
-1.56053
-1.5632
-1.57129
-1.58862
-1.60678
-1.64382
-1.62903
-1.51486
-1.77811
-1.86299
-1.67499
-1.54048
0

0
-1.63211
-1.88492
-1.85344
-1.8401
-1.84222
-1.8527
-1.85531
-1.86012
-1.87072
-1.87454
-1.88507
-1.9079
-1.93347
-1.98096
-1.96297
-1.80543
-2.11739
-2.22647
-2.00773
-1.84441
0

0
-1.90418
-2.19029
-2.1568
-2.14342
-2.15026
-2.16158
-2.1666
-2.17369
-2.18576
-2.19011
-2.2028
-2.23117
-2.26442
-2.3226
-2.30227
-2.08908
-2.45183
-2.58818
-2.34147
-2.15263
0

0
-2.18633
-2.50206
-2.46424
-2.45154
-2.46524
-2.47278
-2.48099
-2.49104
-2.50458
-2.50902
-2.52384
-2.55828
-2.59884
-2.66735
-2.64697
-2.36438
-2.78603
-2.94995
-2.67603
-2.46453
0

0
-2.4809
-2.82291
-2.7782
-2.76598
-2.79113
-2.78957
-2.79898
-2.81209
-2.82682
-2.83152
-2.84877
-2.89
-2.93714
-3.01563
-3.00063
-2.63504
-3.12736
-3.31416
-3.01269
-2.78085
0

0
-2.78993
-3.15358
-3.10024
-3.08778
-3.12418
-3.11252
-3.12092
-3.13629
-3.15169
-3.15757
-3.17767
-3.22558
-3.27818
-3.3673
-3.36718
-2.915
-3.48502
-3.68128
-3.35226
-3.10236
0

0
-3.1146
-3.49187
-3.43029
-3.41653
-3.45699
-3.4401
-3.44671
-3.46276
-3.47858
-3.48675
-3.50968
-3.56207
-3.61831
-3.72013
-3.7445
-3.20296
-3.86365
-4.04854
-3.69454
-3.4296
0

0
-3.45385
-3.83233
-3.76532
-3.7495
-3.7874
-3.76997
-3.77475
-3.78977
-3.80611
-3.81707
-3.84195
-3.89474
-3.95172
-4.06751
-4.11475
-3.44837
-4.24508
-4.40574
-4.03564
-3.76123
0

0
-3.80063
-4.16453
-4.09627
-4.07872
-4.11203
-4.09525
-4.09847
-4.1116
-4.12839
-4.14171
-4.16702
-4.21611
-4.27089
-4.39688
-4.44685
-3.60244
-4.58167
-4.7322
-4.36385
-4.08988
0

0
-4.13585
-4.47048
-4.40474
-4.38648
-4.41598
-4.3995
-4.40211
-4.41438
-4.43083
-4.44533
-4.46974
-4.5134
-4.56584
-4.69123
-4.72374
-3.75073
-4.83861
-5.00506
-4.65895
-4.398
0

0
-4.4298
-4.72995
-4.66828
-4.64977
-4.67711
-4.66121
-4.6648
-4.67849
-4.69388
-4.70825
-4.73131
-4.77105
-4.82446
-4.93841
-4.96939
-4.05395
-5.05416
-5.2197
-4.90367
-4.66309
0

0
-4.58884
-4.86588
-4.80722
-4.78812
-4.81347
-4.80001
-4.80575
-4.82121
-4.83639
-4.85003
-4.87221
-4.91104
-4.96636
-5.07421
-5.13541
-4.37704
-5.21161
-5.32686
-5.02811
-4.80446
0

0
-4.53467
-4.78062
-4.72105
-4.69957
-4.71911
-4.71296
-4.72297
-4.73912
-4.756
-4.76909
-4.79124
-4.83186
-4.88748
-5.00775
-5.09864
-4.38551
-5.19083
-5.25527
-4.9465
-4.72584
0

0
0
0
0
0
0
0
0
0
0
0
0
0
0
0
0
0
0
0
0
0
0


0
0
0
0
0
0
0
0
0
0
0
0
0
0
0
0
0
0
0
0
0
0

0
0
0
0
0
0
0
0
0
0
0
0
0
0
0
0
0
0
0
0
0
0

0
0
0
0
0
0
0
0
0
0
0
0
0
0
0
0
0
0
0
0
0
0

0
0
0
0
0
0
0
0
0
0
0
0
0
0
0
0
0
0
0
0
0
0

0
0
0
0
0
0
0
0
0
0
0
0
0
0
0
0
0
0
0
0
0
0

0
0
0
0
0
0
0
0
0
0
0
0
0
0
0
0
0
0
0
0
0
0

0
0
0
0
0
0
0
0
0
0
0
0
0
0
0
0
0
0
0
0
0
0

0
0
0
0
0
0
0
0
0
0
0
0
0
0
0
0
0
0
0
0
0
0

0
0
0
0
0
0
0
0
0
0
0
0
0
0
0
0
0
0
0
0
0
0

0
0
0
0
0
0
0
0
0
0
0
0
0
0
0
0
0
0
0
0
0
0

0
0
0
0
0
0
0
0
0
0
0
0
0
0
0
0
0
0
0
0
0
0

0
0
0
0
0
0
0
0
0
0
0
0
0
0
0
0
0
0
0
0
0
0

0
0
0
0
0
0
0
0
0
0
0
0
0
0
0
0
0
0
0
0
0
0

0
0
0
0
0
0
0
0
0
0
0
0
0
0
0
0
0
0
0
0
0
0

0
0
0
0
0
0
0
0
0
0
0
0
0
0
0
0
0
0
0
0
0
0

0
0
0
0
0
0
0
0
0
0
0
0
0
0
0
0
0
0
0
0
0
0

0
0
0
0
0
0
0
0
0
0
0
0
0
0
0
0
0
0
0
0
0
0


