0
0
0
0
0
0
0
0
0
0
0
0
-44648.2
0
0
0
0
0
0
0
0
0

0
-2519.19
-1674.57
1927.41
19014.5
73148
272949
820603
-7.51756e+07
-9.26022e+06
-8.62901e+07
-1.04118e+08
8.57997e+10
-3.57392e+10
1.77306e+09
-1.07263e+08
-8.68729e+07
5.16463e+06
3.33824e+06
1.55542e+06
587651
0

0
-2488.33
37.6628
1982.89
16780.1
-1592.24
281902
394931
1.32938e+06
-9.26022e+06
-2.29354e+09
2.36818e+07
3.69306e+09
-7.09283e+10
3.91037e+09
-2.65142e+07
-8.87545e+07
-3.7482e+06
3.71517e+06
1.63007e+06
601205
0

0
-2493.34
-1639.67
2030.72
17109.8
76836.7
298464
981592
1.81936e+06
-8.84747e+06
-9.77996e+07
3.2206e+08
1.09005e+10
-1.51938e+11
1.18691e+10
2.60348e+08
-1.01233e+08
-2.77558e+06
4.38196e+06
1.76804e+06
626443
0

0
-2494.93
-1655.06
2096.19
17559.2
80009.9
320271
1.11609e+06
2.37535e+06
-1.04194e+07
-1.42521e+08
7.82114e+08
3.38971e+10
-7.01458e+09
3.63456e+10
6.54784e+08
-1.54786e+08
-3.9233e+06
5.16463e+06
1.9479e+06
660025
0

0
-2495.51
-1656.01
2168.52
18059.9
83542.2
344120
1.25749e+06
2.79665e+06
-1.7061e+07
-2.84633e+08
7.71979e+08
8.57997e+10
-3.56221e+11
9.06892e+10
-2.58169e+07
-3.20952e+08
-1.07492e+07
5.82195e+06
2.14089e+06
697441
0

0
-2493.69
-1638.8
2243.54
18564.5
86941.7
366500
1.38095e+06
2.88537e+06
-3.24466e+07
-6.4238e+08
-2.24207e+09
1.7454e+11
1.1347e+11
1.84996e+11
-3.28435e+09
-7.32031e+08
-2.74437e+07
6.11376e+06
2.31621e+06
733741
0

0
-2490.22
-1604.57
2317.24
19014.5
89788.2
384208
1.4665e+06
2.5707e+06
-5.74902e+07
-1.33746e+09
-1.43921e+10
2.02345e+11
1.77669e+12
2.12478e+11
-1.70943e+10
-1.5193e+09
-5.49667e+07
5.94797e+06
2.44871e+06
764344
0

0
-2486.53
-1583.74
2380.47
19358.2
91761.9
394931
1.50471e+06
2.05336e+06
-8.32778e+07
-2.19927e+09
-3.93046e+10
-2.34472e+11
-4.07885e+12
-2.44726e+11
-4.46255e+10
-2.48701e+09
-8.32767e+07
5.54044e+06
2.52551e+06
785822
0

0
-2482.85
-1592.24
2426.46
19573.9
92690.9
397579
1.49647e+06
1.72962e+06
-8.94667e+07
-2.29354e+09
-3.80612e+10
3.39905e+10
3.00175e+12
3.60034e+10
-4.37882e+10
-2.59912e+09
-8.95593e+07
5.32995e+06
2.54583e+06
796411
0

0
-2480.64
-1588.19
2455.29
19662
92541
392401
1.44528e+06
1.66147e+06
-7.51756e+07
-1.6761e+09
-2.0028e+10
1.76007e+11
2.38435e+11
1.89269e+11
-2.32235e+10
-1.88268e+09
-1.96127e+09
6.11376e+06
2.51274e+06
796146
0

0
-2478.75
-1571.69
2470.94
19631.4
91535.4
380915
1.35669e+06
1.57377e+06
-5.68466e+07
-1.08062e+09
-9.73438e+09
6.82875e+10
1032.12
7.9953e+10
-1.10622e+10
-1.18681e+09
-5.04795e+07
5.39716e+06
2.43198e+06
786809
0

0
-2476.35
-1569.06
2475.56
19526.2
90009.1
365754
1.24403e+06
1.30032e+06
-4.35315e+07
-6.9814e+08
-4.94714e+09
6.41088e+10
-7.01458e+09
6.63392e+10
-5.56701e+09
-7.41997e+08
-3.46134e+07
5.16044e+06
2.31867e+06
771686
0

0
-2474.26
18059.9
19201.9
19391.3
88354.4
350208
1.12872e+06
885270
-3.60424e+07
-4.87345e+08
-2.90308e+09
2.99949e+10
-2.37095e+11
2.93216e+10
-3.24007e+09
-4.9934e+08
-2.58169e+07
4.73151e+06
2.19753e+06
754971
0

0
-2472.45
-1567.88
2467.94
19270.5
86975.4
337586
1.03472e+06
481639
-3.24902e+07
-3.73093e+08
-1.75591e+09
1.86611e+10
-1.04091e+11
1.766e+10
-1.96127e+09
-3.70339e+08
-2.17315e+07
4.29264e+06
2.09662e+06
740911
0

0
-2470.09
-1563.5
2465.3
19201.9
86199.1
330539
982067
236748
-3.11883e+07
-3.24464e+08
-1.32394e+09
1.19813e+10
-7.28351e+10
1.10635e+10
-1.47545e+09
-3.161e+08
-2.02773e+07
4.02095e+06
2.03961e+06
732920
0

0
0
0
0
0
0
0
0
0
0
0
0
0
0
0
0
0
0
-85.8472
0
0
0


0
2519.19
1674.57
-1927.41
-19014.5
-73148
-272949
-820603
7.51756e+07
9.26022e+06
8.62901e+07
1.04118e+08
-8.57997e+10
3.57392e+10
-1.77306e+09
1.07263e+08
8.68729e+07
-5.16463e+06
-3.33824e+06
-1.55542e+06
-587651
764344

2519.19
-2519.19
-1674.57
1927.41
19014.5
73148
272949
820603
-7.51756e+07
-9.26022e+06
-8.62901e+07
-1.04118e+08
8.57997e+10
-3.57392e+10
1.77306e+09
-1.07263e+08
-8.68729e+07
5.16463e+06
3.33824e+06
1.55542e+06
587651
587651

2488.33
-2488.33
37.6628
1982.89
16780.1
-1592.24
281902
394931
1.32938e+06
-9.26022e+06
-2.29354e+09
2.36818e+07
3.69306e+09
-7.09283e+10
3.91037e+09
-2.65142e+07
-8.87545e+07
-3.7482e+06
3.71517e+06
1.63007e+06
601205
601205

2493.34
-2493.34
-1639.67
2030.72
17109.8
76836.7
298464
981592
1.81936e+06
-8.84747e+06
-9.77996e+07
3.2206e+08
1.09005e+10
-1.51938e+11
1.18691e+10
2.60348e+08
-1.01233e+08
-2.77558e+06
4.38196e+06
1.76804e+06
626443
626443

2494.93
-2494.93
-1655.06
2096.19
17559.2
80009.9
320271
1.11609e+06
2.37535e+06
-1.04194e+07
-1.42521e+08
7.82114e+08
3.38971e+10
-7.01458e+09
3.63456e+10
6.54784e+08
-1.54786e+08
-3.9233e+06
5.16463e+06
1.9479e+06
660025
660025

2495.51
-2495.51
-1656.01
2168.52
18059.9
83542.2
344120
1.25749e+06
2.79665e+06
-1.7061e+07
-2.84633e+08
7.71979e+08
8.57997e+10
-3.56221e+11
9.06892e+10
-2.58169e+07
-3.20952e+08
-1.07492e+07
5.82195e+06
2.14089e+06
697441
697441

2493.69
-2493.69
-1638.8
2243.54
18564.5
86941.7
366500
1.38095e+06
2.88537e+06
-3.24466e+07
-6.4238e+08
-2.24207e+09
1.7454e+11
1.1347e+11
1.84996e+11
-3.28435e+09
-7.32031e+08
-2.74437e+07
6.11376e+06
2.31621e+06
733741
733741

2490.22
-2490.22
-1604.57
2317.24
19014.5
89788.2
384208
1.4665e+06
2.5707e+06
-5.74902e+07
-1.33746e+09
-1.43921e+10
2.02345e+11
1.77669e+12
2.12478e+11
-1.70943e+10
-1.5193e+09
-5.49667e+07
5.94797e+06
2.44871e+06
764344
764344

2486.53
-2486.53
-1583.74
2380.47
19358.2
91761.9
394931
1.50471e+06
2.05336e+06
-8.32778e+07
-2.19927e+09
-3.93046e+10
-2.34472e+11
-4.07885e+12
-2.44726e+11
-4.46255e+10
-2.48701e+09
-8.32767e+07
5.54044e+06
2.52551e+06
785822
785822

2482.85
-2482.85
-1592.24
2426.46
19573.9
92690.9
397579
1.49647e+06
1.72962e+06
-8.94667e+07
-2.29354e+09
-3.80612e+10
3.39905e+10
3.00175e+12
3.60034e+10
-4.37882e+10
-2.59912e+09
-8.95593e+07
5.32995e+06
2.54583e+06
796411
796411

2480.64
-2480.64
-1588.19
2455.29
19662
92541
392401
1.44528e+06
1.66147e+06
-7.51756e+07
-1.6761e+09
-2.0028e+10
1.76007e+11
2.38435e+11
1.89269e+11
-2.32235e+10
-1.88268e+09
-1.96127e+09
6.11376e+06
2.51274e+06
796146
796146

2478.75
-2478.75
-1571.69
2470.94
19631.4
91535.4
380915
1.35669e+06
1.57377e+06
-5.68466e+07
-1.08062e+09
-9.73438e+09
6.82875e+10
1032.12
7.9953e+10
-1.10622e+10
-1.18681e+09
-5.04795e+07
5.39716e+06
2.43198e+06
786809
786809

2476.35
-2476.35
-1569.06
2475.56
19526.2
90009.1
365754
1.24403e+06
1.30032e+06
-4.35315e+07
-6.9814e+08
-4.94714e+09
6.41088e+10
-7.01458e+09
6.63392e+10
-5.56701e+09
-7.41997e+08
-3.46134e+07
5.16044e+06
2.31867e+06
771686
771686

2474.26
-2474.26
18059.9
19201.9
19391.3
88354.4
350208
1.12872e+06
885270
-3.60424e+07
-4.87345e+08
-2.90308e+09
2.99949e+10
-2.37095e+11
2.93216e+10
-3.24007e+09
-4.9934e+08
-2.58169e+07
4.73151e+06
2.19753e+06
754971
754971

2472.45
-2472.45
-1567.88
2467.94
19270.5
86975.4
337586
1.03472e+06
481639
-3.24902e+07
-3.73093e+08
-1.75591e+09
1.86611e+10
-1.04091e+11
1.766e+10
-1.96127e+09
-3.70339e+08
-2.17315e+07
4.29264e+06
2.09662e+06
740911
740911

2470.09
-2470.09
-1563.5
2465.3
19201.9
86199.1
330539
982067
236748
-3.11883e+07
-3.24464e+08
-1.32394e+09
1.19813e+10
-7.28351e+10
1.10635e+10
-1.47545e+09
-3.161e+08
-2.02773e+07
4.02095e+06
2.03961e+06
732920
732920

0
-2470.09
-1563.5
2465.3
19201.9
86199.1
330539
982067
236748
-3.11883e+07
-3.24464e+08
-1.32394e+09
1.19813e+10
-7.28351e+10
1.10635e+10
-1.47545e+09
-3.161e+08
-2.02773e+07
4.02095e+06
2.03961e+06
732920
0


0
2324.57
732.35
-6145.15
-33985.3
-142036
-525816
-1.60008e+06
-2.26627e+06
1.76742e+07
1.73471e+08
4.19688e+08
-2.72017e+09
3.74372e+10
-2.36549e+09
5.4248e+08
1.74282e+08
7.33513e+06
-6.69401e+06
-3.00631e+06
-1.1258e+06
0

2324.57
-2324.57
-732.35
6145.15
33985.3
142036
525816
1.60008e+06
2.26627e+06
-1.76742e+07
-1.73471e+08
-4.19688e+08
2.72017e+09
-3.74372e+10
2.36549e+09
-5.4248e+08
-1.74282e+08
-7.33513e+06
6.69401e+06
3.00631e+06
1.1258e+06
1.1258e+06

2292.27
-2292.27
-636.618
6221.88
34380.7
144534
543368
1.71554e+06
2.89437e+06
-1.56378e+07
-1.73226e+08
-2.82883e+08
5.20179e+09
-9.67106e+10
5.21748e+09
-4.13492e+08
-1.72693e+08
-4.41137e+06
7.5247e+06
3.15723e+06
1.15224e+06
1.15224e+06

2293.35
-2293.35
-687.23
6317.4
35028.3
149149
575959
1.92952e+06
4.03562e+06
-1.25774e+07
-1.81532e+08
1.03345e+08
1.55737e+10
-2.63635e+11
1.66655e+10
-3.49882e+07
-1.80221e+08
200806
9.04126e+06
3.43798e+06
1.20159e+06
1.20159e+06

2288.4
-2288.4
-661.104
6445.32
35897.7
155284
619011
2.20947e+06
5.44987e+06
-1.09866e+07
-2.29925e+08
8.26602e+08
5.10215e+10
-6.48151e+11
5.48796e+10
6.22347e+08
-2.35058e+08
3.50117e+06
1.09494e+07
3.80822e+06
1.26741e+06
1.26741e+06

2289.57
-2289.57
-671.591
6585.09
36871.4
162123
666323
2.5106e+06
6.78536e+06
-1.54504e+07
-4.0659e+08
1.2631e+09
1.556e+11
-1.30953e+12
1.66186e+11
7.55488e+08
-4.39176e+08
113429
1.28212e+07
4.21259e+06
1.34097e+06
1.34097e+06

2290.05
-2290.05
-662.388
6727.26
37837.8
168731
711007
2.78293e+06
7.65028e+06
-3.22741e+07
-9.07631e+08
-2.45391e+09
4.23749e+11
-9.72831e+11
4.4906e+11
-4.06744e+09
-1.01377e+09
-1.72223e+07
1.41816e+07
4.58934e+06
1.41259e+06
1.41259e+06

2285.47
-2285.47
-624.167
6865.48
38698.1
174250
746628
2.98217e+06
7.79226e+06
-6.54443e+07
-2.03679e+09
-2.50969e+10
8.14294e+11
1.09091e+13
8.55279e+11
-3.01079e+10
-2.2933e+09
-5.30153e+07
1.47167e+07
4.88327e+06
1.47315e+06
1.47315e+06

2278.35
-2278.35
-557.494
6986.24
39359
178080
768398
3.08106e+06
7.35077e+06
-1.04935e+08
-3.76626e+09
-9.81819e+10
-1.0113e+12
-2.17592e+13
-1.06453e+12
-1.1114e+11
-4.2358e+09
-9.59978e+07
1.45594e+07
5.05914e+06
1.51566e+06
1.51566e+06

2270.59
-2270.59
-557.535
7075.74
39775.2
179884
773960
3.07322e+06
6.86343e+06
-1.14907e+08
-3.95669e+09
-9.71503e+10
3.71344e+11
1.77141e+13
4.0159e+11
-1.11964e+11
-4.4795e+09
-1.061e+08
1.42995e+07
5.10642e+06
1.53641e+06
1.53641e+06

2266.1
-2266.1
-566.997
7129.44
39938.7
179608
763715
2.9642e+06
6.42696e+06
-9.34318e+07
-2.65663e+09
-4.06504e+10
5.81755e+11
-3.21812e+12
6.27608e+11
-4.71274e+10
-2.96365e+09
-7.9737e+07
1.40526e+07
5.02953e+06
1.53541e+06
1.53541e+06

2263.81
-2263.81
-547.43
7157.19
39880
177640
740780
2.77051e+06
5.68192e+06
-7.04029e+07
-1.64546e+09
-1.7907e+10
2.13511e+11
-3.59135e+12
2.4246e+11
-2.00302e+10
-1.77265e+09
-5.18181e+07
1.33956e+07
4.84639e+06
1.51631e+06
1.51631e+06

2260.67
-2260.67
-526.991
7165.18
39674.7
174662
710522
2.52638e+06
4.53921e+06
-5.68471e+07
-1.08145e+09
-9.07424e+09
9.33982e+10
1.10549e+12
9.21389e+10
-1.00383e+10
-1.11717e+09
-3.54518e+07
1.22205e+07
4.59603e+06
1.4858e+06
1.4858e+06

2257.45
-2257.45
-532.385
7157.4
39413.4
171447
679558
2.27974e+06
3.22943e+06
-5.16106e+07
-7.99846e+08
-6.33186e+09
5.71528e+10
-5.78626e+11
5.31175e+10
-6.85425e+09
-7.94341e+08
-2.9201e+07
1.07992e+07
4.33393e+06
1.45229e+06
1.45229e+06

2255.18
-2255.18
-532.702
7147.64
39179.6
168766
654464
2.08081e+06
2.10415e+06
-5.04255e+07
-6.38935e+08
-3.66445e+09
3.9562e+10
-1.99356e+11
3.70824e+10
-3.97531e+09
-6.1625e+08
-2.79257e+07
9.54935e+06
4.1187e+06
1.42422e+06
1.42422e+06

2252.81
-2252.81
-527.245
7141.26
39043.5
167254
640473
1.97012e+06
1.45875e+06
-5.05962e+07
-5.72021e+08
-2.78197e+09
2.08388e+10
-1.55451e+11
1.90745e+10
-3.00729e+09
-5.43371e+08
-2.82337e+07
8.82492e+06
3.9979e+06
1.40831e+06
1.40831e+06

0
-2252.81
-527.245
7141.26
39043.5
167254
640473
1.97012e+06
1.45875e+06
-5.05962e+07
-5.72021e+08
-2.78197e+09
2.08388e+10
-1.55451e+11
1.90745e+10
-3.00729e+09
-5.43371e+08
-2.82337e+07
8.82492e+06
3.9979e+06
1.40831e+06
0


0
2190.39
0.0541102
-9478.72
-47899.9
-197423
-733544
-2.28047e+06
-3.67786e+06
2.20979e+07
2.57292e+08
1.01214e+09
-2.79133e+09
-1.71119e+10
-1.78112e+09
1.23835e+09
2.55258e+08
6.79286e+06
-9.92805e+06
-4.23405e+06
-1.56233e+06
0

2190.39
-2190.39
-0.0541102
9478.72
47899.9
197423
733544
2.28047e+06
3.67786e+06
-2.20979e+07
-2.57292e+08
-1.01214e+09
2.79133e+09
1.71119e+10
1.78112e+09
-1.23835e+09
-2.55258e+08
-6.79286e+06
9.92805e+06
4.23405e+06
1.56233e+06
1.56233e+06

2162.52
-2162.52
65.0475
9569.69
48395.3
200930
758827
2.45494e+06
4.73554e+06
-1.74764e+07
-2.52441e+08
-1.06269e+09
3.13226e+09
-2.22232e+10
2.24042e+09
-1.28489e+09
-2.44622e+08
-510057
1.13004e+07
4.46001e+06
1.60012e+06
1.60012e+06

2160.94
-2160.94
52.5523
9698.43
49303
207434
805928
2.78136e+06
6.72767e+06
-8.74386e+06
-2.4331e+08
-1.05921e+09
6.95638e+09
-1.76297e+11
6.57688e+09
-1.27073e+09
-2.24916e+08
1.13526e+07
1.38868e+07
4.88374e+06
1.67083e+06
1.67083e+06

2153.6
-2153.6
74.1382
9878.26
50518.3
216094
868425
3.21567e+06
9.39019e+06
2.6003e+06
-2.4006e+08
-8.05523e+08
2.77335e+10
-7.8519e+11
2.934e+10
-1.01946e+09
-2.0987e+08
2.68585e+07
1.73542e+07
5.4504e+06
1.76543e+06
1.76543e+06

2146.26
-2146.26
113.901
10079.4
51884.5
225750
937546
3.6953e+06
1.2305e+07
1.32784e+07
-2.86576e+08
-1.95671e+08
1.27154e+11
-3.39413e+12
1.36486e+11
-5.24064e+08
-2.52312e+08
4.19881e+07
2.11846e+07
6.08246e+06
1.87159e+06
1.87159e+06

2144.69
-2144.69
122.746
10278.1
53238.5
235132
1.00338e+06
4.1462e+06
1.49299e+07
1.76633e+07
-5.17894e+08
-8.48154e+08
6.2443e+11
-1.53556e+13
6.65796e+11
-1.88025e+09
-5.08226e+08
5.00626e+07
2.47147e+07
6.68869e+06
1.97543e+06
1.97543e+06

2144.54
-2144.54
134.087
10463.3
54433.8
242974
1.05639e+06
4.4952e+06
1.67191e+07
8.84695e+06
-1.29221e+09
-1.9873e+10
3.2699e+12
2.7344e+13
3.45601e+12
-2.46749e+10
-1.38134e+09
4.30283e+07
2.72803e+07
7.17895e+06
2.06359e+06
2.06359e+06

2138.33
-2138.33
187.654
10626.9
55354.4
248396
1.08919e+06
4.68585e+06
1.73562e+07
-1.41489e+07
-3.24211e+09
-1.98042e+11
-2.00578e+12
-1.12066e+13
-2.09588e+12
-2.23701e+11
-3.57272e+09
1.95712e+07
2.84835e+07
7.48304e+06
2.12552e+06
2.12552e+06

2128.12
-2128.12
252.089
10752.5
55930.2
250932
1.09793e+06
4.69152e+06
1.69689e+07
-2.29952e+07
-3.53592e+09
-1.67447e+11
2.5919e+12
-1.33277e+12
2.80395e+12
-1.92596e+11
-3.99462e+09
1.10165e+07
2.84397e+07
7.5662e+06
2.15536e+06
2.15536e+06

2119.85
-2119.85
238.424
10828.6
56156.1
250569
1.08306e+06
4.51729e+06
1.5634e+07
-1.47081e+07
-1.93078e+09
-5.16163e+10
8.75242e+11
-2.96698e+12
9.35958e+11
-5.95226e+10
-2.0683e+09
2.28351e+07
2.72389e+07
7.43156e+06
2.153e+06
2.153e+06

2116.35
-2116.35
237.481
10863.5
56075.1
247775
1.04931e+06
4.19953e+06
1.33475e+07
-1.45274e+07
-1.17565e+09
-1.99522e+10
1.01131e+11
-3.88608e+12
1.37771e+11
-2.09385e+10
-1.16133e+09
2.46222e+07
2.48626e+07
7.1194e+06
2.12402e+06
2.12402e+06

2113.52
-2113.52
263.856
10873.1
55785.5
243523
1.00479e+06
3.80334e+06
1.0481e+07
-2.33155e+07
-9.03501e+08
-1.26412e+10
3.01888e+11
1.75362e+12
2.63712e+11
-1.32543e+10
-8.45907e+08
1.5186e+07
2.17384e+07
6.70447e+06
2.0785e+06
2.0785e+06

2109.57
-2109.57
275.334
10865.2
55415.8
238948
959351
3.40905e+06
7.62069e+06
-3.5392e+07
-8.00215e+08
-1.24386e+10
3.31433e+10
-1.33331e+12
2.23482e+10
-1.27965e+10
-7.32722e+08
1.39535e+06
1.8554e+07
6.27999e+06
2.02891e+06
2.02891e+06

2106.45
-2106.45
270.472
10849
55087.8
235145
922613
3.09477e+06
5.3487e+06
-4.55696e+07
-7.1334e+08
-5.63884e+09
7.72262e+10
8.21046e+10
7.37021e+10
-5.85545e+09
-6.46176e+08
-1.05073e+07
1.59966e+07
5.93686e+06
1.98758e+06
1.98758e+06

2104.24
-2104.24
271.282
10839.3
54896.6
232997
902161
2.92115e+06
4.09731e+06
-5.13963e+07
-6.85076e+08
-4.40018e+09
1.32872e+10
-1.44793e+11
1.14347e+10
-4.562e+09
-6.1975e+08
-1.73702e+07
1.45803e+07
5.74594e+06
1.96422e+06
1.96422e+06

0
-2104.24
271.282
10839.3
54896.6
232997
902161
2.92115e+06
4.09731e+06
-5.13963e+07
-6.85076e+08
-4.40018e+09
1.32872e+10
-1.44793e+11
1.14347e+10
-4.562e+09
-6.1975e+08
-1.73702e+07
1.45803e+07
5.74594e+06
1.96422e+06
0


0
2146.14
-427.143
-11584.7
-56868.6
-233859
-875586
-2.7924e+06
-5.11873e+06
2.27669e+07
3.25199e+08
1.73676e+09
-2.1017e+09
-1.11927e+11
-2.45425e+08
2.04819e+09
3.17504e+08
3.26387e+06
-1.26865e+07
-5.11498e+06
-1.85423e+06
0

2146.14
-2146.14
427.143
11584.7
56868.6
233859
875586
2.7924e+06
5.11873e+06
-2.27669e+07
-3.25199e+08
-1.73676e+09
2.1017e+09
1.11927e+11
2.45425e+08
-2.04819e+09
-3.17504e+08
-3.26387e+06
1.26865e+07
5.11498e+06
1.85423e+06
1.85423e+06

2117.6
-2117.6
470.108
11691.7
57470.9
238099
906907
3.019e+06
6.62189e+06
-1.49165e+07
-3.12935e+08
-2.09706e+09
-1.24178e+09
1.64807e+11
-3.49803e+09
-2.39996e+09
-2.93793e+08
7.10254e+06
1.4608e+07
5.40577e+06
1.90064e+06
1.90064e+06

2117.37
-2117.37
488.361
11838.6
58534.3
245957
965426
3.44645e+06
9.52609e+06
1.24216e+06
-2.75955e+08
-2.82581e+09
-1.09794e+10
3.52251e+11
-1.43264e+10
-3.09988e+09
-2.32574e+08
2.82118e+07
1.83127e+07
5.95496e+06
1.98768e+06
1.98768e+06

2108.63
-2108.63
520.659
12048.7
59979.4
256439
1.04343e+06
4.02348e+06
1.35968e+07
2.62882e+07
-1.87527e+08
-3.95863e+09
-4.05625e+10
1.03424e+12
-4.68039e+10
-4.15271e+09
-1.04264e+08
6.04412e+07
2.34921e+07
6.6984e+06
2.10447e+06
2.10447e+06

2101.24
-2101.24
551.624
12288.7
61613.5
268152
1.13023e+06
4.67465e+06
1.84201e+07
6.03335e+07
2.62785e+06
-5.48139e+09
-1.53129e+11
3.79304e+12
-1.68455e+11
-5.44211e+09
1.4714e+08
1.03523e+08
2.96201e+07
7.54252e+06
2.23608e+06
2.23608e+06

2093.46
-2093.46
590.384
12531.7
63236.9
279548
1.21356e+06
5.30572e+06
2.33673e+07
1.02335e+08
4.06669e+08
-5.8973e+09
-6.75745e+11
1.54665e+13
-7.2549e+11
-5.01951e+09
6.47117e+08
1.55802e+08
3.59195e+07
8.37149e+06
2.36542e+06
2.36542e+06

2090.31
-2090.31
606.669
12751.9
64668.5
289141
1.28135e+06
5.8152e+06
2.76021e+07
1.49046e+08
1.31926e+09
1.12994e+10
-3.41836e+12
-3.18802e+13
-3.61963e+12
1.60317e+10
1.72372e+09
2.131e+08
4.13805e+07
9.0614e+06
2.47567e+06
2.47567e+06

2087.33
-2087.33
632.656
12938.7
65765.4
295745
1.32382e+06
6.11265e+06
3.01528e+07
1.90346e+08
3.29266e+09
1.8662e+11
1.66929e+12
2.44584e+13
1.71848e+12
2.12238e+11
3.9846e+09
2.63573e+08
4.48509e+07
9.50219e+06
2.55317e+06
2.55317e+06

2079.38
-2079.38
691.756
13085.5
66448.1
298811
1.33564e+06
6.14237e+06
3.01117e+07
1.9071e+08
3.46332e+09
1.54455e+11
-2.38324e+12
-1.54187e+13
-2.56127e+12
1.79908e+11
4.3031e+09
2.67292e+08
4.52688e+07
9.62518e+06
2.59006e+06
2.59006e+06

2068.91
-2068.91
727.343
13179.2
66711.5
298365
1.31721e+06
5.90662e+06
2.7451e+07
1.4755e+08
1.54551e+09
3.35333e+10
-1.37357e+12
1.16242e+13
-1.47026e+12
4.13924e+10
2.04075e+09
2.18909e+08
4.25693e+07
9.42973e+06
2.58607e+06
2.58607e+06

2062.78
-2062.78
715.205
13219
66614.2
294985
1.27467e+06
5.46708e+06
2.30741e+07
9.56472e+07
4.84047e+08
2.93384e+09
-3.95454e+11
6.67929e+12
-4.5149e+11
4.00232e+09
7.87442e+08
1.59714e+08
3.7797e+07
8.98532e+06
2.54845e+06
2.54845e+06

2059.89
-2059.89
722.955
13226.1
66267.1
289789
1.2185e+06
4.92325e+06
1.80353e+07
4.73602e+07
-5.71022e+07
-3.09361e+09
-1.37241e+11
-5.96046e+12
-1.13435e+11
-2.50042e+09
1.55097e+08
1.04358e+08
3.21797e+07
8.40646e+06
2.49023e+06
2.49023e+06

2056.37
-2056.37
744.699
13217
65820.4
284200
1.16126e+06
4.38785e+06
1.33126e+07
7.79886e+06
-3.52387e+08
-6.76408e+08
-1.14361e+11
2.87719e+12
-1.07765e+11
-4.22742e+08
-1.94353e+08
5.87806e+07
2.68588e+07
7.82378e+06
2.42725e+06
2.42725e+06

2052.65
-2052.65
747.84
13199.6
65424.6
279567
1.11508e+06
3.96477e+06
9.69918e+06
-2.03955e+07
-5.59384e+08
-5.37106e+09
-1.25956e+11
3.50814e+11
-1.25346e+11
-5.28351e+09
-4.33579e+08
2.62312e+07
2.27647e+07
7.35821e+06
2.37497e+06
2.37497e+06

2050.12
-2050.12
746.165
13186.4
65195.2
276951
1.08941e+06
3.7323e+06
7.75154e+06
-3.48913e+07
-6.46508e+08
-5.69636e+09
-4.68667e+10
4.9605e+11
-4.75818e+10
-5.67668e+09
-5.36002e+08
9.45333e+06
2.05513e+07
7.10098e+06
2.3455e+06
2.3455e+06

0
-2050.12
746.165
13186.4
65195.2
276951
1.08941e+06
3.7323e+06
7.75154e+06
-3.48913e+07
-6.46508e+08
-5.69636e+09
-4.68667e+10
4.9605e+11
-4.75818e+10
-5.67668e+09
-5.36002e+08
9.45333e+06
2.05513e+07
7.10098e+06
2.3455e+06
0


0
2206.4
-497.886
-12246.1
-59999.8
-247492
-935334
-3.06139e+06
-6.26503e+06
2.03047e+07
3.61019e+08
2.31134e+09
-5.16077e+08
-1.62285e+11
1.92284e+09
2.66751e+09
3.46817e+08
-1.83046e+06
-1.44644e+07
-5.53272e+06
-1.96932e+06
0

2206.4
-2206.4
497.886
12246.1
59999.8
247492
935334
3.06139e+06
6.26503e+06
-2.03047e+07
-3.61019e+08
-2.31134e+09
5.16077e+08
1.62285e+11
-1.92284e+09
-2.66751e+09
-3.46817e+08
1.83046e+06
1.44644e+07
5.53272e+06
1.96932e+06
1.96932e+06

2177.87
-2177.87
537.452
12358.1
60639.5
252082
970024
3.32254e+06
8.11271e+06
-9.60642e+06
-3.38714e+08
-2.86907e+09
-5.83347e+09
2.28938e+11
-8.93325e+09
-3.20775e+09
-3.0827e+08
1.57072e+07
1.68006e+07
5.86521e+06
2.02031e+06
2.02031e+06

2178.1
-2178.1
557.722
12513.6
61780.5
260594
1.03499e+06
3.81803e+06
1.17326e+07
1.30972e+07
-2.6915e+08
-3.96542e+09
-2.39542e+10
4.05344e+11
-2.87294e+10
-4.24308e+09
-2.03078e+08
4.47783e+07
2.13621e+07
6.49633e+06
2.11608e+06
2.11608e+06

2169.55
-2169.55
595.609
12734.9
63318.3
271951
1.12189e+06
4.49342e+06
1.69261e+07
5.00376e+07
-9.44522e+07
-5.41108e+09
-7.05673e+10
7.83994e+11
-7.90032e+10
-5.50793e+09
3.35893e+07
9.12382e+07
2.78755e+07
7.35773e+06
2.24493e+06
2.24493e+06

2161.75
-2161.75
631.902
12987.2
65057.9
284655
1.21909e+06
5.26603e+06
2.32845e+07
1.03417e+08
2.95e+08
-6.19323e+09
-1.89445e+11
1.3808e+12
-2.05675e+11
-5.78034e+09
5.23349e+08
1.57072e+08
3.5811e+07
8.34687e+06
2.3906e+06
2.3906e+06

2153.72
-2153.72
668.608
13246.4
66795.8
297048
1.31298e+06
6.02809e+06
3.00808e+07
1.73285e+08
1.08705e+09
-2.01899e+09
-4.66522e+11
1.01559e+12
-4.97782e+11
-1.9477e+08
1.47219e+09
2.41667e+08
4.42694e+07
9.33167e+06
2.53425e+06
2.53425e+06

2146.54
-2146.54
704.552
13484.3
68330
307516
1.38993e+06
6.65709e+06
3.61831e+07
2.52704e+08
2.51756e+09
2.19654e+10
-8.33243e+11
-8.3404e+12
-8.78675e+11
2.75578e+10
3.13266e+09
3.36443e+08
5.18953e+07
1.01636e+07
2.65707e+06
2.65707e+06

2142.39
-2142.39
725.726
13681.3
69506.7
314758
1.43867e+06
7.03714e+06
4.00951e+07
3.18095e+08
4.42285e+09
9.616e+10
1.13369e+12
7.07252e+12
1.20315e+12
1.10028e+11
5.3064e+09
4.14237e+08
5.69359e+07
1.07032e+07
2.74345e+06
2.74345e+06

2137.41
-2137.41
759.004
13831.2
70233
318083
1.45281e+06
7.09218e+06
4.04088e+07
3.23457e+08
4.52356e+09
9.09383e+10
6.07655e+09
-1.74457e+12
2.63379e+08
1.06109e+11
5.47096e+09
4.23116e+08
5.776e+07
1.08583e+07
2.78426e+06
2.78426e+06

2129
-2129
806.283
13931.1
70506.8
317578
1.43265e+06
6.82152e+06
3.70422e+07
2.67436e+08
2.94951e+09
3.58116e+10
-3.70466e+11
-1.15416e+12
-3.98911e+11
4.29541e+10
3.6563e+09
3.59973e+08
5.42443e+07
1.0625e+07
2.77902e+06
2.77902e+06

2120.7
-2120.7
818.944
13977.6
70398.5
313912
1.38515e+06
6.30233e+06
3.12639e+07
1.89573e+08
1.53967e+09
1.07394e+10
-1.59796e+11
2.20625e+11
-1.96613e+11
1.31644e+10
2.01194e+09
2.70737e+08
4.78525e+07
1.00906e+07
2.73601e+06
2.73601e+06

2116.5
-2116.5
812.844
13982
70026.4
308263
1.32224e+06
5.65846e+06
2.46251e+07
1.14661e+08
5.93842e+08
1.16488e+09
-1.28281e+11
2.26928e+12
-1.3145e+11
2.27527e+09
9.14616e+08
1.84611e+08
4.03887e+07
9.39793e+06
2.67004e+06
2.67004e+06

2113.68
-2113.68
823.645
13968
69546
302162
1.25814e+06
5.02641e+06
1.84726e+07
5.38093e+07
7.00654e+06
-2.36713e+09
-8.06188e+10
-3.41929e+11
-8.08306e+10
-1.79521e+09
2.34128e+08
1.14538e+08
3.34213e+07
8.70502e+06
2.599e+06
2.599e+06

2110.31
-2110.31
835.906
13950.6
69118.8
297108
1.20647e+06
4.52872e+06
1.38167e+07
1.14299e+07
-3.54073e+08
-5.13132e+09
-7.69904e+10
5.78069e+10
-7.76186e+10
-4.85573e+09
-1.81914e+08
6.5721e+07
2.81291e+07
8.15427e+06
2.54021e+06
2.54021e+06

2107.55
-2107.55
836.87
13938
68871.4
294259
1.17776e+06
4.25595e+06
1.13248e+07
-1.01187e+07
-5.17476e+08
-5.83066e+09
-5.11372e+10
2.03189e+11
-5.1946e+10
-5.67607e+09
-3.7078e+08
4.08793e+07
2.52912e+07
7.85102e+06
2.50712e+06
2.50712e+06

0
-2107.55
836.87
13938
68871.4
294259
1.17776e+06
4.25595e+06
1.13248e+07
-1.01187e+07
-5.17476e+08
-5.83066e+09
-5.11372e+10
2.03189e+11
-5.1946e+10
-5.67607e+09
-3.7078e+08
4.08793e+07
2.52912e+07
7.85102e+06
2.50712e+06
0


0
2377.2
-195.053
-11382
-56930.1
-236554
-902893
-3.02616e+06
-6.75464e+06
1.59748e+07
3.54758e+08
2.51935e+09
1.07959e+09
-1.58934e+11
3.62151e+09
2.86926e+09
3.35792e+08
-6.48915e+06
-1.47688e+07
-5.40325e+06
-1.89092e+06
0

2377.2
-2377.2
195.053
11382
56930.1
236554
902893
3.02616e+06
6.75464e+06
-1.59748e+07
-3.54758e+08
-2.51935e+09
-1.07959e+09
1.58934e+11
-3.62151e+09
-2.86926e+09
-3.35792e+08
6.48915e+06
1.47688e+07
5.40325e+06
1.89092e+06
1.89092e+06

2347.75
-2347.75
233.397
11491.5
57549
241036
937451
3.2942e+06
8.73167e+06
-3.84659e+06
-3.23713e+08
-3.08547e+09
-8.16997e+09
2.01913e+11
-1.13343e+10
-3.40783e+09
-2.86385e+08
2.20324e+07
1.72491e+07
5.7424e+06
1.94136e+06
1.94136e+06

2350.47
-2350.47
250.48
11637.6
58646.7
249356
1.00227e+06
3.80446e+06
1.26273e+07
2.20596e+07
-2.30966e+08
-4.10486e+09
-2.64385e+10
2.91663e+11
-3.10317e+10
-4.33981e+09
-1.53367e+08
5.48066e+07
2.21177e+07
6.388e+06
2.03621e+06
2.03621e+06

2341.1
-2341.1
287.814
11851.9
60137.5
260480
1.0892e+06
4.5037e+06
1.82635e+07
6.4452e+07
-9.22998e+06
-5.13533e+09
-6.52222e+10
4.10241e+11
-7.24015e+10
-5.13837e+09
1.3768e+08
1.07503e+08
2.91228e+07
7.27313e+06
2.16405e+06
2.16405e+06

2334.01
-2334.01
324.579
12092.2
61814
272912
1.18676e+06
5.30912e+06
2.52265e+07
1.25554e+08
4.51957e+08
-4.79235e+09
-1.37751e+11
4.21043e+11
-1.48932e+11
-4.23495e+09
7.07279e+08
1.82058e+08
3.77272e+07
8.29524e+06
2.30888e+06
2.30888e+06

2326.48
-2326.48
360.901
12340
63488
285051
1.28139e+06
6.11e+06
3.27221e+07
2.0386e+08
1.2898e+09
5.0779e+08
-2.38819e+11
-1.60651e+11
-2.54206e+11
2.30437e+09
1.70153e+09
2.76026e+08
4.69535e+07
9.31909e+06
2.45203e+06
2.45203e+06

2319.09
-2319.09
395.613
12569.4
64970.6
295332
1.35934e+06
6.77759e+06
3.94746e+07
2.88458e+08
2.55375e+09
1.74123e+10
-2.43163e+11
-2.04897e+12
-2.55694e+11
2.15964e+10
3.1632e+09
3.76303e+08
5.52827e+07
1.01893e+07
2.57463e+06
2.57463e+06

2313.22
-2313.22
423.979
12760
66109.7
302488
1.40912e+06
7.18828e+06
4.38381e+07
3.52803e+08
3.85235e+09
4.74702e+10
2.58415e+11
1.58773e+12
2.73017e+11
5.49406e+10
4.64424e+09
4.52421e+08
6.07948e+07
1.07578e+07
2.66091e+06
2.66091e+06

2309.11
-2309.11
445.478
12901.2
66815.6
305794
1.42412e+06
7.26058e+06
4.4397e+07
3.60904e+08
3.97001e+09
4.63307e+10
3.57277e+10
-3.47672e+11
3.55324e+10
5.40972e+10
4.7944e+09
4.63663e+08
6.18529e+07
1.09268e+07
2.70153e+06
2.70153e+06

2303.58
-2303.58
476.761
12993.9
67075.9
305275
1.40447e+06
6.99169e+06
4.1038e+07
3.111e+08
2.98175e+09
2.51969e+10
-1.25461e+11
-1.99656e+11
-1.37859e+11
3.0049e+10
3.66105e+09
4.07504e+08
5.83112e+07
1.06903e+07
2.69591e+06
2.69591e+06

2295.9
-2295.9
505.636
13040.7
66963.6
301664
1.35718e+06
6.46049e+06
3.49805e+07
2.32874e+08
1.8196e+09
1.01704e+10
-7.29793e+10
2.22311e+10
-8.88489e+10
1.25279e+10
2.31538e+09
3.17918e+08
5.15747e+07
1.01379e+07
2.65236e+06
2.65236e+06

2289.97
-2289.97
508.056
13047.3
66601.9
296143
1.29429e+06
5.79664e+06
2.78859e+07
1.52337e+08
8.82348e+08
1.9676e+09
-7.95842e+10
8.33384e+11
-8.63069e+10
3.13946e+09
1.23241e+09
2.2538e+08
4.35719e+07
9.41907e+06
2.5858e+06
2.5858e+06

2287.2
-2287.2
506.521
13031
66136.3
290157
1.23011e+06
5.1435e+06
2.12605e+07
8.4632e+07
2.33787e+08
-2.06155e+09
-5.92947e+10
1.03348e+11
-6.2154e+10
-1.45111e+09
4.84204e+08
1.47502e+08
3.60527e+07
8.69971e+06
2.51427e+06
2.51427e+06

2284.86
-2284.86
514.626
13012
65720.8
285189
1.17836e+06
4.62908e+06
1.62366e+07
3.69427e+07
-1.70021e+08
-4.26578e+09
-5.04908e+10
8.75856e+10
-5.20224e+10
-3.93818e+09
1.95767e+07
9.26354e+07
3.03338e+07
8.12835e+06
2.45515e+06
2.45515e+06

2282.32
-2282.32
520.09
13000.6
65479.9
282393
1.14962e+06
4.34722e+06
1.35471e+07
1.25463e+07
-3.59475e+08
-5.05897e+09
-4.06649e+10
1.19921e+11
-4.18141e+10
-4.85099e+09
-1.98533e+08
6.45589e+07
2.72676e+07
7.81401e+06
2.42191e+06
2.42191e+06

0
-2282.32
520.09
13000.6
65479.9
282393
1.14962e+06
4.34722e+06
1.35471e+07
1.25463e+07
-3.59475e+08
-5.05897e+09
-4.06649e+10
1.19921e+11
-4.18141e+10
-4.85099e+09
-1.98533e+08
6.45589e+07
2.72676e+07
7.81401e+06
2.42191e+06
0


0
2652.84
463.828
-9061.93
-47907.8
-201696
-777644
-2.65871e+06
-6.32562e+06
1.11304e+07
3.06497e+08
2.30524e+09
1.9311e+09
-1.25722e+11
4.14298e+09
2.60349e+09
2.86513e+08
-8.96529e+06
-1.32986e+07
-4.70053e+06
-1.62162e+06
0

2652.84
-2652.84
-463.828
9061.93
47907.8
201696
777644
2.65871e+06
6.32562e+06
-1.11304e+07
-3.06497e+08
-2.30524e+09
-1.9311e+09
1.25722e+11
-4.14298e+09
-2.60349e+09
-2.86513e+08
8.96529e+06
1.32986e+07
4.70053e+06
1.62162e+06
1.62162e+06

2622.03
-2622.03
-426.985
9161.29
48446.5
205599
808171
2.90036e+06
8.15259e+06
426540
-2.72747e+08
-2.75577e+09
-7.93974e+09
1.45616e+11
-1.06025e+10
-3.0224e+09
-2.35596e+08
2.36546e+07
1.55784e+07
5.00488e+06
1.66592e+06
1.66592e+06

2628.75
-2628.75
-416.128
9281.81
49387.2
212836
865473
3.36111e+06
1.17571e+07
2.50337e+07
-1.76943e+08
-3.4949e+09
-2.20317e+10
1.77604e+11
-2.56422e+10
-3.66975e+09
-1.02581e+08
5.45468e+07
2.00584e+07
5.58502e+06
1.7493e+06
1.7493e+06

2619.12
-2619.12
-382.457
9467.71
50673.6
222528
942456
3.99398e+06
1.69769e+07
6.49519e+07
3.86475e+07
-4.03564e+09
-4.75137e+10
1.93302e+11
-5.25827e+10
-3.99226e+09
1.7548e+08
1.03836e+08
2.65097e+07
6.38193e+06
1.8618e+06
1.8618e+06

2612.65
-2612.65
-350.363
9673.97
52122.2
233380
1.02902e+06
4.72493e+06
2.34195e+07
1.21442e+08
4.55058e+08
-3.23791e+09
-8.4747e+10
1.18947e+11
-9.1517e+10
-2.7332e+09
6.85244e+08
1.72398e+08
3.44256e+07
7.30406e+06
1.9894e+06
1.9894e+06

2606.21
-2606.21
-318.03
9885.64
53563.7
243961
1.11319e+06
5.45388e+06
3.03257e+07
1.91553e+08
1.14114e+09
9.72947e+08
-1.17955e+11
-1.59748e+11
-1.25549e+11
2.3368e+09
1.49636e+09
2.56218e+08
4.28773e+07
8.22947e+06
2.11568e+06
2.11568e+06

2599.87
-2599.87
-288.363
10082
54838.5
252928
1.18275e+06
6.06383e+06
3.65034e+07
2.63811e+08
2.05154e+09
1.07167e+10
-9.30159e+10
-5.33859e+11
-9.80508e+10
1.34038e+10
2.5485e+09
3.41686e+08
5.04501e+07
9.01738e+06
2.22393e+06
2.22393e+06

2594.39
-2594.39
-263.266
10245.4
55819.4
259192
1.22744e+06
6.44297e+06
4.04933e+07
3.16134e+08
2.8581e+09
2.32955e+10
4.539e+10
2.92747e+11
4.73249e+10
2.73515e+10
3.46884e+09
4.03478e+08
5.54439e+07
9.53429e+06
2.30016e+06
2.30016e+06

2590.81
-2590.81
-244.277
10365.6
56429.8
262120
1.24132e+06
6.51819e+06
4.11282e+07
3.24553e+08
2.97241e+09
2.38453e+10
5.84101e+09
-8.31493e+10
4.48165e+09
2.80073e+10
3.60248e+09
4.14454e+08
5.65105e+07
9.69275e+06
2.33602e+06
2.33602e+06

2587.42
-2587.42
-225.189
10443.2
56656.7
261690
1.22444e+06
6.28581e+06
3.82917e+07
2.87162e+08
2.40611e+09
1.55089e+10
-4.67535e+10
-1.32299e+11
-5.25555e+10
1.85153e+10
2.95274e+09
3.72287e+08
5.351e+07
9.48641e+06
2.33097e+06
2.33097e+06

2581.66
-2581.66
-201.783
10483.5
56556.7
258526
1.18292e+06
5.81462e+06
3.29591e+07
2.22934e+08
1.60415e+09
7.45669e+09
-4.38014e+10
4.05767e+11
-5.10005e+10
9.21283e+09
2.02759e+09
2.98803e+08
4.75672e+07
8.99357e+06
2.29228e+06
2.29228e+06

2575.33
-2575.33
-188.592
10491.5
56240.2
253704
1.12743e+06
5.22061e+06
2.65831e+07
1.52959e+08
8.68102e+08
1.8817e+09
-4.36575e+10
1.521e+11
-4.8398e+10
2.8461e+09
1.17952e+09
2.18481e+08
4.03652e+07
8.3479e+06
2.2332e+06
2.2332e+06

2571.95
-2571.95
-189.881
10477.5
55837.5
248494
1.07072e+06
4.63374e+06
2.05567e+07
9.20073e+07
3.13572e+08
-1.36448e+09
-3.72332e+10
1.20264e+11
-3.99573e+10
-8.39279e+08
5.4156e+08
1.48444e+08
3.35198e+07
7.6997e+06
2.16972e+06
2.16972e+06

2570.39
-2570.39
-189.087
10459.2
55478.2
244159
1.02495e+06
4.17057e+06
1.59577e+07
4.82629e+07
-4.48724e+07
-3.12694e+09
-3.21537e+10
8.47629e+10
-3.3805e+10
-2.83067e+09
1.29825e+08
9.81664e+07
2.82815e+07
7.18409e+06
2.11727e+06
2.11727e+06

2568.48
-2568.48
-184.95
10448.9
55269.4
241715
999520
3.91657e+06
1.3488e+07
2.56592e+07
-2.17751e+08
-3.8457e+09
-2.81733e+10
8.33862e+10
-2.93974e+10
-3.64754e+09
-6.87241e+07
7.21823e+07
2.54647e+07
6.90025e+06
2.08778e+06
2.08778e+06

0
-2568.48
-184.95
10448.9
55269.4
241715
999520
3.91657e+06
1.3488e+07
2.56592e+07
-2.17751e+08
-3.8457e+09
-2.81733e+10
8.33862e+10
-2.93974e+10
-3.64754e+09
-6.87241e+07
7.21823e+07
2.54647e+07
6.90025e+06
2.08778e+06
0


0
3017.68
1426.19
-5499.45
-33780.1
-146079
-569692
-1.97822e+06
-4.91459e+06
6.72561e+06
2.23831e+08
1.73518e+09
1.86831e+09
-8.31341e+10
3.46396e+09
1.94954e+09
2.07272e+08
-8.39848e+06
-1.00659e+07
-3.47272e+06
-1.18487e+06
0

3017.68
-3017.68
-1426.19
5499.45
33780.1
146079
569692
1.97822e+06
4.91459e+06
-6.72561e+06
-2.23831e+08
-1.73518e+09
-1.86831e+09
8.31341e+10
-3.46396e+09
-1.94954e+09
-2.07272e+08
8.39848e+06
1.00659e+07
3.47272e+06
1.18487e+06
1.18487e+06

2984.64
-2984.64
-1390.66
5582.57
34185.9
148973
592494
2.16098e+06
6.31506e+06
2.26718e+06
-1.95439e+08
-2.0293e+09
-5.97657e+09
8.9999e+10
-7.84237e+09
-2.21662e+09
-1.65803e+08
1.9767e+07
1.18073e+07
3.70218e+06
1.21783e+06
1.21783e+06

2996.63
-2996.63
-1389.13
5662.92
34868.1
154314
635294
2.50964e+06
9.07639e+06
2.13066e+07
-1.18072e+08
-2.47416e+09
-1.49529e+10
9.68611e+10
-1.73487e+10
-2.5879e+09
-6.04423e+07
4.35548e+07
1.52274e+07
4.13976e+06
1.27986e+06
1.27986e+06

2987.92
-2987.92
-1361.84
5801.47
35815.1
161484
692857
2.9889e+06
1.3068e+07
5.18507e+07
4.76164e+07
-2.69743e+09
-2.93631e+10
8.68579e+10
-3.24754e+10
-2.64997e+09
1.51145e+08
8.11226e+07
2.01439e+07
4.74118e+06
1.36362e+06
1.36362e+06

2982.78
-2982.78
-1338.47
5952.58
36878
169514
757650
3.54281e+06
1.79757e+07
9.42867e+07
3.49534e+08
-1.98297e+09
-4.68984e+10
3.2868e+10
-5.06647e+10
-1.62676e+09
5.19098e+08
1.32484e+08
2.61543e+07
5.43734e+06
1.45868e+06
1.45868e+06

2977.5
-2977.5
-1313.66
6107.93
37938.9
177358
820740
4.0955e+06
2.32036e+07
1.45563e+08
8.12854e+08
6.54487e+08
-5.76841e+10
-7.80059e+10
-6.14936e+10
1.51985e+09
1.06613e+09
1.9369e+08
3.25324e+07
6.13599e+06
1.55279e+06
1.55279e+06

2972.63
-2972.63
-1291.71
6251.27
38873.9
183993
872981
4.55856e+06
2.78454e+07
1.96683e+08
1.37805e+09
5.67579e+09
-4.32837e+10
-1.56343e+11
-4.58694e+10
7.21627e+09
1.71965e+09
2.54121e+08
3.82045e+07
6.73092e+06
1.63352e+06
1.63352e+06

2968.47
-2968.47
-1273.65
6370.24
39591
188630
906686
4.84819e+06
3.08401e+07
2.32715e+08
1.84031e+09
1.10852e+10
-1.73722e+09
3.19285e+10
-2.36529e+09
1.32143e+10
2.24749e+09
2.96657e+08
4.19352e+07
7.12224e+06
1.69039e+06
1.69039e+06

2966.12
-2966.12
-1260.55
6457.1
40037.9
190817
917392
4.91007e+06
3.13781e+07
2.39437e+08
1.92648e+09
1.18128e+10
-5.34347e+09
-2.27851e+10
-6.73167e+09
1.39942e+10
2.34533e+09
3.05191e+08
4.279e+07
7.24511e+06
1.71718e+06
1.71718e+06

2964.49
-2964.49
-1248.87
6512.67
40205.9
190520
905091
4.74095e+06
2.93668e+07
2.15258e+08
1.62677e+09
8.54817e+09
-2.02033e+10
-1.21116e+10
-2.312e+10
1.0254e+10
2.00056e+09
2.77922e+08
4.0661e+07
7.09436e+06
1.71343e+06
1.71343e+06

2960.87
-2960.87
-1233.85
6542.11
40133.6
188184
874319
4.39104e+06
2.54681e+07
1.7109e+08
1.14397e+09
4.5677e+09
-2.16736e+10
1.75144e+11
-2.51841e+10
5.67375e+09
1.44449e+09
2.27421e+08
3.63125e+07
6.72719e+06
1.68455e+06
1.68455e+06

2955.67
-2955.67
-1220.89
6549.17
39899.3
184609
833034
3.94669e+06
2.07301e+07
1.21007e+08
6.60399e+08
1.33796e+09
-2.25785e+10
8.23891e+10
-2.5363e+10
1.99102e+09
8.88279e+08
1.69978e+08
3.09579e+07
6.24313e+06
1.6404e+06
1.6404e+06

2952.19
-2952.19
-1218.27
6539.83
39601.8
180755
790757
3.50589e+06
1.62043e+07
7.61708e+07
2.73242e+08
-7.83408e+08
-2.08151e+10
7.36783e+10
-2.27042e+10
-4.11701e+08
4.43636e+08
1.18501e+08
2.58155e+07
5.75547e+06
1.59294e+06
1.59294e+06

2950.72
-2950.72
-1219.35
6526.12
39338
177552
756607
3.15719e+06
1.27284e+07
4.34543e+07
1.41733e+07
-1.9955e+09
-1.86871e+10
5.98054e+10
-1.99582e+10
-1.77861e+09
1.4647e+08
8.09261e+07
2.18556e+07
5.36679e+06
1.55372e+06
1.55372e+06

2949.24
-2949.24
-1217.68
6518.3
39184.8
175743
737622
2.96575e+06
1.08554e+07
2.63942e+07
-1.13462e+08
-2.5225e+09
-1.71253e+10
5.49979e+10
-1.81074e+10
-2.37335e+09
125846
6.13301e+07
1.97191e+07
5.1526e+06
1.53167e+06
1.53167e+06

0
-2949.24
-1217.68
6518.3
39184.8
175743
737622
2.96575e+06
1.08554e+07
2.63942e+07
-1.13462e+08
-2.5225e+09
-1.71253e+10
5.49979e+10
-1.81074e+10
-2.37335e+09
125846
6.13301e+07
1.97191e+07
5.1526e+06
1.53167e+06
0


0
3446.84
2608.92
-1032.44
-15919.6
-75147.4
-299572
-1.05387e+06
-2.68617e+06
3.0943e+06
1.17766e+08
9.25784e+08
1.10484e+09
-4.0655e+10
1.93274e+09
1.03725e+09
1.08416e+08
-5.0236e+06
-5.42206e+06
-1.84323e+06
-623667
0

3446.84
-3446.84
-2608.92
1032.44
15919.6
75147.4
299572
1.05387e+06
2.68617e+06
-3.0943e+06
-1.17766e+08
-9.25784e+08
-1.10484e+09
4.0655e+10
-1.93274e+09
-1.03725e+09
-1.08416e+08
5.0236e+06
5.42206e+06
1.84323e+06
623667
623667

3412.89
-3412.89
-2576.14
1093.08
16151.7
76702.5
311776
1.15224e+06
3.44473e+06
1.80756e+06
-1.01657e+08
-1.06732e+09
-3.14103e+09
4.2266e+10
-4.09118e+09
-1.16342e+09
-8.52883e+07
1.12015e+07
6.3634e+06
1.96651e+06
641258
641258

3428.42
-3428.42
-2583.5
1125.17
16501.6
79529.5
334645
1.33989e+06
4.9389e+06
1.2139e+07
-5.88554e+07
-1.26963e+09
-7.4012e+09
4.21442e+10
-8.58058e+09
-1.32545e+09
-2.75927e+07
2.40754e+07
8.2105e+06
2.20158e+06
674332
674332

3421.9
-3421.9
-2566.13
1201.65
17006.3
83343.9
365434
1.59786e+06
7.09468e+06
2.85779e+07
2.99856e+07
-1.33947e+09
-1.37593e+10
3.35014e+10
-1.52229e+10
-1.31133e+09
8.52833e+07
4.42535e+07
1.08609e+07
2.52468e+06
719014
719014

3419.14
-3419.14
-2553.81
1281.26
17568.4
87612.2
400102
1.89599e+06
9.73652e+06
5.11331e+07
1.86102e+08
-9.47398e+08
-2.06764e+10
8.76692e+09
-2.23568e+10
-7.67891e+08
2.75155e+08
7.15163e+07
1.40909e+07
2.8986e+06
769738
769738

3415.91
-3415.91
-2540.15
1364.07
18130.7
91785.7
433884
2.19341e+06
1.25376e+07
7.79318e+07
4.15691e+08
2.78316e+08
-2.4012e+10
-2.90523e+10
-2.56434e+10
6.89878e+08
5.46145e+08
1.03484e+08
1.7503e+07
3.27369e+06
819972
819972

3412.92
-3412.92
-2528.3
1440.1
18626.4
95318.5
461885
2.44269e+06
1.50124e+07
1.04143e+08
6.82838e+08
2.37321e+09
-1.84326e+10
-4.69897e+10
-1.96123e+10
3.06709e+09
8.55247e+08
1.34467e+08
2.05225e+07
3.59302e+06
863067
863067

3410.48
-3410.48
-2519.32
1502.64
19005.1
97782.6
479996
2.59913e+06
1.66082e+07
1.22379e+08
8.93144e+08
4.438e+09
-6.13135e+09
-4.73281e+09
-6.76118e+09
5.35677e+09
1.09552e+09
1.55995e+08
2.25061e+07
3.80338e+06
893437
893437

3409.56
-3409.56
-2513.67
1547.47
19239.9
98948.4
485826
2.63396e+06
1.69139e+07
1.26065e+08
9.38497e+08
4.85848e+09
-4.8444e+09
-5.63449e+09
-5.64133e+09
5.80068e+09
1.14649e+09
1.60621e+08
2.29792e+07
3.87043e+06
907757
907757

3409.39
-3409.39
-2508.71
1575.93
19328.9
98800.7
479362
2.54529e+06
1.58788e+07
1.1432e+08
8.10161e+08
3.73106e+09
-8.20754e+09
8.07626e+09
-9.47268e+09
4.49843e+09
9.98476e+08
1.47376e+08
2.18837e+07
3.7913e+06
905777
905777

3407.6
-3407.6
-2500.63
1591.91
19291.6
97561.8
463012
2.35949e+06
1.38345e+07
9.20726e+07
5.86521e+08
2.11532e+09
-8.98907e+09
5.88183e+10
-1.0466e+10
2.64108e+09
7.41034e+08
1.21948e+08
1.96029e+07
3.59603e+06
890371
890371

3404.21
-3404.21
-2492.49
1596.63
19167.9
95661
441014
2.12242e+06
1.1325e+07
6.62448e+07
3.50763e+08
6.69518e+08
-9.52805e+09
4.11597e+10
-1.07987e+10
9.93849e+08
4.70103e+08
9.23379e+07
1.67664e+07
3.33748e+06
866793
866793

3401.66
-3401.66
-2489.63
1592.3
19009.9
93611.2
418460
1.88659e+06
8.91154e+06
4.27303e+07
1.54971e+08
-3.53102e+08
-9.17539e+09
3.4832e+10
-1.01125e+10
-1.62946e+08
2.45452e+08
6.53538e+07
1.40238e+07
3.07636e+06
841435
841435

3400.32
-3400.32
-2489.88
1585.45
18870.6
91910
400229
1.69973e+06
7.0497e+06
2.53857e+07
2.09314e+07
-9.62979e+08
-8.50108e+09
2.98254e+10
-9.17229e+09
-8.49631e+08
9.18373e+07
4.54436e+07
1.19026e+07
2.86793e+06
820471
820471

3398.96
-3398.96
-2488.8
1581.81
18790.1
90949.3
390091
1.59704e+06
6.044e+06
1.62859e+07
-4.60084e+07
-1.23763e+09
-7.98452e+09
2.73494e+10
-8.52022e+09
-1.1585e+09
1.5163e+07
3.49963e+07
1.07554e+07
2.75296e+06
808679
808679

0
-3398.96
-2488.8
1581.81
18790.1
90949.3
390091
1.59704e+06
6.044e+06
1.62859e+07
-4.60084e+07
-1.23763e+09
-7.98452e+09
2.73494e+10
-8.52022e+09
-1.1585e+09
1.5163e+07
3.49963e+07
1.07554e+07
2.75296e+06
808679
0


0
44.4369
43.8339
46.7253
47.9732
49.3593
51.0421
57.7467
88.2259
209.256
633.766
1599.59
-944.916
-35242.8
-407.582
1748.38
660.425
207.778
89.3052
58.4013
49.2175
0

44.4369
-3446.84
-2608.92
1032.44
15919.6
75147.4
299572
1.05387e+06
2.68617e+06
-3.0943e+06
-1.17766e+08
-9.25784e+08
-1.10484e+09
4.0655e+10
-1.93274e+09
-1.03725e+09
-1.08416e+08
5.0236e+06
5.42206e+06
1.84323e+06
623667
-49.2175

20.8667
-3412.89
-2576.14
1093.08
16151.7
76702.5
311776
1.15224e+06
3.44473e+06
1.80756e+06
-1.01657e+08
-1.06732e+09
-3.14103e+09
4.2266e+10
-4.09118e+09
-1.16342e+09
-8.52883e+07
1.12015e+07
6.3634e+06
1.96651e+06
641258
-25.0693

32.1746
-3428.42
-2583.5
1125.17
16501.6
79529.5
334645
1.33989e+06
4.9389e+06
1.2139e+07
-5.88554e+07
-1.26963e+09
-7.4012e+09
4.21442e+10
-8.58058e+09
-1.32545e+09
-2.75927e+07
2.40754e+07
8.2105e+06
2.20158e+06
674332
-38.2712

29.793
-3421.9
-2566.13
1201.65
17006.3
83343.9
365434
1.59786e+06
7.09468e+06
2.85779e+07
2.99856e+07
-1.33947e+09
-1.37593e+10
3.35014e+10
-1.52229e+10
-1.31133e+09
8.52833e+07
4.42535e+07
1.08609e+07
2.52468e+06
719014
-34.3261

29.3262
-3419.14
-2553.81
1281.26
17568.4
87612.2
400102
1.89599e+06
9.73652e+06
5.11331e+07
1.86102e+08
-9.47398e+08
-2.06764e+10
8.76692e+09
-2.23568e+10
-7.67891e+08
2.75155e+08
7.15163e+07
1.40909e+07
2.8986e+06
769738
-33.9837

28.9534
-3415.91
-2540.15
1364.07
18130.7
91785.7
433884
2.19341e+06
1.25376e+07
7.79318e+07
4.15691e+08
2.78316e+08
-2.4012e+10
-2.90523e+10
-2.56434e+10
6.89878e+08
5.46145e+08
1.03484e+08
1.7503e+07
3.27369e+06
819972
-33.3413

28.7259
-3412.92
-2528.3
1440.1
18626.4
95318.5
461885
2.44269e+06
1.50124e+07
1.04143e+08
6.82838e+08
2.37321e+09
-1.84326e+10
-4.69897e+10
-1.96123e+10
3.06709e+09
8.55247e+08
1.34467e+08
2.05225e+07
3.59302e+06
863067
-32.8716

28.4539
-3410.48
-2519.32
1502.64
19005.1
97782.6
479996
2.59913e+06
1.66082e+07
1.22379e+08
8.93144e+08
4.438e+09
-6.13135e+09
-4.73281e+09
-6.76118e+09
5.35677e+09
1.09552e+09
1.55995e+08
2.25061e+07
3.80338e+06
893437
-32.6059

28.7102
-3409.56
-2513.67
1547.47
19239.9
98948.4
485826
2.63396e+06
1.69139e+07
1.26065e+08
9.38497e+08
4.85848e+09
-4.8444e+09
-5.63449e+09
-5.64133e+09
5.80068e+09
1.14649e+09
1.60621e+08
2.29792e+07
3.87043e+06
907757
-33.1551

29.6114
-3409.39
-2508.71
1575.93
19328.9
98800.7
479362
2.54529e+06
1.58788e+07
1.1432e+08
8.10161e+08
3.73106e+09
-8.20754e+09
8.07626e+09
-9.47268e+09
4.49843e+09
9.98476e+08
1.47376e+08
2.18837e+07
3.7913e+06
905777
-33.8698

29.9466
-3407.6
-2500.63
1591.91
19291.6
97561.8
463012
2.35949e+06
1.38345e+07
9.20726e+07
5.86521e+08
2.11532e+09
-8.98907e+09
5.88183e+10
-1.0466e+10
2.64108e+09
7.41034e+08
1.21948e+08
1.96029e+07
3.59603e+06
890371
-33.3692

28.8152
-3404.21
-2492.49
1596.63
19167.9
95661
441014
2.12242e+06
1.1325e+07
6.62448e+07
3.50763e+08
6.69518e+08
-9.52805e+09
4.11597e+10
-1.07987e+10
9.93849e+08
4.70103e+08
9.23379e+07
1.67664e+07
3.33748e+06
866793
-31.8818

27.208
-3401.66
-2489.63
1592.3
19009.9
93611.2
418460
1.88659e+06
8.91154e+06
4.27303e+07
1.54971e+08
-3.53102e+08
-9.17539e+09
3.4832e+10
-1.01125e+10
-1.62946e+08
2.45452e+08
6.53538e+07
1.40238e+07
3.07636e+06
841435
-30.779

26.0915
-3400.32
-2489.88
1585.45
18870.6
91910
400229
1.69973e+06
7.0497e+06
2.53857e+07
2.09314e+07
-9.62979e+08
-8.50108e+09
2.98254e+10
-9.17229e+09
-8.49631e+08
9.18373e+07
4.54436e+07
1.19026e+07
2.86793e+06
820471
-30.0715

25.0918
-3398.96
-2488.8
1581.81
18790.1
90949.3
390091
1.59704e+06
6.044e+06
1.62859e+07
-4.60084e+07
-1.23763e+09
-7.98452e+09
2.73494e+10
-8.52022e+09
-1.1585e+09
1.5163e+07
3.49963e+07
1.07554e+07
2.75296e+06
808679
-29.1078

0
-25.0918
-26.6992
-26.2993
-26.5753
-27.7159
-29.2306
-38.5352
-80.9568
-266.074
-1095.9
-4845.58
-17941.4
5294.33
-16861.7
-4449.7
-1000.77
-242.995
-78.0108
-38.2247
-29.1078
0


0
0
0
0
0
0
0
0
0
0
0
0
0
0
0
0
0
0
0
0
0
0

0
0
0
0
0
0
0
0
0
0
0
0
0
0
0
0
0
0
0
0
0
0

0
0
0
0
0
0
0
0
0
0
0
0
0
0
0
0
0
0
0
0
0
0

0
0
0
0
0
0
0
0
0
0
0
0
0
0
0
0
0
0
0
0
0
0

0
0
0
0
0
0
0
0
0
0
0
0
0
0
0
0
0
0
0
0
0
0

0
0
0
0
0
0
0
0
0
0
0
0
0
0
0
0
0
0
0
0
0
0

0
0
0
0
0
0
0
0
0
0
0
0
0
0
0
0
0
0
0
0
0
0

0
0
0
0
0
0
0
0
0
0
0
0
0
0
0
0
0
0
0
0
0
0

0
0
0
0
0
0
0
0
0
0
0
0
0
0
0
0
0
0
0
0
0
0

0
0
0
0
0
0
0
0
0
0
0
0
0
0
0
0
0
0
0
0
0
0

0
0
0
0
0
0
0
0
0
0
0
0
0
0
0
0
0
0
0
0
0
0

0
0
0
0
0
0
0
0
0
0
0
0
0
0
0
0
0
0
0
0
0
0

0
0
0
0
0
0
0
0
0
0
0
0
0
0
0
0
0
0
0
0
0
0

0
0
0
0
0
0
0
0
0
0
0
0
0
0
0
0
0
0
0
0
0
0

0
0
0
0
0
0
0
0
0
0
0
0
0
0
0
0
0
0
0
0
0
0

0
0
0
0
0
0
0
0
0
0
0
0
0
0
0
0
0
0
0
0
0
0

0
0
0
0
0
0
0
0
0
0
0
0
0
0
0
0
0
0
0
0
0
0


