0
0
0
0
0
0
0
0
0
0
0
0
0
0
0
0
0
0
0
0
0
0

0
0
0
0
0
0
0
0
0
0
0
0
0
0
0
0
0
0
0
0
0
0

0
0
0
0
0
0
0
0
0
0
0
0
0
0
0
0
0
0
0
0
0
0

0
0
0
0
0
0
0
0
0
0
0
0
0
0
0
0
0
0
0
0
0
0

0
0
0
0
0
0
0
0
0
0
0
0
0
0
0
0
0
0
0
0
0
0

0
0
0
0
0
0
0
0
0
0
0
0
0
0
0
0
0
0
0
0
0
0

0
0
0
0
0
0
0
0
0
0
0
0
0
0
0
0
0
0
0
0
0
0

0
0
0
0
0
0
0
0
0
0
0
0
0
0
0
0
0
0
0
0
0
0

0
0
0
0
0
0
0
0
0
0
0
0
0
0
0
0
0
0
0
0
0
0

0
0
0
0
0
0
0
0
0
0
0
0
0
0
0
0
0
0
0
0
0
0

0
0
0
0
0
0
0
0
0
0
0
0
0
0
0
0
0
0
0
0
0
0

0
0
0
0
0
0
0
0
0
0
0
0
0
0
0
0
0
0
0
0
0
0

0
0
0
0
0
0
0
0
0
0
0
0
0
0
0
0
0
0
0
0
0
0

0
0
0
0
0
0
0
0
0
0
0
0
0
0
0
0
0
0
0
0
0
0

0
0
0
0
0
0
0
0
0
0
0
0
0
0
0
0
0
0
0
0
0
0

0
0
0
0
0
0
0
0
0
0
0
0
0
0
0
0
0
0
0
0
0
0

0
0
0
0
0
0
0
0
0
0
0
0
0
0
0
0
0
0
0
0
0
0


0
0
0
0
0
0
0
0
0
0
0
0
0
0
0
0
0
0
0
0
0
0

0.5
0.501141
0.508761
0.542232
0.521496
0.492827
0.49332
0.506577
0.499425
0.527515
0.516396
0.546506
0.582804
0.539674
0.593919
0.734812
0.552871
0.603822
0.563697
0.534745
0.534642
0

0.5
0.501655
0.50937
0.46985
0.519369
0.491816
0.493686
0.508354
0.516484
0.502665
0.515152
0.551323
0.585469
0.537855
0.590358
0.731049
0.519226
0.606701
0.563773
0.53407
0.533954
0

0.5
0.50183
0.50839
0.545732
0.530592
0.496629
0.490413
0.509142
0.514873
0.50707
0.513139
0.541275
0.604812
0.531301
0.585959
0.56711
0.784069
0.625133
0.562697
0.531284
0.531162
0

0.5
0.50185
0.507627
0.547851
0.588174
0.420868
0.484462
0.50686
0.518694
0.508951
0.510159
0.534208
0.609266
0.516972
0.582345
0.566142
0.755178
0.627896
0.560048
0.526983
0.526853
0

0.5
0.501751
0.511556
0.481451
0.602605
0.411894
0.483178
0.509075
0.516534
0.520808
0.508083
0.425017
-0.539046
0.488382
0.585295
0.580838
0.759733
0.630822
0.55797
0.521109
0.520964
0

0.5
0.501401
0.509802
0.540635
0.62988
0.387448
0.483261
0.512379
0.515278
0.511461
0.506406
0.454537
0.678489
0.517216
0.578029
0.590638
0.779823
0.646902
0.526744
0.512624
0.512574
0

0.5
0.500812
0.507715
0.535983
0.666068
0.349883
0.485697
0.515736
0.512903
0.512897
0.506857
0.475107
0.643321
0.52588
0.577437
0.595793
0.814817
0.647741
0.517831
0.503838
0.503789
0

0.5
0.500024
0.504883
0.527629
0.715213
0.294613
0.492229
0.510379
0.527354
0.514933
0.508219
0.489004
0.607707
0.525028
0.731755
0.597062
0.86729
0.645457
0.501508
0.493739
0.493698
0

0.5
0.499079
0.501391
0.514017
0.74779
0.410874
0.513339
0.515235
0.526065
0.516243
0.509971
0.497713
0.57999
0.523464
0.18533
0.556096
0.940164
0.63983
0.477007
0.485032
0.485082
0

0.5
0.49803
0.497434
0.50065
0.32253
0.799183
0.485167
0.517907
0.526931
0.51741
0.511858
0.502692
0.557916
0.518249
0.569688
0.549939
1.0463
0.623114
0.445696
0.473495
0.473591
0

0.5
0.496943
0.493449
0.485307
0.312907
0.697247
0.567593
0.52704
0.52893
0.518689
0.497845
0.504246
0.53946
0.515645
0.550367
0.503471
1.2056
0.596926
0.40505
0.462323
0.462511
0

0.5
0.495884
0.48971
0.475668
0.36272
0.645834
0.567365
0.531565
0.532225
0.519784
0.514623
0.506048
0.523325
0.511066
0.522166
0.428785
1.40531
0.564784
0.353551
0.452568
0.452869
0

0.5
0.495074
0.486263
0.469794
0.397513
0.614858
0.566535
0.540841
0.52543
0.520863
0.506394
0.505132
0.508157
0.50066
0.309061
0.552969
1.70341
0.504874
0.28685
0.445901
0.446338
0

0.5
0.493518
0.483586
0.465984
0.421297
0.595069
0.565213
0.54352
0.529022
0.522077
0.515691
0.505353
0.493767
0.424095
0.375657
0.355167
2.08287
0.425811
0.195952
0.445001
0.44556
0

0.5
0.492281
0.48158
0.463637
0.436951
0.583671
0.564275
0.545834
0.531681
0.523393
0.515725
0.504436
0.481234
0.419848
0.340199
0.18055
-0.599825
0.130295
0.548723
0.467325
0.466765
0

0
0
0
0
0
0
0
0
0
0
0
0
0
0
0
0
0
0
0
0
0
0


0
0
0
0
0
0
0
0
0
0
0
0
0
0
0
0
0
0
0
0
0
0

0.5
0.500146
0.509885
0.531918
0.51179
0.511876
0.499806
0.505779
0.515199
0.508
0.515779
0.493865
0.64656
0.55451
0.593627
0.684029
0.601197
0.613213
0.566311
0.537793
0.53765
0

0.5
0.49973
0.512533
0.534878
0.51137
0.515109
0.501783
0.50469
0.516957
0.509556
0.515675
0.520819
0.605867
0.550676
0.593047
0.669071
0.621772
0.614893
0.566181
0.537232
0.537076
0

0.5
0.501059
0.509851
0.535714
0.527047
0.496719
0.497472
0.508592
0.516502
0.510347
0.514208
0.52554
0.601193
0.54759
0.592664
0.60132
0.69202
0.622339
0.564421
0.534673
0.534513
0

0.5
0.501591
0.509
0.53658
0.555861
0.468947
0.493757
0.509178
0.517134
0.511327
0.512213
0.517036
0.606663
0.550297
0.599442
0.580713
0.71428
0.627656
0.560917
0.53074
0.530577
0

0.5
0.501628
0.509527
0.535531
0.574133
0.450356
0.492167
0.510783
0.51704
0.512218
0.510302
0.476205
0.602234
0.534415
0.616729
0.54134
0.72992
0.632788
0.55443
0.525346
0.525185
0

0.5
0.501345
0.508605
0.533197
0.59075
0.433583
0.492605
0.512899
0.517113
0.513286
0.50943
0.482608
0.635557
0.534839
0.593093
0.586433
0.754927
0.641837
0.541341
0.518394
0.518255
0

0.5
0.500827
0.506798
0.529101
0.605355
0.418497
0.495748
0.514952
0.518167
0.514477
0.509671
0.49147
0.611757
0.535081
0.579219
0.598477
0.787927
0.646179
0.529353
0.510493
0.510367
0

0.5
0.500128
0.504256
0.522078
0.608127
0.414027
0.503058
0.514849
0.522277
0.515845
0.510591
0.498799
0.588813
0.532698
0.572697
0.59935
0.832112
0.649745
0.514698
0.501742
0.501636
0

0.5
0.499307
0.501085
0.511529
0.571091
0.439552
0.516758
0.518173
0.52407
0.517053
0.511834
0.503887
0.568681
0.526764
0.566759
0.591079
0.888169
0.655906
0.4958
0.492575
0.492504
0

0.5
0.498461
0.497419
0.499388
0.399697
0.627079
0.541938
0.52279
0.525537
0.518151
0.513164
0.506896
0.551302
0.522004
0.553782
0.577368
0.965095
0.687508
0.474909
0.482573
0.482538
0

0.5
0.49778
0.493352
0.48818
0.390565
0.613697
0.551853
0.52739
0.527051
0.519181
0.514378
0.508256
0.53604
0.515371
0.532641
0.554019
1.09986
0.63448
0.436792
0.472056
0.472109
0

0.5
0.49776
0.488394
0.480738
0.408803
0.598217
0.555527
0.531697
0.528289
0.520258
0.515225
0.508534
0.522252
0.50499
0.495224
0.525793
1.27309
0.600832
0.393719
0.462344
0.4625
0

0.5
0.499059
0.479766
0.477635
0.426491
0.584193
0.556835
0.537082
0.527904
0.521235
0.515844
0.508035
0.509205
0.487769
0.408132
0.521195
1.49425
0.561092
0.342019
0.454401
0.454678
0

0.5
0.495418
0.483105
0.471569
0.441058
0.572998
0.557041
0.540179
0.52923
0.52237
0.516225
0.507191
0.496696
0.450813
0.394484
0.420506
1.7688
0.512928
0.281486
0.449285
0.449699
0

0.5
0.493118
0.483307
0.468471
0.452798
0.564459
0.557302
0.542872
0.530984
0.523443
0.516362
0.506104
0.485764
0.436985
0.374411
0.28969
2.05682
0.459511
0.202164
0.446817
0.447384
0

0
0
0
0
0
0
0
0
0
0
0
0
0
0
0
0
0
0
0
0
0
0


0
0
0
0
0
0
0
0
0
0
0
0
0
0
0
0
0
0
0
0
0
0

0.5
0.500456
0.509081
0.522867
0.498647
0.527678
0.503086
0.507939
0.516096
0.511895
0.516261
0.505515
0.607478
0.558499
0.593273
0.652541
0.625864
0.614011
0.568114
0.540685
0.540546
0

0.5
0.500851
0.509998
0.525061
0.500386
0.526471
0.504272
0.508903
0.516878
0.512647
0.516629
0.518675
0.596178
0.557232
0.593481
0.642113
0.640393
0.616793
0.567974
0.540244
0.540093
0

0.5
0.501323
0.50935
0.526585
0.515612
0.510382
0.502256
0.510076
0.516895
0.513028
0.515771
0.521652
0.592659
0.554986
0.593485
0.616607
0.669796
0.621362
0.566068
0.537932
0.537778
0

0.5
0.501569
0.508806
0.527642
0.533721
0.491703
0.500154
0.511007
0.517232
0.513611
0.514535
0.516635
0.595454
0.552775
0.59593
0.60128
0.691426
0.626215
0.562595
0.534402
0.534247
0

0.5
0.501544
0.508428
0.52741
0.547777
0.476966
0.499175
0.512272
0.517571
0.514284
0.513307
0.502909
0.606917
0.548022
0.599852
0.592692
0.710422
0.631376
0.556868
0.529625
0.529472
0

0.5
0.501281
0.50747
0.525829
0.557865
0.466119
0.499923
0.513867
0.518159
0.515088
0.512691
0.502139
0.601514
0.544927
0.589682
0.600032
0.733466
0.637369
0.548139
0.523626
0.523482
0

0.5
0.500821
0.505868
0.522437
0.562091
0.460762
0.503046
0.515596
0.519354
0.516017
0.512752
0.504847
0.588704
0.542145
0.580135
0.606517
0.762958
0.642308
0.537914
0.516634
0.5165
0

0.5
0.500207
0.503657
0.516779
0.554954
0.465914
0.509363
0.517228
0.521438
0.517049
0.513287
0.507895
0.574023
0.538184
0.572255
0.608442
0.801186
0.646804
0.525325
0.508792
0.508674
0

0.5
0.499493
0.500912
0.508775
0.526719
0.490767
0.519585
0.520044
0.523134
0.518061
0.514071
0.510201
0.559664
0.53251
0.563744
0.605563
0.850556
0.651356
0.509396
0.500262
0.500169
0

0.5
0.49876
0.497753
0.499495
0.460223
0.552368
0.533327
0.523655
0.524616
0.51903
0.514926
0.511495
0.546311
0.525928
0.550364
0.598533
0.916047
0.654214
0.489126
0.491058
0.491002
0

0.5
0.498118
0.494285
0.491159
0.442318
0.568364
0.541957
0.527412
0.525985
0.519965
0.515713
0.511852
0.533968
0.517463
0.530595
0.586574
1.02077
0.638621
0.461615
0.48147
0.481474
0

0.5
0.497715
0.490534
0.484956
0.444464
0.567475
0.546637
0.531075
0.527133
0.520889
0.516318
0.511491
0.522423
0.505963
0.501163
0.570021
1.15075
0.619884
0.428512
0.472138
0.472218
0

0.5
0.497499
0.486734
0.480658
0.451585
0.56243
0.549077
0.534733
0.527891
0.52179
0.516774
0.510641
0.511391
0.490108
0.458205
0.549244
1.31027
0.597424
0.389945
0.463662
0.463833
0

0.5
0.495582
0.485866
0.476669
0.459369
0.556841
0.550324
0.53762
0.529027
0.522737
0.517112
0.509558
0.500821
0.468949
0.432294
0.492667
1.49893
0.572873
0.346966
0.456518
0.45679
0

0.5
0.493906
0.485387
0.473904
0.466884
0.551965
0.55154
0.540316
0.530391
0.523616
0.517255
0.50833
0.4915
0.454725
0.413208
0.419585
1.70917
0.540856
0.298588
0.449944
0.450349
0

0
0
0
0
0
0
0
0
0
0
0
0
0
0
0
0
0
0
0
0
0
0


0
0
0
0
0
0
0
0
0
0
0
0
0
0
0
0
0
0
0
0
0
0

0.5
0.500814
0.507913
0.514211
0.466498
0.531094
0.504272
0.50997
0.516373
0.514135
0.517555
0.517833
0.587219
0.561404
0.592484
0.636037
0.636377
0.614744
0.570066
0.543754
0.54362
0

0.5
0.501472
0.508653
0.516987
0.475672
0.552281
0.507427
0.511149
0.517234
0.514998
0.518111
0.52225
0.584173
0.561022
0.592855
0.630913
0.645474
0.617172
0.569972
0.543441
0.543295
0

0.5
0.501577
0.508376
0.519076
0.50033
0.527352
0.506493
0.511856
0.517395
0.515241
0.517579
0.523171
0.58218
0.559292
0.592472
0.620283
0.660983
0.620414
0.56819
0.541395
0.541247
0

0.5
0.501619
0.507975
0.520509
0.517195
0.509048
0.505321
0.512682
0.517726
0.51563
0.516817
0.520586
0.582576
0.557099
0.592439
0.612187
0.67722
0.624426
0.565151
0.538298
0.538148
0

0.5
0.501515
0.507428
0.520792
0.528934
0.496186
0.504825
0.513746
0.518195
0.516127
0.516052
0.515481
0.58446
0.554005
0.591619
0.608386
0.694333
0.628897
0.56047
0.534135
0.533986
0

0.5
0.501247
0.506495
0.519729
0.535841
0.488233
0.505659
0.515088
0.518893
0.516737
0.515602
0.513745
0.580697
0.550744
0.586472
0.610459
0.714723
0.633717
0.553889
0.528946
0.528801
0

0.5
0.500827
0.505086
0.517097
0.537059
0.485799
0.508326
0.516689
0.519939
0.517452
0.515547
0.513963
0.572845
0.547116
0.579899
0.613799
0.740315
0.638315
0.545586
0.522835
0.522696
0

0.5
0.500279
0.5032
0.512746
0.530515
0.490705
0.513197
0.518568
0.521338
0.518248
0.5158
0.514742
0.563061
0.542604
0.572746
0.615773
0.773067
0.642544
0.535191
0.515908
0.51578
0

0.5
0.499647
0.500897
0.506826
0.513674
0.505334
0.520289
0.521027
0.522737
0.519068
0.516233
0.51535
0.552733
0.536898
0.564135
0.615434
0.81546
0.645946
0.522091
0.50827
0.50816
0

0.5
0.498973
0.498275
0.500074
0.486172
0.530295
0.528676
0.523941
0.524069
0.519884
0.516728
0.515492
0.542532
0.529988
0.552322
0.612521
0.871569
0.646755
0.50555
0.50002
0.499938
0

0.5
0.498318
0.495476
0.493804
0.47158
0.543856
0.535331
0.526997
0.525321
0.520685
0.51719
0.515116
0.532673
0.521448
0.536118
0.606458
0.948051
0.64118
0.48472
0.49139
0.491349
0

0.5
0.497706
0.492653
0.488722
0.468216
0.547555
0.539774
0.530001
0.526458
0.521476
0.517567
0.51431
0.523177
0.51079
0.514565
0.596357
1.04289
0.632479
0.459988
0.482735
0.482748
0

0.5
0.497012
0.490101
0.484766
0.469882
0.546914
0.542577
0.532857
0.527475
0.522264
0.517865
0.51321
0.514003
0.497743
0.488217
0.579757
1.15596
0.621793
0.431907
0.474432
0.474507
0

0.5
0.495844
0.488525
0.481423
0.473352
0.544748
0.544384
0.535366
0.528564
0.523062
0.518106
0.511978
0.50519
0.482896
0.465488
0.547633
1.28472
0.610549
0.40162
0.466753
0.466897
0

0.5
0.494682
0.487532
0.479004
0.47759
0.54268
0.546185
0.537845
0.52974
0.523785
0.518194
0.510669
0.497373
0.471108
0.448733
0.510858
1.42317
0.593693
0.367858
0.458922
0.45918
0

0
0
0
0
0
0
0
0
0
0
0
0
0
0
0
0
0
0
0
0
0
0


0
0
0
0
0
0
0
0
0
0
0
0
0
0
0
0
0
0
0
0
0
0

0.5
0.50103
0.506778
0.507972
0.183735
0.265744
0.491538
0.511284
0.516924
0.516085
0.51921
0.524278
0.574583
0.563203
0.591586
0.62726
0.6393
0.614696
0.572105
0.546925
0.546796
0

0.5
0.501724
0.507522
0.510827
0.421315
0.548015
0.509292
0.51293
0.517827
0.516955
0.51984
0.525988
0.573944
0.563194
0.591975
0.625244
0.645264
0.616735
0.572105
0.546744
0.546603
0

0.5
0.501714
0.507364
0.513498
0.480724
0.545908
0.510215
0.513516
0.518031
0.517131
0.51949
0.525989
0.572661
0.561811
0.591325
0.62068
0.654846
0.619193
0.570584
0.544976
0.544834
0

0.5
0.501656
0.507046
0.515188
0.503756
0.522886
0.50943
0.514217
0.518368
0.517408
0.519
0.524534
0.571905
0.559892
0.590399
0.616974
0.666843
0.622425
0.568055
0.542304
0.542159
0

0.5
0.501503
0.506516
0.515741
0.51613
0.509257
0.509134
0.515122
0.518851
0.517778
0.518499
0.522192
0.570967
0.557356
0.588626
0.615442
0.680969
0.626182
0.56432
0.538732
0.538586
0

0.5
0.501233
0.505675
0.515086
0.522159
0.502139
0.509874
0.516277
0.519517
0.518239
0.518151
0.520706
0.567745
0.5543
0.585043
0.616499
0.698163
0.630252
0.559203
0.534288
0.534143
0

0.5
0.500847
0.504469
0.513144
0.523072
0.500119
0.511965
0.517706
0.5204
0.518785
0.51802
0.520046
0.562292
0.550649
0.580159
0.618694
0.719644
0.634354
0.552616
0.529029
0.528887
0

0.5
0.500361
0.502897
0.509924
0.518836
0.503103
0.515539
0.519436
0.521476
0.519397
0.518077
0.519738
0.555404
0.546201
0.574186
0.620661
0.746833
0.638223
0.544315
0.523031
0.522896
0

0.5
0.499792
0.501001
0.505624
0.509385
0.511127
0.520424
0.521524
0.522623
0.520046
0.518254
0.519408
0.547813
0.540782
0.566723
0.621604
0.781512
0.641392
0.533934
0.516376
0.516253
0

0.5
0.49918
0.498879
0.500765
0.496446
0.522705
0.525943
0.523892
0.523772
0.520707
0.518478
0.518855
0.539986
0.534278
0.55699
0.621039
0.825987
0.642972
0.521088
0.50917
0.509066
0

0.5
0.498551
0.496648
0.496082
0.487239
0.531196
0.530839
0.526372
0.524893
0.521369
0.518696
0.518023
0.532168
0.526505
0.54439
0.618391
0.88255
0.641985
0.505498
0.501582
0.501504
0

0.5
0.497896
0.494437
0.492023
0.483238
0.535182
0.53458
0.528823
0.525962
0.522033
0.51888
0.516945
0.524466
0.517321
0.528715
0.612752
0.951052
0.639227
0.487377
0.493849
0.493806
0

0.5
0.497178
0.492437
0.488659
0.482628
0.536267
0.537278
0.531154
0.526982
0.522695
0.519025
0.515699
0.51694
0.506794
0.510698
0.602423
1.03058
0.635449
0.467238
0.48622
0.486217
0

0.5
0.496314
0.490837
0.485799
0.483682
0.535942
0.539257
0.533295
0.528001
0.523357
0.519145
0.514385
0.509667
0.495503
0.493119
0.584813
1.11862
0.631426
0.445965
0.478894
0.478935
0

0.5
0.495463
0.489671
0.48369
0.485764
0.535623
0.541295
0.535483
0.529051
0.52395
0.519154
0.513055
0.503214
0.486181
0.479773
0.567475
1.21107
0.622974
0.422169
0.471165
0.4713
0

0
0
0
0
0
0
0
0
0
0
0
0
0
0
0
0
0
0
0
0
0
0


0
0
0
0
0
0
0
0
0
0
0
0
0
0
0
0
0
0
0
0
0
0

0.5
0.501134
0.505895
0.506014
0.458237
0.554461
0.510231
0.513452
0.517649
0.517801
0.520949
0.528026
0.565846
0.564199
0.590776
0.622258
0.638436
0.614046
0.574162
0.550122
0.549997
0

0.5
0.501823
0.506621
0.508557
0.476989
0.553196
0.512413
0.514541
0.518546
0.51866
0.521624
0.528936
0.565938
0.564378
0.591179
0.621819
0.64264
0.615794
0.574297
0.550077
0.549941
0

0.5
0.501769
0.506494
0.510448
0.491067
0.537369
0.512509
0.514984
0.51875
0.51879
0.521376
0.528625
0.564956
0.563244
0.590479
0.619993
0.649161
0.617697
0.573051
0.548577
0.54844
0

0.5
0.501669
0.50622
0.511763
0.502725
0.524012
0.512181
0.51557
0.519068
0.518992
0.521035
0.527663
0.563826
0.561597
0.589379
0.618604
0.658104
0.620303
0.571035
0.546318
0.546178
0

0.5
0.501496
0.505748
0.512259
0.510683
0.51484
0.512128
0.516337
0.519515
0.519265
0.520674
0.526296
0.562201
0.559414
0.587614
0.618349
0.669335
0.623426
0.568121
0.543308
0.543166
0

0.5
0.501235
0.505023
0.511824
0.514916
0.50961
0.512782
0.517321
0.520104
0.519608
0.520379
0.52509
0.559395
0.556677
0.584854
0.619414
0.683293
0.626888
0.564173
0.539564
0.539422
0

0.5
0.500888
0.504018
0.510417
0.515708
0.50789
0.514368
0.518546
0.520842
0.520017
0.520194
0.524162
0.555312
0.553331
0.581111
0.621285
0.700706
0.630505
0.55908
0.535126
0.534985
0

0.5
0.500453
0.502728
0.508077
0.51327
0.509384
0.516934
0.520021
0.521709
0.52048
0.520114
0.523381
0.550239
0.549279
0.576349
0.623288
0.722497
0.634056
0.552678
0.530052
0.529913
0

0.5
0.499955
0.501202
0.504997
0.50806
0.513656
0.520316
0.521746
0.522651
0.520978
0.520106
0.522582
0.544539
0.544426
0.570351
0.624892
0.749769
0.637232
0.544747
0.524403
0.524271
0

0.5
0.499413
0.49951
0.501514
0.501384
0.519514
0.524086
0.523659
0.523625
0.521495
0.520131
0.521663
0.538509
0.538696
0.562744
0.625657
0.783714
0.639625
0.535111
0.518273
0.518151
0

0.5
0.498831
0.497728
0.498041
0.495864
0.524529
0.527637
0.525657
0.5246
0.522026
0.520164
0.520588
0.532344
0.532027
0.553268
0.625106
0.825232
0.640936
0.523701
0.511793
0.511686
0

0.5
0.498228
0.495972
0.494891
0.492651
0.527626
0.530612
0.527647
0.525559
0.522562
0.520186
0.519373
0.526168
0.524411
0.541908
0.622567
0.874238
0.641392
0.510689
0.505127
0.505042
0

0.5
0.497588
0.494338
0.492151
0.491377
0.529093
0.532974
0.529561
0.526492
0.523096
0.520188
0.51806
0.520066
0.516006
0.529166
0.61716
0.929844
0.641345
0.496466
0.498459
0.498397
0

0.5
0.496903
0.492896
0.489755
0.491268
0.529588
0.534866
0.531366
0.527414
0.523634
0.520191
0.516731
0.514144
0.507233
0.516184
0.608202
0.990079
0.64111
0.481636
0.491939
0.491903
0

0.5
0.496242
0.491753
0.487952
0.492099
0.530161
0.536875
0.533243
0.528344
0.524109
0.520113
0.515425
0.508892
0.499966
0.506226
0.600965
1.05227
0.637467
0.464861
0.484944
0.484984
0

0
0
0
0
0
0
0
0
0
0
0
0
0
0
0
0
0
0
0
0
0
0


0
0
0
0
0
0
0
0
0
0
0
0
0
0
0
0
0
0
0
0
0
0

0.5
0.50117
0.505212
0.506268
0.485522
0.543008
0.513258
0.514938
0.518429
0.519337
0.522656
0.530432
0.55941
0.564665
0.59012
0.619064
0.63571
0.613009
0.576194
0.553273
0.553155
0

0.5
0.501853
0.505926
0.507876
0.491359
0.537703
0.514206
0.515919
0.519317
0.520182
0.523359
0.53112
0.559748
0.564965
0.590572
0.619407
0.638859
0.61453
0.576455
0.553358
0.553227
0

0.5
0.501783
0.505802
0.508938
0.498111
0.529547
0.514159
0.516258
0.519502
0.520276
0.523169
0.530738
0.55893
0.564029
0.58995
0.618868
0.643502
0.616024
0.575486
0.552116
0.551983
0

0.5
0.501668
0.505554
0.509746
0.504352
0.5221
0.514028
0.516738
0.519785
0.520419
0.522907
0.530009
0.557781
0.562639
0.588966
0.61866
0.650174
0.618124
0.573946
0.550251
0.550117
0

0.5
0.501494
0.505142
0.510038
0.508989
0.516499
0.514121
0.517376
0.520174
0.520615
0.522616
0.529036
0.556147
0.560779
0.587489
0.61912
0.658852
0.620702
0.571746
0.547771
0.547634
0

0.5
0.501255
0.504535
0.509689
0.511604
0.513082
0.514694
0.518195
0.520673
0.520862
0.522341
0.52802
0.553785
0.55842
0.585375
0.620352
0.669775
0.623628
0.568789
0.544689
0.54455
0

0.5
0.500943
0.50371
0.508652
0.512158
0.511805
0.515884
0.519208
0.521281
0.521156
0.522112
0.527046
0.550633
0.55552
0.582546
0.622146
0.683369
0.626786
0.565002
0.541038
0.540898
0

0.5
0.500567
0.502678
0.506975
0.510802
0.512482
0.517713
0.520417
0.521983
0.521492
0.521931
0.52609
0.546802
0.552029
0.578932
0.624184
0.700188
0.630006
0.560255
0.536856
0.536715
0

0.5
0.500141
0.501473
0.504792
0.50792
0.51473
0.520057
0.521806
0.522752
0.521858
0.521789
0.525095
0.542478
0.547899
0.574385
0.626104
0.720841
0.633123
0.554447
0.532198
0.532059
0

0.5
0.499664
0.500132
0.502306
0.50428
0.517832
0.52266
0.523325
0.523561
0.522247
0.521669
0.524017
0.537834
0.543095
0.568722
0.627606
0.745933
0.63593
0.547504
0.527142
0.527008
0

0.5
0.499161
0.498732
0.499778
0.500996
0.520762
0.525209
0.524915
0.524387
0.522651
0.521557
0.522845
0.533017
0.537608
0.561832
0.628326
0.775798
0.638317
0.539422
0.521781
0.521655
0

0.5
0.498637
0.497338
0.497401
0.498724
0.522904
0.527488
0.526511
0.525212
0.52306
0.521437
0.521582
0.528124
0.531486
0.553767
0.627849
0.810278
0.640344
0.530344
0.516242
0.516126
0

0.5
0.498094
0.496008
0.495249
0.497471
0.524215
0.529427
0.528068
0.526029
0.523475
0.521319
0.520274
0.523256
0.524885
0.544827
0.625747
0.848653
0.642126
0.520538
0.510655
0.510551
0

0.5
0.497543
0.494776
0.49331
0.496923
0.524949
0.531083
0.52956
0.526835
0.523895
0.521214
0.518973
0.518507
0.518093
0.535576
0.621863
0.889531
0.643767
0.510407
0.505146
0.505056
0

0.5
0.497011
0.493748
0.491819
0.497116
0.525843
0.532889
0.531132
0.527642
0.52426
0.52105
0.517721
0.514303
0.512502
0.528534
0.61981
0.931222
0.642848
0.498735
0.499152
0.499121
0

0
0
0
0
0
0
0
0
0
0
0
0
0
0
0
0
0
0
0
0
0
0


0
0
0
0
0
0
0
0
0
0
0
0
0
0
0
0
0
0
0
0
0
0

0.5
0.501176
0.504693
0.506598
0.49703
0.529523
0.514454
0.516152
0.519221
0.520732
0.524283
0.532101
0.5544
0.564801
0.589631
0.616775
0.632147
0.611749
0.578137
0.556307
0.556194
0

0.5
0.501856
0.505397
0.507737
0.500127
0.52741
0.515245
0.517081
0.520097
0.521563
0.525004
0.532739
0.554845
0.565196
0.590153
0.617503
0.634588
0.613094
0.578518
0.556513
0.556387
0

0.5
0.501782
0.50527
0.50825
0.503421
0.523361
0.515215
0.517346
0.520255
0.521626
0.524845
0.532369
0.554159
0.564433
0.58967
0.617579
0.637902
0.614269
0.577813
0.555516
0.555389
0

0.5
0.501667
0.505042
0.508632
0.506598
0.519426
0.51522
0.517733
0.520493
0.521721
0.524624
0.531771
0.553138
0.563291
0.588907
0.617955
0.642782
0.615948
0.576704
0.554023
0.553894
0

0.5
0.501504
0.504687
0.508703
0.509043
0.516322
0.515407
0.518254
0.520817
0.521851
0.524364
0.53099
0.551715
0.561755
0.587799
0.618793
0.649241
0.61805
0.57513
0.552039
0.551907
0

0.5
0.501289
0.504183
0.508364
0.510441
0.514348
0.515908
0.518916
0.521224
0.522015
0.524089
0.530106
0.549801
0.559801
0.586268
0.620137
0.657409
0.6205
0.573045
0.549582
0.549447
0

0.5
0.50102
0.503525
0.507587
0.510712
0.513568
0.516802
0.519727
0.521713
0.522211
0.523819
0.529165
0.54737
0.557408
0.584258
0.621914
0.667528
0.6232
0.570376
0.546669
0.546532
0

0.5
0.500704
0.50272
0.506399
0.509926
0.51388
0.518086
0.520682
0.522273
0.522436
0.523563
0.528178
0.544477
0.554548
0.581688
0.623916
0.679875
0.62607
0.567077
0.54334
0.5432
0

0.5
0.500338
0.501781
0.504872
0.508318
0.515057
0.519685
0.521763
0.522889
0.522687
0.52332
0.52713
0.54121
0.551195
0.578465
0.625966
0.694784
0.628993
0.563088
0.539639
0.539498
0

0.5
0.49994
0.50075
0.503143
0.5063
0.516717
0.521461
0.522941
0.523545
0.522958
0.523087
0.526016
0.537681
0.547348
0.574515
0.627852
0.712517
0.631871
0.558374
0.535617
0.535476
0

0.5
0.499519
0.499673
0.501361
0.504382
0.518401
0.523251
0.524177
0.524221
0.523239
0.522851
0.524825
0.533975
0.543018
0.56979
0.629338
0.733172
0.634639
0.552961
0.531351
0.531211
0

0.5
0.499082
0.498586
0.499633
0.502893
0.519776
0.524921
0.525428
0.524908
0.523531
0.522618
0.523582
0.530182
0.538267
0.564334
0.630169
0.756569
0.637295
0.546955
0.526931
0.526794
0

0.5
0.498636
0.497528
0.498017
0.501903
0.520761
0.526423
0.526666
0.525596
0.523833
0.522394
0.522318
0.526381
0.533217
0.558322
0.630132
0.782194
0.639855
0.540528
0.522453
0.52232
0

0.5
0.498195
0.496519
0.496519
0.501296
0.521445
0.527772
0.527871
0.52628
0.524142
0.522188
0.521074
0.522653
0.528064
0.552062
0.629199
0.809141
0.642318
0.533926
0.518013
0.517885
0

0.5
0.497762
0.495644
0.49534
0.501219
0.522329
0.529279
0.52915
0.52696
0.524404
0.521943
0.519893
0.519363
0.523855
0.547409
0.629758
0.836374
0.642924
0.526093
0.513101
0.513019
0

0
0
0
0
0
0
0
0
0
0
0
0
0
0
0
0
0
0
0
0
0
0


0
0
0
0
0
0
0
0
0
0
0
0
0
0
0
0
0
0
0
0
0
0

0.5
0.501174
0.504293
0.506999
0.504728
0.520364
0.514955
0.517172
0.519998
0.522015
0.525823
0.533352
0.550226
0.564744
0.589286
0.614989
0.628326
0.610408
0.579954
0.559157
0.559049
0

0.5
0.501855
0.504989
0.507872
0.506374
0.520001
0.515766
0.51807
0.520859
0.522834
0.526554
0.533989
0.550742
0.56522
0.589888
0.615909
0.630226
0.611613
0.58045
0.559477
0.559356
0

0.5
0.501782
0.50486
0.508009
0.507671
0.518332
0.515829
0.518279
0.520987
0.522868
0.526412
0.533655
0.550184
0.564621
0.589561
0.616284
0.632498
0.612522
0.579987
0.558709
0.558587
0

0.5
0.501674
0.50465
0.508056
0.508931
0.516667
0.515963
0.518588
0.521179
0.522921
0.52621
0.533147
0.549344
0.563717
0.589052
0.616955
0.635881
0.613843
0.579264
0.557561
0.557437
0

0.5
0.501527
0.504344
0.507925
0.509875
0.515334
0.516227
0.519
0.521435
0.522992
0.525959
0.532484
0.548197
0.562499
0.588324
0.617978
0.640387
0.615534
0.578259
0.556044
0.555916
0

0.5
0.501341
0.503937
0.507571
0.51036
0.514496
0.516676
0.519518
0.521754
0.523082
0.525673
0.531699
0.546716
0.560962
0.587351
0.619381
0.646075
0.617535
0.576926
0.554164
0.554033
0

0.5
0.501117
0.503429
0.506975
0.510337
0.5142
0.517339
0.52014
0.522133
0.523191
0.525365
0.53082
0.544898
0.559089
0.586075
0.621095
0.653037
0.619816
0.575258
0.551947
0.551812
0

0.5
0.500851
0.502815
0.506147
0.509834
0.514401
0.518206
0.520858
0.522565
0.523319
0.525045
0.529861
0.542767
0.556862
0.584444
0.623041
0.661402
0.622311
0.573229
0.549424
0.549285
0

0.5
0.500553
0.502117
0.505134
0.508967
0.515
0.519244
0.521663
0.523042
0.523465
0.52472
0.528831
0.540375
0.554287
0.582435
0.625121
0.671296
0.62496
0.570798
0.546621
0.546478
0

0.5
0.500231
0.501357
0.504007
0.507921
0.515839
0.520393
0.522538
0.523552
0.523624
0.524386
0.52773
0.537773
0.551368
0.580002
0.627212
0.682805
0.627699
0.567964
0.54358
0.543434
0

0.5
0.49989
0.500558
0.50283
0.506891
0.51672
0.521568
0.523458
0.524086
0.523794
0.524049
0.526572
0.535023
0.548127
0.577116
0.629158
0.695916
0.630498
0.564763
0.540358
0.540209
0

0.5
0.499539
0.499744
0.501661
0.506026
0.517502
0.52271
0.524401
0.524636
0.523975
0.523716
0.525378
0.532185
0.544617
0.573812
0.630822
0.710488
0.633324
0.561252
0.537014
0.536862
0

0.5
0.499185
0.498935
0.500534
0.505368
0.518133
0.523788
0.525348
0.525194
0.524169
0.523394
0.524177
0.529321
0.540922
0.570179
0.632089
0.726207
0.636147
0.557523
0.533615
0.53346
0

0.5
0.498839
0.498145
0.499455
0.504879
0.51864
0.524805
0.526288
0.525756
0.524374
0.523095
0.522999
0.526493
0.537166
0.566376
0.63294
0.742568
0.638921
0.553702
0.530227
0.53007
0

0.5
0.498488
0.497431
0.49858
0.50473
0.519349
0.52597
0.527291
0.52631
0.524538
0.522773
0.521897
0.524007
0.534124
0.563688
0.634825
0.759014
0.640435
0.548907
0.526387
0.526264
0

0
0
0
0
0
0
0
0
0
0
0
0
0
0
0
0
0
0
0
0
0
0


0
0
0
0
0
0
0
0
0
0
0
0
0
0
0
0
0
0
0
0
0
0

0.5
0.501125
0.503946
0.50746
0.51054
0.512656
0.515152
0.518077
0.52067
0.523021
0.526928
0.533845
0.546019
0.564393
0.588863
0.613443
0.624885
0.609711
0.582156
0.561998
0.561867
0

0.5
0.501806
0.504636
0.508147
0.511301
0.513521
0.516034
0.518948
0.521514
0.523826
0.527662
0.534491
0.546587
0.564929
0.589513
0.614428
0.626316
0.610819
0.582781
0.562432
0.562288
0

0.5
0.501735
0.504503
0.508002
0.511275
0.513671
0.516225
0.519103
0.521607
0.523832
0.527528
0.534191
0.54614
0.564444
0.589288
0.614899
0.627669
0.611549
0.582584
0.561892
0.561745
0

0.5
0.501633
0.504302
0.507773
0.511178
0.513848
0.51649
0.51933
0.521744
0.523842
0.527331
0.533746
0.545468
0.563715
0.588942
0.615617
0.629703
0.612638
0.582286
0.561089
0.560937
0

0.5
0.5015
0.504033
0.507454
0.511
0.514023
0.516819
0.519626
0.521925
0.523856
0.527077
0.533164
0.544576
0.562739
0.588469
0.616586
0.632415
0.614065
0.581872
0.560029
0.559872
0

0.5
0.501337
0.503699
0.507046
0.510737
0.514181
0.517198
0.519983
0.522147
0.523875
0.526774
0.53246
0.543474
0.561512
0.587847
0.617787
0.635801
0.615829
0.581349
0.558727
0.558563
0

0.5
0.501143
0.503299
0.506543
0.510387
0.514317
0.517618
0.520394
0.522408
0.523901
0.526431
0.531647
0.542168
0.560028
0.587051
0.619204
0.639861
0.617907
0.58072
0.557204
0.557031
0

0.5
0.50092
0.502838
0.505959
0.509955
0.514425
0.518071
0.520857
0.522706
0.523937
0.526059
0.530743
0.540676
0.558297
0.586081
0.62079
0.644581
0.620286
0.579973
0.555477
0.555295
0

0.5
0.500675
0.50233
0.505312
0.509473
0.514529
0.518561
0.521368
0.523036
0.523981
0.525662
0.529755
0.539011
0.556329
0.584923
0.622522
0.649957
0.622918
0.579096
0.553563
0.553372
0

0.5
0.500413
0.501781
0.504617
0.508965
0.514631
0.519081
0.521922
0.523395
0.524034
0.525248
0.528703
0.537196
0.554136
0.583552
0.624302
0.655932
0.625805
0.578118
0.551499
0.551298
0

0.5
0.500137
0.5012
0.503889
0.508461
0.514745
0.519628
0.522511
0.523779
0.524098
0.524828
0.527604
0.535261
0.551745
0.581967
0.626076
0.66245
0.628898
0.577043
0.549314
0.549102
0

0.5
0.499854
0.5006
0.503145
0.507987
0.51488
0.5202
0.52313
0.524182
0.524176
0.524413
0.526481
0.533242
0.549195
0.580182
0.62778
0.669415
0.632147
0.575882
0.547042
0.546819
0

0.5
0.499572
0.499989
0.502395
0.50755
0.515037
0.520793
0.523772
0.524603
0.524269
0.524012
0.525358
0.531182
0.546541
0.578233
0.629364
0.676696
0.635484
0.574652
0.544718
0.544485
0

0.5
0.499299
0.499377
0.501645
0.507145
0.515218
0.521405
0.524429
0.525035
0.524377
0.523636
0.52426
0.529128
0.543853
0.576186
0.630811
0.684134
0.638825
0.57337
0.54238
0.542136
0

0.5
0.499007
0.498794
0.501003
0.506924
0.515597
0.522159
0.525143
0.525458
0.524452
0.523255
0.523246
0.527333
0.541678
0.574841
0.632837
0.691568
0.64139
0.571304
0.5396
0.539377
0

0
0
0
0
0
0
0
0
0
0
0
0
0
0
0
0
0
0
0
0
0
0


0
0
0
0
0
0
0
0
0
0
0
0
0
0
0
0
0
0
0
0
0
0

0
0
0
0
0
0
0
0
0
0
0
0
0
0
0
0
0
0
0
0
0
0

0
0
0
0
0
0
0
0
0
0
0
0
0
0
0
0
0
0
0
0
0
0

0
0
0
0
0
0
0
0
0
0
0
0
0
0
0
0
0
0
0
0
0
0

0
0
0
0
0
0
0
0
0
0
0
0
0
0
0
0
0
0
0
0
0
0

0
0
0
0
0
0
0
0
0
0
0
0
0
0
0
0
0
0
0
0
0
0

0
0
0
0
0
0
0
0
0
0
0
0
0
0
0
0
0
0
0
0
0
0

0
0
0
0
0
0
0
0
0
0
0
0
0
0
0
0
0
0
0
0
0
0

0
0
0
0
0
0
0
0
0
0
0
0
0
0
0
0
0
0
0
0
0
0

0
0
0
0
0
0
0
0
0
0
0
0
0
0
0
0
0
0
0
0
0
0

0
0
0
0
0
0
0
0
0
0
0
0
0
0
0
0
0
0
0
0
0
0

0
0
0
0
0
0
0
0
0
0
0
0
0
0
0
0
0
0
0
0
0
0

0
0
0
0
0
0
0
0
0
0
0
0
0
0
0
0
0
0
0
0
0
0

0
0
0
0
0
0
0
0
0
0
0
0
0
0
0
0
0
0
0
0
0
0

0
0
0
0
0
0
0
0
0
0
0
0
0
0
0
0
0
0
0
0
0
0

0
0
0
0
0
0
0
0
0
0
0
0
0
0
0
0
0
0
0
0
0
0

0
0
0
0
0
0
0
0
0
0
0
0
0
0
0
0
0
0
0
0
0
0


