0
0
0
0.0307366
0
0
0
0
0
0
0
0
0
0
0
0
-0.00474766
0
0
0
0
0

0
0.00138872
-0.00157191
-0.0261757
0.033734
0.00386333
-0.00418064
-0.000547998
0.000663399
0.00431175
0.0575298
-0.0580666
-0.00541952
-0.00121706
0.000454881
-0.0186629
0.000551333
-0.0011085
-0.000999194
-0.00152461
0.000900006
0

0
0.0023039
-0.00120048
-0.0564287
0.0729893
0.00229943
-0.00385143
-0.000630761
0.00096578
0.00527757
0.0429429
-0.0478124
-0.00705293
-0.00198517
-0.0004983
-0.00549319
-0.000332762
-0.000726991
-0.00234256
-0.00236213
-0.00536769
0

0
0.00339629
0.00165878
-0.0947889
0.125808
-0.00182507
-0.00373086
-0.000629838
0.00115829
0.0047845
0.0272535
-0.0335773
-0.00680711
-0.00255736
-0.00128163
-0.00417256
-0.000332762
-0.00129044
-0.00261904
-0.00264245
-0.00433616
0

0
0.00456026
0.00784959
0.105752
0.00356119
-0.0142334
-0.00375491
-0.000562092
0.0013835
-0.00044755
0.0130454
-0.0203285
-0.00711884
-0.00136858
-0.00192578
-0.00359385
-0.00161747
-0.00181397
-0.00294432
-0.00349227
-0.00414984
0

0
0.00563349
0.0106631
0.0794021
-0.0306104
-0.0110264
-0.00331257
-0.000442672
0.00158794
0.00308623
0.000150418
-0.00835929
-0.00477539
0
-0.00255654
-0.00337086
-0.00219028
-0.00230187
-0.00328609
-0.00376221
-0.004163
-0.00468416

0
0.00654585
0.0110745
0.0585319
-0.0203589
-0.00865457
-0.00275455
-0.000288904
0.0017213
0.00273107
-0.0128201
0.00832948
-0.00742483
-0.00277596
-0.00279757
-0.00333706
-0.0026801
-0.00276297
-0.00365997
-0.00404581
-0.00434712
0

0
0.00731474
0.00971203
0.0433648
-0.0127612
-0.00637205
-0.00212601
-0.000134207
0.00182044
0.00254682
-0.0273479
0.0216553
-0.00614391
-0.00371416
-0.00303641
-0.00342606
-0.00313149
-0.00318927
-0.00406481
-0.00434456
-0.00461451
0

0
0.00804629
0.00677295
0.032454
-0.00714071
-0.00444619
-0.00145601
0.000349253
0.00165808
0.0039831
-0.0450827
0.0380726
-0.00758165
-0.00451689
-0.00320966
-0.0035811
-0.00356444
-0.00357907
-0.00448407
-0.00465049
-0.00493701
0

0
0.00891443
0.00197626
0.0246307
-0.00311057
-0.00264446
-0.000918592
0.000407758
0.00200793
0.00626091
0.051519
-0.0569438
-0.00994678
-0.00464972
-0.00422816
-0.00376599
-0.00396985
-0.00393176
-0.00479259
-0.00501591
-0.00530551
0

0
0.00991969
-0.0203589
0.0202476
-0.000274892
-0.00116243
-0.00044755
0.000476619
0.00199182
0.00837913
0.0341801
-0.0417362
-0.00921183
-0.00546418
-0.00435934
-0.00394542
-0.00437631
-0.00424241
-0.00509202
-0.00536769
-0.005671
0

0
0.00870096
0.00052942
0.0124176
0.00197775
3.36682e-05
-0.000140819
0.000444623
0.0018659
0.00965844
0.0206322
-0.031049
-0.00255736
-0.00613407
-0.00444106
-0.00402838
-0.00473946
-0.00448407
-0.00539399
-0.00571743
-0.0061086
0

0
0.00765397
0.00356119
-0.00891443
0.00403675
0.00107245
4.42946e-05
0.00031172
3.36682e-05
0.0107983
0
-0.0227068
-0.00727146
-0.00590542
-0.00450014
-0.00409985
-0.00515159
-0.00472907
-0.00574365
-0.00609295
-0.00651712
0

0
0.00682866
0.00414399
0.00719622
0.00403194
0.00192555
-0.000562092
0.0008529
0.00870503
0.00216957
0.00776945
-0.0186629
-0.00758165
-0.00573723
-0.00455877
-0.00413319
-0.00555085
-0.00493855
-0.00612916
-0.00647609
-0.00692999
0

0
0.00614436
0.00384452
0.00974352
0.00407885
0.00250101
0.000771011
0.00102024
0.00709279
0.00235234
0.00684989
-0.0161465
-0.00745767
-0.00558189
-0.00462021
-0.00409442
-0.00547273
-0.0052158
-0.00655106
-0.0068686
-0.00734785
0

0
0.00614436
0.00384452
0.00974352
0.00407885
0.00250101
0.000771011
0.00102024
0.00709279
0.00235234
0.00684989
-0.0161465
-0.00745767
-0.00558189
-0.00462021
-0.00409442
-0.00547273
-0.0052158
-0.00655106
-0.0068686
-0.00734785
0

0
0
0
0
0
0
0
0
0
-0.0461322
0
0
0
0
0
0
0
0
-0.00378844
0
0
0


0
0
0
0
0
0
0
0
0
0
0
0
0
0
0
0
0
0
0
0
0
0

-0.00138872
0.00138872
-0.00157191
-0.0261757
0.033734
0.00386333
-0.00418064
-0.000547998
0.000663399
0.00431175
0.0575298
-0.0580666
-0.00541952
-0.00121706
0.000454881
-0.0186629
0.000551333
-0.0011085
-0.000999194
-0.00152461
0.000900006
0.000900006

-0.0023039
0.0023039
-0.00120048
-0.0564287
0.0729893
0.00229943
-0.00385143
-0.000630761
0.00096578
0.00527757
0.0429429
-0.0478124
-0.00705293
-0.00198517
-0.0004983
-0.00549319
-0.000332762
-0.000726991
-0.00234256
-0.00236213
-0.00536769
-0.00546282

-0.00339629
0.00339629
0.00165878
-0.0947889
0.125808
-0.00182507
-0.00373086
-0.000629838
0.00115829
0.0047845
0.0272535
-0.0335773
-0.00680711
-0.00255736
-0.00128163
-0.00417256
-0.000332762
-0.00129044
-0.00261904
-0.00264245
-0.00433616
-0.00433616

-0.00456026
0.00456026
0.00784959
0.105752
0.00356119
-0.0142334
-0.00375491
-0.000562092
0.0013835
-0.00044755
0.0130454
-0.0203285
-0.00711884
-0.00136858
-0.00192578
-0.00359385
-0.00161747
-0.00181397
-0.00294432
-0.00349227
-0.00414984
-0.00414984

-0.00563349
0.00563349
0.0106631
0.0794021
-0.0306104
-0.0110264
-0.00331257
-0.000442672
0.00158794
0.00308623
0.000150418
-0.00835929
-0.00477539
0
-0.00255654
-0.00337086
-0.00219028
-0.00230187
-0.00328609
-0.00376221
-0.004163
-0.00530551

-0.00654585
0.00654585
0.0110745
0.0585319
-0.0203589
-0.00865457
-0.00275455
-0.000288904
0.0017213
0.00273107
-0.0128201
0.00832948
-0.00742483
-0.00277596
-0.00279757
-0.00333706
-0.0026801
-0.00276297
-0.00365997
-0.00404581
-0.00434712
-0.00434712

-0.00731474
0.00731474
0.00971203
0.0433648
-0.0127612
-0.00637205
-0.00212601
-0.000134207
0.00182044
0.00254682
-0.0273479
0.0216553
-0.00614391
-0.00371416
-0.00303641
-0.00342606
-0.00313149
-0.00318927
-0.00406481
-0.00434456
-0.00461451
-0.00461451

-0.00804629
0.00804629
0.00677295
0.032454
-0.00714071
-0.00444619
-0.00145601
0.000349253
0.00165808
0.0039831
-0.0450827
0.0380726
-0.00758165
-0.00451689
-0.00320966
-0.0035811
-0.00356444
-0.00357907
-0.00448407
-0.00465049
-0.00493701
-0.00493701

-0.00891443
0.00891443
0.00197626
0.0246307
-0.00311057
-0.00264446
-0.000918592
0.000407758
0.00200793
0.00626091
0.051519
-0.0569438
-0.00994678
-0.00464972
-0.00422816
-0.00376599
-0.00396985
-0.00393176
-0.00479259
-0.00501591
-0.00530551
-0.00530551

-0.00991969
0.00991969
-0.0203589
0.0202476
-0.000274892
-0.00116243
-0.00044755
0.000476619
0.00199182
0.00837913
0.0341801
-0.0417362
-0.00921183
-0.00546418
-0.00435934
-0.00394542
-0.00437631
-0.00424241
-0.00509202
-0.00536769
-0.005671
-0.005671

-0.00870096
0.00870096
0.00052942
0.0124176
0.00197775
3.36682e-05
-0.000140819
0.000444623
0.0018659
0.00965844
0.0206322
-0.031049
-0.00255736
-0.00613407
-0.00444106
-0.00402838
-0.00473946
-0.00448407
-0.00539399
-0.00571743
-0.0061086
-0.0061086

-0.00765397
0.00765397
0.00356119
-0.00891443
0.00403675
0.00107245
4.42946e-05
0.00031172
3.36682e-05
0.0107983
0
-0.0227068
-0.00727146
-0.00590542
-0.00450014
-0.00409985
-0.00515159
-0.00472907
-0.00574365
-0.00609295
-0.00651712
-0.00651712

-0.00682866
0.00682866
0.00414399
0.00719622
0.00403194
0.00192555
-0.000562092
0.0008529
0.00870503
0.00216957
0.00776945
-0.0186629
-0.00758165
-0.00573723
-0.00455877
-0.00413319
-0.00555085
-0.00493855
-0.00612916
-0.00647609
-0.00692999
-0.00692999

-0.00614436
0.00614436
0.00384452
0.00974352
0.00407885
0.00250101
0.000771011
0.00102024
0.00709279
0.00235234
0.00684989
-0.0161465
-0.00745767
-0.00558189
-0.00462021
-0.00409442
-0.00547273
-0.0052158
-0.00655106
-0.0068686
-0.00734785
-0.00734785

-0.00481837
0.00614436
0.00384452
0.00974352
0.00407885
0.00250101
0.000771011
0.00102024
0.00709279
0.00235234
0.00684989
-0.0161465
-0.00745767
-0.00558189
-0.00462021
-0.00409442
-0.00547273
-0.0052158
-0.00655106
-0.0068686
-0.00734785
-0.0064388

0
0
0
0
0
0
0
0
0
-0.0335773
0
0
0
0
0
0
0
0
-0.00396985
0
0
0


0
0
0
0
0
0
0
0
0
0
0
0
0
0
0
0
0
0
0
0
0
0

-0.00135655
0.00135655
-0.00802214
-0.0139022
0.0105403
0.0117475
-0.00106653
-0.000255018
0.00100755
0.00293091
0.0408048
-0.0222662
-0.00362885
-0.00111232
-0.000134977
0.0144827
0.000128729
-0.000922373
-0.00122585
-0.00152824
-0.0212026
-0.0212026

-0.00224408
0.00224408
-0.0020564
-0.0247376
0.00540142
0.0165854
-0.000871515
-0.00028022
0.000404762
0.00370299
-0.00127926
-0.0268585
-0.00554279
-0.00186169
-0.000655188
0.00228705
-0.000609596
-0.00109257
-0.00191003
-0.00194632
0.0156042
0.0156042

-0.00327161
0.00327161
0.00189017
-0.0220721
-0.059516
0.010304
-0.000813596
-0.000237985
0.000919035
0.00381889
0.00868035
-0.0216477
-0.00666536
-0.00254662
-0.00129796
-0.00116285
-0.00153062
-0.00149024
-0.00237118
-0.00242218
0.00272723
0.00272723

-0.00434265
0.00434265
0.00638343
0.0355085
-0.0357148
0.00399874
-0.000919301
-0.000166704
0.0012557
0.00398082
0.00567672
-0.0143727
-0.00854939
-0.00322631
-0.00190924
-0.00227318
-0.00180273
-0.00192551
-0.00276556
-0.0030246
-0.00135243
-0.00135243

-0.00534744
0.00534744
0.00905532
0.0431148
-0.0224298
0.000711487
-0.000951188
-5.72093e-05
0.00143568
0.00365193
-0.000394679
-0.00669608
-0.00267097
-0.00547359
-0.00247125
-0.0027243
-0.00222835
-0.00236196
-0.00313313
-0.00346502
-0.00292069
-0.00292069

-0.00621798
0.00621798
0.0101876
0.0384647
-0.0142724
-0.000755834
-0.00086644
7.29435e-05
0.00150789
0.00485444
-0.00693378
0.0014042
-0.00486554
-0.00405173
-0.00278558
-0.00299727
-0.00266948
-0.00279689
-0.00348474
-0.003848
-0.00372153
-0.00372153

-0.00697106
0.00697106
0.0104057
0.0310823
-0.00860013
-0.0011345
-0.000657445
0.000241361
0.00146486
0.000339227
-0.0118761
0.00655557
-0.00496921
-0.00403882
-0.00308244
-0.00323212
-0.00310008
-0.00321629
-0.00377746
-0.00421047
-0.00427094
-0.00427094

-0.00765311
0.00765311
0.0109099
0.0224985
-0.00453865
-0.000915325
-0.000372423
0.00040979
0.00150433
0.00282912
-0.009957
0.0049253
-0.00476658
-0.00439609
-0.00340434
-0.00346165
-0.00351993
-0.00364545
-0.00384905
-0.00456649
-0.0047353
-0.0047353

-0.0082832
0.0082832
0.0147685
0.00922245
-0.00169785
-0.000347121
-5.53068e-05
0.000525558
0.00153198
0.00490242
0.0167985
-0.021396
-0.00890679
-0.00484952
-0.00390814
-0.00370287
-0.00393837
-0.00387853
-0.00452183
-0.00494882
-0.00516154
-0.00516154

-0.00871019
0.00871019
0.0323383
0.0323598
0.00135532
0.00032929
0.000263483
0.000580233
0.0011556
0.0063599
0.0199392
-0.0242255
-0.0125948
-0.00539262
-0.00414407
-0.0038737
-0.00432619
-0.00418685
-0.00493574
-0.00531277
-0.00560832
-0.00560832

-0.00815684
0.00815684
0.0137047
0.0223944
0.00289445
0.00101567
0.000661094
0.000586015
1.94568e-05
0.00686257
0.0202518
-0.021265
-0.0220372
-0.00595326
-0.00430367
-0.00402428
-0.00481451
-0.00446813
-0.00530523
-0.00569398
-0.00603573
-0.00603573

-0.00740654
0.00740654
0.00856227
0.0271906
0.00421689
0.00170298
0.00130039
0.000693695
-0.00375093
0.00649322
0.0291209
-0.0171426
-0.00454375
-0.00551445
-0.00440364
-0.00415546
-0.00556097
-0.00466683
-0.00567656
-0.00608503
-0.00645637
-0.00645637

-0.00669954
0.00669954
0.00666668
0.0112008
0.00426814
0.00230587
0.00287547
0.000936766
0.00240137
0.00398464
0.0137239
-0.0147395
-0.00658071
-0.00548258
-0.00449616
-0.00425839
-0.00805285
-0.00469267
-0.00605977
-0.0064817
-0.00689886
-0.00689886

-0.00606539
0.00606539
0.00577941
0.0165275
0.00444513
0.00280197
0.00204912
0.00103223
0.00350665
0.00303855
0.00867871
-0.0131761
-0.00684075
-0.00538354
-0.00457748
-0.00435006
-0.00218252
-0.00389342
-0.00645194
-0.00688456
-0.00731832
-0.00731832

-0.00476415
0.00606539
0.00577941
0.0165275
0.00444513
0.00280197
0.00204912
0.00103223
0.00350665
0.00303855
0.00867871
-0.0131761
-0.00684075
-0.00538354
-0.00457748
-0.00435006
-0.00218252
-0.00389342
-0.00645194
-0.00688456
-0.00731832
-0.00642023

0
0
0
0
0
0
0
0
0
0
0
0
0
0
0
0
0
0
0
0
0
0


0
0
0
0
0
0
0
0
0
0
0
0
0
0
0
0
0
0
0
0
0
0

-0.00136643
0.00136643
-0.00186941
-0.00588022
0.0038105
0.0279108
0.000193783
-0.000103138
0.000564564
0.00203551
0.0121917
-0.00964096
-0.00259464
-0.00101312
-0.000350549
0.00410266
-0.000387331
-0.000911278
-0.00122865
-0.00142761
-0.00536852
-0.00536852

-0.00220838
0.00220838
-0.000118199
-0.00887476
-0.00165619
0.0410973
0.00149873
-4.07053e-06
0.000611588
0.00264819
0.00405524
-0.0140339
-0.00415231
-0.00173949
-0.000786165
0.00152441
-0.000812288
-0.00122487
-0.00174873
-0.00180569
0.00278367
0.00278367

-0.00315236
0.00315236
0.0025137
-0.00351885
-0.0199005
0.0308755
0.00182683
9.06716e-05
0.000863853
0.00289778
0.0042888
-0.0131805
-0.0051909
-0.00242982
-0.00132008
-0.000486774
-0.00137516
-0.00159668
-0.00221543
-0.00227157
0.000985255
0.000985255

-0.00412037
0.00412037
0.00554016
0.0166597
-0.0179712
0.0197373
0.00159005
0.000186457
0.00112948
0.00296954
0.00269209
-0.00994702
-0.00562584
-0.00313084
-0.00186238
-0.00163181
-0.00180223
-0.00199676
-0.00262624
-0.0027876
-0.00106344
-0.00106344

-0.00504238
0.00504238
0.00778155
0.0245472
-0.0127822
0.011685
0.00120119
0.000284709
0.00129082
0.00288417
-0.000262347
-0.00588747
-0.00429751
-0.00396107
-0.00234866
-0.00228509
-0.00222782
-0.00240696
-0.0030152
-0.00325762
-0.00243615
-0.00243615

-0.0058551
0.0058551
0.00921187
0.0250026
-0.00826328
0.00664949
0.000878211
0.000389315
0.00133748
0.00280818
-0.00319891
-0.00212787
-0.00460591
-0.00391238
-0.0027237
-0.00271781
-0.00265066
-0.00281742
-0.00338005
-0.00368798
-0.00334504
-0.00334504

-0.00656512
0.00656512
0.0101281
0.0224279
-0.00469427
0.00381225
0.000714325
0.000507321
0.00124957
0.00200236
-0.00437623
-0.000485439
-0.00494913
-0.0040305
-0.00305768
-0.0030524
-0.00306673
-0.00321767
-0.00371584
-0.00409475
-0.00401176
-0.00401176

-0.00715743
0.00715743
0.0113319
0.0185873
-0.00195509
0.00240878
0.000683573
0.000579811
0.00138351
0.00265291
-0.00161963
-0.00291559
-0.00584284
-0.00436251
-0.00341196
-0.00336122
-0.00348802
-0.00360998
-0.00403009
-0.00449212
-0.00454876
-0.00454876

-0.00766387
0.00766387
0.0138896
0.015373
0.000184702
0.00183435
0.000736306
0.000662839
0.00127499
0.00390547
0.00764734
-0.0112773
-0.00788942
-0.00470785
-0.00372578
-0.00358962
-0.00384792
-0.00390087
-0.00445757
-0.00487638
-0.00506422
-0.00506422

-0.00788188
0.00788188
0.017944
0.0202501
0.00209734
0.00178064
0.000921541
0.000719507
0.000968696
0.00468144
0.0117724
-0.0146146
-0.010108
-0.00510226
-0.0039883
-0.00382023
-0.00425198
-0.00419728
-0.00486051
-0.00527081
-0.00551047
-0.00551047

-0.00759161
0.00759161
0.0131563
0.0186502
0.00335002
0.00198462
0.00120754
0.000751291
0.000403207
0.00501952
0.0134855
-0.014386
-0.0120561
-0.00537643
-0.0041717
-0.00400681
-0.00469026
-0.00449244
-0.00524756
-0.00566607
-0.00596845
-0.00596845

-0.0070702
0.0070702
0.00981236
0.0180474
0.00417702
0.00233417
0.00164135
0.000828959
-0.000382974
0.00476281
0.0152861
-0.0128651
-0.00782111
-0.00531588
-0.00430783
-0.00417675
-0.00519547
-0.00472166
-0.00562972
-0.0060688
-0.00641104
-0.00641104

-0.00649759
0.00649759
0.00787377
0.0133771
0.00442971
0.0027218
0.00221488
0.000950288
0.00119599
0.00382167
0.0105708
-0.0114392
-0.00696415
-0.00526612
-0.00442391
-0.00433198
-0.00570201
-0.00487484
-0.00601973
-0.00647701
-0.00685244
-0.00685244

-0.00593525
0.00593525
0.00680937
0.0128783
0.00450964
0.00310637
0.00224726
0.00101474
0.00180034
0.00295345
0.00768489
-0.0105564
-0.00662136
-0.00518422
-0.0045233
-0.00448189
-0.004495
-0.00493832
-0.00642611
-0.0068923
-0.00728621
-0.00728621

-0.00467171
0.00593525
0.00680937
0.0128783
0.00450964
0.00310637
0.00224726
0.00101474
0.00180034
0.00295345
0.00768489
-0.0105564
-0.00662136
-0.00518422
-0.0045233
-0.00448189
-0.004495
-0.00493832
-0.00642611
-0.0068923
-0.00728621
-0.00640211

0
0
0
0
0
0
0
0
0
0
0
0
0
0
0
0
0
0
0
0
0
0


0
0
0
0
0
0
0
0
0
0
0
0
0
0
0
0
0
0
0
0
0
0

-0.0013762
0.0013762
0.000180959
-0.00163993
0.0056335
0.0966043
-0.000118133
-6.38505e-05
0.000414762
0.00142761
0.00399099
-0.00469302
-0.00192151
-0.000929737
-0.000466221
0.00102454
-0.000600629
-0.000929157
-0.00120439
-0.00135061
-0.00196332
-0.00196332

-0.00216852
0.00216852
0.00119001
-0.00179762
0.00297293
0.0775463
0.00299346
0.000167202
0.000573179
0.00196133
0.00265892
-0.00757924
-0.00309358
-0.00159349
-0.000873948
0.000381749
-0.00094867
-0.00128414
-0.00166907
-0.00175541
-0.000171942
-0.000171942

-0.00302757
0.00302757
0.00295214
0.00202202
-0.00414861
0.0549635
0.00388585
0.000329608
0.00082565
0.00213955
0.00223656
-0.00802086
-0.0039983
-0.00222914
-0.00133957
-0.000620706
-0.00138056
-0.00165468
-0.00212072
-0.00219656
-0.0004758
-0.0004758

-0.00389598
0.00389598
0.00503149
0.0102332
-0.00598189
0.0349193
0.00357505
0.000464836
0.0010093
0.00223621
0.0013879
-0.00690038
-0.00438318
-0.00282913
-0.00182208
-0.00145528
-0.00180201
-0.00203959
-0.00253078
-0.00266707
-0.00144712
-0.00144712

-0.00472881
0.00472881
0.00680118
0.0153223
-0.00498596
0.0212052
0.00291191
0.000555016
0.00116356
0.00219383
3.89599e-05
-0.00509116
-0.00423664
-0.00335318
-0.00226597
-0.00206988
-0.00221976
-0.00243703
-0.00293156
-0.00313056
-0.00240747
-0.00240747

-0.00547062
0.00547062
0.00818637
0.0168882
-0.00320535
0.0127603
0.00227882
0.000639587
0.00119675
0.00206938
-0.00119197
-0.00347225
-0.00442259
-0.00361416
-0.00264996
-0.00253828
-0.0026298
-0.00283106
-0.00331362
-0.00357521
-0.00320671
-0.00320671

-0.00610528
0.00610528
0.00921873
0.0165225
-0.00137842
0.0078446
0.00184171
0.000723381
0.00112009
0.00215229
-0.00129872
-0.00302168
-0.00484818
-0.00387906
-0.00301583
-0.00293385
-0.00304703
-0.00323011
-0.00368824
-0.00400483
-0.00385963
-0.00385963

-0.00665198
0.00665198
0.0103201
0.0152115
0.000226987
0.00507655
0.00151807
0.000738086
0.00130947
0.00237042
0.000429275
-0.00440261
-0.0056018
-0.00415196
-0.00330954
-0.00322384
-0.00340496
-0.00357395
-0.00403721
-0.00441017
-0.00445215
-0.00445215

-0.00702919
0.00702919
0.0116457
0.0142935
0.00161633
0.00365277
0.00142163
0.000807735
0.0011066
0.00304556
0.0043384
-0.00765458
-0.00684272
-0.00448606
-0.00361325
-0.00351979
-0.00378925
-0.00391775
-0.00443751
-0.00482802
-0.0049541
-0.0049541

-0.00718416
0.00718416
0.0126734
0.0152213
0.00280371
0.00300474
0.00145146
0.000851862
0.000921438
0.00354634
0.00694761
-0.00960746
-0.00795229
-0.00477512
-0.00386003
-0.00376241
-0.00415847
-0.00421814
-0.00482236
-0.00522864
-0.00543676
-0.00543676

-0.00703039
0.00703039
0.0111803
0.0147496
0.00367246
0.00280835
0.00159307
0.000863677
0.000720694
0.00368501
0.00840878
-0.0100539
-0.00853648
-0.0049765
-0.00405311
-0.00397481
-0.00453348
-0.00452998
-0.00521
-0.00563478
-0.00590832
-0.00590832

-0.00667478
0.00667478
0.00941879
0.0138383
0.00423188
0.00288581
0.00184
0.000912894
0.000498715
0.00360814
0.00886899
-0.00958643
-0.00743159
-0.0050398
-0.00421326
-0.00417387
-0.00489428
-0.00480861
-0.00559842
-0.00604838
-0.00636313
-0.00636313

-0.00622865
0.00622865
0.00803004
0.0119691
0.00447303
0.00309238
0.00212039
0.000969436
0.000913985
0.00314578
0.00711527
-0.00885581
-0.00670693
-0.00502956
-0.00434742
-0.00436093
-0.00515326
-0.00507077
-0.00599386
-0.00646676
-0.00681193
-0.00681193

-0.00574917
0.00574917
0.00708715
0.0108716
0.00453247
0.00337354
0.00227925
0.00100839
0.00109331
0.00247858
0.00568877
-0.00840276
-0.00628062
-0.00497061
-0.00445904
-0.00454651
-0.00506269
-0.00536407
-0.00640293
-0.00689117
-0.00725795
-0.00725795

-0.00455025
0.00574917
0.00708715
0.0108716
0.00453247
0.00337354
0.00227925
0.00100839
0.00109331
0.00247858
0.00568877
-0.00840276
-0.00628062
-0.00497061
-0.00445904
-0.00454651
-0.00506269
-0.00536407
-0.00640293
-0.00689117
-0.00725795
-0.0064042

0
0
0
0
0
0
0
0
0
0
0
0
0
0
0
0
0
0
0
0
0
0


0
0
0
0
0
1
0
0
0
0
0
0
0
0
0
0
0
0
0
0
0
0

-0.0013646
0.0013646
0.000915109
0.000361342
0.012694
0.455644
-0.0025273
-0.000147354
0.00032944
0.00100369
0.00151883
-0.00256877
-0.00146024
-0.000842491
-0.000515884
1.56443e-05
-0.000690955
-0.000940825
-0.00118063
-0.00131505
-0.00130683
-0.00130683

-0.00211075
0.00211075
0.0018064
0.00112481
0.00820525
0.196391
0.00401815
0.00024558
0.000505061
0.00140795
0.00146913
-0.00442118
-0.00238999
-0.00144119
-0.000913579
-0.000288551
-0.00102917
-0.00131127
-0.00162122
-0.00172802
-0.00102664
-0.00102664

-0.00289192
0.00289192
0.00311064
0.00359337
0.00342938
0.0920567
0.00524335
0.000483307
0.000740794
0.00160032
0.00114339
-0.00506243
-0.00317122
-0.00202044
-0.00134146
-0.000865168
-0.00141142
-0.00168227
-0.00205784
-0.0021569
-0.00125452
-0.00125452

-0.0036706
0.0036706
0.00462092
0.00751065
0.000859869
0.0483411
0.00479172
0.000643476
0.000885063
0.0017444
0.000664378
-0.00485379
-0.00361309
-0.00254944
-0.00178163
-0.00146225
-0.00180897
-0.00206181
-0.00246553
-0.00260342
-0.00184186
-0.00184186

-0.00441573
0.00441573
0.00600342
0.0105522
0.000135446
0.0275094
0.00396026
0.000732673
0.0010478
0.00170285
0.000164455
-0.00425217
-0.00383947
-0.00299777
-0.00219712
-0.00198842
-0.00221162
-0.00245267
-0.00287116
-0.00305482
-0.00253519
-0.00253519

-0.0050734
0.0050734
0.0071886
0.0120332
0.000386559
0.0164838
0.00317825
0.000820869
0.00109221
0.00162306
-0.000240897
-0.00371123
-0.00412734
-0.00335192
-0.00259264
-0.00245249
-0.00262197
-0.00284723
-0.00327026
-0.00350137
-0.00319729
-0.00319729

-0.00566595
0.00566595
0.008143
0.0125039
0.00105583
0.0102821
0.00253922
0.000857053
0.00104366
0.00189983
-5.81884e-05
-0.00362882
-0.00451497
-0.0036235
-0.00290747
-0.00280446
-0.00297714
-0.00319905
-0.00363519
-0.00392215
-0.0038244
-0.0038244

-0.00612664
0.00612664
0.0090037
0.0122439
0.00185978
0.00680958
0.00212893
0.000876512
0.00118067
0.00193052
0.000914469
-0.0044216
-0.0051259
-0.00393185
-0.00322779
-0.00315123
-0.00336935
-0.003582
-0.00403072
-0.00436474
-0.0043758
-0.0043758

-0.00644549
0.00644549
0.00973419
0.0120254
0.00263739
0.00486609
0.00190049
0.000923338
0.000977026
0.00240744
0.00264772
-0.0057922
-0.00589144
-0.00422891
-0.0035094
-0.00345082
-0.0037263
-0.00392063
-0.0044156
-0.00477907
-0.00488852
-0.00488852

-0.00657857
0.00657857
0.0100613
0.0121463
0.00334037
0.00385987
0.00183018
0.000935368
0.000906697
0.00267143
0.00410047
-0.00685948
-0.00648461
-0.00446614
-0.00374843
-0.00370587
-0.0040746
-0.00423819
-0.00479577
-0.00518851
-0.00538118
-0.00538118

-0.0065022
0.0065022
0.00949042
0.0118582
0.00390404
0.00340852
0.00186223
0.000935966
0.000828306
0.00273881
0.00507234
-0.00732868
-0.00681147
-0.00465386
-0.00394953
-0.00393929
-0.00441401
-0.00456496
-0.00518378
-0.0056046
-0.00585808
-0.00585808

-0.00626057
0.00626057
0.00856255
0.011199
0.00427629
0.00330127
0.00199023
0.00096452
0.000729192
0.00270654
0.00520716
-0.00723095
-0.00651265
-0.00475789
-0.00412382
-0.00415866
-0.0047307
-0.00488139
-0.00557604
-0.00602608
-0.00631958
-0.00631958

-0.00591607
0.00591607
0.00765092
0.0102206
0.0044644
0.00338162
0.00215475
0.000994548
0.000791335
0.00239696
0.00445561
-0.00691805
-0.00611713
-0.00478487
-0.00427262
-0.00436849
-0.00499406
-0.00520024
-0.00597518
-0.00645255
-0.00677246
-0.00677246

-0.00552669
0.00552669
0.0069126
0.00933024
0.00450257
0.00356069
0.0023113
0.00102313
0.000745276
0.00183648
0.00411805
-0.006847
-0.00589471
-0.00474826
-0.00436024
-0.00454009
-0.00515199
-0.00552091
-0.00635737
-0.00686777
-0.00724991
-0.00724991

-0.00436233
0.00552669
0.0069126
0.00933024
0.00450257
0.00356069
0.0023113
0.00102313
0.000745276
0.00183648
0.00411805
-0.006847
-0.00589471
-0.00474826
-0.00436024
-0.00454009
-0.00515199
-0.00552091
-0.00635737
-0.00686777
-0.00724991
-0.00636579

0
0
0
0
0
0
0
0
0
0
0
0
0
0
0
0
0
0
0
0
0
0


0
0
0
0
0
0
0
0
0
0
0
0
0
0
0
0
0
0
0
0
0
0

-0.00133808
0.00133808
0.00116425
0.00108797
0.00718213
0.0749745
0.000405356
2.3502e-05
0.000261975
0.000756642
0.000724045
-0.00158531
-0.00116635
-0.000760726
-0.000526993
-0.000344565
-0.000727765
-0.000943547
-0.00116129
-0.00129855
-0.00123982
-0.00123982

-0.00203256
0.00203256
0.00201378
0.00210064
0.00729217
0.0843636
0.00387733
0.000320667
0.000446902
0.00102855
0.000966213
-0.0028502
-0.00196493
-0.00132112
-0.00092572
-0.000627279
-0.00107368
-0.00132281
-0.00158984
-0.00171324
-0.0013711
-0.0013711

-0.00274271
0.00274271
0.00306017
0.00378585
0.00542108
0.0619645
0.00504233
0.000548884
0.000666556
0.0012257
0.000737886
-0.00343931
-0.00263695
-0.00185666
-0.00133663
-0.00105047
-0.00143836
-0.00169544
-0.00201532
-0.00213593
-0.00166281
-0.00166281

-0.00344235
0.00344235
0.00421924
0.00597227
0.00372015
0.0404749
0.0048472
0.000715781
0.000804007
0.00137934
0.000381061
-0.00354455
-0.00308496
-0.00233834
-0.00175021
-0.00151637
-0.00181951
-0.00207458
-0.00242235
-0.00257021
-0.00212663
-0.00212663

-0.0041
0.0041
0.00530267
0.00784539
0.00277231
0.0257367
0.00418615
0.000825579
0.000958921
0.00138709
7.30498e-05
-0.00343769
-0.00341233
-0.00276255
-0.00215873
-0.00198363
-0.00221813
-0.00246879
-0.00283357
-0.00301327
-0.00267543
-0.00267543

-0.00470606
0.00470606
0.00629156
0.00903047
0.00244491
0.0164221
0.00343102
0.000898492
0.00101399
0.00135309
-4.45351e-05
-0.00331492
-0.00368803
-0.0030842
-0.00250177
-0.00237392
-0.00257402
-0.00282253
-0.00321262
-0.00343855
-0.00325721
-0.00325721

-0.00522438
0.00522438
0.00710191
0.00968542
0.00256055
0.0107526
0.00285114
0.000949798
0.000929839
0.00157038
0.000152528
-0.00343189
-0.00409325
-0.00339329
-0.0028336
-0.00274922
-0.00295608
-0.00320532
-0.00361161
-0.00388481
-0.00381449
-0.00381449

-0.00563341
0.00563341
0.0077671
0.00984092
0.00287095
0.00735457
0.00241698
0.000955622
0.00103417
0.00157973
0.000647835
-0.00387176
-0.00455061
-0.00369341
-0.00314218
-0.00308977
-0.00333127
-0.00358225
-0.00401081
-0.00432139
-0.00434217
-0.00434217

-0.00591503
0.00591503
0.00824735
0.00988414
0.00327028
0.00536368
0.00215333
0.000979042
0.000902896
0.0018668
0.00139861
-0.00452477
-0.00502455
-0.00395604
-0.00341186
-0.0033928
-0.00367206
-0.00392022
-0.00439209
-0.00473758
-0.0048484
-0.0048484

-0.00604625
0.00604625
0.00841151
0.00991142
0.00367031
0.0042668
0.00203805
0.000980742
0.000870734
0.00196016
0.00225429
-0.00516315
-0.00542083
-0.00417081
-0.00364447
-0.00365426
-0.00400739
-0.0042532
-0.00477357
-0.00515386
-0.00534094
-0.00534094

-0.00601828
0.00601828
0.00817052
0.00971755
0.00402502
0.00372556
0.00201567
0.000978917
0.000793632
0.00202736
0.0028315
-0.00553026
-0.00569008
-0.0043608
-0.00385281
-0.00390249
-0.00433204
-0.0045916
-0.00516346
-0.00557701
-0.00581654
-0.00581654

-0.00585509
0.00585509
0.00766265
0.00929134
0.0042714
0.00353603
0.00208277
0.000989805
0.000741919
0.00197749
0.0028364
-0.00556242
-0.00563081
-0.00448455
-0.00403807
-0.0041367
-0.00464116
-0.00493131
-0.00555916
-0.00600443
-0.00628057
-0.00628057

-0.00560405
0.00560405
0.00707707
0.00869748
0.00439689
0.0035266
0.00220051
0.00101443
0.000660245
0.00168971
0.00281027
-0.00558353
-0.00550101
-0.00451397
-0.00414956
-0.00431566
-0.00488061
-0.00523231
-0.00592464
-0.00641263
-0.00676795
-0.00676795

-0.00526473
0.00526473
0.00650923
0.00805819
0.00444814
0.00368658
0.0023212
0.00101541
0.000559667
0.00146971
0.00215059
-0.00540421
-0.00533099
-0.00456092
-0.00431492
-0.00455435
-0.00516417
-0.00561282
-0.00634417
-0.00686774
-0.00719291
-0.00719291

-0.00416339
0.00526473
0.00650923
0.00805819
0.00444814
0.00368658
0.0023212
0.00101541
0.000559667
0.00146971
0.00215059
-0.00540421
-0.00533099
-0.00456092
-0.00431492
-0.00455435
-0.00516417
-0.00561282
-0.00634417
-0.00686774
-0.00719291
-0.00633304

0
0
0
0
0
0
0
0
0
0
0
0
0
0
0
0
0
0
0
0
0
0


0
0
0
0
0
0
0
0
0
0
0
0
0
0
0
0
0
0
0
0
0
0

-0.00129631
0.00129631
0.00121701
0.00125446
0.00409923
0.0355199
0.00166458
7.73238e-05
0.000225254
0.000677354
0.000490702
-0.00107495
-0.00102723
-0.000724318
-0.000534124
-0.000487993
-0.000744777
-0.000944656
-0.00114845
-0.00129242
-0.00127773
-0.00127773

-0.00193954
0.00193954
0.0020097
0.00223587
0.00537716
0.0440106
0.0034141
0.000328409
0.00041086
0.000870617
0.000581078
-0.00188133
-0.00167891
-0.00124163
-0.000932103
-0.000795546
-0.00109893
-0.0013286
-0.00156932
-0.00170672
-0.00154793
-0.00154793

-0.00258744
0.00258744
0.0028846
0.00348027
0.00506009
0.0381519
0.0041909
0.000538325
0.000613149
0.00102828
0.000296941
-0.00230792
-0.00220963
-0.0017244
-0.0013286
-0.00116598
-0.001456
-0.00170044
-0.00198508
-0.00212468
-0.00188842
-0.00188842

-0.00321265
0.00321265
0.00380883
0.0048664
0.004287
0.0286152
0.0041662
0.000712858
0.000737645
0.0011692
-0.000138137
-0.00246751
-0.00259059
-0.00216485
-0.00173228
-0.00157682
-0.00183599
-0.00208763
-0.00239637
-0.00255359
-0.00231217
-0.00231217

-0.00381009
0.00381009
0.00469157
0.00610021
0.00363931
0.0200929
0.00371749
0.00081676
0.000888999
0.00116475
-0.000392341
-0.00254469
-0.00287569
-0.00252561
-0.00209578
-0.0019699
-0.0021912
-0.00244864
-0.00278479
-0.00297448
-0.00280056
-0.00280056

-0.00435205
0.00435205
0.00549932
0.00700197
0.00329076
0.0138058
0.00319796
0.000916204
0.000906105
0.00106967
-0.000317992
-0.00271494
-0.00318134
-0.00284121
-0.00243369
-0.00234638
-0.00256015
-0.00282398
-0.0031836
-0.00341185
-0.00331661
-0.00331661

-0.00481613
0.00481613
0.00617116
0.00764335
0.00322712
0.0095622
0.00275159
0.000955885
0.000846022
0.00118376
-1.62585e-05
-0.00297038
-0.00359939
-0.00315586
-0.00275515
-0.0027062
-0.00293175
-0.00320224
-0.00358549
-0.00385184
-0.00382841
-0.00382841

-0.00518526
0.00518526
0.00670882
0.0079515
0.0033429
0.0068531
0.00240451
0.000964897
0.000913751
0.00119676
0.000263833
-0.00330485
-0.00396846
-0.00344524
-0.00305463
-0.00304203
-0.00329638
-0.00357899
-0.0039891
-0.00428774
-0.00433323
-0.00433323

-0.00544203
0.00544203
0.00707723
0.00810588
0.00355025
0.00518935
0.00218213
0.000988692
0.000827585
0.00129526
0.000750987
-0.00374222
-0.00433123
-0.00369381
-0.00331806
-0.00334362
-0.00362725
-0.00391818
-0.00436955
-0.00470327
-0.0048259
-0.0048259

-0.00557652
0.00557652
0.00721675
0.00816937
0.00379292
0.00424294
0.00208488
0.000987632
0.000806618
0.00132318
0.00122373
-0.00415218
-0.00464838
-0.00390495
-0.00355045
-0.00361048
-0.00395774
-0.0042635
-0.00475529
-0.00512498
-0.00531205
-0.00531205

-0.00558315
0.00558315
0.00712327
0.00807792
0.00402997
0.00376369
0.00205998
0.000987847
0.0007245
0.00137982
0.00153952
-0.00441308
-0.0049007
-0.00410221
-0.00376594
-0.00386818
-0.00427636
-0.00460918
-0.0051468
-0.0055517
-0.005784
-0.005784

-0.00548516
0.00548516
0.00683955
0.00782656
0.00418449
0.00355778
0.00211329
0.00100002
0.000635252
0.00134518
0.00160277
-0.00449848
-0.00493751
-0.00419619
-0.00390042
-0.00405765
-0.00453107
-0.0049072
-0.00549956
-0.00595181
-0.00627785
-0.00627785

-0.00528482
0.00528482
0.00646573
0.00745841
0.00431395
0.00357268
0.00219225
0.00100636
0.000576136
0.00123836
0.00128196
-0.00446916
-0.00490399
-0.00432376
-0.00410788
-0.00431985
-0.00485007
-0.00528244
-0.00591932
-0.0064122
-0.00670672
-0.00670672

-0.00501172
0.00501172
0.00604032
0.00703475
0.00437081
0.00372059
0.00231601
0.0010054
0.000492399
0.000904995
0.00107369
-0.00453278
-0.00484791
-0.0043902
-0.00427844
-0.0045639
-0.00515535
-0.00566281
-0.00633959
-0.00686071
-0.00714952
-0.00714952

-0.00396864
0.00501172
0.00604032
0.00703475
0.00437081
0.00372059
0.00231601
0.0010054
0.000492399
0.000904995
0.00107369
-0.00453278
-0.00484791
-0.0043902
-0.00427844
-0.0045639
-0.00515535
-0.00566281
-0.00633959
-0.00686071
-0.00714952
-0.00630817

0
0
0
0
0
0
0
0
0
0
0
0
0
0
0
0
0
0
0
0
0
0


0
0
0
0
0
0
0
0
0
0
0
0
0
0
0
0
0
0
0
0
0
0

-0.001248
0.001248
0.00119124
0.00117933
0.00244026
0.0163977
0.00132038
6.08529e-05
0.000210776
0.000728549
-7.40552e-05
-0.000489867
-0.000843204
-0.000696147
-0.000541041
-0.000550168
-0.000753024
-0.000944555
-0.00113948
-0.00128958
-0.00131867
-0.00131867

-0.00184238
0.00184238
0.0019036
0.00204922
0.00363639
0.0226231
0.00242639
0.000271009
0.000421748
0.000789505
-0.000166044
-0.00102074
-0.00132458
-0.0011577
-0.000932244
-0.000879617
-0.00111097
-0.00132946
-0.00155388
-0.00170259
-0.00165043
-0.00165043

-0.00242951
0.00242951
0.00265003
0.00297842
0.00390289
0.0217646
0.00298128
0.000472039
0.000572573
0.000815251
-0.000200422
-0.00149341
-0.00177478
-0.00159829
-0.00132407
-0.00124041
-0.00147322
-0.00170788
-0.00196664
-0.00211906
-0.00201977
-0.00201977

-0.0029993
0.0029993
0.00341363
0.00394625
0.0037186
0.0178824
0.00304876
0.000625646
0.000709264
0.000842972
-0.000338141
-0.00181855
-0.00211998
-0.00198319
-0.00169712
-0.00160749
-0.0018264
-0.00207482
-0.00236132
-0.00253255
-0.00243592
-0.00243592

-0.00354089
0.00354089
0.00414031
0.0048156
0.00345867
0.0135765
0.00285332
0.000748657
0.000813053
0.00075925
-0.00035432
-0.00208824
-0.0024285
-0.00230797
-0.00203784
-0.00196814
-0.00218125
-0.00244211
-0.00275552
-0.00295605
-0.00289421
-0.00289421

-0.00402928
0.00402928
0.0048063
0.00551852
0.00329882
0.00998712
0.00258539
0.000849006
0.000818617
0.000667481
-0.000199595
-0.00235518
-0.00278913
-0.00262632
-0.00236597
-0.00232824
-0.00254579
-0.00281981
-0.00315844
-0.00339174
-0.00337006
-0.00337006

-0.00444881
0.00444881
0.00536715
0.00608855
0.00328563
0.0073589
0.00233557
0.000904681
0.000740604
0.000829621
-0.000142121
-0.00254568
-0.00316302
-0.00293772
-0.00267904
-0.00267401
-0.00290812
-0.00319626
-0.00356219
-0.00382608
-0.00385133
-0.00385133

-0.00478612
0.00478612
0.00582103
0.00644317
0.00338762
0.00560384
0.00214347
0.000923859
0.000790191
0.000822861
-3.80667e-05
-0.00279873
-0.00347134
-0.00321769
-0.00297375
-0.00300349
-0.00326666
-0.00357336
-0.00396844
-0.00426039
-0.00433496
-0.00433496

-0.00502755
0.00502755
0.00613459
0.00666246
0.00354803
0.00449127
0.00202374
0.000958315
0.00072783
0.000858925
0.000182891
-0.0030919
-0.00375454
-0.00345298
-0.0032314
-0.003301
-0.00359017
-0.00391294
-0.00434799
-0.00467451
-0.0048144
-0.0048144

-0.00516636
0.00516636
0.00628184
0.00678838
0.00374062
0.00386433
0.00199239
0.000963256
0.000708164
0.000842748
0.000423866
-0.00338021
-0.00403071
-0.00366507
-0.0034652
-0.00357246
-0.00391852
-0.00426727
-0.00473798
-0.00509994
-0.0052908
-0.0052908

-0.00520192
0.00520192
0.00626996
0.00677519
0.00390441
0.00352912
0.00200753
0.000978789
0.000570916
0.000918041
0.000704068
-0.00359059
-0.00426922
-0.00382236
-0.00362616
-0.00377933
-0.00417693
-0.00455981
-0.00508119
-0.00549269
-0.00578147
-0.00578147

-0.00514449
0.00514449
0.00613648
0.0066823
0.00408317
0.00345489
0.00206399
0.000980409
0.000552656
0.00097923
0.000402434
-0.00359627
-0.00436546
-0.00401516
-0.00386298
-0.00405898
-0.00451151
-0.00493918
-0.00550048
-0.00595547
-0.00622207
-0.00622207

-0.00499747
0.00499747
0.00589182
0.00647929
0.00419848
0.00350856
0.0021576
0.000977593
0.000548516
0.000721884
0.000348463
-0.0037497
-0.00438392
-0.00413806
-0.00406183
-0.00431428
-0.00482705
-0.00530942
-0.00591454
-0.00640033
-0.00666778
-0.00666778

-0.00477629
0.00477629
0.00558573
0.00620028
0.00427021
0.00366786
0.00228201
0.000996271
0.000437778
0.000463902
0.000204483
-0.00386
-0.00441611
-0.00422986
-0.00424108
-0.00456433
-0.00513996
-0.00568665
-0.00633282
-0.00684459
-0.00711503
-0.00711503

-0.00379009
0.00477629
0.00558573
0.00620028
0.00427021
0.00366786
0.00228201
0.000996271
0.000437778
0.000463902
0.000204483
-0.00386
-0.00441611
-0.00422986
-0.00424108
-0.00456433
-0.00513996
-0.00568665
-0.00633282
-0.00684459
-0.00711503
-0.00628681

0
0
0
0
0
0
0
0
0
0
0
0
0
0
0
0
0
0
0
0
0
0


0
0
0
0
0
0
0
0
0
0
0
0
0
0
0
0
0
0
0
0
0
0

-0.00120057
0.00120057
0.00112485
0.00103969
0.00135379
0.00661172
0.000667531
1.64312e-05
0.000256282
0.000598066
-0.000307315
-0.00021711
-0.000637026
-0.000655812
-0.000546104
-0.000581873
-0.000757175
-0.000944282
-0.00113233
-0.0012862
-0.00134718
-0.00134718

-0.00174455
0.00174455
0.00175942
0.00171157
0.00214117
0.00981138
0.00126323
0.000189594
0.000403979
0.00056536
-0.000249284
-0.000707921
-0.00105631
-0.00107714
-0.000933166
-0.000929212
-0.00112196
-0.00133295
-0.00154426
-0.00169892
-0.00171402
-0.00171402

-0.00228381
0.00228381
0.00239721
0.00241923
0.0025186
0.0100994
0.00160281
0.000346688
0.000551816
0.000538604
-0.000224737
-0.00111386
-0.00145027
-0.00147369
-0.00130722
-0.001278
-0.00146993
-0.00169742
-0.00194107
-0.00210581
-0.00210316
-0.00210316

-0.00280685
0.00280685
0.00303397
0.00312973
0.00265526
0.00888147
0.00173653
0.000497664
0.00064147
0.000533431
-0.000363736
-0.00138918
-0.00175341
-0.00181112
-0.00165531
-0.00161941
-0.00181967
-0.00206564
-0.0023359
-0.00251951
-0.00252194
-0.00252194

-0.00329658
0.00329658
0.00364547
0.00377412
0.00272444
0.00725551
0.00175814
0.000621059
0.000717911
0.000445009
-0.000412549
-0.00163954
-0.0020765
-0.00212482
-0.00198465
-0.00196892
-0.00217272
-0.00243628
-0.00273353
-0.00294478
-0.00296009
-0.00296009

-0.00374187
0.00374187
0.00419714
0.00434388
0.00280613
0.00577757
0.00173297
0.000734996
0.00068542
0.000448325
-0.000430549
-0.00185316
-0.0024143
-0.00243814
-0.0023033
-0.00231254
-0.0025304
-0.00281303
-0.00313667
-0.00337446
-0.00341161
-0.00341161

-0.00412647
0.00412647
0.0046796
0.00483679
0.00295153
0.00465772
0.00171143
0.000802395
0.00064409
0.000551063
-0.000494301
-0.00204467
-0.0027186
-0.00273153
-0.00260663
-0.00264526
-0.00288503
-0.00318663
-0.00353998
-0.00380441
-0.00387354
-0.00387354

-0.00444081
0.00444081
0.00507263
0.00521541
0.00314768
0.00391492
0.0017076
0.000845709
0.000668409
0.000499509
-0.000372655
-0.00231419
-0.00301337
-0.00300589
-0.00289705
-0.00296876
-0.00323719
-0.00356264
-0.00394616
-0.00423666
-0.00433991
-0.00433991

-0.00467076
0.00467076
0.00536179
0.00547828
0.0033567
0.0034589
0.00173286
0.000900895
0.000602693
0.000499568
-0.000259575
-0.00256847
-0.00326534
-0.00323381
-0.00315142
-0.00326407
-0.00355835
-0.00390601
-0.00432743
-0.00465057
-0.00480709
-0.00480709

-0.0048123
0.0048123
0.00551964
0.0056504
0.00354083
0.00321005
0.00179687
0.000917829
0.000561684
0.000437608
6.69683e-05
-0.00284012
-0.00354249
-0.00341432
-0.0033364
-0.00348939
-0.00383113
-0.00420877
-0.00467201
-0.0050418
-0.00528806
-0.00528806

-0.00487475
0.00487475
0.00558718
0.00574276
0.00376445
0.00317371
0.00187833
0.00093201
0.000509171
0.000574871
-3.25873e-05
-0.00293624
-0.00379951
-0.00365685
-0.00358516
-0.00377266
-0.0041632
-0.00457973
-0.00508182
-0.00549604
-0.00574063
-0.00574063

-0.00484951
0.00484951
0.00553161
0.00576328
0.00393202
0.00322827
0.00197324
0.00093822
0.000526939
0.000550807
-0.000389587
-0.00297734
-0.00385795
-0.00383247
-0.00381374
-0.00404482
-0.00448897
-0.00495029
-0.00549301
-0.00594076
-0.00618564
-0.00618564

-0.00474535
0.00474535
0.00539405
0.00567785
0.00406481
0.00336031
0.0020906
0.000964817
0.000496527
0.000265538
-0.000232402
-0.00324453
-0.00398275
-0.00397769
-0.00401957
-0.00430759
-0.00480904
-0.00532216
-0.00590755
-0.00638263
-0.00663532
-0.00663532

-0.00457045
0.00457045
0.00518095
0.00553023
0.00415921
0.00355371
0.0022271
0.000992888
0.000357289
0.000143365
-0.000524745
-0.00330889
-0.00404147
-0.00408881
-0.00420718
-0.00456295
-0.00512603
-0.00569793
-0.00632512
-0.00682618
-0.00708527
-0.00708527

-0.00363618
0.00457045
0.00518095
0.00553023
0.00415921
0.00355371
0.0022271
0.000992888
0.000357289
0.000143365
-0.000524745
-0.00330889
-0.00404147
-0.00408881
-0.00420718
-0.00456295
-0.00512603
-0.00569793
-0.00632512
-0.00682618
-0.00708527
-0.00626726

0
0
0
0
0
0
0
0
0
0
0
0
0
0
0
0
0
0
0
0
0
0


0
0
0
0
0
0
0
0
0
0
0
0
0
0
0
0
0
0
0
0
0
0

-0.00115307
0.00115307
0.00105321
0.000836727
0.000470687
0.000159882
-4.45722e-05
-2.59178e-05
0.000225305
0.000461108
-0.000193503
-0.000171214
-0.000512383
-0.000616964
-0.000551189
-0.000602457
-0.000761889
-0.000945463
-0.00112733
-0.00128153
-0.00136573
-0.00136573

-0.0016563
0.0016563
0.0016012
0.00134631
0.000767328
0.000360263
3.86033e-05
6.84001e-05
0.000400721
0.000426281
-0.000478861
-0.000360696
-0.000831398
-0.000999682
-0.000926535
-0.000955013
-0.00111851
-0.00132436
-0.00152752
-0.00168886
-0.00175462
-0.00175462

-0.00215621
0.00215621
0.00214459
0.00186648
0.00106497
0.000615044
0.000157522
0.000203257
0.000477025
0.000400006
-0.000617999
-0.000599608
-0.00113039
-0.00134837
-0.00128202
-0.00129088
-0.00146538
-0.00168758
-0.00191955
-0.00209551
-0.00216066
-0.00216066

-0.00263355
0.00263355
0.00268546
0.00238223
0.00138944
0.000913865
0.000335747
0.000332484
0.00056501
0.000283197
-0.000591947
-0.000922036
-0.00142189
-0.00165792
-0.00161464
-0.00162908
-0.00181236
-0.00205864
-0.00231581
-0.0025108
-0.00257771
-0.00257771

-0.00308374
0.00308374
0.00319797
0.0028636
0.00173144
0.00122378
0.000547761
0.000462974
0.000605738
0.000168635
-0.000441436
-0.00125226
-0.00177445
-0.00196931
-0.0019355
-0.00196548
-0.00216468
-0.00243103
-0.00271505
-0.00293319
-0.00300584
-0.00300584

-0.00349372
0.00349372
0.00366534
0.00332394
0.00207994
0.00151521
0.000765614
0.000585139
0.000579937
0.000189302
-0.000505535
-0.0014719
-0.00207505
-0.0022701
-0.00224461
-0.00229672
-0.00251458
-0.00280332
-0.00311569
-0.00335752
-0.00344371
-0.00344371

-0.00385256
0.00385256
0.00408647
0.00377389
0.00243253
0.00178617
0.000980631
0.000676066
0.000540446
0.000256816
-0.000619249
-0.00165908
-0.00234787
-0.00254993
-0.00253926
-0.00261785
-0.00286018
-0.00317416
-0.00351743
-0.00378383
-0.00389195
-0.00389195

-0.00415051
0.00415051
0.00444573
0.00416802
0.002774
0.00204074
0.00117548
0.000742348
0.000554692
0.000251126
-0.000700531
-0.00185025
-0.00260942
-0.00281388
-0.00282259
-0.00293056
-0.0032015
-0.00354336
-0.00391953
-0.00421251
-0.00434613
-0.00434613

-0.00436907
0.00436907
0.00471421
0.0044642
0.00305353
0.0022454
0.00136546
0.000830521
0.000460603
0.000224523
-0.000611556
-0.00208009
-0.00283128
-0.00300674
-0.00303941
-0.00319238
-0.0034839
-0.00384726
-0.00426557
-0.00459949
-0.00480706
-0.00480706

-0.00452045
0.00452045
0.00490655
0.00470227
0.0033334
0.00249145
0.00155497
0.000843316
0.000492694
0.000151803
-0.000419772
-0.00232886
-0.00316627
-0.00326097
-0.0032871
-0.00347041
-0.00381326
-0.00421379
-0.00466463
-0.00503945
-0.00526054
-0.00526054

-0.00460057
0.00460057
0.00501609
0.00488029
0.00357752
0.00272005
0.00171217
0.000883203
0.000466831
0.000290371
-0.000795077
-0.00235303
-0.00333592
-0.00349252
-0.00353995
-0.0037579
-0.00414537
-0.0045844
-0.00507379
-0.00548333
-0.0057072
-0.0057072

-0.00460459
0.00460459
0.00503196
0.00500215
0.00377803
0.00294428
0.00185991
0.000915079
0.000470373
0.000116653
-0.000777841
-0.00257621
-0.00348191
-0.00367923
-0.00377085
-0.00403452
-0.00447035
-0.00495398
-0.00548429
-0.00592259
-0.0061554
-0.0061554

-0.00453578
0.00453578
0.00497419
0.00503673
0.0039377
0.00317359
0.00200915
0.000954247
0.000410201
-3.28977e-05
-0.000795544
-0.00278155
-0.00364424
-0.00384445
-0.00398477
-0.00430283
-0.00479366
-0.00532722
-0.00589877
-0.00636305
-0.00660604
-0.00660604

-0.00439996
0.00439996
0.00484466
0.00499466
0.00405793
0.00341045
0.00216313
0.000980994
0.000303641
-0.000180785
-0.000922948
-0.00292792
-0.00376498
-0.00398124
-0.00418151
-0.00456324
-0.00511515
-0.00570317
-0.00631678
-0.00680724
-0.00705726
-0.00705726

-0.00351272
0.00439996
0.00484466
0.00499466
0.00405793
0.00341045
0.00216313
0.000980994
0.000303641
-0.000180785
-0.000922948
-0.00292792
-0.00376498
-0.00398124
-0.00418151
-0.00456324
-0.00511515
-0.00570317
-0.00631678
-0.00680724
-0.00705726
-0.00624917

0
0
0
0
0
0
0
0
0
0
0
0
0
0
0
0
0
0
0
0
0
0


0
0
0
0
0
0
0
0
0
0
0
0
0
0
0
0
0
0
0
0
0
0

0
0.00115307
0.00105321
0.000836727
0.000470687
0.000159882
-4.45722e-05
-2.59178e-05
0.000225305
0.000461108
-0.000193503
-0.000171214
-0.000512383
-0.000616964
-0.000551189
-0.000602457
-0.000761889
-0.000945463
-0.00112733
-0.00128153
-0.00136573
0

0
0.0016563
0.0016012
0.00134631
0.000767328
0.000360263
3.86033e-05
6.84001e-05
0.000400721
0.000426281
-0.000478861
-0.000360696
-0.000831398
-0.000999682
-0.000926535
-0.000955013
-0.00111851
-0.00132436
-0.00152752
-0.00168886
-0.00175462
0

0
0.00215621
0.00214459
0.00186648
0.00106497
0.000615044
0.000157522
0.000203257
0.000477025
0.000400006
-0.000617999
-0.000599608
-0.00113039
-0.00134837
-0.00128202
-0.00129088
-0.00146538
-0.00168758
-0.00191955
-0.00209551
-0.00216066
0

0
0.00263355
0.00268546
0.00238223
0.00138944
0.000913865
0.000335747
0.000332484
0.00056501
0.000283197
-0.000591947
-0.000922036
-0.00142189
-0.00165792
-0.00161464
-0.00162908
-0.00181236
-0.00205864
-0.00231581
-0.0025108
-0.00257771
0

0
0.00308374
0.00319797
0.0028636
0.00173144
0.00122378
0.000547761
0.000462974
0.000605738
0.000168635
-0.000441436
-0.00125226
-0.00177445
-0.00196931
-0.0019355
-0.00196548
-0.00216468
-0.00243103
-0.00271505
-0.00293319
-0.00300584
0

0
0.00349372
0.00366534
0.00332394
0.00207994
0.00151521
0.000765614
0.000585139
0.000579937
0.000189302
-0.000505535
-0.0014719
-0.00207505
-0.0022701
-0.00224461
-0.00229672
-0.00251458
-0.00280332
-0.00311569
-0.00335752
-0.00344371
0

0
0.00385256
0.00408647
0.00377389
0.00243253
0.00178617
0.000980631
0.000676066
0.000540446
0.000256816
-0.000619249
-0.00165908
-0.00234787
-0.00254993
-0.00253926
-0.00261785
-0.00286018
-0.00317416
-0.00351743
-0.00378383
-0.00389195
0

0
0.00415051
0.00444573
0.00416802
0.002774
0.00204074
0.00117548
0.000742348
0.000554692
0.000251126
-0.000700531
-0.00185025
-0.00260942
-0.00281388
-0.00282259
-0.00293056
-0.0032015
-0.00354336
-0.00391953
-0.00421251
-0.00434613
0

0
0.00436907
0.00471421
0.0044642
0.00305353
0.0022454
0.00136546
0.000830521
0.000460603
0.000224523
-0.000611556
-0.00208009
-0.00283128
-0.00300674
-0.00303941
-0.00319238
-0.0034839
-0.00384726
-0.00426557
-0.00459949
-0.00480706
0

0
0.00452045
0.00490655
0.00470227
0.0033334
0.00249145
0.00155497
0.000843316
0.000492694
0.000151803
-0.000419772
-0.00232886
-0.00316627
-0.00326097
-0.0032871
-0.00347041
-0.00381326
-0.00421379
-0.00466463
-0.00503945
-0.00526054
0

0
0.00460057
0.00501609
0.00488029
0.00357752
0.00272005
0.00171217
0.000883203
0.000466831
0.000290371
-0.000795077
-0.00235303
-0.00333592
-0.00349252
-0.00353995
-0.0037579
-0.00414537
-0.0045844
-0.00507379
-0.00548333
-0.0057072
0

0
0.00460459
0.00503196
0.00500215
0.00377803
0.00294428
0.00185991
0.000915079
0.000470373
0.000116653
-0.000777841
-0.00257621
-0.00348191
-0.00367923
-0.00377085
-0.00403452
-0.00447035
-0.00495398
-0.00548429
-0.00592259
-0.0061554
0

0
0.00453578
0.00497419
0.00503673
0.0039377
0.00317359
0.00200915
0.000954247
0.000410201
-3.28977e-05
-0.000795544
-0.00278155
-0.00364424
-0.00384445
-0.00398477
-0.00430283
-0.00479366
-0.00532722
-0.00589877
-0.00636305
-0.00660604
0

0
0.00439996
0.00484466
0.00499466
0.00405793
0.00341045
0.00216313
0.000980994
0.000303641
-0.000180785
-0.000922948
-0.00292792
-0.00376498
-0.00398124
-0.00418151
-0.00456324
-0.00511515
-0.00570317
-0.00631678
-0.00680724
-0.00705726
0

0
0.00439996
0.00484466
0.00499466
0.00405793
0.00341045
0.00216313
0.000980994
0.000303641
-0.000180785
-0.000922948
-0.00292792
-0.00376498
-0.00398124
-0.00418151
-0.00456324
-0.00511515
-0.00570317
-0.00631678
-0.00680724
-0.00705726
0

0
0
0
0
0
0
0
0
0
0
0
0
0
0
0
0
0
0
0
0
0
0


