0
0
0
0
0
0
0
0
0
0
0
0
0
0
0
0
0
0
0
0
0
0

0
0
0
0
0
0
0
0
0
0
0
0
0
0
0
0
0
0
0
0
0
0

0
0
0
0
0
0
0
0
0
0
0
0
0
0
0
0
0
0
0
0
0
0

0
0
0
0
0
0
0
0
0
0
0
0
0
0
0
0
0
0
0
0
0
0

0
0
0
0
0
0
0
0
0
0
0
0
0
0
0
0
0
0
0
0
0
0

0
0
0
0
0
0
0
0
0
0
0
0
0
0
0
0
0
0
0
0
0
0

0
0
0
0
0
0
0
0
0
0
0
0
0
0
0
0
0
0
0
0
0
0

0
0
0
0
0
0
0
0
0
0
0
0
0
0
0
0
0
0
0
0
0
0

0
0
0
0
0
0
0
0
0
0
0
0
0
0
0
0
0
0
0
0
0
0

0
0
0
0
0
0
0
0
0
0
0
0
0
0
0
0
0
0
0
0
0
0

0
0
0
0
0
0
0
0
0
0
0
0
0
0
0
0
0
0
0
0
0
0

0
0
0
0
0
0
0
0
0
0
0
0
0
0
0
0
0
0
0
0
0
0

0
0
0
0
0
0
0
0
0
0
0
0
0
0
0
0
0
0
0
0
0
0

0
0
0
0
0
0
0
0
0
0
0
0
0
0
0
0
0
0
0
0
0
0

0
0
0
0
0
0
0
0
0
0
0
0
0
0
0
0
0
0
0
0
0
0

0
0
0
0
0
0
0
0
0
0
0
0
0
0
0
0
0
0
0
0
0
0

0
0
0
0
0
0
0
0
0
0
0
0
0
0
0
0
0
0
0
0
0
0


0
0
0
0
0
0
0
0
0
0
0
0
0
0
0
0
0
0
0
0
0
0

0
1.87564e-19
-3.18361e-17
3.4296e-15
-3.20033e-13
1.36493e-11
8.81906e-13
2.72054e-14
6.3809e-16
1.90158e-17
3.02059e-19
4.3206e-21
2.51121e-23
3.92095e-25
7.36817e-27
1.5667e-28
4.79152e-29
2.70377e-31
2.3961e-33
1.57103e-35
7.38551e-38
0

0
6.5307e-21
-5.84512e-19
2.93762e-16
-4.43729e-14
1.51304e-12
1.12839e-13
4.52684e-15
9.37507e-17
1.82683e-18
1.91768e-20
2.0894e-22
2.60462e-24
4.61828e-26
5.72429e-28
7.01874e-30
8.6637e-31
5.05789e-33
4.18614e-35
2.55634e-37
1.09922e-39
0

0
4.80371e-22
-1.17609e-19
1.83142e-17
-3.00097e-15
2.07159e-13
6.62968e-15
1.3308e-16
2.99247e-18
4.44288e-20
4.57603e-22
4.28094e-24
9.4685e-26
1.0884e-27
9.14824e-30
6.99825e-32
2.48442e-32
2.18194e-34
1.12701e-36
4.3526e-39
1.33545e-41
0

0
1.47141e-23
-4.3078e-21
1.00943e-18
-2.25498e-16
2.98837e-14
5.08295e-16
6.96257e-18
8.49764e-20
9.73075e-22
8.77116e-24
6.83817e-26
5.95064e-28
4.09764e-30
1.87179e-32
-3.32989e-35
2.05322e-34
1.85876e-36
1.08418e-38
4.0541e-41
1.08986e-43
0

0
1.66244e-25
-5.69911e-23
1.54151e-20
-4.01394e-18
6.6165e-16
8.19446e-18
8.45027e-20
9.53718e-22
7.81594e-24
6.08704e-26
3.71003e-28
9.33521e-31
-6.4429e-33
-8.40917e-35
3.30767e-36
6.78371e-37
1.13446e-38
7.77806e-41
2.85353e-43
6.60336e-46
0

0
4.67141e-28
-1.97506e-25
7.03677e-23
-2.52477e-20
6.95042e-18
4.24159e-20
2.20249e-22
1.59951e-24
-7.77827e-28
-3.78545e-29
-4.47306e-31
6.46229e-33
8.85506e-35
8.03822e-37
-7.52028e-39
-7.52418e-41
6.15817e-41
5.33303e-43
1.60693e-45
3.27811e-48
0

0
4.88834e-30
-2.37711e-27
1.00094e-24
-3.74499e-22
1.00772e-19
5.45716e-22
3.55337e-24
2.70494e-26
1.572e-28
8.50615e-31
4.36345e-33
3.03432e-35
-1.31412e-37
-2.79607e-39
2.48461e-41
2.71232e-43
4.21141e-43
5.13129e-45
1.14839e-47
2.04352e-50
0

0
1.14038e-31
-5.41172e-29
2.24836e-26
-8.31006e-24
2.13202e-21
1.03527e-23
7.03717e-26
5.01711e-28
3.6675e-30
2.24789e-32
1.2223e-34
5.75448e-37
3.83982e-39
2.84412e-41
1.08204e-43
-3.41574e-46
3.42358e-45
5.30393e-47
8.52543e-50
1.31111e-52
0

0
2.00562e-33
-1.04441e-30
4.83596e-28
-2.01771e-25
5.47242e-23
3.28273e-25
2.25596e-27
1.48827e-29
9.82338e-32
5.54635e-34
2.80582e-36
1.31216e-38
5.85823e-41
2.09019e-43
3.86379e-46
3.27233e-48
3.32189e-47
6.00755e-49
7.12154e-52
8.20802e-55
0

0
2.37768e-36
-2.0368e-33
1.55249e-30
-1.05127e-27
1.50334e-24
1.88269e-26
1.22396e-28
7.56695e-31
4.71421e-33
2.5106e-35
1.18196e-37
5.01429e-40
2.13269e-42
9.63968e-45
4.69431e-47
1.54331e-49
3.81873e-49
7.00612e-51
5.04198e-54
5.07211e-57
0

0
1.95583e-37
-1.16873e-34
6.27676e-32
-3.07526e-29
2.43346e-26
1.99687e-28
1.23902e-30
6.51805e-33
3.31267e-35
1.4463e-37
5.32476e-40
1.56865e-42
5.97153e-47
-1.96464e-47
-1.42034e-49
-1.34654e-51
5.60071e-51
9.17137e-53
2.39945e-56
2.34262e-59
0

0
7.04798e-40
-5.30695e-37
3.75035e-34
-2.51648e-31
2.17822e-28
1.50048e-30
7.84768e-33
3.44571e-35
1.53758e-37
5.89761e-40
1.92186e-42
4.99553e-45
1.57928e-47
9.85818e-50
4.43681e-52
1.17779e-53
9.89814e-53
1.32349e-54
-4.17467e-59
-6.74876e-63
0

0
5.71202e-43
-7.70238e-40
8.7282e-37
-8.76861e-34
9.30878e-31
4.59657e-33
1.49296e-35
2.32703e-38
-3.80694e-41
-6.58328e-43
-4.25829e-45
-2.06641e-47
-1.09625e-49
-5.47611e-52
-2.99369e-55
-1.32504e-55
2.06413e-54
2.09051e-56
-3.38253e-60
-1.77317e-63
0

0
-7.84259e-45
5.32112e-42
-2.83344e-39
6.6888e-37
9.84142e-34
-1.11829e-36
-3.73793e-38
-2.46025e-40
-1.1355e-42
-4.20558e-45
-1.17293e-47
-1.14747e-50
3.13631e-52
3.40283e-55
3.14363e-57
1.51571e-57
5.19696e-56
3.69337e-58
-1.23503e-61
-6.68146e-65
0

0
8.86037e-48
-4.4549e-45
8.42126e-43
1.02324e-39
-4.70634e-37
-7.63602e-39
-8.47897e-42
1.956e-43
1.48747e-45
7.73436e-48
3.17703e-50
9.89528e-53
-5.86957e-55
-8.88722e-58
-1.48903e-59
-2.23635e-59
1.58314e-57
5.85083e-60
6.01226e-63
4.10557e-66
0

0
0
0
0
0
0
0
0
0
0
0
0
0
0
0
0
0
0
0
0
0
0


0
0
0
0
0
0
0
0
0
0
0
0
0
0
0
0
0
0
0
0
0
0

0
5.03757e-17
-7.0019e-15
7.92384e-13
-6.45021e-11
2.24696e-09
1.66939e-10
6.89046e-12
2.01942e-13
5.5291e-15
9.14658e-17
1.48392e-18
1.13642e-20
2.34471e-22
4.43292e-24
8.84761e-26
6.09821e-27
7.01625e-29
7.44459e-31
5.43717e-33
2.91373e-35
0

0
3.56369e-18
-5.57456e-16
1.07138e-13
-1.24502e-11
7.50579e-10
3.52953e-11
1.1104e-12
2.53871e-14
5.34467e-16
7.1514e-18
8.9764e-20
1.17861e-21
1.83786e-23
2.42632e-25
3.51391e-27
5.28718e-29
1.15144e-30
1.33601e-32
9.58667e-35
4.7871e-37
0

0
1.77295e-19
-3.96574e-17
6.19993e-15
-8.95165e-13
7.63981e-11
2.36735e-12
5.11798e-14
1.004e-15
1.65927e-17
1.96759e-19
2.08371e-21
3.4436e-23
3.81631e-25
3.66717e-27
4.08868e-29
-7.83936e-31
-8.83203e-33
-2.76461e-36
2.51271e-37
1.53022e-39
0

0
4.16703e-21
-1.10221e-18
2.28549e-16
-4.11182e-14
5.19433e-12
1.06554e-13
1.66338e-15
2.27903e-17
2.89707e-19
2.98659e-21
2.6535e-23
1.72526e-25
1.15596e-27
6.63343e-30
8.9511e-32
3.62108e-33
4.06453e-35
4.67011e-37
3.48146e-39
1.47692e-41
0

0
3.85944e-23
-1.22006e-20
3.10996e-18
-5.79915e-16
9.41468e-14
1.34759e-15
1.53935e-17
1.74436e-19
1.5641e-21
1.3297e-23
9.21729e-26
-3.16083e-28
-2.89194e-30
-3.9241e-32
3.46906e-34
-1.56605e-36
8.59248e-38
4.50879e-39
2.74306e-41
9.21322e-44
0

0
-8.41524e-26
2.4256e-23
-5.79345e-21
8.49649e-19
6.38131e-17
-2.70778e-18
-6.27841e-20
-9.19475e-22
-1.11021e-23
-9.65825e-26
-7.42507e-28
-2.62655e-30
-1.67968e-32
-5.10555e-35
-5.79148e-36
-3.87473e-38
3.61389e-41
6.4039e-41
2.73547e-43
7.36079e-46
0

0
-2.51412e-28
7.22254e-26
-1.55141e-23
2.73143e-21
-3.93782e-19
-1.11882e-21
4.16961e-23
1.26725e-24
1.60456e-26
1.03537e-28
6.5266e-31
-7.95156e-34
2.44556e-35
2.06048e-37
3.29558e-38
2.84353e-40
2.55523e-42
6.52704e-43
2.20077e-45
4.90321e-48
0

0
2.76706e-30
-9.53051e-28
2.63892e-25
-5.40514e-23
6.21439e-21
1.14695e-22
1.5365e-24
1.7602e-26
1.86147e-28
1.58992e-30
1.12987e-32
6.86378e-35
4.83638e-37
3.33205e-39
-1.0853e-40
-1.29486e-42
7.99293e-45
6.10015e-45
1.66321e-47
3.10133e-50
0

0
-1.58601e-32
6.87572e-30
-2.47321e-27
6.9402e-25
-1.33085e-22
-2.10754e-24
-2.22766e-26
-1.97485e-28
-1.71006e-30
-1.19952e-32
-7.34821e-35
-3.67307e-37
-3.46237e-39
-3.32786e-41
1.92292e-43
4.85956e-45
8.88252e-47
5.87304e-47
1.38233e-49
2.10841e-52
0

0
7.13441e-35
-3.97514e-32
1.80511e-29
-6.24972e-27
2.19664e-24
3.5152e-26
2.83172e-28
1.65218e-30
9.77232e-33
4.8859e-35
2.17239e-37
7.73338e-40
1.09301e-41
1.60846e-43
2.31484e-46
-1.7807e-47
-1.20053e-49
5.41696e-49
8.19149e-52
1.07031e-54
0

0
-1.8902e-37
1.47812e-34
-8.54551e-32
3.5251e-29
-1.10924e-26
-1.70199e-28
-1.36382e-30
-6.20647e-33
-2.24402e-35
-2.90054e-38
3.0191e-40
3.52994e-42
5.8081e-45
-4.91135e-46
-5.81033e-48
9.42528e-50
-9.61931e-52
7.0169e-51
5.69813e-54
6.61191e-57
0

0
1.04819e-41
-2.50273e-37
2.24137e-34
-1.02584e-31
1.82654e-29
3.78131e-31
2.93405e-33
5.52717e-36
-5.15022e-38
-7.42952e-40
-5.80106e-42
-3.72687e-44
-2.22231e-46
8.03301e-49
3.27211e-50
-7.94543e-52
8.04773e-54
9.31848e-53
3.06867e-56
3.27227e-59
0

0
2.00946e-42
-3.02647e-40
-2.14442e-37
1.64867e-34
-1.19744e-32
-4.07084e-34
-1.03812e-36
3.18641e-38
4.70216e-40
4.04055e-42
2.68123e-44
1.64729e-46
1.30674e-48
5.23186e-51
1.70101e-52
9.66444e-54
1.09748e-54
1.25139e-54
-2.0989e-59
3.64654e-63
0

0
-1.05816e-44
4.03193e-42
-7.03293e-40
-7.05402e-38
3.98285e-36
-4.38503e-38
-1.30816e-38
-1.92545e-40
-1.83019e-42
-1.31534e-44
-7.97418e-47
-4.89657e-49
-5.12255e-51
-1.00586e-52
-2.58099e-54
-8.99565e-56
4.92555e-56
1.68326e-56
-2.01903e-60
-1.25702e-63
0

0
3.29159e-47
-1.51613e-44
3.93399e-42
-4.7386e-40
-8.37781e-41
1.19891e-39
5.09864e-41
6.17952e-43
4.97072e-45
3.17491e-47
1.781e-49
1.09219e-51
1.50442e-53
4.70117e-55
1.57421e-56
7.01934e-58
1.91992e-57
2.18452e-58
-6.89817e-62
-4.28314e-65
0

0
0
0
0
0
0
0
0
0
0
0
0
0
0
0
0
0
0
0
0
0
0


0
0
0
0
0
0
0
0
0
0
0
0
0
0
0
0
0
0
0
0
0
0

0
1.06794e-14
-1.30913e-12
1.28727e-10
-8.95921e-09
2.94949e-07
2.38732e-08
1.15548e-09
3.99763e-11
1.16534e-12
2.35839e-14
4.23425e-16
4.81596e-18
9.73166e-20
1.76221e-21
3.3238e-23
9.9823e-25
1.48305e-26
1.74181e-28
1.42318e-30
8.73672e-33
0

0
1.04728e-15
-1.60391e-13
2.16955e-11
-2.16557e-09
1.38602e-07
6.68586e-09
2.17509e-10
5.56421e-12
1.24228e-13
2.00864e-15
2.90669e-17
3.83932e-19
6.02517e-21
8.57904e-23
1.3097e-24
2.13953e-26
3.40943e-28
4.1057e-30
3.16727e-32
1.77599e-34
0

0
4.75751e-17
-9.05535e-15
1.39938e-12
-1.74511e-10
1.41265e-08
5.11281e-10
1.25977e-11
2.6004e-13
4.63167e-15
6.32638e-17
7.62928e-19
9.16489e-21
1.15927e-22
1.30061e-24
1.57921e-26
-6.94854e-29
2.09814e-31
2.31333e-32
2.10904e-34
1.13675e-36
0

0
9.94576e-19
-2.2873e-16
4.21668e-14
-6.38475e-12
6.67958e-10
1.76741e-11
3.29698e-13
5.31167e-15
7.48925e-17
8.7329e-19
8.76297e-21
6.99871e-23
6.49771e-25
4.79125e-27
3.65676e-29
5.50996e-31
6.49152e-33
1.92961e-34
1.46503e-36
6.64317e-39
0

0
6.36114e-21
-1.7449e-18
3.74775e-16
-6.31397e-14
8.36085e-12
1.56895e-13
2.1135e-15
2.57515e-17
2.53102e-19
2.3941e-21
1.70915e-23
-5.99392e-26
-1.43929e-27
-2.24145e-29
-3.39594e-31
-3.50468e-33
-2.68046e-35
1.19373e-36
8.2254e-39
3.12416e-41
0

0
-3.27695e-23
8.83289e-21
-1.97318e-18
3.26557e-16
-2.44707e-14
-9.74969e-16
-1.87252e-17
-2.78949e-19
-3.43087e-21
-3.34438e-23
-2.86222e-25
-1.66533e-27
-1.21628e-29
-5.38277e-32
7.47012e-34
1.01566e-35
-1.6902e-38
1.0802e-38
5.75248e-41
1.83372e-43
0

0
4.86911e-26
-1.75562e-23
5.12166e-21
-1.02665e-18
9.04985e-17
3.8343e-18
7.29183e-20
1.13163e-21
1.31217e-23
1.12782e-25
8.93991e-28
5.2092e-30
6.32418e-32
5.7124e-34
1.92766e-36
-1.40843e-39
7.28664e-41
9.49044e-41
4.06777e-43
1.09166e-45
0

0
2.60078e-28
-5.53783e-26
6.67373e-24
1.56768e-22
-1.78408e-19
-6.33297e-21
-7.68986e-23
-1.37044e-24
-8.33628e-27
9.24567e-30
4.72823e-31
6.5099e-33
-5.2023e-35
-1.43409e-36
-1.61699e-38
-9.28994e-41
-6.70971e-43
8.05482e-43
2.8086e-45
6.36736e-48
0

0
-2.88171e-30
9.13368e-28
-2.32613e-25
4.38901e-23
-4.94033e-21
-1.23709e-22
-1.9847e-24
-2.32462e-26
-2.54765e-28
-2.34459e-30
-1.85105e-32
-1.28413e-34
-8.98681e-37
-4.09978e-39
1.81652e-41
1.67676e-43
-4.48612e-46
7.02445e-45
1.95349e-47
3.74481e-50
0

0
1.96151e-32
-7.64559e-30
2.46661e-27
-6.14836e-25
1.31591e-22
2.82862e-24
3.35933e-26
3.07782e-28
2.61672e-30
1.91161e-32
1.26274e-34
7.75374e-37
6.90919e-39
6.1698e-41
4.08862e-43
3.28787e-45
3.5436e-47
6.55289e-47
1.28243e-49
2.10894e-52
0

0
-9.70121e-35
4.18094e-32
-1.45127e-29
3.49465e-27
-3.13443e-25
-1.50768e-26
-2.11987e-28
-1.89426e-30
-1.49419e-32
-9.89519e-35
-5.8884e-37
-3.35599e-39
-3.24671e-41
-3.97967e-43
-5.10187e-45
-4.8291e-47
2.74063e-49
6.93856e-49
8.91853e-52
1.27662e-54
0

0
3.6354e-37
-1.6656e-34
6.03957e-32
-1.37293e-29
6.56473e-28
5.12863e-29
8.46856e-31
7.52914e-33
5.78768e-35
3.66084e-37
2.05479e-39
1.128e-41
1.1109e-43
2.02914e-45
4.63651e-47
4.75038e-49
1.20192e-50
7.56296e-51
6.06903e-54
7.4966e-57
0

0
-1.0774e-39
5.19042e-37
-1.94415e-34
4.16624e-32
-1.14174e-30
-1.31154e-31
-2.49638e-33
-2.17035e-35
-1.65359e-37
-1.02105e-39
-5.53008e-42
-2.99681e-44
-3.20733e-46
-9.59218e-48
-3.60827e-49
-3.88359e-51
1.98436e-52
8.19464e-53
3.39765e-56
3.79292e-59
0

0
2.66027e-42
-1.37893e-39
4.93363e-37
-1.03322e-34
1.68441e-33
2.7316e-34
5.87342e-36
5.25187e-38
3.8437e-40
2.28193e-42
1.18708e-44
6.37194e-47
7.83418e-49
4.22736e-50
1.5844e-51
2.23621e-53
4.21687e-54
8.50707e-55
8.80093e-59
1.03925e-61
0

0
-5.46053e-45
2.99922e-42
-1.05849e-39
2.19872e-37
-2.21389e-36
-4.88999e-37
-1.15748e-38
-1.06722e-40
-7.4517e-43
-4.19634e-45
-2.07157e-47
-1.08757e-49
-1.56225e-51
-1.22989e-52
-5.88019e-54
-1.01581e-55
6.91959e-56
7.92393e-57
-3.78014e-61
-2.90588e-64
0

0
0
0
0
0
0
0
0
0
0
0
0
0
0
0
0
0
0
0
0
0
0


0
0
0
0
0
0
0
0
0
0
0
0
0
0
0
0
0
0
0
0
0
0

0
1.35711e-12
-1.45798e-10
1.20083e-08
-7.10539e-07
2.83553e-05
2.15181e-06
1.17135e-07
4.7207e-09
1.5217e-10
3.69332e-12
7.6939e-14
1.26719e-15
2.49424e-17
4.46666e-19
7.98259e-21
1.60092e-22
2.4772e-24
3.00445e-26
2.63049e-28
1.81287e-30
0

0
1.80023e-13
-2.44109e-11
2.6757e-09
-2.21974e-07
1.33155e-05
7.58573e-07
2.82722e-08
8.25272e-10
2.02032e-11
3.85945e-13
6.46395e-15
9.46846e-17
1.54657e-18
2.31631e-20
3.50915e-22
5.24719e-24
7.70544e-26
8.95309e-28
7.18214e-30
4.46121e-32
0

0
9.44581e-15
-1.60328e-12
2.22242e-10
-2.44668e-08
1.93571e-06
7.84683e-08
2.12598e-09
4.74203e-11
9.07988e-13
1.41599e-14
1.94955e-16
2.43816e-18
3.25733e-20
3.93402e-22
4.7639e-24
2.93039e-26
5.09151e-28
8.209e-30
6.49242e-32
3.71204e-34
0

0
1.95724e-16
-4.07416e-14
6.90852e-12
-9.52035e-10
9.34677e-08
2.7952e-09
5.76395e-11
1.00846e-12
1.53278e-14
1.9884e-16
2.25021e-18
2.13743e-20
2.13627e-22
1.73172e-24
1.1408e-26
3.14701e-30
5.69168e-31
4.26532e-32
3.39826e-34
1.72666e-36
0

0
1.04332e-18
-2.62598e-16
5.25426e-14
-8.61422e-12
1.06614e-09
2.20649e-11
3.23067e-13
4.06561e-15
4.22684e-17
4.13759e-19
2.89261e-21
-9.03396e-24
-4.31642e-25
-7.79232e-27
-1.1227e-28
-9.98867e-31
-1.07094e-32
1.6061e-34
1.32518e-36
5.89421e-39
0

0
-6.5446e-21
1.58867e-18
-3.16135e-16
4.64163e-14
-3.46412e-12
-1.48755e-13
-3.14227e-15
-5.0624e-17
-6.73904e-19
-7.35892e-21
-7.10029e-23
-5.47772e-25
-4.29656e-27
-2.04357e-29
1.62081e-31
3.18808e-33
-3.98196e-37
1.1125e-36
7.1301e-39
2.72312e-41
0

0
1.50514e-23
-4.26472e-21
9.80541e-19
-1.59585e-16
1.25274e-14
6.23654e-16
1.36088e-17
2.27054e-19
2.9337e-21
2.96305e-23
2.77066e-25
2.28986e-27
2.67229e-29
2.54047e-31
1.49847e-33
5.37672e-36
8.12246e-38
8.77444e-39
4.50956e-41
1.47377e-43
0

0
7.81332e-27
1.20689e-24
-1.07321e-21
3.03303e-19
-3.89886e-17
-1.76502e-18
-3.25379e-20
-5.13645e-22
-5.5244e-24
-4.3097e-26
-3.36045e-28
-2.7102e-30
-6.62274e-32
-1.03749e-33
-1.22191e-35
-9.49275e-38
-5.82202e-40
6.21006e-41
2.66961e-43
7.47327e-46
0

0
-2.64801e-28
6.57612e-26
-1.23037e-23
1.50147e-21
-5.70504e-20
-1.82978e-21
-6.02007e-23
-9.97431e-25
-1.56523e-26
-1.98461e-28
-1.95948e-30
-1.60311e-32
-2.49737e-35
1.98954e-36
5.14025e-38
5.24844e-40
1.68534e-42
4.91839e-43
1.66097e-45
3.97751e-48
0

0
1.73143e-30
-5.43895e-28
1.37716e-25
-2.61015e-23
3.30663e-21
9.23171e-23
1.51476e-24
1.87676e-26
2.04815e-28
1.9021e-30
1.57936e-32
1.2294e-34
1.02762e-36
4.0844e-39
-1.31822e-40
-1.84533e-42
-2.85734e-45
4.03684e-45
1.03522e-47
2.14888e-50
0

0
-8.08772e-33
2.9107e-30
-8.36635e-28
1.71216e-25
-1.73183e-23
-6.50222e-25
-1.05615e-26
-1.18053e-28
-1.14199e-30
-9.37472e-33
-7.01891e-35
-5.22004e-37
-5.67397e-39
-5.97955e-41
-7.05688e-44
2.02192e-45
-1.49525e-47
3.48093e-47
6.58394e-50
1.18057e-52
0

0
2.99346e-35
-1.17944e-32
3.62885e-30
-7.39815e-28
5.27757e-26
2.66982e-27
4.6526e-29
4.94731e-31
4.47089e-33
3.39561e-35
2.35372e-37
1.68474e-39
2.1089e-41
3.64254e-43
4.28367e-45
4.21393e-47
4.60865e-49
3.04653e-49
4.28927e-52
6.63591e-55
0

0
-9.07533e-38
3.83374e-35
-1.22499e-32
2.43252e-30
-1.23143e-28
-7.99785e-30
-1.51785e-31
-1.56713e-33
-1.35423e-35
-9.73422e-38
-6.35962e-40
-4.42564e-42
-6.3142e-44
-1.78589e-45
-4.19576e-47
-5.6623e-49
-1.43734e-51
2.54326e-51
2.56945e-54
3.48859e-57
0

0
2.30973e-40
-1.04168e-37
3.35291e-35
-6.52415e-33
2.40564e-31
1.92785e-32
3.96029e-34
4.0572e-36
3.35461e-38
2.29226e-40
1.42071e-42
9.66189e-45
1.59444e-46
7.54903e-48
2.39253e-49
4.4747e-51
5.24889e-53
1.97652e-53
1.36278e-56
1.63131e-59
0

0
-4.97916e-43
2.38207e-40
-7.74106e-38
1.4951e-35
-4.13268e-34
-3.96296e-35
-8.66029e-37
-8.8372e-39
-6.97787e-41
-4.52203e-43
-2.65665e-45
-1.76203e-47
-3.38746e-49
-2.48721e-50
-1.06543e-51
-2.63595e-53
4.75927e-56
1.33979e-55
5.4068e-59
5.65171e-62
0

0
0
0
0
0
0
0
0
0
0
0
0
0
0
0
0
0
0
0
0
0
0


0
0
0
0
0
1
0
0
0
0
0
0
0
0
0
0
0
0
0
0
0
0

0
6.57062e-11
-5.69115e-09
3.51941e-07
-1.39294e-05
0.00115769
5.21657e-05
4.18434e-06
2.22243e-07
8.64863e-09
2.57807e-10
6.44645e-12
1.38092e-13
2.8848e-15
5.34994e-17
9.31061e-19
1.54927e-20
2.27657e-22
2.70503e-24
2.46952e-26
1.88533e-28
0

0
1.54571e-11
-1.84173e-09
1.69657e-07
-1.1638e-05
0.000797421
4.46662e-05
1.90612e-06
6.3359e-08
1.71836e-09
3.8248e-11
7.45906e-13
1.30208e-14
2.23202e-16
3.45349e-18
5.07289e-20
6.91189e-22
9.12772e-24
9.90075e-26
8.11446e-28
5.53398e-30
0

0
1.00183e-12
-1.56119e-10
1.98338e-08
-2.05213e-06
0.00019051
7.21564e-06
1.99388e-07
4.67287e-09
9.48996e-11
1.66053e-12
2.60706e-14
3.7544e-16
5.27068e-18
6.6532e-20
7.90342e-22
7.42514e-24
9.39904e-26
1.11867e-27
8.6116e-30
5.32591e-32
0

0
2.24088e-14
-4.418e-12
7.32005e-10
-1.03654e-07
1.30926e-05
3.25397e-07
6.43957e-09
1.13522e-10
1.78782e-12
2.51761e-14
3.18552e-16
3.57159e-18
3.7703e-20
3.2635e-22
2.1649e-24
6.86362e-28
7.7359e-29
4.45244e-30
3.61814e-32
2.08403e-34
0

0
1.16591e-16
-2.89856e-14
6.0912e-12
-1.13184e-09
1.88822e-07
3.1179e-09
4.21593e-11
5.08202e-13
5.32136e-15
5.14867e-17
3.53361e-19
-1.01547e-21
-7.43304e-23
-1.45539e-24
-2.04422e-26
-1.9959e-28
-1.96278e-30
4.80492e-33
7.17961e-35
4.06517e-37
0

0
-7.60445e-19
1.74894e-16
-3.29658e-14
4.54968e-12
-2.80482e-10
-1.53678e-11
-3.39185e-13
-5.63213e-15
-7.80568e-17
-9.2264e-19
-9.87043e-21
-9.27529e-23
-7.76256e-25
-3.89257e-27
2.32285e-29
6.31975e-31
2.05379e-33
4.37359e-35
3.31365e-37
1.57227e-39
0

0
1.88671e-21
-4.78504e-19
9.62652e-17
-1.31975e-14
7.12398e-13
5.46911e-14
1.36114e-15
2.42067e-17
3.36713e-19
3.81714e-21
4.08721e-23
4.27066e-25
5.19083e-27
5.23083e-29
3.56051e-31
1.53649e-33
2.03104e-35
4.04536e-37
2.27296e-39
9.06591e-42
0

0
-4.6906e-25
3.78597e-22
-1.23034e-19
2.179e-17
-1.26819e-15
-1.36185e-16
-3.2606e-18
-5.6049e-20
-6.97955e-22
-6.78117e-24
-6.71016e-26
-7.68757e-28
-1.54059e-29
-2.42144e-31
-2.95594e-33
-2.54242e-35
-1.50793e-37
1.67142e-39
9.53326e-42
3.41488e-44
0

0
-1.99836e-26
4.31545e-24
-7.10375e-22
8.57502e-20
-7.87761e-18
-5.91666e-20
-1.48803e-21
-3.38786e-23
-7.74035e-25
-1.29064e-26
-1.48763e-28
-1.1853e-30
1.44037e-32
6.66547e-34
1.43709e-35
1.60564e-37
6.60029e-40
1.45651e-41
5.78287e-44
1.7293e-46
0

0
1.26407e-28
-3.45184e-26
7.53373e-24
-1.24118e-21
1.37721e-19
3.92809e-21
7.48319e-23
1.11195e-24
1.41763e-26
1.54502e-28
1.5153e-30
1.4103e-32
1.05119e-34
-6.2432e-37
-5.23486e-38
-7.52068e-40
-2.20668e-42
9.07897e-44
3.09885e-46
8.23562e-49
0

0
-5.40842e-31
1.70406e-28
-4.26523e-26
7.79038e-24
-8.13127e-22
-2.79217e-23
-5.07199e-25
-6.70133e-27
-7.53263e-29
-7.27026e-31
-6.54245e-33
-6.10788e-35
-7.3197e-37
-5.65235e-39
1.32137e-40
2.74916e-42
4.57466e-45
6.44109e-46
1.72581e-48
3.88081e-51
0

0
1.85793e-33
-6.51037e-31
1.77445e-28
-3.34297e-26
2.87303e-24
1.19615e-25
2.20873e-27
2.70722e-29
2.79295e-31
2.4698e-33
2.06088e-35
1.8934e-37
2.91236e-39
4.79704e-41
4.4504e-44
-5.0775e-45
2.19743e-47
4.5662e-48
1.00384e-50
2.00768e-53
0

0
-5.34755e-36
2.03861e-33
-5.86548e-31
1.1059e-28
-7.59618e-27
-3.77157e-28
-7.25798e-30
-8.46847e-32
-8.18217e-34
-6.73683e-36
-5.24828e-38
-4.7119e-40
-8.89095e-42
-2.54248e-43
-3.7997e-45
-4.08283e-47
-4.81162e-49
2.70802e-50
4.80092e-53
8.41097e-56
0

0
1.31331e-38
-5.382e-36
1.60163e-33
-3.0042e-31
1.66565e-29
9.59305e-31
1.92913e-32
2.17949e-34
1.98819e-36
1.53467e-38
1.1199e-40
9.76963e-43
2.23486e-44
1.08028e-45
3.08707e-47
6.39095e-49
5.27524e-51
1.77675e-52
2.4694e-55
3.79494e-58
0

0
-2.77328e-41
1.2125e-38
-3.71801e-36
6.98547e-34
-3.2007e-32
-2.08022e-33
-4.32448e-35
-4.75378e-37
-4.10242e-39
-2.97176e-41
-2.03044e-43
-1.70788e-45
-4.70225e-47
-3.70755e-48
-1.66181e-49
-5.43032e-51
-4.12462e-53
7.56089e-55
8.37564e-58
1.12709e-60
0

0
0
0
0
0
0
0
0
0
0
0
0
0
0
0
0
0
0
0
0
0
0


0
0
0
0
0
0
0
0
0
0
0
0
0
0
0
0
0
0
0
0
0
0

0
4.91897e-13
-5.39441e-11
4.35369e-09
-2.39914e-07
6.53598e-06
7.51571e-07
4.10547e-08
1.55481e-09
4.52483e-11
1.10024e-12
2.34192e-14
4.62007e-16
7.96537e-18
1.20448e-19
1.58035e-21
1.44552e-23
7.15977e-26
-4.02133e-28
-9.25861e-30
-7.2131e-32
0

0
1.37437e-14
-2.33909e-12
2.96092e-10
-2.90912e-08
2.00456e-06
7.46097e-08
1.845e-09
3.43731e-11
4.34306e-13
7.67365e-15
1.72171e-16
4.70787e-18
5.47334e-20
2.88824e-22
-8.68413e-24
-4.0842e-25
-9.02066e-27
-1.26647e-28
-1.13391e-30
-7.39742e-33
0

0
-1.18596e-15
1.86492e-13
-2.36633e-11
2.0847e-09
-5.008e-08
-8.02359e-09
-2.83796e-10
-6.98216e-12
-1.40477e-13
-2.20137e-15
-2.93427e-17
-3.3165e-19
-4.46183e-21
-5.91834e-23
-8.1921e-25
-1.00153e-26
-1.49668e-28
-1.91838e-30
-1.53939e-32
-9.10855e-35
0

0
-3.87942e-17
7.76363e-15
-1.28365e-12
1.66231e-10
-1.31216e-08
-5.25607e-10
-1.20995e-11
-2.21974e-13
-3.48532e-15
-4.5805e-17
-5.23559e-19
-5.19579e-21
-5.40427e-23
-5.0749e-25
-4.23829e-27
-2.14117e-29
-3.1877e-31
-8.55083e-33
-7.08255e-35
-3.92719e-37
0

0
-2.43127e-19
5.97341e-17
-1.22506e-14
2.06663e-12
-2.43849e-10
-5.79404e-12
-9.24363e-14
-1.22873e-15
-1.41233e-17
-1.44113e-19
-1.21779e-21
-7.17525e-24
3.78895e-27
9.67123e-28
2.00415e-29
2.34974e-31
2.67025e-33
-8.89565e-36
-1.32928e-37
-7.59488e-40
0

0
1.36869e-21
-3.29056e-19
6.32831e-17
-8.67661e-15
5.23581e-13
3.00028e-14
6.7735e-16
1.1123e-17
1.49903e-19
1.66615e-21
1.62702e-23
1.38249e-25
1.20603e-27
8.32939e-30
2.00795e-32
-3.03847e-34
-5.82306e-37
-6.18653e-38
-5.39396e-40
-2.63159e-42
0

0
-2.73292e-24
7.52414e-22
-1.58027e-19
2.20398e-17
-1.13965e-15
-9.45543e-17
-2.33465e-18
-3.95465e-20
-5.2389e-22
-5.51106e-24
-5.23749e-26
-4.62319e-28
-5.26604e-30
-5.51477e-32
-4.59058e-34
-2.77443e-36
-3.05813e-38
-6.2813e-40
-3.80112e-42
-1.5165e-44
0

0
-2.19311e-27
7.97973e-26
6.93399e-23
-1.7129e-20
4.33419e-19
1.59466e-19
3.894e-21
6.11411e-23
6.87602e-25
5.56005e-27
4.33951e-29
4.02094e-31
9.16426e-33
1.60761e-34
2.17063e-36
1.94124e-38
1.4646e-40
-2.75796e-42
-1.67966e-44
-6.09216e-47
0

0
4.11335e-29
-9.75576e-27
1.77245e-24
-2.3698e-22
2.06355e-20
4.80701e-22
1.03643e-23
1.81666e-25
2.77181e-27
3.47018e-29
3.49536e-31
2.90229e-33
1.34603e-35
-1.56165e-37
-5.67916e-39
-6.75076e-41
-3.83248e-43
-2.10774e-44
-9.70537e-47
-2.95352e-49
0

0
-2.05347e-31
5.7977e-29
-1.25666e-26
1.96024e-24
-1.65666e-22
-6.00982e-24
-1.23978e-25
-1.84777e-27
-2.30083e-29
-2.37307e-31
-2.12876e-33
-1.74583e-35
-1.5145e-37
-9.49382e-40
3.53096e-42
1.06966e-43
3.87276e-46
-1.40727e-46
-5.53738e-49
-1.4873e-51
0

0
7.37299e-34
-2.34502e-31
5.61899e-29
-9.32304e-27
7.03613e-25
3.05866e-26
6.23041e-28
8.51964e-30
9.62847e-32
9.01082e-34
7.46974e-36
5.9388e-38
6.00544e-40
6.20536e-42
4.77203e-44
3.25517e-46
1.52363e-48
-9.55038e-49
-3.12852e-51
-7.34083e-54
0

0
-2.14242e-36
7.46557e-34
-1.90371e-31
3.20038e-29
-1.98589e-27
-1.03856e-28
-2.17392e-30
-2.81509e-32
-2.96533e-34
-2.57396e-36
-1.98806e-38
-1.51988e-40
-1.62877e-42
-1.49945e-44
7.55561e-47
2.39e-48
2.63313e-50
-6.33584e-51
-1.73906e-53
-3.57391e-56
0

0
5.2157e-39
-1.95355e-36
5.16314e-34
-8.54846e-32
4.14961e-30
2.64874e-31
5.84312e-33
7.33561e-35
7.31908e-37
5.96279e-39
4.31101e-41
3.14786e-43
3.03843e-45
-4.81578e-47
-6.73522e-48
-1.51741e-49
-9.75819e-52
-4.31631e-53
-9.70539e-56
-1.75488e-58
0

0
-1.08094e-41
4.29492e-39
-1.15567e-36
1.85525e-34
-6.71856e-33
-5.39462e-34
-1.27204e-35
-1.57423e-37
-1.50137e-39
-1.15476e-41
-7.8271e-44
-5.4125e-46
-2.79149e-48
6.98698e-49
7.32796e-50
2.54229e-51
1.49844e-53
-1.92161e-55
-3.90381e-58
-6.34698e-61
0

0
1.92121e-44
-8.02602e-42
2.18191e-39
-3.36872e-37
8.2914e-36
9.11026e-37
2.31458e-38
2.84832e-40
2.60694e-42
1.89511e-44
1.20222e-46
7.78533e-49
-3.34362e-51
-3.82838e-51
-4.7258e-52
-2.69022e-53
-1.53476e-55
-1.44234e-57
-2.09457e-60
-2.8167e-63
0

0
0
0
0
0
0
0
0
0
0
0
0
0
0
0
0
0
0
0
0
0
0


0
0
0
0
0
0
0
0
0
0
0
0
0
0
0
0
0
0
0
0
0
0

0
3.72591e-16
-5.0731e-14
5.0816e-12
-3.77799e-10
1.74156e-08
6.9954e-10
2.44002e-11
7.0794e-13
1.6365e-14
4.29622e-16
1.07485e-17
2.58977e-19
3.88932e-21
4.48192e-23
2.91e-25
-1.54529e-27
-5.48602e-29
-4.59932e-31
-2.1516e-33
-1.48259e-35
0

0
-8.66305e-18
1.6092e-15
-2.30019e-13
2.1431e-11
-6.14266e-10
-8.91906e-11
-2.75195e-12
-5.53837e-14
-8.36041e-16
-9.78725e-18
-8.42699e-20
-1.66686e-22
2.17581e-24
6.47082e-26
2.86183e-27
1.675e-28
5.3387e-30
9.09102e-32
8.50453e-34
5.22479e-36
0

0
6.95806e-19
-1.11693e-16
1.40567e-14
-1.07831e-12
-1.22566e-12
4.89773e-12
2.00129e-13
4.99745e-15
9.77013e-17
1.39104e-18
1.59823e-20
1.47762e-22
1.75052e-24
2.2606e-26
3.50375e-28
5.43673e-30
1.08056e-31
1.59446e-33
1.33332e-35
7.49359e-38
0

0
3.21828e-20
-6.63337e-18
1.10536e-15
-1.35704e-13
8.17981e-12
4.45018e-13
1.11768e-14
2.06842e-16
3.16393e-18
3.85653e-20
3.93563e-22
3.37608e-24
3.2089e-26
2.97158e-28
2.73589e-30
1.96028e-32
3.19866e-34
7.49254e-36
6.48548e-38
3.47135e-40
0

0
2.37788e-22
-5.88884e-20
1.19713e-17
-1.90203e-15
1.81558e-13
5.4779e-15
9.74521e-17
1.36491e-18
1.62102e-20
1.63711e-22
1.38907e-24
9.6055e-27
5.10711e-29
4.84621e-33
-5.97033e-33
-9.8771e-35
-1.54404e-36
8.06623e-39
1.25953e-40
7.17184e-43
0

0
-1.1538e-24
2.90658e-22
-5.71184e-20
7.85609e-18
-4.73223e-16
-2.76529e-17
-6.32765e-19
-1.01964e-20
-1.32641e-22
-1.38258e-24
-1.22636e-26
-9.31638e-29
-7.72961e-31
-5.83797e-33
-3.23914e-35
-6.83878e-38
-1.39211e-39
4.14052e-41
4.47123e-43
2.23158e-45
0

0
1.73271e-27
-5.27734e-25
1.16343e-22
-1.65487e-20
8.19884e-19
7.37534e-20
1.81725e-21
2.94594e-23
3.69867e-25
3.59024e-27
3.01634e-29
2.27333e-31
2.29278e-33
2.33302e-35
2.14634e-37
1.57416e-39
1.97884e-41
4.74236e-43
3.1599e-45
1.25209e-47
0

0
4.16096e-30
-7.00352e-28
7.25783e-26
-4.64195e-24
1.00958e-21
-6.15058e-23
-1.61812e-24
-2.20959e-26
-1.83022e-28
-5.01336e-31
3.7033e-33
4.26863e-35
-1.306e-36
-3.55359e-38
-5.58822e-40
-5.73146e-42
-6.27305e-44
2.19125e-45
1.46498e-47
5.32222e-50
0

0
-3.75429e-32
9.53257e-30
-1.81986e-27
2.50743e-25
-1.99372e-23
-6.24216e-25
-1.35479e-26
-2.22643e-28
-3.04798e-30
-3.36671e-32
-3.01874e-34
-2.24981e-36
-1.49326e-38
-6.08502e-41
3.7147e-43
8.93242e-45
8.05469e-47
1.52495e-47
8.07176e-50
2.49577e-52
0

0
1.55024e-34
-4.52602e-32
9.77373e-30
-1.47587e-27
1.09969e-25
4.46251e-27
9.56592e-29
1.41767e-30
1.71254e-32
1.66578e-34
1.35774e-36
9.64243e-39
7.35399e-41
5.22529e-43
2.33332e-45
5.12197e-48
1.69125e-49
1.0433e-49
4.69285e-52
1.27203e-54
0

0
-4.76942e-37
1.54178e-34
-3.58892e-32
5.62058e-30
-3.72687e-28
-1.75613e-29
-3.78211e-31
-5.26087e-33
-5.88343e-35
-5.27708e-37
-3.99529e-39
-2.69649e-41
-2.08594e-43
-1.51612e-45
-1.93977e-48
-4.11084e-50
-1.09116e-51
6.93507e-52
2.66664e-54
6.37861e-57
0

0
1.1935e-39
-4.17702e-37
1.01713e-34
-1.59206e-32
8.84923e-31
4.88004e-32
1.08735e-33
1.4555e-35
1.53636e-37
1.29005e-39
9.12612e-42
5.81864e-44
4.2856e-46
2.62978e-48
2.20351e-49
5.4433e-51
2.59243e-53
4.62521e-54
1.50326e-56
3.16369e-59
0

0
-2.5013e-42
9.31888e-40
-2.31981e-37
3.53351e-35
-1.56272e-33
-1.03484e-34
-2.44436e-36
-3.21477e-38
-3.24615e-40
-2.57461e-42
-1.70676e-44
-1.02053e-46
-6.41598e-49
-3.19255e-50
-7.56031e-51
-2.15717e-52
-8.16112e-55
2.66403e-56
7.67103e-59
1.43405e-61
0

0
4.45509e-45
-1.74453e-42
4.36518e-40
-6.33984e-38
2.07431e-36
1.74643e-37
4.46282e-39
5.86098e-41
5.71066e-43
4.29774e-45
2.67015e-47
1.48306e-49
8.68974e-52
3.92744e-52
9.57854e-53
4.41441e-54
1.64273e-56
1.83095e-58
4.04751e-61
6.52017e-64
0

0
-6.79364e-48
2.77124e-45
-6.90268e-43
9.39818e-41
-1.91262e-39
-2.40541e-40
-6.78418e-42
-8.99155e-44
-8.4882e-46
-6.06404e-48
-3.52101e-50
-1.79576e-52
-2.03363e-54
-2.56408e-54
-7.04921e-55
-5.66449e-56
-2.07145e-58
3.7789e-61
1.11676e-63
1.73128e-66
0

0
0
0
0
0
0
0
0
0
0
0
0
0
0
0
0
0
0
0
0
0
0


0
0
0
0
0
0
0
0
0
0
0
0
0
0
0
0
0
0
0
0
0
0

0
-2.99918e-19
3.87311e-17
-3.6916e-15
2.14699e-13
-2.3545e-12
-7.58055e-13
-3.75469e-14
-1.18211e-15
-2.8258e-17
-5.31662e-19
-8.08972e-21
-9.55638e-23
-1.42101e-24
-2.20673e-26
-3.25717e-28
-3.52723e-30
-1.91963e-32
-2.02019e-35
1.85852e-37
5.34915e-40
0

0
-7.53406e-21
1.00454e-18
-9.11167e-17
5.92222e-15
-4.95852e-13
7.00775e-15
-5.59736e-17
-1.44121e-17
-5.16562e-19
-1.21254e-20
-2.14704e-22
-3.13818e-24
-4.13355e-26
-5.0336e-28
-6.1172e-30
-1.07793e-31
-2.85783e-33
-5.08907e-35
-4.74129e-37
-2.74235e-39
0

0
-3.37345e-22
5.48821e-20
-6.77909e-18
4.77822e-16
2.90563e-15
-2.3288e-15
-1.02423e-16
-2.56654e-18
-4.88582e-20
-6.63226e-22
-7.16016e-24
-6.41823e-26
-6.8296e-28
-7.84468e-30
-1.12975e-31
-1.9624e-33
-5.14869e-35
-8.83037e-37
-7.55882e-39
-4.01028e-41
0

0
-1.72271e-23
3.68032e-21
-6.19923e-19
7.34145e-17
-3.71572e-15
-2.52411e-16
-6.68976e-18
-1.22758e-19
-1.80466e-21
-2.03679e-23
-1.85651e-25
-1.38538e-27
-1.14606e-29
-9.6654e-32
-8.90627e-34
-7.63875e-36
-1.67028e-37
-4.17642e-39
-3.74032e-41
-1.91656e-43
0

0
-1.45558e-25
3.67947e-23
-7.47839e-21
1.13979e-18
-9.3676e-17
-3.39418e-18
-6.50966e-20
-9.33756e-22
-1.10828e-23
-1.07687e-25
-8.64596e-28
-5.73852e-30
-3.55671e-32
-1.66469e-34
2.323e-37
1.90154e-38
5.25929e-40
-5.00927e-42
-7.74791e-44
-4.31348e-46
0

0
6.07426e-28
-1.60537e-25
3.22167e-23
-4.44683e-21
2.63323e-19
1.59057e-20
3.67971e-22
5.79926e-24
7.24295e-26
7.0629e-28
5.67559e-30
3.83016e-32
2.84505e-34
2.0717e-36
1.37924e-38
7.27984e-41
1.15974e-42
-1.87926e-44
-2.46224e-46
-1.24198e-48
0

0
-6.00947e-31
2.12491e-28
-4.99236e-26
7.25939e-24
-3.34145e-22
-3.42408e-23
-8.48074e-25
-1.31997e-26
-1.56138e-28
-1.38645e-30
-1.02091e-32
-6.54273e-35
-5.62636e-37
-5.21794e-39
-4.85135e-41
-4.22027e-43
-7.51009e-45
-2.34425e-46
-1.70236e-48
-6.65189e-51
0

0
-3.30475e-33
7.00352e-31
-1.08502e-28
1.26008e-26
-1.17875e-24
-5.33243e-27
-1.03337e-29
-2.36873e-30
-7.79559e-32
-1.36183e-33
-1.44624e-35
-1.07783e-37
-4.63223e-40
1.10536e-42
5.54714e-44
8.18541e-46
1.54422e-47
-1.12832e-48
-8.20695e-51
-2.95333e-53
0

0
2.07051e-35
-5.55577e-33
1.09137e-30
-1.51405e-28
1.11176e-26
4.08104e-28
8.97742e-30
1.42078e-31
1.81831e-33
1.83293e-35
1.47258e-37
9.63114e-40
5.98608e-42
3.1742e-44
1.08905e-46
-1.09603e-49
2.05258e-51
-7.28994e-51
-4.35436e-53
-1.35558e-55
0

0
-7.26501e-38
2.19028e-35
-4.70742e-33
6.91599e-31
-4.74728e-29
-2.06784e-30
-4.54808e-32
-6.69648e-34
-7.83372e-36
-7.17751e-38
-5.30477e-40
-3.25524e-42
-2.01681e-44
-1.14178e-46
-4.49429e-49
-2.25326e-51
-1.11232e-52
-5.02896e-53
-2.53212e-55
-6.88261e-58
0

0
1.94153e-40
-6.39608e-38
1.45384e-35
-2.17603e-33
1.34116e-31
6.5779e-33
1.46741e-34
2.06319e-36
2.26743e-38
1.93767e-40
1.3349e-42
7.67517e-45
4.45524e-47
1.97043e-49
-5.2621e-52
-3.08487e-53
3.68808e-56
-3.31773e-55
-1.44212e-57
-3.47144e-60
0

0
-4.23776e-43
1.49753e-40
-3.51328e-38
5.20058e-36
-2.75648e-34
-1.53355e-35
-3.55112e-37
-4.86516e-39
-5.09686e-41
-4.10534e-43
-2.64599e-45
-1.41668e-47
-7.34956e-50
1.78653e-52
1.82077e-52
4.15007e-54
1.23362e-56
-2.1285e-57
-7.98861e-60
-1.69959e-62
0

0
7.75459e-46
-2.89735e-43
6.88099e-41
-9.84594e-39
4.33294e-37
2.7796e-38
6.8164e-40
9.25833e-42
9.34456e-44
7.13889e-46
4.30933e-48
2.13136e-50
8.84698e-53
-1.24046e-53
-5.96847e-54
-1.82178e-55
-5.08926e-58
-1.3837e-59
-4.28746e-62
-7.98323e-65
0

0
-1.20692e-48
4.71638e-46
-1.11826e-43
1.52073e-41
-5.3644e-40
-4.06801e-41
-1.07242e-42
-1.46277e-44
-1.43148e-46
-1.03984e-48
-5.86987e-51
-2.6552e-53
-4.72367e-56
1.73824e-55
8.56394e-56
4.50535e-57
1.17753e-59
-5.30284e-62
-1.76136e-64
-3.01683e-67
0

0
1.61046e-51
-6.53912e-49
1.53846e-46
-1.97082e-44
5.3618e-43
4.97095e-44
1.4181e-45
1.95366e-47
1.85556e-49
1.27945e-51
6.7253e-54
2.75179e-56
-1.89911e-58
-1.26942e-57
-7.00158e-58
-6.75459e-59
-1.69421e-61
-5.41094e-64
-9.69146e-67
-1.29285e-69
0

0
0
0
0
0
0
0
0
0
0
0
0
0
0
0
0
0
0
0
0
0
0


0
0
0
0
0
0
0
0
0
0
0
0
0
0
0
0
0
0
0
0
0
0

0
-1.67867e-22
2.53154e-20
-2.82465e-18
2.27116e-16
-1.12489e-14
-4.75392e-16
-1.61896e-17
-4.61674e-19
-1.04201e-20
-2.24486e-22
-4.35257e-24
-7.4744e-26
-9.80581e-28
-1.05299e-29
-7.33665e-32
1.84785e-34
1.2468e-35
1.57822e-37
1.4181e-39
1.04803e-41
0

0
6.55623e-24
-1.08779e-21
1.31284e-19
-1.02493e-17
4.02195e-16
2.83883e-17
1.23714e-18
3.45602e-20
6.99611e-22
1.05324e-23
1.2298e-25
1.11336e-27
1.17397e-29
1.4273e-31
2.11764e-33
4.30923e-35
1.24173e-36
2.32407e-38
2.14203e-40
1.17906e-42
0

0
1.65204e-25
-2.7558e-23
3.42574e-21
-2.51069e-19
2.54366e-18
1.11758e-18
4.83428e-20
1.19806e-21
2.22142e-23
2.96099e-25
3.13088e-27
2.78992e-29
2.76872e-31
2.88948e-33
3.58709e-35
5.9687e-37
1.88004e-38
3.65937e-40
3.16058e-42
1.5816e-44
0

0
6.81442e-27
-1.50728e-24
2.56567e-22
-2.96087e-20
1.32245e-18
1.06711e-19
2.92821e-21
5.28224e-23
7.42472e-25
7.80039e-27
6.44879e-29
4.33116e-31
3.15147e-33
2.35426e-35
1.99255e-37
1.85222e-39
5.80924e-41
1.68407e-42
1.53665e-44
7.4732e-47
0

0
6.28986e-29
-1.63555e-26
3.34646e-24
-4.9631e-22
3.65655e-20
1.53135e-21
3.09029e-23
4.45256e-25
5.17481e-27
4.76232e-29
3.53032e-31
2.13458e-33
1.2553e-35
6.55458e-38
2.18359e-40
-1.58388e-42
-1.22558e-43
2.49297e-45
3.49459e-47
1.84974e-49
0

0
-2.24984e-31
6.23962e-29
-1.27836e-26
1.77186e-24
-1.02407e-22
-6.43467e-24
-1.50067e-25
-2.30797e-27
-2.7579e-29
-2.51261e-31
-1.82961e-33
-1.09636e-35
-7.07891e-38
-4.60157e-40
-3.04522e-42
-2.10197e-44
-4.68127e-46
7.34621e-48
1.03095e-49
5.1129e-52
0

0
1.01717e-34
-5.04034e-32
1.32472e-29
-1.99187e-27
7.85575e-26
1.04312e-26
2.62151e-28
3.91894e-30
4.33066e-32
3.46543e-34
2.19634e-36
1.17887e-38
8.58392e-41
7.07289e-43
6.2815e-45
6.56689e-47
1.96626e-48
8.82096e-50
6.74046e-52
2.56427e-54
0

0
1.60633e-36
-3.82635e-34
6.68239e-32
-8.4796e-30
6.59676e-28
1.56517e-29
3.16966e-31
5.63498e-33
8.29776e-35
9.3954e-37
7.86529e-39
4.98032e-41
2.58245e-43
9.5055e-46
1.04546e-49
-6.05494e-50
-2.29798e-51
4.55961e-52
3.3808e-54
1.17714e-56
0

0
-7.85827e-39
2.21111e-36
-4.42229e-34
6.11827e-32
-4.20567e-30
-1.70832e-31
-3.80638e-33
-5.86049e-35
-7.10768e-37
-6.62111e-39
-4.78593e-41
-2.73535e-43
-1.45146e-45
-6.65227e-48
-2.40635e-50
-7.95133e-53
-5.98072e-54
2.76923e-54
1.7463e-56
5.34022e-59
0

0
2.38254e-41
-7.4041e-39
1.58104e-36
-2.26108e-34
1.45484e-32
6.66863e-34
1.499e-35
2.19459e-37
2.48677e-39
2.1463e-41
1.43893e-43
7.65015e-46
3.7842e-48
1.58286e-50
4.3017e-53
2.54548e-55
3.42122e-56
1.89722e-56
1.00726e-58
2.68599e-61
0

0
-5.58045e-44
1.87475e-41
-4.16629e-39
5.97744e-37
-3.48068e-35
-1.75549e-36
-4.03404e-38
-5.72322e-40
-6.16563e-42
-5.00686e-44
-3.13693e-46
-1.5465e-48
-6.84466e-51
-2.21713e-53
-1.10192e-54
-1.75965e-56
-5.13532e-59
1.23954e-58
5.72899e-61
1.35327e-63
0

0
1.07124e-46
-3.83172e-44
8.68665e-42
-1.22019e-39
6.23395e-38
3.47978e-39
8.32863e-41
1.16399e-42
1.20526e-44
9.27282e-47
5.43707e-49
2.46783e-51
9.43727e-54
1.45245e-55
1.07121e-55
2.09892e-57
4.69057e-60
7.9571e-61
3.16583e-63
6.62129e-66
0

0
-1.72741e-49
6.50169e-47
-1.48038e-44
1.99919e-42
-8.80476e-41
-5.46696e-42
-1.3828e-43
-1.92964e-45
-1.93506e-47
-1.41557e-49
-7.7611e-52
-3.2147e-54
-1.01914e-56
-4.21221e-57
-3.59349e-57
-1.06167e-58
-2.07054e-61
4.43041e-63
1.5928e-65
2.97014e-68
0

0
2.37451e-52
-9.32871e-50
2.11307e-47
-2.7152e-45
1.03202e-43
7.08465e-45
1.90502e-46
2.67595e-48
2.60674e-50
1.8131e-52
9.26413e-55
3.46571e-57
1.07678e-59
6.19631e-59
5.71198e-59
3.07743e-60
5.6272e-63
3.06849e-65
7.99538e-68
1.27097e-70
0

0
-2.80466e-55
1.14671e-52
-2.58378e-50
3.16906e-48
-1.08226e-46
-7.9076e-48
-2.23672e-49
-3.15836e-51
-2.97894e-53
-1.96144e-55
-9.28534e-58
-3.10411e-60
-3.34483e-62
-4.85985e-61
-5.07539e-61
-5.21015e-62
-8.89588e-65
1.81964e-68
2.02321e-70
3.31146e-73
0

0
0
0
0
0
0
0
0
0
0
0
0
0
0
0
0
0
0
0
0
0
0


0
0
0
0
0
0
0
0
0
0
0
0
0
0
0
0
0
0
0
0
0
0

0
2.06976e-25
-3.17417e-23
3.53758e-21
-2.51952e-19
7.59388e-18
8.26186e-19
3.56455e-20
9.88496e-22
2.03376e-23
3.2736e-25
4.30566e-27
4.75206e-29
5.44855e-31
6.33612e-33
7.22929e-35
6.41008e-37
7.2969e-40
-5.99333e-41
-7.71973e-43
-5.28173e-45
0

0
-1.02414e-27
2.46076e-25
-3.90321e-23
3.42788e-21
-8.17379e-20
-1.60166e-20
-6.35826e-22
-1.39068e-23
-2.10644e-25
-1.94917e-27
-7.06841e-30
1.09912e-31
1.90434e-33
1.77502e-35
-1.28406e-38
-7.73332e-39
-3.9354e-40
-8.44726e-42
-7.81815e-44
-4.10774e-46
0

0
-6.80124e-29
1.19738e-26
-1.55133e-24
1.22573e-22
-2.6398e-21
-5.18647e-22
-2.1244e-23
-5.07477e-25
-8.95559e-27
-1.12915e-28
-1.09818e-30
-8.67999e-33
-7.61757e-35
-7.29165e-37
-8.6284e-39
-1.46719e-40
-5.5053e-42
-1.19875e-43
-1.03511e-45
-4.89611e-48
0

0
-2.16558e-30
4.92909e-28
-8.46737e-26
9.59453e-24
-3.88768e-22
-3.60767e-23
-1.01188e-24
-1.78872e-26
-2.40857e-28
-2.38261e-30
-1.83172e-32
-1.15458e-34
-7.81399e-37
-5.44448e-39
-4.20549e-41
-3.80258e-43
-1.53394e-44
-5.22084e-46
-4.79629e-48
-2.2012e-50
0

0
-2.05562e-32
5.51965e-30
-1.14469e-27
1.6744e-25
-1.13642e-23
-5.35024e-25
-1.11399e-26
-1.58917e-28
-1.78538e-30
-1.54227e-32
-1.04601e-34
-5.69055e-37
-3.01752e-39
-1.46318e-41
-5.91705e-44
-2.70451e-47
2.09419e-47
-9.46966e-49
-1.20595e-50
-5.96191e-53
0

0
6.27334e-35
-1.82331e-32
3.81646e-30
-5.32986e-28
3.0111e-26
1.96215e-27
4.59117e-29
6.87586e-31
7.85018e-33
6.6867e-35
4.43193e-37
2.37824e-39
1.3437e-41
7.65506e-44
4.6435e-46
3.64014e-48
1.28263e-49
-2.506e-51
-3.43868e-53
-1.63695e-55
0

0
7.17076e-39
4.82899e-36
-1.88314e-33
3.08646e-31
-6.41163e-30
-2.10526e-30
-5.4837e-32
-7.85009e-34
-7.97371e-36
-5.56043e-38
-2.89148e-40
-1.25335e-42
-8.36406e-45
-6.76905e-47
-5.88899e-49
-7.23734e-51
-3.90469e-52
-2.65878e-53
-2.07942e-55
-7.6324e-58
0

0
-5.46315e-40
1.41071e-37
-2.62538e-35
3.45523e-33
-2.44743e-31
-8.12201e-33
-1.73811e-34
-2.78986e-36
-3.56438e-38
-3.45436e-40
-2.49359e-42
-1.35914e-44
-6.3553e-47
-2.3553e-49
-5.47204e-52
2.62361e-54
1.22035e-55
-1.47141e-55
-1.07805e-57
-3.57865e-60
0

0
2.20489e-42
-6.47234e-40
1.3112e-37
-1.80211e-35
1.1698e-33
5.09266e-35
1.14767e-36
1.72647e-38
1.99708e-40
1.72937e-42
1.12768e-44
5.62976e-47
2.49363e-49
9.14883e-52
2.62676e-54
8.92062e-57
2.032e-57
-8.58306e-58
-5.48111e-60
-1.61572e-62
0

0
-5.83967e-45
1.8672e-42
-3.95612e-40
5.50042e-38
-3.3261e-36
-1.59056e-37
-3.65616e-39
-5.32769e-41
-5.85459e-43
-4.76278e-45
-2.89969e-47
-1.34046e-49
-5.33981e-52
-1.67531e-54
-2.23693e-57
5.35272e-60
-7.15307e-60
-5.79681e-60
-3.12273e-62
-8.02819e-65
0

0
1.20567e-47
-4.12899e-45
8.96812e-43
-1.23102e-40
6.74309e-39
3.50179e-40
8.3111e-42
1.19033e-43
1.2569e-45
9.69119e-48
5.52643e-50
2.35179e-52
8.1579e-55
1.55898e-57
-5.28524e-58
-6.00024e-60
-1.90318e-62
-3.77194e-62
-1.76936e-64
-4.02567e-67
0

0
-2.04533e-50
7.41027e-48
-1.62328e-45
2.15618e-43
-1.04828e-41
-5.92964e-43
-1.47452e-44
-2.10335e-46
-2.15068e-48
-1.57773e-50
-8.42026e-53
-3.27064e-55
-9.61298e-58
3.11606e-59
4.81242e-59
7.98182e-61
1.21031e-63
-2.34643e-64
-9.6417e-67
-1.94568e-69
0

0
2.92003e-53
-1.10911e-50
2.4214e-48
-3.06952e-46
1.3188e-44
8.09683e-46
2.12933e-47
3.05552e-49
3.03918e-51
2.12334e-53
1.05756e-55
3.71313e-58
8.98418e-61
-1.1177e-60
-1.71279e-60
-4.66536e-62
-6.61715e-65
-1.42782e-66
-4.93851e-69
-8.78243e-72
0

0
-3.55928e-56
1.41005e-53
-3.0517e-51
3.67324e-49
-1.42018e-47
-9.27816e-49
-2.57856e-50
-3.73654e-52
-3.61463e-54
-2.39912e-56
-1.1095e-58
-3.48377e-61
-4.47961e-64
1.76132e-62
2.97421e-62
1.54691e-63
1.94752e-66
-5.18053e-69
-2.00774e-71
-3.27709e-74
0

0
3.72823e-59
-1.54068e-56
3.31956e-54
-3.82706e-52
1.40174e-50
9.29094e-52
2.68268e-53
3.90284e-55
3.64879e-57
2.28624e-59
9.7474e-62
2.70912e-64
-1.95085e-66
-1.45922e-64
-2.82222e-64
-2.88245e-65
-3.27042e-68
-5.5297e-71
-9.85988e-74
-1.2389e-76
0

0
0
0
0
0
0
0
0
0
0
0
0
0
0
0
0
0
0
0
0
0
0


0
0
0
0
0
0
0
0
0
0
0
0
0
0
0
0
0
0
0
0
0
0

0
0
0
0
0
0
0
0
0
0
0
0
0
0
0
0
0
0
0
0
0
0

0
0
0
0
0
0
0
0
0
0
0
0
0
0
0
0
0
0
0
0
0
0

0
0
0
0
0
0
0
0
0
0
0
0
0
0
0
0
0
0
0
0
0
0

0
0
0
0
0
0
0
0
0
0
0
0
0
0
0
0
0
0
0
0
0
0

0
0
0
0
0
0
0
0
0
0
0
0
0
0
0
0
0
0
0
0
0
0

0
0
0
0
0
0
0
0
0
0
0
0
0
0
0
0
0
0
0
0
0
0

0
0
0
0
0
0
0
0
0
0
0
0
0
0
0
0
0
0
0
0
0
0

0
0
0
0
0
0
0
0
0
0
0
0
0
0
0
0
0
0
0
0
0
0

0
0
0
0
0
0
0
0
0
0
0
0
0
0
0
0
0
0
0
0
0
0

0
0
0
0
0
0
0
0
0
0
0
0
0
0
0
0
0
0
0
0
0
0

0
0
0
0
0
0
0
0
0
0
0
0
0
0
0
0
0
0
0
0
0
0

0
0
0
0
0
0
0
0
0
0
0
0
0
0
0
0
0
0
0
0
0
0

0
0
0
0
0
0
0
0
0
0
0
0
0
0
0
0
0
0
0
0
0
0

0
0
0
0
0
0
0
0
0
0
0
0
0
0
0
0
0
0
0
0
0
0

0
0
0
0
0
0
0
0
0
0
0
0
0
0
0
0
0
0
0
0
0
0

0
0
0
0
0
0
0
0
0
0
0
0
0
0
0
0
0
0
0
0
0
0


