0
0
0
0
0
0
0
0
0
0
0
0
0
0
0
0
0
0
0
0
0
0

0
0
0
0
0
0
0
0
0
0
0
0
0
0
0
0
0
0
0
0
0
0

0
0
0
0
0
0
0
0
0
0
0
0
0
0
0
0
0
0
0
0
0
0

0
0
0
0
0
0
0
0
0
0
0
0
0
0
0
0
0
0
0
0
0
0

0
0
0
0
0
0
0
0
0
0
0
0
0
0
0
0
0
0
0
0
0
0

0
0
0
0
0
0
0
0
0
0
0
0
0
0
0
0
0
0
0
0
0
0

0
0
0
0
0
0
0
0
0
0
0
0
0
0
0
0
0
0
0
0
0
0

0
0
0
0
0
0
0
0
0
0
0
0
0
0
0
0
0
0
0
0
0
0

0
0
0
0
0
0
0
0
0
0
0
0
0
0
0
0
0
0
0
0
0
0

0
0
0
0
0
0
0
0
0
0
0
0
0
0
0
0
0
0
0
0
0
0

0
0
0
0
0
0
0
0
0
0
0
0
0
0
0
0
0
0
0
0
0
0

0
0
0
0
0
0
0
0
0
0
0
0
0
0
0
0
0
0
0
0
0
0

0
0
0
0
0
0
0
0
0
0
0
0
0
0
0
0
0
0
0
0
0
0

0
0
0
0
0
0
0
0
0
0
0
0
0
0
0
0
0
0
0
0
0
0

0
0
0
0
0
0
0
0
0
0
0
0
0
0
0
0
0
0
0
0
0
0

0
0
0
0
0
0
0
0
0
0
0
0
0
0
0
0
0
0
0
0
0
0

0
0
0
0
0
0
0
0
0
0
0
0
0
0
0
0
0
0
0
0
0
0


0
0
0
0
0
0
0
0
0
0
0
0
0
0
0
0
0
0
0
0
0
0

0
-0.583259
-0.363624
-0.59495
-0.565822
-0.571145
-0.520587
-0.596244
-0.498957
-3.28384
-0.663247
-0.643601
-1.04551
-0.679387
-0.478991
-0.496873
1.59841
0.112688
-0.378493
-0.477822
-0.588376
0

0
-0.241688
0.112868
-0.232177
-0.237741
-0.159979
0.210224
-0.270986
-0.197213
1.45783
-0.278019
-0.286975
-1.85228
-0.295164
-0.159277
-0.0846293
9.2737
0.292337
-0.0590593
-0.13331
-0.239837
0

0
-0.246517
-0.0606511
-0.272022
-0.232588
0.0548439
-0.667987
-0.240859
0.117592
-0.193203
-0.278994
-0.300167
1.20392
-0.230898
-0.174666
0.117687
-7.12045
0.327062
-0.0659558
-0.140749
-0.245097
0

0
-0.248305
-0.204475
-0.467388
-0.246258
-0.476656
-0.296249
-0.255553
-0.536584
-0.214828
-0.27515
-0.287483
-0.0956924
-0.243979
-0.172243
-0.207603
-0.177432
0.068929
-0.1071
-0.143847
-0.245721
0

0
-0.248858
-0.225193
-0.0124243
-0.254329
-0.19581
-0.264773
-0.249468
-0.225397
-0.228309
-0.279572
-0.286946
-0.210541
-0.272918
-0.188085
-0.62311
-0.244646
0.116903
-0.968568
-0.152801
-0.246655
0

0
-0.2492
-0.238171
-0.213002
-0.242214
-0.170855
-0.253794
-0.248728
-0.157578
-0.241528
-0.276238
-0.287156
-0.195802
-0.0861034
-0.140041
0.237565
-0.192677
0.154648
1.1546
-0.174619
-0.249909
0

0
-0.249307
-0.243546
-0.229631
-0.247196
-0.182217
-0.245641
-0.251571
0.786681
-0.240595
-0.276721
-0.289464
-0.260012
-0.237062
-0.109929
-0.322052
-0.143027
0.273653
0.144893
-0.200045
-0.249779
0

0
-0.24933
-0.245921
-0.236256
-0.251587
-0.196169
-0.215553
-0.244257
-1.29835
-0.270148
-0.278591
-0.292579
-0.279345
-0.244351
0.0971225
-0.112672
-0.111235
0.45442
0.243124
-0.929164
-0.251212
0

0
-0.249352
-0.247143
-0.238901
-0.208279
-0.383962
-0.081025
-0.248123
-0.391225
-0.276655
-0.280847
-0.29679
-0.290941
-0.221133
-0.00423108
0.0923729
-0.135246
0.406594
0.238841
0.717697
-0.265606
0

0
-0.249417
-0.247953
-0.241867
-0.151938
-0.253828
-0.288347
-0.252304
-0.333351
-0.277204
-0.28219
-0.302033
-0.301247
-0.0268957
-0.025095
0.396976
0.0344282
0.886956
0.382202
-0.028196
-0.264008
0

0
-0.249516
-0.249591
-0.241496
-0.220898
0.00248333
-0.229291
-0.252983
-0.323349
-0.278813
-0.275564
-0.315636
-0.311519
-0.247942
0.121934
0.951586
0.224762
4.2123
0.547294
-0.0796226
-0.262427
0

0
-0.249296
-0.26518
-0.238235
-0.232514
-0.119187
-0.212648
-0.253111
-0.51429
-0.282265
-0.286648
-0.311979
-0.323096
-0.156398
0.496873
5.39208
0.599986
0.0417958
0.362579
-0.111533
-0.260153
0

0
-0.250372
-0.237476
-0.256497
-0.229614
-0.152576
-0.22045
-0.254794
-0.0513038
-0.277438
-0.283436
-0.322628
-0.335095
-0.225283
3.99808
-6.93534
-0.32641
1.54578
0.51221
-0.168456
-0.257656
0

0
-0.24715
-0.246601
-0.240827
-0.220202
-0.135308
-0.215905
-0.248155
-0.240707
-0.275018
-0.290165
-0.317768
-0.344803
-0.324059
-4.60083
-0.580957
5.14838
6.86553
0.845616
0.0209838
-0.255546
0

0
-0.0380247
-0.0248559
-0.00680554
0.0459007
0.360239
0.0592078
-0.00639766
-0.0455918
-0.0650163
-0.102393
-0.147098
-0.243371
-0.420859
0.108509
0.385327
-3.98992
9.04552
1.69423
-0.304963
0.0215994
0

0
0
0
0
0
0
0
0
0
0
0
0
0
0
0
0
0
0
0
0
0
0


0
0
0
0
0
0
0
0
0
0
0
0
0
0
0
0
0
0
0
0
0
0

0
-0.639758
-0.675495
-0.638227
-0.663937
-0.653735
-0.645846
-0.631183
-0.738742
0.651188
-0.620692
-0.638444
-0.168408
-0.621114
-0.648718
-0.710755
-3.12523
-1.46421
-0.634299
-0.633755
-0.649025
0

0
-0.294742
-1.53228
-0.289464
-0.296519
-0.344002
-0.28513
-0.234765
-0.309274
-0.320981
-0.299302
-0.28737
-0.209843
-0.315463
-0.290537
-0.371589
3.22325
-0.625896
-0.303941
-0.28881
-0.300897
0

0
-0.302392
-0.338065
-0.297826
-0.292674
-0.308242
-0.276833
-0.266038
-0.29626
-0.283262
-0.294987
-0.295569
-0.485341
-0.300547
-0.293843
-0.336897
-1.16759
-0.278815
-0.289683
-0.29456
-0.306305
0

0
-0.302616
-0.306333
-0.284826
-0.293911
-0.343365
-0.312049
-0.297979
-0.272469
-0.287118
-0.292563
-0.295093
-0.217266
-0.281096
-0.28852
-0.396794
-0.893382
-0.345436
-0.313497
-0.295307
-0.306756
0

0
-0.302269
-0.289958
-0.317821
-0.301899
-0.313708
-0.302043
-0.29517
-0.306771
-0.292929
-0.291907
-0.293959
-0.298879
-0.314629
-0.31645
0.705287
-0.32194
-0.321027
-0.219866
-0.295266
-0.307561
0

0
-0.302142
-0.291438
-0.287032
-0.296409
-0.344352
-0.30526
-0.294687
-0.32389
-0.293598
-0.292628
-0.291753
-0.331043
-0.265498
-0.316997
0.397844
-0.31907
-0.305758
-0.369933
-0.318581
-0.309169
0

0
-0.302086
-0.292038
-0.289825
-0.296781
-0.456129
-0.316605
-0.295119
-0.273967
-0.293317
-0.292342
-0.292698
-0.297816
-0.28441
-0.300738
-0.567467
-0.34687
-0.314583
-0.31337
-0.307949
-0.310148
0

0
-0.302051
-0.292262
-0.291491
-0.302199
-0.25217
-0.320917
-0.294673
-0.254499
-0.288102
-0.291901
-0.292585
-0.297231
-0.298113
-0.312642
-0.401457
-0.352588
-0.346043
-0.2767
-0.280225
-0.312701
0

0
-0.302028
-0.292206
-0.291925
-0.316794
1.00424
-0.232396
-0.291437
-0.32709
-0.294147
-0.292196
-0.292474
-0.295622
-0.30327
-0.292517
-0.547485
-0.406126
-0.791782
-0.383603
-0.386056
-0.321517
0

0
-0.302019
-0.291757
-0.29276
-0.297972
-0.83463
-0.356547
-0.28782
-0.298509
-0.292928
-0.292212
-0.29231
-0.295149
-0.252477
-0.383481
-0.74636
-0.294951
-2.60119
-0.290298
-0.327028
-0.320815
0

0
-0.302025
-0.290996
-0.292912
-0.285496
-0.193606
-0.331265
-0.294261
-0.291646
-0.292298
-0.292334
-0.292058
-0.289103
-1.27074
-0.550363
-0.0527771
-0.134659
-0.398266
-0.361276
-0.358418
-0.320735
0

0
-0.301781
-0.298545
-0.2891
-0.294268
-0.286091
-0.294771
-0.293008
-0.294813
-0.29311
-0.292335
-0.292117
-0.292083
-0.354911
-0.57164
3.11419
-0.120924
-0.909847
-0.362094
-0.372199
-0.319538
0

0
-0.301808
-0.278172
-0.275032
-0.294292
-0.303195
-0.295436
-0.293195
-0.313318
-0.294646
-0.292567
-0.291887
-0.292894
-0.298205
0.903978
-2.15817
-0.789709
-0.868885
-0.391129
-0.374126
-0.318059
0

0
-0.299678
-0.267204
-0.296396
-0.291515
-0.297433
-0.291375
-0.289943
-0.279046
-0.288621
-0.289177
-0.289779
-0.290704
-0.309491
-0.843843
-0.334047
-0.52356
-0.734809
-0.511425
-0.414204
-0.313058
0

0
-0.0895873
-0.0698757
-0.0547789
-0.0312305
0.0458994
-0.0216788
-0.0499627
-0.0589743
-0.0760396
-0.0936105
-0.113108
-0.166906
-0.274288
-0.28352
-0.00117862
-0.101005
2.94925
-0.482488
-0.187986
-0.0797068
0

0
0
0
0
0
0
0
0
0
0
0
0
0
0
0
0
0
0
0
0
0
0


0
0
0
0
0
0
0
0
0
0
0
0
0
0
0
0
0
0
0
0
0
0

0
-0.6391
-0.652469
-0.634657
-0.632285
-0.65883
-0.646899
-0.635502
-0.630912
-0.652084
-0.63358
-0.636083
-0.661833
-0.633787
-0.645817
-0.664118
-1.66619
-0.630541
-0.622739
-0.631553
-0.644729
0

0
-0.29826
-0.316293
-0.286001
-0.29302
-0.226476
-0.280213
-0.299703
-0.295027
-0.295622
-0.289397
-0.288539
-0.316345
-0.300015
-0.289905
-0.298407
-0.780727
-0.364715
-0.285932
-0.285536
-0.296463
0

0
-0.3022
-0.321137
-0.292509
-0.295732
-0.283892
-0.286032
-0.286368
-0.297325
-0.291733
-0.29354
-0.292922
-0.356107
-0.302064
-0.294035
-0.296391
-1.52768
-0.262874
-0.28496
-0.292126
-0.301998
0

0
-0.302225
-0.298812
-0.291278
-0.293464
-0.332042
-0.299426
-0.291255
-0.286053
-0.289711
-0.292646
-0.292537
-0.304238
-0.286892
-0.292472
-0.311186
-0.580713
-0.292102
-0.280422
-0.292482
-0.30251
0

0
-0.302085
-0.293414
-0.302223
-0.295868
-0.335035
-0.300339
-0.293148
-0.295369
-0.291273
-0.292222
-0.292554
-0.315583
-0.31101
-0.295018
-0.767125
-0.342704
-0.300248
-0.26084
-0.293566
-0.303325
0

0
-0.301973
-0.292181
-0.293899
-0.294926
-0.349279
-0.301142
-0.293344
-0.30086
-0.29205
-0.292213
-0.291944
-0.309463
-0.296674
-0.30198
-0.236522
-0.315299
-0.299725
-0.338855
-0.300867
-0.304526
0

0
-0.301905
-0.291965
-0.291595
-0.294001
-0.383277
-0.303782
-0.293025
-0.302457
-0.29188
-0.292112
-0.292411
-0.295964
-0.288825
-0.300911
-0.266831
-0.324892
-0.312399
-0.305371
-0.299112
-0.305934
0

0
-0.301862
-0.291935
-0.291471
-0.294767
-0.363818
-0.304162
-0.292636
-0.276655
-0.289681
-0.291936
-0.292437
-0.294884
-0.292358
-0.303132
-0.353031
-0.340499
-0.34509
-0.294208
-0.296178
-0.307961
0

0
-0.301835
-0.291881
-0.291606
-0.299596
-0.134179
-0.285772
-0.291359
-0.296064
-0.291739
-0.29202
-0.29239
-0.294237
-0.293448
-0.307328
-0.413479
-0.367325
-0.49246
-0.298777
-0.336583
-0.311147
0

0
-0.30182
-0.291772
-0.291835
-0.301787
-0.998764
-0.315148
-0.289738
-0.29547
-0.292243
-0.292086
-0.292315
-0.293727
-0.284042
-0.334419
-0.491433
-0.367656
-0.342646
-0.217534
-0.32438
-0.312233
0

0
-0.301815
-0.291827
-0.291909
-0.290114
-0.2866
-0.316139
-0.292716
-0.293118
-0.292238
-0.292141
-0.292242
-0.293133
-0.319168
-0.376222
-0.358239
-0.20849
-0.565387
-0.299867
-0.332824
-0.312301
0

0
-0.301789
-0.29349
-0.291209
-0.292301
-0.288069
-0.295347
-0.292528
-0.294111
-0.292444
-0.292187
-0.292223
-0.292717
-0.315451
-0.391007
0.28966
0.0182943
-0.572109
-0.309522
-0.34686
-0.311536
0

0
-0.301685
-0.299612
-0.290522
-0.2927
-0.29383
-0.294029
-0.292606
-0.300478
-0.293151
-0.292247
-0.292221
-0.29283
-0.297227
-0.230447
-2.23298
-0.385963
-0.704832
-0.351241
-0.360916
-0.310188
0

0
-0.299005
-0.283691
-0.29094
-0.289719
-0.292119
-0.290325
-0.289362
-0.288364
-0.289372
-0.289366
-0.289688
-0.290532
-0.296645
-0.777612
-0.543953
-0.603064
-1.33477
-0.515061
-0.353362
-0.305626
0

0
-0.0891074
-0.0648436
-0.0541346
-0.0332865
0.0257699
-0.0247314
-0.0507659
-0.0539548
-0.0747839
-0.0901843
-0.109443
-0.155844
-0.241099
-0.294761
-0.166243
-2.19285
-0.331672
-0.373776
-0.216492
-0.0744195
0

0
0
0
0
0
0
0
0
0
0
0
0
0
0
0
0
0
0
0
0
0
0


0
0
0
0
0
0
0
0
0
0
0
0
0
0
0
0
0
0
0
0
0
0

0
-0.639032
-0.634068
-0.633726
-0.634078
-0.128591
-0.647991
-0.638454
-0.635297
-0.637673
-0.634133
-0.634694
-0.631104
-0.636263
-0.644099
-0.655561
-0.903357
-0.643049
-0.624032
-0.632423
-0.641206
0

0
-0.297688
-0.283673
-0.287209
-0.291823
-0.440207
-0.283194
-0.288778
-0.289378
-0.289567
-0.288686
-0.288932
-0.301624
-0.292695
-0.289645
-0.290354
-0.388794
-0.292892
-0.281521
-0.28514
-0.292778
0

0
-0.302118
-0.297019
-0.292286
-0.297077
-0.237313
-0.285711
-0.291319
-0.293855
-0.292736
-0.292843
-0.292682
-0.30431
-0.296474
-0.294248
-0.296026
-0.250093
-0.279807
-0.286023
-0.292269
-0.298354
0

0
-0.302126
-0.295786
-0.292789
-0.294778
-0.22612
-0.292592
-0.291625
-0.291465
-0.291518
-0.292543
-0.29235
-0.293997
-0.293673
-0.294064
-0.305416
-0.338406
-0.285673
-0.282627
-0.292677
-0.298816
0

0
-0.302056
-0.293877
-0.295134
-0.294487
-0.26716
-0.295739
-0.29245
-0.293178
-0.29155
-0.29229
-0.292169
-0.286184
-0.296602
-0.295298
-0.317959
-0.326665
-0.29428
-0.282757
-0.294047
-0.299514
0

0
-0.301974
-0.29281
-0.293812
-0.293962
-0.304915
-0.296714
-0.292685
-0.294348
-0.291725
-0.292179
-0.292084
-0.297129
-0.296002
-0.297468
-0.301139
-0.314729
-0.298965
-0.297226
-0.296569
-0.300439
0

0
-0.301909
-0.292344
-0.292507
-0.293243
-0.320454
-0.296689
-0.29245
-0.292258
-0.291538
-0.292095
-0.292275
-0.295015
-0.29246
-0.298632
-0.285913
-0.317359
-0.305777
-0.295739
-0.298243
-0.3016
0

0
-0.301864
-0.292152
-0.291964
-0.292736
-0.318179
-0.294841
-0.291964
-0.286127
-0.290993
-0.29202
-0.292335
-0.294027
-0.291934
-0.300267
-0.315539
-0.328153
-0.313397
-0.291503
-0.301697
-0.302994
0

0
-0.301834
-0.292069
-0.291788
-0.292882
-0.256844
-0.286799
-0.291261
-0.29086
-0.291502
-0.292032
-0.292323
-0.293497
-0.291673
-0.303252
-0.34104
-0.34469
-0.301661
-0.282274
-0.312452
-0.304479
0

0
-0.301817
-0.292064
-0.291756
-0.293462
-0.631936
-0.287928
-0.290534
-0.292799
-0.291942
-0.292072
-0.292281
-0.293117
-0.289604
-0.310747
-0.358158
-0.351753
-0.226622
-0.276236
-0.316102
-0.305351
0

0
-0.301808
-0.292237
-0.291752
-0.291293
-0.349027
-0.300579
-0.291936
-0.292898
-0.292148
-0.292112
-0.292239
-0.29284
-0.293578
-0.317898
-0.297779
-0.288302
-0.438461
-0.298937
-0.32087
-0.305466
0

0
-0.301801
-0.292828
-0.291589
-0.292021
-0.296853
-0.295857
-0.292342
-0.293363
-0.292331
-0.292143
-0.29222
-0.292724
-0.298691
-0.309252
-0.0836113
-0.117287
-0.553632
-0.323445
-0.328108
-0.304937
0

0
-0.301784
-0.293492
-0.291505
-0.29241
-0.294598
-0.294099
-0.292489
-0.294623
-0.292527
-0.292159
-0.292223
-0.292729
-0.295319
-0.26246
-0.970845
-0.208191
-0.774687
-0.370711
-0.336113
-0.303863
0

0
-0.298886
-0.288104
-0.289289
-0.289221
-0.291226
-0.290194
-0.289301
-0.289648
-0.28947
-0.289388
-0.289587
-0.290293
-0.29375
-0.37872
-0.492652
-0.607895
-1.07865
-0.436959
-0.342254
-0.29961
0

0
-0.088769
-0.0619078
-0.0539717
-0.0357543
0.0116706
-0.0288884
-0.0519492
-0.0550986
-0.0738881
-0.0871217
-0.105147
-0.145095
-0.217174
-0.33914
-0.319217
-2.39336
-0.603903
-0.198043
-0.176035
-0.071627
0

0
0
0
0
0
0
0
0
0
0
0
0
0
0
0
0
0
0
0
0
0
0


0
0
0
0
0
0
0
0
0
0
0
0
0
0
0
0
0
0
0
0
0
0

0
-0.63902
-0.632603
-0.634539
-0.669556
-0.235696
-0.575121
-0.640346
-0.636168
-0.637029
-0.634405
-0.634239
-0.630878
-0.637064
-0.642706
-0.651741
-0.72489
-0.640286
-0.626103
-0.633483
-0.637573
0

0
-0.297542
-0.28668
-0.287726
-0.320648
-0.556476
-0.221136
-0.287438
-0.288074
-0.288266
-0.288394
-0.288872
-0.29328
-0.290402
-0.289515
-0.290007
-0.305525
-0.28397
-0.280589
-0.284921
-0.288981
0

0
-0.302003
-0.293449
-0.292468
-0.303454
-0.54361
-0.284594
-0.292491
-0.292962
-0.292606
-0.29256
-0.292568
-0.296228
-0.294688
-0.294247
-0.29585
-0.252861
-0.287448
-0.28741
-0.292307
-0.294551
0

0
-0.30203
-0.293903
-0.292853
-0.295023
-0.462458
-0.296683
-0.292263
-0.292395
-0.292044
-0.292429
-0.292353
-0.292792
-0.294093
-0.294312
-0.298779
-0.285446
-0.287766
-0.286276
-0.292798
-0.294904
0

0
-0.302004
-0.293415
-0.293447
-0.293818
-0.347862
-0.294913
-0.292326
-0.292567
-0.291832
-0.292281
-0.29218
-0.289221
-0.294155
-0.294856
-0.301712
-0.304139
-0.291801
-0.28757
-0.293818
-0.295423
0

0
-0.301954
-0.292875
-0.293181
-0.29337
-0.301221
-0.294305
-0.29235
-0.292577
-0.291763
-0.292178
-0.292151
-0.292986
-0.294084
-0.295737
-0.300096
-0.307449
-0.295929
-0.290961
-0.295322
-0.296088
0

0
-0.301904
-0.292511
-0.29261
-0.292769
-0.298704
-0.293679
-0.292165
-0.291522
-0.291632
-0.292105
-0.292224
-0.293578
-0.292908
-0.296465
-0.295587
-0.310973
-0.300018
-0.291843
-0.297225
-0.296885
0

0
-0.301863
-0.292306
-0.292186
-0.292061
-0.295676
-0.292114
-0.291825
-0.289835
-0.291474
-0.292058
-0.292266
-0.29332
-0.292157
-0.297274
-0.302965
-0.317849
-0.301949
-0.290797
-0.300147
-0.297751
0

0
-0.301833
-0.292206
-0.29195
-0.291344
-0.278675
-0.288712
-0.291441
-0.290787
-0.291625
-0.292051
-0.292266
-0.293017
-0.291722
-0.298345
-0.31095
-0.327157
-0.300336
-0.289441
-0.30463
-0.298544
0

0
-0.301815
-0.29219
-0.291839
-0.291131
-0.325251
-0.286876
-0.291171
-0.291883
-0.291872
-0.29207
-0.292243
-0.292773
-0.291284
-0.299763
-0.310795
-0.331962
-0.316683
-0.294953
-0.308338
-0.299031
0

0
-0.301804
-0.292269
-0.29181
-0.291445
-0.317397
-0.293364
-0.291719
-0.292402
-0.292064
-0.292095
-0.292218
-0.29262
-0.292404
-0.299387
-0.281754
-0.306441
-0.400532
-0.306915
-0.311719
-0.299064
0

0
-0.301797
-0.292437
-0.291788
-0.291936
-0.300518
-0.29419
-0.292144
-0.292787
-0.292209
-0.292115
-0.292203
-0.292575
-0.294189
-0.293055
-0.217871
-0.219074
-0.501345
-0.326643
-0.315638
-0.298647
0

0
-0.301788
-0.292467
-0.291837
-0.292273
-0.295731
-0.293697
-0.292347
-0.29312
-0.292302
-0.292124
-0.292205
-0.292606
-0.293956
-0.282435
-0.465773
-0.208312
-0.622947
-0.3525
-0.319649
-0.297828
0

0
-0.298878
-0.28888
-0.289003
-0.289096
-0.291193
-0.290055
-0.289269
-0.289655
-0.289432
-0.289371
-0.28952
-0.290089
-0.292559
-0.312484
-0.417073
-0.52065
-0.739675
-0.376625
-0.321828
-0.293973
0

0
-0.088444
-0.0606547
-0.0537143
-0.0382469
-0.000924631
-0.0333882
-0.0530498
-0.0574654
-0.0729301
-0.0842707
-0.100616
-0.134811
-0.196618
-0.321989
-0.383963
-1.95381
-0.499849
-0.14293
-0.141798
-0.0677972
0

0
0
0
0
0
0
0
0
0
0
0
0
0
0
0
0
0
0
0
0
0
0


0
0
0
0
0
0
0
0
0
0
0
0
0
0
0
0
0
0
0
0
0
0

0
-0.639083
-0.632973
-0.633899
-0.631244
-0.818888
-0.643104
-0.638305
-0.636157
-0.636344
-0.634488
-0.634112
-0.632425
-0.63701
-0.641402
-0.648596
-0.675803
-0.639599
-0.628983
-0.634671
-0.633851
0

0
-0.297439
-0.28754
-0.287541
-0.292007
-0.261681
-0.274657
-0.286743
-0.287712
-0.287925
-0.28825
-0.28874
-0.290532
-0.289582
-0.289366
-0.289838
-0.292396
-0.282999
-0.280554
-0.284776
-0.285096
0

0
-0.301928
-0.29267
-0.292431
-0.294913
-0.330919
-0.291685
-0.292237
-0.29261
-0.292472
-0.292436
-0.292484
-0.29392
-0.29379
-0.294028
-0.295399
-0.28182
-0.289978
-0.288473
-0.292308
-0.290641
0

0
-0.301953
-0.293042
-0.29268
-0.29374
-0.328816
-0.295022
-0.29234
-0.292429
-0.292185
-0.292356
-0.292351
-0.292682
-0.2936
-0.294057
-0.296193
-0.28533
-0.289907
-0.288281
-0.292762
-0.290864
0

0
-0.301949
-0.292977
-0.292874
-0.293367
-0.311928
-0.294589
-0.292319
-0.292332
-0.291993
-0.292262
-0.292229
-0.291344
-0.293409
-0.294266
-0.297268
-0.295321
-0.292157
-0.289055
-0.293533
-0.291191
0

0
-0.301922
-0.292751
-0.292791
-0.293027
-0.301448
-0.293707
-0.292241
-0.292142
-0.291875
-0.292181
-0.292189
-0.292212
-0.293215
-0.294583
-0.297241
-0.301171
-0.295264
-0.290385
-0.294639
-0.291599
0

0
-0.301888
-0.292532
-0.292525
-0.292543
-0.295587
-0.292823
-0.292077
-0.291644
-0.291775
-0.292121
-0.292206
-0.292741
-0.292708
-0.294843
-0.296206
-0.305258
-0.298525
-0.291482
-0.29614
-0.292063
0

0
-0.301855
-0.292374
-0.292254
-0.291955
-0.291238
-0.291668
-0.291849
-0.291083
-0.291709
-0.292083
-0.292224
-0.292785
-0.292214
-0.295039
-0.297681
-0.309814
-0.302867
-0.292417
-0.298162
-0.292526
0

0
-0.301829
-0.29228
-0.292057
-0.291374
-0.28457
-0.290096
-0.291629
-0.291256
-0.291763
-0.292069
-0.292222
-0.292665
-0.291873
-0.295127
-0.299071
-0.314712
-0.311495
-0.294519
-0.300679
-0.2929
0

0
-0.30181
-0.292242
-0.291943
-0.291134
-0.284846
-0.289211
-0.291527
-0.291736
-0.291892
-0.292074
-0.292208
-0.29253
-0.291723
-0.294899
-0.295974
-0.316568
-0.334901
-0.30007
-0.303167
-0.293078
0

0
-0.301797
-0.292251
-0.291902
-0.291487
-0.297549
-0.291478
-0.29175
-0.292128
-0.292024
-0.292086
-0.292192
-0.292444
-0.292107
-0.293644
-0.282575
-0.304858
-0.375708
-0.308311
-0.30546
-0.292976
0

0
-0.301788
-0.292276
-0.291903
-0.291885
-0.297184
-0.292806
-0.292037
-0.292412
-0.29213
-0.292099
-0.292182
-0.29243
-0.2928
-0.290785
-0.2646
-0.265732
-0.426207
-0.319688
-0.307719
-0.292581
0

0
-0.301778
-0.292227
-0.291949
-0.292176
-0.295233
-0.293083
-0.292228
-0.292573
-0.292194
-0.292105
-0.292183
-0.292484
-0.293193
-0.289258
-0.335593
-0.249461
-0.479982
-0.331748
-0.309928
-0.29192
0

0
-0.298884
-0.289081
-0.288997
-0.289084
-0.291006
-0.289836
-0.289243
-0.289532
-0.289383
-0.289348
-0.289463
-0.289907
-0.291708
-0.300076
-0.360187
-0.439475
-0.541884
-0.341772
-0.310277
-0.288342
0

0
-0.0881535
-0.0600664
-0.0535094
-0.0407571
-0.0129809
-0.0377869
-0.053949
-0.0593531
-0.0717883
-0.0815353
-0.0959918
-0.124857
-0.177094
-0.283373
-0.377987
-1.45073
-0.406533
-0.116822
-0.119829
-0.063039
0

0
0
0
0
0
0
0
0
0
0
0
0
0
0
0
0
0
0
0
0
0
0


0
0
0
0
0
0
0
0
0
0
0
0
0
0
0
0
0
0
0
0
0
0

0
-0.639181
-0.633502
-0.634119
-0.632568
-0.637498
-0.642505
-0.636976
-0.635906
-0.635831
-0.634502
-0.634071
-0.633331
-0.63663
-0.640161
-0.645793
-0.65808
-0.640036
-0.632107
-0.635901
-0.630074
0

0
-0.297339
-0.287652
-0.287541
-0.288409
-0.282403
-0.285012
-0.287241
-0.287622
-0.287792
-0.28815
-0.288616
-0.289499
-0.2892
-0.28918
-0.289514
-0.289777
-0.283203
-0.280874
-0.284684
-0.281161
0

0
-0.301877
-0.292449
-0.29238
-0.293656
-0.291312
-0.29058
-0.292201
-0.292464
-0.292399
-0.292377
-0.292427
-0.293049
-0.293284
-0.293729
-0.294856
-0.290871
-0.291142
-0.289327
-0.292288
-0.286673
0

0
-0.301896
-0.292659
-0.292523
-0.293451
-0.297185
-0.292474
-0.292241
-0.292356
-0.292226
-0.292315
-0.29234
-0.292588
-0.293169
-0.293682
-0.294986
-0.290212
-0.291314
-0.289415
-0.29269
-0.286765
0

0
-0.3019
-0.292692
-0.292607
-0.293167
-0.298864
-0.293185
-0.292249
-0.292238
-0.292084
-0.292248
-0.292257
-0.292066
-0.292994
-0.293702
-0.295328
-0.29393
-0.292718
-0.289992
-0.293301
-0.286906
0

0
-0.301887
-0.29261
-0.29257
-0.29285
-0.296989
-0.293026
-0.292187
-0.292068
-0.291977
-0.292185
-0.292212
-0.292181
-0.292788
-0.29374
-0.295369
-0.297837
-0.295106
-0.290936
-0.294143
-0.287076
0

0
-0.301865
-0.292493
-0.292432
-0.292464
-0.294158
-0.292497
-0.292067
-0.291813
-0.291897
-0.292135
-0.2922
-0.292394
-0.292487
-0.293723
-0.295015
-0.301071
-0.298456
-0.292148
-0.29525
-0.287252
0

0
-0.301841
-0.292387
-0.292265
-0.292032
-0.291317
-0.291772
-0.291916
-0.291582
-0.291853
-0.292101
-0.292198
-0.292459
-0.29217
-0.293611
-0.294976
-0.304064
-0.303561
-0.29379
-0.296635
-0.287397
0

0
-0.301819
-0.29231
-0.292122
-0.291638
-0.288302
-0.290977
-0.291784
-0.291598
-0.29187
-0.292084
-0.292191
-0.292418
-0.291929
-0.293354
-0.294495
-0.306649
-0.312394
-0.296448
-0.298232
-0.287461
0

0
-0.301802
-0.292264
-0.292027
-0.29146
-0.287375
-0.290586
-0.291735
-0.291797
-0.291935
-0.29208
-0.292179
-0.292351
-0.291832
-0.292854
-0.291925
-0.307218
-0.327465
-0.300638
-0.299866
-0.287389
0

0
-0.301788
-0.292241
-0.291984
-0.291625
-0.291955
-0.291336
-0.291835
-0.292025
-0.292015
-0.292083
-0.292167
-0.292308
-0.29198
-0.29199
-0.286114
-0.301741
-0.348145
-0.305933
-0.30141
-0.28714
0

0
-0.301777
-0.292222
-0.291979
-0.291889
-0.293939
-0.292172
-0.292005
-0.292212
-0.292086
-0.292089
-0.29216
-0.292314
-0.292335
-0.291019
-0.281428
-0.285923
-0.373298
-0.311962
-0.302874
-0.286706
0

0
-0.301766
-0.292171
-0.292004
-0.292112
-0.29399
-0.292593
-0.292149
-0.292322
-0.292133
-0.292092
-0.292162
-0.29238
-0.292811
-0.291654
-0.30475
-0.281104
-0.401421
-0.317475
-0.304268
-0.286104
0

0
-0.298892
-0.289179
-0.289054
-0.28911
-0.290539
-0.289613
-0.289229
-0.289428
-0.28934
-0.289324
-0.289412
-0.28975
-0.291086
-0.29606
-0.326627
-0.386637
-0.436176
-0.32116
-0.303609
-0.282671
0

0
-0.0878969
-0.0597241
-0.053378
-0.0431481
-0.0238138
-0.0417172
-0.054593
-0.0604423
-0.070467
-0.0788784
-0.0913613
-0.115145
-0.157887
-0.241358
-0.33707
-1.02794
-0.337449
-0.104362
-0.106635
-0.0574569
0

0
0
0
0
0
0
0
0
0
0
0
0
0
0
0
0
0
0
0
0
0
0


0
0
0
0
0
0
0
0
0
0
0
0
0
0
0
0
0
0
0
0
0
0

0
-0.639294
-0.633928
-0.634302
-0.633819
-0.633776
-0.637972
-0.636222
-0.635638
-0.635473
-0.634498
-0.634061
-0.63372
-0.636169
-0.639003
-0.643339
-0.649988
-0.640916
-0.635229
-0.637129
-0.626274
0

0
-0.297234
-0.287601
-0.287485
-0.287601
-0.286463
-0.287068
-0.287382
-0.287551
-0.287703
-0.288059
-0.288501
-0.289063
-0.288956
-0.288973
-0.289155
-0.288959
-0.283534
-0.281148
-0.284639
-0.277208
0

0
-0.30184
-0.292358
-0.29233
-0.292842
-0.291844
-0.291801
-0.292316
-0.292402
-0.292361
-0.292346
-0.29239
-0.292685
-0.292979
-0.293433
-0.294349
-0.293502
-0.291808
-0.289951
-0.292281
-0.28269
0

0
-0.301851
-0.292475
-0.292412
-0.292941
-0.293937
-0.292215
-0.292256
-0.292313
-0.292244
-0.292294
-0.292327
-0.292496
-0.292872
-0.293326
-0.294256
-0.292843
-0.292143
-0.290283
-0.292635
-0.282656
0

0
-0.301858
-0.29252
-0.292457
-0.292865
-0.294927
-0.292584
-0.292228
-0.292213
-0.292141
-0.292242
-0.292266
-0.292266
-0.292723
-0.293242
-0.294282
-0.294155
-0.293197
-0.290871
-0.293131
-0.282623
0

0
-0.301853
-0.292498
-0.292439
-0.292682
-0.294526
-0.292599
-0.292174
-0.292089
-0.292055
-0.292191
-0.292222
-0.29222
-0.292544
-0.293147
-0.294218
-0.296244
-0.295059
-0.291726
-0.293784
-0.282577
0

0
-0.30184
-0.29244
-0.292364
-0.292428
-0.293321
-0.292343
-0.29209
-0.291944
-0.29199
-0.292148
-0.292197
-0.292262
-0.29233
-0.293004
-0.293967
-0.298347
-0.297869
-0.292878
-0.294609
-0.282504
0

0
-0.301823
-0.292375
-0.292262
-0.29214
-0.291839
-0.29194
-0.29199
-0.291827
-0.291952
-0.292117
-0.292182
-0.29228
-0.292112
-0.292791
-0.293618
-0.300287
-0.302078
-0.294416
-0.295596
-0.282386
0

0
-0.301806
-0.292318
-0.292164
-0.291883
-0.290398
-0.291522
-0.291905
-0.291808
-0.291949
-0.292097
-0.292169
-0.292258
-0.291941
-0.292491
-0.292914
-0.301865
-0.308424
-0.296495
-0.296701
-0.282197
0

0
-0.30179
-0.292275
-0.292091
-0.291749
-0.289832
-0.291315
-0.291872
-0.291886
-0.291977
-0.292087
-0.292156
-0.292223
-0.291868
-0.292102
-0.291368
-0.302428
-0.317449
-0.299142
-0.297843
-0.281911
0

0
-0.301777
-0.292242
-0.29205
-0.291797
-0.2912
-0.291557
-0.291915
-0.292003
-0.292021
-0.292084
-0.292146
-0.292206
-0.291944
-0.291697
-0.28905
-0.300742
-0.328858
-0.302109
-0.298953
-0.281511
0

0
-0.301766
-0.292212
-0.292037
-0.291939
-0.292474
-0.291978
-0.292008
-0.292115
-0.292065
-0.292084
-0.292141
-0.292227
-0.292186
-0.291606
-0.288216
-0.296348
-0.342503
-0.30509
-0.300011
-0.280997
0

0
-0.301755
-0.292168
-0.292043
-0.292083
-0.292984
-0.292296
-0.292102
-0.29219
-0.292096
-0.292083
-0.292143
-0.292299
-0.292628
-0.292669
-0.297287
-0.299561
-0.358721
-0.307724
-0.301025
-0.280383
0

0
-0.298898
-0.28925
-0.289127
-0.289159
-0.290033
-0.289447
-0.289231
-0.289354
-0.289307
-0.289301
-0.289364
-0.28962
-0.290665
-0.294196
-0.309514
-0.355872
-0.379258
-0.308275
-0.299762
-0.276989
0

0
-0.0876722
-0.0594798
-0.053289
-0.0453029
-0.0329164
-0.0450343
-0.0549899
-0.0608588
-0.0690249
-0.0762996
-0.0867838
-0.105631
-0.13885
-0.200448
-0.2805
-0.704632
-0.283684
-0.102261
-0.0988722
-0.0512479
0

0
0
0
0
0
0
0
0
0
0
0
0
0
0
0
0
0
0
0
0
0
0


0
0
0
0
0
0
0
0
0
0
0
0
0
0
0
0
0
0
0
0
0
0

0
-0.637915
-0.632957
-0.633244
-0.633175
-0.632662
-0.635401
-0.634709
-0.634351
-0.634123
-0.633201
-0.6327
-0.632553
-0.634506
-0.637247
-0.641287
-0.646558
-0.645811
-0.64271
-0.64017
-0.621829
0

0
-0.295578
-0.286191
-0.286147
-0.286107
-0.28615
-0.286203
-0.286237
-0.286356
-0.28645
-0.286622
-0.286984
-0.287495
-0.287502
-0.288001
-0.288786
-0.289584
-0.287615
-0.285892
-0.286371
-0.272532
0

0
-0.300281
-0.291005
-0.291044
-0.291234
-0.290954
-0.291166
-0.291262
-0.291255
-0.291173
-0.290986
-0.290965
-0.291193
-0.291535
-0.292422
-0.29388
-0.295243
-0.296157
-0.295067
-0.294105
-0.277998
0

0
-0.300297
-0.291099
-0.291106
-0.29136
-0.291604
-0.291141
-0.291173
-0.291165
-0.29107
-0.290931
-0.290911
-0.291103
-0.291425
-0.292258
-0.293642
-0.294729
-0.296712
-0.295834
-0.294522
-0.277838
0

0
-0.300316
-0.291171
-0.291159
-0.291398
-0.292074
-0.291234
-0.291114
-0.291068
-0.290971
-0.290876
-0.290856
-0.290984
-0.291292
-0.292096
-0.293448
-0.294979
-0.297755
-0.296914
-0.295089
-0.277638
0

0
-0.300329
-0.291207
-0.291181
-0.291361
-0.292084
-0.291259
-0.291056
-0.290958
-0.290876
-0.290819
-0.290803
-0.290903
-0.291135
-0.291915
-0.293224
-0.29576
-0.299393
-0.298323
-0.295803
-0.27739
0

0
-0.300336
-0.291215
-0.291173
-0.291271
-0.29171
-0.291176
-0.290992
-0.290844
-0.290793
-0.290764
-0.290754
-0.290857
-0.290964
-0.291711
-0.292928
-0.296753
-0.301724
-0.300075
-0.296662
-0.27709
0

0
-0.300338
-0.291206
-0.291145
-0.291154
-0.291128
-0.291016
-0.290927
-0.290747
-0.290727
-0.290713
-0.290709
-0.290812
-0.290804
-0.29149
-0.292581
-0.2978
-0.304889
-0.302166
-0.297648
-0.276734
0

0
-0.300338
-0.29119
-0.291112
-0.291047
-0.290531
-0.290841
-0.290875
-0.290697
-0.290685
-0.290668
-0.290664
-0.29076
-0.29069
-0.291286
-0.292172
-0.298864
-0.309055
-0.304563
-0.298723
-0.276316
0

0
-0.300337
-0.291174
-0.291086
-0.290998
-0.290249
-0.290754
-0.290855
-0.2907
-0.290665
-0.29063
-0.29062
-0.290711
-0.290668
-0.29117
-0.291721
-0.299982
-0.314308
-0.307152
-0.299833
-0.275827
0

0
-0.300336
-0.291159
-0.291075
-0.291036
-0.290628
-0.290848
-0.290878
-0.29074
-0.29066
-0.290597
-0.290579
-0.290683
-0.290784
-0.29129
-0.291533
-0.30142
-0.320659
-0.309742
-0.300926
-0.275265
0

0
-0.300336
-0.291141
-0.291078
-0.291136
-0.291238
-0.291065
-0.290935
-0.290795
-0.290664
-0.290568
-0.290543
-0.290694
-0.291077
-0.291993
-0.29261
-0.304295
-0.328419
-0.312145
-0.301973
-0.274636
0

0
-0.300333
-0.291116
-0.291092
-0.291254
-0.291694
-0.291289
-0.291004
-0.290842
-0.290665
-0.29054
-0.290514
-0.290755
-0.291598
-0.293481
-0.297854
-0.313987
-0.3384
-0.314221
-0.302965
-0.273951
0

0
-0.2975
-0.288255
-0.288237
-0.288446
-0.289032
-0.288554
-0.288195
-0.28804
-0.287861
-0.287717
-0.287676
-0.288022
-0.289669
-0.293927
-0.304683
-0.347405
-0.350738
-0.313625
-0.3014
-0.27051
0

0
-0.086065
-0.0582075
-0.0522351
-0.046431
-0.0398519
-0.0470296
-0.054143
-0.0595551
-0.066091
-0.0722232
-0.0806301
-0.0948072
-0.119454
-0.162354
-0.222664
-0.472371
-0.241699
-0.117831
-0.0980351
-0.0437275
0

0
0
0
0
0
0
0
0
0
0
0
0
0
0
0
0
0
0
0
0
0
0


0
0
0
0
0
0
0
0
0
0
0
0
0
0
0
0
0
0
0
0
0
0

0
-0.578537
-0.550254
-0.556643
-0.559331
-0.563531
-0.574465
-0.568652
-0.566193
-0.560829
-0.541577
-0.528165
-0.524713
-0.544291
-0.588021
-0.641517
-0.69547
-0.775373
-0.769937
-0.684521
-0.566706
0

0
-0.237282
-0.204908
-0.210676
-0.212651
-0.215415
-0.226167
-0.221158
-0.218886
-0.213747
-0.195648
-0.183114
-0.180231
-0.197758
-0.239362
-0.289915
-0.341835
-0.420131
-0.414666
-0.331432
-0.218042
0

0
-0.242582
-0.21113
-0.216285
-0.217722
-0.216472
-0.229747
-0.225779
-0.223104
-0.217666
-0.199621
-0.18675
-0.18357
-0.200433
-0.241869
-0.292498
-0.34746
-0.43367
-0.428638
-0.340332
-0.223084
0

0
-0.243288
-0.213024
-0.217252
-0.218214
-0.213604
-0.227467
-0.224822
-0.221787
-0.21618
-0.198805
-0.185934
-0.182642
-0.197885
-0.238284
-0.287713
-0.34452
-0.440819
-0.436481
-0.342396
-0.222121
0

0
-0.244061
-0.215102
-0.21839
-0.219116
-0.212687
-0.225499
-0.223651
-0.220006
-0.214226
-0.197645
-0.184636
-0.180823
-0.194005
-0.232978
-0.280764
-0.339733
-0.449542
-0.44662
-0.345047
-0.220824
0

0
-0.244824
-0.217118
-0.219599
-0.220348
-0.213573
-0.224271
-0.222422
-0.217853
-0.211911
-0.196146
-0.182787
-0.17783
-0.188528
-0.225614
-0.271194
-0.333016
-0.459324
-0.458522
-0.348071
-0.219225
0

0
-0.245512
-0.218897
-0.220779
-0.221811
-0.215587
-0.223849
-0.221254
-0.21546
-0.209366
-0.194337
-0.180371
-0.173598
-0.181225
-0.215755
-0.258167
-0.323464
-0.469359
-0.47151
-0.351211
-0.217368
0

0
-0.246082
-0.220345
-0.221846
-0.223412
-0.218142
-0.224103
-0.220219
-0.212995
-0.206719
-0.192262
-0.177418
-0.168199
-0.17193
-0.202886
-0.240573
-0.309182
-0.478388
-0.484712
-0.35416
-0.215302
0

0
-0.246513
-0.221438
-0.222744
-0.225083
-0.220931
-0.224843
-0.219354
-0.210652
-0.204092
-0.189974
-0.173988
-0.161757
-0.16059
-0.186458
-0.217103
-0.28722
-0.484714
-0.497152
-0.356598
-0.213081
0

0
-0.246798
-0.222195
-0.223451
-0.226786
-0.223982
-0.225899
-0.218676
-0.208619
-0.201588
-0.187534
-0.170163
-0.154423
-0.147284
-0.165947
-0.186133
-0.253332
-0.486567
-0.507961
-0.358254
-0.210762
0

0
-0.246949
-0.222664
-0.223967
-0.228524
-0.227673
-0.22721
-0.218188
-0.207017
-0.199279
-0.185001
-0.166035
-0.146359
-0.132222
-0.140947
-0.145823
-0.201559
-0.48266
-0.516672
-0.358978
-0.208398
0

0
-0.246984
-0.222901
-0.224305
-0.230297
-0.232327
-0.228823
-0.217893
-0.205875
-0.197202
-0.182432
-0.161702
-0.137741
-0.115698
-0.111376
-0.0948464
-0.124274
-0.472631
-0.523395
-0.358781
-0.206042
0

0
-0.246933
-0.222963
-0.224486
-0.232085
-0.237822
-0.230759
-0.217778
-0.205146
-0.195362
-0.179885
-0.157269
-0.12876
-0.0980602
-0.0779034
-0.0351793
-0.0137449
-0.45717
-0.528843
-0.35784
-0.203737
0

0
-0.244033
-0.220114
-0.221732
-0.231047
-0.24101
-0.230153
-0.21501
-0.201935
-0.190955
-0.17462
-0.150011
-0.116747
-0.077024
-0.039536
0.0282904
0.130666
-0.436206
-0.531528
-0.353811
-0.198806
0

0
-0.0329477
0.00972749
0.014032
0.00747109
-0.00463668
0.0064646
0.018481
0.0264684
0.0330788
0.044907
0.0650375
0.0943225
0.130996
0.168679
0.234068
0.384438
-0.278087
-0.353742
-0.148084
0.0298074
0

0
0
0
0
0
0
0
0
0
0
0
0
0
0
0
0
0
0
0
0
0
0


0
0
0
0
0
0
0
0
0
0
0
0
0
0
0
0
0
0
0
0
0
0

0
0
0
0
0
0
0
0
0
0
0
0
0
0
0
0
0
0
0
0
0
0

0
0
0
0
0
0
0
0
0
0
0
0
0
0
0
0
0
0
0
0
0
0

0
0
0
0
0
0
0
0
0
0
0
0
0
0
0
0
0
0
0
0
0
0

0
0
0
0
0
0
0
0
0
0
0
0
0
0
0
0
0
0
0
0
0
0

0
0
0
0
0
0
0
0
0
0
0
0
0
0
0
0
0
0
0
0
0
0

0
0
0
0
0
0
0
0
0
0
0
0
0
0
0
0
0
0
0
0
0
0

0
0
0
0
0
0
0
0
0
0
0
0
0
0
0
0
0
0
0
0
0
0

0
0
0
0
0
0
0
0
0
0
0
0
0
0
0
0
0
0
0
0
0
0

0
0
0
0
0
0
0
0
0
0
0
0
0
0
0
0
0
0
0
0
0
0

0
0
0
0
0
0
0
0
0
0
0
0
0
0
0
0
0
0
0
0
0
0

0
0
0
0
0
0
0
0
0
0
0
0
0
0
0
0
0
0
0
0
0
0

0
0
0
0
0
0
0
0
0
0
0
0
0
0
0
0
0
0
0
0
0
0

0
0
0
0
0
0
0
0
0
0
0
0
0
0
0
0
0
0
0
0
0
0

0
0
0
0
0
0
0
0
0
0
0
0
0
0
0
0
0
0
0
0
0
0

0
0
0
0
0
0
0
0
0
0
0
0
0
0
0
0
0
0
0
0
0
0

0
0
0
0
0
0
0
0
0
0
0
0
0
0
0
0
0
0
0
0
0
0


