0
0
0
0
0
0
0
0
0
0
0
0
0
0
0
0
0
0
0
0
0
0

0
0
0
0
0
0
0
0
0
0
0
0
0
0
0
0
0
0
0
0
0
0

0
0
0
0
0
0
0
0
0
0
0
0
0
0
0
0
0
0
0
0
0
0

0
0
0
0
0
0
0
0
0
0
0
0
0
0
0
0
0
0
0
0
0
0

0
0
0
0
0
0
0
0
0
0
0
0
0
0
0
0
0
0
0
0
0
0

0
0
0
0
0
0
0
0
0
0
0
0
0
0
0
0
0
0
0
0
0
0

0
0
0
0
0
0
0
0
0
0
0
0
0
0
0
0
0
0
0
0
0
0

0
0
0
0
0
0
0
0
0
0
0
0
0
0
0
0
0
0
0
0
0
0

0
0
0
0
0
0
0
0
0
0
0
0
0
0
0
0
0
0
0
0
0
0

0
0
0
0
0
0
0
0
0
0
0
0
0
0
0
0
0
0
0
0
0
0

0
0
0
0
0
0
0
0
0
0
0
0
0
0
0
0
0
0
0
0
0
0

0
0
0
0
0
0
0
0
0
0
0
0
0
0
0
0
0
0
0
0
0
0

0
0
0
0
0
0
0
0
0
0
0
0
0
0
0
0
0
0
0
0
0
0

0
0
0
0
0
0
0
0
0
0
0
0
0
0
0
0
0
0
0
0
0
0

0
0
0
0
0
0
0
0
0
0
0
0
0
0
0
0
0
0
0
0
0
0

0
0
0
0
0
0
0
0
0
0
0
0
0
0
0
0
0
0
0
0
0
0

0
0
0
0
0
0
0
0
0
0
0
0
0
0
0
0
0
0
0
0
0
0


0
0
0
0
0
0
0
0
0
0
0
0
0
0
0
0
0
0
0
0
0
0

0
-1.45891e+82
-8.51229e+82
-1.15442e+84
-5.21811e+84
-4.116e+85
-2.17725e+86
-3.84976e+87
-6.74929e+88
-3.79024e+90
-1.01491e+92
-1.38836e+93
-2.34253e+93
-2.91151e+92
-7.14162e+93
-2.0652e+93
-1.53076e+91
-4.20104e+90
-8.44528e+88
-2.51645e+87
-4.70891e+86
0

0
-1.52651e+82
1.0693e+83
-1.30329e+84
-7.46018e+84
-5.76032e+85
-3.85118e+86
-2.43205e+87
-6.10722e+88
-3.6218e+90
1.57122e+91
-2.49643e+91
8.89761e+93
-7.63201e+93
-4.38772e+93
-1.11952e+93
-1.76895e+92
-7.94708e+90
-1.36494e+89
-3.46372e+87
-5.33863e+86
0

0
-1.3178e+82
-9.1064e+82
-1.7516e+84
-1.74983e+85
-2.159e+85
-4.67265e+86
7.84953e+87
-2.2427e+89
-3.99533e+90
-8.85608e+91
-2.35926e+93
-1.64729e+94
-3.58509e+94
-6.61258e+93
-1.65668e+93
-1.85119e+92
-2.36913e+90
-1.91913e+89
-5.56618e+87
-7.21156e+86
0

0
-1.14087e+82
3.75412e+83
-2.68623e+84
5.12166e+84
-1.02274e+86
-5.47423e+86
-1.99648e+88
-1.83152e+89
5.7055e+90
-2.01811e+92
-3.29697e+92
-3.71745e+93
-1.97184e+95
-1.07872e+94
2.14438e+93
-1.18216e+92
-8.75362e+90
-2.42522e+89
-9.79723e+87
-9.89282e+86
0

0
-9.46344e+81
-4.3202e+83
8.11146e+84
-4.99034e+84
-2.62723e+85
-8.19367e+86
-1.33058e+88
1.56424e+87
-1.23249e+91
-2.59596e+92
-2.85346e+93
-3.91218e+94
-9.94204e+95
-4.15204e+94
-7.20798e+93
-3.06856e+92
-8.26775e+90
-2.42295e+89
-2.43202e+88
-1.28566e+87
0

0
-7.62717e+81
-6.62176e+82
-4.61524e+84
-7.4661e+84
-6.57791e+85
-1.04017e+87
-2.02131e+88
-3.20578e+89
-1.1397e+91
-4.08737e+92
-7.41799e+93
-4.82701e+94
-8.58236e+96
-4.35655e+94
-8.98517e+93
-4.98294e+92
-3.52105e+90
-4.11307e+89
-1.78305e+88
-1.51537e+87
0

0
-6.16742e+81
-6.03035e+82
-5.27872e+83
-5.18436e+84
-6.61622e+85
-1.17134e+87
-3.92686e+88
-4.12685e+89
1.1316e+90
-5.95315e+92
-1.73171e+94
-1.819e+95
-3.59034e+96
-2.05031e+95
-1.62576e+94
-7.19194e+92
1.42285e+90
-5.28585e+89
-3.42429e+88
-1.57413e+87
0

0
-5.08688e+81
-5.53528e+82
-4.7636e+83
-4.66595e+84
2.6421e+85
-1.21461e+87
-1.23132e+88
-5.32268e+89
6.74506e+89
-7.94821e+92
-1.41553e+94
-1.16024e+95
6.65261e+95
-1.22804e+95
-2.2531e+94
-5.36459e+92
9.21405e+89
-5.59471e+89
-3.26537e+88
-9.80783e+86
0

0
-3.10483e+81
-3.59388e+82
-3.61895e+83
-1.02289e+85
-3.28537e+85
-3.4262e+86
-2.32133e+88
-3.31837e+89
-3.64376e+90
-6.58395e+92
-1.12612e+94
-1.77605e+95
-3.50504e+96
-2.01827e+95
-1.99863e+94
-3.68014e+92
-1.31477e+89
-4.71163e+89
-1.93071e+88
-1.50074e+87
0

0
-3.45832e+81
-3.2641e+82
-2.63108e+83
-2.1805e+84
-2.74926e+86
-2.53129e+86
-1.71873e+88
-3.10194e+89
-7.87163e+90
-1.3974e+93
-3.20128e+93
-4.89943e+94
-5.7822e+95
-5.38688e+94
-3.87642e+93
-4.48863e+92
8.25613e+90
-8.5055e+89
-2.66599e+88
-6.95383e+86
0

0
-4.14597e+81
-3.17762e+82
-2.42841e+83
-2.04111e+84
3.06283e+85
-1.68431e+87
-1.12617e+88
-1.13835e+89
-3.61403e+92
-2.10304e+93
2.55953e+93
-1.29964e+93
-4.42622e+94
1.66643e+93
-1.1725e+93
-2.14973e+92
-3.12387e+91
-3.40684e+89
-1.51911e+88
-4.14166e+86
0

0
-5.02471e+81
-8.03133e+82
-3.22583e+83
-1.81173e+84
-1.90506e+85
-2.96834e+86
-4.75111e+87
-3.07181e+89
-5.49539e+90
1.46074e+93
-2.65549e+93
-3.20198e+93
9.57188e+94
5.77915e+93
-1.59746e+93
-6.91505e+90
1.31538e+90
-2.59313e+89
-9.54862e+87
-1.69285e+86
0

0
-9.20278e+81
-4.71335e+82
-2.61254e+83
-1.57273e+84
-1.63153e+85
-2.48974e+86
-8.6294e+87
-4.32297e+89
-1.59431e+89
1.24581e+91
-9.78935e+92
-3.42259e+93
-1.82341e+94
-1.52847e+94
-3.02376e+93
-1.60387e+92
-5.65299e+90
-2.03514e+89
-7.07149e+87
-2.41056e+86
0

0
-8.99988e+81
8.65299e+82
-2.40826e+82
-2.13697e+84
-1.92208e+85
-2.9062e+86
-6.32611e+87
1.99714e+88
-4.49731e+90
-1.2069e+92
-5.06008e+92
-5.07192e+93
-6.62353e+92
-5.66762e+93
1.00628e+93
-6.30271e+91
-3.68419e+90
-2.29934e+89
1.20078e+87
-4.90217e+86
0

0
-1.16533e+82
-1.15464e+83
-5.66265e+83
2.29698e+84
-2.22252e+85
-5.08245e+86
-9.7887e+87
-2.5296e+89
-5.79645e+90
-5.49074e+91
-7.0719e+91
-1.84869e+93
-2.37123e+93
7.48516e+92
-7.71827e+91
-7.41931e+91
-3.52896e+90
-2.73694e+88
3.65563e+87
-1.44889e+87
0

0
0
0
0
0
0
0
0
0
0
0
0
0
0
0
0
0
0
0
0
0
0


0
0
0
0
0
0
0
0
0
0
0
0
0
0
0
0
0
0
0
0
0
0

0
-1.40253e+82
-7.93061e+82
-6.06352e+83
-4.72061e+84
-3.30394e+85
-1.56927e+86
1.05486e+87
-8.94482e+88
-3.40182e+90
-4.08689e+91
7.20767e+92
-1.1062e+94
-1.01798e+94
-9.90856e+93
-1.16407e+93
-7.26539e+91
-4.28218e+90
-9.12857e+88
-2.42159e+87
-3.96756e+86
0

0
-1.24639e+82
-7.90187e+82
-3.56037e+83
-2.3622e+84
-3.50307e+85
2.49735e+85
-3.01531e+87
-1.22915e+89
-6.51274e+90
-1.45504e+92
-1.57688e+93
-1.76457e+94
-3.26298e+94
-1.37925e+94
-1.8688e+93
-9.40114e+91
-5.03428e+90
-1.47072e+89
-3.29591e+87
-4.16736e+86
0

0
-1.24393e+82
-7.1506e+82
-5.79355e+83
-4.62625e+84
-3.66015e+85
-2.73422e+86
-3.97754e+87
-1.59264e+89
-5.04608e+90
-1.44872e+92
-3.26811e+93
-2.48861e+94
-1.01805e+95
-2.78804e+94
-3.79517e+93
-1.53786e+92
-6.12859e+90
-2.0368e+89
-5.03524e+87
-5.84295e+86
0

0
-1.07573e+82
-7.06728e+82
-4.84739e+83
-4.75047e+84
-3.97625e+85
-4.60764e+86
-7.01648e+87
-2.04951e+89
-8.94637e+90
-2.5792e+92
-6.51951e+93
-5.60541e+94
-5.75799e+96
-5.8518e+94
-9.47746e+93
-3.04826e+92
-1.08579e+91
-2.40384e+89
-8.93308e+87
-8.28212e+86
0

0
-8.92655e+81
-6.62555e+82
-4.8531e+83
-4.96378e+84
-4.98585e+85
-6.80971e+86
-1.26128e+88
-2.91252e+89
-1.16801e+91
-5.81543e+92
-1.35202e+94
-3.79628e+95
-1.34646e+97
-4.10105e+95
-1.39986e+94
-6.71724e+92
-1.20559e+91
-3.5966e+89
-1.59392e+88
-1.10417e+87
0

0
-7.22741e+81
-6.16675e+82
-5.19499e+83
-4.78847e+84
-5.51488e+85
-8.97135e+86
-1.99394e+88
-4.81119e+89
-1.07634e+91
-1.23316e+93
-1.43351e+94
-4.18308e+96
3.53523e+97
-4.40558e+96
-1.61999e+94
-1.46578e+93
-1.30488e+91
-5.84478e+89
-2.50028e+88
-1.32577e+87
0

0
-5.92133e+81
-5.74353e+82
-4.89231e+83
-4.61824e+84
-5.71603e+85
-1.03649e+87
-2.5789e+88
-7.09498e+89
-1.42622e+91
-2.31603e+93
-1.37482e+95
1.11221e+96
-3.12835e+97
1.16707e+96
-1.55282e+95
-2.76049e+93
-1.71793e+91
-8.66275e+89
-3.21864e+88
-1.39396e+87
0

0
-4.93254e+81
-5.43529e+82
-4.58206e+83
-4.32729e+84
-5.51155e+85
-1.04529e+87
-2.68227e+88
-7.52001e+89
-1.63368e+91
-2.44644e+93
-1.29482e+95
-1.20899e+94
1.46023e+97
-3.6796e+94
-1.64096e+95
-2.92206e+93
-2.02989e+91
-9.38742e+89
-3.3052e+88
-1.25731e+87
0

0
-3.17524e+81
-3.56608e+82
-3.52435e+83
-3.99912e+84
-6.33869e+85
-9.17262e+86
-2.28037e+88
-5.71382e+89
-1.23843e+91
-1.82192e+93
-5.49201e+94
-1.75025e+96
-8.75547e+95
-1.86323e+96
-7.05793e+94
-2.1848e+93
-1.77657e+91
-7.07343e+89
-2.86296e+88
-9.63136e+86
0

0
-3.66647e+81
-3.49082e+82
-2.85661e+83
-2.49377e+84
-3.93979e+85
-9.09118e+86
-1.67809e+88
-3.86356e+89
-1.1893e+91
-6.95109e+92
-1.01239e+94
-2.33817e+95
-4.02415e+96
-2.73742e+95
-1.08387e+94
-8.24029e+92
-2.77197e+91
2.91399e+89
-2.11608e+88
-6.46312e+86
0

0
-4.48147e+81
-3.54752e+82
-2.8252e+83
-2.43479e+84
-2.58377e+85
-5.47803e+86
-1.24847e+88
-3.01178e+89
-1.00731e+91
-4.98478e+92
-7.05387e+92
3.32041e+94
1.05108e+96
4.12087e+94
-9.69095e+92
-2.52462e+92
-4.57884e+90
-3.76274e+89
-1.53434e+88
-4.06847e+86
0

0
-5.47156e+81
-1.18178e+82
-2.31863e+83
-2.39689e+84
-2.50218e+85
-3.53294e+86
-7.86833e+87
-2.28851e+89
-5.58484e+90
-8.52982e+91
-4.11165e+92
9.85104e+92
6.83032e+94
3.03793e+93
-3.21172e+92
-9.89006e+91
-6.88561e+90
-2.6647e+89
-9.75393e+87
-2.50839e+86
0

0
3.3368e+81
3.79388e+82
-1.94121e+83
-2.46656e+84
-2.45382e+85
-3.41413e+86
-6.70396e+87
-1.61488e+89
-4.62611e+90
-3.91734e+91
-7.72335e+92
-1.21279e+92
-2.53355e+94
3.95049e+92
-1.01168e+93
-5.52412e+91
-5.6826e+90
-2.16491e+89
-8.42193e+87
-3.71571e+86
0

0
-9.6031e+81
-9.93587e+82
-4.55515e+83
-2.9904e+84
-3.0345e+85
-4.08744e+86
-7.77567e+87
-1.92426e+89
-4.47328e+90
-4.57024e+91
-5.48893e+92
-5.66077e+93
9.07068e+92
-6.68309e+93
-6.46483e+92
-5.53002e+91
-5.49398e+90
-2.38407e+89
-9.96973e+87
-6.55722e+86
0

0
-1.256e+82
-7.3623e+82
-5.68028e+83
-4.93744e+84
-5.61425e+85
-6.72948e+86
-1.22015e+88
-2.80744e+89
-5.9295e+90
-5.24944e+91
-3.06605e+90
-2.44176e+93
-3.43023e+93
-2.88934e+93
2.45078e+90
-6.36351e+91
-7.32441e+90
-3.43308e+89
-2.01528e+88
-1.09344e+87
0

0
0
0
0
0
0
0
0
0
0
0
0
0
0
0
0
0
0
0
0
0
0


0
0
0
0
0
0
0
0
0
0
0
0
0
0
0
0
0
0
0
0
0
0

0
-1.38621e+82
-7.67718e+82
-5.84667e+83
-4.44944e+84
-3.01656e+85
-1.50041e+86
-1.83967e+87
-5.54628e+88
-3.18455e+90
-6.37113e+91
-1.2301e+93
-1.73192e+94
-6.08472e+94
-1.189e+94
-1.41734e+93
-7.60831e+91
-3.77628e+90
-7.55215e+88
-2.34938e+87
-3.39748e+86
0

0
-1.33586e+82
-7.3498e+82
-5.48786e+83
-4.07081e+84
-2.56531e+85
-1.5818e+86
-2.28991e+87
-1.10407e+89
-4.18554e+90
-9.52131e+91
-2.42528e+93
-2.74935e+94
-4.07479e+95
-3.0388e+94
-2.78624e+93
-1.08315e+92
-5.03336e+90
-1.3584e+89
-3.34489e+87
-3.23244e+86
0

0
-1.20964e+82
-7.11891e+82
-5.40924e+83
-4.18081e+84
-3.18401e+85
-2.51435e+86
-3.91844e+87
-1.69625e+89
-5.78824e+90
-1.86952e+92
-6.62225e+93
-8.5472e+94
-6.84008e+96
-9.2615e+94
-7.60663e+93
-2.21453e+92
-7.03164e+90
-2.06404e+89
-4.9487e+87
-4.72063e+86
0

0
-1.04446e+82
-6.76671e+82
-5.29073e+83
-4.30258e+84
-3.76887e+85
-4.07056e+86
-6.98003e+87
-2.21533e+89
-1.12051e+91
-4.94204e+92
-1.80617e+94
-1.02642e+96
4.6688e+97
-1.05992e+96
-2.08752e+94
-5.79227e+92
-1.3621e+91
-2.70815e+89
-8.83695e+87
-6.91411e+86
0

0
-8.65587e+81
-6.36226e+82
-5.12301e+83
-4.38321e+84
-4.3911e+85
-6.10347e+86
-1.29108e+88
-3.94954e+89
-1.52979e+91
-1.74232e+93
-7.43628e+94
-7.77934e+96
-4.84759e+97
-8.08386e+96
-8.33768e+94
-2.04237e+93
-1.86602e+91
-4.83792e+89
-1.62507e+88
-9.4349e+86
0

0
-7.0088e+81
-5.95065e+82
-4.90747e+83
-4.374e+84
-4.88561e+85
-8.14544e+86
-2.1103e+88
-7.80067e+89
-3.33868e+91
-3.69052e+93
-7.22752e+95
-8.10201e+96
2.53025e+97
-8.51231e+96
-7.87752e+95
-4.38929e+93
-3.97911e+91
-9.57251e+89
-2.64094e+88
-1.14917e+87
0

0
-5.76281e+81
-5.58311e+82
-4.66168e+83
-4.25073e+84
-5.0941e+85
-9.49452e+86
-2.80919e+88
-1.29561e+90
-6.81722e+91
-9.00317e+93
1.29974e+96
3.32659e+97
9.53324e+97
3.43752e+97
1.5205e+96
-1.11487e+94
-8.09069e+91
-1.6092e+90
-3.50642e+88
-1.21377e+87
0

0
-4.70336e+81
-5.25205e+82
-4.4293e+83
-4.02999e+84
-4.94827e+85
-9.60628e+86
-2.95033e+88
-1.49881e+90
-7.7504e+91
-3.56611e+94
-9.20068e+95
1.03746e+97
-1.72653e+98
9.77278e+96
-8.9505e+95
-4.65376e+94
-9.6083e+91
-1.88946e+90
-3.68066e+88
-1.08534e+87
0

0
-3.12399e+81
-3.43164e+82
-3.19813e+83
-3.55249e+84
-4.55821e+85
-8.52059e+86
-2.43207e+88
-9.77254e+89
-3.30982e+91
-7.09532e+93
1.43593e+94
5.60906e+96
4.43913e+97
5.83521e+96
-4.61402e+92
-8.86279e+93
-4.06406e+91
-1.22583e+90
-3.0206e+88
-8.09403e+86
0

0
-3.63916e+81
-3.47015e+82
-2.81117e+83
-2.3842e+84
-3.42044e+85
-6.98776e+86
-1.72336e+88
-5.31451e+89
-1.82522e+91
-1.65538e+93
1.93951e+94
-1.99895e+96
-1.56405e+97
-2.24901e+96
2.88783e+94
-1.93669e+93
-2.40139e+91
-6.62392e+89
-2.12667e+88
-5.22739e+86
0

0
-4.47798e+81
-3.55048e+82
-2.80858e+83
-2.37451e+84
-2.43426e+85
-4.40759e+86
-1.22755e+88
-3.33022e+89
-1.32973e+91
-4.00146e+92
7.03437e+93
2.87791e+95
5.06539e+96
3.3525e+95
7.58808e+93
-4.47362e+92
-1.65988e+91
-4.13698e+89
-1.50446e+88
-2.5567e+86
0

0
-5.4906e+81
-3.65497e+82
-2.8145e+83
-2.3757e+84
-2.41414e+85
-3.31531e+86
-6.68668e+87
-2.1036e+89
-6.63529e+90
-1.5066e+92
1.7234e+93
5.46124e+92
6.10151e+95
1.43528e+93
2.09595e+93
-1.76254e+92
-8.2036e+90
-2.60507e+89
-8.26903e+87
-1.91255e+86
0

0
-6.49555e+81
-7.14562e+82
-3.18566e+83
-2.38617e+84
-2.42341e+85
-3.29065e+86
-6.37272e+87
-1.68627e+89
-4.88339e+90
-7.34083e+91
-1.02233e+93
-6.6754e+93
-2.37469e+95
-8.3304e+93
-1.17237e+93
-8.7762e+91
-6.01601e+90
-2.08974e+89
-8.00164e+87
-3.26666e+86
0

0
-9.65844e+81
-4.90305e+82
-3.59875e+83
-3.03134e+84
-3.04617e+85
-4.03168e+86
-7.51683e+87
-1.84627e+89
-4.49539e+90
-5.68876e+91
-6.63813e+92
-1.13172e+94
-6.95284e+93
-1.31763e+94
-7.79717e+92
-6.90005e+91
-5.52605e+90
-2.28828e+89
-9.64376e+87
-6.20395e+86
0

0
-1.28526e+82
-7.61682e+82
-5.95627e+83
-5.24753e+84
-5.44131e+85
-7.17661e+86
-1.27005e+88
-2.83378e+89
-6.0223e+90
-6.09676e+91
-1.33045e+89
-4.13167e+93
6.75248e+92
-4.87723e+93
4.45196e+90
-7.39679e+91
-7.40217e+90
-3.51356e+89
-1.62166e+88
-1.14479e+87
0

0
0
0
0
0
0
0
0
0
0
0
0
0
0
0
0
0
0
0
0
0
0


0
0
0
0
0
0
0
0
0
0
0
0
0
0
0
0
0
0
0
0
0
0

0
-1.35239e+82
-7.33231e+82
-5.46858e+83
-4.08221e+84
-2.77842e+85
-1.6507e+86
-2.20983e+87
-5.87298e+88
-2.8265e+90
-6.0528e+91
-1.3258e+93
-1.43036e+94
-2.38858e+95
-1.55364e+94
-1.52607e+93
-7.20173e+91
-3.37332e+90
-6.99854e+88
-2.80066e+87
-3.12077e+86
0

0
-1.29035e+82
-6.95771e+82
-5.01836e+83
-3.59002e+84
-2.36959e+85
-1.5533e+86
-3.27148e+87
-9.83071e+88
-4.01639e+90
-9.42828e+91
-3.13255e+93
-7.41586e+94
-2.40952e+96
-7.93698e+94
-3.57677e+93
-1.12075e+92
-4.82491e+90
-1.20545e+89
-4.02087e+87
-2.61641e+86
0

0
-1.16717e+82
-6.71814e+82
-4.95863e+83
-3.69435e+84
-2.73099e+85
-2.28289e+86
-4.19699e+87
-1.725e+89
-5.91949e+90
-2.22147e+92
-1.27012e+94
-6.28865e+95
-3.76835e+97
-6.61905e+95
-1.43412e+94
-2.62362e+92
-7.18398e+90
-2.10002e+89
-5.23508e+87
-3.81051e+86
0

0
-1.00671e+82
-6.40656e+82
-4.87257e+83
-3.81711e+84
-3.22788e+85
-3.55625e+86
-6.86039e+87
-2.41296e+89
-1.28015e+91
-8.75535e+92
-8.11969e+94
2.03406e+97
9.7171e+96
2.08775e+97
-9.03848e+94
-1.02292e+93
-1.55697e+91
-2.95175e+89
-8.64112e+87
-5.60768e+86
0

0
-8.34086e+81
-6.05687e+82
-4.75268e+83
-3.91366e+84
-3.76921e+85
-5.28689e+86
-1.25032e+88
-4.77722e+89
-2.40628e+91
-5.74006e+93
-2.15949e+96
-9.01261e+96
1.59526e+97
-9.10122e+96
-2.28237e+96
-6.63807e+93
-2.92992e+91
-5.85607e+89
-1.56815e+88
-7.71352e+86
0

0
-6.7691e+81
-5.7129e+82
-4.60149e+83
-3.9437e+84
-4.21796e+85
-7.08203e+86
-2.07774e+88
-1.08205e+90
-1.13887e+92
-8.41925e+94
-4.00839e+96
6.16811e+97
-1.18174e+98
6.38166e+97
-4.09092e+96
-9.91263e+94
-1.34928e+92
-1.33173e+90
-2.59545e+88
-9.45194e+86
0

0
-5.60812e+81
-5.42374e+82
-4.43634e+83
-3.88905e+84
-4.44098e+85
-8.31291e+86
-2.83987e+88
-2.13546e+90
-5.36359e+92
-3.51486e+95
-1.97455e+97
-1.72604e+97
-6.11188e+96
-1.46857e+97
-2.19292e+97
-4.09687e+95
-6.73934e+92
-2.68644e+90
-3.54513e+88
-9.98446e+86
0

0
-4.45247e+81
-4.93828e+82
-4.32456e+83
-3.76766e+84
-4.38376e+85
-8.47071e+86
-3.04386e+88
-3.15607e+90
-2.75916e+93
-6.89298e+95
-1.29063e+97
8.30737e+97
-1.88994e+97
8.59902e+97
-1.26045e+97
-8.54439e+95
-3.86203e+93
-4.11406e+90
-3.80706e+88
-8.8421e+86
0

0
-3.1124e+81
-3.42522e+82
-2.85843e+83
-2.98115e+84
-4.1999e+85
-7.58261e+86
-2.43492e+88
-1.5798e+90
-2.70725e+92
-5.44574e+94
-5.75071e+96
-3.48962e+96
-3.1942e+97
-3.30565e+96
-6.22202e+96
-6.31158e+94
-3.65266e+92
-2.02442e+90
-3.02764e+88
-6.45476e+86
0

0
-3.65863e+81
-3.49483e+82
-2.82725e+83
-2.37336e+84
-2.60648e+85
-6.41478e+86
-1.6741e+88
-6.7591e+89
-3.69856e+91
-6.07737e+93
1.78445e+95
1.1554e+97
7.85942e+96
1.19235e+97
1.97454e+95
-7.73786e+93
-4.63677e+91
-8.46145e+89
-2.06428e+88
-4.14493e+86
0

0
-4.52709e+81
-3.6052e+82
-2.86127e+83
-2.41293e+84
-2.42752e+85
-3.3737e+86
-1.09744e+88
-3.58778e+89
-1.63511e+91
-1.34547e+93
-3.92245e+94
-1.11545e+96
-7.99778e+96
-1.22161e+96
-4.09532e+94
-1.61092e+93
-2.05932e+91
-4.46346e+89
-1.34363e+88
-1.08321e+86
0

0
-5.56652e+81
-3.73703e+82
-2.90136e+83
-2.46201e+84
-2.48331e+85
-3.32241e+86
-6.35257e+87
-1.9181e+89
-7.55577e+90
-3.00153e+92
-1.87719e+94
1.35187e+95
7.57637e+95
1.21145e+95
-2.21713e+94
-3.66217e+92
-9.37661e+90
-2.37546e+89
-7.84727e+87
-1.76319e+86
0

0
-6.59419e+81
-3.86672e+82
-2.94135e+83
-2.51448e+84
-2.56048e+85
-3.4116e+86
-6.34895e+87
-1.63077e+89
-4.98555e+90
-1.16928e+92
-3.72274e+93
-7.80455e+94
-3.95525e+95
-8.79188e+94
-4.38953e+93
-1.42378e+92
-6.15576e+90
-2.02286e+89
-7.98913e+87
-3.27957e+86
0

0
-9.77372e+81
-5.02469e+82
-3.73556e+83
-3.18874e+84
-3.2289e+85
-4.22465e+86
-7.56878e+87
-1.77863e+89
-4.39948e+90
-7.03925e+91
-1.06884e+93
-2.02101e+94
-2.18511e+95
-2.26852e+94
-1.27073e+93
-8.57044e+91
-5.41124e+90
-2.20553e+89
-9.72895e+87
-6.30237e+86
0

0
-1.31436e+82
-7.89674e+82
-6.27567e+83
-5.62852e+84
-5.9185e+85
-7.79166e+86
-1.33739e+88
-2.84516e+89
-5.96426e+90
-6.90012e+91
-1.00915e+92
-5.12926e+93
-4.93642e+94
-5.97367e+93
-1.18879e+92
-8.36885e+91
-7.33028e+90
-3.52917e+89
-1.70934e+88
-1.21957e+87
0

0
0
0
0
0
0
0
0
0
0
0
0
0
0
0
0
0
0
0
0
0
0


0
0
0
0
0
0
0
0
0
0
0
0
0
0
0
0
0
0
0
0
0
0

0
-1.30311e+82
-6.86279e+82
-4.96309e+83
-3.5926e+84
-2.45597e+85
-1.82583e+86
-2.6091e+87
-5.88071e+88
-2.40304e+90
-4.88899e+91
-1.02373e+93
-6.80153e+93
-2.03545e+93
-7.26758e+93
-1.18867e+93
-5.78064e+91
-2.85814e+90
-7.0175e+88
-3.28277e+87
-2.89658e+86
0

0
-1.23855e+82
-6.47236e+82
-4.49036e+83
-3.05909e+84
-1.96224e+85
-1.55687e+86
-3.66004e+87
-9.18871e+88
-3.54252e+90
-7.56494e+91
-1.99405e+93
-1.60727e+94
-1.81824e+95
-1.7296e+94
-2.30186e+93
-8.94171e+91
-4.24775e+90
-1.10829e+89
-4.49912e+87
-2.11372e+86
0

0
-1.11939e+82
-6.26645e+82
-4.4563e+83
-3.16026e+84
-2.24041e+85
-2.02434e+86
-4.42915e+87
-1.53629e+89
-4.81156e+90
-1.60817e+92
-5.20265e+93
-4.32367e+94
-4.49096e+96
-4.36391e+94
-5.98593e+93
-1.88971e+92
-5.79446e+90
-1.89342e+89
-5.45952e+87
-2.9315e+86
0

0
-9.6491e+81
-6.00566e+82
-4.41188e+83
-3.28825e+84
-2.63486e+85
-2.9198e+86
-6.18997e+87
-2.28198e+89
-1.08662e+91
-4.85786e+92
-1.18685e+94
-9.87565e+95
2.88263e+97
-9.96392e+95
-1.36664e+94
-5.65139e+92
-1.31973e+91
-2.78823e+89
-7.74982e+87
-4.20646e+86
0

0
-7.9998e+81
-5.72304e+82
-4.35152e+83
-3.40804e+84
-3.08233e+85
-4.22023e+86
-1.04661e+88
-4.11467e+89
-1.8135e+91
-1.73561e+93
-4.34695e+94
-7.93981e+96
1.85445e+97
-8.30889e+96
-4.71803e+94
-2.02615e+93
-2.1985e+91
-5.03195e+89
-1.30815e+88
-5.73301e+86
0

0
-6.51931e+81
-5.46076e+82
-4.27893e+83
-3.4889e+84
-3.47968e+85
-5.62853e+86
-1.69391e+88
-8.24891e+89
-4.73275e+91
-3.41986e+93
-5.19383e+95
-1.57199e+97
6.11087e+97
-1.61265e+97
-5.7313e+95
-4.06592e+93
-5.62287e+91
-1.00998e+90
-2.10893e+88
-6.98089e+86
0

0
-5.46007e+81
-5.26523e+82
-4.21085e+83
-3.51928e+84
-3.7252e+85
-6.64135e+86
-2.27466e+88
-1.39842e+90
-1.06694e+92
-1.07514e+94
-1.37023e+95
-1.58268e+97
2.16471e+97
-1.68416e+97
-4.53269e+94
-1.33851e+94
-1.26706e+92
-1.73204e+90
-2.82545e+88
-7.28904e+86
0

0
-4.19229e+81
-4.59941e+82
-3.93666e+83
-3.54872e+84
-3.78184e+85
-6.85541e+86
-2.40418e+88
-1.65742e+90
-1.52029e+92
-3.46896e+94
2.72764e+95
-2.70473e+97
3.60662e+97
-2.7059e+97
4.00731e+95
-4.4321e+94
-1.85958e+92
-2.08151e+90
-2.9848e+88
-6.32912e+86
0

0
-3.12572e+81
-3.43656e+82
-2.80102e+83
-2.39989e+84
-3.33399e+85
-6.36877e+86
-1.97544e+88
-1.04925e+90
-5.07976e+91
-4.55981e+93
5.13976e+94
-3.41206e+96
8.08652e+96
-3.68414e+96
8.86233e+94
-5.61312e+93
-6.10677e+91
-1.31023e+90
-2.44028e+88
-4.54366e+86
0

0
-3.70722e+81
-3.54188e+82
-2.86761e+83
-2.3892e+84
-2.3436e+85
-4.52063e+86
-1.43076e+88
-5.43286e+89
-2.12584e+91
-1.48687e+93
-2.32302e+94
-6.80084e+95
4.38546e+96
-6.92638e+95
-2.85914e+94
-1.74301e+93
-2.61362e+91
-6.73763e+89
-1.75195e+88
-2.08316e+86
0

0
-4.60837e+81
-3.686e+82
-2.94299e+83
-2.48508e+84
-2.45826e+85
-3.23944e+86
-7.71412e+87
-3.08194e+89
-1.2798e+91
-5.9489e+92
-1.90674e+94
-8.12196e+93
2.07856e+95
-6.42787e+93
-2.25238e+94
-6.99843e+92
-1.5946e+91
-3.8112e+89
-9.39686e+87
-6.58347e+85
0

0
-5.67637e+81
-3.84776e+82
-3.02073e+83
-2.58743e+84
-2.60076e+85
-3.38354e+86
-6.17193e+87
-1.6184e+89
-5.95828e+90
-2.22896e+92
-8.97387e+93
4.9706e+93
2.33172e+95
3.48099e+93
-1.05681e+94
-2.6927e+92
-7.33851e+90
-2.00946e+89
-7.64425e+87
-1.81282e+86
0

0
-6.72718e+81
-4.00193e+82
-3.09205e+83
-2.68519e+84
-2.75248e+85
-3.60592e+86
-6.39559e+87
-1.53793e+89
-4.45707e+90
-1.06193e+92
-2.91828e+93
-1.95919e+94
-7.67216e+93
-2.26894e+94
-3.45375e+93
-1.28775e+92
-5.49188e+90
-1.90746e+89
-8.07908e+87
-3.50283e+86
0

0
-9.92226e+81
-5.17633e+82
-3.90705e+83
-3.38898e+84
-3.46775e+85
-4.49506e+86
-7.71451e+87
-1.69685e+89
-4.01443e+90
-6.80947e+91
-1.02408e+93
-9.85638e+93
1.92714e+93
-1.14556e+94
-1.21626e+93
-8.26741e+91
-4.93098e+90
-2.10399e+89
-9.94451e+87
-6.59961e+86
0

0
-1.33891e+82
-8.15482e+82
-6.57329e+83
-5.98491e+84
-6.36545e+85
-8.36021e+86
-1.39353e+88
-2.80712e+89
-5.62328e+90
-6.81456e+91
-1.77168e+92
-3.74483e+93
-3.87745e+93
-4.37899e+93
-2.10803e+92
-8.23904e+91
-6.90266e+90
-3.48147e+89
-1.78286e+88
-1.28612e+87
0

0
0
0
0
0
0
0
0
0
0
0
0
0
0
0
0
0
0
0
0
0
0


0
0
0
0
0
0
0
0
0
0
0
0
0
0
0
0
0
0
0
0
0
0

0
-1.24356e+82
-6.31817e+82
-4.38562e+83
-3.04026e+84
-2.09775e+85
-2.03869e+86
-2.37182e+87
-6.45278e+88
-2.0283e+90
-3.39752e+91
-6.40181e+92
-2.96105e+93
3.28735e+93
-3.05047e+93
-7.51911e+92
-3.97919e+91
-2.40471e+90
-7.72148e+88
-3.00699e+87
-2.86062e+86
0

0
-1.1859e+82
-5.97939e+82
-3.96161e+83
-2.54062e+84
-1.58885e+85
-1.63352e+86
-3.62031e+87
-9.22597e+88
-2.95058e+90
-4.96217e+91
-9.77282e+92
-5.38239e+93
-2.81029e+94
-5.65156e+93
-1.14359e+93
-5.81665e+91
-3.52771e+90
-1.11217e+89
-4.46083e+87
-1.90667e+86
0

0
-1.07137e+82
-5.8117e+82
-3.95764e+83
-2.64214e+84
-1.78315e+85
-1.81824e+86
-4.60646e+87
-1.09028e+89
-3.84394e+90
-8.86772e+91
-1.73971e+93
-1.32047e+94
-3.85015e+95
-1.33925e+94
-2.03253e+93
-1.03389e+92
-4.61625e+90
-1.33458e+89
-5.64319e+87
-2.32465e+86
0

0
-9.2352e+81
-5.60696e+82
-3.96016e+83
-2.78005e+84
-2.07501e+85
-2.30192e+86
-5.32817e+87
-1.99418e+89
-7.08687e+90
-1.94871e+92
-2.3756e+93
-9.78109e+94
-5.65476e+96
-1.01719e+95
-2.77394e+93
-2.26941e+92
-8.56418e+90
-2.4336e+89
-6.63732e+87
-3.03896e+86
0

0
-7.66985e+81
-5.3972e+82
-3.96546e+83
-2.92913e+84
-2.42992e+85
-3.12275e+86
-7.7287e+87
-2.92677e+89
-1.19037e+91
-6.03695e+92
-3.40472e+93
-5.6866e+95
-6.74833e+96
-6.15528e+95
-3.74805e+93
-7.02712e+92
-1.44469e+91
-3.57382e+89
-9.63159e+87
-3.93283e+86
0

0
-6.28763e+81
-5.22267e+82
-3.9782e+83
-3.06829e+84
-2.78037e+85
-4.09246e+86
-1.17126e+88
-4.89176e+89
-2.08212e+91
-1.32803e+93
-8.9375e+93
-3.55536e+95
-1.23194e+97
-3.81621e+95
-1.03477e+94
-1.57223e+93
-2.50148e+91
-5.96205e+89
-1.45358e+88
-4.63862e+86
0

0
-5.33686e+81
-5.12687e+82
-4.01422e+83
-3.19242e+84
-3.05791e+85
-4.86114e+86
-1.52408e+88
-7.32925e+89
-3.48455e+91
-2.58582e+93
-2.66402e+94
-1.70886e+96
5.14894e+96
-1.78461e+96
-2.62801e+94
-3.10948e+93
-4.17957e+91
-8.99116e+89
-1.88223e+88
-4.70765e+86
0

0
-3.93635e+81
-4.24953e+82
-3.49069e+83
-3.03774e+84
-3.27881e+85
-5.15683e+86
-1.60288e+88
-8.01018e+89
-4.08219e+91
-3.43416e+93
-8.63786e+94
8.65123e+95
-1.13299e+97
9.30181e+95
-9.83616e+94
-4.20827e+93
-4.96304e+91
-9.87869e+89
-1.9739e+88
-3.98127e+86
0

0
-3.16399e+81
-3.46486e+82
-2.81832e+83
-2.28947e+84
-2.22833e+85
-4.89658e+86
-1.38308e+88
-5.79006e+89
-2.19386e+91
-1.28291e+93
7.0317e+93
-6.90441e+95
2.16034e+96
-7.27591e+95
8.82627e+93
-1.52147e+93
-2.66989e+91
-7.13538e+89
-1.6936e+88
-2.76272e+86
0

0
-3.78151e+81
-3.607e+82
-2.92873e+83
-2.43137e+84
-2.31912e+85
-2.9945e+86
-1.01795e+88
-3.59776e+89
-1.21894e+91
-5.34899e+92
-1.54614e+93
-1.45122e+95
-1.74687e+96
-1.58039e+95
-2.15649e+93
-6.2114e+92
-1.50249e+91
-4.43659e+89
-1.23383e+88
-1.78654e+85
0

0
-4.71518e+81
-3.78524e+82
-3.04612e+83
-2.58497e+84
-2.52707e+85
-3.18469e+86
-5.77287e+87
-1.96076e+89
-7.84123e+90
-2.01917e+92
-4.92655e+93
-3.10768e+94
1.51457e+94
-3.23219e+94
-5.92497e+93
-2.32533e+92
-9.59525e+90
-2.40177e+89
-7.05952e+87
-7.37073e+85
0

0
-5.81071e+81
-3.97661e+82
-3.16128e+83
-2.74057e+84
-2.75773e+85
-3.5021e+86
-6.02985e+87
-1.43343e+89
-4.33362e+90
-1.16148e+92
-3.44016e+93
-1.09465e+93
-7.6084e+94
-7.26335e+92
-4.0804e+93
-1.38643e+92
-5.3367e+90
-1.77762e+89
-7.50944e+87
-2.12727e+86
0

0
-6.88281e+81
-4.15425e+82
-3.26287e+83
-2.88236e+84
-2.98272e+85
-3.86073e+86
-6.52612e+87
-1.42945e+89
-3.59054e+90
-7.06172e+91
-1.59896e+93
-3.68498e+93
-1.22245e+94
-4.34059e+93
-1.89862e+93
-8.49437e+91
-4.40605e+90
-1.77152e+89
-8.29047e+87
-3.97532e+86
0

0
-1.00908e+82
-5.34339e+82
-4.09674e+83
-3.61316e+84
-3.74114e+85
-4.82121e+86
-7.95079e+87
-1.61292e+89
-3.43053e+90
-5.32975e+91
-7.11718e+92
-3.81351e+93
1.07875e+93
-4.50623e+93
-8.47475e+92
-6.43333e+91
-4.20182e+90
-1.99874e+89
-1.02873e+88
-7.12155e+86
0

0
-1.35665e+82
-8.36609e+82
-6.82031e+83
-6.28251e+84
-6.73981e+85
-8.82874e+86
-1.43275e+88
-2.72095e+89
-5.03901e+90
-5.82591e+91
-1.80358e+92
-1.92888e+93
1.5186e+93
-2.26811e+93
-2.14647e+92
-7.00712e+91
-6.17132e+90
-3.37217e+89
-1.83515e+88
-1.34318e+87
0

0
0
0
0
0
0
0
0
0
0
0
0
0
0
0
0
0
0
0
0
0
0


0
0
0
0
0
0
0
0
0
0
0
0
0
0
0
0
0
0
0
0
0
0

0
-1.17959e+82
-5.75144e+82
-3.79234e+83
-2.47963e+84
-1.74275e+85
-2.10228e+86
-2.64483e+87
-7.33908e+88
-1.79013e+90
-2.21079e+91
-3.52474e+92
-1.46847e+93
-5.16048e+93
-1.51072e+93
-4.19345e+92
-2.55988e+91
-2.11864e+90
-8.81031e+88
-3.28069e+87
-2.82765e+86
0

0
-1.13756e+82
-5.52672e+82
-3.48357e+83
-2.08623e+84
-1.29254e+85
-1.74351e+86
-2.93788e+87
-9.4149e+88
-2.44347e+90
-2.9764e+91
-4.29401e+92
-2.62683e+93
-1.92123e+94
-2.81529e+93
-5.07091e+92
-3.45425e+91
-2.91343e+90
-1.13518e+89
-3.57724e+87
-1.98837e+86
0

0
-1.0278e+82
-5.39808e+82
-3.51124e+83
-2.19198e+84
-1.41319e+85
-1.72444e+86
-3.67505e+87
-1.00143e+89
-2.98994e+90
-4.46689e+91
-5.46508e+92
-6.28824e+93
-6.65378e+94
-6.73277e+93
-6.51602e+92
-5.15942e+91
-3.58148e+90
-1.21398e+89
-4.52194e+87
-2.12801e+86
0

0
-8.86589e+81
-5.24918e+82
-3.56147e+83
-2.34401e+84
-1.61623e+85
-1.83428e+86
-4.72239e+87
-1.30546e+89
-3.87319e+90
-8.7088e+91
-4.87964e+92
-2.29749e+94
-8.89224e+94
-2.48721e+94
-5.96146e+92
-1.01028e+92
-4.67109e+90
-1.60061e+89
-5.85664e+87
-2.34149e+86
0

0
-7.38324e+81
-5.11092e+82
-3.63219e+83
-2.5261e+84
-1.89373e+85
-2.21952e+86
-5.41594e+87
-2.01086e+89
-7.95747e+90
-1.9318e+92
-7.70376e+92
-5.18639e+94
-4.08472e+95
-5.75451e+94
-9.48897e+92
-2.22041e+92
-9.63892e+90
-2.45811e+89
-6.74413e+87
-2.67578e+86
0

0
-6.09668e+81
-5.02165e+82
-3.72868e+83
-2.72579e+84
-2.21095e+85
-2.79809e+86
-7.25477e+87
-2.64892e+89
-1.08837e+91
-5.16798e+92
-5.1483e+93
-8.30033e+93
-5.96082e+94
-6.5558e+93
-6.1379e+93
-6.09824e+92
-1.32464e+91
-3.22586e+89
-8.99781e+87
-2.91735e+86
0

0
-5.2505e+81
-5.0219e+82
-3.86568e+83
-2.94339e+84
-2.52961e+85
-3.36457e+86
-9.01799e+87
-3.52773e+89
-1.42406e+91
-8.68597e+92
-1.69893e+94
-2.60747e+94
-4.47374e+95
-2.92567e+94
-2.04259e+94
-1.03788e+93
-1.73405e+91
-4.31646e+89
-1.10948e+88
-2.814e+86
0

0
-3.7301e+81
-3.94895e+82
-3.08595e+83
-2.41088e+84
-2.36228e+85
-3.81932e+86
-9.59283e+87
-3.71362e+89
-1.52325e+91
-9.68345e+92
-2.30057e+94
-2.77839e+94
-9.26319e+95
-2.34371e+94
-2.79117e+94
-1.16838e+93
-1.87062e+91
-4.54877e+89
-1.17446e+88
-2.3505e+86
0

0
-3.2234e+81
-3.50694e+82
-2.85248e+83
-2.29914e+84
-2.07191e+85
-2.6147e+86
-9.08923e+87
-2.99665e+89
-1.07158e+91
-4.75674e+92
-1.88474e+93
-4.74244e+94
-3.97439e+95
-5.82475e+94
-2.32372e+93
-5.63071e+92
-1.32158e+91
-3.68036e+89
-1.101e+88
-3.86505e+85
0

0
-3.87416e+81
-3.68343e+82
-3.00396e+83
-2.49501e+84
-2.33211e+85
-2.79623e+86
-5.10166e+87
-2.15596e+89
-7.55959e+90
-1.60778e+92
-6.06505e+91
-2.14072e+94
-3.09448e+94
-2.42291e+94
-2.00917e+92
-1.7991e+92
-9.34795e+90
-2.62336e+89
-6.17643e+87
-2.53612e+85
0

0
-4.837e+81
-3.89285e+82
-3.1599e+83
-2.70194e+84
-2.6274e+85
-3.19268e+86
-5.33588e+87
-1.23969e+89
-3.64853e+90
-7.24148e+91
-1.08954e+93
-1.20156e+94
-1.26524e+94
-1.30014e+94
-1.35418e+93
-8.41848e+91
-4.41943e+90
-1.53624e+89
-6.56987e+87
-1.10847e+86
0

0
-5.95632e+81
-4.1106e+82
-3.30859e+83
-2.90547e+84
-2.93806e+85
-3.6705e+86
-5.99036e+87
-1.27362e+89
-3.09301e+90
-5.21391e+91
-1.16722e+93
-2.5347e+93
-1.28228e+94
-2.69799e+93
-1.40339e+93
-6.14657e+91
-3.78899e+90
-1.57816e+89
-7.52095e+87
-2.69647e+86
0

0
-7.04578e+81
-4.3084e+82
-3.43641e+83
-3.08566e+84
-3.22736e+85
-4.15031e+86
-6.73754e+87
-1.33662e+89
-2.77734e+90
-3.97716e+91
-7.35075e+92
-1.36066e+93
-3.5139e+93
-1.56927e+93
-8.75566e+92
-4.73947e+91
-3.39305e+90
-1.65489e+89
-8.61641e+87
-4.66341e+86
0

0
-1.02629e+82
-5.50917e+82
-4.28542e+83
-3.83833e+84
-4.02085e+85
-5.16866e+86
-8.24972e+87
-1.54202e+89
-2.84099e+90
-3.64747e+91
-4.17617e+92
-1.46643e+93
-7.35587e+92
-1.74821e+93
-4.95787e+92
-4.3728e+91
-3.46779e+90
-1.90918e+89
-1.07192e+88
-7.82641e+86
0

0
-1.36583e+82
-8.50959e+82
-6.99212e+83
-6.49166e+84
-7.00456e+85
-9.15086e+86
-1.4508e+88
-2.59934e+89
-4.35859e+90
-4.48029e+91
-1.39475e+92
-8.86223e+92
6.77614e+92
-1.04776e+93
-1.6304e+92
-5.35607e+91
-5.32255e+90
-3.21782e+89
-1.86078e+88
-1.38654e+87
0

0
0
0
0
0
0
0
0
0
0
0
0
0
0
0
0
0
0
0
0
0
0


0
0
0
0
0
0
0
0
0
0
0
0
0
0
0
0
0
0
0
0
0
0

0
-1.11705e+82
-5.21393e+82
-3.23462e+83
-1.95531e+84
-1.4118e+85
-1.88471e+86
-3.14483e+87
-8.33875e+88
-1.70348e+90
-1.57002e+91
-1.99794e+92
-8.08026e+92
-5.02408e+93
-8.7569e+92
-2.36511e+92
-1.80332e+91
-2.01644e+90
-1.0024e+89
-3.87592e+87
-2.6148e+86
0

0
-1.09786e+82
-5.15448e+82
-3.0963e+83
-1.73016e+84
-1.08922e+85
-1.60726e+86
-3.22227e+87
-9.54746e+88
-2.09914e+90
-1.88949e+91
-1.95328e+92
-1.35615e+93
-7.46679e+93
-1.51003e+93
-2.33922e+92
-2.17526e+91
-2.49819e+90
-1.15086e+89
-3.92002e+87
-2.00553e+86
0

0
-9.92552e+81
-5.06187e+82
-3.15395e+83
-1.84337e+84
-1.15363e+85
-1.59225e+86
-3.03931e+87
-9.6223e+88
-2.39987e+90
-2.45084e+91
-1.77073e+92
-2.7376e+93
-1.02792e+94
-3.0302e+93
-2.18345e+92
-2.81277e+91
-2.86869e+90
-1.16564e+89
-3.73127e+87
-2.10544e+86
0

0
-8.57346e+81
-4.96309e+82
-3.24789e+83
-2.01202e+84
-1.2906e+85
-1.56486e+86
-3.13327e+87
-9.74402e+88
-2.90591e+90
-4.37534e+91
-1.55325e+92
-5.87413e+93
-1.98741e+93
-6.616e+93
-2.04717e+92
-5.0701e+91
-3.49892e+90
-1.18787e+89
-3.8968e+87
-2.13044e+86
0

0
-7.16416e+81
-4.88798e+82
-3.37724e+83
-2.22725e+84
-1.51392e+85
-1.61863e+86
-4.00231e+87
-1.20807e+89
-3.70005e+90
-8.84909e+91
-5.36264e+92
-6.54943e+93
-3.56216e+94
-7.57634e+93
-6.67847e+92
-1.04034e+92
-4.46886e+90
-1.47528e+89
-4.99581e+87
-2.05637e+86
0

0
-5.96131e+81
-4.87309e+82
-3.54758e+83
-2.48336e+84
-1.8152e+85
-1.9104e+86
-4.3903e+87
-1.49651e+89
-6.44967e+90
-1.73927e+92
-2.48027e+93
1.1373e+92
-7.34457e+93
1.91212e+92
-2.97104e+93
-2.03709e+92
-7.80172e+90
-1.8305e+89
-5.47589e+87
-1.97868e+86
0

0
-5.20562e+81
-4.95632e+82
-3.77244e+83
-2.76522e+84
-2.13389e+85
-2.35102e+86
-5.06516e+87
-1.72756e+89
-7.20439e+90
-2.93992e+92
-5.56446e+93
-1.88587e+93
-8.25978e+93
-1.23891e+93
-6.65978e+93
-3.46478e+92
-8.87688e+90
-2.12767e+89
-6.24752e+87
-1.79608e+86
0

0
-3.58571e+81
-3.7304e+82
-2.82166e+83
-2.09509e+84
-1.76042e+85
-2.12445e+86
-5.67975e+87
-1.77665e+89
-7.37279e+90
-3.03541e+92
-6.12042e+93
-2.529e+93
-6.77344e+94
-1.67538e+93
-7.39906e+93
-3.59773e+92
-9.14855e+90
-2.18619e+89
-6.86778e+87
-7.56485e+85
0

0
-3.29664e+81
-3.55775e+82
-2.89862e+83
-2.32968e+84
-2.04543e+85
-2.26711e+86
-4.09968e+87
-1.61489e+89
-6.07737e+90
-1.56025e+92
-1.71449e+93
-5.77089e+93
-7.33346e+93
-7.59273e+93
-2.08358e+93
-1.82276e+92
-7.50986e+90
-1.96134e+89
-4.92417e+87
-3.06941e+85
0

0
-3.97463e+81
-3.76273e+82
-3.08442e+83
-2.57119e+84
-2.37742e+85
-2.71127e+86
-4.35286e+87
-1.012e+89
-3.32513e+90
-6.20045e+91
-2.37091e+92
-5.5375e+93
-6.26692e+93
-6.66486e+93
-3.30423e+92
-7.28027e+91
-3.98766e+90
-1.25566e+89
-5.33244e+87
-6.29625e+85
0

0
-4.96045e+81
-3.99733e+82
-3.27171e+83
-2.82183e+84
-2.74497e+85
-3.26008e+86
-5.10852e+87
-1.05938e+89
-2.48879e+90
-3.14191e+91
-2.69118e+92
-3.90877e+93
-7.03614e+93
-4.46925e+93
-3.53247e+92
-3.62905e+91
-3.05264e+90
-1.31374e+89
-6.35503e+87
-1.69077e+86
0

0
-6.09751e+81
-4.23568e+82
-3.44677e+83
-3.06334e+84
-3.11939e+85
-3.86528e+86
-6.06355e+87
-1.16908e+89
-2.3051e+90
-2.37976e+91
-3.72e+92
-1.59812e+93
-4.1896e+93
-1.81976e+93
-4.57266e+92
-2.77282e+91
-2.81291e+90
-1.44789e+89
-7.6808e+87
-3.41675e+86
0

0
-7.19871e+81
-4.44839e+82
-3.59429e+83
-3.27268e+84
-3.45778e+85
-4.43725e+86
-6.99593e+87
-1.27526e+89
-2.19871e+90
-2.15459e+91
-3.09534e+92
-7.75756e+92
-2.1223e+93
-9.06029e+92
-3.72406e+92
-2.54259e+91
-2.67598e+90
-1.57751e+89
-9.0051e+87
-5.45227e+86
0

0
-1.04201e+82
-5.65654e+82
-4.45327e+83
-4.04007e+84
-4.27506e+85
-5.49395e+86
-8.56105e+87
-1.49239e+89
-2.37855e+90
-2.38971e+91
-2.27001e+92
-6.68627e+92
-8.56893e+92
-8.06271e+92
-2.70502e+92
-2.84497e+91
-2.89399e+90
-1.84602e+89
-1.11689e+88
-8.59994e+86
0

0
-1.36542e+82
-8.5705e+82
-7.07083e+83
-6.59028e+84
-7.13165e+85
-9.2922e+86
-1.44563e+88
-2.45995e+89
-3.72664e+90
-3.27305e+91
-9.39038e+91
-4.31123e+92
-9.61759e+91
-5.16083e+92
-1.09875e+92
-3.88805e+91
-4.53722e+90
-3.04124e+89
-1.85667e+88
-1.40848e+87
0

0
0
0
0
0
0
0
0
0
0
0
0
0
0
0
0
0
0
0
0
0
0


0
0
0
0
0
0
0
0
0
0
0
0
0
0
0
0
0
0
0
0
0
0

0
-1.0628e+82
-4.76813e+82
-2.78498e+83
-1.5523e+84
-1.20102e+85
-1.71869e+86
-3.81198e+87
-9.7787e+88
-1.8119e+90
-1.4592e+91
-1.20779e+92
-6.30604e+92
-3.09014e+93
-7.41685e+92
-1.43225e+92
-1.68317e+91
-2.15183e+90
-1.17816e+89
-4.69518e+87
-2.54327e+86
0

0
-1.07141e+82
-4.90895e+82
-2.85549e+83
-1.54052e+84
-1.06136e+85
-1.55816e+86
-3.71899e+87
-1.01829e+89
-1.99816e+90
-1.55921e+91
-1.01167e+92
-9.01593e+92
-2.85503e+93
-1.06279e+93
-1.22272e+92
-1.8004e+91
-2.38066e+90
-1.22952e+89
-4.5572e+87
-2.26055e+86
0

0
-9.69804e+81
-4.84574e+82
-2.93827e+83
-1.66285e+84
-1.09014e+85
-1.5076e+86
-3.37103e+87
-9.85899e+88
-2.1683e+90
-1.89789e+91
-8.08393e+91
-1.45763e+93
-1.78887e+93
-1.69985e+93
-1.02462e+92
-2.19499e+91
-2.59414e+90
-1.19563e+89
-4.17001e+87
-2.3513e+86
0

0
-8.39373e+81
-4.78633e+82
-3.06724e+83
-1.84786e+84
-1.18704e+85
-1.44825e+86
-2.97356e+87
-9.38549e+88
-2.44678e+90
-3.07287e+91
-1.13851e+92
-2.09706e+93
2.60867e+91
-2.49766e+93
-1.47442e+92
-3.59348e+91
-2.94817e+90
-1.14541e+89
-3.72768e+87
-2.33258e+86
0

0
-7.04121e+81
-4.75966e+82
-3.24222e+83
-2.09173e+84
-1.38095e+85
-1.44472e+86
-2.73053e+87
-8.95277e+88
-2.83082e+90
-5.61981e+91
-4.21926e+92
-1.65764e+93
-3.39781e+93
-2.08994e+93
-5.14146e+92
-6.65417e+91
-3.44147e+90
-1.09567e+89
-3.45109e+87
-2.19817e+86
0

0
-5.90184e+81
-4.80084e+82
-3.4688e+83
-2.39318e+84
-1.68115e+85
-1.59209e+86
-3.08745e+87
-8.70586e+88
-3.25478e+90
-9.46229e+91
-1.28751e+93
-2.68847e+92
-1.00437e+93
-4.69031e+92
-1.53203e+93
-1.13061e+92
-3.99188e+90
-1.0739e+89
-3.88554e+87
-1.98939e+86
0

0
-5.21363e+81
-4.9457e+82
-3.67662e+83
-2.49709e+84
-1.7619e+85
-1.67425e+86
-3.25369e+87
-1.04389e+89
-3.80592e+90
-1.24191e+92
-2.27666e+93
-3.16088e+92
-1.19869e+93
-3.95532e+92
-2.69865e+93
-1.49305e+92
-4.62887e+90
-1.28603e+89
-4.03731e+87
-1.43975e+86
0

0
-3.51855e+81
-3.60403e+82
-2.75801e+83
-2.16971e+84
-1.81512e+85
-1.89497e+86
-3.15097e+87
-1.02043e+89
-3.951e+90
-1.23151e+92
-2.29573e+93
-3.64076e+92
-5.43e+93
-5.48813e+92
-2.73479e+93
-1.48849e+92
-4.82902e+90
-1.25135e+89
-3.90269e+87
-1.01816e+86
0

0
-3.3872e+81
-3.62665e+82
-2.97736e+83
-2.42275e+84
-2.14613e+85
-2.32235e+86
-3.61851e+87
-8.6902e+88
-2.98691e+90
-8.59705e+91
-1.12954e+93
-1.37261e+93
3.11852e+92
-1.96473e+93
-1.34859e+93
-1.03452e+92
-3.65211e+90
-1.0835e+89
-4.47283e+87
-9.50419e+85
0

0
-4.08365e+81
-3.85134e+82
-3.18696e+83
-2.69608e+84
-2.52843e+85
-2.87048e+86
-4.36904e+87
-9.22604e+88
-2.4369e+90
-4.56753e+91
-3.45533e+92
-1.9432e+93
-1.05603e+93
-2.51326e+93
-4.23371e+92
-5.43992e+91
-3.00915e+90
-1.14887e+89
-5.43076e+87
-1.43046e+86
0

0
-5.08392e+81
-4.10253e+82
-3.39495e+83
-2.97558e+84
-2.94333e+85
-3.51573e+86
-5.3687e+87
-1.03553e+89
-2.13821e+90
-2.37086e+91
-1.40584e+92
-1.6848e+93
-2.09428e+93
-2.0843e+93
-1.80897e+92
-2.78572e+91
-2.62229e+90
-1.28612e+89
-6.75644e+87
-2.60778e+86
0

0
-6.23086e+81
-4.35353e+82
-3.58636e+83
-3.24058e+84
-3.35654e+85
-4.19445e+86
-6.47351e+87
-1.17112e+89
-2.00375e+90
-1.57757e+91
-1.32326e+92
-1.03807e+93
-1.88717e+93
-1.26893e+93
-1.66029e+92
-1.84244e+91
-2.44305e+90
-1.45093e+89
-8.26507e+87
-4.39096e+86
0

0
-7.33699e+81
-4.57434e+82
-3.74486e+83
-3.46628e+84
-3.722e+85
-4.81335e+86
-7.48047e+87
-1.28666e+89
-1.93537e+90
-1.38686e+91
-1.27459e+92
-6.05053e+92
-1.28891e+93
-7.43714e+92
-1.56145e+92
-1.62767e+91
-2.352e+90
-1.59142e+89
-9.67764e+87
-6.43198e+86
0

0
-1.05575e+82
-5.78484e+82
-4.60748e+83
-4.23935e+84
-4.54813e+85
-5.8802e+86
-9.03909e+87
-1.49816e+89
-2.12992e+90
-1.69011e+91
-1.20791e+92
-4.52164e+92
-8.44911e+92
-5.64604e+92
-1.44777e+92
-2.00116e+91
-2.58708e+90
-1.85254e+89
-1.18275e+88
-9.52999e+86
0

0
-1.35649e+82
-8.55663e+82
-7.07249e+83
-6.60994e+84
-7.17948e+85
-9.35904e+86
-1.43775e+88
-2.35007e+89
-3.26549e+90
-2.44322e+91
-5.70206e+91
-3.04706e+92
-4.90701e+92
-3.80382e+92
-6.69057e+91
-2.88594e+91
-3.96663e+90
-2.90242e+89
-1.84867e+88
-1.42376e+87
0

0
0
0
0
0
0
0
0
0
0
0
0
0
0
0
0
0
0
0
0
0
0


0
0
0
0
0
0
0
0
0
0
0
0
0
0
0
0
0
0
0
0
0
0

0
-9.86938e+81
-3.96671e+82
-1.92987e+83
-7.19919e+83
-5.72914e+84
-1.40879e+86
-4.82122e+87
-1.29011e+89
-2.29704e+90
-1.51494e+91
-1.54116e+91
-1.87153e+92
-1.50847e+93
-2.23189e+92
-1.76214e+91
-1.7494e+91
-2.74009e+90
-1.5573e+89
-5.89417e+87
-2.40251e+86
0

0
-9.98962e+81
-4.14308e+82
-2.03615e+83
-7.35975e+83
-4.3409e+84
-1.19759e+86
-4.58027e+87
-1.30877e+89
-2.49261e+90
-1.7317e+91
2.39198e+91
-2.91191e+92
-8.4874e+92
-3.47947e+92
2.69202e+91
-2.00823e+91
-2.98061e+90
-1.5822e+89
-5.58058e+87
-2.00914e+86
0

0
-9.04042e+81
-4.14995e+82
-2.19033e+83
-9.16202e+83
-4.71464e+84
-1.0812e+86
-3.95098e+87
-1.22467e+89
-2.63732e+90
-2.21991e+91
7.51012e+91
-4.43587e+92
-4.28341e+91
-5.19409e+92
8.47403e+91
-2.58709e+91
-3.16465e+90
-1.48568e+89
-4.86108e+87
-1.88937e+86
0

0
-7.833e+81
-4.19278e+82
-2.42552e+83
-1.1929e+84
-5.98252e+84
-9.45026e+85
-3.15203e+87
-1.08061e+89
-2.77477e+90
-3.38348e+91
7.57963e+91
-5.20472e+92
2.92332e+92
-6.4475e+92
8.44075e+91
-3.98195e+91
-3.35035e+90
-1.31845e+89
-3.93133e+87
-1.74774e+86
0

0
-6.60327e+81
-4.29686e+82
-2.73962e+83
-1.56588e+84
-8.61223e+84
-8.91272e+85
-2.44172e+87
-8.91102e+88
-2.82184e+90
-5.32008e+91
-1.17305e+92
-2.43687e+92
-6.75893e+92
-3.74746e+92
-1.37907e+92
-6.32727e+91
-3.43914e+90
-1.09186e+89
-3.10418e+87
-1.54953e+86
0

0
-5.6073e+81
-4.49222e+82
-3.13455e+83
-2.03555e+84
-1.28757e+85
-9.82343e+85
-2.09611e+87
-6.57838e+88
-2.73486e+90
-7.54758e+91
-5.66863e+92
3.48799e+91
-6.22669e+92
-3.69256e+91
-6.54915e+92
-9.05852e+91
-3.36601e+90
-8.25274e+88
-2.68605e+87
-1.27492e+86
0

0
-5.07674e+81
-4.80824e+82
-3.41933e+83
-2.21811e+84
-1.43398e+85
-1.28584e+86
-2.07845e+87
-6.03418e+88
-2.38095e+90
-8.66546e+91
-9.32623e+92
-1.21462e+91
-5.87645e+92
-4.76466e+91
-1.07483e+93
-1.04652e+92
-2.98564e+90
-7.62998e+88
-2.63997e+87
-1.06033e+86
0

0
-3.46978e+81
-3.55049e+82
-2.82517e+83
-2.24698e+84
-1.88999e+85
-1.86167e+86
-2.5848e+87
-6.0722e+88
-2.39311e+90
-8.23794e+91
-8.31769e+92
-3.32105e+91
-5.37189e+92
-1.16521e+92
-9.59476e+92
-1.00036e+92
-3.00792e+90
-7.71052e+88
-3.24667e+87
-1.05669e+86
0

0
-3.551e+81
-3.82332e+82
-3.22003e+83
-2.71855e+84
-2.48926e+85
-2.65148e+86
-3.6567e+87
-7.39005e+88
-2.30511e+90
-6.33389e+91
-3.64123e+92
-2.76165e+92
3.7168e+92
-4.37172e+92
-4.12377e+92
-7.65696e+91
-2.8917e+90
-9.35432e+88
-4.5698e+87
-1.47035e+86
0

0
-4.38186e+81
-4.20012e+82
-3.60885e+83
-3.20885e+84
-3.15282e+85
-3.61792e+86
-5.18853e+87
-9.8015e+88
-2.33502e+90
-4.07156e+91
-1.72853e+91
-4.58871e+92
-1.26197e+92
-5.9934e+92
-1.40583e+91
-4.87882e+91
-2.90434e+90
-1.23135e+89
-6.50415e+87
-2.50295e+86
0

0
-5.50394e+81
-4.58948e+82
-3.98079e+83
-3.69007e+84
-3.83654e+85
-4.67459e+86
-6.94983e+87
-1.25843e+89
-2.41009e+90
-2.60462e+91
5.07383e+91
-3.85202e+92
-6.50497e+92
-4.75951e+92
5.94172e+91
-3.0838e+91
-2.96961e+90
-1.57095e+89
-8.77821e+87
-4.21915e+86
0

0
-6.75487e+81
-4.95852e+82
-4.3128e+83
-4.12943e+84
-4.48383e+85
-5.7064e+86
-8.65552e+87
-1.49985e+89
-2.43285e+90
-1.86787e+91
1.09534e+91
-2.35769e+92
-7.32361e+92
-2.9131e+92
1.12183e+91
-2.19242e+91
-2.97738e+90
-1.86452e+89
-1.10331e+88
-6.45946e+86
0

0
-7.94285e+81
-5.27223e+82
-4.58211e+83
-4.49276e+84
-5.03303e+85
-6.59157e+86
-1.00577e+88
-1.66348e+89
-2.37628e+90
-1.52507e+91
-2.31205e+91
-1.65824e+92
-5.74174e+92
-2.11025e+92
-2.83311e+91
-1.78606e+91
-2.89668e+90
-2.06286e+89
-1.29353e+88
-8.8403e+86
0

0
-1.12194e+82
-6.54633e+82
-5.52039e+83
-5.35924e+84
-5.98145e+85
-7.8242e+86
-1.18131e+88
-1.88048e+89
-2.50526e+90
-1.64085e+91
-4.51274e+91
-1.75396e+92
-4.50694e+92
-2.27844e+92
-5.3101e+91
-1.93021e+91
-3.04879e+90
-2.32963e+89
-1.53271e+88
-1.21424e+87
0

0
-1.42719e+82
-9.37215e+82
-8.04943e+83
-7.80767e+84
-8.7113e+85
-1.14255e+87
-1.7256e+88
-2.71755e+89
-3.5444e+90
-2.25859e+91
-8.83755e+90
-1.48467e+92
-2.8328e+92
-1.93775e+92
-8.34706e+90
-2.65308e+91
-4.30866e+90
-3.36029e+89
-2.21133e+88
-1.69931e+87
0

0
0
0
0
0
0
0
0
0
0
0
0
0
0
0
0
0
0
0
0
0
0


0
0
0
0
0
0
0
0
0
0
0
0
0
0
0
0
0
0
0
0
0
0

0
0
0
0
0
0
0
0
0
0
0
0
0
0
0
0
0
0
0
0
0
0

0
0
0
0
0
0
0
0
0
0
0
0
0
0
0
0
0
0
0
0
0
0

0
0
0
0
0
0
0
0
0
0
0
0
0
0
0
0
0
0
0
0
0
0

0
0
0
0
0
0
0
0
0
0
0
0
0
0
0
0
0
0
0
0
0
0

0
0
0
0
0
0
0
0
0
0
0
0
0
0
0
0
0
0
0
0
0
0

0
0
0
0
0
0
0
0
0
0
0
0
0
0
0
0
0
0
0
0
0
0

0
0
0
0
0
0
0
0
0
0
0
0
0
0
0
0
0
0
0
0
0
0

0
0
0
0
0
0
0
0
0
0
0
0
0
0
0
0
0
0
0
0
0
0

0
0
0
0
0
0
0
0
0
0
0
0
0
0
0
0
0
0
0
0
0
0

0
0
0
0
0
0
0
0
0
0
0
0
0
0
0
0
0
0
0
0
0
0

0
0
0
0
0
0
0
0
0
0
0
0
0
0
0
0
0
0
0
0
0
0

0
0
0
0
0
0
0
0
0
0
0
0
0
0
0
0
0
0
0
0
0
0

0
0
0
0
0
0
0
0
0
0
0
0
0
0
0
0
0
0
0
0
0
0

0
0
0
0
0
0
0
0
0
0
0
0
0
0
0
0
0
0
0
0
0
0

0
0
0
0
0
0
0
0
0
0
0
0
0
0
0
0
0
0
0
0
0
0

0
0
0
0
0
0
0
0
0
0
0
0
0
0
0
0
0
0
0
0
0
0


