0
0
0
0
0
0
0
0
0
0
0
0
0
0
0
0
0
0
0
0
0
0

0
0.00843125
-0.00814785
0.0477268
-0.0864714
-0.0960184
-0.0219316
-0.00369981
0.00189491
0.0139544
0.17115
-0.159688
-0.0235742
-0.00902641
-0.00552938
0.0240845
-0.0046501
-0.00603804
-0.00816571
-0.0100084
-0.0334217
0

0
0.00824812
0.0223813
0.0607046
-0.111283
-0.0889131
-0.019152
-0.00340939
-0.00079569
0.0132299
-0.000977253
-0.0852288
-0.0213499
-0.00896449
-0.00586834
-0.0212553
-0.00628353
-0.00595143
-0.00833727
-0.0105516
0.047737
0

0
0.00815736
0.0210348
0.093299
-0.183397
-0.0744512
-0.0162689
-0.00307461
0.00165892
0.0112436
0.0569316
-0.0504969
-0.0196309
-0.00890461
-0.00610668
-0.0123462
-0.00670559
-0.00621828
-0.00797233
-0.00960753
-0.0225205
0

0
0.00800443
0.0211358
0.166315
-0.000408887
-0.0559442
-0.0133101
-0.00267675
0.00141796
0.0108306
0.0348834
-0.035076
-0.0193606
-0.00896748
-0.00614675
-0.0088553
-0.00560788
-0.00634784
-0.00774334
-0.00929031
-0.0146794
0

0
0.00776484
0.019625
0.0928512
-0.0195564
-0.0371462
-0.0104275
-0.00226008
0.00121072
0.00732984
0.0259794
-0.0278722
-0.00498836
-0.010786
-0.00611644
-0.00728108
-0.00585585
-0.00641732
-0.00755104
-0.00883239
-0.0115363
0

0
0.00743658
0.0180246
0.0576442
-0.014298
-0.0248481
-0.00795227
-0.00183744
0.00105331
0.00841588
0.0247904
-0.0259178
-0.0180481
-0.00459498
-0.00584628
-0.00651927
-0.00593494
-0.00647114
-0.0073959
-0.0085385
-0.0101057
0

0
0.00706376
0.0172693
0.0375911
-0.00923421
-0.0166108
-0.00595598
-0.00143059
0.000917456
-0.00226008
0.0303485
-0.0322726
-0.015558
-0.00603775
-0.00583649
-0.00610438
-0.00593443
-0.00650161
-0.0072137
-0.00832614
-0.00938506
0

0
0.00665871
0.0183035
0.0250263
-0.00544688
-0.0112063
-0.0043787
-0.000994511
0.000599423
0.0083482
0.0460176
-0.0469994
-0.0143037
-0.00642643
-0.0058989
-0.00586623
-0.00590611
-0.00653697
-0.00692824
-0.00817603
-0.00897952
0

0
0.00617507
0.0232444
0.0146461
-0.00324166
-0.00730645
-0.0031864
-0.000916976
0.000406242
0.00717015
0.0810016
-0.0800231
-0.0201972
-0.00645409
-0.00613696
-0.00572446
-0.00586661
-0.00593443
-0.00773623
-0.00810532
-0.00873363
0

0
0.00540912
0.0376276
0.0607046
-0.00080946
-0.00475863
-0.00222717
-0.00079569
3.42275e-05
0.0056383
0.0456896
-0.0450295
-0.0191733
-0.00668081
-0.00574254
-0.00562424
-0.00582466
-0.00653706
-0.0074652
-0.00802242
-0.00857058
0

0
0.00440442
-0.0228116
0.0107045
-0.000474236
-0.00308088
-0.0013862
-0.000628717
-0.000822888
0.00357716
0.032398
-0.0270904
-0.0231225
-0.00667072
-0.00551577
-0.00556494
-0.00581766
-0.00649361
-0.00731773
-0.00795914
-0.00845539
0

0
0.00372959
-0.00792798
0.0227508
0.000430107
-0.00198979
-0.000484692
-0.00168758
-0.00272613
0.000995184
0.0333365
-0.0172389
0.0211292
-0.00544615
-0.00531664
-0.00551819
-0.00589547
-0.00644243
-0.00720392
-0.00790158
-0.00839168
0

0
0.00340403
-0.00177273
-0.0168157
-0.000408887
-0.00128949
0.000911569
-0.000276264
0.00979291
-0.00180157
-0.0128064
-0.0125121
-0.00665257
-0.00550184
-0.00520122
-0.00554974
-0.00773623
-0.00635508
-0.0071275
-0.0078799
-0.00839168
0

0
0.00322513
0.00113187
0.0183035
8.44705e-05
-0.000816219
-0.00256236
-0.000302
0.00434771
-0.000977253
-0.00548869
-0.00852791
-0.00560796
-0.00518804
-0.0051218
-0.00573217
0.00738384
-0.00578116
-0.00705533
-0.00787141
-0.00825929
0

0
0.00311392
0.00346262
-0.00278214
0.000236414
-0.000465153
-0.00111327
-0.000279352
0.000817941
-0.000457486
-0.00296261
-0.00537317
-0.00498836
-0.00494954
-0.00506375
-0.00586914
-0.00553759
-0.0105516
-0.00701545
-0.00786625
-0.00821467
0

0
0
0
0
0
0
0
0
0
0
0
0
0
0
0
0
0
0
0
0
0
0


0
0
0
0
0
0
0
0
0
0
0
0
0
0
0
0
0
0
0
0
0
0

0
0.00838735
-0.0081438
0.047733
-0.0857898
-0.0961331
-0.0222246
-0.00377493
0.0018586
0.0137248
0.170801
-0.158416
-0.0240627
-0.00908437
-0.00557962
0.0240151
-0.00453612
-0.00602966
-0.00815478
-0.00997079
-0.0332709
0

0
0.00816885
0.0222854
0.0608906
-0.110336
-0.0891188
-0.0194347
-0.00347202
-0.000822609
0.0131953
-0.000235654
-0.084677
-0.0215959
-0.00901494
-0.00586051
-0.021198
-0.00634134
-0.00594982
-0.00832536
-0.0106174
0.0577637
0

0
0.00808033
0.0209028
0.0936857
-0.181622
-0.0749016
-0.0165041
-0.00313035
0.00162895
0.0111523
0.0568465
-0.0499953
-0.0197578
-0.00894855
-0.0061094
-0.0123272
-0.00672762
-0.00621808
-0.00796362
-0.00958476
-0.0224418
0

0
0.00792827
0.0209205
0.166051
-0.000624219
-0.0557901
-0.0134833
-0.00272206
0.00139077
0.0107673
0.0349292
-0.0347752
-0.0194244
-0.00901088
-0.00615407
-0.00884838
-0.00561978
-0.00634335
-0.00773614
-0.00927759
-0.0146564
0

0
0.00769204
0.0194956
0.0930061
-0.0190732
-0.0371031
-0.0105382
-0.00229532
0.00118997
0.00728298
0.0259945
-0.0276673
-0.0050733
-0.0107676
-0.00613275
-0.00727822
-0.00586074
-0.00641386
-0.00754521
-0.00882419
-0.0115253
0

0
0.00736784
0.0179387
0.0577055
-0.0139758
-0.0248239
-0.00802358
-0.00186422
0.00103317
0.00836772
0.0248033
-0.025713
-0.0180903
-0.00464538
-0.0058407
-0.00651738
-0.00593661
-0.00646805
-0.00739105
-0.00853233
-0.0100996
0

0
0.0069983
0.0172073
0.0376267
-0.00902873
-0.0165933
-0.00600188
-0.0014507
0.000912564
-0.00228567
0.030328
-0.0320208
-0.0156322
-0.00607436
-0.00583697
-0.00610358
-0.00593445
-0.00649866
-0.00720971
-0.00832076
-0.0093811
0

0
0.00659454
0.0182522
0.0250648
-0.005315
-0.0111913
-0.0044088
-0.00100938
0.000583723
0.00827107
0.0460552
-0.0466087
-0.0144384
-0.00645708
-0.00590102
-0.00586634
-0.00590524
-0.00653405
-0.00692559
-0.00817047
-0.00897662
0

0
0.00610789
0.0231916
0.0147051
-0.00316432
-0.00729539
-0.00320488
-0.00092726
0.000392756
0.00705414
0.0808967
-0.0795852
-0.0204302
-0.00650666
-0.00613853
-0.00572591
-0.00586606
-0.00593227
-0.00772887
-0.00810336
-0.00873144
0

0
0.00532912
0.0374999
0.0606998
-0.000559737
-0.0047464
-0.00223859
-0.000802173
2.40726e-05
0.00556821
0.0457281
-0.0446197
-0.0192849
-0.00672937
-0.00574625
-0.00562449
-0.00582306
-0.00653323
-0.00746105
-0.00801984
-0.00856871
0

0
0.00440611
-0.0227071
0.0106462
-0.000426902
-0.00307295
-0.00139361
-0.000631404
-0.000827587
0.00352545
0.0323901
-0.0268278
-0.0231225
-0.00673422
-0.0055201
-0.00556446
-0.00581588
-0.00649006
-0.00731388
-0.00795629
-0.00845376
0

0
0.00371656
-0.00792568
0.0226707
0.000520463
-0.00198241
-0.000488918
-0.00168141
-0.00272519
0.000941692
0.0333034
-0.0170737
0.0210192
-0.0053443
-0.00531689
-0.00551699
-0.00589377
-0.00643948
-0.00720026
-0.00789854
-0.00839007
0

0
0.0033851
-0.00173584
-0.0167506
-0.00047051
-0.00128894
0.000904409
-0.000284538
0.00976877
-0.00174408
-0.0127283
-0.0125163
-0.00667619
-0.00550653
-0.00520194
-0.00554569
-0.00772417
-0.0063595
-0.00712375
-0.00787663
-0.00838994
0

0
0.00320359
0.0011172
0.0182523
0.00015541
-0.000810592
-0.002558
-0.000316446
0.00433828
-0.000951226
-0.00547005
-0.00851696
-0.00561934
-0.00518966
-0.0051213
-0.00574664
0.0073487
-0.0057301
-0.00704959
-0.00786806
-0.00825805
0

0
0.00309002
0.00346852
-0.00274909
0.000225753
-0.0004617
-0.001112
-0.000283906
0.000816313
-0.000449466
-0.00295064
-0.00536401
-0.00498994
-0.00494959
-0.00506231
-0.00586646
-0.00553213
-0.0105351
-0.00702804
-0.00786264
-0.00821341
0

0
0
0
0
0
0
0
0
0
0
0
0
0
0
0
0
0
0
0
0
0
0


0
0
0
0
0
0
0
0
0
0
0
0
0
0
0
0
0
0
0
0
0
0

0
0.00881262
0.0100643
0.0432377
-0.0741612
-0.114767
-0.0187371
-0.00337482
0.00160475
0.0136549
0.084693
-0.0895877
-0.0226194
-0.00948555
-0.00586141
0.00464987
-0.00530017
-0.00633259
-0.00810533
-0.00954455
-0.0117961
0

0
0.00879804
0.017362
0.0516232
-0.0809941
-0.101115
-0.0176817
-0.00321627
0.00111317
0.0127536
0.0411789
-0.0654304
-0.0210667
-0.00942513
-0.0061421
-0.00759744
-0.00600229
-0.0063544
-0.00810791
-0.00946833
0.00584449
0

0
0.00874199
0.0194739
0.0683692
-0.0870014
-0.0738398
-0.0152819
-0.00292876
0.00156145
0.0113538
0.037755
-0.0451904
-0.0192048
-0.00930583
-0.00632452
-0.0085839
-0.00627554
-0.00645985
-0.00796549
-0.0092705
-0.00871427
0

0
0.00860762
0.020129
0.0895053
-0.043948
-0.0514906
-0.0125878
-0.00257321
0.00160291
0.0100626
0.0287875
-0.0330866
-0.0172134
-0.00914445
-0.00634629
-0.00781307
-0.00604427
-0.00651582
-0.00780436
-0.00907323
-0.0106972
0

0
0.00835734
0.0193294
0.0676618
-0.0232726
-0.0348778
-0.00995696
-0.00216649
0.00146536
0.00826074
0.0233591
-0.0268596
-0.0136307
-0.00897686
-0.00629725
-0.00707804
-0.00605848
-0.00657338
-0.00766967
-0.00883773
-0.0103752
0

0
0.00801742
0.0180938
0.0485859
-0.013777
-0.0234201
-0.00768012
-0.00177946
0.00132587
0.00721569
0.0223046
-0.0251649
-0.0153475
-0.00724194
-0.00614904
-0.00656467
-0.00606925
-0.0066041
-0.00754861
-0.00862274
-0.00982164
0

0
0.00760935
0.0172141
0.0349536
-0.00813773
-0.0157012
-0.00581311
-0.00142394
0.00117167
0.0048821
0.0254535
-0.0280735
-0.015139
-0.00707395
-0.00607711
-0.00623019
-0.00605516
-0.00661847
-0.00744132
-0.00845116
-0.00938995
0

0
0.00714091
0.0170905
0.026144
-0.0044987
-0.0105334
-0.00433414
-0.00110351
0.001012
0.00658696
0.0328863
-0.0346637
-0.0151173
-0.00706676
-0.00605183
-0.00601453
-0.00602296
-0.0066087
-0.00737817
-0.00832311
-0.0090862
0

0
0.00657178
0.0176977
0.0221934
-0.0021283
-0.00698748
-0.00318837
-0.000903916
0.000729409
0.00650539
0.0418028
-0.0419285
-0.0163359
-0.00700753
-0.00603794
-0.00587168
-0.00597835
-0.00653182
-0.00755444
-0.00823783
-0.00887622
0

0
0.00579935
0.0166363
0.0289614
-0.000315137
-0.00458455
-0.00225994
-0.000750632
0.000518594
0.00531582
0.0319543
-0.0323735
-0.0153148
-0.00690468
-0.00587059
-0.00578373
-0.00593838
-0.00662945
-0.00751697
-0.00816613
-0.00871733
0

0
0.00485461
-0.000210416
0.0159956
0.000232028
-0.00300876
-0.00152158
-0.000604995
0.000233324
0.00377523
0.0236289
-0.0226352
-0.0125401
-0.00655519
-0.00565355
-0.00567462
-0.00582855
-0.00661486
-0.00741331
-0.00808252
-0.00863638
0

0
0.00416486
-0.000950085
0.0121454
0.000565871
-0.00194879
-0.000915876
-0.000523776
0.000461398
0.00208654
0.016514
-0.0155688
-0.00110185
-0.00582702
-0.00549754
-0.00563881
-0.00570179
-0.00664042
-0.00734695
-0.00804409
-0.00854467
0

0
0.0037443
0.000504514
0.00106699
0.000322604
-0.00125066
-0.000533439
-0.000328287
0.00356355
0.000314268
0.00120435
-0.0113548
-0.00476461
-0.0055913
-0.00538183
-0.00564919
-0.00532565
-0.00670937
-0.00730057
-0.0080192
-0.00848147
0

0
0.00348444
0.0019211
0.00410789
0.000455075
-0.000781869
-0.00124428
-0.000284154
0.0024472
-0.000174648
-0.00181234
-0.00805461
-0.00526459
-0.0053303
-0.00528813
-0.00571441
-0.00261307
-0.00693574
-0.00726897
-0.00800169
-0.008414
0

0
0.00330947
0.00315264
-0.000389426
0.0004551
-0.000427835
-0.00099206
-0.000270965
0.000684852
-0.000315117
-0.00270033
-0.00526514
-0.00507949
-0.00510046
-0.00521534
-0.00582274
-0.00536778
-0.00829667
-0.00726524
-0.0079922
-0.00836407
0

0
0
0
0
0
0
0
0
0
0
0
0
0
0
0
0
0
0
0
0
0
0


0
0
0
0
0
0
0
0
0
0
0
0
0
0
0
0
0
0
0
0
0
0

0
0.00912165
0.0141065
0.0366125
-0.0585137
-0.154339
-0.0131693
-0.00268687
0.00181726
0.0122171
0.0473959
-0.0561764
-0.0204004
-0.00959867
-0.00618193
-0.00172543
-0.00573193
-0.00659428
-0.00807248
-0.00916458
-0.00775722
0

0
0.00912193
0.0165168
0.0410884
-0.0562412
-0.126647
-0.0144158
-0.00264592
0.0017286
0.0115258
0.0338063
-0.046913
-0.0194056
-0.00951911
-0.00634368
-0.00537095
-0.00602001
-0.0066226
-0.008052
-0.00908466
-0.00401824
0

0
0.00907412
0.0180062
0.0486097
-0.050837
-0.0714245
-0.0125829
-0.0024576
0.00183359
0.0104062
0.0277905
-0.0365555
-0.0179665
-0.00933815
-0.00644561
-0.00673506
-0.0061799
-0.00665469
-0.00796373
-0.00900794
-0.00737367
0

0
0.0089326
0.0185344
0.0546867
-0.0333241
-0.0448932
-0.0104265
-0.00215826
0.00179382
0.00917143
0.0228052
-0.0289008
-0.0163931
-0.00908389
-0.00646824
-0.00691464
-0.00618608
-0.00669808
-0.00787146
-0.00892341
-0.00903263
0

0
0.00868363
0.0180657
0.047724
-0.0199687
-0.0291679
-0.00833882
-0.00184158
0.00166752
0.00792199
0.0196176
-0.024308
-0.0147952
-0.00870751
-0.00641739
-0.0067196
-0.00618905
-0.00672505
-0.00777455
-0.00879576
-0.00946912
0

0
0.00833487
0.0171094
0.0381959
-0.0117521
-0.0193253
-0.00652035
-0.00153089
0.00152313
0.00696996
0.0185182
-0.0224787
-0.0145701
-0.00799483
-0.00631747
-0.00647041
-0.00618496
-0.00674397
-0.00768868
-0.00866131
-0.00943542
0

0
0.00790343
0.0161131
0.0299227
-0.00665313
-0.0129634
-0.00501882
-0.00124312
0.00135454
0.00605503
0.0196191
-0.0231011
-0.0143037
-0.00764445
-0.00622903
-0.00625592
-0.00616552
-0.00675107
-0.00762082
-0.00853911
-0.00927537
0

0
0.00739292
0.0152304
0.0239072
-0.00340575
-0.00874223
-0.00381224
-0.000992746
0.00118713
0.00614012
0.022244
-0.0251667
-0.01405
-0.00743191
-0.00615431
-0.00609128
-0.00613159
-0.00674581
-0.0075863
-0.00843821
-0.00910656
0

0
0.00677623
0.0141222
0.0204471
-0.00131019
-0.00585922
-0.00284291
-0.000803318
0.000958547
0.00579136
0.0242904
-0.0264766
-0.0138884
-0.00724418
-0.00608354
-0.0059838
-0.00610099
-0.00674795
-0.00762305
-0.0083651
-0.00895375
0

0
0.00604652
0.0115347
0.0193607
2.55778e-05
-0.00392284
-0.00209226
-0.00065396
0.00078706
0.00489749
0.0207881
-0.0227947
-0.0126848
-0.00695449
-0.00590681
-0.00584719
-0.00599431
-0.00673213
-0.00756772
-0.00826941
-0.0088615
0

0
0.00522087
0.00539722
0.013994
0.000621532
-0.00259036
-0.00151034
-0.000542642
0.000718707
0.00375603
0.0157038
-0.0176992
-0.0102417
-0.00658687
-0.00577039
-0.0057821
-0.00590141
-0.00676639
-0.00752823
-0.00822612
-0.00875304
0

0
0.00455318
0.0030831
0.00976558
0.000841626
-0.0016887
-0.00107887
-0.00044714
0.000990778
0.00232512
0.0103268
-0.0133019
-0.00619376
-0.00608874
-0.00563254
-0.0057405
-0.00573964
-0.00681883
-0.00749066
-0.00818587
-0.00867669
0

0
0.00407317
0.00262434
0.00489436
0.000773806
-0.00108403
-0.000850105
-0.000325827
0.00173508
0.00105032
0.00343077
-0.0100306
-0.00575071
-0.00574162
-0.00551193
-0.0057262
-0.00541955
-0.00693527
-0.0074625
-0.00815496
-0.00861372
0

0
0.00373836
0.00282013
0.00337286
0.000749329
-0.000669871
-0.000933881
-0.000268951
0.00139638
0.000232199
-8.07456e-05
-0.00742959
-0.00553397
-0.00546308
-0.00541062
-0.00574493
-0.00481409
-0.00719567
-0.00744408
-0.00813159
-0.00855699
0

0
0.00349658
0.00316245
0.000967085
0.000702683
-0.000360101
-0.000863777
-0.000246338
0.000582588
-0.000231548
-0.00226
-0.00511585
-0.00519379
-0.00522336
-0.00532812
-0.00580193
-0.0055271
-0.00776811
-0.00743545
-0.00811597
-0.00851117
0

0
0
0
0
0
0
0
0
0
0
0
0
0
0
0
0
0
0
0
0
0
0


0
0
0
0
0
0
0
0
0
0
0
0
0
0
0
0
0
0
0
0
0
0

0
0.00922585
0.0150349
0.0303139
-0.0442731
-0.26023
-0.002755
-0.00173766
0.00200062
0.010372
0.0291818
-0.0379275
-0.018176
-0.00950752
-0.00641253
-0.00412679
-0.00601198
-0.00680786
-0.00807603
-0.00895711
-0.00742961
0

0
0.00921303
0.0159016
0.0324489
-0.0359332
-0.127953
-0.00900546
-0.00189192
0.00199334
0.00993919
0.0244085
-0.0339153
-0.0175612
-0.00941768
-0.0064805
-0.00531922
-0.00612024
-0.00680817
-0.00804334
-0.00890944
-0.00672732
0

0
0.00914585
0.0166274
0.035569
-0.0299271
-0.0611684
-0.00860203
-0.00178857
0.0019807
0.00920333
0.0203484
-0.0285086
-0.0165321
-0.00923718
-0.00653127
-0.00611828
-0.00621885
-0.00682493
-0.0079907
-0.00887603
-0.00771076
0

0
0.00899344
0.0168514
0.0373009
-0.0214462
-0.0315454
-0.00720846
-0.00159976
0.0019087
0.00832334
0.0171329
-0.0238142
-0.0153817
-0.00898287
-0.00653529
-0.00641838
-0.0062584
-0.00684384
-0.00792676
-0.00883253
-0.00859784
0

0
0.00874236
0.0164641
0.0344933
-0.0138319
-0.0189387
-0.00590242
-0.00138784
0.00178665
0.00744033
0.0149933
-0.0205864
-0.014303
-0.00863857
-0.00648734
-0.00643565
-0.00626717
-0.00685244
-0.00785781
-0.00876279
-0.00904604
0

0
0.00839244
0.0156673
0.0296051
-0.00830128
-0.0125625
-0.00476392
-0.00117879
0.00166291
0.00663128
0.014058
-0.0189111
-0.0136659
-0.00820447
-0.00640455
-0.00634145
-0.00626147
-0.00686074
-0.0077944
-0.00868054
-0.00918914
0

0
0.00795712
0.014662
0.0246566
-0.00454894
-0.00868265
-0.00379523
-0.000982023
0.00151058
0.00598062
0.014129
-0.018484
-0.0131646
-0.00785713
-0.00631126
-0.00622032
-0.00624015
-0.00686071
-0.00774294
-0.00859706
-0.00918357
0

0
0.00743154
0.0135207
0.02052
-0.00206738
-0.00604444
-0.00296748
-0.000801469
0.0013113
0.00561363
0.0147293
-0.0186834
-0.0126697
-0.00757806
-0.00622754
-0.00612134
-0.00622343
-0.00687342
-0.0077212
-0.00852707
-0.00911224
0

0
0.00683337
0.0120657
0.0174601
-0.000483558
-0.00421514
-0.00230705
-0.000663766
0.0011275
0.00512995
0.0148487
-0.0183571
-0.0120452
-0.0072642
-0.00607942
-0.00598124
-0.00613278
-0.00682882
-0.00767154
-0.00843096
-0.00905097
0

0
0.00614977
0.00989712
0.0150714
0.000507538
-0.00288394
-0.00177674
-0.00056465
0.00101077
0.00443336
0.0128233
-0.0163452
-0.0109267
-0.00696326
-0.00597088
-0.00591025
-0.00607788
-0.00684673
-0.00765419
-0.00838855
-0.00895674
0

0
0.00543816
0.00687188
0.0117829
0.000976436
-0.00194549
-0.00135125
-0.000473467
0.000960038
0.0034247
0.00984488
-0.0135695
-0.00922836
-0.00658347
-0.0058384
-0.00584319
-0.00599225
-0.00687763
-0.00762823
-0.00834081
-0.00888397
0

0
0.00481178
0.0049169
0.00861143
0.00112435
-0.00129097
-0.00104827
-0.000385176
0.00102813
0.00231347
0.00632456
-0.0108242
-0.00722722
-0.00616463
-0.00570672
-0.00579592
-0.00586832
-0.00692712
-0.0076014
-0.00829925
-0.00881955
0

0
0.00431393
0.00393169
0.00561748
0.00108112
-0.000835861
-0.000866426
-0.000295129
0.00111213
0.00127934
0.00264629
-0.00853812
-0.00625561
-0.00581574
-0.00558761
-0.00577031
-0.00570023
-0.00702807
-0.00758188
-0.00826699
-0.00876232
0

0
0.00393397
0.00350024
0.00363853
0.000998912
-0.00051649
-0.000805009
-0.000249044
0.000894346
0.000506454
-0.000112009
-0.00656052
-0.00567227
-0.00553254
-0.00548536
-0.00576652
-0.00553827
-0.00720401
-0.00756717
-0.00824136
-0.00871162
0

0
0.00363555
0.00328454
0.0018039
0.000907368
-0.000283697
-0.000755366
-0.00023612
0.000566049
-7.67246e-05
-0.00235984
-0.00468586
-0.00507271
-0.0052547
-0.00537628
-0.0057496
-0.00566921
-0.00742298
-0.00751641
-0.00819204
-0.00869325
0

0
0
0
0
0
0
0
0
0
0
0
0
0
0
0
0
0
0
0
0
0
0


0
0
0
0
0
0
0
0
0
0
0
0
0
0
0
0
0
0
0
0
0
0

0
0.0091301
0.0147034
0.02538
-0.00580855
0.218434
-0.0107736
-0.00154078
0.00213271
0.00876205
0.0185595
-0.0268041
-0.0160735
-0.00927224
-0.00652702
-0.00513497
-0.00617717
-0.00694791
-0.00808272
-0.008859
-0.00780622
0

0
0.00910136
0.0150031
0.0262075
-0.0124117
0.113833
-0.0029619
-0.00121209
0.00213602
0.00848075
0.0165264
-0.0247955
-0.015641
-0.00918117
-0.00655144
-0.00556596
-0.00622488
-0.00694675
-0.00805933
-0.0088402
-0.00774621
0

0
0.00901055
0.0152644
0.0272811
-0.0131089
0.0337742
-0.00280171
-0.00106946
0.00209712
0.00793647
0.0140962
-0.0218394
-0.0148762
-0.00900496
-0.00656761
-0.00597682
-0.00628378
-0.00695517
-0.00802607
-0.00882589
-0.00814302
0

0
0.0088443
0.0152449
0.0275543
-0.0106466
0.00617012
-0.00300079
-0.00095003
0.00198266
0.00727907
0.0119833
-0.0189832
-0.0139856
-0.00875386
-0.00655103
-0.00620299
-0.0063204
-0.00696426
-0.00798283
-0.00880273
-0.00860998
0

0
0.00858995
0.0148513
0.02601
-0.007333
-0.0016821
-0.00291019
-0.000842001
0.00185675
0.00653038
0.0105641
-0.0168366
-0.0131251
-0.00843543
-0.00649606
-0.00627079
-0.00633373
-0.00696672
-0.00793556
-0.00876537
-0.00893509
0

0
0.00824508
0.014146
0.0232558
-0.00439101
-0.00344028
-0.00263586
-0.000732821
0.00169589
0.00582253
0.0098802
-0.015513
-0.012457
-0.00808786
-0.0064136
-0.00624773
-0.00633145
-0.00697118
-0.00789067
-0.00871785
-0.00909969
0

0
0.00781406
0.0132018
0.0201685
-0.00214839
-0.00336398
-0.00227256
-0.000626486
0.00150659
0.0052198
0.00967492
-0.0148488
-0.0118981
-0.00777268
-0.00632743
-0.0061968
-0.00632947
-0.00698455
-0.0078621
-0.00867093
-0.00914943
0

0
0.00731261
0.0120748
0.0172726
-0.000600801
-0.00282211
-0.00192384
-0.000542154
0.001291
0.00475034
0.00973948
-0.0144458
-0.0113108
-0.00743887
-0.00618582
-0.00608324
-0.00626022
-0.00694288
-0.00779781
-0.00858815
-0.00915313
0

0
0.00674513
0.0107229
0.0147778
0.000444727
-0.00216527
-0.00158854
-0.000486089
0.00118766
0.00421241
0.00934601
-0.0138119
-0.0106482
-0.00715668
-0.00609018
-0.00601899
-0.00622819
-0.00695278
-0.00778417
-0.00855508
-0.00910466
0

0
0.00612632
0.00903528
0.0125124
0.00105242
-0.00158914
-0.00129882
-0.000427928
0.00106077
0.00352243
0.00821685
-0.0125932
-0.00973989
-0.00684047
-0.00597117
-0.00594658
-0.00617238
-0.00695712
-0.00775961
-0.00850608
-0.00905019
0

0
0.00549856
0.00714625
0.0100904
0.00133474
-0.0011222
-0.00105706
-0.000358708
0.000935341
0.00271438
0.00649601
-0.0109569
-0.00859499
-0.0065009
-0.00585014
-0.00588681
-0.00610467
-0.0069803
-0.00773701
-0.00846212
-0.00899565
0

0
0.00492619
0.00562646
0.00774125
0.00139627
-0.000765362
-0.000874315
-0.000305199
0.000890588
0.00183528
0.0043447
-0.00922449
-0.00737344
-0.00614791
-0.00573104
-0.00584129
-0.00602036
-0.00701896
-0.00771604
-0.00842504
-0.00894231
0

0
0.00444091
0.00458927
0.00560123
0.00132722
-0.000501623
-0.000753961
-0.000255986
0.000812806
0.00101317
0.00215457
-0.00764137
-0.00649921
-0.00583782
-0.0056235
-0.0058118
-0.00593094
-0.00708959
-0.00770033
-0.00839438
-0.00889068
0

0
0.00403261
0.00389782
0.00384125
0.0011998
-0.000312155
-0.000699324
-0.000232443
0.000714621
0.000400523
-0.000104343
-0.00601973
-0.00571849
-0.00553615
-0.00550878
-0.00576062
-0.00582305
-0.00715037
-0.00764579
-0.00833507
-0.00886588
0

0
0.0037114
0.00343516
0.00235447
0.00108988
-0.000172099
-0.000659854
-0.000215074
0.000491783
-0.000328993
-0.00154955
-0.00482078
-0.0052062
-0.00529964
-0.00542841
-0.00576616
-0.00585487
-0.00728004
-0.00763607
-0.00833118
-0.00879456
0

0
0
0
0
0
0
0
0
0
0
0
0
0
0
0
0
0
0
0
0
0
0


0
0
0
0
0
0
0
0
0
0
0
0
0
0
0
0
0
0
0
0
0
0

0
0.0088513
0.013842
0.0214925
0.00192524
0.132639
0.000319215
-0.000520003
0.00213897
0.00718826
0.0115019
-0.0195193
-0.0140386
-0.00887813
-0.00654399
-0.00560478
-0.00630291
-0.00706687
-0.00811974
-0.00885421
-0.00824764
0

0
0.00880584
0.0139178
0.0217159
-0.00104476
0.0827217
0.00158441
-0.000392645
0.00211925
0.00687018
0.0106135
-0.0185215
-0.0137142
-0.00877432
-0.00654436
-0.00578493
-0.00633061
-0.00706972
-0.00810812
-0.00885123
-0.00829617
0

0
0.00870046
0.0139348
0.0219033
-0.0027562
0.043556
0.00122294
-0.000326807
0.00203694
0.00639206
0.00941928
-0.0169924
-0.0131617
-0.00860032
-0.00653215
-0.00598792
-0.00636574
-0.00707416
-0.00808706
-0.00884522
-0.00849979
0

0
0.00852658
0.0137704
0.0216245
-0.00283708
0.0208874
0.000432239
-0.00030728
0.00189557
0.00584973
0.00831967
-0.0154095
-0.0125207
-0.00837076
-0.00649667
-0.00612626
-0.00639074
-0.00707731
-0.00805618
-0.00883341
-0.00875876
0

0
0.00827589
0.0133549
0.0205276
-0.00199866
0.00937209
-0.000212184
-0.00031067
0.00174331
0.00523142
0.00768351
-0.014142
-0.0119165
-0.00810593
-0.006436
-0.00618333
-0.00639989
-0.00707667
-0.0080218
-0.00881247
-0.00897406
0

0
0.00794096
0.0127114
0.0187624
-0.000906258
0.00388919
-0.000596692
-0.000313463
0.0015667
0.00464398
0.00744968
-0.0132699
-0.0114164
-0.00783867
-0.00636372
-0.00619084
-0.00640872
-0.00708864
-0.00799704
-0.00878901
-0.00910867
0

0
0.00753454
0.0118597
0.0166776
5.88317e-05
0.00134232
-0.000800484
-0.000317213
0.00139344
0.00412201
0.00745361
-0.0126478
-0.010938
-0.00754981
-0.00624691
-0.00613017
-0.00636417
-0.00705466
-0.00793809
-0.00872975
-0.00918023
0

0
0.00706686
0.0108551
0.014564
0.000812425
0.000244735
-0.000865585
-0.000320072
0.00120926
0.00374168
0.00724271
-0.0120576
-0.0104171
-0.00729034
-0.0061558
-0.00607989
-0.0063407
-0.00705602
-0.00791409
-0.00870101
-0.00919384
0

0
0.00654657
0.00968308
0.0125754
0.00130733
-0.000191074
-0.000851306
-0.000315984
0.00109524
0.00327991
0.00667799
-0.0113213
-0.00977169
-0.00700994
-0.00605392
-0.006021
-0.00630407
-0.00705293
-0.00788984
-0.00866183
-0.00917554
0

0
0.00599418
0.00836114
0.0106844
0.00158377
-0.000309951
-0.000796238
-0.000292858
0.000939086
0.00277224
0.00571481
-0.0103228
-0.00901447
-0.00671624
-0.00594397
-0.00596163
-0.00625634
-0.00705221
-0.00786482
-0.00862015
-0.00914428
0

0
0.00544064
0.00699466
0.00880399
0.00167672
-0.000293837
-0.000725061
-0.000264105
0.000786157
0.00222839
0.00428267
-0.00908995
-0.008109
-0.00640244
-0.00583339
-0.00591069
-0.00620452
-0.00706753
-0.00784462
-0.00858309
-0.00910431
0

0
0.00492424
0.00579531
0.00699493
0.00163646
-0.00023187
-0.000653804
-0.00023821
0.000682847
0.00156511
0.00274066
-0.00785177
-0.00721214
-0.00609132
-0.00572564
-0.00586989
-0.00614889
-0.00709555
-0.007828
-0.00855064
-0.00906046
0

0
0.00444909
0.00481526
0.0053226
0.0015
-0.0001652
-0.00061239
-0.000222425
0.000648739
0.000983818
0.0009929
-0.0065541
-0.00634726
-0.00577372
-0.00560126
-0.00579557
-0.00604142
-0.00708456
-0.00776211
-0.00847853
-0.00903797
0

0
0.00406991
0.00411183
0.00391588
0.00136211
-0.000112743
-0.000577701
-0.000209399
0.000480234
0.000266297
-0.000278272
-0.0055849
-0.00574952
-0.0055192
-0.00551542
-0.00578915
-0.0060179
-0.00715672
-0.007762
-0.00847723
-0.00896547
0

0
0.00375942
0.00356224
0.0027181
0.00123501
-6.44561e-05
-0.000557741
-0.000208018
0.000293363
-0.000220906
-0.00168197
-0.00455133
-0.00521536
-0.00530834
-0.00544952
-0.00579077
-0.00601972
-0.00723194
-0.00776315
-0.00846802
-0.00890729
0

0
0
0
0
0
0
0
0
0
0
0
0
0
0
0
0
0
0
0
0
0
0


0
0
0
0
0
0
0
0
0
0
0
0
0
0
0
0
0
0
0
0
0
0

0
0.00841388
0.0127933
0.0185153
0.00629461
0.0843199
0.00529024
0.000285111
0.00199552
0.00545987
0.00741212
-0.0151775
-0.0123052
-0.0083729
-0.00647198
-0.00584265
-0.00640911
-0.00718181
-0.00818912
-0.00891808
-0.00862324
0

0
0.00836279
0.0127706
0.0184844
0.0047211
0.0629088
0.00499849
0.000304462
0.00193231
0.0051536
0.00742045
-0.0148957
-0.0121709
-0.00829119
-0.00645936
-0.00592201
-0.00642662
-0.00718538
-0.00818183
-0.00891886
-0.00867141
0

0
0.00825185
0.0126701
0.0182962
0.00310798
0.0414004
0.00407706
0.000278692
0.00179327
0.00479486
0.00724649
-0.0142535
-0.0118886
-0.00815837
-0.00643466
-0.0060217
-0.00644642
-0.00718696
-0.00816643
-0.00891485
-0.00878903
0

0
0.00807813
0.0124296
0.0178262
0.00212608
0.0253672
0.00292366
0.000201711
0.00163054
0.00445797
0.00683528
-0.0133469
-0.0115151
-0.00798518
-0.00639395
-0.00609869
-0.00646131
-0.00718705
-0.00814371
-0.00890658
-0.00894195
0

0
0.00783514
0.0120113
0.0169074
0.00174565
0.0149008
0.00187071
0.000105093
0.00147493
0.00412627
0.00625844
-0.0123559
-0.0110759
-0.00778289
-0.00633925
-0.00614016
-0.00647398
-0.00719286
-0.00812351
-0.00889609
-0.00908302
0

0
0.00752013
0.0114203
0.0155905
0.00170748
0.00851597
0.00103745
1.50575e-05
0.001288
0.00383892
0.00569717
-0.0114244
-0.010604
-0.00754968
-0.00625171
-0.00612894
-0.00645106
-0.00716929
-0.00807819
-0.00885951
-0.0091864
0

0
0.00714774
0.010669
0.0140494
0.00182023
0.00478303
0.00044636
-7.25642e-05
0.00113635
0.00358498
0.00513048
-0.0106063
-0.010101
-0.00731898
-0.0061676
-0.006097
-0.00643006
-0.00715985
-0.00804685
-0.00883425
-0.00924751
0

0
0.00672359
0.00978671
0.0124352
0.00194463
0.00264254
4.69795e-05
-0.000134056
0.0009706
0.00330825
0.00457388
-0.00990371
-0.00952629
-0.00706819
-0.00608211
-0.00605922
-0.00640566
-0.00715293
-0.00802194
-0.00880758
-0.009269
0

0
0.00625847
0.00879447
0.0108481
0.00201606
0.00143857
-0.000196075
-0.000180555
0.000876482
0.00283131
0.00412267
-0.00927175
-0.00893498
-0.00680307
-0.00598557
-0.00601296
-0.00637249
-0.0071465
-0.00799852
-0.00877487
-0.00926611
0

0
0.00576965
0.00772896
0.00929799
0.00201018
0.000776435
-0.000333584
-0.000200478
0.000741323
0.00236687
0.00343684
-0.00852165
-0.0082946
-0.00653236
-0.00588382
-0.00596239
-0.00633209
-0.00714221
-0.00797402
-0.00873868
-0.00924735
0

0
0.0052834
0.00666235
0.00778663
0.00193498
0.000420483
-0.000404
-0.000208068
0.000614362
0.00183768
0.00257355
-0.00769251
-0.00760187
-0.00625595
-0.00578374
-0.00591861
-0.00629138
-0.00714884
-0.00795437
-0.00870634
-0.00921732
0

0
0.00479874
0.00564834
0.00632189
0.00177986
0.000228338
-0.000447571
-0.000218683
0.000588483
0.0013116
0.00146664
-0.00674765
-0.00683234
-0.00595463
-0.00565969
-0.00583487
-0.00619203
-0.00710369
-0.00788035
-0.00862806
-0.00919656
0

0
0.00439835
0.00483973
0.00503945
0.00163166
0.000126632
-0.000453933
-0.000220484
0.000454718
0.000639808
0.00055438
-0.00601684
-0.00623417
-0.00570104
-0.005575
-0.00582354
-0.00617561
-0.00714838
-0.00788548
-0.00863212
-0.00913146
0

0
0.00404863
0.00417109
0.0039117
0.00147033
6.9645e-05
-0.000465883
-0.000213171
0.00027086
0.000176608
-0.000540497
-0.00519429
-0.00569925
-0.00547902
-0.00550061
-0.00581068
-0.00615765
-0.00719072
-0.00788466
-0.00861699
-0.0090807
0

0
0.00375602
0.00362919
0.00292852
0.00132748
2.8931e-05
-0.000477113
-0.000227266
0.000130971
-0.000286144
-0.00149351
-0.00445778
-0.00522354
-0.00529177
-0.0054425
-0.00580492
-0.0061482
-0.00723116
-0.00788242
-0.00859662
-0.00903246
0

0
0
0
0
0
0
0
0
0
0
0
0
0
0
0
0
0
0
0
0
0
0


0
0
0
0
0
0
0
0
0
0
0
0
0
0
0
0
0
0
0
0
0
0

0
0.00785618
0.0116954
0.016301
0.00867051
0.0609038
0.00760333
0.000804952
0.00164798
0.00401429
0.00582548
-0.0129554
-0.0111902
-0.0078904
-0.00633839
-0.00595501
-0.00650214
-0.00729268
-0.00828108
-0.00902454
-0.00893093
0

0
0.00780279
0.0116363
0.0161524
0.0076331
0.0505905
0.00699097
0.00076823
0.00151073
0.00398892
0.00574185
-0.0126821
-0.011146
-0.00784274
-0.00632312
-0.00599281
-0.00651334
-0.00729619
-0.00827721
-0.00902356
-0.00896497
0

0
0.0076936
0.0114849
0.015836
0.00623385
0.0376586
0.00587256
0.000658913
0.00138699
0.00394326
0.00524313
-0.0120122
-0.0109094
-0.00774219
-0.00629596
-0.00604139
-0.00652335
-0.00729554
-0.0082652
-0.00901782
-0.00903924
0

0
0.00752681
0.0112174
0.0152792
0.00497485
0.0261303
0.00454444
0.0005123
0.00127341
0.00378504
0.00460181
-0.011188
-0.0105564
-0.00760185
-0.00625858
-0.00608549
-0.00653497
-0.00729838
-0.00825012
-0.00901183
-0.00913607
0

0
0.00729836
0.0108081
0.0144365
0.00402537
0.0172675
0.00326317
0.000358869
0.00112952
0.00356183
0.00407504
-0.0104041
-0.0101442
-0.00742163
-0.00619649
-0.00609937
-0.0065237
-0.00728082
-0.00821538
-0.00898841
-0.00922969
0

0
0.00701347
0.0102632
0.0133674
0.0033851
0.0110342
0.00218127
0.000196529
0.00100785
0.00328828
0.00376186
-0.00973972
-0.00973206
-0.00723403
-0.00612629
-0.00608573
-0.00650769
-0.00726687
-0.00818432
-0.00896826
-0.00930526
0

0
0.00667886
0.00960003
0.0121393
0.00297466
0.00689061
0.00133727
6.50639e-05
0.000899679
0.00300478
0.00345012
-0.0091663
-0.00926543
-0.00702869
-0.006058
-0.00606802
-0.00649141
-0.00725847
-0.00816071
-0.00895124
-0.00935158
0

0
0.00630094
0.00883033
0.0108274
0.0026877
0.00422981
0.000720482
-4.18414e-05
0.00078612
0.00261012
0.00327197
-0.00868488
-0.00879352
-0.00680199
-0.00597642
-0.00603502
-0.00646537
-0.00724766
-0.00813557
-0.00892559
-0.00937214
0

0
0.00589191
0.0079908
0.00950284
0.00246673
0.00256832
0.00029959
-0.000115877
0.000678343
0.002217
0.0029269
-0.00814307
-0.00830166
-0.00656821
-0.00588718
-0.0059937
-0.00643325
-0.00723646
-0.00811041
-0.00889581
-0.00937413
0

0
0.00546591
0.00710658
0.00821773
0.00227063
0.00155277
2.37794e-05
-0.000167767
0.000561108
0.00185038
0.00232152
-0.00750027
-0.00774848
-0.00632525
-0.00579386
-0.0059475
-0.00639457
-0.00722482
-0.00808276
-0.0088621
-0.0093609
0

0
0.00501683
0.00620211
0.00694574
0.00205964
0.000938454
-0.000165712
-0.000212328
0.00053661
0.00145739
0.00150111
-0.00674642
-0.00709993
-0.00605563
-0.00567974
-0.00586777
-0.00630533
-0.0071661
-0.00800789
-0.00878716
-0.00934273
0

0
0.00462853
0.00541542
0.00579347
0.00188083
0.000574779
-0.000265252
-0.000219062
0.000377139
0.000946136
0.000743598
-0.00613581
-0.00652673
-0.00580848
-0.00559779
-0.00585003
-0.00629217
-0.00719224
-0.00801
-0.00878972
-0.0092934
0

0
0.00427003
0.00471073
0.00474457
0.00169205
0.000352928
-0.000332399
-0.00022463
0.000200131
0.000500181
3.50023e-05
-0.005519
-0.00604707
-0.00559456
-0.00552282
-0.00582969
-0.00627186
-0.00721226
-0.00800454
-0.00877173
-0.00924597
0

0
0.00395962
0.00411814
0.00381483
0.00152036
0.000211835
-0.000375902
-0.000253286
5.83039e-05
0.000128093
-0.000855463
-0.0048557
-0.00556327
-0.00540277
-0.00545986
-0.00581578
-0.00625626
-0.00723566
-0.0080006
-0.00874963
-0.00920209
0

0
0.00370064
0.00362659
0.0030159
0.00137344
0.000104896
-0.000416458
-0.000286063
-2.80172e-05
-0.000289084
-0.00151525
-0.00431842
-0.00516567
-0.00524653
-0.00541291
-0.00580969
-0.00624524
-0.00725782
-0.00799597
-0.00872578
-0.00916017
0

0
0
0
0
0
0
0
0
0
0
0
0
0
0
0
0
0
0
0
0
0
0


0
0
0
0
0
0
0
0
0
0
0
0
0
0
0
0
0
0
0
0
0
0

0
0.00719571
0.0106357
0.0146721
0.00973023
0.0513513
0.00869875
0.00102105
0.00110123
0.00334235
0.00405133
-0.011078
-0.0103011
-0.00744064
-0.0061598
-0.0059906
-0.00658239
-0.00740082
-0.00839514
-0.0091595
-0.0091943
0

0
0.00714466
0.0105579
0.0145065
0.00889887
0.0448531
0.00802375
0.000932941
0.00103726
0.00339886
0.0037578
-0.0107491
-0.0102107
-0.00740719
-0.00614819
-0.0060125
-0.00658983
-0.00740343
-0.00839143
-0.00915588
-0.00921729
0

0
0.00704186
0.0103911
0.0141284
0.00759215
0.0354234
0.00682542
0.000788069
0.00100393
0.00324233
0.00357194
-0.0103639
-0.0100028
-0.00732811
-0.00612807
-0.00604245
-0.00659737
-0.00740534
-0.00838187
-0.0091496
-0.00926557
0

0
0.00688728
0.0101168
0.0135601
0.00622239
0.0260079
0.00540376
0.000617601
0.000906723
0.00304905
0.00341581
-0.00990894
-0.00972377
-0.00720627
-0.00608936
-0.00606195
-0.00659092
-0.00739031
-0.00835476
-0.00913181
-0.00932761
0

0
0.0066832
0.00972404
0.0127941
0.0050366
0.0180986
0.00401362
0.000421355
0.000823606
0.00283913
0.0031995
-0.00938158
-0.00939657
-0.00705855
-0.00603629
-0.00605977
-0.00657951
-0.00737665
-0.00832622
-0.00911485
-0.00939287
0

0
0.00643094
0.00923249
0.0118431
0.00412262
0.0121085
0.00279755
0.000240962
0.000720221
0.00267954
0.00282722
-0.00880019
-0.00901412
-0.00689788
-0.00598175
-0.00605316
-0.00656541
-0.00736528
-0.00830175
-0.00910049
-0.00944475
0

0
0.00613768
0.0086356
0.0107692
0.00344938
0.0078671
0.00182836
8.34783e-05
0.000645268
0.00243046
0.00246986
-0.00827011
-0.00858705
-0.00671021
-0.00591833
-0.00603452
-0.00654758
-0.00735592
-0.00827882
-0.00908198
-0.00947871
0

0
0.00580884
0.00796206
0.00962748
0.00296317
0.00500496
0.00110038
-3.64113e-05
0.000548451
0.0021128
0.00224971
-0.00781033
-0.00817562
-0.00651308
-0.00584531
-0.00600474
-0.00652162
-0.00734166
-0.00825354
-0.00905679
-0.00949557
0

0
0.00545617
0.00723803
0.00849318
0.00260245
0.00313969
0.000581562
-0.000127851
0.000457559
0.00180601
0.0019003
-0.00732244
-0.00772464
-0.0063026
-0.00576448
-0.00596654
-0.0064876
-0.00732446
-0.00822565
-0.00902673
-0.00949688
0

0
0.00506904
0.00646664
0.00735262
0.00229269
0.00194606
0.000216091
-0.000205086
0.000418537
0.00147117
0.00147234
-0.00676884
-0.0072063
-0.00606403
-0.0056533
-0.00588433
-0.00639702
-0.00725099
-0.00814433
-0.00895061
-0.00948879
0

0
0.00471493
0.00575135
0.00629803
0.002064
0.00121472
-1.40351e-05
-0.000228587
0.000272157
0.00108174
0.000922578
-0.00625472
-0.00669966
-0.00583783
-0.00557626
-0.00585789
-0.00637591
-0.00725562
-0.00813358
-0.00894621
-0.00945326
0

0
0.00438
0.00507906
0.0053194
0.00185036
0.000762034
-0.000159669
-0.000261782
0.000123431
0.000653275
0.000491058
-0.00578208
-0.00627606
-0.00564241
-0.00550826
-0.00583618
-0.00635815
-0.00726542
-0.0081265
-0.00893188
-0.00940877
0

0
0.00407635
0.00448201
0.00443473
0.00166219
0.000480277
-0.000253658
-0.000303262
1.28479e-05
0.000335727
-0.000275017
-0.00519218
-0.00582767
-0.0054623
-0.00544836
-0.00581976
-0.00634071
-0.00727644
-0.00812001
-0.00891019
-0.00936697
0

0
0.00381278
0.00397289
0.00367248
0.0015013
0.000296695
-0.000322719
-0.000343725
-5.68678e-05
-6.07113e-05
-0.000841192
-0.00471091
-0.00543621
-0.00530661
-0.00540039
-0.00581065
-0.0063271
-0.00728993
-0.00811389
-0.00888583
-0.00932662
0

0
0.00359369
0.00355471
0.00302206
0.00137072
0.000157579
-0.000382737
-0.00037283
-0.000133775
-0.000369102
-0.0014494
-0.00424563
-0.00508348
-0.00517517
-0.00536572
-0.00580807
-0.00631765
-0.00730305
-0.00810758
-0.00886099
-0.00928733
0

0
0
0
0
0
0
0
0
0
0
0
0
0
0
0
0
0
0
0
0
0
0


0
0
0
0
0
0
0
0
0
0
0
0
0
0
0
0
0
0
0
0
0
0

0
0.0072554
0.0106549
0.0146823
0.00976547
0.0514389
0.00852537
0.00099262
0.00110455
0.00335202
0.00403452
-0.0111369
-0.0102952
-0.00742875
-0.00615524
-0.0059912
-0.00658619
-0.00740567
-0.0084003
-0.00916272
-0.00919463
0

0
0.00720301
0.0105755
0.0145139
0.00892339
0.0449307
0.00787271
0.000906555
0.00104073
0.00340831
0.00373983
-0.010805
-0.0102047
-0.00739474
-0.00614317
-0.00601268
-0.00659301
-0.00740769
-0.008396
-0.0091586
-0.00921724
0

0
0.00709934
0.0104082
0.0141337
0.00760275
0.0354873
0.0067076
0.000765724
0.00100767
0.00325123
0.00355473
-0.0104177
-0.0099977
-0.00731624
-0.00612335
-0.00604279
-0.00660046
-0.00740957
-0.0083864
-0.00915241
-0.00926573
0

0
0.00694343
0.0101331
0.0135632
0.0062196
0.0260547
0.0053184
0.000600009
0.000910599
0.0030576
0.00339973
-0.00996048
-0.00971951
-0.00719511
-0.00608503
-0.00606249
-0.00659391
-0.0073945
-0.00835927
-0.00913477
-0.00932807
0

0
0.00673755
0.00973908
0.0127952
0.00502357
0.0181295
0.00395491
0.000408365
0.000827745
0.0028472
0.00318447
-0.00943044
-0.00939332
-0.00704819
-0.00603239
-0.00606049
-0.00658246
-0.0073808
-0.00833068
-0.00911795
-0.00939365
0

0
0.00648307
0.00924604
0.0118426
0.00410322
0.0121266
0.00275852
0.000231954
0.000724568
0.00268716
0.00281255
-0.0088456
-0.00901201
-0.00688851
-0.00597831
-0.00605405
-0.00656833
-0.00736943
-0.00830618
-0.00910372
-0.00944579
0

0
0.0061872
0.00864738
0.0107674
0.00342694
0.00787602
0.00180295
7.76234e-05
0.000649706
0.00243725
0.00245594
-0.00831216
-0.00858569
-0.00670194
-0.00591543
-0.00603559
-0.00655051
-0.00736008
-0.0082832
-0.00908529
-0.00947995
0

0
0.00585542
0.00797194
0.00962479
0.00294021
0.00500765
0.00108395
-3.99474e-05
0.000552681
0.00211888
0.00223705
-0.00784982
-0.00817473
-0.0065058
-0.00584294
-0.00600598
-0.00652458
-0.00734586
-0.00825787
-0.00906016
-0.00949697
0

0
0.0054996
0.00724598
0.00848996
0.00258054
0.0031384
0.000570854
-0.000129776
0.00046151
0.00181124
0.00188857
-0.00735875
-0.00772426
-0.00629643
-0.00576267
-0.00596796
-0.00649064
-0.00732874
-0.00822998
-0.00903017
-0.0094984
0

0
0.00510904
0.00647267
0.0073491
0.00227284
0.00194248
0.000208932
-0.000205878
0.000422265
0.00147514
0.00146158
-0.00680135
-0.00720648
-0.00605911
-0.00565201
-0.00588585
-0.00640003
-0.00725531
-0.00814863
-0.00895414
-0.00949058
0

0
0.00475183
0.00575566
0.00629436
0.00204668
0.00120989
-1.9e-05
-0.00022875
0.000275082
0.00108456
0.000912645
-0.00628302
-0.0067002
-0.00583418
-0.0055756
-0.00585959
-0.00637894
-0.00725999
-0.00813779
-0.00894969
-0.00945495
0

0
0.00441393
0.00508173
0.0053156
0.00183568
0.000756697
-0.00016331
-0.000261671
0.000125556
0.00065504
0.000482347
-0.00580695
-0.00627707
-0.0056398
-0.00550815
-0.00583806
-0.00636124
-0.00726987
-0.00813064
-0.00893532
-0.00941034
0

0
0.00410763
0.00448324
0.00443077
0.00165007
0.00047483
-0.000256511
-0.000303044
1.44503e-05
0.000336155
-0.000283723
-0.00521204
-0.00582962
-0.00546087
-0.00544877
-0.00582181
-0.00634384
-0.00728098
-0.00812407
-0.00891355
-0.00936847
0

0
0.00384177
0.00397291
0.00366837
0.00149146
0.000291311
-0.000325096
-0.000343438
-5.57875e-05
-6.17609e-05
-0.000849163
-0.00472679
-0.00543883
-0.00530622
-0.00540126
-0.00581284
-0.00633024
-0.00729454
-0.00811784
-0.0088891
-0.00932806
0

0
0.00362081
0.00355375
0.00301781
0.00136285
0.000152258
-0.000384771
-0.000372488
-0.000133178
-0.000371424
-0.00145718
-0.00425746
-0.00508678
-0.00517576
-0.00536703
-0.00581044
-0.00632089
-0.00730788
-0.00811161
-0.00886439
-0.00928892
0

0
0
0
0
0
0
0
0
0
0
0
0
0
0
0
0
0
0
0
0
0
0


0
0
0
0
0
0
0
0
0
0
0
0
0
0
0
0
0
0
0
0
0
0

0
0
0
0
0
0
0
0
0
0
0
0
0
0
0
0
0
0
0
0
0
0

0
0
0
0
0
0
0
0
0
0
0
0
0
0
0
0
0
0
0
0
0
0

0
0
0
0
0
0
0
0
0
0
0
0
0
0
0
0
0
0
0
0
0
0

0
0
0
0
0
0
0
0
0
0
0
0
0
0
0
0
0
0
0
0
0
0

0
0
0
0
0
0
0
0
0
0
0
0
0
0
0
0
0
0
0
0
0
0

0
0
0
0
0
0
0
0
0
0
0
0
0
0
0
0
0
0
0
0
0
0

0
0
0
0
0
0
0
0
0
0
0
0
0
0
0
0
0
0
0
0
0
0

0
0
0
0
0
0
0
0
0
0
0
0
0
0
0
0
0
0
0
0
0
0

0
0
0
0
0
0
0
0
0
0
0
0
0
0
0
0
0
0
0
0
0
0

0
0
0
0
0
0
0
0
0
0
0
0
0
0
0
0
0
0
0
0
0
0

0
0
0
0
0
0
0
0
0
0
0
0
0
0
0
0
0
0
0
0
0
0

0
0
0
0
0
0
0
0
0
0
0
0
0
0
0
0
0
0
0
0
0
0

0
0
0
0
0
0
0
0
0
0
0
0
0
0
0
0
0
0
0
0
0
0

0
0
0
0
0
0
0
0
0
0
0
0
0
0
0
0
0
0
0
0
0
0

0
0
0
0
0
0
0
0
0
0
0
0
0
0
0
0
0
0
0
0
0
0

0
0
0
0
0
0
0
0
0
0
0
0
0
0
0
0
0
0
0
0
0
0


