0
0
0
0
0
0
0
0
0
0
0
0
0
0
0
0
0
0
0
0
0
0

0
0
0
0
0
0
0
0
0
0
0
0
0
0
0
0
0
0
0
0
0
0

0
0
0
0
0
0
0
0
0
0
0
0
0
0
0
0
0
0
0
0
0
0

0
0
0
0
0
0
0
0
0
0
0
0
0
0
0
0
0
0
0
0
0
0

0
0
0
0
0
0
0
0
0
0
0
0
0
0
0
0
0
0
0
0
0
0

0
0
0
0
0
0
0
0
0
0
0
0
0
0
0
0
0
0
0
0
0
0

0
0
0
0
0
0
0
0
0
0
0
0
0
0
0
0
0
0
0
0
0
0

0
0
0
0
0
0
0
0
0
0
0
0
0
0
0
0
0
0
0
0
0
0

0
0
0
0
0
0
0
0
0
0
0
0
0
0
0
0
0
0
0
0
0
0

0
0
0
0
0
0
0
0
0
0
0
0
0
0
0
0
0
0
0
0
0
0

0
0
0
0
0
0
0
0
0
0
0
0
0
0
0
0
0
0
0
0
0
0

0
0
0
0
0
0
0
0
0
0
0
0
0
0
0
0
0
0
0
0
0
0

0
0
0
0
0
0
0
0
0
0
0
0
0
0
0
0
0
0
0
0
0
0

0
0
0
0
0
0
0
0
0
0
0
0
0
0
0
0
0
0
0
0
0
0

0
0
0
0
0
0
0
0
0
0
0
0
0
0
0
0
0
0
0
0
0
0

0
0
0
0
0
0
0
0
0
0
0
0
0
0
0
0
0
0
0
0
0
0

0
0
0
0
0
0
0
0
0
0
0
0
0
0
0
0
0
0
0
0
0
0


0
0
0
0
0
0
0
0
0
0
0
0
0
0
0
0
0
0
0
0
0
0

0.5
0.500316
0.502036
0.502401
0.501546
0.504381
0.506876
0.507091
0.507971
0.507366
0.504067
0.500846
0.574125
0.535347
0.525565
0.531862
0.530149
0.526584
0.51817
0.512468
0.512471
0

0.5
0.500603
0.502468
0.49084
0.502265
0.504076
0.507372
0.5074
0.50832
0.507567
0.504291
0.50274
0.576076
0.514773
0.524795
0.531697
0.528078
0.526959
0.518276
0.512589
0.512563
0

0.5
0.500595
0.502808
0.503917
0.505772
0.506675
0.503245
0.507299
0.508358
0.50766
0.503978
0.498163
0.589449
0.508685
0.524051
0.523841
0.543388
0.527463
0.517945
0.512304
0.512279
0

0.5
0.500544
0.503021
0.504568
0.523939
0.481651
0.502119
0.507321
0.508554
0.507742
0.503509
0.491459
0.601822
0.49703
0.523591
0.523211
0.54234
0.527563
0.517419
0.511875
0.511851
0

0.5
0.50045
0.500439
0.497043
0.531991
0.476167
0.501278
0.507475
0.508654
0.510421
0.503192
0.455314
-0.532214
0.473436
0.523642
0.523218
0.544981
0.527551
0.51674
0.511294
0.51127
0

0.5
0.500364
0.500595
0.509689
0.543886
0.463609
0.500701
0.507765
0.50879
0.508162
0.503959
0.474449
0.619435
0.495772
0.523247
0.52343
0.549802
0.527586
0.514966
0.510536
0.510515
0

0.5
0.500286
0.500679
0.509442
0.562339
0.443439
0.500859
0.50821
0.508904
0.508515
0.505384
0.490254
0.590085
0.505852
0.523372
0.522951
0.557153
0.526863
0.513506
0.509621
0.509606
0

0.5
0.500206
0.500428
0.507945
0.590591
0.411441
0.502574
0.508741
0.5094
0.508895
0.506984
0.500376
0.568229
0.51073
0.532133
0.520879
0.567874
0.525353
0.511343
0.508501
0.508501
0

0.5
0.500117
0.499886
0.504006
0.610956
0.472728
0.509326
0.509593
0.509571
0.509266
0.508528
0.506757
0.553146
0.512832
0.358358
0.513634
0.583312
0.52251
0.508316
0.5074
0.50739
0

0.5
0.500036
0.499146
0.497764
0.407516
0.657402
0.502145
0.51028
0.509804
0.509598
0.509932
0.510712
0.542657
0.514823
0.519742
0.511863
0.606012
0.517098
0.504396
0.505939
0.505948
0

0.5
0.49998
0.498393
0.49345
0.415919
0.593752
0.52227
0.511452
0.510029
0.509896
0.506768
0.512997
0.535253
0.515904
0.513976
0.50238
0.640128
0.507213
0.499302
0.504404
0.504428
0

0.5
0.499964
0.497737
0.491549
0.442248
0.565801
0.522154
0.512084
0.510191
0.510172
0.512032
0.514595
0.530023
0.51589
0.507575
0.48382
0.689491
0.490815
0.49288
0.502868
0.502911
0

0.5
0.499987
0.49725
0.490938
0.459009
0.548901
0.521425
0.512291
0.510571
0.510429
0.503893
0.515289
0.526219
0.515034
0.494076
0.467894
0.762062
0.464135
0.485045
0.501479
0.501545
0

0.5
0.499834
0.497126
0.490883
0.468881
0.53921
0.520547
0.512481
0.510626
0.510691
0.513012
0.516072
0.523416
0.5121
0.490714
0.420948
0.867885
0.421102
0.475839
0.500477
0.500567
0

0.5
0.499719
0.497136
0.491047
0.473464
0.534894
0.519687
0.512529
0.510626
0.510848
0.513101
0.51635
0.521339
0.511362
0.484434
0.359166
-0.521122
0.334735
0.515591
0.500765
0.500664
0

0
0
0
0
0
0
0
0
0
0
0
0
0
0
0
0
0
0
0
0
0
0


0
0
0
0
0
0
0
0
0
0
0
0
0
0
0
0
0
0
0
0
0
0

0.5
0.500195
0.501635
0.499873
0.489211
0.520633
0.508907
0.507241
0.507981
0.507565
0.504858
0.490324
0.587543
0.521303
0.525546
0.530317
0.532149
0.526786
0.518278
0.51255
0.512547
0

0.5
0.500392
0.502242
0.501138
0.490544
0.521612
0.508818
0.507046
0.508357
0.507878
0.505149
0.499436
0.573659
0.519778
0.525556
0.529751
0.533558
0.527174
0.51839
0.512678
0.512645
0

0.5
0.500495
0.502129
0.502398
0.499514
0.511025
0.5066
0.50751
0.508435
0.507919
0.50506
0.500283
0.575467
0.517003
0.525446
0.525909
0.537887
0.527452
0.518066
0.512406
0.512373
0

0.5
0.500505
0.502005
0.504036
0.512215
0.498326
0.504868
0.507612
0.50855
0.508008
0.50486
0.496515
0.582163
0.516055
0.526327
0.523773
0.5404
0.527646
0.517548
0.511998
0.511965
0

0.5
0.500449
0.501076
0.506296
0.521309
0.488865
0.503666
0.507745
0.508679
0.508157
0.5048
0.484519
0.596808
0.506426
0.528366
0.517461
0.543481
0.527729
0.516763
0.511445
0.511412
0

0.5
0.500379
0.500901
0.507222
0.530634
0.479107
0.503016
0.507979
0.508829
0.508407
0.505432
0.490604
0.588119
0.509048
0.525531
0.523275
0.548272
0.52773
0.515556
0.510736
0.510705
0

0.5
0.500308
0.500756
0.507206
0.54074
0.468435
0.503227
0.508356
0.50902
0.508719
0.506534
0.49831
0.572146
0.512725
0.523947
0.524012
0.555063
0.527272
0.514074
0.509876
0.509847
0

0.5
0.500231
0.500447
0.505933
0.548732
0.459681
0.504861
0.508856
0.509288
0.509063
0.507813
0.504543
0.558257
0.515039
0.52325
0.522896
0.564547
0.526273
0.512108
0.508865
0.508841
0

0.5
0.500148
0.499934
0.502895
0.540783
0.465666
0.508674
0.509567
0.509528
0.509408
0.509081
0.508976
0.547399
0.515994
0.52222
0.520114
0.577675
0.524528
0.509495
0.50772
0.507701
0

0.5
0.500078
0.499267
0.49836
0.465038
0.541366
0.515131
0.510364
0.509765
0.509733
0.510242
0.511937
0.539197
0.516934
0.518516
0.515967
0.596322
0.522993
0.506403
0.506403
0.506389
0

0.5
0.500051
0.498551
0.495015
0.45633
0.548873
0.518013
0.511097
0.509988
0.510023
0.511244
0.513831
0.533002
0.517369
0.513883
0.50867
0.625016
0.51292
0.501698
0.504983
0.504979
0

0.5
0.500136
0.497782
0.493272
0.462642
0.543202
0.518945
0.511624
0.510189
0.510299
0.512016
0.515021
0.528715
0.516515
0.508294
0.496865
0.664222
0.500604
0.496269
0.503557
0.503567
0

0.5
0.500363
0.496586
0.49285
0.470367
0.536119
0.518932
0.511906
0.510388
0.510527
0.512606
0.515739
0.52546
0.515345
0.50026
0.480274
0.717282
0.482502
0.489965
0.502239
0.502267
0

0.5
0.500012
0.497213
0.49228
0.47638
0.530595
0.518524
0.512074
0.51049
0.51075
0.512945
0.516217
0.522995
0.513468
0.494936
0.452716
0.78697
0.456773
0.483042
0.501164
0.501212
0

0.5
0.499803
0.497405
0.492246
0.480179
0.526586
0.517966
0.512115
0.510502
0.510862
0.513086
0.516403
0.521121
0.512566
0.490415
0.419412
0.869303
0.421842
0.475761
0.500369
0.500464
0

0
0
0
0
0
0
0
0
0
0
0
0
0
0
0
0
0
0
0
0
0
0


0
0
0
0
0
0
0
0
0
0
0
0
0
0
0
0
0
0
0
0
0
0

0.5
0.500183
0.501057
0.497344
0.472639
0.537841
0.510681
0.507628
0.5081
0.507863
0.506076
0.500073
0.565327
0.523689
0.525956
0.529504
0.533174
0.526888
0.518386
0.512641
0.512637
0

0.5
0.500457
0.501468
0.498759
0.479338
0.531431
0.510308
0.507856
0.508453
0.508196
0.506424
0.503864
0.562891
0.522941
0.5261
0.529085
0.534469
0.527266
0.518507
0.512777
0.512743
0

0.5
0.500484
0.501491
0.500371
0.490972
0.519639
0.508659
0.507899
0.508521
0.508252
0.506433
0.50462
0.563346
0.521298
0.526046
0.527484
0.536739
0.52747
0.518202
0.512521
0.512488
0

0.5
0.50048
0.501415
0.502173
0.502269
0.508136
0.507013
0.507938
0.508616
0.508351
0.506421
0.503044
0.565992
0.519406
0.526329
0.5261
0.539143
0.527673
0.517718
0.512138
0.512105
0

0.5
0.500441
0.501122
0.503886
0.511111
0.498936
0.505746
0.508023
0.508738
0.508506
0.506547
0.499986
0.57032
0.516598
0.526888
0.524724
0.542241
0.527812
0.516997
0.511618
0.511586
0

0.5
0.500385
0.500944
0.50487
0.518246
0.491388
0.505062
0.508202
0.508886
0.508725
0.507051
0.501755
0.565836
0.516612
0.525385
0.525503
0.546571
0.527826
0.51598
0.510961
0.510929
0

0.5
0.500323
0.500748
0.504979
0.52344
0.485694
0.505201
0.508508
0.509068
0.508997
0.507864
0.505243
0.557677
0.517594
0.524088
0.52576
0.552577
0.527541
0.514656
0.510166
0.510136
0

0.5
0.50025
0.500442
0.504027
0.524308
0.484195
0.506472
0.508947
0.509286
0.509299
0.508827
0.50866
0.54923
0.518353
0.522919
0.525078
0.560782
0.526841
0.512904
0.509232
0.509206
0

0.5
0.500174
0.499993
0.501884
0.515154
0.492546
0.509094
0.509525
0.509511
0.50961
0.509807
0.511393
0.541835
0.518615
0.521272
0.523301
0.572033
0.525441
0.510624
0.508155
0.508133
0

0.5
0.500107
0.499436
0.498927
0.489405
0.517377
0.512684
0.510165
0.509733
0.509909
0.510719
0.513364
0.535804
0.518608
0.518494
0.520165
0.58751
0.522722
0.507773
0.506949
0.506931
0

0.5
0.500068
0.498846
0.496477
0.479209
0.527382
0.515087
0.510751
0.509942
0.510184
0.511512
0.514692
0.531045
0.518216
0.514835
0.515053
0.609504
0.517129
0.504106
0.505664
0.505655
0

0.5
0.50008
0.49827
0.494944
0.478358
0.528433
0.516273
0.511196
0.510125
0.510431
0.512149
0.515543
0.527466
0.517326
0.510398
0.507175
0.63827
0.508903
0.499781
0.504375
0.504375
0

0.5
0.500134
0.497767
0.494182
0.480787
0.526304
0.51665
0.511482
0.510278
0.510644
0.512638
0.516078
0.524713
0.516158
0.505223
0.495989
0.674708
0.49743
0.494917
0.503158
0.503171
0

0.5
0.499973
0.497755
0.493787
0.483733
0.523633
0.516581
0.511638
0.510368
0.510815
0.512965
0.516405
0.522588
0.514833
0.500704
0.48031
0.718108
0.482671
0.489876
0.502126
0.50215
0

0.5
0.499853
0.497808
0.493682
0.486135
0.521109
0.516299
0.511678
0.510382
0.510899
0.513121
0.516515
0.520951
0.513964
0.497288
0.463938
0.763365
0.464726
0.484891
0.501262
0.501333
0

0
0
0
0
0
0
0
0
0
0
0
0
0
0
0
0
0
0
0
0
0
0


0
0
0
0
0
0
0
0
0
0
0
0
0
0
0
0
0
0
0
0
0
0

0.5
0.500178
0.500552
0.494607
0.444293
0.563973
0.512229
0.507986
0.50822
0.508209
0.507409
0.507202
0.553371
0.525297
0.526382
0.529343
0.533582
0.526961
0.518516
0.512751
0.512747
0

0.5
0.500479
0.500947
0.496486
0.461527
0.549829
0.511876
0.508273
0.508566
0.508549
0.507759
0.508501
0.552953
0.524962
0.526548
0.529229
0.534621
0.527321
0.518649
0.512897
0.512864
0

0.5
0.500477
0.50102
0.498476
0.481081
0.529747
0.51032
0.508248
0.508624
0.508613
0.507815
0.508843
0.553042
0.523941
0.526426
0.528521
0.536157
0.52749
0.518371
0.51266
0.512627
0

0.5
0.500464
0.501034
0.500415
0.494278
0.516108
0.508716
0.508241
0.508708
0.508717
0.507898
0.508344
0.553801
0.522702
0.526335
0.527821
0.538217
0.527701
0.517935
0.512303
0.51227
0

0.5
0.500433
0.50096
0.502009
0.50333
0.506672
0.507443
0.508282
0.508818
0.508864
0.508092
0.507629
0.554285
0.521371
0.526173
0.527316
0.540995
0.527859
0.517302
0.511826
0.511794
0

0.5
0.500387
0.500855
0.502993
0.50937
0.50023
0.506718
0.50841
0.508954
0.509058
0.508497
0.508365
0.551743
0.520859
0.525322
0.527428
0.544794
0.527925
0.516432
0.511225
0.511192
0

0.5
0.500334
0.500689
0.503223
0.512668
0.496507
0.506707
0.508647
0.509117
0.509293
0.509096
0.510002
0.547169
0.520779
0.524302
0.527442
0.549938
0.527787
0.515289
0.510501
0.51047
0

0.5
0.500267
0.500429
0.502618
0.512349
0.49635
0.507541
0.509
0.509305
0.509554
0.509806
0.511814
0.541963
0.520705
0.523088
0.527021
0.556817
0.527348
0.513778
0.50965
0.509623
0

0.5
0.500197
0.500061
0.501209
0.506901
0.50127
0.509212
0.509454
0.509505
0.509825
0.510542
0.513399
0.537006
0.52042
0.521479
0.525866
0.566092
0.526338
0.511855
0.50867
0.508645
0

0.5
0.500132
0.499619
0.499322
0.496634
0.511049
0.511345
0.509951
0.509704
0.510089
0.511239
0.514618
0.532685
0.519937
0.519254
0.523749
0.578428
0.524339
0.509489
0.50759
0.507569
0

0.5
0.50008
0.49916
0.4976
0.490224
0.517247
0.513072
0.510414
0.509888
0.510332
0.511853
0.51547
0.529102
0.519218
0.516408
0.520379
0.594665
0.520834
0.506603
0.506454
0.506438
0

0.5
0.500051
0.498736
0.496368
0.488071
0.519408
0.51414
0.510785
0.51005
0.510552
0.512364
0.516035
0.526246
0.518269
0.513074
0.515383
0.615028
0.515684
0.503263
0.505309
0.5053
0

0.5
0.50003
0.498412
0.495629
0.488304
0.519277
0.514641
0.511036
0.510173
0.510732
0.512755
0.516379
0.523972
0.517182
0.509434
0.508484
0.639345
0.508838
0.499656
0.504239
0.504236
0

0.5
0.499962
0.498287
0.495236
0.489461
0.518245
0.514767
0.51118
0.510254
0.51088
0.513046
0.516598
0.522193
0.516107
0.506058
0.499766
0.666186
0.500577
0.496055
0.503313
0.503323
0

0.5
0.499901
0.498257
0.495087
0.49071
0.516943
0.514676
0.511214
0.510259
0.510937
0.51318
0.516628
0.520796
0.515347
0.503567
0.491575
0.692054
0.49111
0.492606
0.502513
0.502561
0

0
0
0
0
0
0
0
0
0
0
0
0
0
0
0
0
0
0
0
0
0
0


0
0
0
0
0
0
0
0
0
0
0
0
0
0
0
0
0
0
0
0
0
0

0.5
0.500173
0.500206
0.492268
0.299153
0.493609
0.51122
0.508211
0.508335
0.508571
0.508674
0.511438
0.545049
0.526285
0.526762
0.529499
0.533641
0.527001
0.518658
0.512875
0.512871
0

0.5
0.500479
0.50061
0.494918
0.439559
0.567672
0.512841
0.508536
0.508676
0.508912
0.509019
0.512022
0.545095
0.526171
0.526928
0.529592
0.534499
0.527347
0.518802
0.51303
0.512998
0

0.5
0.50047
0.50071
0.497224
0.472585
0.538345
0.511369
0.508496
0.508728
0.508978
0.509093
0.512163
0.544979
0.525497
0.526751
0.529277
0.535691
0.527514
0.518557
0.51281
0.512776
0

0.5
0.500455
0.50078
0.499211
0.488981
0.521397
0.509825
0.508465
0.508802
0.509077
0.509207
0.512044
0.544915
0.524667
0.526518
0.528999
0.537402
0.527706
0.518178
0.512486
0.512453
0

0.5
0.500428
0.500793
0.500726
0.498386
0.51159
0.508599
0.508477
0.5089
0.509211
0.509405
0.511932
0.544402
0.523811
0.526195
0.528798
0.539801
0.527888
0.517634
0.512052
0.512019
0

0.5
0.50039
0.500747
0.501681
0.503869
0.505733
0.507861
0.508564
0.509021
0.509382
0.509727
0.512317
0.542626
0.523204
0.525511
0.528833
0.543036
0.528012
0.516897
0.511509
0.511476
0

0.5
0.500344
0.500627
0.50201
0.506536
0.502701
0.507708
0.508741
0.509164
0.509583
0.510169
0.513113
0.539793
0.522727
0.524675
0.528822
0.547318
0.527999
0.515935
0.510859
0.510828
0

0.5
0.500285
0.500426
0.501695
0.506531
0.502344
0.508177
0.509012
0.509326
0.509805
0.510687
0.514051
0.536456
0.522265
0.523571
0.528607
0.55293
0.527791
0.514669
0.510097
0.510068
0

0.5
0.500222
0.50014
0.500823
0.503794
0.504714
0.509191
0.509358
0.5095
0.510036
0.511229
0.514922
0.533103
0.521684
0.522173
0.527896
0.560328
0.527166
0.5131
0.509223
0.509195
0

0.5
0.500161
0.4998
0.499629
0.499224
0.508971
0.510492
0.509738
0.509672
0.51026
0.511747
0.515618
0.53002
0.520978
0.520388
0.526597
0.569768
0.525908
0.511208
0.508275
0.50825
0

0.5
0.500105
0.49945
0.498453
0.495623
0.512385
0.511666
0.510099
0.509834
0.510473
0.512217
0.516122
0.527357
0.520145
0.51821
0.524525
0.581584
0.523791
0.50897
0.507281
0.50726
0

0.5
0.500063
0.499135
0.497526
0.493804
0.514137
0.512501
0.510394
0.509968
0.510655
0.512604
0.516444
0.52512
0.519199
0.515721
0.521497
0.595743
0.520764
0.506473
0.506299
0.506281
0

0.5
0.500027
0.498892
0.496902
0.493354
0.514594
0.512982
0.510608
0.510078
0.510818
0.512922
0.516651
0.523295
0.51822
0.513128
0.517508
0.611774
0.516815
0.503836
0.505377
0.505368
0

0.5
0.499991
0.498758
0.496537
0.493638
0.514337
0.513179
0.510729
0.510142
0.510936
0.513155
0.516756
0.521829
0.517295
0.510666
0.512706
0.628575
0.512307
0.501287
0.504575
0.504571
0

0.5
0.499959
0.498702
0.496375
0.494176
0.513778
0.513186
0.510749
0.510134
0.510972
0.513257
0.516726
0.520662
0.516636
0.508891
0.508588
0.643879
0.507241
0.498884
0.503877
0.503906
0

0
0
0
0
0
0
0
0
0
0
0
0
0
0
0
0
0
0
0
0
0
0


0
0
0
0
0
0
0
0
0
0
0
0
0
0
0
0
0
0
0
0
0
0

0.5
0.500175
0.500077
0.493613
0.441035
0.567486
0.51303
0.50836
0.508432
0.508918
0.509791
0.514111
0.539017
0.526818
0.5271
0.529771
0.53352
0.527011
0.518799
0.513003
0.513
0

0.5
0.500481
0.500465
0.495392
0.461731
0.549663
0.512714
0.508665
0.508772
0.509259
0.510133
0.514485
0.539154
0.526818
0.527256
0.529961
0.534272
0.527367
0.518957
0.513164
0.513132
0

0.5
0.50047
0.500562
0.497151
0.478144
0.532648
0.511494
0.508623
0.508819
0.509322
0.510207
0.514535
0.538928
0.526339
0.527071
0.529863
0.535223
0.527511
0.518748
0.512965
0.512932
0

0.5
0.500455
0.500645
0.498798
0.489451
0.520837
0.510211
0.508587
0.508885
0.509413
0.510321
0.514517
0.53857
0.525736
0.526801
0.529777
0.536663
0.527703
0.518425
0.512672
0.512639
0

0.5
0.500431
0.500689
0.50009
0.496782
0.513138
0.509157
0.508587
0.508972
0.509533
0.510495
0.514532
0.537858
0.525079
0.526454
0.529746
0.538675
0.527904
0.517966
0.512282
0.512249
0

0.5
0.500398
0.500675
0.500935
0.501214
0.508382
0.508483
0.508647
0.509078
0.509681
0.510745
0.514731
0.536525
0.524481
0.525856
0.529822
0.541371
0.528076
0.517352
0.511796
0.511763
0

0.5
0.500358
0.500595
0.501295
0.503431
0.505859
0.508255
0.508777
0.509203
0.509851
0.51107
0.51511
0.534628
0.523878
0.525151
0.529867
0.544867
0.528167
0.516558
0.511219
0.511187
0

0.5
0.500307
0.500445
0.501174
0.503788
0.505215
0.508476
0.508982
0.509342
0.510038
0.511443
0.515569
0.532393
0.523261
0.524196
0.529825
0.549351
0.528149
0.515522
0.510542
0.510512
0

0.5
0.500251
0.50023
0.50066
0.502572
0.506166
0.509071
0.509243
0.50949
0.51023
0.511833
0.516005
0.530073
0.52256
0.523038
0.529452
0.555119
0.527841
0.514272
0.509775
0.509745
0

0.5
0.500194
0.499973
0.499908
0.500424
0.508075
0.509864
0.50953
0.509639
0.510423
0.512216
0.516367
0.527868
0.521784
0.521623
0.528745
0.562192
0.527156
0.512791
0.508951
0.508923
0

0.5
0.500144
0.499711
0.499124
0.498465
0.509882
0.510641
0.509805
0.509773
0.510595
0.512556
0.516613
0.525875
0.520936
0.519961
0.527556
0.570698
0.525989
0.5111
0.508102
0.508075
0

0.5
0.500098
0.499469
0.498452
0.497209
0.511041
0.511252
0.510041
0.509895
0.51076
0.512856
0.516781
0.524148
0.520047
0.518128
0.525869
0.580453
0.524288
0.509244
0.507261
0.507241
0

0.5
0.500065
0.499283
0.497961
0.496667
0.511539
0.511645
0.51021
0.509982
0.510889
0.513094
0.516857
0.522693
0.519162
0.516227
0.523625
0.591117
0.522149
0.507336
0.506477
0.506459
0

0.5
0.500044
0.499171
0.497657
0.4966
0.511585
0.51184
0.510303
0.51003
0.510983
0.51327
0.516886
0.5215
0.518361
0.514458
0.521063
0.601764
0.519748
0.505536
0.5058
0.505786
0

0.5
0.500026
0.499116
0.497512
0.496761
0.511395
0.511877
0.510305
0.510011
0.511002
0.513336
0.516815
0.520533
0.517787
0.51321
0.519031
0.611074
0.517028
0.503854
0.50521
0.505224
0

0
0
0
0
0
0
0
0
0
0
0
0
0
0
0
0
0
0
0
0
0
0


0
0
0
0
0
0
0
0
0
0
0
0
0
0
0
0
0
0
0
0
0
0

0.5
0.50019
0.500108
0.495508
0.469033
0.541554
0.512053
0.508355
0.508506
0.509233
0.510737
0.515849
0.534566
0.52705
0.527375
0.530035
0.533337
0.527028
0.51893
0.51312
0.513117
0

0.5
0.500495
0.500476
0.496662
0.476968
0.533897
0.511852
0.508663
0.508845
0.509572
0.511076
0.516155
0.534712
0.527114
0.527541
0.530288
0.533999
0.527369
0.519107
0.513293
0.51326
0

0.5
0.500482
0.500551
0.497831
0.485504
0.525007
0.510962
0.508632
0.508887
0.509629
0.511143
0.516159
0.534444
0.526747
0.527363
0.530291
0.534779
0.527507
0.518931
0.513114
0.513081
0

0.5
0.500466
0.500622
0.499022
0.492387
0.517754
0.510011
0.508606
0.508947
0.509711
0.511241
0.516149
0.534017
0.526271
0.527099
0.530317
0.535982
0.527695
0.518659
0.51285
0.512817
0

0.5
0.500444
0.500665
0.5
0.49732
0.512518
0.509205
0.508608
0.509025
0.509817
0.511382
0.516156
0.533339
0.525722
0.526769
0.530385
0.537651
0.527909
0.518276
0.512501
0.512468
0

0.5
0.500414
0.500662
0.500665
0.500494
0.509077
0.508664
0.508656
0.509118
0.509943
0.511571
0.516232
0.532319
0.525158
0.526245
0.530521
0.539865
0.52812
0.517772
0.512068
0.512035
0

0.5
0.500378
0.500605
0.500984
0.502187
0.507132
0.508438
0.508757
0.509227
0.510087
0.511804
0.516382
0.530981
0.524538
0.525647
0.530641
0.542682
0.528287
0.517127
0.511557
0.511525
0

0.5
0.500334
0.500493
0.500962
0.502667
0.506424
0.508526
0.508914
0.509347
0.510241
0.512066
0.516569
0.529417
0.523883
0.524851
0.530728
0.546229
0.528408
0.51629
0.51096
0.510929
0

0.5
0.500284
0.500329
0.50066
0.502193
0.50668
0.508862
0.50911
0.509475
0.510404
0.512345
0.516758
0.527774
0.523164
0.523908
0.530587
0.550654
0.528347
0.515317
0.510293
0.510261
0

0.5
0.500235
0.50014
0.500192
0.501176
0.507526
0.509351
0.509327
0.509599
0.510558
0.51261
0.516897
0.52616
0.522393
0.522793
0.530289
0.555914
0.52806
0.514175
0.509582
0.509552
0

0.5
0.500186
0.499935
0.499663
0.500101
0.508451
0.509857
0.509541
0.509721
0.510713
0.512864
0.516993
0.524662
0.52158
0.521522
0.529706
0.56201
0.527505
0.5129
0.508851
0.508823
0

0.5
0.500147
0.499755
0.499193
0.4993
0.509154
0.510283
0.509721
0.509819
0.510842
0.513079
0.517026
0.523325
0.520759
0.520141
0.528824
0.568797
0.526665
0.511532
0.508138
0.508112
0

0.5
0.500119
0.499614
0.498832
0.498843
0.509539
0.510579
0.509849
0.509888
0.510947
0.51325
0.51702
0.52217
0.519971
0.518758
0.527677
0.575907
0.525575
0.510157
0.50748
0.507456
0

0.5
0.500107
0.499528
0.498596
0.498673
0.509658
0.510735
0.509914
0.509922
0.51102
0.513377
0.516988
0.521204
0.519268
0.517491
0.526362
0.582775
0.524357
0.50889
0.506915
0.506893
0

0.5
0.500097
0.499485
0.498478
0.498674
0.509613
0.510762
0.509895
0.509893
0.511024
0.513412
0.516882
0.520406
0.518762
0.516616
0.525403
0.588605
0.522911
0.507703
0.50642
0.506423
0

0
0
0
0
0
0
0
0
0
0
0
0
0
0
0
0
0
0
0
0
0
0


0
0
0
0
0
0
0
0
0
0
0
0
0
0
0
0
0
0
0
0
0
0

0.5
0.500218
0.500248
0.497408
0.484434
0.525566
0.510598
0.508235
0.508549
0.509501
0.511514
0.516998
0.531239
0.527097
0.527615
0.530263
0.533133
0.527024
0.519053
0.513226
0.513222
0

0.5
0.500521
0.500596
0.49819
0.487921
0.522528
0.510597
0.508554
0.508887
0.509837
0.511848
0.517278
0.531388
0.527201
0.527785
0.53056
0.533721
0.527361
0.519245
0.513409
0.513376
0

0.5
0.500507
0.500642
0.498889
0.49217
0.518073
0.510033
0.508542
0.508927
0.50989
0.511904
0.517249
0.531127
0.526899
0.527619
0.530613
0.534372
0.527494
0.519095
0.513247
0.513214
0

0.5
0.500489
0.500685
0.499646
0.495977
0.514013
0.509419
0.508536
0.508983
0.509963
0.511982
0.517211
0.530725
0.526499
0.527373
0.530697
0.535381
0.527682
0.518867
0.513009
0.512976
0

0.5
0.500467
0.500709
0.500293
0.498904
0.510843
0.508889
0.508552
0.509054
0.510054
0.512089
0.517179
0.530141
0.52602
0.527075
0.530827
0.536764
0.527906
0.518549
0.512695
0.512662
0

0.5
0.500439
0.5007
0.500741
0.5009
0.508628
0.50852
0.508601
0.509139
0.510162
0.512224
0.517172
0.529347
0.5255
0.526624
0.531003
0.538573
0.528146
0.518138
0.51231
0.512276
0

0.5
0.500405
0.500653
0.500967
0.502033
0.507301
0.508357
0.508688
0.509234
0.510281
0.512384
0.517191
0.528361
0.524908
0.526118
0.531193
0.540837
0.528363
0.517612
0.511855
0.511822
0

0.5
0.500365
0.500561
0.500962
0.50242
0.506715
0.50839
0.508812
0.509339
0.510412
0.512566
0.517229
0.527231
0.524267
0.525449
0.531347
0.543625
0.5286
0.516958
0.51133
0.511298
0

0.5
0.500323
0.500437
0.500784
0.50225
0.506722
0.508597
0.508966
0.509448
0.510542
0.512752
0.517257
0.526027
0.523577
0.524693
0.531414
0.547016
0.528687
0.516189
0.510745
0.510715
0

0.5
0.500274
0.500284
0.50047
0.50173
0.507073
0.508904
0.509138
0.509562
0.510679
0.512944
0.517271
0.524826
0.522832
0.523783
0.53136
0.55095
0.528699
0.515315
0.510123
0.51009
0

0.5
0.500233
0.500133
0.500121
0.501142
0.507541
0.509234
0.509301
0.509662
0.510801
0.513118
0.517247
0.523688
0.522074
0.522806
0.531183
0.555326
0.528531
0.514356
0.5095
0.509469
0

0.5
0.5002
0.499996
0.499794
0.500642
0.507938
0.509522
0.509436
0.509743
0.510907
0.513265
0.517199
0.522644
0.521324
0.521781
0.530813
0.560065
0.528196
0.513354
0.508896
0.508866
0

0.5
0.500178
0.499892
0.499534
0.500312
0.50819
0.509728
0.509529
0.509797
0.51099
0.513383
0.517132
0.521723
0.520622
0.520771
0.530288
0.564888
0.527719
0.512365
0.508341
0.508312
0

0.5
0.500172
0.49983
0.499362
0.500145
0.508293
0.509836
0.509568
0.509819
0.511045
0.513468
0.517058
0.520936
0.520004
0.519849
0.529672
0.569416
0.527168
0.511465
0.507868
0.507841
0

0.5
0.500167
0.499802
0.499278
0.500087
0.508283
0.509835
0.50953
0.50978
0.511036
0.513475
0.516929
0.520274
0.519553
0.51922
0.529281
0.573173
0.52643
0.510613
0.507451
0.507446
0

0
0
0
0
0
0
0
0
0
0
0
0
0
0
0
0
0
0
0
0
0
0


0
0
0
0
0
0
0
0
0
0
0
0
0
0
0
0
0
0
0
0
0
0

0.5
0.500257
0.500452
0.499224
0.494534
0.515092
0.508997
0.508035
0.508559
0.509714
0.512134
0.51776
0.528743
0.527052
0.527805
0.530468
0.532922
0.527016
0.519157
0.513316
0.513313
0

0.5
0.50056
0.50078
0.499759
0.496044
0.514122
0.509174
0.508367
0.508897
0.510049
0.512463
0.518019
0.528905
0.527179
0.527987
0.53077
0.533469
0.527349
0.51936
0.513505
0.513473
0

0.5
0.500543
0.500794
0.500098
0.497821
0.512205
0.508906
0.508379
0.508937
0.510096
0.512504
0.517968
0.528663
0.526922
0.527834
0.530848
0.534023
0.52748
0.519232
0.513358
0.513325
0

0.5
0.500523
0.500805
0.500476
0.499534
0.510311
0.508605
0.508399
0.508991
0.510161
0.51256
0.517909
0.528301
0.526575
0.527613
0.530966
0.534878
0.527668
0.519039
0.51314
0.513107
0

0.5
0.500498
0.500802
0.500806
0.500917
0.508745
0.508343
0.508437
0.509058
0.51024
0.512633
0.517846
0.527807
0.526148
0.527341
0.531129
0.536037
0.527899
0.518774
0.512855
0.512821
0

0.5
0.50047
0.500777
0.501034
0.50189
0.507604
0.508169
0.508498
0.509136
0.510332
0.512723
0.517781
0.527179
0.525665
0.52696
0.531343
0.537531
0.528155
0.518431
0.512505
0.512471
0

0.5
0.500437
0.500725
0.501135
0.502432
0.506887
0.508102
0.508581
0.509222
0.510432
0.51283
0.51772
0.526436
0.525113
0.526513
0.531561
0.539351
0.528429
0.51802
0.512101
0.512068
0

0.5
0.500401
0.500647
0.501108
0.502608
0.506552
0.508155
0.508691
0.509316
0.510539
0.512946
0.517657
0.525595
0.524505
0.525955
0.531813
0.541577
0.528707
0.51748
0.511628
0.511597
0

0.5
0.500358
0.500537
0.50096
0.502488
0.506509
0.508302
0.508823
0.509418
0.510655
0.513074
0.517596
0.524692
0.523832
0.525298
0.531972
0.544223
0.528963
0.516877
0.511103
0.511068
0

0.5
0.500316
0.500419
0.500745
0.502208
0.50666
0.508508
0.508959
0.509516
0.510765
0.513199
0.517513
0.523785
0.523132
0.524588
0.532133
0.547138
0.529127
0.516206
0.510564
0.510531
0

0.5
0.50028
0.500301
0.500504
0.50187
0.506886
0.508725
0.509085
0.5096
0.510865
0.513312
0.517417
0.522904
0.522429
0.523838
0.532178
0.55034
0.529197
0.515488
0.510024
0.509991
0

0.5
0.500252
0.500198
0.500275
0.501565
0.507097
0.508916
0.509186
0.509667
0.51095
0.513408
0.517312
0.522081
0.521748
0.52306
0.532115
0.553704
0.529172
0.514747
0.509504
0.509472
0

0.5
0.500235
0.50012
0.500093
0.501334
0.507242
0.509052
0.509251
0.509709
0.511015
0.513483
0.517203
0.521336
0.521117
0.522293
0.531968
0.557032
0.529064
0.514025
0.50903
0.508999
0

0.5
0.500234
0.500079
0.499976
0.501197
0.507306
0.509115
0.50927
0.509722
0.511055
0.513535
0.517095
0.520689
0.520562
0.521604
0.531756
0.56009
0.528896
0.513375
0.508629
0.508598
0

0.5
0.500231
0.500063
0.49992
0.501131
0.507286
0.509084
0.509216
0.509676
0.511036
0.513521
0.516949
0.520133
0.520151
0.521142
0.531668
0.562596
0.528554
0.512747
0.508271
0.50826
0

0
0
0
0
0
0
0
0
0
0
0
0
0
0
0
0
0
0
0
0
0
0


0
0
0
0
0
0
0
0
0
0
0
0
0
0
0
0
0
0
0
0
0
0

0.5
0.500296
0.500658
0.500799
0.501714
0.506218
0.507229
0.507762
0.508521
0.509834
0.512525
0.518127
0.526769
0.527026
0.527992
0.530619
0.53276
0.527023
0.519246
0.513384
0.513379
0

0.5
0.500597
0.50097
0.501161
0.502128
0.506571
0.507582
0.508109
0.50886
0.510168
0.512843
0.518385
0.526932
0.527176
0.528178
0.530929
0.533272
0.527356
0.519458
0.513579
0.513545
0

0.5
0.500577
0.500957
0.50122
0.502363
0.506524
0.507598
0.508149
0.508901
0.510211
0.512871
0.518329
0.526706
0.526951
0.528033
0.531019
0.533754
0.52749
0.51935
0.513442
0.513407
0

0.5
0.500555
0.500936
0.501293
0.502621
0.506433
0.50761
0.508202
0.508954
0.510268
0.51291
0.518255
0.52639
0.52664
0.527821
0.531146
0.534495
0.527686
0.519187
0.513241
0.513206
0

0.5
0.500528
0.500905
0.501361
0.502816
0.506331
0.507634
0.508268
0.50902
0.510338
0.51296
0.518166
0.52598
0.526243
0.527575
0.531318
0.535494
0.527929
0.518962
0.512977
0.51294
0

0.5
0.500498
0.500858
0.501387
0.502929
0.506226
0.507674
0.508348
0.509096
0.510418
0.513022
0.518068
0.525485
0.525784
0.52721
0.531522
0.536754
0.528233
0.518691
0.512657
0.512619
0

0.5
0.500465
0.500798
0.501363
0.502967
0.50615
0.507742
0.508439
0.509176
0.510504
0.51309
0.517959
0.52492
0.525251
0.526804
0.531794
0.53825
0.528531
0.51835
0.512288
0.512251
0

0.5
0.500425
0.500716
0.501265
0.502904
0.506113
0.507844
0.508547
0.509267
0.5106
0.513168
0.517846
0.524283
0.524637
0.526273
0.532034
0.540103
0.528927
0.517915
0.511849
0.511808
0

0.5
0.500386
0.500619
0.501127
0.502747
0.506133
0.507974
0.508662
0.509359
0.510698
0.513251
0.517725
0.523605
0.523979
0.525727
0.532292
0.542138
0.529263
0.517454
0.511386
0.511343
0

0.5
0.500348
0.500518
0.500955
0.502543
0.506191
0.508116
0.508773
0.509445
0.510791
0.513333
0.51759
0.522913
0.523307
0.525131
0.532496
0.544386
0.529571
0.516952
0.51091
0.510865
0

0.5
0.500314
0.500421
0.500773
0.502316
0.506269
0.508255
0.508871
0.509519
0.510876
0.513405
0.517455
0.522225
0.522637
0.524492
0.532656
0.546769
0.529848
0.516417
0.510436
0.510389
0

0.5
0.500289
0.500337
0.500603
0.502109
0.506344
0.508371
0.508947
0.509575
0.510947
0.513466
0.517317
0.521568
0.521992
0.52385
0.532756
0.549195
0.530072
0.515875
0.509983
0.509934
0

0.5
0.500276
0.500277
0.500468
0.501943
0.506397
0.508448
0.508989
0.509608
0.510999
0.513512
0.517185
0.520959
0.521399
0.523233
0.532791
0.551544
0.530235
0.515354
0.509571
0.509521
0

0.5
0.500277
0.50025
0.500386
0.501829
0.506415
0.508472
0.508991
0.509613
0.511029
0.513542
0.517061
0.520416
0.520881
0.522676
0.53277
0.55367
0.530339
0.514888
0.509224
0.509172
0

0.5
0.500276
0.500241
0.500349
0.501759
0.50637
0.508412
0.508925
0.509562
0.511002
0.513515
0.516906
0.519939
0.520492
0.522301
0.532816
0.55541
0.530264
0.514417
0.508909
0.508875
0

0
0
0
0
0
0
0
0
0
0
0
0
0
0
0
0
0
0
0
0
0
0


0
0
0
0
0
0
0
0
0
0
0
0
0
0
0
0
0
0
0
0
0
0

0
0
0
0
0
0
0
0
0
0
0
0
0
0
0
0
0
0
0
0
0
0

0
0
0
0
0
0
0
0
0
0
0
0
0
0
0
0
0
0
0
0
0
0

0
0
0
0
0
0
0
0
0
0
0
0
0
0
0
0
0
0
0
0
0
0

0
0
0
0
0
0
0
0
0
0
0
0
0
0
0
0
0
0
0
0
0
0

0
0
0
0
0
0
0
0
0
0
0
0
0
0
0
0
0
0
0
0
0
0

0
0
0
0
0
0
0
0
0
0
0
0
0
0
0
0
0
0
0
0
0
0

0
0
0
0
0
0
0
0
0
0
0
0
0
0
0
0
0
0
0
0
0
0

0
0
0
0
0
0
0
0
0
0
0
0
0
0
0
0
0
0
0
0
0
0

0
0
0
0
0
0
0
0
0
0
0
0
0
0
0
0
0
0
0
0
0
0

0
0
0
0
0
0
0
0
0
0
0
0
0
0
0
0
0
0
0
0
0
0

0
0
0
0
0
0
0
0
0
0
0
0
0
0
0
0
0
0
0
0
0
0

0
0
0
0
0
0
0
0
0
0
0
0
0
0
0
0
0
0
0
0
0
0

0
0
0
0
0
0
0
0
0
0
0
0
0
0
0
0
0
0
0
0
0
0

0
0
0
0
0
0
0
0
0
0
0
0
0
0
0
0
0
0
0
0
0
0

0
0
0
0
0
0
0
0
0
0
0
0
0
0
0
0
0
0
0
0
0
0

0
0
0
0
0
0
0
0
0
0
0
0
0
0
0
0
0
0
0
0
0
0


